Survey,FIPS,FIPS,Region,Division,County,,1-unit,,,2-units,,,3-4 units,,,5+ units,,,1-unit rep,,,2-units rep,,,3-4 units rep,,, 5+units rep
Date,State,County,Code,Code,Name,Bldgs,Units,Value,Bldgs,Units,Value,Bldgs,Units,Value,Bldgs,Units,Value,Bldgs,Units,Value,Bldgs,Units,Value,Bldgs,Units,Value,Bldgs,Units,Value
 
200012,01,001,3,6,Autauga County                ,7,7,375300,0,0,0,0,0,0,0,0,0,7,7,375300,0,0,0,0,0,0,0,0,0
200012,01,081,3,6,Lee County                    ,26,26,3529466,0,0,0,0,0,0,1,12,448748,26,26,3529466,0,0,0,0,0,0,1,12,448748
200012,01,113,3,6,Russell County                ,1,1,200000,0,0,0,0,0,0,0,0,0,1,1,200000,0,0,0,0,0,0,0,0,0
200012,02,000,4,9,Alaska Balance of State       ,4,4,696929,0,0,0,0,0,0,0,0,0, , , , , , , , , , , , 
200012,02,013,4,9,Aleutians East Borough        ,0,0,0,0,0,0,0,0,0,0,0,0,0,0,0,0,0,0,0,0,0,0,0,0
200012,02,016,4,9,Aleutians West Census Area    ,1,1,226000,0,0,0,0,0,0,0,0,0,1,1,226000,0,0,0,0,0,0,0,0,0
200012,02,020,4,9,Anchorage Borough             ,43,43,7309640,8,16,2134691,0,0,0,0,0,0,43,43,7309640,8,16,2134691,0,0,0,0,0,0
200012,02,050,4,9,Bethel Census Area            ,1,1,100000,0,0,0,0,0,0,0,0,0,1,1,100000,0,0,0,0,0,0,0,0,0
200012,02,060,4,9,Bristol Bay Borough           ,0,0,0,0,0,0,0,0,0,0,0,0,0,0,0,0,0,0,0,0,0,0,0,0
200012,02,090,4,9,Fairbanks North Star Borough  ,0,0,0,0,0,0,0,0,0,0,0,0,0,0,0,0,0,0,0,0,0,0,0,0
200012,02,100,4,9,Haines Borough                ,0,0,0,0,0,0,0,0,0,0,0,0,0,0,0,0,0,0,0,0,0,0,0,0
200012,02,110,4,9,Juneau Borough                ,3,3,668979,0,0,0,0,0,0,0,0,0,3,3,668979,0,0,0,0,0,0,0,0,0
200012,02,122,4,9,Kenai Peninsula Borough       ,2,2,210967,0,0,0,1,3,235000,0,0,0,1,1,103667,0,0,0,1,3,235000,0,0,0
200012,02,130,4,9,Ketchikan Gateway Borough     ,2,2,245222,0,0,0,0,0,0,0,0,0, , , , , , , , , , , , 
200012,02,150,4,9,Kodiak Island Borough         ,3,3,362841,0,0,0,0,0,0,0,0,0,3,3,362841,0,0,0,0,0,0,0,0,0
200012,02,170,4,9,Matanuska-Susitna Borough     ,1,1,160180,0,0,0,0,0,0,0,0,0,1,1,160180,0,0,0,0,0,0,0,0,0
200012,02,180,4,9,Nome Census Area              ,1,1,139422,1,2,177900,0,0,0,0,0,0, , , , , , , , , , , , 
200012,02,185,4,9,North Slope Borough           ,0,0,0,0,0,0,0,0,0,0,0,0,0,0,0,0,0,0,0,0,0,0,0,0
200012,02,201,4,9,Prince of Wales-Outer Ketchika,0,0,0,0,0,0,0,0,0,0,0,0,0,0,0,0,0,0,0,0,0,0,0,0
200012,02,220,4,9,Sitka Borough                 ,1,1,91178,0,0,0,0,0,0,0,0,0, , , , , , , , , , , , 
200012,02,232,4,9,Skagway-Hoonah-Angoon Census A,2,2,123000,0,0,0,0,0,0,0,0,0,2,2,123000,0,0,0,0,0,0,0,0,0
200012,02,261,4,9,Valdez-Cordova Census Area    ,1,1,119483,0,0,0,0,0,0,0,0,0,0,0,0,0,0,0,0,0,0,0,0,0
200012,02,280,4,9,Wrangell-Petersburg Census Are,0,0,0,0,0,0,0,0,0,0,0,0,0,0,0,0,0,0,0,0,0,0,0,0
200012,02,282,4,9,Yakutat Borough               ,1,1,146250,0,0,0,0,0,0,0,0,0, , , , , , , , , , , , 
200012,04,013,4,8,Maricopa County               ,2041,2041,277872461,8,16,1420162,4,14,1201881,23,293,17655524,1255,1255,185422660,7,14,1265903,3,10,815368,8,104,6826310
200012,04,015,4,8,Mohave County                 ,136,136,12555597,3,6,380762,0,0,0,0,0,0,135,135,12431203,3,6,380762,0,0,0,0,0,0
200012,04,021,4,8,Pinal County                  ,145,145,17221218,0,0,0,1,4,60000,4,46,1868280,145,145,17221218,0,0,0,1,4,60000,4,46,1868280
200012,05,023,3,7,Cleburne County               ,2,2,153059,0,0,0,0,0,0,0,0,0, , , , , , , , , , , , 
200012,05,035,3,7,Crittenden County             ,54,54,2215000,0,0,0,0,0,0,0,0,0,54,54,2215000,0,0,0,0,0,0,0,0,0
200012,05,043,3,7,Drew County                   ,0,0,0,0,0,0,0,0,0,0,0,0,0,0,0,0,0,0,0,0,0,0,0,0
200012,05,055,3,7,Greene County                 ,3,3,319000,0,0,0,0,0,0,0,0,0,3,3,319000,0,0,0,0,0,0,0,0,0
200012,05,061,3,7,Howard County                 ,1,1,79133,0,0,0,0,0,0,0,0,0,0,0,0,0,0,0,0,0,0,0,0,0
200012,05,071,3,7,Johnson County                ,2,2,102200,0,0,0,0,0,0,0,0,0, , , , , , , , , , , , 
200012,06,001,4,9,Alameda County                ,157,157,49983484,1,2,163795,0,0,0,0,0,0,157,157,49983484,1,2,163795,0,0,0,0,0,0
200012,06,013,4,9,Contra Costa County           ,359,359,67040787,0,0,0,0,0,0,18,305,21209884,304,304,57089475,0,0,0,0,0,0,17,286,19884849
200012,06,017,4,9,El Dorado County              ,111,111,16249648,0,0,0,0,0,0,0,0,0,111,111,16249648,0,0,0,0,0,0,0,0,0
200012,06,019,4,9,Fresno County                 ,236,236,35198574,0,0,0,0,0,0,3,48,3202930,234,234,35039267,0,0,0,0,0,0,3,48,3202930
200012,06,027,4,9,Inyo County                   ,1,1,210562,0,0,0,0,0,0,0,0,0,0,0,0,0,0,0,0,0,0,0,0,0
200012,06,037,4,9,Los Angeles County            ,825,825,154797714,25,50,4435886,14,50,4280162,40,785,52010009,778,778,142735142,23,46,4159395,13,47,3925127,32,729,47497376
200012,06,039,4,9,Madera County                 ,50,50,6176230,0,0,0,10,40,2453082,0,0,0,50,50,6176230,0,0,0,10,40,2453082,0,0,0
200012,06,041,4,9,Marin County                  ,57,57,18374111,0,0,0,0,0,0,0,0,0,55,55,17292320,0,0,0,0,0,0,0,0,0
200012,06,043,4,9,Mariposa County               ,2,2,184559,0,0,0,0,0,0,0,0,0,2,2,184559,0,0,0,0,0,0,0,0,0
200012,06,055,4,9,Napa County                   ,66,66,17275110,0,0,0,0,0,0,0,0,0,66,66,17275110,0,0,0,0,0,0,0,0,0
200012,06,057,4,9,Nevada County                 ,32,32,5115742,0,0,0,0,0,0,0,0,0,11,11,1916899,0,0,0,0,0,0,0,0,0
200012,06,059,4,9,Orange County                 ,420,420,104376763,5,10,1554716,1,4,474269,24,313,20557192,357,357,87301736,3,6,949973,1,4,474269,21,231,13643210
200012,06,061,4,9,Placer County                 ,382,382,75212547,0,0,0,0,0,0,1,22,1488665,311,311,62117147,0,0,0,0,0,0,0,0,0
200012,06,065,4,9,Riverside County              ,1088,1088,183775885,1,2,275654,21,83,6773852,5,98,12308745,1061,1061,178315915,1,2,275654,20,80,6456032,5,98,12308745
200012,06,067,4,9,Sacramento County             ,485,485,77645537,0,0,0,14,56,2603664,3,380,25273345,485,485,77645537,0,0,0,14,56,2603664,3,380,25273345
200012,06,071,4,9,San Bernardino County         ,579,579,103503054,1,2,156822,2,6,438058,0,0,0,546,546,98147334,1,2,156822,0,0,0,0,0,0
200012,06,073,4,9,San Diego County              ,667,667,142896117,0,0,0,28,97,9448501,30,555,56710863,658,658,141167504,0,0,0,28,97,9448501,30,555,56710863
200012,06,075,4,9,San Francisco County          ,3,3,816000,2,4,1041000,2,6,1177800,4,43,4062220,3,3,816000,2,4,1041000,2,6,1177800,4,43,4062220
200012,06,077,4,9,San Joaquin County            ,560,560,92834319,0,0,0,0,0,0,0,0,0,463,463,78710234,0,0,0,0,0,0,0,0,0
200012,06,079,4,9,San Luis Obispo County        ,117,117,18662459,0,0,0,0,0,0,1,5,238822,56,56,9522373,0,0,0,0,0,0,0,0,0
200012,06,081,4,9,San Mateo County              ,37,37,11868508,1,2,500000,0,0,0,0,0,0,24,24,8424169,1,2,500000,0,0,0,0,0,0
200012,06,085,4,9,Santa Clara County            ,180,180,38294482,2,4,361687,3,10,1275055,10,502,32826268,169,169,35377777,2,4,361687,1,4,326147,7,445,28619431
200012,06,087,4,9,Santa Cruz County             ,44,44,12094937,0,0,0,0,0,0,0,0,0,44,44,12094937,0,0,0,0,0,0,0,0,0
200012,06,089,4,9,Shasta County                 ,63,63,9856508,0,0,0,0,0,0,0,0,0,60,60,9573493,0,0,0,0,0,0,0,0,0
200012,06,095,4,9,Solano County                 ,237,237,39667790,0,0,0,0,0,0,12,120,6018012,237,237,39667790,0,0,0,0,0,0,12,120,6018012
200012,06,097,4,9,Sonoma County                 ,137,137,25946549,34,68,4810229,5,17,807871,8,146,8437265,113,113,22795129,34,68,4810229,5,17,807871,8,146,8437265
200012,06,105,4,9,Trinity County                ,2,2,239289,0,0,0,0,0,0,0,0,0, , , , , , , , , , , , 
200012,06,111,4,9,Ventura County                ,204,204,45862089,1,2,361555,2,7,1148286,2,36,6663043,204,204,45862089,1,2,361555,2,7,1148286,2,36,6663043
200012,06,113,4,9,Yolo County                   ,155,155,22795658,0,0,0,0,0,0,0,0,0,155,155,22795658,0,0,0,0,0,0,0,0,0
200012,08,001,4,8,Adams County                  ,325,325,41495325,4,8,540342,1,3,297721,22,385,27183098,260,260,35949986,2,4,402195,1,3,297721,21,380,25525202
200012,08,005,4,8,Arapahoe County               ,272,272,37452815,5,10,388510,0,0,0,31,876,48922651,245,245,31698806,0,0,0,0,0,0,31,876,48922651
200012,08,013,4,8,Boulder County                ,265,265,37660101,0,0,0,1,3,264336,0,0,0,237,237,34764419,0,0,0,1,3,264336,0,0,0
200012,08,015,4,8,Chaffee County                ,12,12,1053779,0,0,0,0,0,0,0,0,0,12,12,1053779,0,0,0,0,0,0,0,0,0
200012,08,031,4,8,Denver County                 ,99,99,10669440,7,14,1820000,0,0,0,1,14,2675194,99,99,10669440,7,14,1820000,0,0,0,1,14,2675194
200012,08,035,4,8,Douglas County                ,300,300,53454270,0,0,0,0,0,0,1,5,351930,269,269,49665259,0,0,0,0,0,0,0,0,0
200012,08,059,4,8,Jefferson County              ,102,102,14524612,0,0,0,0,0,0,6,144,9008258,101,101,14452598,0,0,0,0,0,0,6,144,9008258
200012,08,069,4,8,Larimer County                ,182,182,24316650,3,6,600228,1,4,263633,6,79,4228478,7,7,935036,1,2,282345,0,0,0,0,0,0
200012,08,077,4,8,Mesa County                   ,61,61,6226405,0,0,0,1,4,242338,3,59,3067077,61,61,6226405,0,0,0,1,4,242338,3,59,3067077
200012,08,101,4,8,Pueblo County                 ,72,72,6995032,6,12,396856,0,0,0,0,0,0,72,72,6995032,6,12,396856,0,0,0,0,0,0
200012,08,107,4,8,Routt County                  ,7,7,1665233,0,0,0,2,8,1939388,1,30,3000000,7,7,1665233,0,0,0,2,8,1939388,1,30,3000000
200012,08,113,4,8,San Miguel County             ,4,4,3758585,0,0,0,1,3,400000,0,0,0,2,2,1584875,0,0,0,0,0,0,0,0,0
200012,08,123,4,8,Weld County                   ,263,263,35820980,1,2,113779,4,15,704258,1,10,797484,190,190,27947135,1,2,113779,3,12,512256,0,0,0
200012,09,001,1,1,Fairfield County              ,158,158,32905501,1,2,165000,1,3,472724,0,0,0,140,140,24861879,1,2,165000,1,3,472724,0,0,0
200012,09,003,1,1,Hartford County               ,102,102,12891598,0,0,0,0,0,0,0,0,0,93,93,11724681,0,0,0,0,0,0,0,0,0
200012,09,005,1,1,Litchfield County             ,48,48,8689854,0,0,0,0,0,0,1,5,100000,43,43,7988273,0,0,0,0,0,0,1,5,100000
200012,09,007,1,1,Middlesex County              ,48,48,6105424,0,0,0,0,0,0,1,5,54501,30,30,4130710,0,0,0,0,0,0,0,0,0
200012,09,009,1,1,New Haven County              ,109,109,13733831,0,0,0,0,0,0,2,14,751098,98,98,12449390,0,0,0,0,0,0,1,6,376386
200012,09,011,1,1,New London County             ,54,54,7629833,0,0,0,0,0,0,0,0,0,52,52,7457101,0,0,0,0,0,0,0,0,0
200012,09,013,1,1,Tolland County                ,28,28,3020366,0,0,0,0,0,0,0,0,0,28,28,3020366,0,0,0,0,0,0,0,0,0
200012,09,015,1,1,Windham County                ,22,22,2090140,0,0,0,0,0,0,0,0,0,19,19,1852749,0,0,0,0,0,0,0,0,0
200012,10,001,3,5,Kent County                   ,88,88,7150347,0,0,0,0,0,0,0,0,0,86,86,6976473,0,0,0,0,0,0,0,0,0
200012,10,003,3,5,New Castle County             ,145,145,11958134,0,0,0,0,0,0,2,20,496820,0,0,0,0,0,0,0,0,0,0,0,0
200012,10,005,3,5,Sussex County                 ,113,113,14566378,0,0,0,0,0,0,0,0,0,113,113,14566378,0,0,0,0,0,0,0,0,0
200012,11,001,3,5,Washington  DC                ,4,4,466602,1,2,122459,0,0,0,1,49,2552411,4,4,466602,1,2,122459,0,0,0,1,49,2552411
200012,12,001,3,5,Alachua County                ,68,68,7026105,0,0,0,0,0,0,9,108,6945645,62,62,6549473,0,0,0,0,0,0,9,108,6945645
200012,12,003,3,5,Baker County                  ,11,11,916862,0,0,0,0,0,0,0,0,0,11,11,916862,0,0,0,0,0,0,0,0,0
200012,12,005,3,5,Bay County                    ,80,80,10483724,2,4,244918,0,0,0,1,6,312540,80,80,10483724,2,4,244918,0,0,0,1,6,312540
200012,12,007,3,5,Bradford County               ,9,9,642945,0,0,0,0,0,0,0,0,0,9,9,642945,0,0,0,0,0,0,0,0,0
200012,12,009,3,5,Brevard County                ,241,241,30221729,0,0,0,1,4,240000,2,34,2133742,124,124,15904997,0,0,0,1,4,240000,1,16,1100000
200012,12,011,3,5,Broward County                ,660,660,88589869,7,14,855695,7,27,2535834,13,267,18389020,660,660,88589869,7,14,855695,7,27,2535834,13,267,18389020
200012,12,013,3,5,Calhoun County                ,1,1,61355,0,0,0,0,0,0,0,0,0, , , , , , , , , , , , 
200012,12,015,3,5,Charlotte County              ,87,87,12668372,3,6,695000,0,0,0,0,0,0,87,87,12668372,3,6,695000,0,0,0,0,0,0
200012,12,017,3,5,Citrus County                 ,51,51,3161366,0,0,0,0,0,0,0,0,0,3,3,180000,0,0,0,0,0,0,0,0,0
200012,12,019,3,5,Clay County                   ,102,102,11416301,0,0,0,1,4,254494,0,0,0,102,102,11416301,0,0,0,1,4,254494,0,0,0
200012,12,021,3,5,Collier County                ,275,275,41958814,2,4,193000,14,47,5282000,10,117,9151048,268,268,35915155,2,4,193000,14,47,5282000,9,107,7857000
200012,12,023,3,5,Columbia County               ,12,12,729390,0,0,0,0,0,0,0,0,0,0,0,0,0,0,0,0,0,0,0,0,0
200012,12,027,3,5,DeSoto County                 ,4,4,430262,0,0,0,0,0,0,1,10,377266, , , , , , , , , , , , 
200012,12,029,3,5,Dixie County                  ,2,2,341968,0,0,0,0,0,0,0,0,0,2,2,341968,0,0,0,0,0,0,0,0,0
200012,12,031,3,5,Duval County                  ,226,226,29603297,1,2,110000,0,0,0,0,0,0,226,226,29603297,1,2,110000,0,0,0,0,0,0
200012,12,033,3,5,Escambia County               ,107,107,12748351,1,2,122459,0,0,0,0,0,0,107,107,12748351,1,2,122459,0,0,0,0,0,0
200012,12,037,3,5,Franklin County               ,5,5,922474,0,0,0,0,0,0,0,0,0, , , , , , , , , , , , 
200012,12,039,3,5,Gadsden County                ,8,8,1280362,0,0,0,0,0,0,0,0,0,8,8,1280362,0,0,0,0,0,0,0,0,0
200012,12,041,3,5,Gilchrist County              ,5,5,418500,0,0,0,0,0,0,0,0,0,5,5,418500,0,0,0,0,0,0,0,0,0
200012,12,045,3,5,Gulf County                   ,7,7,1162716,0,0,0,0,0,0,0,0,0,7,7,1162716,0,0,0,0,0,0,0,0,0
200012,12,047,3,5,Hamilton County               ,4,4,309000,0,0,0,0,0,0,0,0,0,4,4,309000,0,0,0,0,0,0,0,0,0
200012,12,049,3,5,Hardee County                 ,4,4,798100,0,0,0,0,0,0,0,0,0,4,4,798100,0,0,0,0,0,0,0,0,0
200012,12,051,3,5,Hendry County                 ,1,1,33024,0,0,0,0,0,0,0,0,0,1,1,33024,0,0,0,0,0,0,0,0,0
200012,12,053,3,5,Hernando County               ,81,81,9505490,1,2,151110,2,8,500000,0,0,0,75,75,9002874,1,2,151110,2,8,500000,0,0,0
200012,12,055,3,5,Highlands County              ,34,34,3028715,0,0,0,0,0,0,0,0,0,34,34,3028715,0,0,0,0,0,0,0,0,0
200012,12,057,3,5,Hillsborough County           ,555,555,52680526,17,34,1999749,0,0,0,41,938,69314994,555,555,52680526,17,34,1999749,0,0,0,41,938,69314994
200012,12,059,3,5,Holmes County                 ,0,0,0,0,0,0,0,0,0,0,0,0,0,0,0,0,0,0,0,0,0,0,0,0
200012,12,061,3,5,Indian River County           ,63,63,16764135,1,2,398647,0,0,0,1,9,793305,29,29,10572455,0,0,0,0,0,0,0,0,0
200012,12,063,3,5,Jackson County                ,6,6,430465,0,0,0,0,0,0,0,0,0,6,6,430465,0,0,0,0,0,0,0,0,0
200012,12,065,3,5,Jefferson County              ,6,6,791850,0,0,0,0,0,0,0,0,0,6,6,791850,0,0,0,0,0,0,0,0,0
200012,12,067,3,5,Lafayette County              ,1,1,57880,0,0,0,0,0,0,0,0,0,1,1,57880,0,0,0,0,0,0,0,0,0
200012,12,069,3,5,Lake County                   ,270,270,31654488,0,0,0,0,0,0,1,6,507232,259,259,30355827,0,0,0,0,0,0,1,6,507232
200012,12,071,3,5,Lee County                    ,270,270,38644706,8,16,1166607,8,30,3506582,18,222,17829076,155,155,28300537,7,14,1059870,7,27,3398242,17,209,17382885
200012,12,073,3,5,Leon County                   ,68,68,8796353,3,6,367377,0,0,0,0,0,0,68,68,8796353,3,6,367377,0,0,0,0,0,0
200012,12,075,3,5,Levy County                   ,11,11,1275893,0,0,0,0,0,0,0,0,0,10,10,1090060,0,0,0,0,0,0,0,0,0
200012,12,077,3,5,Liberty County                ,2,2,218012,0,0,0,0,0,0,0,0,0,2,2,218012,0,0,0,0,0,0,0,0,0
200012,12,079,3,5,Madison County                ,2,2,183739,0,0,0,0,0,0,0,0,0,1,1,148998,0,0,0,0,0,0,0,0,0
200012,12,081,3,5,Manatee County                ,197,197,29033709,0,0,0,0,0,0,2,10,791926,197,197,29033709,0,0,0,0,0,0,2,10,791926
200012,12,083,3,5,Marion County                 ,200,200,28719762,0,0,0,0,0,0,0,0,0,200,200,28719762,0,0,0,0,0,0,0,0,0
200012,12,085,3,5,Martin County                 ,67,67,16518734,0,0,0,0,0,0,0,0,0,67,67,16518734,0,0,0,0,0,0,0,0,0
200012,12,086,3,5,Miami-Dade County             ,440,440,38253164,3,6,305000,7,28,2301483,48,1220,40853105,438,438,37856043,3,6,305000,7,28,2301483,48,1220,40853105
200012,12,089,3,5,Nassau County                 ,34,34,5464083,0,0,0,0,0,0,0,0,0,34,34,5464083,0,0,0,0,0,0,0,0,0
200012,12,091,3,5,Okaloosa County               ,77,77,7900136,0,0,0,0,0,0,1,10,644054,19,19,3111155,0,0,0,0,0,0,0,0,0
200012,12,093,3,5,Okeechobee County             ,11,11,1072685,0,0,0,0,0,0,0,0,0,11,11,1072685,0,0,0,0,0,0,0,0,0
200012,12,095,3,5,Orange County                 ,412,412,49835139,1,2,168264,0,0,0,26,298,11542800,412,412,49835139,1,2,168264,0,0,0,26,298,11542800
200012,12,097,3,5,Osceola County                ,230,230,29063618,0,0,0,0,0,0,3,88,9013180,230,230,29063618,0,0,0,0,0,0,3,88,9013180
200012,12,099,3,5,Palm Beach County             ,509,509,72424022,0,0,0,1,4,293400,5,85,6088776,503,503,69629968,0,0,0,1,4,293400,4,80,5410205
200012,12,101,3,5,Pasco County                  ,208,208,22294460,6,12,851202,3,10,525024,5,144,5688250,207,207,22214098,6,12,851202,3,10,525024,5,144,5688250
200012,12,103,3,5,Pinellas County               ,127,127,21996035,0,0,0,0,0,0,2,15,6396348,107,107,19928457,0,0,0,0,0,0,1,10,6052926
200012,12,105,3,5,Polk County                   ,244,244,19998546,0,0,0,0,0,0,0,0,0,244,244,19998546,0,0,0,0,0,0,0,0,0
200012,12,107,3,5,Putnam County                 ,8,8,629455,0,0,0,0,0,0,1,5,218500, , , , , , , , , , , , 
200012,12,109,3,5,St. Johns County              ,130,130,24980699,0,0,0,0,0,0,3,52,2302390,129,129,24856449,0,0,0,0,0,0,0,0,0
200012,12,111,3,5,St. Lucie County              ,129,129,13701630,0,0,0,0,0,0,0,0,0,129,129,13701630,0,0,0,0,0,0,0,0,0
200012,12,113,3,5,Santa Rosa County             ,53,53,6182476,0,0,0,0,0,0,0,0,0,53,53,6182476,0,0,0,0,0,0,0,0,0
200012,12,115,3,5,Sarasota County               ,201,201,36644444,6,12,1535536,1,4,424123,2,17,4352059,197,197,36037638,6,12,1535536,1,4,424123,1,7,4216545
200012,12,117,3,5,Seminole County               ,130,130,22929526,5,10,894840,1,4,402707,0,0,0,114,114,20925454,5,10,894840,1,4,402707,0,0,0
200012,12,119,3,5,Sumter County                 ,122,122,12994503,0,0,0,0,0,0,0,0,0,122,122,12994503,0,0,0,0,0,0,0,0,0
200012,12,121,3,5,Suwannee County               ,9,9,964562,0,0,0,0,0,0,0,0,0,9,9,964562,0,0,0,0,0,0,0,0,0
200012,12,123,3,5,Taylor County                 ,3,3,210000,0,0,0,0,0,0,0,0,0,3,3,210000,0,0,0,0,0,0,0,0,0
200012,12,125,3,5,Union County                  ,2,2,113940,0,0,0,0,0,0,0,0,0,2,2,113940,0,0,0,0,0,0,0,0,0
200012,12,127,3,5,Volusia County                ,288,288,36711726,0,0,0,8,32,1578792,2,46,8629374,268,268,33878966,0,0,0,8,32,1578792,2,46,8629374
200012,12,129,3,5,Wakulla County                ,18,18,1226460,0,0,0,0,0,0,0,0,0, , , , , , , , , , , , 
200012,12,131,3,5,Walton County                 ,70,70,25927105,1,2,178000,0,0,0,1,196,32000000,70,70,25927105,1,2,178000,0,0,0,1,196,32000000
200012,12,133,3,5,Washington County             ,6,6,361680,0,0,0,0,0,0,0,0,0,6,6,361680,0,0,0,0,0,0,0,0,0
200012,13,009,3,5,Baldwin County                ,5,5,544526,0,0,0,0,0,0,0,0,0,0,0,0,0,0,0,0,0,0,0,0,0
200012,13,013,3,5,Barrow County                 ,44,44,3031578,0,0,0,0,0,0,0,0,0,44,44,3031578,0,0,0,0,0,0,0,0,0
200012,13,015,3,5,Bartow County                 ,51,51,8153536,1,2,122459,0,0,0,0,0,0,45,45,7482822,1,2,122459,0,0,0,0,0,0
200012,13,027,3,5,Brooks County                 ,0,0,0,0,0,0,0,0,0,0,0,0,0,0,0,0,0,0,0,0,0,0,0,0
200012,13,035,3,5,Butts County                  ,21,21,1719898,0,0,0,0,0,0,0,0,0,21,21,1719898,0,0,0,0,0,0,0,0,0
200012,13,039,3,5,Camden County                 ,29,29,2409531,0,0,0,0,0,0,0,0,0,14,14,1348398,0,0,0,0,0,0,0,0,0
200012,13,045,3,5,Carroll County                ,117,117,8936840,1,2,48110,1,3,90000,3,22,660000,117,117,8936840,1,2,48110,1,3,90000,3,22,660000
200012,13,047,3,5,Catoosa County                ,20,20,2241373,0,0,0,0,0,0,1,6,298020,17,17,1983058,0,0,0,0,0,0,0,0,0
200012,13,057,3,5,Cherokee County               ,171,171,19964570,0,0,0,0,0,0,6,174,15149312,171,171,19964570,0,0,0,0,0,0,6,174,15149312
200012,13,063,3,5,Clayton County                ,153,153,16694966,0,0,0,0,0,0,0,0,0,153,153,16694966,0,0,0,0,0,0,0,0,0
200012,13,067,3,5,Cobb County                   ,330,330,42315103,0,0,0,0,0,0,1,6,203184,283,283,37403071,0,0,0,0,0,0,1,6,203184
200012,13,069,3,5,Coffee County                 ,6,6,559782,0,0,0,0,0,0,0,0,0, , , , , , , , , , , , 
200012,13,077,3,5,Coweta County                 ,94,94,11931162,1,2,170000,0,0,0,0,0,0,91,91,11726675,1,2,170000,0,0,0,0,0,0
200012,13,085,3,5,Dawson County                 ,15,15,2097000,0,0,0,0,0,0,0,0,0,15,15,2097000,0,0,0,0,0,0,0,0,0
200012,13,087,3,5,Decatur County                ,4,4,332000,0,0,0,0,0,0,0,0,0,4,4,332000,0,0,0,0,0,0,0,0,0
200012,13,089,3,5,DeKalb County                 ,250,250,29249251,0,0,0,0,0,0,17,500,26825780,246,246,28696023,0,0,0,0,0,0,16,487,25367836
200012,13,091,3,5,Dodge County                  ,2,2,135000,0,0,0,0,0,0,0,0,0,2,2,135000,0,0,0,0,0,0,0,0,0
200012,13,095,3,5,Dougherty County              ,3,3,342936,0,0,0,0,0,0,0,0,0,3,3,342936,0,0,0,0,0,0,0,0,0
200012,13,097,3,5,Douglas County                ,73,73,4094250,2,4,120000,0,0,0,0,0,0,73,73,4094250,2,4,120000,0,0,0,0,0,0
200012,13,113,3,5,Fayette County                ,58,58,11463428,0,0,0,0,0,0,0,0,0,58,58,11463428,0,0,0,0,0,0,0,0,0
200012,13,115,3,5,Floyd County                  ,9,9,1469500,0,0,0,0,0,0,0,0,0,9,9,1469500,0,0,0,0,0,0,0,0,0
200012,13,117,3,5,Forsyth County                ,172,172,20969570,0,0,0,0,0,0,0,0,0,172,172,20969570,0,0,0,0,0,0,0,0,0
200012,13,121,3,5,Fulton County                 ,209,209,25493619,5,10,561322,1,4,256086,18,482,24913868,181,181,20920487,4,8,489836,0,0,0,17,464,24169765
200012,13,123,3,5,Gilmer County                 ,30,30,2318679,0,0,0,0,0,0,0,0,0,3,3,310000,0,0,0,0,0,0,0,0,0
200012,13,127,3,5,Glynn County                  ,43,43,6668590,0,0,0,0,0,0,0,0,0,43,43,6668590,0,0,0,0,0,0,0,0,0
200012,13,129,3,5,Gordon County                 ,12,12,1045025,0,0,0,0,0,0,1,5,91667,9,9,739000,0,0,0,0,0,0,0,0,0
200012,13,133,3,5,Greene County                 ,10,10,2060000,0,0,0,0,0,0,0,0,0,10,10,2060000,0,0,0,0,0,0,0,0,0
200012,13,135,3,5,Gwinnett County               ,735,735,63926607,0,0,0,0,0,0,18,525,28918784,729,729,63639684,0,0,0,0,0,0,18,525,28918784
200012,13,143,3,5,Haralson County               ,7,7,721866,0,0,0,0,0,0,0,0,0,0,0,0,0,0,0,0,0,0,0,0,0
200012,13,145,3,5,Harris County                 ,10,10,1931831,0,0,0,0,0,0,0,0,0,10,10,1931831,0,0,0,0,0,0,0,0,0
200012,13,151,3,5,Henry County                  ,172,172,16815505,0,0,0,0,0,0,0,0,0,172,172,16815505,0,0,0,0,0,0,0,0,0
200012,13,157,3,5,Jackson County                ,40,40,5163100,0,0,0,0,0,0,0,0,0,40,40,5163100,0,0,0,0,0,0,0,0,0
200012,13,169,3,5,Jones County                  ,7,7,825000,2,4,160000,0,0,0,0,0,0,7,7,825000,2,4,160000,0,0,0,0,0,0
200012,13,173,3,5,Lanier County                 ,2,2,130000,0,0,0,0,0,0,0,0,0,2,2,130000,0,0,0,0,0,0,0,0,0
200012,13,177,3,5,Lee County                    ,18,18,2062882,0,0,0,0,0,0,0,0,0, , , , , , , , , , , , 
200012,13,179,3,5,Liberty County                ,12,12,1266794,0,0,0,0,0,0,2,24,829440,12,12,1266794,0,0,0,0,0,0,2,24,829440
200012,13,211,3,5,Morgan County                 ,18,18,1739745,0,0,0,0,0,0,0,0,0,18,18,1739745,0,0,0,0,0,0,0,0,0
200012,13,213,3,5,Murray County                 ,7,7,763042,0,0,0,0,0,0,1,13,619346,7,7,763042,0,0,0,0,0,0,1,13,619346
200012,13,215,3,5,Muscogee County               ,27,27,2847634,0,0,0,0,0,0,0,0,0,27,27,2847634,0,0,0,0,0,0,0,0,0
200012,13,217,3,5,Newton County                 ,100,100,12269351,0,0,0,0,0,0,1,14,742028,1,1,106172,0,0,0,0,0,0,0,0,0
200012,13,223,3,5,Paulding County               ,115,115,8675094,0,0,0,0,0,0,0,0,0,115,115,8675094,0,0,0,0,0,0,0,0,0
200012,13,227,3,5,Pickens County                ,23,23,3947000,0,0,0,0,0,0,0,0,0,23,23,3947000,0,0,0,0,0,0,0,0,0
200012,13,237,3,5,Putnam County                 ,10,10,1493286,0,0,0,0,0,0,0,0,0, , , , , , , , , , , , 
200012,13,239,3,5,Quitman County                ,0,0,0,0,0,0,0,0,0,0,0,0,0,0,0,0,0,0,0,0,0,0,0,0
200012,13,247,3,5,Rockdale County               ,33,33,3849466,0,0,0,0,0,0,0,0,0,33,33,3849466,0,0,0,0,0,0,0,0,0
200012,13,255,3,5,Spalding County               ,16,16,1420970,0,0,0,0,0,0,0,0,0,16,16,1420970,0,0,0,0,0,0,0,0,0
200012,13,257,3,5,Stephens County               ,6,6,618500,0,0,0,0,0,0,0,0,0,6,6,618500,0,0,0,0,0,0,0,0,0
200012,13,291,3,5,Union County                  ,21,21,1990000,0,0,0,0,0,0,0,0,0,21,21,1990000,0,0,0,0,0,0,0,0,0
200012,13,293,3,5,Upson County                  ,4,4,155000,0,0,0,0,0,0,0,0,0,4,4,155000,0,0,0,0,0,0,0,0,0
200012,13,297,3,5,Walton County                 ,69,69,7434718,1,2,111384,2,8,200000,0,0,0,69,69,7434718,1,2,111384,2,8,200000,0,0,0
200012,13,313,3,5,Whitfield County              ,19,19,1241083,1,2,65000,1,3,74880,1,5,84000,8,8,670000,1,2,65000,0,0,0,0,0,0
200012,15,001,4,9,Hawaii County                 ,51,51,7670813,0,0,0,0,0,0,1,5,252760, , , , , , , , , , , , 
200012,15,003,4,9,Honolulu County               ,174,174,27203048,0,0,0,0,0,0,0,0,0,174,174,27203048,0,0,0,0,0,0,0,0,0
200012,15,007,4,9,Kauai County                  ,22,22,6837600,0,0,0,0,0,0,0,0,0,22,22,6837600,0,0,0,0,0,0,0,0,0
200012,15,009,4,9,Maui County                   ,62,62,9028031,2,4,361687,0,0,0,0,0,0,62,62,9028031,2,4,361687,0,0,0,0,0,0
200012,16,017,4,8,Bonner County                 ,1,1,103563,0,0,0,0,0,0,0,0,0,1,1,103563,0,0,0,0,0,0,0,0,0
200012,16,019,4,8,Bonneville County             ,19,19,1988936,2,4,247102,0,0,0,0,0,0,19,19,1988936,2,4,247102,0,0,0,0,0,0
200012,17,009,2,3,Brown County                  ,0,0,0,0,0,0,0,0,0,0,0,0,0,0,0,0,0,0,0,0,0,0,0,0
200012,17,023,2,3,Clark County                  ,1,1,80000,0,0,0,0,0,0,0,0,0,1,1,80000,0,0,0,0,0,0,0,0,0
200012,17,027,2,3,Clinton County                ,8,8,1262021,5,10,825418,0,0,0,0,0,0,8,8,1262021,5,10,825418,0,0,0,0,0,0
200012,17,031,2,3,Cook County                   ,189,189,38717369,9,18,2503088,12,42,3952260,23,294,25380861,131,131,29753359,5,10,1555000,3,10,769986,5,48,4245682
200012,17,037,2,3,DeKalb County                 ,13,13,2100244,1,2,106000,0,0,0,0,0,0,10,10,1585750,1,2,106000,0,0,0,0,0,0
200012,17,043,2,3,DuPage County                 ,119,119,28869178,0,0,0,0,0,0,0,0,0,103,103,25025501,0,0,0,0,0,0,0,0,0
200012,17,063,2,3,Grundy County                 ,4,4,489568,1,2,149500,3,10,870000,0,0,0,1,1,150000,0,0,0,1,4,465000,0,0,0
200012,17,083,2,3,Jersey County                 ,5,5,500506,0,0,0,0,0,0,0,0,0,1,1,39726,0,0,0,0,0,0,0,0,0
200012,17,089,2,3,Kane County                   ,177,177,33610623,0,0,0,6,21,1511699,4,24,1797216,176,176,33489575,0,0,0,6,21,1511699,4,24,1797216
200012,17,091,2,3,Kankakee County               ,8,8,1096579,0,0,0,0,0,0,1,5,432000,5,5,718172,0,0,0,0,0,0,0,0,0
200012,17,093,2,3,Kendall County                ,25,25,3667810,0,0,0,0,0,0,1,6,480000,7,7,1535000,0,0,0,0,0,0,1,6,480000
200012,17,097,2,3,Lake County                   ,190,190,35627630,0,0,0,0,0,0,2,25,2158551,169,169,31906788,0,0,0,0,0,0,0,0,0
200012,17,109,2,3,McDonough County              ,0,0,0,0,0,0,0,0,0,0,0,0,0,0,0,0,0,0,0,0,0,0,0,0
200012,17,111,2,3,McHenry County                ,180,180,22470665,1,2,203000,0,0,0,0,0,0,172,172,21462535,0,0,0,0,0,0,0,0,0
200012,17,119,2,3,Madison County                ,38,38,5108955,0,0,0,1,4,150000,1,5,188995,33,33,4534542,0,0,0,1,4,150000,1,5,188995
200012,17,133,2,3,Monroe County                 ,7,7,1145220,2,4,330167,0,0,0,0,0,0,4,4,709374,2,4,330167,0,0,0,0,0,0
200012,17,163,2,3,St. Clair County              ,71,71,7452471,0,0,0,0,0,0,0,0,0,54,54,5384837,0,0,0,0,0,0,0,0,0
200012,17,197,2,3,Will County                   ,266,266,32689907,1,2,156800,1,3,203467,3,15,935363,254,254,31609016,0,0,0,1,3,203467,2,10,657377
200012,18,003,2,3,Allen County                  ,81,81,12988055,1,2,184084,0,0,0,0,0,0,81,81,12988055,1,2,184084,0,0,0,0,0,0
200012,18,011,2,3,Boone County                  ,40,40,7113208,0,0,0,0,0,0,0,0,0,40,40,7113208,0,0,0,0,0,0,0,0,0
200012,18,013,2,3,Brown County                  ,6,6,390476,0,0,0,0,0,0,0,0,0, , , , , , , , , , , , 
200012,18,019,2,3,Clark County                  ,59,59,6274282,0,0,0,0,0,0,0,0,0,37,37,4267509,0,0,0,0,0,0,0,0,0
200012,18,027,2,3,Daviess County                ,0,0,0,0,0,0,0,0,0,0,0,0,0,0,0,0,0,0,0,0,0,0,0,0
200012,18,029,2,3,Dearborn County               ,16,16,1916901,0,0,0,1,3,223125,1,5,304375, , , , , , , , , , , , 
200012,18,031,2,3,Decatur County                ,4,4,254700,0,0,0,0,0,0,0,0,0,3,3,143114,0,0,0,0,0,0,0,0,0
200012,18,033,2,3,De Kalb County                ,15,15,1716138,0,0,0,0,0,0,0,0,0,15,15,1716138,0,0,0,0,0,0,0,0,0
200012,18,041,2,3,Fayette County                ,3,3,180000,0,0,0,0,0,0,0,0,0,3,3,180000,0,0,0,0,0,0,0,0,0
200012,18,043,2,3,Floyd County                  ,19,19,2372000,0,0,0,0,0,0,0,0,0,19,19,2372000,0,0,0,0,0,0,0,0,0
200012,18,047,2,3,Franklin County               ,1,1,179000,0,0,0,0,0,0,0,0,0,1,1,179000,0,0,0,0,0,0,0,0,0
200012,18,057,2,3,Hamilton County               ,230,230,43078494,0,0,0,0,0,0,0,0,0,203,203,39256825,0,0,0,0,0,0,0,0,0
200012,18,059,2,3,Hancock County                ,28,28,4362024,0,0,0,0,0,0,0,0,0,28,28,4362024,0,0,0,0,0,0,0,0,0
200012,18,061,2,3,Harrison County               ,4,4,659000,0,0,0,0,0,0,0,0,0,4,4,659000,0,0,0,0,0,0,0,0,0
200012,18,063,2,3,Hendricks County              ,87,87,11549035,1,2,140350,0,0,0,0,0,0,73,73,10091056,0,0,0,0,0,0,0,0,0
200012,18,069,2,3,Huntington County             ,3,3,293000,0,0,0,0,0,0,0,0,0,3,3,293000,0,0,0,0,0,0,0,0,0
200012,18,079,2,3,Jennings County               ,6,6,333000,0,0,0,0,0,0,0,0,0,6,6,333000,0,0,0,0,0,0,0,0,0
200012,18,081,2,3,Johnson County                ,63,63,10159038,1,2,300000,0,0,0,0,0,0,63,63,10159038,1,2,300000,0,0,0,0,0,0
200012,18,087,2,3,Lagrange County               ,7,7,543589,0,0,0,0,0,0,0,0,0, , , , , , , , , , , , 
200012,18,089,2,3,Lake County                   ,52,52,6795262,1,2,332275,0,0,0,1,50,2733887,45,45,5935626,1,2,332275,0,0,0,1,50,2733887
200012,18,095,2,3,Madison County                ,14,14,1999411,0,0,0,0,0,0,0,0,0,7,7,903900,0,0,0,0,0,0,0,0,0
200012,18,097,2,3,Marion County                 ,240,240,33080832,4,8,660335,2,8,624267,0,0,0,240,240,33080832,4,8,660335,2,8,624267,0,0,0
200012,18,105,2,3,Monroe County                 ,17,17,2285389,1,2,165084,0,0,0,0,0,0,17,17,2285389,1,2,165084,0,0,0,0,0,0
200012,18,107,2,3,Montgomery County             ,2,2,226836,0,0,0,0,0,0,0,0,0,0,0,0,0,0,0,0,0,0,0,0,0
200012,18,109,2,3,Morgan County                 ,64,64,5316489,0,0,0,0,0,0,0,0,0,64,64,5316489,0,0,0,0,0,0,0,0,0
200012,18,115,2,3,Ohio County                   ,0,0,0,0,0,0,0,0,0,0,0,0,0,0,0,0,0,0,0,0,0,0,0,0
200012,18,127,2,3,Porter County                 ,28,28,4292074,0,0,0,0,0,0,0,0,0,26,26,4037432,0,0,0,0,0,0,0,0,0
200012,18,135,2,3,Randolph County               ,1,1,146000,0,0,0,0,0,0,0,0,0,1,1,146000,0,0,0,0,0,0,0,0,0
200012,18,143,2,3,Scott County                  ,4,4,233534,0,0,0,0,0,0,2,10,616176, , , , , , , , , , , , 
200012,18,145,2,3,Shelby County                 ,4,4,378000,0,0,0,0,0,0,0,0,0,4,4,378000,0,0,0,0,0,0,0,0,0
200012,18,157,2,3,Tippecanoe County             ,44,44,5823941,0,0,0,0,0,0,0,0,0,44,44,5823941,0,0,0,0,0,0,0,0,0
200012,18,163,2,3,Vanderburgh County            ,15,15,1375500,0,0,0,0,0,0,4,24,1000000,15,15,1375500,0,0,0,0,0,0,4,24,1000000
200012,18,179,2,3,Wells County                  ,5,5,689184,0,0,0,0,0,0,0,0,0,5,5,689184,0,0,0,0,0,0,0,0,0
200012,18,181,2,3,White County                  ,4,4,176000,0,0,0,0,0,0,0,0,0,4,4,176000,0,0,0,0,0,0,0,0,0
200012,20,025,2,4,Clark County                  ,0,0,0,0,0,0,0,0,0,0,0,0,0,0,0,0,0,0,0,0,0,0,0,0
200012,20,063,2,4,Gove County                   ,0,0,0,0,0,0,0,0,0,0,0,0,0,0,0,0,0,0,0,0,0,0,0,0
200012,20,091,2,4,Johnson County                ,165,165,23391553,0,0,0,1,3,256465,0,0,0,162,162,22698198,0,0,0,1,3,256465,0,0,0
200012,20,103,2,4,Leavenworth County            ,15,15,1579381,0,0,0,0,0,0,0,0,0,15,15,1579381,0,0,0,0,0,0,0,0,0
200012,20,105,2,4,Lincoln County                ,0,0,0,0,0,0,0,0,0,0,0,0,0,0,0,0,0,0,0,0,0,0,0,0
200012,20,121,2,4,Miami County                  ,7,7,1086287,0,0,0,0,0,0,0,0,0,1,1,176469,0,0,0,0,0,0,0,0,0
200012,20,187,2,4,Stanton County                ,0,0,0,0,0,0,0,0,0,0,0,0,0,0,0,0,0,0,0,0,0,0,0,0
200012,20,209,2,4,Wyandotte County              ,7,7,772349,0,0,0,0,0,0,0,0,0,1,1,143102,0,0,0,0,0,0,0,0,0
200012,21,015,3,6,Boone County                  ,105,105,10089654,1,2,118004,1,3,225000,1,12,436304, , , , , , , , , , , , 
200012,21,021,3,6,Boyle County                  ,1,1,60000,0,0,0,0,0,0,0,0,0,1,1,60000,0,0,0,0,0,0,0,0,0
200012,21,029,3,6,Bullitt County                ,23,23,2682962,0,0,0,0,0,0,0,0,0,23,23,2682962,0,0,0,0,0,0,0,0,0
200012,21,035,3,6,Calloway County               ,1,1,53000,0,0,0,0,0,0,0,0,0,1,1,53000,0,0,0,0,0,0,0,0,0
200012,21,037,3,6,Campbell County               ,11,11,1364093,0,0,0,0,0,0,1,5,429630,2,2,193580,0,0,0,0,0,0,0,0,0
200012,21,049,3,6,Clark County                  ,11,11,1131462,0,0,0,0,0,0,0,0,0, , , , , , , , , , , , 
200012,21,067,3,6,Fayette County                ,138,138,14232742,1,2,120000,0,0,0,0,0,0,138,138,14232742,1,2,120000,0,0,0,0,0,0
200012,21,073,3,6,Franklin County               ,10,10,850714,0,0,0,0,0,0,1,5,520833,0,0,0,0,0,0,0,0,0,0,0,0
200012,21,077,3,6,Gallatin County               ,0,0,0,0,0,0,0,0,0,0,0,0,0,0,0,0,0,0,0,0,0,0,0,0
200012,21,081,3,6,Grant County                  ,6,6,611818,0,0,0,0,0,0,0,0,0, , , , , , , , , , , , 
200012,21,097,3,6,Harrison County               ,3,3,209993,1,2,48750,0,0,0,0,0,0, , , , , , , , , , , , 
200012,21,099,3,6,Hart County                   ,0,0,0,0,0,0,0,0,0,0,0,0,0,0,0,0,0,0,0,0,0,0,0,0
200012,21,111,3,6,Jefferson County              ,220,220,23560986,0,0,0,0,0,0,2,78,5067072,220,220,23560986,0,0,0,0,0,0,2,78,5067072
200012,21,113,3,6,Jessamine County              ,11,11,1616900,9,18,695000,0,0,0,0,0,0,11,11,1616900,9,18,695000,0,0,0,0,0,0
200012,21,117,3,6,Kenton County                 ,44,44,4907572,0,0,0,0,0,0,2,11,378111,20,20,2203906,0,0,0,0,0,0,0,0,0
200012,21,123,3,6,Larue County                  ,3,3,219746,0,0,0,0,0,0,0,0,0, , , , , , , , , , , , 
200012,21,125,3,6,Laurel County                 ,0,0,0,0,0,0,0,0,0,0,0,0, , , , , , , , , , , , 
200012,21,157,3,6,Marshall County               ,7,7,819000,0,0,0,0,0,0,0,0,0,7,7,819000,0,0,0,0,0,0,0,0,0
200012,21,161,3,6,Mason County                  ,0,0,0,0,0,0,0,0,0,0,0,0,0,0,0,0,0,0,0,0,0,0,0,0
200012,21,167,3,6,Mercer County                 ,3,3,271495,1,2,87675,0,0,0,0,0,0,3,3,271495,1,2,87675,0,0,0,0,0,0
200012,21,179,3,6,Nelson County                 ,13,13,1146000,0,0,0,0,0,0,0,0,0,13,13,1146000,0,0,0,0,0,0,0,0,0
200012,21,185,3,6,Oldham County                 ,21,21,2449660,0,0,0,0,0,0,0,0,0,21,21,2449660,0,0,0,0,0,0,0,0,0
200012,21,191,3,6,Pendleton County              ,0,0,0,0,0,0,0,0,0,0,0,0,0,0,0,0,0,0,0,0,0,0,0,0
200012,21,209,3,6,Scott County                  ,12,12,1533055,0,0,0,0,0,0,0,0,0, , , , , , , , , , , , 
200012,21,211,3,6,Shelby County                 ,6,6,1068000,0,0,0,1,4,290000,2,12,1523000,6,6,1068000,0,0,0,1,4,290000,2,12,1523000
200012,21,213,3,6,Simpson County                ,2,2,415000,0,0,0,0,0,0,0,0,0,2,2,415000,0,0,0,0,0,0,0,0,0
200012,21,239,3,6,Woodford County               ,9,9,1368000,0,0,0,0,0,0,0,0,0,9,9,1368000,0,0,0,0,0,0,0,0,0
200012,22,007,3,7,Assumption Parish             ,3,3,327018,0,0,0,0,0,0,0,0,0,3,3,327018,0,0,0,0,0,0,0,0,0
200012,22,071,3,7,Orleans Parish                ,25,25,2916262,33,66,4041150,0,0,0,0,0,0,25,25,2916262,33,66,4041150,0,0,0,0,0,0
200012,22,087,3,7,St. Bernard Parish            ,3,3,349952,0,0,0,0,0,0,0,0,0,3,3,349952,0,0,0,0,0,0,0,0,0
200012,22,089,3,7,St. Charles Parish            ,19,19,2216360,0,0,0,0,0,0,0,0,0,19,19,2216360,0,0,0,0,0,0,0,0,0
200012,22,109,3,7,Terrebonne Parish             ,20,20,1672845,0,0,0,0,0,0,0,0,0,20,20,1672845,0,0,0,0,0,0,0,0,0
200012,24,003,3,5,Anne Arundel County           ,151,151,17388515,0,0,0,0,0,0,2,24,1250160,145,145,16914322,0,0,0,0,0,0,2,24,1250160
200012,24,005,3,5,Baltimore County              ,95,95,11081798,0,0,0,0,0,0,0,0,0,95,95,11081798,0,0,0,0,0,0,0,0,0
200012,24,009,3,5,Calvert County                ,43,43,5015972,0,0,0,0,0,0,0,0,0,43,43,5015972,0,0,0,0,0,0,0,0,0
200012,24,013,3,5,Carroll County                ,124,124,14441708,0,0,0,0,0,0,1,54,2812861,124,124,14441708,0,0,0,0,0,0,1,54,2812861
200012,24,015,3,5,Cecil County                  ,45,45,4575030,1,2,15000,0,0,0,0,0,0,45,45,4575030,1,2,15000,0,0,0,0,0,0
200012,24,017,3,5,Charles County                ,89,89,13734400,0,0,0,0,0,0,0,0,0,89,89,13734400,0,0,0,0,0,0,0,0,0
200012,24,021,3,5,Frederick County              ,486,486,58452677,0,0,0,0,0,0,3,36,1875240,486,486,58452677,0,0,0,0,0,0,3,36,1875240
200012,24,023,3,5,Garrett County                ,6,6,1054282,0,0,0,0,0,0,0,0,0,6,6,1054282,0,0,0,0,0,0,0,0,0
200012,24,025,3,5,Harford County                ,126,126,14692410,0,0,0,0,0,0,0,0,0,126,126,14692410,0,0,0,0,0,0,0,0,0
200012,24,027,3,5,Howard County                 ,120,120,13998060,0,0,0,0,0,0,0,0,0,120,120,13998060,0,0,0,0,0,0,0,0,0
200012,24,031,3,5,Montgomery County             ,230,230,33106025,0,0,0,0,0,0,2,35,1436648,48,48,5562995,0,0,0,0,0,0,1,10,520900
200012,24,033,3,5,Prince George's County        ,233,233,27179566,0,0,0,0,0,0,0,0,0,233,233,27179566,0,0,0,0,0,0,0,0,0
200012,24,035,3,5,Queen Anne's County           ,25,25,3021811,0,0,0,0,0,0,0,0,0,24,24,2926311,0,0,0,0,0,0,0,0,0
200012,24,039,3,5,Somerset County               ,1,1,75229,0,0,0,0,0,0,0,0,0,0,0,0,0,0,0,0,0,0,0,0,0
200012,24,043,3,5,Washington County             ,28,28,3210012,0,0,0,0,0,0,0,0,0,28,28,3210012,0,0,0,0,0,0,0,0,0
200012,24,510,3,5,Baltimore (Independent City)  ,9,9,1049854,0,0,0,0,0,0,0,0,0,9,9,1049854,0,0,0,0,0,0,0,0,0
200012,25,009,1,1,Essex County                  ,95,95,16662439,3,6,383200,0,0,0,1,8,650000,73,73,12985527,3,6,383200,0,0,0,1,8,650000
200012,25,017,1,1,Middlesex County              ,165,165,36602606,5,10,633316,2,7,806818,3,34,1886104,123,123,30603592,1,2,80000,1,4,440000,1,24,1431000
200012,25,019,1,1,Nantucket County              ,7,7,2894900,1,2,160000,0,0,0,0,0,0,7,7,2894900,1,2,160000,0,0,0,0,0,0
200012,25,021,1,1,Norfolk County                ,81,81,18718757,0,0,0,1,3,300000,5,37,7122159,55,55,13615435,0,0,0,1,3,300000,1,6,5274000
200012,25,023,1,1,Plymouth County               ,113,113,17711014,0,0,0,0,0,0,0,0,0,100,100,15821807,0,0,0,0,0,0,0,0,0
200012,25,025,1,1,Suffolk County                ,12,12,1543000,10,20,1380000,0,0,0,1,28,3496000,12,12,1543000,10,20,1380000,0,0,0,1,28,3496000
200012,26,000,2,3,Michigan Balance of State     ,6,6,265070,0,0,0,0,0,0,0,0,0, , , , , , , , , , , , 
200012,26,005,2,3,Allegan County                ,28,28,3405698,1,2,140000,0,0,0,0,0,0,13,13,2103615,1,2,140000,0,0,0,0,0,0
200012,26,009,2,3,Antrim County                 ,12,12,1899302,0,0,0,0,0,0,0,0,0,12,12,1899302,0,0,0,0,0,0,0,0,0
200012,26,019,2,3,Benzie County                 ,10,10,1219000,0,0,0,0,0,0,0,0,0,10,10,1219000,0,0,0,0,0,0,0,0,0
200012,26,029,2,3,Charlevoix County             ,13,13,1872848,0,0,0,0,0,0,0,0,0, , , , , , , , , , , , 
200012,26,031,2,3,Cheboygan County              ,5,5,937843,0,0,0,0,0,0,0,0,0,5,5,937843,0,0,0,0,0,0,0,0,0
200012,26,043,2,3,Dickinson County              ,2,2,126000,0,0,0,0,0,0,0,0,0,2,2,126000,0,0,0,0,0,0,0,0,0
200012,26,049,2,3,Genesee County                ,45,45,7372973,0,0,0,1,4,395000,1,8,548611,42,42,7063105,0,0,0,1,4,395000,0,0,0
200012,26,051,2,3,Gladwin County                ,9,9,973558,0,0,0,0,0,0,0,0,0,9,9,973558,0,0,0,0,0,0,0,0,0
200012,26,079,2,3,Kalkaska County               ,2,2,98000,0,0,0,0,0,0,0,0,0,2,2,98000,0,0,0,0,0,0,0,0,0
200012,26,081,2,3,Kent County                   ,127,127,19593599,1,2,153000,0,0,0,1,5,232639,98,98,15372989,1,2,153000,0,0,0,0,0,0
200012,26,087,2,3,Lapeer County                 ,12,12,1607610,0,0,0,0,0,0,0,0,0,9,9,1246000,0,0,0,0,0,0,0,0,0
200012,26,089,2,3,Leelanau County               ,8,8,1209210,0,0,0,0,0,0,2,51,3073258,8,8,1209210,0,0,0,0,0,0,2,51,3073258
200012,26,091,2,3,Lenawee County                ,25,25,3039079,1,2,390000,0,0,0,0,0,0,4,4,647000,0,0,0,0,0,0,0,0,0
200012,26,093,2,3,Livingston County             ,91,91,14389308,0,0,0,0,0,0,0,0,0,91,91,14389308,0,0,0,0,0,0,0,0,0
200012,26,099,2,3,Macomb County                 ,247,247,23686075,9,18,2183800,4,16,1560000,1,6,809139,246,246,23624936,9,18,2183800,4,16,1560000,1,6,809139
200012,26,113,2,3,Missaukee County              ,0,0,0,0,0,0,0,0,0,0,0,0,0,0,0,0,0,0,0,0,0,0,0,0
200012,26,115,2,3,Monroe County                 ,30,30,4398427,0,0,0,0,0,0,27,160,5374545,25,25,3882256,0,0,0,0,0,0,25,150,5062625
200012,26,119,2,3,Montmorency County            ,6,6,479600,0,0,0,0,0,0,0,0,0,6,6,479600,0,0,0,0,0,0,0,0,0
200012,26,121,2,3,Muskegon County               ,24,24,3122603,0,0,0,0,0,0,1,5,520833,20,20,2675502,0,0,0,0,0,0,0,0,0
200012,26,125,2,3,Oakland County                ,239,239,45520089,7,14,1040000,6,23,2367880,5,100,3820000,217,217,43005453,7,14,1040000,6,23,2367880,5,100,3820000
200012,26,129,2,3,Ogemaw County                 ,5,5,267837,0,0,0,0,0,0,0,0,0, , , , , , , , , , , , 
200012,26,135,2,3,Oscoda County                 ,3,3,231900,0,0,0,0,0,0,0,0,0,3,3,231900,0,0,0,0,0,0,0,0,0
200012,26,137,2,3,Otsego County                 ,6,6,619812,0,0,0,0,0,0,0,0,0, , , , , , , , , , , , 
200012,26,139,2,3,Ottawa County                 ,62,62,8918811,2,4,175000,0,0,0,1,6,339677,27,27,4062368,2,4,175000,0,0,0,0,0,0
200012,26,141,2,3,Presque Isle County           ,3,3,221000,0,0,0,0,0,0,0,0,0,3,3,221000,0,0,0,0,0,0,0,0,0
200012,26,147,2,3,St. Clair County              ,34,34,4905654,1,2,80000,0,0,0,0,0,0,24,24,3952111,1,2,80000,0,0,0,0,0,0
200012,26,153,2,3,Schoolcraft County            ,3,3,215720,0,0,0,0,0,0,0,0,0,3,3,215720,0,0,0,0,0,0,0,0,0
200012,26,161,2,3,Washtenaw County              ,86,86,16755095,0,0,0,1,3,323150,2,13,1018164,77,77,15167536,0,0,0,0,0,0,1,8,347500
200012,26,163,2,3,Wayne County                  ,102,102,14141368,6,12,990502,8,27,2106900,18,153,8273002,75,75,11299252,6,12,990502,8,27,2106900,17,148,8046216
200012,27,003,2,4,Anoka County                  ,88,88,12723682,0,0,0,1,4,488000,0,0,0,79,79,11206686,0,0,0,1,4,488000,0,0,0
200012,27,019,2,4,Carver County                 ,62,62,12319927,1,2,200000,0,0,0,0,0,0,51,51,10201715,1,2,200000,0,0,0,0,0,0
200012,27,025,2,4,Chisago County                ,30,30,3343622,0,0,0,0,0,0,0,0,0,30,30,3343622,0,0,0,0,0,0,0,0,0
200012,27,031,2,4,Cook County                   ,5,5,487000,2,4,400000,2,7,900000,0,0,0,5,5,487000,2,4,400000,2,7,900000,0,0,0
200012,27,037,2,4,Dakota County                 ,143,143,24926224,1,2,166867,0,0,0,4,34,2955000,142,142,24750691,1,2,166867,0,0,0,4,34,2955000
200012,27,053,2,4,Hennepin County               ,158,158,31696751,0,0,0,0,0,0,2,28,3091102,151,151,29847658,0,0,0,0,0,0,2,28,3091102
200012,27,059,2,4,Isanti County                 ,13,13,1124327,0,0,0,0,0,0,0,0,0,11,11,896000,0,0,0,0,0,0,0,0,0
200012,27,109,2,4,Olmsted County                ,100,100,13240389,0,0,0,0,0,0,3,178,2136172,100,100,13240389,0,0,0,0,0,0,3,178,2136172
200012,27,123,2,4,Ramsey County                 ,31,31,5430119,0,0,0,0,0,0,5,173,9899303,28,28,4808611,0,0,0,0,0,0,4,166,9466438
200012,27,139,2,4,Scott County                  ,126,126,23222168,0,0,0,0,0,0,0,0,0,125,125,23108908,0,0,0,0,0,0,0,0,0
200012,27,141,2,4,Sherburne County              ,50,50,3659858,0,0,0,0,0,0,3,26,2124108,50,50,3659858,0,0,0,0,0,0,3,26,2124108
200012,27,163,2,4,Washington County             ,133,133,23802425,0,0,0,1,4,393000,0,0,0,132,132,23500967,0,0,0,1,4,393000,0,0,0
200012,27,171,2,4,Wright County                 ,57,57,7715882,0,0,0,0,0,0,1,48,3079608,55,55,7361617,0,0,0,0,0,0,1,48,3079608
200012,28,025,3,6,Clay County                   ,1,1,84865,0,0,0,0,0,0,0,0,0, , , , , , , , , , , , 
200012,28,033,3,6,DeSoto County                 ,55,55,5415553,0,0,0,0,0,0,0,0,0,44,44,4721669,0,0,0,0,0,0,0,0,0
200012,28,037,3,6,Franklin County               ,0,0,0,0,0,0,0,0,0,0,0,0, , , , , , , , , , , , 
200012,28,039,3,6,George County                 ,0,0,0,0,0,0,0,0,0,0,0,0,0,0,0,0,0,0,0,0,0,0,0,0
200012,28,043,3,6,Grenada County                ,1,1,41840,0,0,0,0,0,0,0,0,0,1,1,41840,0,0,0,0,0,0,0,0,0
200012,28,047,3,6,Harrison County               ,48,48,5924928,7,14,805000,0,0,0,3,113,6266243,48,48,5924928,7,14,805000,0,0,0,3,113,6266243
200012,28,071,3,6,Lafayette County              ,3,3,426000,0,0,0,0,0,0,0,0,0,3,3,426000,0,0,0,0,0,0,0,0,0
200012,28,085,3,6,Lincoln County                ,2,2,150000,0,0,0,0,0,0,0,0,0,2,2,150000,0,0,0,0,0,0,0,0,0
200012,28,131,3,6,Stone County                  ,1,1,79773,0,0,0,0,0,0,0,0,0, , , , , , , , , , , , 
200012,28,149,3,6,Warren County                 ,2,2,196554,0,0,0,0,0,0,0,0,0, , , , , , , , , , , , 
200012,28,153,3,6,Wayne County                  ,0,0,0,0,0,0,0,0,0,0,0,0,0,0,0,0,0,0,0,0,0,0,0,0
200012,28,159,3,6,Winston County                ,0,0,0,0,0,0,0,0,0,0,0,0,0,0,0,0,0,0,0,0,0,0,0,0
200012,28,163,3,6,Yazoo County                  ,0,0,0,0,0,0,0,0,0,0,0,0, , , , , , , , , , , , 
200012,29,011,2,4,Barton County                 ,1,1,51482,0,0,0,0,0,0,0,0,0, , , , , , , , , , , , 
200012,29,019,2,4,Boone County                  ,36,36,4082750,1,2,160000,0,0,0,0,0,0,36,36,4082750,1,2,160000,0,0,0,0,0,0
200012,29,023,2,4,Butler County                 ,0,0,0,0,0,0,0,0,0,0,0,0,0,0,0,0,0,0,0,0,0,0,0,0
200012,29,031,2,4,Cape Girardeau County         ,4,4,468000,0,0,0,0,0,0,0,0,0,4,4,468000,0,0,0,0,0,0,0,0,0
200012,29,035,2,4,Carter County                 ,0,0,0,0,0,0,0,0,0,0,0,0, , , , , , , , , , , , 
200012,29,037,2,4,Cass County                   ,22,22,2738641,2,4,243600,0,0,0,0,0,0,22,22,2738641,2,4,243600,0,0,0,0,0,0
200012,29,047,2,4,Clay County                   ,20,20,2811400,0,0,0,0,0,0,0,0,0,20,20,2811400,0,0,0,0,0,0,0,0,0
200012,29,049,2,4,Clinton County                ,9,9,626337,0,0,0,0,0,0,0,0,0,8,8,543337,0,0,0,0,0,0,0,0,0
200012,29,071,2,4,Franklin County               ,27,27,4453431,0,0,0,0,0,0,0,0,0,13,13,1359000,0,0,0,0,0,0,0,0,0
200012,29,077,2,4,Greene County                 ,33,33,4827500,3,6,540000,1,3,105000,0,0,0,33,33,4827500,3,6,540000,1,3,105000,0,0,0
200012,29,095,2,4,Jackson County                ,141,141,16885684,5,10,1032562,0,0,0,1,78,4264864,140,140,16723592,5,10,1032562,0,0,0,1,78,4264864
200012,29,099,2,4,Jefferson County              ,81,81,7722309,0,0,0,0,0,0,0,0,0,79,79,7518306,0,0,0,0,0,0,0,0,0
200012,29,105,2,4,Laclede County                ,1,1,90993,0,0,0,0,0,0,0,0,0, , , , , , , , , , , , 
200012,29,107,2,4,Lafayette County              ,4,4,476355,0,0,0,0,0,0,0,0,0,0,0,0,0,0,0,0,0,0,0,0,0
200012,29,111,2,4,Lewis County                  ,0,0,0,0,0,0,0,0,0,0,0,0, , , , , , , , , , , , 
200012,29,113,2,4,Lincoln County                ,5,5,505000,0,0,0,0,0,0,0,0,0,5,5,505000,0,0,0,0,0,0,0,0,0
200012,29,129,2,4,Mercer County                 ,0,0,0,0,0,0,0,0,0,0,0,0,0,0,0,0,0,0,0,0,0,0,0,0
200012,29,165,2,4,Platte County                 ,18,18,3893852,5,10,310000,0,0,0,0,0,0,18,18,3893852,5,10,310000,0,0,0,0,0,0
200012,29,167,2,4,Polk County                   ,3,3,315610,0,0,0,0,0,0,0,0,0,3,3,315610,0,0,0,0,0,0,0,0,0
200012,29,177,2,4,Ray County                    ,4,4,380313,0,0,0,0,0,0,0,0,0,0,0,0,0,0,0,0,0,0,0,0,0
200012,29,183,2,4,St. Charles County            ,142,142,19891789,1,2,128000,0,0,0,0,0,0,142,142,19891789,1,2,128000,0,0,0,0,0,0
200012,29,189,2,4,St. Louis County              ,116,116,20421498,0,0,0,16,64,4500000,2,14,1194815,109,109,19417775,0,0,0,16,64,4500000,0,0,500000
200012,29,211,2,4,Sullivan County               ,0,0,0,0,0,0,0,0,0,0,0,0, , , , , , , , , , , , 
200012,29,510,2,4,St. Louis (Independent City)  ,5,5,689184,1,2,165084,0,0,0,0,0,0,5,5,689184,1,2,165084,0,0,0,0,0,0
200012,30,029,4,8,Flathead County               ,14,14,2072077,1,2,120364,0,0,0,0,0,0,10,10,1431371,1,2,120364,0,0,0,0,0,0
200012,30,093,4,8,Silver Bow County             ,3,3,34135,0,0,0,0,0,0,0,0,0,3,3,34135,0,0,0,0,0,0,0,0,0
200012,31,001,2,4,Adams County                  ,1,1,47000,0,0,0,0,0,0,0,0,0,1,1,47000,0,0,0,0,0,0,0,0,0
200012,31,077,2,4,Greeley County                ,0,0,0,0,0,0,0,0,0,0,0,0,0,0,0,0,0,0,0,0,0,0,0,0
200012,32,001,4,8,Churchill County              ,6,6,527973,0,0,0,1,3,168890,0,0,0,3,3,286850,0,0,0,0,0,0,0,0,0
200012,32,003,4,8,Clark County                  ,1527,1527,175765405,0,0,0,12,48,3913765,31,260,14126856,1527,1527,175765405,0,0,0,12,48,3913765,31,260,14126856
200012,32,005,4,8,Douglas County                ,37,37,6129995,0,0,0,0,0,0,0,0,0,37,37,6129995,0,0,0,0,0,0,0,0,0
200012,32,007,4,8,Elko County                   ,1,1,78926,0,0,0,0,0,0,0,0,0,1,1,78926,0,0,0,0,0,0,0,0,0
200012,32,013,4,8,Humboldt County               ,0,0,0,0,0,0,0,0,0,0,0,0,0,0,0,0,0,0,0,0,0,0,0,0
200012,32,015,4,8,Lander County                 ,0,0,0,0,0,0,0,0,0,0,0,0,0,0,0,0,0,0,0,0,0,0,0,0
200012,32,017,4,8,Lincoln County                ,0,0,0,0,0,0,0,0,0,0,0,0, , , , , , , , , , , , 
200012,32,019,4,8,Lyon County                   ,10,10,943435,0,0,0,0,0,0,1,5,277008, , , , , , , , , , , , 
200012,32,021,4,8,Mineral County                ,0,0,0,0,0,0,0,0,0,0,0,0, , , , , , , , , , , , 
200012,32,023,4,8,Nye County                    ,0,0,0,0,0,0,0,0,0,0,0,0,0,0,0,0,0,0,0,0,0,0,0,0
200012,32,027,4,8,Pershing County               ,0,0,0,0,0,0,0,0,0,0,0,0,0,0,0,0,0,0,0,0,0,0,0,0
200012,32,029,4,8,Storey County                 ,5,5,318725,0,0,0,0,0,0,0,0,0,5,5,318725,0,0,0,0,0,0,0,0,0
200012,32,031,4,8,Washoe County                 ,282,282,35731844,1,2,100000,0,0,0,7,113,5127013,188,188,24668377,0,0,0,0,0,0,0,0,0
200012,32,033,4,8,White Pine County             ,0,0,0,0,0,0,0,0,0,0,0,0, , , , , , , , , , , , 
200012,32,510,4,8,Carson City (Independent City),33,33,3489525,0,0,0,0,0,0,0,0,0,33,33,3489525,0,0,0,0,0,0,0,0,0
200012,33,015,1,1,Rockingham County             ,223,223,34373563,0,0,0,0,0,0,0,0,0,186,186,29593634,0,0,0,0,0,0,0,0,0
200012,34,001,1,2,Atlantic County               ,94,94,7355807,2,4,697300,0,0,0,0,0,0,54,54,4361274,2,4,697300,0,0,0,0,0,0
200012,34,003,1,2,Bergen County                 ,60,60,12781094,6,12,1186600,0,0,0,2,15,714104,20,20,6309420,6,12,1186600,0,0,0,0,0,0
200012,34,005,1,2,Burlington County             ,169,169,17885196,0,0,0,0,0,0,0,0,0,148,148,15716046,0,0,0,0,0,0,0,0,0
200012,34,007,1,2,Camden County                 ,54,54,4407547,0,0,0,0,0,0,0,0,0,54,54,4407547,0,0,0,0,0,0,0,0,0
200012,34,009,1,2,Cape May County               ,62,62,9518857,23,46,5018767,1,3,163320,0,0,0,58,58,8537883,21,42,4615500,1,3,163320,0,0,0
200012,34,011,1,2,Cumberland County             ,21,21,1847254,0,0,0,0,0,0,0,0,0,20,20,1747586,0,0,0,0,0,0,0,0,0
200012,34,013,1,2,Essex County                  ,60,60,10984067,10,20,1202222,0,0,0,0,0,0,38,38,8577952,9,18,1189115,0,0,0,0,0,0
200012,34,015,1,2,Gloucester County             ,95,95,8128137,0,0,0,0,0,0,4,20,656531,45,45,4169306,0,0,0,0,0,0,0,0,0
200012,34,017,1,2,Hudson County                 ,0,0,0,3,6,345960,1,3,177100,2,25,1524459,0,0,0,0,0,0,1,3,177100,0,0,0
200012,34,019,1,2,Hunterdon County              ,43,43,6100851,0,0,0,0,0,0,0,0,0,31,31,4585714,0,0,0,0,0,0,0,0,0
200012,34,021,1,2,Mercer County                 ,101,101,9431670,0,0,0,0,0,0,4,48,3049534,92,92,8796346,0,0,0,0,0,0,4,48,3049534
200012,34,023,1,2,Middlesex County              ,79,79,10192275,0,0,0,0,0,0,7,175,3995100,76,76,9866974,0,0,0,0,0,0,6,160,3885100
200012,34,025,1,2,Monmouth County               ,129,129,19785415,0,0,0,0,0,0,0,0,0,95,95,14448796,0,0,0,0,0,0,0,0,0
200012,34,027,1,2,Morris County                 ,142,142,16843448,0,0,0,0,0,0,4,69,2404116,98,98,10553025,0,0,0,0,0,0,1,42,1200000
200012,34,029,1,2,Ocean County                  ,224,224,26742734,0,0,0,0,0,0,0,0,0,208,208,25031419,0,0,0,0,0,0,0,0,0
200012,34,031,1,2,Passaic County                ,20,20,2932280,0,0,0,0,0,0,0,0,0,9,9,1514770,0,0,0,0,0,0,0,0,0
200012,34,033,1,2,Salem County                  ,10,10,1095631,0,0,0,0,0,0,0,0,0,8,8,870000,0,0,0,0,0,0,0,0,0
200012,34,035,1,2,Somerset County               ,92,92,12820212,1,2,200,1,3,28265,2,16,617333,40,40,6347901,0,0,0,0,0,0,0,0,0
200012,34,037,1,2,Sussex County                 ,31,31,4718439,0,0,0,0,0,0,1,5,623182,22,22,3759713,0,0,0,0,0,0,0,0,0
200012,34,039,1,2,Union County                  ,12,12,1345986,2,4,204316,0,0,0,0,0,0,7,7,860100,0,0,7800,0,0,0,0,0,0
200012,34,041,1,2,Warren County                 ,42,42,4161657,0,0,0,0,0,0,1,5,382352,17,17,2070235,0,0,0,0,0,0,0,0,0
200012,35,000,4,8,New Mexico Balance of State   ,64,64,13150050,0,0,0,0,0,0,0,0,0,64,64,13150050,0,0,0,0,0,0,0,0,0
200012,35,001,4,8,Bernalillo County             ,274,274,26943000,0,0,0,0,0,0,0,0,0,274,274,26943000,0,0,0,0,0,0,0,0,0
200012,35,005,4,8,Chaves County                 ,2,2,179199,0,0,0,0,0,0,0,0,0, , , , , , , , , , , , 
200012,35,009,4,8,Curry County                  ,1,1,103584,0,0,0,0,0,0,0,0,0, , , , , , , , , , , , 
200012,35,013,4,8,Dona Ana County               ,47,47,6659246,0,0,0,0,0,0,1,13,279259,23,23,3329380,0,0,0,0,0,0,0,0,0
200012,35,015,4,8,Eddy County                   ,0,0,0,0,0,0,0,0,0,0,0,0,0,0,0,0,0,0,0,0,0,0,0,0
200012,35,025,4,8,Lea County                    ,0,0,0,0,0,0,0,0,0,0,0,0,0,0,0,0,0,0,0,0,0,0,0,0
200012,35,027,4,8,Lincoln County                ,10,10,1654711,0,0,0,0,0,0,0,0,0,10,10,1654711,0,0,0,0,0,0,0,0,0
200012,35,028,4,8,Los Alamos County             ,2,2,651433,0,0,0,0,0,0,0,0,0,2,2,651433,0,0,0,0,0,0,0,0,0
200012,35,031,4,8,McKinley County               ,1,1,89000,0,0,0,0,0,0,0,0,0,1,1,89000,0,0,0,0,0,0,0,0,0
200012,35,035,4,8,Otero County                  ,3,3,369167,0,0,0,0,0,0,3,24,637528,3,3,369167,0,0,0,0,0,0,3,24,637528
200012,35,039,4,8,Rio Arriba County             ,1,1,126847,0,0,0,0,0,0,0,0,0, , , , , , , , , , , , 
200012,35,041,4,8,Roosevelt County              ,0,0,0,0,0,0,0,0,0,0,0,0,0,0,0,0,0,0,0,0,0,0,0,0
200012,35,043,4,8,Sandoval County               ,32,32,2870439,0,0,0,0,0,0,0,0,0, , , , , , , , , , , , 
200012,35,045,4,8,San Juan County               ,10,10,1659453,0,0,0,0,0,0,0,0,0,10,10,1659453,0,0,0,0,0,0,0,0,0
200012,35,049,4,8,Santa Fe County               ,29,29,3369145,0,0,0,0,0,0,0,0,0,29,29,3369145,0,0,0,0,0,0,0,0,0
200012,35,053,4,8,Socorro County                ,0,0,0,0,0,0,0,0,0,0,0,0,0,0,0,0,0,0,0,0,0,0,0,0
200012,35,055,4,8,Taos County                   ,3,3,355572,0,0,0,0,0,0,0,0,0,3,3,355572,0,0,0,0,0,0,0,0,0
200012,35,061,4,8,Valencia County               ,23,23,2612973,0,0,0,0,0,0,0,0,0,10,10,1429703,0,0,0,0,0,0,0,0,0
200012,36,005,1,2,Bronx County                  ,8,8,1051806,43,86,5681329,4,12,895308,2,168,10538808,8,8,1051806,43,86,5681329,4,12,895308,2,168,10538808
200012,36,027,1,2,Dutchess County               ,43,43,7249969,0,0,0,0,0,0,0,0,0,35,35,6165168,0,0,0,0,0,0,0,0,0
200012,36,047,1,2,Kings County                  ,1,1,131476,30,60,3963718,7,21,1566789,2,11,690041,1,1,131476,30,60,3963718,7,21,1566789,2,11,690041
200012,36,059,1,2,Nassau County                 ,47,47,12395167,2,4,447000,1,3,175000,3,25,3817154,45,45,12066401,2,4,447000,1,3,175000,2,20,2995233
200012,36,061,1,2,New York County               ,0,0,0,0,0,0,1,3,223827,3,181,11354311,0,0,0,0,0,0,1,3,223827,3,181,11354311
200012,36,071,1,2,Orange County                 ,126,126,16899666,0,0,0,0,0,0,1,12,1146188,118,118,16085035,0,0,0,0,0,0,0,0,0
200012,36,079,1,2,Putnam County                 ,26,26,4910024,0,0,0,0,0,0,0,0,0,24,24,4656290,0,0,0,0,0,0,0,0,0
200012,36,081,1,2,Queens County                 ,4,4,525903,24,48,3170974,8,25,1865226,0,0,0,4,4,525903,24,48,3170974,8,25,1865226,0,0,0
200012,36,085,1,2,Richmond County               ,147,147,19326942,80,160,10569915,0,0,0,0,0,0,147,147,19326942,80,160,10569915,0,0,0,0,0,0
200012,36,099,1,2,Seneca County                 ,2,2,183976,0,0,0,0,0,0,0,0,0, , , , , , , , , , , , 
200012,36,103,1,2,Suffolk County                ,286,286,40500742,0,0,0,1,4,379300,27,214,12336475,259,259,38084965,0,0,0,1,4,379300,27,214,12336475
200012,36,119,1,2,Westchester County            ,81,81,24602232,9,18,1286247,0,0,0,3,85,10994028,38,38,10728739,5,10,785000,0,0,0,2,80,10800000
200012,37,001,3,5,Alamance County               ,63,63,5009732,4,8,228000,0,0,0,0,0,0,63,63,5009732,4,8,228000,0,0,0,0,0,0
200012,37,003,3,5,Alexander County              ,9,9,1152000,0,0,0,0,0,0,0,0,0,9,9,1152000,0,0,0,0,0,0,0,0,0
200012,37,005,3,5,Alleghany County              ,4,4,285000,0,0,0,0,0,0,0,0,0,4,4,285000,0,0,0,0,0,0,0,0,0
200012,37,009,3,5,Ashe County                   ,6,6,626000,0,0,0,0,0,0,0,0,0,6,6,626000,0,0,0,0,0,0,0,0,0
200012,37,011,3,5,Avery County                  ,3,3,490000,0,0,0,1,4,240000,0,0,0,3,3,490000,0,0,0,1,4,240000,0,0,0
200012,37,015,3,5,Bertie County                 ,3,3,97975,0,0,0,0,0,0,0,0,0,3,3,97975,0,0,0,0,0,0,0,0,0
200012,37,017,3,5,Bladen County                 ,3,3,345000,0,0,0,0,0,0,0,0,0,3,3,345000,0,0,0,0,0,0,0,0,0
200012,37,025,3,5,Cabarrus County               ,99,99,10438725,1,2,360000,0,0,0,1,9,250000,99,99,10438725,1,2,360000,0,0,0,1,9,250000
200012,37,027,3,5,Caldwell County               ,29,29,3344500,0,0,0,0,0,0,0,0,0,29,29,3344500,0,0,0,0,0,0,0,0,0
200012,37,029,3,5,Camden County                 ,7,7,1024430,0,0,0,0,0,0,0,0,0,7,7,1024430,0,0,0,0,0,0,0,0,0
200012,37,033,3,5,Caswell County                ,9,9,1009820,0,0,0,0,0,0,0,0,0,9,9,1009820,0,0,0,0,0,0,0,0,0
200012,37,037,3,5,Chatham County                ,34,34,6721380,0,0,0,0,0,0,0,0,0,34,34,6721380,0,0,0,0,0,0,0,0,0
200012,37,043,3,5,Clay County                   ,8,8,1010400,0,0,0,0,0,0,0,0,0,8,8,1010400,0,0,0,0,0,0,0,0,0
200012,37,053,3,5,Currituck County              ,27,27,4808310,0,0,0,0,0,0,0,0,0,27,27,4808310,0,0,0,0,0,0,0,0,0
200012,37,057,3,5,Davidson County               ,48,48,5228948,0,0,0,0,0,0,0,0,0,48,48,5228948,0,0,0,0,0,0,0,0,0
200012,37,059,3,5,Davie County                  ,12,12,1799325,0,0,0,0,0,0,0,0,0,12,12,1799325,0,0,0,0,0,0,0,0,0
200012,37,061,3,5,Duplin County                 ,8,8,835711,0,0,0,0,0,0,0,0,0,8,8,835711,0,0,0,0,0,0,0,0,0
200012,37,063,3,5,Durham County                 ,133,133,20522620,0,0,0,7,28,1512000,19,258,8064000,133,133,20522620,0,0,0,7,28,1512000,19,258,8064000
200012,37,067,3,5,Forsyth County                ,189,189,19292592,0,0,0,0,0,0,0,0,0,189,189,19292592,0,0,0,0,0,0,0,0,0
200012,37,069,3,5,Franklin County               ,19,19,2168500,0,0,0,0,0,0,0,0,0,19,19,2168500,0,0,0,0,0,0,0,0,0
200012,37,071,3,5,Gaston County                 ,57,57,7456324,0,0,0,0,0,0,1,6,166764,14,14,2026932,0,0,0,0,0,0,0,0,0
200012,37,075,3,5,Graham County                 ,4,4,294680,0,0,0,0,0,0,0,0,0,4,4,294680,0,0,0,0,0,0,0,0,0
200012,37,081,3,5,Guilford County               ,198,198,24958255,0,0,0,4,15,490780,0,0,0,198,198,24958255,0,0,0,4,15,490780,0,0,0
200012,37,089,3,5,Henderson County              ,35,35,5732600,0,0,0,0,0,0,0,0,0,35,35,5732600,0,0,0,0,0,0,0,0,0
200012,37,091,3,5,Hertford County               ,1,1,110000,0,0,0,0,0,0,0,0,0,1,1,110000,0,0,0,0,0,0,0,0,0
200012,37,097,3,5,Iredell County                ,69,69,10533466,0,0,0,0,0,0,3,43,2415946, , , , , , , , , , , , 
200012,37,099,3,5,Jackson County                ,28,28,5806000,0,0,0,0,0,0,0,0,0,28,28,5806000,0,0,0,0,0,0,0,0,0
200012,37,101,3,5,Johnston County               ,87,87,9647670,0,0,0,0,0,0,0,0,0,87,87,9647670,0,0,0,0,0,0,0,0,0
200012,37,105,3,5,Lee County                    ,9,9,868635,0,0,0,0,0,0,0,0,0,9,9,868635,0,0,0,0,0,0,0,0,0
200012,37,109,3,5,Lincoln County                ,47,47,5479807,0,0,0,0,0,0,2,10,136357, , , , , , , , , , , , 
200012,37,113,3,5,Macon County                  ,20,20,4154314,0,0,0,0,0,0,0,0,0,20,20,4154314,0,0,0,0,0,0,0,0,0
200012,37,115,3,5,Madison County                ,6,6,703016,0,0,0,0,0,0,0,0,0,6,6,703016,0,0,0,0,0,0,0,0,0
200012,37,117,3,5,Martin County                 ,0,0,0,0,0,0,0,0,0,0,0,0,0,0,0,0,0,0,0,0,0,0,0,0
200012,37,119,3,5,Mecklenburg County            ,275,275,32078888,2,4,244918,2,8,508989,12,127,6615431,275,275,32078888,2,4,244918,2,8,508989,12,127,6615431
200012,37,121,3,5,Mitchell County               ,0,0,0,0,0,0,0,0,0,0,0,0,0,0,0,0,0,0,0,0,0,0,0,0
200012,37,123,3,5,Montgomery County             ,6,6,1820000,0,0,0,0,0,0,0,0,0,6,6,1820000,0,0,0,0,0,0,0,0,0
200012,37,131,3,5,Northampton County            ,2,2,365000,0,0,0,0,0,0,0,0,0,2,2,365000,0,0,0,0,0,0,0,0,0
200012,37,135,3,5,Orange County                 ,60,60,11620974,1,2,168239,0,0,0,0,0,0,18,18,5372543,1,2,168239,0,0,0,0,0,0
200012,37,137,3,5,Pamlico County                ,1,1,372875,0,0,0,0,0,0,0,0,0,1,1,372875,0,0,0,0,0,0,0,0,0
200012,37,139,3,5,Pasquotank County             ,5,5,339600,0,0,0,0,0,0,0,0,0,5,5,339600,0,0,0,0,0,0,0,0,0
200012,37,145,3,5,Person County                 ,10,10,2123000,0,0,0,0,0,0,0,0,0,10,10,2123000,0,0,0,0,0,0,0,0,0
200012,37,149,3,5,Polk County                   ,11,11,1295843,0,0,0,0,0,0,0,0,0,11,11,1295843,0,0,0,0,0,0,0,0,0
200012,37,151,3,5,Randolph County               ,48,48,5462435,1,2,50000,0,0,0,0,0,0,48,48,5462435,1,2,50000,0,0,0,0,0,0
200012,37,159,3,5,Rowan County                  ,30,30,4018000,3,6,398000,0,0,0,0,0,0,30,30,4018000,3,6,398000,0,0,0,0,0,0
200012,37,163,3,5,Sampson County                ,14,14,1476000,0,0,0,0,0,0,0,0,0,14,14,1476000,0,0,0,0,0,0,0,0,0
200012,37,165,3,5,Scotland County               ,5,5,495552,0,0,0,0,0,0,0,0,0, , , , , , , , , , , , 
200012,37,167,3,5,Stanly County                 ,13,13,1236616,0,0,0,0,0,0,0,0,0, , , , , , , , , , , , 
200012,37,169,3,5,Stokes County                 ,11,11,1421135,0,0,0,0,0,0,0,0,0,7,7,921025,0,0,0,0,0,0,0,0,0
200012,37,171,3,5,Surry County                  ,15,15,1955000,0,0,0,0,0,0,0,0,0,15,15,1955000,0,0,0,0,0,0,0,0,0
200012,37,173,3,5,Swain County                  ,4,4,390724,0,0,0,0,0,0,5,40,2377200,4,4,390724,0,0,0,0,0,0,5,40,2377200
200012,37,175,3,5,Transylvania County           ,18,18,3939600,0,0,0,0,0,0,0,0,0,18,18,3939600,0,0,0,0,0,0,0,0,0
200012,37,179,3,5,Union County                  ,176,176,21505946,0,0,0,0,0,0,0,0,0,176,176,21505946,0,0,0,0,0,0,0,0,0
200012,37,181,3,5,Vance County                  ,16,16,1585000,0,0,0,0,0,0,0,0,0,16,16,1585000,0,0,0,0,0,0,0,0,0
200012,37,183,3,5,Wake County                   ,552,552,80532984,0,0,0,0,0,0,9,149,7719940,333,333,54203404,0,0,0,0,0,0,0,0,0
200012,37,185,3,5,Warren County                 ,2,2,265000,0,0,0,0,0,0,0,0,0,2,2,265000,0,0,0,0,0,0,0,0,0
200012,37,187,3,5,Washington County             ,1,1,116466,0,0,0,0,0,0,0,0,0, , , , , , , , , , , , 
200012,37,191,3,5,Wayne County                  ,27,27,2575409,0,0,0,0,0,0,0,0,0,6,6,467265,0,0,0,0,0,0,0,0,0
200012,37,195,3,5,Wilson County                 ,18,18,1496603,1,2,93195,0,0,0,1,5,279976,4,4,281505,0,0,0,0,0,0,0,0,0
200012,37,197,3,5,Yadkin County                 ,9,9,1192380,0,0,0,0,0,0,0,0,0,9,9,1192380,0,0,0,0,0,0,0,0,0
200012,39,007,2,3,Ashtabula County              ,17,17,1198400,0,0,0,0,0,0,0,0,0,17,17,1198400,0,0,0,0,0,0,0,0,0
200012,39,015,2,3,Brown County                  ,3,3,347301,0,0,0,0,0,0,0,0,0,0,0,0,0,0,0,0,0,0,0,0,0
200012,39,017,2,3,Butler County                 ,97,97,11039600,0,0,0,1,3,375000,0,0,0,90,90,10250856,0,0,0,0,0,0,0,0,0
200012,39,025,2,3,Clermont County               ,88,88,12068401,0,0,0,4,15,1170500,0,0,0,88,88,12068401,0,0,0,4,15,1170500,0,0,0
200012,39,035,2,3,Cuyahoga County               ,116,116,21096218,2,4,400000,1,4,181878,2,20,833333,83,83,16122053,2,4,400000,0,0,0,0,0,0
200012,39,041,2,3,Delaware County               ,117,117,15237824,0,0,0,0,0,0,0,0,0,43,43,5074504,0,0,0,0,0,0,0,0,0
200012,39,045,2,3,Fairfield County              ,34,34,6018895,0,0,0,0,0,0,0,0,0,27,27,5091723,0,0,0,0,0,0,0,0,0
200012,39,049,2,3,Franklin County               ,242,242,31958430,1,2,200250,5,18,1524871,30,302,11725745,92,92,12844048,0,0,0,3,10,1000000,0,0,0
200012,39,055,2,3,Geauga County                 ,19,19,4482000,0,0,0,0,0,0,0,0,0,19,19,4482000,0,0,0,0,0,0,0,0,0
200012,39,061,2,3,Hamilton County               ,102,102,15476574,0,0,0,5,20,1803267,3,24,1312266,102,102,15476574,0,0,0,5,20,1803267,3,24,1312266
200012,39,085,2,3,Lake County                   ,28,28,6498919,0,0,0,0,0,0,0,0,0,20,20,4877000,0,0,0,0,0,0,0,0,0
200012,39,089,2,3,Licking County                ,59,59,8718788,1,2,300000,0,0,0,0,0,0,59,59,8718788,1,2,300000,0,0,0,0,0,0
200012,39,093,2,3,Lorain County                 ,70,70,14813434,1,2,278000,2,8,440000,0,0,0,64,64,13994259,1,2,278000,2,8,440000,0,0,0
200012,39,097,2,3,Madison County                ,14,14,1445148,0,0,0,0,0,0,0,0,0,14,14,1445148,0,0,0,0,0,0,0,0,0
200012,39,103,2,3,Medina County                 ,72,72,11090485,0,0,0,0,0,0,0,0,0,72,72,11090485,0,0,0,0,0,0,0,0,0
200012,39,129,2,3,Pickaway County               ,14,14,1701027,0,0,0,0,0,0,0,0,0,12,12,1443511,0,0,0,0,0,0,0,0,0
200012,39,133,2,3,Portage County                ,45,45,9344408,0,0,0,0,0,0,0,0,0,43,43,9017215,0,0,0,0,0,0,0,0,0
200012,39,135,2,3,Preble County                 ,6,6,654613,0,0,0,0,0,0,0,0,0,1,1,109000,0,0,0,0,0,0,0,0,0
200012,39,153,2,3,Summit County                 ,105,105,15665565,0,0,0,1,3,225000,1,5,250854,86,86,13586675,0,0,0,1,3,225000,0,0,80000
200012,39,165,2,3,Warren County                 ,145,145,17512147,1,2,273544,0,0,0,4,48,1488000,130,130,15817662,1,2,273544,0,0,0,4,48,1488000
200012,40,001,3,7,Adair County                  ,0,0,0,0,0,0,0,0,0,0,0,0,0,0,0,0,0,0,0,0,0,0,0,0
200012,40,013,3,7,Bryan County                  ,0,0,0,0,0,0,0,0,0,0,0,0,0,0,0,0,0,0,0,0,0,0,0,0
200012,40,085,3,7,Love County                   ,0,0,0,0,0,0,0,0,0,0,0,0,0,0,0,0,0,0,0,0,0,0,0,0
200012,41,000,4,9,Oregon Balance of State       ,9,9,938805,0,0,0,0,0,0,1,8,381469, , , , , , , , , , , , 
200012,41,001,4,9,Baker County                  ,1,1,62703,0,0,0,0,0,0,0,0,0,1,1,62703,0,0,0,0,0,0,0,0,0
200012,41,003,4,9,Benton County                 ,14,14,1825279,0,0,0,0,0,0,2,16,753129,5,5,248237,0,0,0,0,0,0,0,0,0
200012,41,005,4,9,Clackamas County              ,113,113,20715070,1,2,214681,1,3,196154,0,0,0,96,96,18340054,0,0,0,0,0,0,0,0,0
200012,41,007,4,9,Clatsop County                ,9,9,1857264,0,0,0,0,0,0,0,0,0,6,6,1467053,0,0,0,0,0,0,0,0,0
200012,41,009,4,9,Columbia County               ,11,11,1691533,0,0,0,1,4,201077,0,0,0,11,11,1691533,0,0,0,1,4,201077,0,0,0
200012,41,011,4,9,Coos County                   ,1,1,103045,1,2,137478,0,0,0,0,0,0,1,1,103045,0,0,0,0,0,0,0,0,0
200012,41,013,4,9,Crook County                  ,21,21,1939189,0,0,0,0,0,0,0,0,0,21,21,1939189,0,0,0,0,0,0,0,0,0
200012,41,015,4,9,Curry County                  ,5,5,748415,0,0,0,0,0,0,1,5,315250,3,3,464045,0,0,0,0,0,0,0,0,0
200012,41,017,4,9,Deschutes County              ,104,104,16840926,3,6,468048,2,6,436169,0,0,0,62,62,11003905,0,0,0,0,0,0,0,0,0
200012,41,019,4,9,Douglas County                ,8,8,1108045,0,0,0,0,0,0,0,0,0,8,8,1108045,0,0,0,0,0,0,0,0,0
200012,41,021,4,9,Gilliam County                ,0,0,0,0,0,0,0,0,0,0,0,0, , , , , , , , , , , , 
200012,41,025,4,9,Harney County                 ,0,0,0,0,0,0,0,0,0,0,0,0,0,0,0,0,0,0,0,0,0,0,0,0
200012,41,027,4,9,Hood River County             ,7,7,918698,0,0,0,0,0,0,0,0,0,7,7,918698,0,0,0,0,0,0,0,0,0
200012,41,029,4,9,Jackson County                ,104,104,12495303,1,2,172884,1,4,290599,3,32,1998795,62,62,7750967,0,0,0,0,0,0,0,0,0
200012,41,031,4,9,Jefferson County              ,13,13,671190,0,0,0,0,0,0,0,0,0, , , , , , , , , , , , 
200012,41,033,4,9,Josephine County              ,20,20,2305040,0,0,0,0,0,0,1,24,1707461,10,10,1143943,0,0,0,0,0,0,1,24,1707461
200012,41,035,4,9,Klamath County                ,4,4,663021,0,0,0,0,0,0,0,0,0,4,4,663021,0,0,0,0,0,0,0,0,0
200012,41,037,4,9,Lake County                   ,0,0,0,0,0,0,0,0,0,0,0,0,0,0,0,0,0,0,0,0,0,0,0,0
200012,41,039,4,9,Lane County                   ,72,72,10422558,3,6,567500,0,0,0,0,0,0,53,53,8102123,1,2,269856,0,0,0,0,0,0
200012,41,041,4,9,Lincoln County                ,20,20,2448313,0,0,0,0,0,0,0,0,0,19,19,2301072,0,0,0,0,0,0,0,0,0
200012,41,043,4,9,Linn County                   ,13,13,1516475,0,0,0,0,0,0,0,0,0,13,13,1516475,0,0,0,0,0,0,0,0,0
200012,41,045,4,9,Malheur County                ,3,3,314108,0,0,0,0,0,0,0,0,0,3,3,314108,0,0,0,0,0,0,0,0,0
200012,41,047,4,9,Marion County                 ,60,60,9139868,1,2,188076,1,3,162536,2,13,599627,24,24,3674700,0,0,0,0,0,0,0,0,0
200012,41,051,4,9,Multnomah County              ,89,89,12630100,2,4,400315,2,7,570757,5,162,10418759,89,89,12630100,2,4,400315,2,7,570757,5,162,10418759
200012,41,053,4,9,Polk County                   ,4,4,749699,1,2,135553,1,3,263000,0,0,0,4,4,749699,1,2,135553,1,3,263000,0,0,0
200012,41,055,4,9,Sherman County                ,0,0,0,0,0,0,0,0,0,0,0,0, , , , , , , , , , , , 
200012,41,057,4,9,Tillamook County              ,9,9,1176955,0,0,0,0,0,0,0,0,0,8,8,1077543,0,0,0,0,0,0,0,0,0
200012,41,059,4,9,Umatilla County               ,12,12,1491726,0,0,0,0,0,0,0,0,0,12,12,1491726,0,0,0,0,0,0,0,0,0
200012,41,061,4,9,Union County                  ,0,0,0,0,0,0,0,0,0,0,0,0,0,0,0,0,0,0,0,0,0,0,0,0
200012,41,065,4,9,Wasco County                  ,0,0,0,0,0,0,0,0,0,0,0,0,0,0,0,0,0,0,0,0,0,0,0,0
200012,41,067,4,9,Washington County             ,275,275,43598229,1,2,288541,2,8,641318,0,0,0,257,257,40980049,1,2,288541,2,8,641318,0,0,0
200012,41,069,4,9,Wheeler County                ,0,0,0,0,0,0,0,0,0,0,0,0, , , , , , , , , , , , 
200012,41,071,4,9,Yamhill County                ,24,24,2926783,2,4,328225,0,0,0,1,9,270874,14,14,1769310,1,2,161000,0,0,0,0,0,0
200012,42,001,1,2,Adams County                  ,43,43,4647568,0,0,0,0,0,0,0,0,0,43,43,4647568,0,0,0,0,0,0,0,0,0
200012,42,003,1,2,Allegheny County              ,183,183,34174775,0,0,0,0,0,0,4,26,1126587,172,172,32659729,0,0,0,0,0,0,2,11,385000
200012,42,007,1,2,Beaver County                 ,19,19,1918742,0,0,0,0,0,0,0,0,0,12,12,1146607,0,0,0,0,0,0,0,0,0
200012,42,017,1,2,Bucks County                  ,125,125,17515615,0,0,0,5,20,1813200,2,12,711543,112,112,15822349,0,0,0,5,20,1813200,1,7,461000
200012,42,019,1,2,Butler County                 ,43,43,5444963,0,0,0,0,0,0,0,0,0,10,10,1201602,0,0,0,0,0,0,0,0,0
200012,42,029,1,2,Chester County                ,174,174,25844005,0,0,0,0,0,0,0,0,0,149,149,22565878,0,0,0,0,0,0,0,0,0
200012,42,045,1,2,Delaware County               ,60,60,9278979,0,0,0,0,0,0,2,12,822247,18,18,3293083,0,0,0,0,0,0,0,0,0
200012,42,051,1,2,Fayette County                ,17,17,892037,0,0,0,0,0,0,0,0,0,0,0,0,0,0,0,0,0,0,0,0,0
200012,42,055,1,2,Franklin County               ,23,23,2398286,2,4,240667,1,3,172667,0,0,0, , , , , , , , , , , , 
200012,42,065,1,2,Jefferson County              ,12,12,600000,0,0,0,0,0,0,0,0,0,12,12,600000,0,0,0,0,0,0,0,0,0
200012,42,091,1,2,Montgomery County             ,163,163,16956385,1,2,120000,0,0,0,0,0,0,114,114,11157846,0,0,0,0,0,0,0,0,0
200012,42,101,1,2,Philadelphia County           ,3,3,394427,0,0,0,0,0,0,0,0,0,3,3,394427,0,0,0,0,0,0,0,0,0
200012,42,103,1,2,Pike County                   ,29,29,4158520,0,0,0,0,0,0,0,0,0,25,25,3684601,0,0,0,0,0,0,0,0,0
200012,42,125,1,2,Washington County             ,44,44,5967356,2,4,350000,0,0,0,0,0,0,39,39,5577820,2,4,350000,0,0,0,0,0,0
200012,42,129,1,2,Westmoreland County           ,48,48,7472821,1,2,20000,1,3,26000,1,5,125000,17,17,2930576,0,0,0,0,0,0,0,0,0
200012,44,001,1,1,Bristol County                ,7,7,816591,0,0,0,0,0,0,0,0,0,4,4,492000,0,0,0,0,0,0,0,0,0
200012,44,003,1,1,Kent County                   ,27,27,2812309,0,0,0,0,0,0,0,0,0,10,10,964875,0,0,0,0,0,0,0,0,0
200012,44,005,1,1,Newport County                ,21,21,2968000,0,0,0,0,0,0,1,51,3200000,21,21,2968000,0,0,0,0,0,0,1,51,3200000
200012,44,007,1,1,Providence County             ,52,52,6880988,2,4,108256,1,3,58750,0,0,0,45,45,6484679,0,0,0,0,0,0,0,0,0
200012,44,009,1,1,Washington County             ,60,60,7609275,0,0,0,0,0,0,0,0,0,44,44,5558767,0,0,0,0,0,0,0,0,0
200012,45,001,3,5,Abbeville County              ,4,4,364286,0,0,0,0,0,0,0,0,0, , , , , , , , , , , , 
200012,45,003,3,5,Aiken County                  ,37,37,4045689,0,0,0,0,0,0,0,0,0,23,23,2369048,0,0,0,0,0,0,0,0,0
200012,45,007,3,5,Anderson County               ,51,51,6492329,0,0,0,0,0,0,1,8,190000,51,51,6492329,0,0,0,0,0,0,1,8,190000
200012,45,015,3,5,Berkeley County               ,43,43,4653372,0,0,0,0,0,0,0,0,0,22,22,2352556,0,0,0,0,0,0,0,0,0
200012,45,023,3,5,Chester County                ,7,7,480029,0,0,0,0,0,0,0,0,0,7,7,480029,0,0,0,0,0,0,0,0,0
200012,45,037,3,5,Edgefield County              ,7,7,678567,0,0,0,0,0,0,0,0,0, , , , , , , , , , , , 
200012,45,045,3,5,Greenville County             ,141,141,13096733,0,0,0,0,0,0,0,0,0,138,138,12698601,0,0,0,0,0,0,0,0,0
200012,45,047,3,5,Greenwood County              ,10,10,795261,0,0,0,0,0,0,0,0,0,10,10,795261,0,0,0,0,0,0,0,0,0
200012,45,053,3,5,Jasper County                 ,0,0,0,0,0,0,0,0,0,0,0,0,0,0,0,0,0,0,0,0,0,0,0,0
200012,45,073,3,5,Oconee County                 ,34,34,5512040,0,0,0,0,0,0,0,0,0,34,34,5512040,0,0,0,0,0,0,0,0,0
200012,45,077,3,5,Pickens County                ,43,43,7352947,0,0,0,0,0,0,1,10,571292,39,39,6728424,0,0,0,0,0,0,0,0,0
200012,45,081,3,5,Saluda County                 ,4,4,458000,0,0,0,0,0,0,0,0,0,4,4,458000,0,0,0,0,0,0,0,0,0
200012,45,085,3,5,Sumter County                 ,10,10,1808813,0,0,0,0,0,0,0,0,0,10,10,1808813,0,0,0,0,0,0,0,0,0
200012,45,087,3,5,Union County                  ,5,5,747000,0,0,0,0,0,0,0,0,0,5,5,747000,0,0,0,0,0,0,0,0,0
200012,45,091,3,5,York County                   ,129,129,17284582,0,0,0,0,0,0,15,356,14520000,129,129,17284582,0,0,0,0,0,0,15,356,14520000
200012,46,007,2,4,Bennett County                ,0,0,0,0,0,0,0,0,0,0,0,0,0,0,0,0,0,0,0,0,0,0,0,0
200012,46,027,2,4,Clay County                   ,2,2,192240,0,0,0,0,0,0,0,0,0,1,1,70000,0,0,0,0,0,0,0,0,0
200012,46,079,2,4,Lake County                   ,0,0,0,0,0,0,0,0,0,0,0,0,0,0,0,0,0,0,0,0,0,0,0,0
200012,46,093,2,4,Meade County                  ,3,3,376707,0,0,0,0,0,0,0,0,0,2,2,298000,0,0,0,0,0,0,0,0,0
200012,46,095,2,4,Mellette County               ,0,0,0,0,0,0,0,0,0,0,0,0,0,0,0,0,0,0,0,0,0,0,0,0
200012,46,121,2,4,Todd County                   ,0,0,0,0,0,0,0,0,0,0,0,0,0,0,0,0,0,0,0,0,0,0,0,0
200012,47,011,3,6,Bradley County                ,25,25,2095120,3,6,177600,0,0,0,0,0,0,25,25,2095120,3,6,177600,0,0,0,0,0,0
200012,47,021,3,6,Cheatham County               ,11,11,1073442,0,0,0,0,0,0,1,7,284179,0,0,0,0,0,0,0,0,0,0,0,0
200012,47,025,3,6,Claiborne County              ,12,12,900000,0,0,0,0,0,0,0,0,0,12,12,900000,0,0,0,0,0,0,0,0,0
200012,47,031,3,6,Coffee County                 ,4,4,783153,0,0,0,0,0,0,0,0,0,4,4,783153,0,0,0,0,0,0,0,0,0
200012,47,037,3,6,Davidson County               ,156,156,28957804,0,0,0,0,0,0,0,0,0,156,156,28957804,0,0,0,0,0,0,0,0,0
200012,47,043,3,6,Dickson County                ,9,9,982288,0,0,0,0,0,0,0,0,0,7,7,866591,0,0,0,0,0,0,0,0,0
200012,47,047,3,6,Fayette County                ,3,3,323000,0,0,0,0,0,0,0,0,0,3,3,323000,0,0,0,0,0,0,0,0,0
200012,47,063,3,6,Hamblen County                ,4,4,640000,0,0,0,0,0,0,1,11,383000,4,4,640000,0,0,0,0,0,0,1,11,383000
200012,47,081,3,6,Hickman County                ,0,0,0,0,0,0,0,0,0,0,0,0,0,0,0,0,0,0,0,0,0,0,0,0
200012,47,093,3,6,Knox County                   ,123,123,13063828,0,0,0,2,7,619500,8,105,3249912,96,96,11255500,0,0,0,1,4,480000,6,72,2585000
200012,47,113,3,6,Madison County                ,22,22,2166500,0,0,0,0,0,0,0,0,0,22,22,2166500,0,0,0,0,0,0,0,0,0
200012,47,125,3,6,Montgomery County             ,42,42,3336920,0,0,0,0,0,0,1,8,280000,19,19,1340600,0,0,0,0,0,0,1,8,280000
200012,47,127,3,6,Moore County                  ,2,2,90000,0,0,0,0,0,0,0,0,0,2,2,90000,0,0,0,0,0,0,0,0,0
200012,47,147,3,6,Robertson County              ,25,25,2360059,0,0,0,0,0,0,0,0,0,9,9,1193440,0,0,0,0,0,0,0,0,0
200012,47,149,3,6,Rutherford County             ,161,161,14099836,0,0,0,0,0,0,21,220,6190400,160,160,14046113,0,0,0,0,0,0,21,220,6190400
200012,47,151,3,6,Scott County                  ,0,0,0,0,0,0,0,0,0,0,0,0,0,0,0,0,0,0,0,0,0,0,0,0
200012,47,157,3,6,Shelby County                 ,258,258,35366230,0,0,0,0,0,0,4,44,2032433,218,218,25719192,0,0,0,0,0,0,0,0,0
200012,47,165,3,6,Sumner County                 ,46,46,3960547,0,0,0,0,0,0,0,0,0,46,46,3960547,0,0,0,0,0,0,0,0,0
200012,47,167,3,6,Tipton County                 ,27,27,2152075,0,0,0,0,0,0,0,0,0,12,12,987665,0,0,0,0,0,0,0,0,0
200012,47,177,3,6,Warren County                 ,0,0,0,0,0,0,0,0,0,0,0,0,0,0,0,0,0,0,0,0,0,0,0,0
200012,47,187,3,6,Williamson County             ,107,107,21499932,0,0,0,0,0,0,0,0,0,4,4,318518,0,0,0,0,0,0,0,0,0
200012,47,189,3,6,Wilson County                 ,34,34,5207111,0,0,0,0,0,0,0,0,0,34,34,5207111,0,0,0,0,0,0,0,0,0
200012,48,039,3,7,Brazoria County               ,99,99,12824409,0,0,0,0,0,0,0,0,0,66,66,9577598,0,0,0,0,0,0,0,0,0
200012,48,041,3,7,Brazos County                 ,47,47,5279080,0,0,0,0,0,0,5,96,3468120,47,47,5279080,0,0,0,0,0,0,5,96,3468120
200012,48,063,3,7,Camp County                   ,0,0,0,0,0,0,0,0,0,0,0,0,0,0,0,0,0,0,0,0,0,0,0,0
200012,48,071,3,7,Chambers County               ,15,15,1450585,0,0,0,0,0,0,0,0,0,4,4,628301,0,0,0,0,0,0,0,0,0
200012,48,083,3,7,Coleman County                ,1,1,30000,0,0,0,0,0,0,0,0,0,1,1,30000,0,0,0,0,0,0,0,0,0
200012,48,085,3,7,Collin County                 ,738,738,116020741,0,0,0,0,0,0,0,0,0,728,728,113909937,0,0,0,0,0,0,0,0,0
200012,48,113,3,7,Dallas County                 ,592,592,110259416,0,0,0,0,0,0,2,529,51689383,558,558,104419152,0,0,0,0,0,0,2,529,51689383
200012,48,121,3,7,Denton County                 ,394,394,60477585,0,0,0,0,0,0,1,16,806452,311,311,40659818,0,0,0,0,0,0,0,0,0
200012,48,135,3,7,Ector County                  ,7,7,827182,0,0,0,0,0,0,0,0,0, , , , , , , , , , , , 
200012,48,139,3,7,Ellis County                  ,38,38,4274634,0,0,0,0,0,0,0,0,0,27,27,3133410,0,0,0,0,0,0,0,0,0
200012,48,151,3,7,Fisher County                 ,0,0,0,0,0,0,0,0,0,0,0,0,0,0,0,0,0,0,0,0,0,0,0,0
200012,48,157,3,7,Fort Bend County              ,57,57,5981115,0,0,0,0,0,0,0,0,0,57,57,5981115,0,0,0,0,0,0,0,0,0
200012,48,167,3,7,Galveston County              ,164,164,24624436,0,0,0,1,3,139840,0,0,0,162,162,24460538,0,0,0,0,0,0,0,0,0
200012,48,169,3,7,Garza County                  ,0,0,0,0,0,0,0,0,0,0,0,0,0,0,0,0,0,0,0,0,0,0,0,0
200012,48,201,3,7,Harris County                 ,1277,1277,177090401,1,2,122459,0,0,0,15,317,16512534,1256,1256,171789799,1,2,122459,0,0,0,15,317,16512534
200012,48,207,3,7,Haskell County                ,0,0,0,0,0,0,0,0,0,0,0,0, , , , , , , , , , , , 
200012,48,211,3,7,Hemphill County               ,0,0,0,0,0,0,0,0,0,0,0,0,0,0,0,0,0,0,0,0,0,0,0,0
200012,48,213,3,7,Henderson County              ,9,9,888752,0,0,0,0,0,0,0,0,0,4,4,460000,0,0,0,0,0,0,0,0,0
200012,48,221,3,7,Hood County                   ,0,0,0,0,0,0,0,0,0,0,0,0,0,0,0,0,0,0,0,0,0,0,0,0
200012,48,231,3,7,Hunt County                   ,3,3,227500,0,0,0,0,0,0,0,0,0,3,3,227500,0,0,0,0,0,0,0,0,0
200012,48,251,3,7,Johnson County                ,39,39,3970549,0,0,0,1,3,75000,0,0,0,38,38,3866993,0,0,0,0,0,0,0,0,0
200012,48,257,3,7,Kaufman County                ,9,9,802115,0,0,0,0,0,0,0,0,0,7,7,611270,0,0,0,0,0,0,0,0,0
200012,48,265,3,7,Kerr County                   ,3,3,354000,0,0,0,0,0,0,0,0,0,3,3,354000,0,0,0,0,0,0,0,0,0
200012,48,291,3,7,Liberty County                ,13,13,1034500,0,0,0,0,0,0,0,0,0,13,13,1034500,0,0,0,0,0,0,0,0,0
200012,48,319,3,7,Mason County                  ,0,0,0,0,0,0,0,0,0,0,0,0,0,0,0,0,0,0,0,0,0,0,0,0
200012,48,323,3,7,Maverick County               ,5,5,272077,0,0,0,0,0,0,0,0,0,5,5,272077,0,0,0,0,0,0,0,0,0
200012,48,329,3,7,Midland County                ,9,9,1009513,0,0,0,0,0,0,0,0,0, , , , , , , , , , , , 
200012,48,339,3,7,Montgomery County             ,303,303,50880546,2,4,112000,0,0,0,0,0,0,303,303,50880546,2,4,112000,0,0,0,0,0,0
200012,48,367,3,7,Parker County                 ,11,11,1677105,0,0,0,0,0,0,0,0,0,11,11,1677105,0,0,0,0,0,0,0,0,0
200012,48,375,3,7,Potter County                 ,46,46,6187171,1,2,195037,0,0,0,0,0,0,46,46,6187171,1,2,195037,0,0,0,0,0,0
200012,48,397,3,7,Rockwall County               ,90,90,19502613,0,0,0,0,0,0,0,0,0,90,90,19502613,0,0,0,0,0,0,0,0,0
200012,48,437,3,7,Swisher County                ,0,0,0,0,0,0,0,0,0,0,0,0, , , , , , , , , , , , 
200012,48,439,3,7,Tarrant County                ,635,635,89945220,1,2,165442,0,0,0,1,5,126922,572,572,76891958,1,2,165442,0,0,0,0,0,0
200012,48,451,3,7,Tom Green County              ,13,13,1525275,0,0,0,0,0,0,0,0,0,13,13,1525275,0,0,0,0,0,0,0,0,0
200012,48,465,3,7,Val Verde County              ,6,6,323712,0,0,0,0,0,0,0,0,0, , , , , , , , , , , , 
200012,48,469,3,7,Victoria County               ,12,12,1095504,0,0,0,0,0,0,0,0,0,12,12,1095504,0,0,0,0,0,0,0,0,0
200012,48,473,3,7,Waller County                 ,0,0,0,0,0,0,0,0,0,1,5,250000,0,0,0,0,0,0,0,0,0,0,0,0
200012,48,479,3,7,Webb County                   ,94,94,6040196,0,0,0,0,0,0,0,0,0,94,94,6040196,0,0,0,0,0,0,0,0,0
200012,49,011,4,8,Davis County                  ,99,99,13879216,0,0,0,0,0,0,0,0,0,91,91,13256042,0,0,0,0,0,0,0,0,0
200012,49,035,4,8,Salt Lake County              ,210,210,26900108,1,2,182343,7,23,1846069,0,0,0,162,162,20242600,0,0,0,6,19,1549199,0,0,0
200012,49,039,4,8,Sanpete County                ,4,4,423641,0,0,0,3,12,551946,4,30,1265626,4,4,423641,0,0,0,3,12,551946,4,30,1265626
200012,49,057,4,8,Weber County                  ,78,78,8372913,3,6,522957,1,4,235522,1,18,836948,34,34,3626019,1,2,152598,1,4,235522,0,0,0
200012,50,013,1,1,Grand Isle County             ,1,1,131476,0,0,0,0,0,0,0,0,0,1,1,131476,0,0,0,0,0,0,0,0,0
200012,51,003,3,5,Albemarle County              ,39,39,7979741,2,4,303358,0,0,0,0,0,0, , , , , , , , , , , , 
200012,51,007,3,5,Amelia County                 ,7,7,854524,0,0,0,0,0,0,0,0,0,7,7,854524,0,0,0,0,0,0,0,0,0
200012,51,009,3,5,Amherst County                ,3,3,239500,0,0,0,0,0,0,0,0,0,3,3,239500,0,0,0,0,0,0,0,0,0
200012,51,013,3,5,Arlington County              ,12,12,1399806,0,0,0,0,0,0,0,0,0,12,12,1399806,0,0,0,0,0,0,0,0,0
200012,51,015,3,5,Augusta County                ,24,24,2761735,0,0,0,0,0,0,0,0,0,24,24,2761735,0,0,0,0,0,0,0,0,0
200012,51,019,3,5,Bedford County                ,20,20,3372000,0,0,0,0,0,0,0,0,0,20,20,3372000,0,0,0,0,0,0,0,0,0
200012,51,023,3,5,Botetourt County              ,7,7,1228000,0,0,0,0,0,0,0,0,0,7,7,1228000,0,0,0,0,0,0,0,0,0
200012,51,029,3,5,Buckingham County             ,2,2,190000,0,0,0,0,0,0,0,0,0,2,2,190000,0,0,0,0,0,0,0,0,0
200012,51,031,3,5,Campbell County               ,4,4,584999,0,0,0,0,0,0,0,0,0,4,4,584999,0,0,0,0,0,0,0,0,0
200012,51,035,3,5,Carroll County                ,5,5,454581,0,0,0,0,0,0,1,10,500000,5,5,454581,0,0,0,0,0,0,1,10,500000
200012,51,036,3,5,Charles City County           ,5,5,488450,0,0,0,0,0,0,0,0,0,5,5,488450,0,0,0,0,0,0,0,0,0
200012,51,037,3,5,Charlotte County              ,7,7,311580,0,0,0,0,0,0,0,0,0,7,7,311580,0,0,0,0,0,0,0,0,0
200012,51,041,3,5,Chesterfield County           ,111,111,12154698,0,0,0,0,0,0,0,0,0,111,111,12154698,0,0,0,0,0,0,0,0,0
200012,51,043,3,5,Clarke County                 ,2,2,314055,0,0,0,0,0,0,0,0,0,2,2,314055,0,0,0,0,0,0,0,0,0
200012,51,047,3,5,Culpeper County               ,20,20,2267873,0,0,0,0,0,0,1,5,221406, , , , , , , , , , , , 
200012,51,049,3,5,Cumberland County             ,2,2,144000,0,0,0,0,0,0,0,0,0,2,2,144000,0,0,0,0,0,0,0,0,0
200012,51,053,3,5,Dinwiddie County              ,12,12,1150390,0,0,0,0,0,0,0,0,0,12,12,1150390,0,0,0,0,0,0,0,0,0
200012,51,057,3,5,Essex County                  ,2,2,498089,0,0,0,0,0,0,0,0,0,2,2,498089,0,0,0,0,0,0,0,0,0
200012,51,059,3,5,Fairfax County                ,315,315,36760132,0,0,0,0,0,0,7,216,11251443,312,312,36394956,0,0,0,0,0,0,7,216,11251443
200012,51,061,3,5,Fauquier County               ,42,42,6307236,0,0,0,0,0,0,0,0,0,42,42,6307236,0,0,0,0,0,0,0,0,0
200012,51,063,3,5,Floyd County                  ,5,5,445646,0,0,0,0,0,0,0,0,0,5,5,445646,0,0,0,0,0,0,0,0,0
200012,51,065,3,5,Fluvanna County               ,28,28,3618400,0,0,0,0,0,0,0,0,0,28,28,3618400,0,0,0,0,0,0,0,0,0
200012,51,067,3,5,Franklin County               ,25,25,3988000,1,2,100000,0,0,0,0,0,0,25,25,3988000,1,2,100000,0,0,0,0,0,0
200012,51,069,3,5,Frederick County              ,25,25,3436800,0,0,0,0,0,0,0,0,0,25,25,3436800,0,0,0,0,0,0,0,0,0
200012,51,073,3,5,Gloucester County             ,16,16,1829800,0,0,0,0,0,0,0,0,0,16,16,1829800,0,0,0,0,0,0,0,0,0
200012,51,075,3,5,Goochland County              ,10,10,1679950,0,0,0,0,0,0,0,0,0,10,10,1679950,0,0,0,0,0,0,0,0,0
200012,51,077,3,5,Grayson County                ,7,7,467024,0,0,0,0,0,0,0,0,0, , , , , , , , , , , , 
200012,51,079,3,5,Greene County                 ,14,14,1181906,0,0,0,0,0,0,0,0,0, , , , , , , , , , , , 
200012,51,085,3,5,Hanover County                ,63,63,7348982,0,0,0,0,0,0,0,0,0,63,63,7348982,0,0,0,0,0,0,0,0,0
200012,51,087,3,5,Henrico County                ,101,101,11781700,0,0,0,0,0,0,0,0,0,101,101,11781700,0,0,0,0,0,0,0,0,0
200012,51,089,3,5,Henry County                  ,5,5,529500,0,0,0,0,0,0,0,0,0,5,5,529500,0,0,0,0,0,0,0,0,0
200012,51,093,3,5,Isle of Wight County          ,17,17,2137177,0,0,0,0,0,0,0,0,0, , , , , , , , , , , , 
200012,51,095,3,5,James City County             ,46,46,5365923,0,0,0,0,0,0,0,0,0,46,46,5365923,0,0,0,0,0,0,0,0,0
200012,51,099,3,5,King George County            ,7,7,816554,0,0,0,0,0,0,0,0,0,7,7,816554,0,0,0,0,0,0,0,0,0
200012,51,101,3,5,King William County           ,5,5,1218900,0,0,0,0,0,0,0,0,0,5,5,1218900,0,0,0,0,0,0,0,0,0
200012,51,103,3,5,Lancaster County              ,3,3,650000,0,0,0,0,0,0,0,0,0,3,3,650000,0,0,0,0,0,0,0,0,0
200012,51,105,3,5,Lee County                    ,2,2,97000,0,0,0,0,0,0,0,0,0,2,2,97000,0,0,0,0,0,0,0,0,0
200012,51,107,3,5,Loudoun County                ,258,258,28633196,0,0,0,0,0,0,1,13,520000,258,258,28633196,0,0,0,0,0,0,1,13,520000
200012,51,109,3,5,Louisa County                 ,12,12,1310000,0,0,0,0,0,0,0,0,0,12,12,1310000,0,0,0,0,0,0,0,0,0
200012,51,111,3,5,Lunenburg County              ,1,1,85890,0,0,0,0,0,0,0,0,0,1,1,85890,0,0,0,0,0,0,0,0,0
200012,51,113,3,5,Madison County                ,5,5,526750,0,0,0,0,0,0,0,0,0,5,5,526750,0,0,0,0,0,0,0,0,0
200012,51,115,3,5,Mathews County                ,6,6,614000,0,0,0,0,0,0,0,0,0,6,6,614000,0,0,0,0,0,0,0,0,0
200012,51,119,3,5,Middlesex County              ,2,2,350000,0,0,0,0,0,0,0,0,0,2,2,350000,0,0,0,0,0,0,0,0,0
200012,51,121,3,5,Montgomery County             ,23,23,2403222,0,0,0,0,0,0,1,12,480000,16,16,1367000,0,0,0,0,0,0,1,12,480000
200012,51,125,3,5,Nelson County                 ,6,6,1050000,0,0,0,0,0,0,0,0,0,6,6,1050000,0,0,0,0,0,0,0,0,0
200012,51,127,3,5,New Kent County               ,9,9,834891,0,0,0,0,0,0,0,0,0, , , , , , , , , , , , 
200012,51,131,3,5,Northampton County            ,5,5,568766,0,0,0,0,0,0,1,46,1300000,5,5,568766,0,0,0,0,0,0,1,46,1300000
200012,51,133,3,5,Northumberland County         ,6,6,927244,0,0,0,0,0,0,0,0,0, , , , , , , , , , , , 
200012,51,137,3,5,Orange County                 ,9,9,1371400,0,0,0,0,0,0,0,0,0,9,9,1371400,0,0,0,0,0,0,0,0,0
200012,51,139,3,5,Page County                   ,5,5,296500,0,0,0,0,0,0,0,0,0,5,5,296500,0,0,0,0,0,0,0,0,0
200012,51,141,3,5,Patrick County                ,4,4,447000,0,0,0,0,0,0,0,0,0,4,4,447000,0,0,0,0,0,0,0,0,0
200012,51,143,3,5,Pittsylvania County           ,17,17,1646761,0,0,0,0,0,0,0,0,0, , , , , , , , , , , , 
200012,51,145,3,5,Powhatan County               ,19,19,1953762,0,0,0,0,0,0,0,0,0, , , , , , , , , , , , 
200012,51,147,3,5,Prince Edward County          ,4,4,344969,0,0,0,0,0,0,0,0,0, , , , , , , , , , , , 
200012,51,149,3,5,Prince George County          ,9,9,867000,0,0,0,0,0,0,0,0,0,9,9,867000,0,0,0,0,0,0,0,0,0
200012,51,153,3,5,Prince William County         ,298,298,34662704,0,0,0,0,0,0,2,24,500000,298,298,34662704,0,0,0,0,0,0,2,24,500000
200012,51,157,3,5,Rappahannock County           ,2,2,213205,0,0,0,0,0,0,0,0,0, , , , , , , , , , , , 
200012,51,161,3,5,Roanoke County                ,20,20,1104427,0,0,0,0,0,0,0,0,0,20,20,1104427,0,0,0,0,0,0,0,0,0
200012,51,163,3,5,Rockbridge County             ,9,9,963192,0,0,0,1,3,963730,0,0,0, , , , , , , , , , , , 
200012,51,165,3,5,Rockingham County             ,17,17,1998543,1,2,146500,0,0,0,0,0,0,0,0,0,0,0,0,0,0,0,0,0,0
200012,51,167,3,5,Russell County                ,4,4,345000,0,0,0,0,0,0,0,0,0,4,4,345000,0,0,0,0,0,0,0,0,0
200012,51,169,3,5,Scott County                  ,1,1,84000,0,0,0,0,0,0,0,0,0,1,1,84000,0,0,0,0,0,0,0,0,0
200012,51,171,3,5,Shenandoah County             ,15,15,1337000,0,0,0,0,0,0,1,12,249990,15,15,1337000,0,0,0,0,0,0,1,12,249990
200012,51,173,3,5,Smyth County                  ,3,3,327018,0,0,0,0,0,0,0,0,0,3,3,327018,0,0,0,0,0,0,0,0,0
200012,51,175,3,5,Southampton County            ,4,4,380093,0,0,0,0,0,0,0,0,0, , , , , , , , , , , , 
200012,51,177,3,5,Spotsylvania County           ,94,94,12249581,0,0,0,0,0,0,1,9,353571, , , , , , , , , , , , 
200012,51,179,3,5,Stafford County               ,67,67,9650793,0,0,0,0,0,0,3,39,1680000,67,67,9650793,0,0,0,0,0,0,3,39,1680000
200012,51,181,3,5,Surry County                  ,2,2,142310,0,0,0,0,0,0,0,0,0, , , , , , , , , , , , 
200012,51,185,3,5,Tazewell County               ,1,1,40521,0,0,0,0,0,0,0,0,0,1,1,40521,0,0,0,0,0,0,0,0,0
200012,51,187,3,5,Warren County                 ,14,14,1713000,0,0,0,0,0,0,0,0,0,14,14,1713000,0,0,0,0,0,0,0,0,0
200012,51,191,3,5,Washington County             ,12,12,685230,0,0,0,0,0,0,0,0,0,12,12,685230,0,0,0,0,0,0,0,0,0
200012,51,193,3,5,Westmoreland County           ,3,3,314702,0,0,0,0,0,0,0,0,0, , , , , , , , , , , , 
200012,51,197,3,5,Wythe County                  ,4,4,329500,0,0,0,0,0,0,0,0,0,4,4,329500,0,0,0,0,0,0,0,0,0
200012,51,199,3,5,York County                   ,37,37,3964776,0,0,0,0,0,0,2,13,518384, , , , , , , , , , , , 
200012,51,510,3,5,Alexandria (Independent City) ,41,41,4773974,0,0,0,1,3,198826,1,26,1350079, , , , , , , , , , , , 
200012,51,540,3,5,Charlottesville (Independent C,3,3,255890,0,0,0,0,0,0,0,0,0, , , , , , , , , , , , 
200012,51,550,3,5,Chesapeake(Independent City)  ,56,56,6532428,0,0,0,0,0,0,0,0,0,56,56,6532428,0,0,0,0,0,0,0,0,0
200012,51,560,3,5,Clifton Forge (Independent Cit,0,0,0,0,0,0,0,0,0,0,0,0,0,0,0,0,0,0,0,0,0,0,0,0
200012,51,570,3,5,Colonial Heights (Independent ,1,1,150000,0,0,0,0,0,0,0,0,0,1,1,150000,0,0,0,0,0,0,0,0,0
200012,51,590,3,5,Danville (Independent City)   ,2,2,249376,0,0,0,0,0,0,0,0,0, , , , , , , , , , , , 
200012,51,600,3,5,Fairfax (Independent City)    ,12,12,1421000,0,0,0,0,0,0,0,0,0,12,12,1421000,0,0,0,0,0,0,0,0,0
200012,51,610,3,5,Falls Church (Independent City,0,0,0,0,0,0,0,0,0,0,0,0, , , , , , , , , , , , 
200012,51,620,3,5,Franklin (Independent City)   ,0,0,0,0,0,0,0,0,0,0,0,0, , , , , , , , , , , , 
200012,51,630,3,5,Fredericksburg(Independent Cit,3,3,99500,0,0,0,0,0,0,0,0,0,3,3,99500,0,0,0,0,0,0,0,0,0
200012,51,650,3,5,Hampton (Independent City)    ,22,22,1666610,0,0,0,0,0,0,0,0,0, , , , , , , , , , , , 
200012,51,660,3,5,Harrisonburg (Independent City,5,5,400000,0,0,0,0,0,0,0,0,0,5,5,400000,0,0,0,0,0,0,0,0,0
200012,51,670,3,5,Hopewell (Independent City)   ,0,0,0,0,0,0,0,0,0,0,0,0,0,0,0,0,0,0,0,0,0,0,0,0
200012,51,680,3,5,Lynchburg (Independent City)  ,12,12,1664000,0,0,0,0,0,0,0,0,0,12,12,1664000,0,0,0,0,0,0,0,0,0
200012,51,683,3,5,Manassas (Independent City)   ,18,18,1390000,0,0,0,0,0,0,0,0,0,18,18,1390000,0,0,0,0,0,0,0,0,0
200012,51,685,3,5,Manassas Park (Independent Cit,15,15,1075005,0,0,0,0,0,0,0,0,0, , , , , , , , , , , , 
200012,51,700,3,5,Newport News (Independent City,35,35,2396000,0,0,0,0,0,0,0,0,0,35,35,2396000,0,0,0,0,0,0,0,0,0
200012,51,710,3,5,Norfolk (Independent City)    ,6,6,699903,1,2,122459,0,0,0,0,0,0,6,6,699903,1,2,122459,0,0,0,0,0,0
200012,51,730,3,5,Petersburg (Independent City) ,3,3,132842,0,0,0,0,0,0,0,0,0, , , , , , , , , , , , 
200012,51,735,3,5,Poquoson (Independent City)   ,1,1,132000,0,0,0,0,0,0,0,0,0,1,1,132000,0,0,0,0,0,0,0,0,0
200012,51,740,3,5,Portsmouth (Independent City) ,16,16,1866408,0,0,0,0,0,0,0,0,0,16,16,1866408,0,0,0,0,0,0,0,0,0
200012,51,750,3,5,Radford (Independent City)    ,1,1,350000,0,0,0,0,0,0,0,0,0,1,1,350000,0,0,0,0,0,0,0,0,0
200012,51,760,3,5,Richmond (Independent City)   ,15,15,1257173,0,0,0,0,0,0,0,0,0,15,15,1257173,0,0,0,0,0,0,0,0,0
200012,51,770,3,5,Roanoke (Independent City)    ,6,6,545448,2,4,199680,0,0,0,0,0,0,6,6,545448,2,4,199680,0,0,0,0,0,0
200012,51,775,3,5,Salem (Independent City)      ,3,3,271231,0,0,0,0,0,0,0,0,0,3,3,271231,0,0,0,0,0,0,0,0,0
200012,51,790,3,5,Staunton (Independent City)   ,3,3,157900,0,0,0,0,0,0,0,0,0,3,3,157900,0,0,0,0,0,0,0,0,0
200012,51,800,3,5,Suffolk (Independent City)    ,52,52,4730171,0,0,0,0,0,0,1,10,27244, , , , , , , , , , , , 
200012,51,810,3,5,Virginia Beach (Independent Ci,74,74,8632137,0,0,0,0,0,0,2,16,833440,74,74,8632137,0,0,0,0,0,0,2,16,833440
200012,51,820,3,5,Waynesboro (Independent City) ,4,4,428108,0,0,0,0,0,0,0,0,0,4,4,428108,0,0,0,0,0,0,0,0,0
200012,51,830,3,5,Williamsburg (Independent City,1,1,450000,0,0,0,1,4,120000,0,0,0,1,1,450000,0,0,0,1,4,120000,0,0,0
200012,51,840,3,5,Winchester (Independent City) ,4,4,516611,0,0,0,0,0,0,0,0,0, , , , , , , , , , , , 
200012,53,011,4,9,Clark County                  ,214,214,27695916,2,4,273669,1,4,257389,4,125,8409452,150,150,21974379,0,0,0,0,0,0,1,81,5209380
200012,53,029,4,9,Island County                 ,43,43,5962847,5,10,849489,0,0,0,0,0,0,43,43,5962847,5,10,849489,0,0,0,0,0,0
200012,53,031,4,9,Jefferson County              ,17,17,2033310,0,0,0,0,0,0,0,0,0,17,17,2033310,0,0,0,0,0,0,0,0,0
200012,53,033,4,9,King County                   ,266,266,54377868,13,26,2656814,9,31,3212891,17,676,47539482,230,230,46339485,12,24,2293816,8,27,2655986,14,644,44406327
200012,53,035,4,9,Kitsap County                 ,67,67,8348915,1,2,94035,0,0,0,0,0,0,49,49,4918351,1,2,94035,0,0,0,0,0,0
200012,53,053,4,9,Pierce County                 ,253,253,30059520,5,10,754515,4,15,1370042,0,0,0,237,237,28010491,5,10,754515,3,12,1120292,0,0,0
200012,53,061,4,9,Snohomish County              ,235,235,28490532,9,18,1661873,4,15,1762439,52,363,30746654,129,129,17153307,7,14,1422117,3,12,1262822,48,338,29148766
200012,53,067,4,9,Thurston County               ,86,86,10902928,0,0,0,0,0,0,4,57,2618248,66,66,8880374,0,0,0,0,0,0,3,48,2205682
200012,54,003,3,5,Berkeley County               ,51,51,5253758,0,0,0,0,0,0,0,0,0,4,4,253000,0,0,0,0,0,0,0,0,0
200012,54,011,3,5,Cabell County                 ,3,3,525000,0,0,0,0,0,0,0,0,0,3,3,525000,0,0,0,0,0,0,0,0,0
200012,54,031,3,5,Hardy County                  ,2,2,259000,0,0,0,0,0,0,0,0,0,2,2,259000,0,0,0,0,0,0,0,0,0
200012,54,037,3,5,Jefferson County              ,27,27,3170953,0,0,0,0,0,0,1,5,245047,3,3,384000,0,0,0,0,0,0,0,0,0
200012,54,091,3,5,Taylor County                 ,0,0,0,0,0,0,0,0,0,0,0,0,0,0,0,0,0,0,0,0,0,0,0,0
200012,55,059,2,3,Kenosha County                ,20,20,2505101,0,0,0,0,0,0,4,56,1553162,13,13,1543051,0,0,0,0,0,0,3,42,908425
200012,55,078,2,3,Menominee County              ,3,3,274000,0,0,0,0,0,0,0,0,0,3,3,274000,0,0,0,0,0,0,0,0,0
200012,55,079,2,3,Milwaukee County              ,46,46,6085521,2,4,200000,0,0,0,4,32,3075000,46,46,6085521,2,4,200000,0,0,0,4,32,3075000
200012,55,089,2,3,Ozaukee County                ,13,13,2981050,0,0,0,0,0,0,3,20,900584,7,7,1232000,0,0,0,0,0,0,0,0,0
200012,55,093,2,3,Pierce County                 ,5,5,679752,0,0,0,0,0,0,0,0,0,5,5,679752,0,0,0,0,0,0,0,0,0
200012,55,101,2,3,Racine County                 ,24,24,3928133,3,6,736405,0,0,0,1,6,207597,22,22,3706526,2,4,600000,0,0,0,0,0,0
200012,55,109,2,3,St. Croix County              ,34,34,4209119,0,0,0,0,0,0,0,0,0,22,22,2991200,0,0,0,0,0,0,0,0,0
200012,55,131,2,3,Washington County             ,18,18,3151389,0,0,0,0,0,0,0,0,0,13,13,2199000,0,0,0,0,0,0,0,0,0
200012,55,133,2,3,Waukesha County               ,114,114,22374558,1,2,245600,0,0,0,1,5,396562,97,97,19651255,0,0,0,0,0,0,0,0,0
200012,56,025,4,8,Natrona County                ,4,4,700317,0,0,0,0,0,0,0,0,0,2,2,435000,0,0,0,0,0,0,0,0,0
200012,56,039,4,8,Teton County                  ,3,3,3294997,0,0,0,0,0,0,1,7,294706,2,2,3000000,0,0,0,0,0,0,0,0,0
