Survey,FIPS,FIPS,Region,Division,County,,1-unit,,,2-units,,,3-4 units,,,5+ units,,,1-unit rep,,,2-units rep,,,3-4 units rep,,, 5+units rep
Date,State,County,Code,Code,Name,Bldgs,Units,Value,Bldgs,Units,Value,Bldgs,Units,Value,Bldgs,Units,Value,Bldgs,Units,Value,Bldgs,Units,Value,Bldgs,Units,Value,Bldgs,Units,Value
 
200001,01,001,3,6,Autauga County                ,13,13,690525,0,0,0,0,0,0,0,0,0,13,13,690525,0,0,0,0,0,0,0,0,0
200001,01,081,3,6,Lee County                    ,28,28,3392260,1,2,73788,2,6,658488,1,27,1434000,28,28,3392260,1,2,73788,2,6,658488,1,27,1434000
200001,01,113,3,6,Russell County                ,2,2,253000,1,2,90000,0,0,0,0,0,0,2,2,253000,1,2,90000,0,0,0,0,0,0
200001,01,125,3,6,Tuscaloosa County             ,52,52,4889075,4,8,464774,0,0,0,0,0,0,52,52,4889075,4,8,464774,0,0,0,0,0,0
200001,02,013,4,9,Aleutians East Borough        ,0,0,0,0,0,0,0,0,0,0,0,0,0,0,0,0,0,0,0,0,0,0,0,0
200001,02,016,4,9,Aleutians West Census Area    ,0,0,0,0,0,0,0,0,0,0,0,0,0,0,0,0,0,0,0,0,0,0,0,0
200001,02,020,4,9,Anchorage Borough             ,39,39,5421230,2,4,353268,0,0,0,0,0,0,39,39,5421230,2,4,353268,0,0,0,0,0,0
200001,02,050,4,9,Bethel Census Area            ,0,0,0,0,0,0,0,0,0,0,0,0,0,0,0,0,0,0,0,0,0,0,0,0
200001,02,060,4,9,Bristol Bay Borough           ,0,0,0,0,0,0,0,0,0,0,0,0,0,0,0,0,0,0,0,0,0,0,0,0
200001,02,090,4,9,Fairbanks North Star Borough  ,8,8,844717,0,0,0,1,3,125160,0,0,0,0,0,0,0,0,0,0,0,0,0,0,0
200001,02,100,4,9,Haines Borough                ,0,0,0,0,0,0,0,0,0,0,0,0,0,0,0,0,0,0,0,0,0,0,0,0
200001,02,122,4,9,Kenai Peninsula Borough       ,2,2,353946,0,0,0,0,0,0,0,0,0,1,1,230000,0,0,0,0,0,0,0,0,0
200001,02,170,4,9,Matanuska-Susitna Borough     ,1,1,137200,0,0,0,0,0,0,0,0,0,1,1,137200,0,0,0,0,0,0,0,0,0
200001,02,180,4,9,Nome Census Area              ,0,0,0,0,0,0,0,0,0,0,0,0,0,0,0,0,0,0,0,0,0,0,0,0
200001,02,201,4,9,Prince of Wales-Outer Ketchika,0,0,0,0,0,0,0,0,0,0,0,0,0,0,0,0,0,0,0,0,0,0,0,0
200001,02,232,4,9,Skagway-Hoonah-Angoon Census A,6,6,366918,0,0,0,0,0,0,0,0,0,5,5,251500,0,0,0,0,0,0,0,0,0
200001,02,261,4,9,Valdez-Cordova Census Area    ,0,0,0,0,0,0,0,0,0,0,0,0,0,0,0,0,0,0,0,0,0,0,0,0
200001,02,280,4,9,Wrangell-Petersburg Census Are,0,0,0,0,0,0,0,0,0,0,0,0,0,0,0,0,0,0,0,0,0,0,0,0
200001,02,282,4,9,Yakutat Borough               ,0,0,0,0,0,0,0,0,0,0,0,0,0,0,0,0,0,0,0,0,0,0,0,0
200001,04,013,4,8,Maricopa County               ,2249,2249,291557088,2,4,353268,8,32,7831168,73,622,37069158,1708,1708,234735347,2,4,353268,8,32,7831168,71,596,35724051
200001,04,015,4,8,Mohave County                 ,115,115,9639932,1,2,104485,0,0,0,0,0,0,114,114,9531619,1,2,104485,0,0,0,0,0,0
200001,04,021,4,8,Pinal County                  ,197,197,19112601,2,4,225456,0,0,0,2,23,1067749,183,183,17972988,2,4,225456,0,0,0,0,0,0
200001,05,023,3,7,Cleburne County               ,2,2,269000,2,4,136000,0,0,0,0,0,0,2,2,269000,2,4,136000,0,0,0,0,0,0
200001,05,035,3,7,Crittenden County             ,25,25,2162200,0,0,0,0,0,0,0,0,0,25,25,2162200,0,0,0,0,0,0,0,0,0
200001,05,043,3,7,Drew County                   ,1,1,170000,0,0,0,0,0,0,0,0,0,1,1,170000,0,0,0,0,0,0,0,0,0
200001,05,055,3,7,Greene County                 ,11,11,753839,1,2,71000,0,0,0,1,6,135000,0,0,0,0,0,0,0,0,0,0,0,0
200001,05,061,3,7,Howard County                 ,5,5,275000,0,0,0,0,0,0,0,0,0,4,4,225000,0,0,0,0,0,0,0,0,0
200001,05,071,3,7,Johnson County                ,3,3,175000,0,0,0,0,0,0,0,0,0,3,3,175000,0,0,0,0,0,0,0,0,0
200001,06,001,4,9,Alameda County                ,248,248,61958978,2,4,309940,0,0,0,6,38,6276850,225,225,57028540,2,4,309940,0,0,0,5,33,5620600
200001,06,013,4,9,Contra Costa County           ,272,272,45240346,0,0,0,0,0,0,1,24,1287613,218,218,35687310,0,0,0,0,0,0,0,0,0
200001,06,017,4,9,El Dorado County              ,59,59,8217656,0,0,0,0,0,0,0,0,0,59,59,8217656,0,0,0,0,0,0,0,0,0
200001,06,019,4,9,Fresno County                 ,122,122,16457981,0,0,0,0,0,0,0,0,0,117,117,16085463,0,0,0,0,0,0,0,0,0
200001,06,027,4,9,Inyo County                   ,1,1,170848,0,0,0,0,0,0,0,0,0,0,0,0,0,0,0,0,0,0,0,0,0
200001,06,037,4,9,Los Angeles County            ,430,430,83312970,21,42,3814240,10,33,2709451,25,877,56282931,391,391,73949438,20,40,3706047,9,30,2395576,18,837,52645727
200001,06,039,4,9,Madera County                 ,33,33,2652125,0,0,0,0,0,0,0,0,0,32,32,2520282,0,0,0,0,0,0,0,0,0
200001,06,041,4,9,Marin County                  ,30,30,8757959,0,0,0,0,0,0,0,0,0,12,12,3424651,0,0,0,0,0,0,0,0,0
200001,06,043,4,9,Mariposa County               ,3,3,556230,0,0,0,0,0,0,0,0,0,3,3,556230,0,0,0,0,0,0,0,0,0
200001,06,055,4,9,Napa County                   ,16,16,3618254,0,0,0,0,0,0,0,0,0,16,16,3618254,0,0,0,0,0,0,0,0,0
200001,06,057,4,9,Nevada County                 ,23,23,3655700,0,0,0,0,0,0,0,0,0,21,21,3402269,0,0,0,0,0,0,0,0,0
200001,06,059,4,9,Orange County                 ,399,399,87610884,5,10,1442361,5,15,1965102,14,202,13729819,368,368,77871210,4,8,1128459,5,15,1965102,12,190,12796851
200001,06,061,4,9,Placer County                 ,364,364,60463117,0,0,0,0,0,0,15,240,15811171,223,223,36715855,0,0,0,0,0,0,13,208,13577909
200001,06,065,4,9,Riverside County              ,777,777,133100710,1,2,176634,1,3,317820,4,244,13886055,739,739,126618301,1,2,176634,0,0,0,4,244,13886055
200001,06,067,4,9,Sacramento County             ,393,393,58721893,0,0,0,4,16,1079808,26,276,17059679,393,393,58721893,0,0,0,4,16,1079808,26,276,17059679
200001,06,071,4,9,San Bernardino County         ,423,423,79277501,0,0,0,12,42,3171972,10,58,3326156,414,414,77587120,0,0,0,12,42,3171972,10,58,3326156
200001,06,073,4,9,San Diego County              ,625,625,135578665,1,2,158280,2,7,799830,3,322,27685184,619,619,134468117,1,2,158280,2,7,799830,3,322,27685184
200001,06,075,4,9,San Francisco County          ,13,13,1807077,0,0,0,0,0,0,6,231,13882280,13,13,1807077,0,0,0,0,0,0,6,231,13882280
200001,06,077,4,9,San Joaquin County            ,413,413,50884703,0,0,0,0,0,0,0,0,0,405,405,49531395,0,0,0,0,0,0,0,0,0
200001,06,079,4,9,San Luis Obispo County        ,98,98,16434345,1,2,154820,3,9,732103,6,30,860933,89,89,14809265,1,2,154820,3,9,732103,6,30,860933
200001,06,081,4,9,San Mateo County              ,348,348,20521694,1,2,185714,2,7,1279224,2,59,4638030,334,334,16476024,0,0,0,0,0,0,1,44,2644244
200001,06,085,4,9,Santa Clara County            ,254,254,51304553,0,0,0,7,28,1726830,24,520,32126416,242,242,49437740,0,0,0,7,28,1726830,23,498,30066019
200001,06,087,4,9,Santa Cruz County             ,27,27,6925029,1,2,535358,5,20,2065480,0,0,0,27,27,6925029,1,2,535358,5,20,2065480,0,0,0
200001,06,089,4,9,Shasta County                 ,46,46,6642933,0,0,0,38,152,10567291,0,0,0,44,44,6466097,0,0,0,38,152,10567291,0,0,0
200001,06,095,4,9,Solano County                 ,92,92,15966192,0,0,0,0,0,0,0,0,0,83,83,14446633,0,0,0,0,0,0,0,0,0
200001,06,097,4,9,Sonoma County                 ,114,114,18654266,8,16,743135,0,0,0,1,7,259200,74,74,12791675,7,14,582449,0,0,0,1,7,259200
200001,06,105,4,9,Trinity County                ,2,2,208514,0,0,0,0,0,0,0,0,0,2,2,208514,0,0,0,0,0,0,0,0,0
200001,06,111,4,9,Ventura County                ,215,215,50268824,0,0,0,0,0,0,2,10,690261,133,133,33468782,0,0,0,0,0,0,0,0,0
200001,06,113,4,9,Yolo County                   ,33,33,6643665,0,0,0,0,0,0,0,0,0,33,33,6643665,0,0,0,0,0,0,0,0,0
200001,08,001,4,8,Adams County                  ,184,184,22319999,0,0,0,0,0,0,15,384,23077036,184,184,22319999,0,0,0,0,0,0,15,384,23077036
200001,08,005,4,8,Arapahoe County               ,410,410,51355799,0,0,0,0,0,0,15,258,11264026,389,389,47208215,0,0,0,0,0,0,14,252,11019556
200001,08,013,4,8,Boulder County                ,197,197,25222705,0,0,0,0,0,0,1,5,305162,176,176,22840513,0,0,0,0,0,0,0,0,0
200001,08,015,4,8,Chaffee County                ,16,16,1560821,0,0,0,0,0,0,0,0,0,16,16,1560821,0,0,0,0,0,0,0,0,0
200001,08,031,4,8,Denver County                 ,60,60,8340354,0,0,0,0,0,0,0,0,0,60,60,8340354,0,0,0,0,0,0,0,0,0
200001,08,035,4,8,Douglas County                ,373,373,70290633,0,0,0,0,0,0,36,407,27006538,345,345,66815663,0,0,0,0,0,0,36,407,27006538
200001,08,059,4,8,Jefferson County              ,138,138,17060005,0,0,0,0,0,0,5,186,11632713,138,138,17060005,0,0,0,0,0,0,5,186,11632713
200001,08,069,4,8,Larimer County                ,216,216,26204792,2,4,512561,2,7,404031,2,32,1590506,134,134,16704870,2,4,512561,0,0,0,0,0,0
200001,08,077,4,8,Mesa County                   ,56,56,5490694,0,0,0,0,0,0,1,8,460043,56,56,5490694,0,0,0,0,0,0,1,8,460043
200001,08,101,4,8,Pueblo County                 ,87,87,8609876,3,6,456138,0,0,0,0,0,0,87,87,8609876,3,6,456138,0,0,0,0,0,0
200001,08,107,4,8,Routt County                  ,2,2,2026928,0,0,0,0,0,0,0,0,0,2,2,2026928,0,0,0,0,0,0,0,0,0
200001,08,113,4,8,San Miguel County             ,3,3,2368571,0,0,0,0,0,0,1,5,807137,2,2,2109046,0,0,0,0,0,0,0,0,0
200001,08,123,4,8,Weld County                   ,205,205,28299133,4,8,583328,0,0,0,1,9,621281,195,195,27098199,2,4,247328,0,0,0,0,0,0
200001,09,001,1,1,Fairfield County              ,75,75,19330475,2,4,273731,1,3,202215,1,306,45000000,66,66,14293416,1,2,83500,1,3,202215,1,306,45000000
200001,09,003,1,1,Hartford County               ,83,83,10774936,0,0,0,0,0,0,0,0,0,71,71,9500512,0,0,0,0,0,0,0,0,0
200001,09,005,1,1,Litchfield County             ,16,16,2673344,0,0,0,0,0,0,0,0,0,15,15,2456581,0,0,0,0,0,0,0,0,0
200001,09,007,1,1,Middlesex County              ,49,49,6009174,0,0,0,0,0,0,1,13,235784,36,36,4923438,0,0,0,0,0,0,0,0,0
200001,09,009,1,1,New Haven County              ,87,87,10646379,1,2,59000,0,0,0,1,50,1452771,73,73,9135408,1,2,59000,0,0,0,0,0,0
200001,09,011,1,1,New London County             ,47,47,6900228,0,0,0,0,0,0,1,8,373333,42,42,6324525,0,0,0,0,0,0,0,0,0
200001,09,013,1,1,Tolland County                ,44,44,5878496,0,0,0,0,0,0,0,0,0,33,33,4628496,0,0,0,0,0,0,0,0,0
200001,09,015,1,1,Windham County                ,16,16,1436205,0,0,0,0,0,0,0,0,0,12,12,1149178,0,0,0,0,0,0,0,0,0
200001,10,001,3,5,Kent County                   ,62,62,5558955,0,0,0,0,0,0,0,0,0,61,61,5450826,0,0,0,0,0,0,0,0,0
200001,10,003,3,5,New Castle County             ,172,172,16230059,0,0,0,0,0,0,2,26,961475,0,0,0,0,0,0,0,0,0,0,0,0
200001,10,005,3,5,Sussex County                 ,94,94,11585118,0,0,0,0,0,0,0,0,0,94,94,11585118,0,0,0,0,0,0,0,0,0
200001,11,001,3,5,Washington  DC                ,2,2,224558,0,0,0,0,0,0,0,0,0,2,2,224558,0,0,0,0,0,0,0,0,0
200001,12,001,3,5,Alachua County                ,80,80,7437681,1,2,86820,0,0,0,6,75,3308299,2,2,158675,0,0,0,0,0,0,0,0,0
200001,12,003,3,5,Baker County                  ,7,7,493120,0,0,0,0,0,0,0,0,0,7,7,493120,0,0,0,0,0,0,0,0,0
200001,12,005,3,5,Bay County                    ,42,42,4579338,4,8,464774,0,0,0,0,0,0,42,42,4579338,4,8,464774,0,0,0,0,0,0
200001,12,007,3,5,Bradford County               ,7,7,440355,0,0,0,0,0,0,0,0,0,7,7,440355,0,0,0,0,0,0,0,0,0
200001,12,009,3,5,Brevard County                ,230,230,28879469,0,0,0,4,16,846752,11,118,8681808,103,103,13754825,0,0,0,4,16,846752,11,118,8681808
200001,12,011,3,5,Broward County                ,803,803,95328813,1,2,250000,0,0,0,2,65,5937810,801,801,95157363,1,2,250000,0,0,0,1,60,5662560
200001,12,015,3,5,Charlotte County              ,83,83,8970721,0,0,0,1,4,285800,1,15,725227,19,19,2306988,0,0,0,1,4,285800,0,0,0
200001,12,017,3,5,Citrus County                 ,81,81,5084454,2,4,547008,0,0,0,0,0,0,6,6,528000,2,4,547008,0,0,0,0,0,0
200001,12,019,3,5,Clay County                   ,115,115,12123457,0,0,0,0,0,0,0,0,0,115,115,12123457,0,0,0,0,0,0,0,0,0
200001,12,021,3,5,Collier County                ,321,321,55347150,2,4,179000,19,75,7453422,22,476,36731000,321,321,55347150,2,4,179000,19,75,7453422,22,476,36731000
200001,12,023,3,5,Columbia County               ,21,21,1221599,0,0,0,0,0,0,0,0,0,21,21,1221599,0,0,0,0,0,0,0,0,0
200001,12,027,3,5,DeSoto County                 ,8,8,652888,0,0,0,0,0,0,4,32,1200000,8,8,652888,0,0,0,0,0,0,4,32,1200000
200001,12,029,3,5,Dixie County                  ,6,6,539504,1,2,169920,0,0,0,0,0,0,6,6,539504,1,2,169920,0,0,0,0,0,0
200001,12,031,3,5,Duval County                  ,237,237,26533629,3,6,437500,0,0,0,20,465,22982541,237,237,26533629,3,6,437500,0,0,0,20,465,22982541
200001,12,033,3,5,Escambia County               ,102,102,11896794,0,0,0,0,0,0,0,0,0,102,102,11896794,0,0,0,0,0,0,0,0,0
200001,12,037,3,5,Franklin County               ,14,14,2579498,0,0,0,0,0,0,0,0,0,14,14,2579498,0,0,0,0,0,0,0,0,0
200001,12,039,3,5,Gadsden County                ,8,8,1294136,0,0,0,0,0,0,0,0,0,8,8,1294136,0,0,0,0,0,0,0,0,0
200001,12,045,3,5,Gulf County                   ,19,19,2486484,0,0,0,0,0,0,0,0,0,19,19,2486484,0,0,0,0,0,0,0,0,0
200001,12,051,3,5,Hendry County                 ,3,3,231558,0,0,0,0,0,0,0,0,0,3,3,231558,0,0,0,0,0,0,0,0,0
200001,12,053,3,5,Hernando County               ,91,91,9610505,0,0,0,2,8,420000,0,0,0,91,91,9610505,0,0,0,2,8,420000,0,0,0
200001,12,055,3,5,Highlands County              ,32,32,2784105,0,0,0,0,0,0,0,0,0,32,32,2784105,0,0,0,0,0,0,0,0,0
200001,12,057,3,5,Hillsborough County           ,535,535,46701961,9,18,2211655,0,0,0,17,340,16804439,535,535,46701961,9,18,2211655,0,0,0,17,340,16804439
200001,12,059,3,5,Holmes County                 ,1,1,115000,0,0,0,0,0,0,0,0,0,1,1,115000,0,0,0,0,0,0,0,0,0
200001,12,061,3,5,Indian River County           ,77,77,12802166,2,4,210000,0,0,0,2,34,2653686,28,28,3523166,2,4,210000,0,0,0,0,0,0
200001,12,063,3,5,Jackson County                ,58,58,2471035,0,0,0,0,0,0,0,0,0,58,58,2471035,0,0,0,0,0,0,0,0,0
200001,12,065,3,5,Jefferson County              ,9,9,909064,0,0,0,0,0,0,0,0,0,9,9,909064,0,0,0,0,0,0,0,0,0
200001,12,067,3,5,Lafayette County              ,2,2,184250,0,0,0,0,0,0,0,0,0,2,2,184250,0,0,0,0,0,0,0,0,0
200001,12,069,3,5,Lake County                   ,244,244,13775419,0,0,0,1,4,338832,6,96,4774000,229,229,12132756,0,0,0,1,4,338832,6,96,4774000
200001,12,071,3,5,Lee County                    ,327,327,41052736,11,22,1734873,7,27,2981278,9,148,15597598,149,149,14876092,3,6,372639,0,0,0,1,8,1055946
200001,12,073,3,5,Leon County                   ,103,103,10648835,2,4,232387,0,0,0,0,0,0,103,103,10648835,2,4,232387,0,0,0,0,0,0
200001,12,075,3,5,Levy County                   ,9,9,841751,0,0,0,0,0,0,0,0,0,0,0,0,0,0,0,0,0,0,0,0,0
200001,12,077,3,5,Liberty County                ,1,1,103124,0,0,0,0,0,0,0,0,0,1,1,103124,0,0,0,0,0,0,0,0,0
200001,12,079,3,5,Madison County                ,3,3,227256,0,0,0,0,0,0,0,0,0,3,3,227256,0,0,0,0,0,0,0,0,0
200001,12,081,3,5,Manatee County                ,206,206,26280392,0,0,0,2,8,500000,0,0,0,206,206,26280392,0,0,0,2,8,500000,0,0,0
200001,12,083,3,5,Marion County                 ,185,185,68427382,0,0,0,0,0,0,0,0,0,185,185,68427382,0,0,0,0,0,0,0,0,0
200001,12,085,3,5,Martin County                 ,93,93,22975423,0,0,0,0,0,0,5,88,3455599,92,92,22619874,0,0,0,0,0,0,5,88,3455599
200001,12,086,3,5,Miami-Dade County             ,469,469,46611979,1,2,196400,3,12,692051,14,222,10962163,468,468,46301479,1,2,196400,3,12,692051,14,222,10962163
200001,12,087,3,5,Monroe County                 ,29,29,3518303,1,2,265000,0,0,0,0,0,0,29,29,3518303,1,2,265000,0,0,0,0,0,0
200001,12,089,3,5,Nassau County                 ,33,33,4258824,0,0,0,0,0,0,0,0,0,33,33,4258824,0,0,0,0,0,0,0,0,0
200001,12,091,3,5,Okaloosa County               ,98,98,9645422,0,0,0,0,0,0,2,58,3395780,31,31,3788047,0,0,0,0,0,0,0,0,0
200001,12,093,3,5,Okeechobee County             ,8,8,661836,0,0,0,0,0,0,0,0,0,0,0,0,0,0,0,0,0,0,0,0,0
200001,12,095,3,5,Orange County                 ,380,380,43365034,0,0,0,0,0,0,0,0,0,380,380,43365034,0,0,0,0,0,0,0,0,0
200001,12,097,3,5,Osceola County                ,275,275,31570471,3,6,508896,1,4,50000,2,20,828269,275,275,31570471,3,6,508896,1,4,50000,2,20,828269
200001,12,099,3,5,Palm Beach County             ,557,557,72082887,4,8,479670,2,8,685940,17,125,6802732,533,533,67863041,4,8,479670,2,8,685940,17,125,6802732
200001,12,101,3,5,Pasco County                  ,216,216,24637349,2,4,249504,0,0,0,0,0,0,216,216,24637349,2,4,249504,0,0,0,0,0,0
200001,12,103,3,5,Pinellas County               ,164,164,25533911,1,2,210558,1,4,230684,2,12,1106696,145,145,22929978,1,2,210558,1,4,230684,0,0,0
200001,12,105,3,5,Polk County                   ,269,269,21468651,0,0,0,0,0,0,1,6,525000,269,269,21468651,0,0,0,0,0,0,1,6,525000
200001,12,107,3,5,Putnam County                 ,11,11,898991,0,0,0,0,0,0,0,0,0,0,0,0,0,0,0,0,0,0,0,0,0
200001,12,109,3,5,St. Johns County              ,130,130,22602722,0,0,0,1,4,228072,0,0,0,130,130,22602722,0,0,0,1,4,228072,0,0,0
200001,12,111,3,5,St. Lucie County              ,119,119,12907428,0,0,0,0,0,0,4,40,1963536,119,119,12907428,0,0,0,0,0,0,4,40,1963536
200001,12,113,3,5,Santa Rosa County             ,75,75,8420933,0,0,0,0,0,0,0,0,0,75,75,8420933,0,0,0,0,0,0,0,0,0
200001,12,115,3,5,Sarasota County               ,209,209,27343757,1,2,145753,1,3,254286,3,105,3316392,15,15,3633895,0,0,0,0,0,0,0,0,0
200001,12,117,3,5,Seminole County               ,207,207,42591676,6,12,300000,0,0,0,14,336,13220146,188,188,40306456,6,12,300000,0,0,0,14,336,13220146
200001,12,119,3,5,Sumter County                 ,97,97,4749356,0,0,0,0,0,0,0,0,0,97,97,4749356,0,0,0,0,0,0,0,0,0
200001,12,121,3,5,Suwannee County               ,10,10,1040915,0,0,0,0,0,0,0,0,0,10,10,1040915,0,0,0,0,0,0,0,0,0
200001,12,123,3,5,Taylor County                 ,4,4,191500,1,2,75000,0,0,0,0,0,0,4,4,191500,1,2,75000,0,0,0,0,0,0
200001,12,125,3,5,Union County                  ,0,0,0,0,0,0,0,0,0,0,0,0,0,0,0,0,0,0,0,0,0,0,0,0
200001,12,127,3,5,Volusia County                ,238,238,24937795,5,10,330000,0,0,0,8,175,7311548,234,234,24527420,5,10,330000,0,0,0,7,168,6171000
200001,12,131,3,5,Walton County                 ,69,69,9941258,0,0,0,1,3,138500,1,109,15000000,69,69,9941258,0,0,0,1,3,138500,1,109,15000000
200001,12,133,3,5,Washington County             ,3,3,149568,0,0,0,0,0,0,0,0,0,3,3,149568,0,0,0,0,0,0,0,0,0
200001,13,009,3,5,Baldwin County                ,8,8,972439,1,2,52455,1,3,120000,0,0,0,7,7,891000,0,0,0,0,0,0,0,0,0
200001,13,013,3,5,Barrow County                 ,72,72,5121463,0,0,0,0,0,0,0,0,0,66,66,4690641,0,0,0,0,0,0,0,0,0
200001,13,015,3,5,Bartow County                 ,100,100,10961365,4,8,320000,0,0,0,0,0,0,94,94,10332140,4,8,320000,0,0,0,0,0,0
200001,13,035,3,5,Butts County                  ,16,16,1885275,0,0,0,0,0,0,0,0,0,16,16,1885275,0,0,0,0,0,0,0,0,0
200001,13,039,3,5,Camden County                 ,35,35,2637029,2,4,154000,0,0,0,1,22,546000,14,14,1131496,2,4,154000,0,0,0,1,22,546000
200001,13,045,3,5,Carroll County                ,92,92,7084223,0,0,0,0,0,0,1,5,260833,32,32,2653759,0,0,0,0,0,0,0,0,0
200001,13,047,3,5,Catoosa County                ,41,41,4553352,0,0,0,0,0,0,1,5,243270,39,39,4378885,0,0,0,0,0,0,0,0,0
200001,13,057,3,5,Cherokee County               ,260,260,27279554,0,0,0,0,0,0,0,0,0,260,260,27279554,0,0,0,0,0,0,0,0,0
200001,13,063,3,5,Clayton County                ,236,236,24463863,0,0,0,0,0,0,7,192,12009868,236,236,24463863,0,0,0,0,0,0,7,192,12009868
200001,13,067,3,5,Cobb County                   ,385,385,44483695,0,0,0,0,0,0,0,0,0,385,385,44483695,0,0,0,0,0,0,0,0,0
200001,13,077,3,5,Coweta County                 ,67,67,8508400,1,2,170000,0,0,0,0,0,0,66,66,8445900,1,2,170000,0,0,0,0,0,0
200001,13,085,3,5,Dawson County                 ,16,16,3039500,0,0,0,0,0,0,0,0,0,16,16,3039500,0,0,0,0,0,0,0,0,0
200001,13,089,3,5,DeKalb County                 ,257,257,36363002,0,0,0,0,0,0,5,85,11448519,252,252,35658489,0,0,0,0,0,0,5,85,11448519
200001,13,091,3,5,Dodge County                  ,1,1,67500,0,0,0,0,0,0,0,0,0,1,1,67500,0,0,0,0,0,0,0,0,0
200001,13,095,3,5,Dougherty County              ,22,22,2597910,0,0,0,0,0,0,12,96,3158000,22,22,2597910,0,0,0,0,0,0,12,96,3158000
200001,13,097,3,5,Douglas County                ,79,79,4694580,0,0,0,0,0,0,0,0,0,79,79,4694580,0,0,0,0,0,0,0,0,0
200001,13,113,3,5,Fayette County                ,77,77,14874080,0,0,0,0,0,0,0,0,0,77,77,14874080,0,0,0,0,0,0,0,0,0
200001,13,117,3,5,Forsyth County                ,291,291,37898710,0,0,0,0,0,0,0,0,0,291,291,37898710,0,0,0,0,0,0,0,0,0
200001,13,121,3,5,Fulton County                 ,295,295,39657336,0,0,0,0,0,0,20,634,28692359,245,245,32129351,0,0,0,0,0,0,19,627,28375741
200001,13,123,3,5,Gilmer County                 ,31,31,4340000,0,0,0,0,0,0,0,0,0,0,0,0,0,0,0,0,0,0,0,0,0
200001,13,127,3,5,Glynn County                  ,38,38,5146238,4,8,467124,0,0,0,0,0,0,38,38,5146238,4,8,467124,0,0,0,0,0,0
200001,13,129,3,5,Gordon County                 ,21,21,1794000,0,0,0,1,4,150000,0,0,0,21,21,1794000,0,0,0,1,4,150000,0,0,0
200001,13,133,3,5,Greene County                 ,9,9,1719325,0,0,0,0,0,0,0,0,0,0,0,0,0,0,0,0,0,0,0,0,0
200001,13,135,3,5,Gwinnett County               ,486,486,47183164,0,0,0,0,0,0,10,268,13600589,486,486,47183164,0,0,0,0,0,0,10,268,13600589
200001,13,143,3,5,Haralson County               ,9,9,928113,0,0,0,0,0,0,0,0,0,9,9,928113,0,0,0,0,0,0,0,0,0
200001,13,145,3,5,Harris County                 ,20,20,2788630,0,0,0,0,0,0,0,0,0,20,20,2788630,0,0,0,0,0,0,0,0,0
200001,13,151,3,5,Henry County                  ,267,267,25753536,7,14,1298080,0,0,0,19,346,14530400,267,267,25753536,7,14,1298080,0,0,0,19,346,14530400
200001,13,157,3,5,Jackson County                ,75,75,8187000,0,0,0,0,0,0,4,32,800000,75,75,8187000,0,0,0,0,0,0,4,32,800000
200001,13,169,3,5,Jones County                  ,22,22,2554000,0,0,0,0,0,0,0,0,0,22,22,2554000,0,0,0,0,0,0,0,0,0
200001,13,173,3,5,Lanier County                 ,0,0,0,1,2,58000,0,0,0,0,0,0,0,0,0,0,0,0,0,0,0,0,0,0
200001,13,177,3,5,Lee County                    ,20,20,2499115,0,0,0,0,0,0,0,0,0,20,20,2499115,0,0,0,0,0,0,0,0,0
200001,13,179,3,5,Liberty County                ,10,10,915858,0,0,0,0,0,0,0,0,0,10,10,915858,0,0,0,0,0,0,0,0,0
200001,13,213,3,5,Murray County                 ,13,13,1282484,0,0,0,0,0,0,0,0,0,13,13,1282484,0,0,0,0,0,0,0,0,0
200001,13,215,3,5,Muscogee County               ,52,52,5838513,0,0,0,1,4,230684,0,0,0,52,52,5838513,0,0,0,1,4,230684,0,0,0
200001,13,217,3,5,Newton County                 ,125,125,14449765,0,0,0,0,0,0,0,0,0,125,125,14449765,0,0,0,0,0,0,0,0,0
200001,13,223,3,5,Paulding County               ,163,163,11540226,0,0,0,0,0,0,0,0,0,163,163,11540226,0,0,0,0,0,0,0,0,0
200001,13,227,3,5,Pickens County                ,36,36,4206000,0,0,0,0,0,0,0,0,0,36,36,4206000,0,0,0,0,0,0,0,0,0
200001,13,239,3,5,Quitman County                ,0,0,0,0,0,0,0,0,0,0,0,0,0,0,0,0,0,0,0,0,0,0,0,0
200001,13,247,3,5,Rockdale County               ,45,45,5502029,0,0,0,0,0,0,0,0,0,45,45,5502029,0,0,0,0,0,0,0,0,0
200001,13,255,3,5,Spalding County               ,19,19,1868946,0,0,0,0,0,0,1,14,598600,16,16,1525000,0,0,0,0,0,0,0,0,0
200001,13,257,3,5,Stephens County               ,8,8,770951,0,0,0,0,0,0,0,0,0,8,8,770951,0,0,0,0,0,0,0,0,0
200001,13,291,3,5,Union County                  ,34,34,3506206,0,0,0,0,0,0,0,0,0,34,34,3506206,0,0,0,0,0,0,0,0,0
200001,13,293,3,5,Upson County                  ,11,11,1036000,0,0,0,0,0,0,0,0,0,11,11,1036000,0,0,0,0,0,0,0,0,0
200001,13,297,3,5,Walton County                 ,95,95,10590130,2,4,222768,0,0,0,0,0,0,95,95,10590130,2,4,222768,0,0,0,0,0,0
200001,13,313,3,5,Whitfield County              ,20,20,1047400,0,0,0,2,7,475000,1,8,500000,4,4,205400,0,0,0,2,7,475000,1,8,500000
200001,15,003,4,9,Honolulu County               ,100,100,15075093,0,0,0,0,0,0,0,0,0,100,100,15075093,0,0,0,0,0,0,0,0,0
200001,15,007,4,9,Kauai County                  ,19,19,5852315,0,0,0,0,0,0,0,0,0,19,19,5852315,0,0,0,0,0,0,0,0,0
200001,15,009,4,9,Maui County                   ,51,51,8013897,4,8,838000,2,8,4476400,0,0,0,51,51,8013897,4,8,838000,2,8,4476400,0,0,0
200001,16,017,4,8,Bonner County                 ,1,1,94036,0,0,0,0,0,0,0,0,0,0,0,0,0,0,0,0,0,0,0,0,0
200001,16,019,4,8,Bonneville County             ,35,35,2827477,0,0,0,1,4,217289,1,6,324000,35,35,2827477,0,0,0,1,4,217289,1,6,324000
200001,17,009,2,3,Brown County                  ,1,1,100000,0,0,0,0,0,0,1,15,881900,1,1,100000,0,0,0,0,0,0,1,15,881900
200001,17,023,2,3,Clark County                  ,0,0,0,0,0,0,0,0,0,0,0,0,0,0,0,0,0,0,0,0,0,0,0,0
200001,17,027,2,3,Clinton County                ,7,7,866175,0,0,0,0,0,0,0,0,0,4,4,502931,0,0,0,0,0,0,0,0,0
200001,17,031,2,3,Cook County                   ,249,249,44027308,5,10,890144,21,64,4303724,15,170,8544718,225,225,39789951,5,10,890144,20,61,4218374,15,170,8544718
200001,17,037,2,3,DeKalb County                 ,18,18,2531367,0,0,0,0,0,0,1,9,357362,5,5,1080000,0,0,0,0,0,0,0,0,0
200001,17,043,2,3,DuPage County                 ,215,215,35725245,0,0,0,0,0,0,0,0,0,207,207,33883111,0,0,0,0,0,0,0,0,0
200001,17,063,2,3,Grundy County                 ,9,9,1206498,0,0,0,0,0,0,0,0,0,2,2,220000,0,0,0,0,0,0,0,0,0
200001,17,083,2,3,Jersey County                 ,4,4,465897,0,0,0,0,0,0,0,0,0,0,0,0,0,0,0,0,0,0,0,0,0
200001,17,089,2,3,Kane County                   ,254,254,45251373,0,0,0,1,3,271404,1,33,2005855,252,252,44835378,0,0,0,1,3,271404,1,33,2005855
200001,17,091,2,3,Kankakee County               ,11,11,1441950,0,0,0,0,0,0,0,0,0,8,8,1183156,0,0,0,0,0,0,0,0,0
200001,17,093,2,3,Kendall County                ,32,32,3305514,0,0,0,0,0,0,0,0,0,10,10,1218044,0,0,0,0,0,0,0,0,0
200001,17,097,2,3,Lake County                   ,180,180,35312429,0,0,0,2,6,236000,0,0,0,167,167,32186185,0,0,0,2,6,236000,0,0,0
200001,17,109,2,3,McDonough County              ,1,1,110000,0,0,0,0,0,0,4,20,380000,1,1,110000,0,0,0,0,0,0,4,20,380000
200001,17,111,2,3,McHenry County                ,160,160,20952860,0,0,0,2,8,704980,1,5,385000,134,134,18438634,0,0,0,2,8,704980,1,5,385000
200001,17,119,2,3,Madison County                ,50,50,6500779,1,2,151778,0,0,0,1,44,3250000,42,42,5589263,0,0,0,0,0,0,1,44,3250000
200001,17,133,2,3,Monroe County                 ,17,17,2247034,0,0,0,0,0,0,0,0,0,13,13,1746737,0,0,0,0,0,0,0,0,0
200001,17,163,2,3,St. Clair County              ,40,40,4969611,0,0,0,0,0,0,2,16,485331,27,27,3445845,0,0,0,0,0,0,1,11,250000
200001,17,197,2,3,Will County                   ,374,374,46052618,1,2,166000,1,4,279170,1,5,277998,291,291,36376047,0,0,0,0,0,0,0,0,0
200001,18,003,2,3,Allen County                  ,83,83,12117305,1,2,200000,0,0,0,0,0,0,83,83,12117305,1,2,200000,0,0,0,0,0,0
200001,18,011,2,3,Boone County                  ,30,30,4666640,0,0,0,0,0,0,0,0,0,30,30,4666640,0,0,0,0,0,0,0,0,0
200001,18,013,2,3,Brown County                  ,8,8,457113,0,0,0,0,0,0,0,0,0,8,8,457113,0,0,0,0,0,0,0,0,0
200001,18,019,2,3,Clark County                  ,46,46,6343094,2,4,165000,0,0,0,0,0,0,42,42,6036051,2,4,165000,0,0,0,0,0,0
200001,18,027,2,3,Daviess County                ,5,5,794785,0,0,0,0,0,0,0,0,0,5,5,794785,0,0,0,0,0,0,0,0,0
200001,18,033,2,3,De Kalb County                ,10,10,1442698,0,0,0,0,0,0,0,0,0,2,2,517000,0,0,0,0,0,0,0,0,0
200001,18,041,2,3,Fayette County                ,6,6,494000,0,0,0,0,0,0,0,0,0,6,6,494000,0,0,0,0,0,0,0,0,0
200001,18,043,2,3,Floyd County                  ,16,16,2614966,0,0,0,0,0,0,0,0,0,13,13,2237000,0,0,0,0,0,0,0,0,0
200001,18,047,2,3,Franklin County               ,4,4,466000,0,0,0,0,0,0,0,0,0,4,4,466000,0,0,0,0,0,0,0,0,0
200001,18,057,2,3,Hamilton County               ,168,168,34325870,1,2,235700,0,0,0,0,0,0,75,75,22254036,1,2,235700,0,0,0,0,0,0
200001,18,059,2,3,Hancock County                ,17,17,2084308,0,0,0,1,4,125000,0,0,0,17,17,2084308,0,0,0,1,4,125000,0,0,0
200001,18,061,2,3,Harrison County               ,14,14,1719805,0,0,0,0,0,0,0,0,0,14,14,1719805,0,0,0,0,0,0,0,0,0
200001,18,063,2,3,Hendricks County              ,101,101,10454564,3,6,410000,0,0,0,1,8,600000,97,97,9947189,3,6,410000,0,0,0,1,8,600000
200001,18,069,2,3,Huntington County             ,5,5,531485,0,0,0,0,0,0,0,0,0,5,5,531485,0,0,0,0,0,0,0,0,0
200001,18,079,2,3,Jennings County               ,5,5,281386,0,0,0,0,0,0,0,0,0,5,5,281386,0,0,0,0,0,0,0,0,0
200001,18,081,2,3,Johnson County                ,69,69,11392213,3,6,498960,0,0,0,0,0,0,55,55,9812073,0,0,0,0,0,0,0,0,0
200001,18,089,2,3,Lake County                   ,65,65,8722977,0,0,0,1,4,329574,0,0,0,54,54,6807165,0,0,0,1,4,329574,0,0,0
200001,18,095,2,3,Madison County                ,16,16,1745007,0,0,0,1,3,168480,0,0,0,8,8,589000,0,0,0,0,0,0,0,0,0
200001,18,097,2,3,Marion County                 ,237,237,30634701,0,0,0,1,3,207461,2,11,551460,237,237,30634701,0,0,0,1,3,207461,2,11,551460
200001,18,105,2,3,Monroe County                 ,35,35,4553652,1,2,83333,2,8,553229,0,0,0,34,34,4469830,0,0,0,2,8,553229,0,0,0
200001,18,107,2,3,Montgomery County             ,3,3,164750,0,0,0,0,0,0,0,0,0,0,0,0,0,0,0,0,0,0,0,0,0
200001,18,109,2,3,Morgan County                 ,23,23,2749565,1,2,100000,0,0,0,0,0,0,23,23,2749565,1,2,100000,0,0,0,0,0,0
200001,18,115,2,3,Ohio County                   ,1,1,65000,0,0,0,0,0,0,0,0,0,1,1,65000,0,0,0,0,0,0,0,0,0
200001,18,127,2,3,Porter County                 ,38,38,6176096,1,2,109956,0,0,0,0,0,0,38,38,6176096,1,2,109956,0,0,0,0,0,0
200001,18,135,2,3,Randolph County               ,2,2,140000,0,0,0,0,0,0,0,0,0,2,2,140000,0,0,0,0,0,0,0,0,0
200001,18,145,2,3,Shelby County                 ,3,3,735000,0,0,0,0,0,0,0,0,0,3,3,735000,0,0,0,0,0,0,0,0,0
200001,18,157,2,3,Tippecanoe County             ,34,34,3728684,3,6,395000,0,0,0,3,78,3922775,34,34,3728684,3,6,395000,0,0,0,3,78,3922775
200001,18,163,2,3,Vanderburgh County            ,40,40,3440438,0,0,0,0,0,0,0,0,0,40,40,3440438,0,0,0,0,0,0,0,0,0
200001,18,179,2,3,Wells County                  ,1,1,131466,0,0,0,0,0,0,0,0,0,1,1,131466,0,0,0,0,0,0,0,0,0
200001,20,025,2,4,Clark County                  ,0,0,0,0,0,0,0,0,0,0,0,0,0,0,0,0,0,0,0,0,0,0,0,0
200001,20,063,2,4,Gove County                   ,0,0,0,0,0,0,0,0,0,0,0,0,0,0,0,0,0,0,0,0,0,0,0,0
200001,20,091,2,4,Johnson County                ,303,303,53318953,0,0,0,5,20,1340000,19,226,10811163,303,303,53318953,0,0,0,5,20,1340000,19,226,10811163
200001,20,103,2,4,Leavenworth County            ,24,24,2316070,1,2,114231,0,0,0,0,0,0,24,24,2316070,1,2,114231,0,0,0,0,0,0
200001,20,105,2,4,Lincoln County                ,0,0,0,0,0,0,0,0,0,0,0,0,0,0,0,0,0,0,0,0,0,0,0,0
200001,20,121,2,4,Miami County                  ,14,14,1975646,0,0,0,0,0,0,0,0,0,5,5,734162,0,0,0,0,0,0,0,0,0
200001,20,187,2,4,Stanton County                ,0,0,0,0,0,0,0,0,0,0,0,0,0,0,0,0,0,0,0,0,0,0,0,0
200001,20,209,2,4,Wyandotte County              ,10,10,840753,0,0,0,0,0,0,0,0,0,2,2,133966,0,0,0,0,0,0,0,0,0
200001,21,029,3,6,Bullitt County                ,42,42,4715722,0,0,0,0,0,0,0,0,0,42,42,4715722,0,0,0,0,0,0,0,0,0
200001,21,035,3,6,Calloway County               ,2,2,130000,0,0,0,0,0,0,0,0,0,2,2,130000,0,0,0,0,0,0,0,0,0
200001,21,037,3,6,Campbell County               ,26,26,2179572,0,0,0,0,0,0,0,0,0,16,16,937625,0,0,0,0,0,0,0,0,0
200001,21,067,3,6,Fayette County                ,112,112,12575259,2,4,232387,0,0,0,1,8,395399,112,112,12575259,2,4,232387,0,0,0,1,8,395399
200001,21,077,3,6,Gallatin County               ,0,0,0,0,0,0,0,0,0,0,0,0,0,0,0,0,0,0,0,0,0,0,0,0
200001,21,099,3,6,Hart County                   ,2,2,127854,0,0,0,0,0,0,0,0,0,0,0,0,0,0,0,0,0,0,0,0,0
200001,21,111,3,6,Jefferson County              ,219,219,23194262,0,0,0,5,20,950000,0,0,0,219,219,23194262,0,0,0,5,20,950000,0,0,0
200001,21,113,3,6,Jessamine County              ,21,21,1824875,0,0,0,0,0,0,0,0,0,21,21,1824875,0,0,0,0,0,0,0,0,0
200001,21,117,3,6,Kenton County                 ,50,50,5184964,0,0,0,0,0,0,2,15,484365,3,3,497189,0,0,0,0,0,0,0,0,0
200001,21,125,3,6,Laurel County                 ,1,1,55000,0,0,0,0,0,0,0,0,0,1,1,55000,0,0,0,0,0,0,0,0,0
200001,21,157,3,6,Marshall County               ,13,13,1339000,0,0,0,0,0,0,0,0,0,13,13,1339000,0,0,0,0,0,0,0,0,0
200001,21,161,3,6,Mason County                  ,3,3,657500,0,0,0,0,0,0,0,0,0,3,3,657500,0,0,0,0,0,0,0,0,0
200001,21,167,3,6,Mercer County                 ,4,4,310765,1,2,55650,0,0,0,0,0,0,4,4,310765,1,2,55650,0,0,0,0,0,0
200001,21,179,3,6,Nelson County                 ,41,41,3319720,0,0,0,0,0,0,0,0,0,41,41,3319720,0,0,0,0,0,0,0,0,0
200001,21,185,3,6,Oldham County                 ,33,33,3705210,0,0,0,0,0,0,3,30,1482745,33,33,3705210,0,0,0,0,0,0,3,30,1482745
200001,21,211,3,6,Shelby County                 ,28,28,2652200,0,0,0,0,0,0,0,0,0,28,28,2652200,0,0,0,0,0,0,0,0,0
200001,21,213,3,6,Simpson County                ,5,5,499000,0,0,0,0,0,0,0,0,0,5,5,499000,0,0,0,0,0,0,0,0,0
200001,21,239,3,6,Woodford County               ,5,5,1019000,0,0,0,0,0,0,0,0,0,5,5,1019000,0,0,0,0,0,0,0,0,0
200001,22,007,3,7,Assumption Parish             ,7,7,721866,0,0,0,0,0,0,0,0,0,7,7,721866,0,0,0,0,0,0,0,0,0
200001,22,071,3,7,Orleans Parish                ,18,18,2021024,1,2,116193,0,0,0,0,0,0,18,18,2021024,1,2,116193,0,0,0,0,0,0
200001,22,087,3,7,St. Bernard Parish            ,13,13,807145,0,0,0,0,0,0,0,0,0,13,13,807145,0,0,0,0,0,0,0,0,0
200001,22,089,3,7,St. Charles Parish            ,16,16,1796466,1,2,116193,0,0,0,0,0,0,16,16,1796466,1,2,116193,0,0,0,0,0,0
200001,22,109,3,7,Terrebonne Parish             ,54,54,4344878,0,0,0,0,0,0,0,0,0,54,54,4344878,0,0,0,0,0,0,0,0,0
200001,24,003,3,5,Anne Arundel County           ,148,148,16147023,0,0,0,0,0,0,3,26,1191531,139,139,15606795,0,0,0,0,0,0,2,21,1037921
200001,24,005,3,5,Baltimore County              ,160,160,17964656,0,0,0,0,0,0,3,33,1631019,160,160,17964656,0,0,0,0,0,0,3,33,1631019
200001,24,009,3,5,Calvert County                ,33,33,3932000,0,0,0,0,0,0,1,5,233333,33,33,3932000,0,0,0,0,0,0,0,0,0
200001,24,013,3,5,Carroll County                ,52,52,5619443,0,0,0,0,0,0,0,0,0,52,52,5619443,0,0,0,0,0,0,0,0,0
200001,24,015,3,5,Cecil County                  ,44,44,3782131,0,0,0,0,0,0,0,0,0,44,44,3782131,0,0,0,0,0,0,0,0,0
200001,24,017,3,5,Charles County                ,69,69,8604145,0,0,0,0,0,0,1,75,3500000,69,69,8604145,0,0,0,0,0,0,1,75,3500000
200001,24,021,3,5,Frederick County              ,128,128,15478597,0,0,0,0,0,0,2,24,1129798,128,128,15478597,0,0,0,0,0,0,2,24,1129798
200001,24,023,3,5,Garrett County                ,6,6,1006363,0,0,0,0,0,0,0,0,0,6,6,1006363,0,0,0,0,0,0,0,0,0
200001,24,025,3,5,Harford County                ,81,81,8937373,0,0,0,0,0,0,0,0,0,76,76,8533654,0,0,0,0,0,0,0,0,0
200001,24,027,3,5,Howard County                 ,104,104,11677027,0,0,0,0,0,0,0,0,0,104,104,11677027,0,0,0,0,0,0,0,0,0
200001,24,031,3,5,Montgomery County             ,184,184,20622374,0,0,0,0,0,0,2,36,905947,173,173,19424285,0,0,0,0,0,0,1,5,247124
200001,24,033,3,5,Prince George's County        ,265,265,24208678,0,0,0,0,0,0,1,38,1885343,1,1,95000,0,0,0,0,0,0,0,0,0
200001,24,035,3,5,Queen Anne's County           ,14,14,2487375,0,0,0,0,0,0,0,0,0,13,13,2418000,0,0,0,0,0,0,0,0,0
200001,24,039,3,5,Somerset County               ,3,3,245615,0,0,0,0,0,0,0,0,0,2,2,200000,0,0,0,0,0,0,0,0,0
200001,24,043,3,5,Washington County             ,31,31,2559529,0,0,0,0,0,0,0,0,0,30,30,2477550,0,0,0,0,0,0,0,0,0
200001,24,510,3,5,Baltimore (Independent City)  ,33,33,3705210,0,0,0,0,0,0,0,0,0,33,33,3705210,0,0,0,0,0,0,0,0,0
200001,25,009,1,1,Essex County                  ,85,85,15919747,2,4,270000,1,3,150000,0,0,0,68,68,13353476,2,4,270000,1,3,150000,0,0,0
200001,25,017,1,1,Middlesex County              ,132,132,24077222,3,6,514857,5,19,2276000,2,15,1131984,101,101,20753712,1,2,244000,5,19,2276000,0,0,0
200001,25,019,1,1,Nantucket County              ,16,16,5686598,5,10,895812,0,0,0,0,0,0,16,16,5686598,5,10,895812,0,0,0,0,0,0
200001,25,021,1,1,Norfolk County                ,86,86,17021040,4,8,460000,0,0,0,1,5,428947,49,49,10732646,4,8,460000,0,0,0,0,0,0
200001,25,023,1,1,Plymouth County               ,87,87,10387942,2,4,308000,2,6,562000,1,10,750000,55,55,7032186,2,4,308000,2,6,562000,1,10,750000
200001,25,025,1,1,Suffolk County                ,5,5,461000,6,12,788967,0,0,0,1,62,18720000,5,5,461000,5,10,742300,0,0,0,1,62,18720000
200001,26,005,2,3,Allegan County                ,41,41,4772077,0,0,0,0,0,0,0,0,0,19,19,2690000,0,0,0,0,0,0,0,0,0
200001,26,009,2,3,Antrim County                 ,14,14,2447650,0,0,0,0,0,0,0,0,0,14,14,2447650,0,0,0,0,0,0,0,0,0
200001,26,019,2,3,Benzie County                 ,9,9,916000,0,0,0,0,0,0,0,0,0,9,9,916000,0,0,0,0,0,0,0,0,0
200001,26,031,2,3,Cheboygan County              ,4,4,406900,0,0,0,0,0,0,0,0,0,4,4,406900,0,0,0,0,0,0,0,0,0
200001,26,043,2,3,Dickinson County              ,1,1,110000,0,0,0,0,0,0,0,0,0,1,1,110000,0,0,0,0,0,0,0,0,0
200001,26,049,2,3,Genesee County                ,92,92,12467007,0,0,0,1,3,335569,0,0,0,80,80,11324597,0,0,0,0,0,0,0,0,0
200001,26,051,2,3,Gladwin County                ,5,5,508625,0,0,0,0,0,0,0,0,0,5,5,508625,0,0,0,0,0,0,0,0,0
200001,26,079,2,3,Kalkaska County               ,1,1,85000,0,0,0,0,0,0,0,0,0,1,1,85000,0,0,0,0,0,0,0,0,0
200001,26,081,2,3,Kent County                   ,161,161,20243252,0,0,0,0,0,0,4,66,1687871,135,135,17370037,0,0,0,0,0,0,2,54,1368000
200001,26,087,2,3,Lapeer County                 ,25,25,3090337,0,0,0,0,0,0,0,0,0,20,20,2559728,0,0,0,0,0,0,0,0,0
200001,26,089,2,3,Leelanau County               ,6,6,831556,0,0,0,0,0,0,0,0,0,6,6,831556,0,0,0,0,0,0,0,0,0
200001,26,091,2,3,Lenawee County                ,23,23,2190343,0,0,0,0,0,0,1,5,171554,2,2,190000,0,0,0,0,0,0,0,0,0
200001,26,093,2,3,Livingston County             ,102,102,14598527,0,0,0,0,0,0,3,34,1641262,102,102,14598527,0,0,0,0,0,0,3,34,1641262
200001,26,099,2,3,Macomb County                 ,295,295,39623876,2,4,428000,5,19,2712000,0,0,0,289,289,39103103,2,4,428000,5,19,2712000,0,0,0
200001,26,113,2,3,Missaukee County              ,3,3,305175,0,0,0,0,0,0,0,0,0,3,3,305175,0,0,0,0,0,0,0,0,0
200001,26,115,2,3,Monroe County                 ,39,39,4847613,0,0,0,0,0,0,1,5,179785,33,33,4304056,0,0,0,0,0,0,0,0,0
200001,26,119,2,3,Montmorency County            ,0,0,0,0,0,0,0,0,0,0,0,0,0,0,0,0,0,0,0,0,0,0,0,0
200001,26,121,2,3,Muskegon County               ,39,39,4226703,0,0,0,0,0,0,1,5,340683,24,24,3181626,0,0,0,0,0,0,0,0,0
200001,26,125,2,3,Oakland County                ,313,313,56243195,6,12,1470000,6,24,4156140,3,23,1157469,277,277,52106265,6,12,1470000,6,24,4156140,0,0,0
200001,26,129,2,3,Ogemaw County                 ,1,1,250000,0,0,0,0,0,0,0,0,0,1,1,250000,0,0,0,0,0,0,0,0,0
200001,26,135,2,3,Oscoda County                 ,2,2,242800,0,0,0,0,0,0,0,0,0,2,2,242800,0,0,0,0,0,0,0,0,0
200001,26,139,2,3,Ottawa County                 ,81,81,10327232,3,6,424000,0,0,0,1,8,300898,40,40,5282740,3,6,424000,0,0,0,0,0,0
200001,26,141,2,3,Presque Isle County           ,2,2,70000,0,0,0,0,0,0,0,0,0,2,2,70000,0,0,0,0,0,0,0,0,0
200001,26,147,2,3,St. Clair County              ,41,41,4349516,0,0,0,0,0,0,0,0,0,24,24,2935500,0,0,0,0,0,0,0,0,0
200001,26,153,2,3,Schoolcraft County            ,0,0,0,0,0,0,0,0,0,0,0,0,0,0,0,0,0,0,0,0,0,0,0,0
200001,26,161,2,3,Washtenaw County              ,124,124,19148753,1,2,217911,0,0,0,2,18,709310,72,72,11220511,0,0,0,0,0,0,0,0,0
200001,26,163,2,3,Wayne County                  ,152,152,21186836,9,18,1384074,4,14,961315,6,79,3901948,106,106,15753182,9,18,1384074,3,11,760690,4,69,3470148
200001,27,003,2,4,Anoka County                  ,64,64,8966402,0,0,0,0,0,0,0,0,0,62,62,8719652,0,0,0,0,0,0,0,0,0
200001,27,019,2,4,Carver County                 ,51,51,8410666,0,0,0,0,0,0,2,15,1690340,48,48,8036550,0,0,0,0,0,0,2,15,1690340
200001,27,025,2,4,Chisago County                ,30,30,3040906,0,0,0,0,0,0,0,0,0,28,28,2850724,0,0,0,0,0,0,0,0,0
200001,27,037,2,4,Dakota County                 ,116,116,18130707,2,4,465000,2,7,845000,1,8,820000,114,114,17777078,2,4,465000,2,7,845000,1,8,820000
200001,27,053,2,4,Hennepin County               ,188,188,31652622,5,10,898696,0,0,0,3,96,8514719,185,185,30905052,5,10,898696,0,0,0,3,96,8514719
200001,27,059,2,4,Isanti County                 ,7,7,741000,0,0,0,0,0,0,1,5,256944,7,7,741000,0,0,0,0,0,0,0,0,0
200001,27,109,2,4,Olmsted County                ,41,41,5737593,1,2,219118,1,3,247478,1,8,508297,10,10,1664558,0,0,0,0,0,0,0,0,0
200001,27,123,2,4,Ramsey County                 ,21,21,4133934,1,2,220258,0,0,0,0,0,0,18,18,3627777,0,0,0,0,0,0,0,0,0
200001,27,139,2,4,Scott County                  ,109,109,15312356,0,0,0,1,4,410000,1,5,260504,70,70,11841792,0,0,0,1,4,410000,0,0,0
200001,27,141,2,4,Sherburne County              ,68,68,8112956,0,0,0,0,0,0,0,0,0,68,68,8112956,0,0,0,0,0,0,0,0,0
200001,27,163,2,4,Washington County             ,85,85,16525135,4,8,812000,0,0,0,2,13,1036412,75,75,14863153,4,8,812000,0,0,0,1,8,608912
200001,27,171,2,4,Wright County                 ,62,62,8422717,1,2,114059,0,0,0,2,10,964132,48,48,6841059,0,0,0,0,0,0,1,5,507000
200001,28,033,3,6,DeSoto County                 ,98,98,8661720,0,0,0,0,0,0,0,0,0,88,88,7920506,0,0,0,0,0,0,0,0,0
200001,28,037,3,6,Franklin County               ,0,0,0,0,0,0,0,0,0,0,0,0,0,0,0,0,0,0,0,0,0,0,0,0
200001,28,039,3,6,George County                 ,0,0,0,0,0,0,0,0,0,0,0,0,0,0,0,0,0,0,0,0,0,0,0,0
200001,28,043,3,6,Grenada County                ,1,1,215000,0,0,0,0,0,0,0,0,0,1,1,215000,0,0,0,0,0,0,0,0,0
200001,28,047,3,6,Harrison County               ,93,93,9997646,0,0,0,0,0,0,0,0,0,93,93,9997646,0,0,0,0,0,0,0,0,0
200001,28,071,3,6,Lafayette County              ,0,0,0,0,0,0,0,0,0,0,0,0,0,0,0,0,0,0,0,0,0,0,0,0
200001,28,085,3,6,Lincoln County                ,1,1,45000,0,0,0,0,0,0,0,0,0,1,1,45000,0,0,0,0,0,0,0,0,0
200001,28,149,3,6,Warren County                 ,0,0,0,0,0,0,0,0,0,0,0,0,0,0,0,0,0,0,0,0,0,0,0,0
200001,28,159,3,6,Winston County                ,3,3,343000,0,0,0,0,0,0,0,0,0,3,3,343000,0,0,0,0,0,0,0,0,0
200001,29,019,2,4,Boone County                  ,56,56,4744073,1,2,127284,0,0,0,0,0,0,56,56,4744073,1,2,127284,0,0,0,0,0,0
200001,29,023,2,4,Butler County                 ,2,2,156500,0,0,0,0,0,0,0,0,0,2,2,156500,0,0,0,0,0,0,0,0,0
200001,29,031,2,4,Cape Girardeau County         ,6,6,1166863,0,0,0,0,0,0,2,24,1200000,3,3,851500,0,0,0,0,0,0,2,24,1200000
200001,29,037,2,4,Cass County                   ,54,54,5111730,0,0,0,0,0,0,0,0,0,46,46,3997126,0,0,0,0,0,0,0,0,0
200001,29,047,2,4,Clay County                   ,64,64,7656179,0,0,0,0,0,0,0,0,0,64,64,7656179,0,0,0,0,0,0,0,0,0
200001,29,049,2,4,Clinton County                ,5,5,648160,0,0,0,0,0,0,0,0,0,4,4,565160,0,0,0,0,0,0,0,0,0
200001,29,071,2,4,Franklin County               ,34,34,5911412,1,2,120000,0,0,0,0,0,0,33,33,5827801,1,2,120000,0,0,0,0,0,0
200001,29,077,2,4,Greene County                 ,60,60,7841700,1,2,115000,0,0,0,0,0,0,60,60,7841700,1,2,115000,0,0,0,0,0,0
200001,29,095,2,4,Jackson County                ,236,236,26482053,11,22,1335918,6,24,1659688,16,198,11342331,234,234,26222635,11,22,1335918,6,24,1659688,16,198,11342331
200001,29,099,2,4,Jefferson County              ,67,67,7148213,0,0,0,1,4,201000,0,0,0,66,66,7044499,0,0,0,1,4,201000,0,0,0
200001,29,107,2,4,Lafayette County              ,7,7,695863,0,0,0,0,0,0,0,0,0,3,3,221000,0,0,0,0,0,0,0,0,0
200001,29,113,2,4,Lincoln County                ,9,9,811900,0,0,0,0,0,0,0,0,0,9,9,811900,0,0,0,0,0,0,0,0,0
200001,29,129,2,4,Mercer County                 ,0,0,0,0,0,0,0,0,0,0,0,0,0,0,0,0,0,0,0,0,0,0,0,0
200001,29,165,2,4,Platte County                 ,18,18,3559642,0,0,0,0,0,0,0,0,0,16,16,3371681,0,0,0,0,0,0,0,0,0
200001,29,177,2,4,Ray County                    ,7,7,588466,0,0,0,1,4,39200,0,0,0,6,6,524466,0,0,0,1,4,39200,0,0,0
200001,29,183,2,4,St. Charles County            ,276,276,23945228,0,0,0,2,8,526152,0,0,0,276,276,23945228,0,0,0,2,8,526152,0,0,0
200001,29,189,2,4,St. Louis County              ,167,167,24780208,5,10,473100,8,32,933310,2,30,4527828,157,157,23514220,5,10,473100,8,32,933310,1,22,4224380
200001,29,211,2,4,Sullivan County               ,0,0,0,0,0,0,0,0,0,0,0,0,0,0,0,0,0,0,0,0,0,0,0,0
200001,29,219,2,4,Warren County                 ,20,20,2572846,0,0,0,0,0,0,0,0,0,20,20,2572846,0,0,0,0,0,0,0,0,0
200001,29,510,2,4,St. Louis (Independent City)  ,7,7,920259,0,0,0,0,0,0,0,0,0,7,7,920259,0,0,0,0,0,0,0,0,0
200001,30,029,4,8,Flathead County               ,4,4,526225,1,2,195596,0,0,0,0,0,0,4,4,526225,1,2,195596,0,0,0,0,0,0
200001,30,093,4,8,Silver Bow County             ,1,1,68198,0,0,0,0,0,0,0,0,0,1,1,68198,0,0,0,0,0,0,0,0,0
200001,31,001,2,4,Adams County                  ,4,4,495000,0,0,0,0,0,0,0,0,0,4,4,495000,0,0,0,0,0,0,0,0,0
200001,32,001,4,8,Churchill County              ,5,5,607688,0,0,0,0,0,0,0,0,0,5,5,607688,0,0,0,0,0,0,0,0,0
200001,32,003,4,8,Clark County                  ,1530,1530,162265022,4,8,539626,9,31,2862235,33,431,19607784,1375,1375,149284380,4,8,539626,9,31,2862235,27,332,15588462
200001,32,005,4,8,Douglas County                ,26,26,4191010,0,0,0,0,0,0,0,0,0,26,26,4191010,0,0,0,0,0,0,0,0,0
200001,32,007,4,8,Elko County                   ,4,4,559474,0,0,0,0,0,0,0,0,0,3,3,484904,0,0,0,0,0,0,0,0,0
200001,32,013,4,8,Humboldt County               ,1,1,224254,0,0,0,0,0,0,0,0,0,1,1,224254,0,0,0,0,0,0,0,0,0
200001,32,015,4,8,Lander County                 ,0,0,0,0,0,0,0,0,0,0,0,0,0,0,0,0,0,0,0,0,0,0,0,0
200001,32,019,4,8,Lyon County                   ,8,8,743452,0,0,0,0,0,0,1,5,277008,0,0,0,0,0,0,0,0,0,0,0,0
200001,32,023,4,8,Nye County                    ,0,0,0,0,0,0,0,0,0,0,0,0,0,0,0,0,0,0,0,0,0,0,0,0
200001,32,027,4,8,Pershing County               ,0,0,0,0,0,0,0,0,0,0,0,0,0,0,0,0,0,0,0,0,0,0,0,0
200001,32,031,4,8,Washoe County                 ,243,243,29585334,0,0,0,0,0,0,0,0,0,243,243,29585334,0,0,0,0,0,0,0,0,0
200001,32,510,4,8,Carson City (Independent City),17,17,2054683,0,0,0,0,0,0,0,0,0,17,17,2054683,0,0,0,0,0,0,0,0,0
200001,33,015,1,1,Rockingham County             ,92,92,12724148,0,0,0,0,0,0,0,0,0,69,69,9775643,0,0,0,0,0,0,0,0,0
200001,34,001,1,2,Atlantic County               ,66,66,5321271,0,0,0,0,0,0,0,0,0,30,30,2681320,0,0,0,0,0,0,0,0,0
200001,34,003,1,2,Bergen County                 ,46,46,11815245,10,20,1417461,0,0,0,4,653,31720862,16,16,5202302,6,12,775484,0,0,0,1,538,28515076
200001,34,005,1,2,Burlington County             ,117,117,11662788,0,0,0,0,0,0,6,74,3397914,76,76,8461777,0,0,0,0,0,0,5,40,1587255
200001,34,007,1,2,Camden County                 ,37,37,2888454,0,0,0,0,0,0,0,0,0,6,6,755652,0,0,0,0,0,0,0,0,0
200001,34,009,1,2,Cape May County               ,55,55,5726614,6,12,928900,0,0,0,0,0,0,51,51,5321572,4,8,718800,0,0,0,0,0,0
200001,34,011,1,2,Cumberland County             ,17,17,1883496,0,0,0,0,0,0,1,11,557606,8,8,815840,0,0,0,0,0,0,0,0,0
200001,34,013,1,2,Essex County                  ,18,18,2199051,5,10,411134,1,3,157750,1,5,497238,16,16,2058516,4,8,400500,1,3,157750,0,0,302000
200001,34,015,1,2,Gloucester County             ,82,82,6721831,0,0,0,0,0,0,0,0,0,42,42,3853990,0,0,0,0,0,0,0,0,0
200001,34,017,1,2,Hudson County                 ,24,24,968989,8,16,827943,0,0,0,4,319,26612941,0,0,0,3,6,290000,0,0,0,1,176,17180000
200001,34,019,1,2,Hunterdon County              ,29,29,4632005,0,0,0,0,0,0,1,13,723614,3,3,597400,0,0,0,0,0,0,0,0,0
200001,34,021,1,2,Mercer County                 ,63,63,11022936,2,4,264352,0,0,0,1,5,390625,36,36,8308784,2,4,264352,0,0,0,0,0,0
200001,34,023,1,2,Middlesex County              ,139,139,14169288,0,0,0,0,0,0,10,176,5797772,81,81,8750620,0,0,0,0,0,0,8,160,5130000
200001,34,025,1,2,Monmouth County               ,204,204,23135216,0,0,0,0,0,0,2,24,978980,102,102,14272520,0,0,0,0,0,0,1,12,600000
200001,34,027,1,2,Morris County                 ,63,63,10024107,0,0,0,0,0,0,2,23,1116386,30,30,4364111,0,0,0,0,0,0,0,0,0
200001,34,029,1,2,Ocean County                  ,218,218,24230282,0,0,0,0,0,0,10,189,4709063,195,195,22621912,0,0,0,0,0,0,10,189,4709063
200001,34,031,1,2,Passaic County                ,17,17,2092401,1,2,128197,0,0,0,0,0,0,12,12,1564412,1,2,128197,0,0,0,0,0,0
200001,34,033,1,2,Salem County                  ,8,8,735259,0,0,0,0,0,0,0,0,0,7,7,628350,0,0,0,0,0,0,0,0,0
200001,34,035,1,2,Somerset County               ,131,131,15382313,0,0,0,1,3,55930,4,76,1858210,50,50,5882114,0,0,0,0,0,0,0,0,0
200001,34,037,1,2,Sussex County                 ,38,38,5774691,0,0,0,0,0,0,0,0,0,27,27,4543310,0,0,0,0,0,0,0,0,0
200001,34,039,1,2,Union County                  ,15,15,1215202,10,20,1046521,1,4,103625,0,0,0,6,6,778700,9,18,940750,1,4,103625,0,0,0
200001,34,041,1,2,Warren County                 ,29,29,3015400,0,0,0,0,0,0,0,0,0,20,20,2116180,0,0,0,0,0,0,0,0,0
200001,35,001,4,8,Bernalillo County             ,242,242,23835150,0,0,0,1,4,215765,1,25,822778,2,2,500000,0,0,0,0,0,0,0,0,0
200001,35,005,4,8,Chaves County                 ,5,5,578980,0,0,0,0,0,0,0,0,0,5,5,578980,0,0,0,0,0,0,0,0,0
200001,35,013,4,8,Dona Ana County               ,65,65,8214542,0,0,0,0,0,0,0,0,0,35,35,4969800,0,0,0,0,0,0,0,0,0
200001,35,015,4,8,Eddy County                   ,4,4,516289,0,0,0,0,0,0,0,0,0,4,4,516289,0,0,0,0,0,0,0,0,0
200001,35,025,4,8,Lea County                    ,1,1,62000,0,0,0,0,0,0,0,0,0,1,1,62000,0,0,0,0,0,0,0,0,0
200001,35,027,4,8,Lincoln County                ,17,17,2387690,0,0,0,0,0,0,0,0,0,17,17,2387690,0,0,0,0,0,0,0,0,0
200001,35,028,4,8,Los Alamos County             ,13,13,3524889,0,0,0,0,0,0,0,0,0,13,13,3524889,0,0,0,0,0,0,0,0,0
200001,35,029,4,8,Luna County                   ,2,2,160000,0,0,0,0,0,0,0,0,0,2,2,160000,0,0,0,0,0,0,0,0,0
200001,35,031,4,8,McKinley County               ,1,1,90000,0,0,0,0,0,0,5,31,1808000,1,1,90000,0,0,0,0,0,0,5,31,1808000
200001,35,035,4,8,Otero County                  ,6,6,763275,0,0,0,0,0,0,0,0,0,6,6,763275,0,0,0,0,0,0,0,0,0
200001,35,041,4,8,Roosevelt County              ,4,4,298000,0,0,0,0,0,0,0,0,0,4,4,298000,0,0,0,0,0,0,0,0,0
200001,35,045,4,8,San Juan County               ,12,12,1815975,0,0,0,0,0,0,0,0,0,12,12,1815975,0,0,0,0,0,0,0,0,0
200001,35,049,4,8,Santa Fe County               ,16,16,1507154,0,0,0,0,0,0,0,0,0,16,16,1507154,0,0,0,0,0,0,0,0,0
200001,35,053,4,8,Socorro County                ,1,1,260000,0,0,0,0,0,0,0,0,0,1,1,260000,0,0,0,0,0,0,0,0,0
200001,35,055,4,8,Taos County                   ,1,1,346690,0,0,0,0,0,0,0,0,0,1,1,346690,0,0,0,0,0,0,0,0,0
200001,35,061,4,8,Valencia County               ,22,22,2021524,0,0,0,0,0,0,0,0,0,9,9,814250,0,0,0,0,0,0,0,0,0
200001,36,005,1,2,Bronx County                  ,0,0,0,29,58,3717707,10,30,2022148,0,0,0,0,0,0,29,58,3717707,10,30,2022148,0,0,0
200001,36,027,1,2,Dutchess County               ,56,56,9769498,0,0,0,0,0,0,0,0,0,53,53,9414509,0,0,0,0,0,0,0,0,0
200001,36,047,1,2,Kings County                  ,59,59,7248764,0,0,0,12,36,2426577,2,12,636024,59,59,7248764,0,0,0,12,36,2426577,2,12,636024
200001,36,059,1,2,Nassau County                 ,41,41,15434236,3,6,309000,0,0,0,2,10,926088,36,36,14514263,3,6,309000,0,0,0,0,0,0
200001,36,061,1,2,New York County               ,0,0,0,0,0,0,0,0,0,1,361,19133722,0,0,0,0,0,0,0,0,0,1,361,19133722
200001,36,071,1,2,Orange County                 ,126,126,11116718,0,0,0,0,0,0,1,13,933371,107,107,9152000,0,0,0,0,0,0,0,0,0
200001,36,079,1,2,Putnam County                 ,18,18,3168731,0,0,0,0,0,0,0,0,0,16,16,2928560,0,0,0,0,0,0,0,0,0
200001,36,081,1,2,Queens County                 ,15,15,1842906,24,48,3076723,12,39,2628792,6,127,6731254,15,15,1842906,24,48,3076723,12,39,2628792,6,127,6731254
200001,36,085,1,2,Richmond County               ,56,56,6880182,38,76,4871478,0,0,0,0,0,0,56,56,6880182,38,76,4871478,0,0,0,0,0,0
200001,36,103,1,2,Suffolk County                ,264,264,32451750,0,0,0,0,0,0,1,5,341955,219,219,27124947,0,0,0,0,0,0,0,0,0
200001,36,119,1,2,Westchester County            ,83,83,17986108,2,4,286579,1,3,510000,2,15,856483,63,63,12957150,1,2,150000,0,0,0,0,0,0
200001,37,001,3,5,Alamance County               ,41,41,4999700,0,0,0,0,0,0,0,0,0,41,41,4999700,0,0,0,0,0,0,0,0,0
200001,37,003,3,5,Alexander County              ,6,6,835000,0,0,0,0,0,0,0,0,0,6,6,835000,0,0,0,0,0,0,0,0,0
200001,37,005,3,5,Alleghany County              ,3,3,329319,0,0,0,0,0,0,0,0,0,3,3,329319,0,0,0,0,0,0,0,0,0
200001,37,009,3,5,Ashe County                   ,12,12,1354000,0,0,0,0,0,0,0,0,0,12,12,1354000,0,0,0,0,0,0,0,0,0
200001,37,011,3,5,Avery County                  ,12,12,3240000,0,0,0,0,0,0,0,0,0,12,12,3240000,0,0,0,0,0,0,0,0,0
200001,37,015,3,5,Bertie County                 ,4,4,156512,0,0,0,0,0,0,0,0,0,4,4,156512,0,0,0,0,0,0,0,0,0
200001,37,017,3,5,Bladen County                 ,6,6,772159,0,0,0,0,0,0,0,0,0,6,6,772159,0,0,0,0,0,0,0,0,0
200001,37,025,3,5,Cabarrus County               ,61,61,6849025,0,0,0,0,0,0,0,0,0,61,61,6849025,0,0,0,0,0,0,0,0,0
200001,37,027,3,5,Caldwell County               ,27,27,2720075,0,0,0,0,0,0,0,0,0,27,27,2720075,0,0,0,0,0,0,0,0,0
200001,37,029,3,5,Camden County                 ,6,6,551000,0,0,0,0,0,0,0,0,0,6,6,551000,0,0,0,0,0,0,0,0,0
200001,37,033,3,5,Caswell County                ,9,9,1084560,0,0,0,0,0,0,0,0,0,9,9,1084560,0,0,0,0,0,0,0,0,0
200001,37,037,3,5,Chatham County                ,32,32,4942184,0,0,0,0,0,0,0,0,0,32,32,4942184,0,0,0,0,0,0,0,0,0
200001,37,043,3,5,Clay County                   ,6,6,1036000,0,0,0,0,0,0,0,0,0,6,6,1036000,0,0,0,0,0,0,0,0,0
200001,37,053,3,5,Currituck County              ,24,24,5610500,0,0,0,0,0,0,0,0,0,24,24,5610500,0,0,0,0,0,0,0,0,0
200001,37,057,3,5,Davidson County               ,51,51,5770645,0,0,0,1,4,151334,0,0,0,51,51,5770645,0,0,0,1,4,151334,0,0,0
200001,37,059,3,5,Davie County                  ,18,18,2612775,0,0,0,0,0,0,0,0,0,18,18,2612775,0,0,0,0,0,0,0,0,0
200001,37,061,3,5,Duplin County                 ,4,4,363500,0,0,0,0,0,0,0,0,0,4,4,363500,0,0,0,0,0,0,0,0,0
200001,37,063,3,5,Durham County                 ,98,98,14178483,0,0,0,0,0,0,0,0,0,98,98,14178483,0,0,0,0,0,0,0,0,0
200001,37,067,3,5,Forsyth County                ,113,113,11472333,0,0,0,0,0,0,9,76,2736000,113,113,11472333,0,0,0,0,0,0,9,76,2736000
200001,37,069,3,5,Franklin County               ,36,36,4363900,0,0,0,0,0,0,0,0,0,36,36,4363900,0,0,0,0,0,0,0,0,0
200001,37,071,3,5,Gaston County                 ,44,44,5759705,0,0,0,0,0,0,0,0,0,44,44,5759705,0,0,0,0,0,0,0,0,0
200001,37,075,3,5,Graham County                 ,3,3,126024,0,0,0,0,0,0,0,0,0,3,3,126024,0,0,0,0,0,0,0,0,0
200001,37,081,3,5,Guilford County               ,206,206,23444781,0,0,0,0,0,0,6,109,5274346,206,206,23444781,0,0,0,0,0,0,6,109,5274346
200001,37,089,3,5,Henderson County              ,48,48,6620600,0,0,0,0,0,0,0,0,0,48,48,6620600,0,0,0,0,0,0,0,0,0
200001,37,091,3,5,Hertford County               ,1,1,117000,0,0,0,0,0,0,0,0,0,1,1,117000,0,0,0,0,0,0,0,0,0
200001,37,099,3,5,Jackson County                ,26,26,5514000,0,0,0,1,3,160000,0,0,0,26,26,5514000,0,0,0,1,3,160000,0,0,0
200001,37,101,3,5,Johnston County               ,85,85,9358922,2,4,230550,0,0,0,0,0,0,85,85,9358922,2,4,230550,0,0,0,0,0,0
200001,37,105,3,5,Lee County                    ,10,10,1089191,0,0,0,0,0,0,0,0,0,10,10,1089191,0,0,0,0,0,0,0,0,0
200001,37,113,3,5,Macon County                  ,15,15,2395000,0,0,0,0,0,0,0,0,0,15,15,2395000,0,0,0,0,0,0,0,0,0
200001,37,115,3,5,Madison County                ,15,15,1357512,0,0,0,0,0,0,0,0,0,15,15,1357512,0,0,0,0,0,0,0,0,0
200001,37,117,3,5,Martin County                 ,2,2,233025,0,0,0,0,0,0,0,0,0,2,2,233025,0,0,0,0,0,0,0,0,0
200001,37,119,3,5,Mecklenburg County            ,669,669,85144559,0,0,0,1,4,310131,8,143,7594154,669,669,85144559,0,0,0,1,4,310131,8,143,7594154
200001,37,121,3,5,Mitchell County               ,1,1,103124,0,0,0,0,0,0,0,0,0,1,1,103124,0,0,0,0,0,0,0,0,0
200001,37,123,3,5,Montgomery County             ,4,4,256000,0,0,0,0,0,0,0,0,0,4,4,256000,0,0,0,0,0,0,0,0,0
200001,37,131,3,5,Northampton County            ,3,3,198560,0,0,0,0,0,0,0,0,0,3,3,198560,0,0,0,0,0,0,0,0,0
200001,37,135,3,5,Orange County                 ,58,58,8467033,0,0,0,0,0,0,0,0,0,58,58,8467033,0,0,0,0,0,0,0,0,0
200001,37,137,3,5,Pamlico County                ,5,5,642190,0,0,0,0,0,0,0,0,0,5,5,642190,0,0,0,0,0,0,0,0,0
200001,37,139,3,5,Pasquotank County             ,10,10,805322,0,0,0,0,0,0,0,0,0,6,6,536000,0,0,0,0,0,0,0,0,0
200001,37,145,3,5,Person County                 ,10,10,1867000,0,0,0,0,0,0,0,0,0,10,10,1867000,0,0,0,0,0,0,0,0,0
200001,37,149,3,5,Polk County                   ,12,12,1304028,0,0,0,0,0,0,0,0,0,12,12,1304028,0,0,0,0,0,0,0,0,0
200001,37,151,3,5,Randolph County               ,35,35,4035490,0,0,0,0,0,0,1,10,471000,35,35,4035490,0,0,0,0,0,0,1,10,471000
200001,37,159,3,5,Rowan County                  ,43,43,5599000,0,0,0,0,0,0,4,40,2120000,43,43,5599000,0,0,0,0,0,0,4,40,2120000
200001,37,163,3,5,Sampson County                ,8,8,893400,0,0,0,0,0,0,0,0,0,8,8,893400,0,0,0,0,0,0,0,0,0
200001,37,167,3,5,Stanly County                 ,13,13,750424,0,0,0,0,0,0,0,0,0,13,13,750424,0,0,0,0,0,0,0,0,0
200001,37,169,3,5,Stokes County                 ,10,10,1303278,0,0,0,0,0,0,1,5,176509,5,5,724408,0,0,0,0,0,0,0,0,0
200001,37,171,3,5,Surry County                  ,11,11,1277807,0,0,0,0,0,0,0,0,0,11,11,1277807,0,0,0,0,0,0,0,0,0
200001,37,173,3,5,Swain County                  ,6,6,379440,0,0,0,1,4,217620,0,0,0,6,6,379440,0,0,0,1,4,217620,0,0,0
200001,37,175,3,5,Transylvania County           ,14,14,3187000,0,0,0,0,0,0,0,0,0,14,14,3187000,0,0,0,0,0,0,0,0,0
200001,37,179,3,5,Union County                  ,138,138,16831961,0,0,0,0,0,0,0,0,0,138,138,16831961,0,0,0,0,0,0,0,0,0
200001,37,181,3,5,Vance County                  ,3,3,390000,0,0,0,0,0,0,0,0,0,3,3,390000,0,0,0,0,0,0,0,0,0
200001,37,183,3,5,Wake County                   ,453,453,61457655,0,0,0,0,0,0,2,16,772000,453,453,61457655,0,0,0,0,0,0,2,16,772000
200001,37,185,3,5,Warren County                 ,1,1,134000,0,0,0,0,0,0,0,0,0,1,1,134000,0,0,0,0,0,0,0,0,0
200001,37,187,3,5,Washington County             ,1,1,106000,0,0,0,0,0,0,0,0,0,1,1,106000,0,0,0,0,0,0,0,0,0
200001,37,191,3,5,Wayne County                  ,22,22,2499806,2,4,143325,1,3,113552,0,0,0,3,3,703000,2,4,143325,0,0,0,0,0,0
200001,37,195,3,5,Wilson County                 ,29,29,2665813,2,4,192538,0,0,0,0,0,0,8,8,931918,0,0,0,0,0,0,0,0,0
200001,37,197,3,5,Yadkin County                 ,3,3,485490,0,0,0,0,0,0,0,0,0,3,3,485490,0,0,0,0,0,0,0,0,0
200001,39,007,2,3,Ashtabula County              ,8,8,691890,1,2,150000,0,0,0,0,0,0,8,8,691890,1,2,150000,0,0,0,0,0,0
200001,39,015,2,3,Brown County                  ,3,3,226017,0,0,0,0,0,0,0,0,0,0,0,0,0,0,0,0,0,0,0,0,0
200001,39,017,2,3,Butler County                 ,116,116,15019814,0,0,0,1,4,418083,0,0,0,108,108,14126672,0,0,0,1,4,418083,0,0,0
200001,39,025,2,3,Clermont County               ,89,89,12996623,0,0,0,1,4,498000,0,0,0,89,89,12996623,0,0,0,1,4,498000,0,0,0
200001,39,035,2,3,Cuyahoga County               ,118,118,24516842,1,2,171000,0,0,0,2,11,491446,73,73,17122088,1,2,171000,0,0,0,0,0,0
200001,39,041,2,3,Delaware County               ,158,158,21758374,0,0,0,0,0,0,1,22,788437,64,64,9400608,0,0,0,0,0,0,0,0,0
200001,39,045,2,3,Fairfield County              ,41,41,7159726,0,0,0,0,0,0,0,0,0,35,35,6453221,0,0,0,0,0,0,0,0,0
200001,39,049,2,3,Franklin County               ,300,300,39155000,6,12,966605,5,19,1346192,15,158,7006370,85,85,17033205,5,10,810000,0,0,0,0,0,0
200001,39,055,2,3,Geauga County                 ,17,17,2128000,0,0,0,0,0,0,0,0,0,17,17,2128000,0,0,0,0,0,0,0,0,0
200001,39,061,2,3,Hamilton County               ,76,76,9300201,0,0,0,0,0,0,0,0,0,73,73,8918705,0,0,0,0,0,0,0,0,0
200001,39,085,2,3,Lake County                   ,25,25,4211210,1,2,200000,2,7,840833,0,0,0,23,23,3892000,0,0,0,1,4,680000,0,0,0
200001,39,089,2,3,Licking County                ,45,45,5573861,0,0,0,1,4,218261,1,5,357143,0,0,0,0,0,0,0,0,0,0,0,0
200001,39,093,2,3,Lorain County                 ,71,71,11360694,1,2,120000,1,4,350000,3,15,1275000,64,64,10460775,1,2,120000,1,4,350000,3,15,1275000
200001,39,097,2,3,Madison County                ,6,6,821863,0,0,0,0,0,0,0,0,0,6,6,821863,0,0,0,0,0,0,0,0,0
200001,39,103,2,3,Medina County                 ,79,79,14267703,0,0,0,0,0,0,0,0,0,79,79,14267703,0,0,0,0,0,0,0,0,0
200001,39,129,2,3,Pickaway County               ,26,26,5639068,0,0,0,0,0,0,0,0,0,23,23,5237932,0,0,0,0,0,0,0,0,0
200001,39,133,2,3,Portage County                ,40,40,8303475,0,0,0,0,0,0,1,5,211111,36,36,7741224,0,0,0,0,0,0,0,0,0
200001,39,135,2,3,Preble County                 ,5,5,515000,0,0,0,0,0,0,0,0,0,5,5,515000,0,0,0,0,0,0,0,0,0
200001,39,153,2,3,Summit County                 ,97,97,15674926,0,0,0,1,3,92850,5,50,1540172,80,80,13824354,0,0,0,0,0,0,3,36,1125000
200001,39,165,2,3,Warren County                 ,152,152,17727042,0,0,0,2,6,423934,1,13,583163,62,62,7480834,0,0,0,0,0,0,0,0,0
200001,40,001,3,7,Adair County                  ,0,0,0,0,0,0,0,0,0,0,0,0,0,0,0,0,0,0,0,0,0,0,0,0
200001,40,013,3,7,Bryan County                  ,1,1,103000,0,0,0,0,0,0,0,0,0,1,1,103000,0,0,0,0,0,0,0,0,0
200001,40,085,3,7,Love County                   ,0,0,0,0,0,0,0,0,0,0,0,0,0,0,0,0,0,0,0,0,0,0,0,0
200001,41,001,4,9,Baker County                  ,1,1,104167,0,0,0,0,0,0,0,0,0,1,1,104167,0,0,0,0,0,0,0,0,0
200001,41,003,4,9,Benton County                 ,9,9,1387506,0,0,0,0,0,0,1,9,412743,1,1,59132,0,0,0,0,0,0,0,0,0
200001,41,005,4,9,Clackamas County              ,126,126,24922638,3,6,664672,1,3,239558,1,5,685998,94,94,19326448,3,6,664672,0,0,0,0,0,0
200001,41,007,4,9,Clatsop County                ,11,11,1507310,5,10,972368,0,0,0,0,0,0,11,11,1507310,5,10,972368,0,0,0,0,0,0
200001,41,009,4,9,Columbia County               ,10,10,1351286,1,2,97500,1,3,240000,0,0,0,8,8,1099415,1,2,97500,0,0,0,0,0,0
200001,41,011,4,9,Coos County                   ,1,1,110155,0,0,0,0,0,0,0,0,0,0,0,0,0,0,0,0,0,0,0,0,0
200001,41,013,4,9,Crook County                  ,13,13,1584759,0,0,0,0,0,0,0,0,0,13,13,1584759,0,0,0,0,0,0,0,0,0
200001,41,015,4,9,Curry County                  ,6,6,976601,0,0,0,0,0,0,1,5,315250,4,4,685457,0,0,0,0,0,0,0,0,0
200001,41,017,4,9,Deschutes County              ,106,106,17248517,1,2,139109,0,0,0,0,0,0,106,106,17248517,1,2,139109,0,0,0,0,0,0
200001,41,019,4,9,Douglas County                ,15,15,2266470,0,0,0,0,0,0,0,0,0,15,15,2266470,0,0,0,0,0,0,0,0,0
200001,41,025,4,9,Harney County                 ,0,0,0,0,0,0,0,0,0,0,0,0,0,0,0,0,0,0,0,0,0,0,0,0
200001,41,027,4,9,Hood River County             ,1,1,215572,0,0,0,0,0,0,0,0,0,1,1,215572,0,0,0,0,0,0,0,0,0
200001,41,029,4,9,Jackson County                ,63,63,7082661,1,2,149481,0,0,0,0,0,0,47,47,5121108,0,0,0,0,0,0,0,0,0
200001,41,033,4,9,Josephine County              ,20,20,2355638,1,2,102281,0,0,0,0,0,0,11,11,1310041,0,0,0,0,0,0,0,0,0
200001,41,035,4,9,Klamath County                ,11,11,2084076,0,0,0,0,0,0,0,0,0,11,11,2084076,0,0,0,0,0,0,0,0,0
200001,41,037,4,9,Lake County                   ,0,0,0,0,0,0,0,0,0,0,0,0,0,0,0,0,0,0,0,0,0,0,0,0
200001,41,039,4,9,Lane County                   ,77,77,11062787,8,16,1205589,0,0,0,0,0,0,60,60,9177087,7,14,1079372,0,0,0,0,0,0
200001,41,041,4,9,Lincoln County                ,6,6,660930,0,0,0,0,0,0,0,0,0,4,4,388060,0,0,0,0,0,0,0,0,0
200001,41,043,4,9,Linn County                   ,18,18,1924931,3,6,464832,0,0,0,2,19,1072627,6,6,533548,1,2,131062,0,0,0,1,6,549622
200001,41,045,4,9,Malheur County                ,7,7,809134,0,0,0,0,0,0,0,0,0,7,7,809134,0,0,0,0,0,0,0,0,0
200001,41,047,4,9,Marion County                 ,114,114,14137811,2,4,309570,0,0,0,4,39,1815614,34,34,2624184,0,0,0,0,0,0,0,0,0
200001,41,051,4,9,Multnomah County              ,70,70,9603232,7,14,1236438,1,4,319410,6,76,4567330,70,70,9603232,7,14,1236438,1,4,319410,6,76,4567330
200001,41,053,4,9,Polk County                   ,4,4,683579,0,0,0,0,0,0,0,0,0,1,1,133000,0,0,0,0,0,0,0,0,0
200001,41,057,4,9,Tillamook County              ,8,8,1112158,1,2,217700,0,0,0,0,0,0,1,1,123400,1,2,217700,0,0,0,0,0,0
200001,41,059,4,9,Umatilla County               ,10,10,1262744,0,0,0,0,0,0,0,0,0,10,10,1262744,0,0,0,0,0,0,0,0,0
200001,41,061,4,9,Union County                  ,1,1,170341,0,0,0,0,0,0,0,0,0,1,1,170341,0,0,0,0,0,0,0,0,0
200001,41,065,4,9,Wasco County                  ,0,0,0,0,0,0,0,0,0,0,0,0,0,0,0,0,0,0,0,0,0,0,0,0
200001,41,067,4,9,Washington County             ,215,215,25429613,1,2,135140,1,4,143532,0,0,0,191,191,22030299,1,2,135140,1,4,143532,0,0,0
200001,41,071,4,9,Yamhill County                ,36,36,3977945,1,2,151447,0,0,0,1,7,210398,26,26,2818904,1,2,151447,0,0,0,0,0,0
200001,42,001,1,2,Adams County                  ,26,26,2312022,0,0,0,0,0,0,0,0,0,26,26,2312022,0,0,0,0,0,0,0,0,0
200001,42,003,1,2,Allegheny County              ,104,104,14755508,0,0,0,2,8,250000,4,68,3119138,84,84,11632262,0,0,0,2,8,250000,0,0,0
200001,42,007,1,2,Beaver County                 ,26,26,3335683,1,2,60000,0,0,0,0,0,0,20,20,2659300,1,2,60000,0,0,0,0,0,0
200001,42,017,1,2,Bucks County                  ,263,263,28752131,0,0,0,0,0,0,0,0,0,224,224,23777195,0,0,0,0,0,0,0,0,0
200001,42,019,1,2,Butler County                 ,70,70,8434693,0,0,0,0,0,0,0,0,0,52,52,6197453,0,0,0,0,0,0,0,0,0
200001,42,029,1,2,Chester County                ,174,174,22768962,1,2,20000,1,3,252206,1,6,391837,145,145,19406339,1,2,20000,1,3,252206,0,0,0
200001,42,045,1,2,Delaware County               ,44,44,6456786,0,0,0,0,0,0,1,16,1102951,28,28,4735750,0,0,0,0,0,0,0,0,0
200001,42,051,1,2,Fayette County                ,16,16,882053,0,0,0,0,0,0,0,0,0,1,1,75000,0,0,0,0,0,0,0,0,0
200001,42,065,1,2,Jefferson County              ,4,4,280000,0,0,0,0,0,0,0,0,0,4,4,280000,0,0,0,0,0,0,0,0,0
200001,42,091,1,2,Montgomery County             ,175,175,19395503,0,0,0,0,0,0,4,27,1304977,141,141,15453868,0,0,0,0,0,0,1,6,286200
200001,42,101,1,2,Philadelphia County           ,2,2,245721,0,0,0,0,0,0,2,247,13091494,2,2,245721,0,0,0,0,0,0,2,247,13091494
200001,42,103,1,2,Pike County                   ,18,18,2131937,0,0,0,0,0,0,0,0,0,17,17,2030932,0,0,0,0,0,0,0,0,0
200001,42,125,1,2,Washington County             ,176,176,34880227,0,0,0,0,0,0,0,0,0,173,173,34565043,0,0,0,0,0,0,0,0,0
200001,42,129,1,2,Westmoreland County           ,54,54,7783707,1,2,20000,1,3,26000,0,0,0,45,45,6636645,0,0,0,0,0,0,0,0,0
200001,44,001,1,1,Bristol County                ,7,7,755344,0,0,0,0,0,0,0,0,0,3,3,392785,0,0,0,0,0,0,0,0,0
200001,44,003,1,1,Kent County                   ,26,26,2895639,0,0,0,0,0,0,0,0,0,9,9,1050210,0,0,0,0,0,0,0,0,0
200001,44,005,1,1,Newport County                ,10,10,1734136,1,2,146667,0,0,0,0,0,0,7,7,1350000,0,0,0,0,0,0,0,0,0
200001,44,007,1,1,Providence County             ,58,58,6283260,3,6,210000,0,0,0,1,100,5212465,45,45,5058992,3,6,210000,0,0,0,1,100,5212465
200001,44,009,1,1,Washington County             ,55,55,7293025,0,0,0,0,0,0,0,0,0,43,43,5807967,0,0,0,0,0,0,0,0,0
200001,45,003,3,5,Aiken County                  ,56,56,6772016,0,0,0,0,0,0,1,6,76500,43,43,4965340,0,0,0,0,0,0,0,0,0
200001,45,015,3,5,Berkeley County               ,36,36,3937030,0,0,0,0,0,0,0,0,0,36,36,3937030,0,0,0,0,0,0,0,0,0
200001,45,023,3,5,Chester County                ,1,1,199896,0,0,0,0,0,0,0,0,0,1,1,199896,0,0,0,0,0,0,0,0,0
200001,45,045,3,5,Greenville County             ,255,255,23763936,0,0,0,0,0,0,1,20,1000000,78,78,7679382,0,0,0,0,0,0,1,20,1000000
200001,45,047,3,5,Greenwood County              ,20,20,1556090,0,0,0,4,16,662670,0,0,0,20,20,1556090,0,0,0,4,16,662670,0,0,0
200001,45,053,3,5,Jasper County                 ,9,9,848653,0,0,0,0,0,0,0,0,0,9,9,848653,0,0,0,0,0,0,0,0,0
200001,45,077,3,5,Pickens County                ,55,55,6106032,0,0,0,0,0,0,1,10,558162,53,53,5850814,0,0,0,0,0,0,0,0,0
200001,45,081,3,5,Saluda County                 ,1,1,100000,0,0,0,0,0,0,0,0,0,1,1,100000,0,0,0,0,0,0,0,0,0
200001,45,087,3,5,Union County                  ,0,0,0,0,0,0,0,0,0,0,0,0,0,0,0,0,0,0,0,0,0,0,0,0
200001,45,091,3,5,York County                   ,115,115,14043581,13,26,2378999,0,0,0,19,491,17573692,115,115,14043581,13,26,2378999,0,0,0,19,491,17573692
200001,46,007,2,4,Bennett County                ,0,0,0,0,0,0,0,0,0,0,0,0,0,0,0,0,0,0,0,0,0,0,0,0
200001,46,027,2,4,Clay County                   ,3,3,250822,0,0,0,0,0,0,0,0,0,2,2,141000,0,0,0,0,0,0,0,0,0
200001,46,079,2,4,Lake County                   ,0,0,0,0,0,0,0,0,0,0,0,0,0,0,0,0,0,0,0,0,0,0,0,0
200001,46,093,2,4,Meade County                  ,4,4,600000,0,0,0,0,0,0,0,0,0,4,4,600000,0,0,0,0,0,0,0,0,0
200001,46,095,2,4,Mellette County               ,0,0,0,0,0,0,0,0,0,0,0,0,0,0,0,0,0,0,0,0,0,0,0,0
200001,46,121,2,4,Todd County                   ,0,0,0,0,0,0,0,0,0,0,0,0,0,0,0,0,0,0,0,0,0,0,0,0
200001,47,011,3,6,Bradley County                ,28,28,2934505,2,4,135000,1,4,200000,1,30,2206000,28,28,2934505,2,4,135000,1,4,200000,1,30,2206000
200001,47,021,3,6,Cheatham County               ,4,4,435000,0,0,0,0,0,0,2,15,825000,4,4,435000,0,0,0,0,0,0,2,15,825000
200001,47,025,3,6,Claiborne County              ,9,9,654000,0,0,0,0,0,0,0,0,0,9,9,654000,0,0,0,0,0,0,0,0,0
200001,47,031,3,6,Coffee County                 ,8,8,831510,0,0,0,0,0,0,0,0,0,2,2,87000,0,0,0,0,0,0,0,0,0
200001,47,037,3,6,Davidson County               ,181,181,27149361,5,10,689994,0,0,0,1,42,2894240,8,8,2484861,0,0,0,0,0,0,0,0,0
200001,47,043,3,6,Dickson County                ,12,12,2119276,0,0,0,0,0,0,0,0,0,11,11,2059276,0,0,0,0,0,0,0,0,0
200001,47,047,3,6,Fayette County                ,9,9,2223200,0,0,0,0,0,0,0,0,0,8,8,2070000,0,0,0,0,0,0,0,0,0
200001,47,063,3,6,Hamblen County                ,24,24,2062600,0,0,0,0,0,0,0,0,0,24,24,2062600,0,0,0,0,0,0,0,0,0
200001,47,093,3,6,Knox County                   ,163,163,15065175,1,2,107905,1,3,132981,2,30,1080028,125,125,12832306,0,0,0,0,0,0,0,0,0
200001,47,113,3,6,Madison County                ,45,45,5315001,0,0,0,0,0,0,0,0,0,45,45,5315001,0,0,0,0,0,0,0,0,0
200001,47,125,3,6,Montgomery County             ,62,62,4486500,0,0,0,1,4,130000,3,23,540000,62,62,4486500,0,0,0,1,4,130000,3,23,540000
200001,47,127,3,6,Moore County                  ,9,9,802000,0,0,0,0,0,0,0,0,0,9,9,802000,0,0,0,0,0,0,0,0,0
200001,47,147,3,6,Robertson County              ,47,47,4166584,0,0,0,0,0,0,1,5,250000,29,29,2817035,0,0,0,0,0,0,0,0,0
200001,47,149,3,6,Rutherford County             ,138,138,11961240,0,0,0,2,8,443256,0,0,0,138,138,11961240,0,0,0,2,8,443256,0,0,0
200001,47,151,3,6,Scott County                  ,1,1,70000,0,0,0,0,0,0,0,0,0,1,1,70000,0,0,0,0,0,0,0,0,0
200001,47,157,3,6,Shelby County                 ,302,302,53269920,0,0,0,0,0,0,46,598,35804000,302,302,53269920,0,0,0,0,0,0,46,598,35804000
200001,47,165,3,6,Sumner County                 ,63,63,5436030,0,0,0,0,0,0,0,0,0,52,52,4756332,0,0,0,0,0,0,0,0,0
200001,47,167,3,6,Tipton County                 ,27,27,2608284,0,0,0,0,0,0,0,0,0,25,25,2521415,0,0,0,0,0,0,0,0,0
200001,47,177,3,6,Warren County                 ,5,5,225626,0,0,0,0,0,0,0,0,0,5,5,225626,0,0,0,0,0,0,0,0,0
200001,47,187,3,6,Williamson County             ,95,95,18547515,0,0,0,0,0,0,0,0,0,38,38,7935018,0,0,0,0,0,0,0,0,0
200001,47,189,3,6,Wilson County                 ,55,55,7110033,0,0,0,0,0,0,0,0,0,54,54,7053345,0,0,0,0,0,0,0,0,0
200001,48,039,3,7,Brazoria County               ,118,118,14121183,1,2,130000,0,0,0,0,0,0,117,117,14026291,1,2,130000,0,0,0,0,0,0
200001,48,041,3,7,Brazos County                 ,41,41,4326160,17,34,1187320,0,0,0,0,0,0,24,24,3291040,17,34,1187320,0,0,0,0,0,0
200001,48,063,3,7,Camp County                   ,0,0,0,0,0,0,0,0,0,0,0,0,0,0,0,0,0,0,0,0,0,0,0,0
200001,48,071,3,7,Chambers County               ,9,9,672558,0,0,0,0,0,0,0,0,0,9,9,672558,0,0,0,0,0,0,0,0,0
200001,48,083,3,7,Coleman County                ,0,0,0,0,0,0,0,0,0,0,0,0,0,0,0,0,0,0,0,0,0,0,0,0
200001,48,085,3,7,Collin County                 ,579,579,95706787,0,0,0,0,0,0,1,42,1683088,413,413,74549719,0,0,0,0,0,0,0,0,0
200001,48,113,3,7,Dallas County                 ,661,661,95380950,0,0,0,0,0,0,14,249,12300578,594,594,85126992,0,0,0,0,0,0,13,227,11219435
200001,48,121,3,7,Denton County                 ,323,323,58052039,1,2,116193,0,0,0,10,192,9489566,318,318,57427471,1,2,116193,0,0,0,10,192,9489566
200001,48,139,3,7,Ellis County                  ,43,43,5702916,0,0,0,0,0,0,0,0,0,41,41,5582360,0,0,0,0,0,0,0,0,0
200001,48,151,3,7,Fisher County                 ,0,0,0,0,0,0,0,0,0,0,0,0,0,0,0,0,0,0,0,0,0,0,0,0
200001,48,157,3,7,Fort Bend County              ,89,89,11439404,0,0,0,0,0,0,0,0,0,88,88,11390904,0,0,0,0,0,0,0,0,0
200001,48,167,3,7,Galveston County              ,153,153,20747056,0,0,0,1,4,186454,0,0,0,152,152,20580056,0,0,0,0,0,0,0,0,0
200001,48,169,3,7,Garza County                  ,0,0,0,0,0,0,0,0,0,0,0,0,0,0,0,0,0,0,0,0,0,0,0,0
200001,48,201,3,7,Harris County                 ,1293,1293,154834615,0,0,0,0,0,0,1,200,9884964,1281,1281,150921764,0,0,0,0,0,0,1,200,9884964
200001,48,211,3,7,Hemphill County               ,0,0,0,0,0,0,0,0,0,0,0,0,0,0,0,0,0,0,0,0,0,0,0,0
200001,48,213,3,7,Henderson County              ,10,10,724442,0,0,0,0,0,0,0,0,0,5,5,300000,0,0,0,0,0,0,0,0,0
200001,48,221,3,7,Hood County                   ,2,2,130000,0,0,0,0,0,0,0,0,0,2,2,130000,0,0,0,0,0,0,0,0,0
200001,48,231,3,7,Hunt County                   ,8,8,736410,0,0,0,0,0,0,0,0,0,5,5,408900,0,0,0,0,0,0,0,0,0
200001,48,251,3,7,Johnson County                ,32,32,3209835,1,2,85000,0,0,0,0,0,0,32,32,3209835,1,2,85000,0,0,0,0,0,0
200001,48,257,3,7,Kaufman County                ,15,15,1415274,0,0,0,0,0,0,1,10,301130,6,6,698138,0,0,0,0,0,0,0,0,0
200001,48,265,3,7,Kerr County                   ,3,3,343590,0,0,0,0,0,0,0,0,0,3,3,343590,0,0,0,0,0,0,0,0,0
200001,48,291,3,7,Liberty County                ,21,21,1030318,0,0,0,0,0,0,0,0,0,21,21,1030318,0,0,0,0,0,0,0,0,0
200001,48,319,3,7,Mason County                  ,0,0,0,0,0,0,0,0,0,0,0,0,0,0,0,0,0,0,0,0,0,0,0,0
200001,48,323,3,7,Maverick County               ,14,14,732791,0,0,0,0,0,0,0,0,0,14,14,732791,0,0,0,0,0,0,0,0,0
200001,48,339,3,7,Montgomery County             ,267,267,45662335,12,24,660000,0,0,0,0,0,0,263,263,45219497,12,24,660000,0,0,0,0,0,0
200001,48,367,3,7,Parker County                 ,25,25,2903661,0,0,0,0,0,0,0,0,0,25,25,2903661,0,0,0,0,0,0,0,0,0
200001,48,375,3,7,Potter County                 ,40,40,5002403,0,0,0,0,0,0,0,0,0,40,40,5002403,0,0,0,0,0,0,0,0,0
200001,48,397,3,7,Rockwall County               ,55,55,11825856,0,0,0,0,0,0,0,0,0,54,54,11720856,0,0,0,0,0,0,0,0,0
200001,48,437,3,7,Swisher County                ,0,0,0,0,0,0,0,0,0,0,0,0,0,0,0,0,0,0,0,0,0,0,0,0
200001,48,439,3,7,Tarrant County                ,602,602,78031266,3,6,320800,0,0,0,0,0,0,490,490,60171742,2,4,200800,0,0,0,0,0,0
200001,48,451,3,7,Tom Green County              ,19,19,1842005,1,2,184000,0,0,0,0,0,0,19,19,1842005,1,2,184000,0,0,0,0,0,0
200001,48,469,3,7,Victoria County               ,15,15,1684187,0,0,0,0,0,0,0,0,0,15,15,1684187,0,0,0,0,0,0,0,0,0
200001,48,473,3,7,Waller County                 ,3,3,133000,1,2,64000,0,0,0,6,160,2000000,3,3,133000,0,0,0,0,0,0,6,160,2000000
200001,49,011,4,8,Davis County                  ,97,97,12197209,0,0,0,0,0,0,1,5,310419,86,86,11074595,0,0,0,0,0,0,0,0,0
200001,49,035,4,8,Salt Lake County              ,278,278,33221386,0,0,0,2,8,638820,1,5,263550,222,222,27185880,0,0,0,2,8,638820,0,0,0
200001,49,039,4,8,Sanpete County                ,2,2,163551,0,0,0,0,0,0,0,0,0,2,2,163551,0,0,0,0,0,0,0,0,0
200001,49,057,4,8,Weber County                  ,99,99,11365549,2,4,328596,1,4,243291,1,19,883446,42,42,4524030,0,0,0,0,0,0,0,0,0
200001,51,003,3,5,Albemarle County              ,44,44,6957830,1,2,90000,0,0,0,0,0,0,44,44,6957830,1,2,90000,0,0,0,0,0,0
200001,51,007,3,5,Amelia County                 ,4,4,515701,0,0,0,0,0,0,0,0,0,4,4,515701,0,0,0,0,0,0,0,0,0
200001,51,009,3,5,Amherst County                ,10,10,1152000,0,0,0,0,0,0,0,0,0,10,10,1152000,0,0,0,0,0,0,0,0,0
200001,51,013,3,5,Arlington County              ,0,0,0,0,0,0,0,0,0,0,0,0,0,0,0,0,0,0,0,0,0,0,0,0
200001,51,015,3,5,Augusta County                ,20,20,1907150,0,0,0,0,0,0,0,0,0,20,20,1907150,0,0,0,0,0,0,0,0,0
200001,51,019,3,5,Bedford County                ,29,29,4193000,0,0,0,0,0,0,0,0,0,29,29,4193000,0,0,0,0,0,0,0,0,0
200001,51,023,3,5,Botetourt County              ,10,10,1429000,0,0,0,0,0,0,0,0,0,10,10,1429000,0,0,0,0,0,0,0,0,0
200001,51,031,3,5,Campbell County               ,10,10,1684160,0,0,0,0,0,0,0,0,0,10,10,1684160,0,0,0,0,0,0,0,0,0
200001,51,035,3,5,Carroll County                ,3,3,296000,0,0,0,0,0,0,0,0,0,3,3,296000,0,0,0,0,0,0,0,0,0
200001,51,036,3,5,Charles City County           ,1,1,72000,0,0,0,0,0,0,0,0,0,1,1,72000,0,0,0,0,0,0,0,0,0
200001,51,037,3,5,Charlotte County              ,1,1,70000,0,0,0,0,0,0,0,0,0,1,1,70000,0,0,0,0,0,0,0,0,0
200001,51,041,3,5,Chesterfield County           ,129,129,14484004,0,0,0,0,0,0,0,0,0,129,129,14484004,0,0,0,0,0,0,0,0,0
200001,51,043,3,5,Clarke County                 ,4,4,670284,0,0,0,0,0,0,0,0,0,4,4,670284,0,0,0,0,0,0,0,0,0
200001,51,049,3,5,Cumberland County             ,3,3,355500,0,0,0,0,0,0,0,0,0,3,3,355500,0,0,0,0,0,0,0,0,0
200001,51,053,3,5,Dinwiddie County              ,11,11,1170000,0,0,0,0,0,0,0,0,0,11,11,1170000,0,0,0,0,0,0,0,0,0
200001,51,057,3,5,Essex County                  ,3,3,402000,0,0,0,0,0,0,0,0,0,3,3,402000,0,0,0,0,0,0,0,0,0
200001,51,059,3,5,Fairfax County                ,272,272,30565457,0,0,0,0,0,0,7,212,10478062,268,268,30090799,0,0,0,0,0,0,7,212,10478062
200001,51,061,3,5,Fauquier County               ,37,37,5739235,0,0,0,0,0,0,0,0,0,37,37,5739235,0,0,0,0,0,0,0,0,0
200001,51,063,3,5,Floyd County                  ,6,6,363000,0,0,0,0,0,0,0,0,0,6,6,363000,0,0,0,0,0,0,0,0,0
200001,51,065,3,5,Fluvanna County               ,25,25,2732628,0,0,0,0,0,0,0,0,0,25,25,2732628,0,0,0,0,0,0,0,0,0
200001,51,067,3,5,Franklin County               ,23,23,3208500,0,0,0,0,0,0,0,0,0,23,23,3208500,0,0,0,0,0,0,0,0,0
200001,51,069,3,5,Frederick County              ,25,25,2875500,0,0,0,0,0,0,0,0,0,25,25,2875500,0,0,0,0,0,0,0,0,0
200001,51,073,3,5,Gloucester County             ,11,11,1118000,0,0,0,0,0,0,0,0,0,11,11,1118000,0,0,0,0,0,0,0,0,0
200001,51,075,3,5,Goochland County              ,12,12,1609176,0,0,0,0,0,0,0,0,0,12,12,1609176,0,0,0,0,0,0,0,0,0
200001,51,077,3,5,Grayson County                ,1,1,102000,0,0,0,0,0,0,0,0,0,1,1,102000,0,0,0,0,0,0,0,0,0
200001,51,085,3,5,Hanover County                ,68,68,7356449,0,0,0,0,0,0,0,0,0,68,68,7356449,0,0,0,0,0,0,0,0,0
200001,51,087,3,5,Henrico County                ,119,119,13361213,0,0,0,0,0,0,0,0,0,119,119,13361213,0,0,0,0,0,0,0,0,0
200001,51,089,3,5,Henry County                  ,7,7,749526,0,0,0,0,0,0,0,0,0,7,7,749526,0,0,0,0,0,0,0,0,0
200001,51,095,3,5,James City County             ,65,65,7298142,0,0,0,0,0,0,0,0,0,65,65,7298142,0,0,0,0,0,0,0,0,0
200001,51,099,3,5,King George County            ,14,14,1571907,0,0,0,0,0,0,0,0,0,14,14,1571907,0,0,0,0,0,0,0,0,0
200001,51,101,3,5,King William County           ,15,15,1062000,0,0,0,0,0,0,0,0,0,15,15,1062000,0,0,0,0,0,0,0,0,0
200001,51,103,3,5,Lancaster County              ,4,4,472900,0,0,0,0,0,0,0,0,0,4,4,472900,0,0,0,0,0,0,0,0,0
200001,51,105,3,5,Lee County                    ,5,5,261700,0,0,0,0,0,0,0,0,0,5,5,261700,0,0,0,0,0,0,0,0,0
200001,51,107,3,5,Loudoun County                ,344,344,38624011,0,0,0,0,0,0,7,238,11763107,344,344,38624011,0,0,0,0,0,0,7,238,11763107
200001,51,109,3,5,Louisa County                 ,14,14,2128100,0,0,0,0,0,0,0,0,0,14,14,2128100,0,0,0,0,0,0,0,0,0
200001,51,113,3,5,Madison County                ,7,7,482000,0,0,0,0,0,0,0,0,0,7,7,482000,0,0,0,0,0,0,0,0,0
200001,51,115,3,5,Mathews County                ,1,1,65000,0,0,0,0,0,0,0,0,0,1,1,65000,0,0,0,0,0,0,0,0,0
200001,51,119,3,5,Middlesex County              ,4,4,565200,0,0,0,0,0,0,0,0,0,4,4,565200,0,0,0,0,0,0,0,0,0
200001,51,121,3,5,Montgomery County             ,19,19,1846000,0,0,0,0,0,0,1,10,385000,19,19,1846000,0,0,0,0,0,0,1,10,385000
200001,51,125,3,5,Nelson County                 ,9,9,2138188,0,0,0,0,0,0,0,0,0,9,9,2138188,0,0,0,0,0,0,0,0,0
200001,51,131,3,5,Northampton County            ,4,4,1200361,0,0,0,0,0,0,0,0,0,4,4,1200361,0,0,0,0,0,0,0,0,0
200001,51,133,3,5,Northumberland County         ,6,6,830850,0,0,0,0,0,0,0,0,0,6,6,830850,0,0,0,0,0,0,0,0,0
200001,51,139,3,5,Page County                   ,4,4,377025,0,0,0,0,0,0,0,0,0,4,4,377025,0,0,0,0,0,0,0,0,0
200001,51,141,3,5,Patrick County                ,8,8,718000,0,0,0,0,0,0,0,0,0,8,8,718000,0,0,0,0,0,0,0,0,0
200001,51,145,3,5,Powhatan County               ,20,20,2163000,0,0,0,0,0,0,0,0,0,20,20,2163000,0,0,0,0,0,0,0,0,0
200001,51,153,3,5,Prince William County         ,256,256,25103458,0,0,0,0,0,0,12,132,4574000,256,256,25103458,0,0,0,0,0,0,12,132,4574000
200001,51,161,3,5,Roanoke County                ,37,37,1973323,0,0,0,0,0,0,0,0,0,37,37,1973323,0,0,0,0,0,0,0,0,0
200001,51,165,3,5,Rockingham County             ,16,16,2301000,0,0,0,1,3,130000,1,8,320000,16,16,2301000,0,0,0,1,3,130000,1,8,320000
200001,51,169,3,5,Scott County                  ,4,4,344500,0,0,0,0,0,0,0,0,0,4,4,344500,0,0,0,0,0,0,0,0,0
200001,51,171,3,5,Shenandoah County             ,10,10,1010000,0,0,0,0,0,0,0,0,0,10,10,1010000,0,0,0,0,0,0,0,0,0
200001,51,173,3,5,Smyth County                  ,3,3,309371,0,0,0,0,0,0,0,0,0,3,3,309371,0,0,0,0,0,0,0,0,0
200001,51,177,3,5,Spotsylvania County           ,107,107,15465558,0,0,0,0,0,0,0,0,0,107,107,15465558,0,0,0,0,0,0,0,0,0
200001,51,179,3,5,Stafford County               ,189,189,21220750,0,0,0,0,0,0,0,0,0,189,189,21220750,0,0,0,0,0,0,0,0,0
200001,51,181,3,5,Surry County                  ,0,0,0,0,0,0,0,0,0,0,0,0,0,0,0,0,0,0,0,0,0,0,0,0
200001,51,185,3,5,Tazewell County               ,5,5,871193,0,0,0,0,0,0,0,0,0,5,5,871193,0,0,0,0,0,0,0,0,0
200001,51,187,3,5,Warren County                 ,10,10,1164700,2,4,180000,0,0,0,0,0,0,10,10,1164700,2,4,180000,0,0,0,0,0,0
200001,51,191,3,5,Washington County             ,12,12,761235,0,0,0,0,0,0,0,0,0,12,12,761235,0,0,0,0,0,0,0,0,0
200001,51,193,3,5,Westmoreland County           ,6,6,525700,0,0,0,0,0,0,0,0,0,6,6,525700,0,0,0,0,0,0,0,0,0
200001,51,197,3,5,Wythe County                  ,9,9,732000,0,0,0,0,0,0,0,0,0,9,9,732000,0,0,0,0,0,0,0,0,0
200001,51,540,3,5,Charlottesville (Independent C,1,1,100000,0,0,0,0,0,0,0,0,0,1,1,100000,0,0,0,0,0,0,0,0,0
200001,51,550,3,5,Chesapeake(Independent City)  ,50,50,5613955,0,0,0,0,0,0,2,16,790797,50,50,5613955,0,0,0,0,0,0,2,16,790797
200001,51,560,3,5,Clifton Forge (Independent Cit,0,0,0,0,0,0,0,0,0,0,0,0,0,0,0,0,0,0,0,0,0,0,0,0
200001,51,570,3,5,Colonial Heights (Independent ,3,3,360000,0,0,0,0,0,0,0,0,0,3,3,360000,0,0,0,0,0,0,0,0,0
200001,51,590,3,5,Danville (Independent City)   ,0,0,0,0,0,0,0,0,0,0,0,0,0,0,0,0,0,0,0,0,0,0,0,0
200001,51,620,3,5,Franklin (Independent City)   ,1,1,135000,0,0,0,0,0,0,0,0,0,1,1,135000,0,0,0,0,0,0,0,0,0
200001,51,630,3,5,Fredericksburg(Independent Cit,1,1,18800,0,0,0,0,0,0,0,0,0,1,1,18800,0,0,0,0,0,0,0,0,0
200001,51,660,3,5,Harrisonburg (Independent City,18,18,1895349,0,0,0,0,0,0,2,12,420000,18,18,1895349,0,0,0,0,0,0,2,12,420000
200001,51,683,3,5,Manassas (Independent City)   ,0,0,0,0,0,0,0,0,0,0,0,0,0,0,0,0,0,0,0,0,0,0,0,0
200001,51,700,3,5,Newport News (Independent City,12,12,728075,0,0,0,0,0,0,0,0,0,12,12,728075,0,0,0,0,0,0,0,0,0
200001,51,710,3,5,Norfolk (Independent City)    ,12,12,1347349,1,2,116193,0,0,0,0,0,0,12,12,1347349,1,2,116193,0,0,0,0,0,0
200001,51,740,3,5,Portsmouth (Independent City) ,4,4,449116,0,0,0,0,0,0,0,0,0,4,4,449116,0,0,0,0,0,0,0,0,0
200001,51,750,3,5,Radford (Independent City)    ,0,0,0,0,0,0,0,0,0,0,0,0,0,0,0,0,0,0,0,0,0,0,0,0
200001,51,760,3,5,Richmond (Independent City)   ,15,15,1339786,0,0,0,0,0,0,1,12,118000,15,15,1339786,0,0,0,0,0,0,1,12,118000
200001,51,775,3,5,Salem (Independent City)      ,7,7,776133,0,0,0,0,0,0,0,0,0,7,7,776133,0,0,0,0,0,0,0,0,0
200001,51,790,3,5,Staunton (Independent City)   ,3,3,174000,0,0,0,0,0,0,0,0,0,3,3,174000,0,0,0,0,0,0,0,0,0
200001,51,810,3,5,Virginia Beach (Independent Ci,102,102,11452468,0,0,0,0,0,0,0,0,0,102,102,11452468,0,0,0,0,0,0,0,0,0
200001,51,820,3,5,Waynesboro (Independent City) ,1,1,225000,0,0,0,1,3,86792,0,0,0,1,1,225000,0,0,0,1,3,86792,0,0,0
200001,51,830,3,5,Williamsburg (Independent City,2,2,1057302,0,0,0,5,20,600000,0,0,0,2,2,1057302,0,0,0,5,20,600000,0,0,0
200001,53,011,4,9,Clark County                  ,157,157,18446778,1,2,124904,3,9,594510,4,43,2183889,94,94,12685085,0,0,0,0,0,0,0,0,0
200001,53,029,4,9,Island County                 ,39,39,5409894,1,2,176634,0,0,0,0,0,0,39,39,5409894,1,2,176634,0,0,0,0,0,0
200001,53,031,4,9,Jefferson County              ,24,24,3140231,0,0,0,0,0,0,0,0,0,24,24,3140231,0,0,0,0,0,0,0,0,0
200001,53,033,4,9,King County                   ,309,309,52118715,10,20,1855562,9,28,2400641,14,792,50397880,269,269,43189077,8,16,1314167,7,22,1756756,10,737,44081051
200001,53,035,4,9,Kitsap County                 ,74,74,8041692,1,2,181000,0,0,0,0,0,0,60,60,5654014,0,0,0,0,0,0,0,0,0
200001,53,053,4,9,Pierce County                 ,251,251,30751210,4,8,573679,8,32,2574832,9,150,7219187,237,237,29280178,4,8,573679,8,32,2574832,9,150,7219187
200001,53,061,4,9,Snohomish County              ,330,330,42724919,3,6,478352,1,4,666054,5,28,2167177,230,230,31971359,2,4,353268,0,0,0,0,0,0
200001,53,067,4,9,Thurston County               ,80,80,9575739,0,0,0,0,0,0,0,0,0,75,75,8872882,0,0,0,0,0,0,0,0,0
200001,54,003,3,5,Berkeley County               ,45,45,4505737,0,0,0,0,0,0,1,5,222533,1,1,60000,0,0,0,0,0,0,0,0,0
200001,54,011,3,5,Cabell County                 ,1,1,50000,0,0,0,0,0,0,0,0,0,1,1,50000,0,0,0,0,0,0,0,0,0
200001,54,031,3,5,Hardy County                  ,3,3,149000,0,0,0,0,0,0,0,0,0,3,3,149000,0,0,0,0,0,0,0,0,0
200001,54,037,3,5,Jefferson County              ,30,30,3547350,0,0,0,0,0,0,0,0,0,2,2,278012,0,0,0,0,0,0,0,0,0
200001,54,091,3,5,Taylor County                 ,0,0,0,0,0,0,0,0,0,0,0,0,0,0,0,0,0,0,0,0,0,0,0,0
200001,55,059,2,3,Kenosha County                ,43,43,5019219,0,0,0,0,0,0,2,26,818500,41,41,4781510,0,0,0,0,0,0,2,26,818500
200001,55,078,2,3,Menominee County              ,0,0,0,0,0,0,0,0,0,0,0,0,0,0,0,0,0,0,0,0,0,0,0,0
200001,55,079,2,3,Milwaukee County              ,34,34,3410173,0,0,0,1,3,500000,5,108,5401720,34,34,3410173,0,0,0,1,3,500000,5,108,5401720
200001,55,089,2,3,Ozaukee County                ,21,21,4371781,0,0,0,0,0,0,1,7,298745,14,14,2631300,0,0,0,0,0,0,0,0,0
200001,55,093,2,3,Pierce County                 ,8,8,916088,0,0,0,0,0,0,0,0,0,5,5,594000,0,0,0,0,0,0,0,0,0
200001,55,101,2,3,Racine County                 ,27,27,3711659,0,0,0,0,0,0,1,5,173023,23,23,3271589,0,0,0,0,0,0,0,0,0
200001,55,109,2,3,St. Croix County              ,29,29,3675497,1,2,77133,1,3,85500,1,5,125000,13,13,2008700,0,0,0,0,0,0,0,0,0
200001,55,131,2,3,Washington County             ,40,40,5680412,1,2,215000,3,12,810000,1,50,2775000,35,35,4718500,1,2,215000,3,12,810000,1,50,2775000
200001,55,133,2,3,Waukesha County               ,127,127,24453393,8,16,1783000,0,0,0,2,47,4950000,117,117,23111516,8,16,1783000,0,0,0,2,47,4950000
200001,56,025,4,8,Natrona County                ,7,7,799714,0,0,0,0,0,0,0,0,0,5,5,554696,0,0,0,0,0,0,0,0,0
200001,56,039,4,8,Teton County                  ,7,7,1043188,0,0,0,0,0,0,0,0,0,5,5,748000,0,0,0,0,0,0,0,0,0
