Survey,FIPS,FIPS,Region,Division,County,,1-unit,,,2-units,,,3-4 units,,,5+ units,,,1-unit rep,,,2-units rep,,,3-4 units rep,,, 5+units rep
Date,State,County,Code,Code,Name,Bldgs,Units,Value,Bldgs,Units,Value,Bldgs,Units,Value,Bldgs,Units,Value,Bldgs,Units,Value,Bldgs,Units,Value,Bldgs,Units,Value,Bldgs,Units,Value
 
200006,01,081,3,6,Lee County                    ,30,30,3696287,6,12,690130,1,3,198488,2,13,892509,30,30,3696287,6,12,690130,1,3,198488,2,13,892509
200006,01,113,3,6,Russell County                ,13,13,1043826,0,0,0,0,0,0,0,0,0,13,13,1043826,0,0,0,0,0,0,0,0,0
200006,01,125,3,6,Tuscaloosa County             ,53,53,5504430,0,0,0,0,0,0,1,8,416720,53,53,5504430,0,0,0,0,0,0,1,8,416720
200006,02,013,4,9,Aleutians East Borough        ,0,0,0,0,0,0,0,0,0,0,0,0,0,0,0,0,0,0,0,0,0,0,0,0
200006,02,020,4,9,Anchorage Borough             ,71,71,13605979,3,6,902836,0,0,0,5,42,3177835,71,71,13605979,3,6,902836,0,0,0,5,42,3177835
200006,02,050,4,9,Bethel Census Area            ,13,13,1950000,0,0,0,0,0,0,0,0,0,13,13,1950000,0,0,0,0,0,0,0,0,0
200006,02,060,4,9,Bristol Bay Borough           ,0,0,0,0,0,0,0,0,0,0,0,0,0,0,0,0,0,0,0,0,0,0,0,0
200006,02,090,4,9,Fairbanks North Star Borough  ,10,10,379146,0,0,0,0,0,0,0,0,0,9,9,287322,0,0,0,0,0,0,0,0,0
200006,02,100,4,9,Haines Borough                ,1,1,10000,0,0,0,0,0,0,0,0,0,1,1,10000,0,0,0,0,0,0,0,0,0
200006,02,110,4,9,Juneau Borough                ,12,12,2417146,0,0,0,0,0,0,0,0,0,12,12,2417146,0,0,0,0,0,0,0,0,0
200006,02,122,4,9,Kenai Peninsula Borough       ,10,10,1147047,0,0,0,1,3,149000,0,0,0,8,8,932447,0,0,0,1,3,149000,0,0,0
200006,02,130,4,9,Ketchikan Gateway Borough     ,1,1,138734,2,4,391111,0,0,0,0,0,0,1,1,138734,2,4,391111,0,0,0,0,0,0
200006,02,150,4,9,Kodiak Island Borough         ,6,6,967468,0,0,0,0,0,0,0,0,0,6,6,967468,0,0,0,0,0,0,0,0,0
200006,02,170,4,9,Matanuska-Susitna Borough     ,15,15,2063598,2,4,391111,0,0,0,1,6,410494,15,15,2063598,2,4,391111,0,0,0,1,6,410494
200006,02,180,4,9,Nome Census Area              ,2,2,262902,0,0,0,0,0,0,0,0,0,2,2,262902,0,0,0,0,0,0,0,0,0
200006,02,185,4,9,North Slope Borough           ,1,1,138734,0,0,0,0,0,0,0,0,0,1,1,138734,0,0,0,0,0,0,0,0,0
200006,02,201,4,9,Prince of Wales-Outer Ketchika,0,0,0,0,0,0,0,0,0,0,0,0,0,0,0,0,0,0,0,0,0,0,0,0
200006,02,232,4,9,Skagway-Hoonah-Angoon Census A,2,2,184877,0,0,0,0,0,0,0,0,0,1,1,138734,0,0,0,0,0,0,0,0,0
200006,02,261,4,9,Valdez-Cordova Census Area    ,5,5,765000,0,0,0,0,0,0,0,0,0,5,5,765000,0,0,0,0,0,0,0,0,0
200006,02,280,4,9,Wrangell-Petersburg Census Are,1,1,30000,0,0,0,0,0,0,0,0,0,1,1,30000,0,0,0,0,0,0,0,0,0
200006,02,282,4,9,Yakutat Borough               ,2,2,30000,0,0,0,0,0,0,0,0,0,2,2,30000,0,0,0,0,0,0,0,0,0
200006,04,013,4,8,Maricopa County               ,2849,2849,367863761,4,8,770462,18,68,4821305,41,558,34981520,2588,2588,332743781,4,8,770462,18,68,4821305,38,517,32609186
200006,04,015,4,8,Mohave County                 ,192,192,17064837,2,4,211480,0,0,0,1,5,94052,151,151,13830510,2,4,211480,0,0,0,0,0,0
200006,04,021,4,8,Pinal County                  ,145,145,15174693,3,6,307633,3,11,522517,3,32,1885291,120,120,12969357,3,6,307633,0,0,0,0,0,0
200006,05,023,3,7,Cleburne County               ,2,2,106000,0,0,0,0,0,0,0,0,0,2,2,106000,0,0,0,0,0,0,0,0,0
200006,05,035,3,7,Crittenden County             ,20,20,2312340,0,0,0,12,48,1700000,0,0,0,18,18,2074000,0,0,0,12,48,1700000,0,0,0
200006,05,043,3,7,Drew County                   ,0,0,0,0,0,0,0,0,0,0,0,0,0,0,0,0,0,0,0,0,0,0,0,0
200006,05,055,3,7,Greene County                 ,19,19,1305000,0,0,0,0,0,0,0,0,0,19,19,1305000,0,0,0,0,0,0,0,0,0
200006,05,061,3,7,Howard County                 ,2,2,115833,0,0,0,0,0,0,0,0,0,1,1,51000,0,0,0,0,0,0,0,0,0
200006,05,071,3,7,Johnson County                ,3,3,222000,0,0,0,0,0,0,0,0,0,3,3,222000,0,0,0,0,0,0,0,0,0
200006,06,001,4,9,Alameda County                ,334,334,80556380,0,0,0,1,3,343420,4,53,4737590,329,329,79786326,0,0,0,1,3,343420,4,53,4737590
200006,06,013,4,9,Contra Costa County           ,366,366,62035580,0,0,0,2,6,489221,0,0,0,297,297,49147629,0,0,0,2,6,489221,0,0,0
200006,06,017,4,9,El Dorado County              ,121,121,17990305,1,2,211896,0,0,0,0,0,0,121,121,17990305,1,2,211896,0,0,0,0,0,0
200006,06,019,4,9,Fresno County                 ,264,264,36554473,1,2,180843,2,6,369146,0,0,0,256,256,35890807,1,2,180843,2,6,369146,0,0,0
200006,06,027,4,9,Inyo County                   ,2,2,421124,0,0,0,0,0,0,0,0,0,0,0,0,0,0,0,0,0,0,0,0,0
200006,06,037,4,9,Los Angeles County            ,1020,1020,193795091,19,38,3636445,19,64,5015174,30,1084,77583262,945,945,178638890,18,36,3257995,18,61,4837424,19,1009,71868648
200006,06,039,4,9,Madera County                 ,47,47,3957481,0,0,0,0,0,0,0,0,0,47,47,3957481,0,0,0,0,0,0,0,0,0
200006,06,041,4,9,Marin County                  ,36,36,13078514,0,0,0,0,0,0,1,113,7267406,34,34,12165437,0,0,0,0,0,0,1,113,7267406
200006,06,043,4,9,Mariposa County               ,14,14,1683074,0,0,0,0,0,0,0,0,0,14,14,1683074,0,0,0,0,0,0,0,0,0
200006,06,055,4,9,Napa County                   ,84,84,30350790,0,0,0,0,0,0,0,0,0,84,84,30350790,0,0,0,0,0,0,0,0,0
200006,06,057,4,9,Nevada County                 ,92,92,15766447,4,8,361705,1,4,782419,0,0,0,87,87,15110548,4,8,361705,1,4,782419,0,0,0
200006,06,059,4,9,Orange County                 ,765,765,158284467,4,8,1060551,17,58,5743965,60,2140,141786428,762,762,157164030,4,8,1060551,17,58,5743965,60,2140,141786428
200006,06,061,4,9,Placer County                 ,488,488,95422695,0,0,0,0,0,0,0,0,0,488,488,95422695,0,0,0,0,0,0,0,0,0
200006,06,065,4,9,Riverside County              ,1212,1212,207621567,3,6,462564,2,8,315309,12,206,12962451,1164,1164,198910813,2,4,271717,2,8,315309,12,206,12962451
200006,06,067,4,9,Sacramento County             ,528,528,84223270,0,0,0,0,0,0,0,0,0,528,528,84223270,0,0,0,0,0,0,0,0,0
200006,06,071,4,9,San Bernardino County         ,604,604,101427717,0,0,0,0,0,0,1,114,7241300,557,557,91723992,0,0,0,0,0,0,1,114,7241300
200006,06,073,4,9,San Diego County              ,1094,1094,241477742,5,10,690190,24,72,7328940,76,1234,123932624,1094,1094,241477742,5,10,690190,24,72,7328940,76,1234,123932624
200006,06,075,4,9,San Francisco County          ,12,12,4800000,7,14,3100000,4,12,1854290,22,219,30364183,12,12,4800000,7,14,3100000,4,12,1854290,22,219,30364183
200006,06,077,4,9,San Joaquin County            ,495,495,74352635,1,2,121234,0,0,0,0,0,0,358,358,54144607,0,0,0,0,0,0,0,0,0
200006,06,079,4,9,San Luis Obispo County        ,134,134,22390192,0,0,0,0,0,0,0,0,0,119,119,19771483,0,0,0,0,0,0,0,0,0
200006,06,081,4,9,San Mateo County              ,98,98,22164715,0,0,0,0,0,0,9,187,23862233,78,78,16473232,0,0,0,0,0,0,9,187,23862233
200006,06,085,4,9,Santa Clara County            ,325,325,71670642,0,0,0,2,7,570757,45,1219,78232226,262,262,57287589,0,0,0,2,7,570757,42,1143,73510134
200006,06,087,4,9,Santa Cruz County             ,55,55,12756890,0,0,0,1,3,285531,0,0,0,52,52,11920297,0,0,0,0,0,0,0,0,0
200006,06,089,4,9,Shasta County                 ,82,82,10746573,0,0,0,0,0,0,0,0,0,78,78,10369220,0,0,0,0,0,0,0,0,0
200006,06,095,4,9,Solano County                 ,172,172,34188760,0,0,0,0,0,0,0,0,0,164,164,32656421,0,0,0,0,0,0,0,0,0
200006,06,097,4,9,Sonoma County                 ,215,215,32012428,0,0,0,0,0,0,12,79,2769840,144,144,20548790,0,0,0,0,0,0,11,69,1644760
200006,06,105,4,9,Trinity County                ,1,1,66653,0,0,0,0,0,0,0,0,0,1,1,66653,0,0,0,0,0,0,0,0,0
200006,06,111,4,9,Ventura County                ,360,360,88909044,0,0,0,1,3,338020,16,165,12857408,280,280,69947933,0,0,0,1,3,338020,15,160,12502734
200006,06,113,4,9,Yolo County                   ,77,77,15838982,1,2,54637,0,0,0,0,0,0,77,77,15838982,1,2,54637,0,0,0,0,0,0
200006,08,001,4,8,Adams County                  ,242,242,31633713,8,16,869851,3,10,902030,5,46,4510502,223,223,30188216,7,14,802638,3,10,902030,4,41,2852606
200006,08,005,4,8,Arapahoe County               ,301,301,45765909,6,12,466212,4,16,1241041,6,104,6053657,267,267,38680216,0,0,0,4,16,1241041,6,104,6053657
200006,08,013,4,8,Boulder County                ,259,259,35274808,5,10,1235428,3,11,771615,0,0,0,259,259,35274808,5,10,1235428,3,11,771615,0,0,0
200006,08,015,4,8,Chaffee County                ,27,27,2564425,0,0,0,0,0,0,0,0,0,27,27,2564425,0,0,0,0,0,0,0,0,0
200006,08,031,4,8,Denver County                 ,88,88,10091134,15,30,4547584,2,8,1197371,6,50,1770934,88,88,10091134,15,30,4547584,2,8,1197371,6,50,1770934
200006,08,035,4,8,Douglas County                ,333,333,62457623,0,0,0,0,0,0,1,5,351930,293,293,57568576,0,0,0,0,0,0,0,0,0
200006,08,059,4,8,Jefferson County              ,150,150,20306835,1,2,143520,1,3,360000,1,11,614689,146,146,19682777,0,0,0,0,0,0,1,11,614689
200006,08,069,4,8,Larimer County                ,240,240,32526190,2,4,464840,4,16,702468,6,53,3432220,165,165,23948005,2,4,464840,4,16,702468,4,30,2090557
200006,08,077,4,8,Mesa County                   ,97,97,9803192,2,4,173211,0,0,0,0,0,0,97,97,9803192,2,4,173211,0,0,0,0,0,0
200006,08,101,4,8,Pueblo County                 ,109,109,9865642,4,8,220176,1,4,180000,0,0,0,109,109,9865642,4,8,220176,1,4,180000,0,0,0
200006,08,107,4,8,Routt County                  ,37,37,10356095,3,6,1377663,0,0,0,0,0,0,37,37,10356095,3,6,1377663,0,0,0,0,0,0
200006,08,113,4,8,San Miguel County             ,14,14,10920475,0,0,0,0,0,0,0,0,0,14,14,10920475,0,0,0,0,0,0,0,0,0
200006,08,123,4,8,Weld County                   ,362,362,50202013,1,2,112395,0,0,0,1,5,312500,319,319,45343240,1,2,112395,0,0,0,0,0,0
200006,09,001,1,1,Fairfield County              ,132,132,38978417,8,16,1210389,1,3,210000,1,20,1280000,101,101,27288133,7,14,990620,1,3,210000,1,20,1280000
200006,09,003,1,1,Hartford County               ,173,173,23468445,0,0,0,0,0,0,0,0,0,158,158,21786735,0,0,0,0,0,0,0,0,0
200006,09,005,1,1,Litchfield County             ,80,80,12678628,0,0,0,0,0,0,0,0,0,71,71,11230187,0,0,0,0,0,0,0,0,0
200006,09,007,1,1,Middlesex County              ,74,74,9150284,0,0,0,0,0,0,1,6,65401,62,62,8183417,0,0,0,0,0,0,0,0,0
200006,09,009,1,1,New Haven County              ,157,157,20590949,2,4,430000,0,0,0,2,28,1203034,129,129,17535813,2,4,430000,0,0,0,0,0,0
200006,09,011,1,1,New London County             ,62,62,8666193,0,0,0,0,0,0,0,0,0,46,46,6914540,0,0,0,0,0,0,0,0,0
200006,09,013,1,1,Tolland County                ,60,60,8043150,0,0,0,0,0,0,0,0,0,48,48,6668124,0,0,0,0,0,0,0,0,0
200006,09,015,1,1,Windham County                ,29,29,2871588,0,0,0,0,0,0,0,0,0,21,21,2235293,0,0,0,0,0,0,0,0,0
200006,10,001,3,5,Kent County                   ,73,73,6598086,0,0,0,0,0,0,0,0,0,71,71,6424212,0,0,0,0,0,0,0,0,0
200006,10,003,3,5,New Castle County             ,206,206,16985690,0,0,0,0,0,0,2,24,607972,0,0,0,0,0,0,0,0,0,0,0,0
200006,10,005,3,5,Sussex County                 ,206,206,24030003,0,0,0,0,0,0,1,36,1875240,206,206,24030003,0,0,0,0,0,0,1,36,1875240
200006,11,001,3,5,Washington  DC                ,7,7,816554,0,0,0,1,4,254494,0,0,0,7,7,816554,0,0,0,1,4,254494,0,0,0
200006,12,001,3,5,Alachua County                ,108,108,10505738,1,2,48816,0,0,0,8,123,5500782,10,10,902130,0,0,0,0,0,0,0,0,0
200006,12,003,3,5,Baker County                  ,7,7,743377,0,0,0,0,0,0,0,0,0,7,7,743377,0,0,0,0,0,0,0,0,0
200006,12,005,3,5,Bay County                    ,63,63,6960537,1,2,270840,0,0,0,0,0,0,63,63,6960537,1,2,270840,0,0,0,0,0,0
200006,12,007,3,5,Bradford County               ,3,3,272415,0,0,0,0,0,0,0,0,0,3,3,272415,0,0,0,0,0,0,0,0,0
200006,12,009,3,5,Brevard County                ,293,293,36343495,0,0,0,0,0,0,4,49,3118525,129,129,16275598,0,0,0,0,0,0,2,24,1682772
200006,12,011,3,5,Broward County                ,719,719,90600198,0,0,0,0,0,0,8,41,2673040,719,719,90600198,0,0,0,0,0,0,8,41,2673040
200006,12,015,3,5,Charlotte County              ,120,120,16666388,1,2,385000,0,0,0,0,0,0,120,120,16666388,1,2,385000,0,0,0,0,0,0
200006,12,017,3,5,Citrus County                 ,86,86,5340905,0,0,0,0,0,0,0,0,0,1,1,61403,0,0,0,0,0,0,0,0,0
200006,12,019,3,5,Clay County                   ,167,167,17799301,0,0,0,0,0,0,0,0,0,167,167,17799301,0,0,0,0,0,0,0,0,0
200006,12,021,3,5,Collier County                ,392,392,65654353,1,2,330000,17,63,5976000,14,229,70976000,392,392,65654353,1,2,330000,17,63,5976000,14,229,70976000
200006,12,023,3,5,Columbia County               ,27,27,1684733,0,0,0,0,0,0,0,0,0,6,6,408300,0,0,0,0,0,0,0,0,0
200006,12,029,3,5,Dixie County                  ,5,5,624703,0,0,0,0,0,0,0,0,0,5,5,624703,0,0,0,0,0,0,0,0,0
200006,12,031,3,5,Duval County                  ,317,317,47919747,1,2,240000,0,0,0,0,0,0,317,317,47919747,1,2,240000,0,0,0,0,0,0
200006,12,033,3,5,Escambia County               ,93,93,11428594,8,16,762296,1,4,254494,0,0,0,93,93,11428594,8,16,762296,1,4,254494,0,0,0
200006,12,037,3,5,Franklin County               ,11,11,1562413,0,0,0,0,0,0,0,0,0,4,4,270950,0,0,0,0,0,0,0,0,0
200006,12,039,3,5,Gadsden County                ,9,9,961608,0,0,0,0,0,0,0,0,0,9,9,961608,0,0,0,0,0,0,0,0,0
200006,12,041,3,5,Gilchrist County              ,5,5,342570,0,0,0,0,0,0,0,0,0,5,5,342570,0,0,0,0,0,0,0,0,0
200006,12,045,3,5,Gulf County                   ,8,8,832821,0,0,0,0,0,0,0,0,0,8,8,832821,0,0,0,0,0,0,0,0,0
200006,12,047,3,5,Hamilton County               ,3,3,341000,0,0,0,0,0,0,0,0,0,3,3,341000,0,0,0,0,0,0,0,0,0
200006,12,049,3,5,Hardee County                 ,3,3,414665,0,0,0,0,0,0,0,0,0,3,3,414665,0,0,0,0,0,0,0,0,0
200006,12,051,3,5,Hendry County                 ,4,4,419504,0,0,0,0,0,0,0,0,0,3,3,353836,0,0,0,0,0,0,0,0,0
200006,12,053,3,5,Hernando County               ,107,107,12306030,1,2,116249,1,4,95900,1,10,348000,107,107,12306030,1,2,116249,1,4,95900,1,10,348000
200006,12,055,3,5,Highlands County              ,33,33,2587295,3,6,438620,0,0,0,0,0,0,32,32,2512150,3,6,438620,0,0,0,0,0,0
200006,12,057,3,5,Hillsborough County           ,892,892,103234159,16,32,1959346,0,0,0,24,506,25964286,891,891,102971922,16,32,1959346,0,0,0,23,492,25628286
200006,12,059,3,5,Holmes County                 ,5,5,316000,0,0,0,0,0,0,0,0,0,5,5,316000,0,0,0,0,0,0,0,0,0
200006,12,061,3,5,Indian River County           ,93,93,18025415,3,6,583647,0,0,0,1,12,1057739,32,32,6893970,2,4,185000,0,0,0,0,0,0
200006,12,063,3,5,Jackson County                ,8,8,604800,0,0,0,0,0,0,1,75,3997000,8,8,604800,0,0,0,0,0,0,1,75,3997000
200006,12,065,3,5,Jefferson County              ,9,9,1041100,0,0,0,0,0,0,0,0,0,9,9,1041100,0,0,0,0,0,0,0,0,0
200006,12,067,3,5,Lafayette County              ,3,3,276000,0,0,0,0,0,0,0,0,0,3,3,276000,0,0,0,0,0,0,0,0,0
200006,12,069,3,5,Lake County                   ,516,516,55369446,0,0,0,0,0,0,13,312,18976100,500,500,53494356,0,0,0,0,0,0,13,312,18976100
200006,12,071,3,5,Lee County                    ,433,433,62269440,14,28,2921187,9,34,4169561,14,193,20769590,173,173,19254560,4,8,620972,0,0,0,1,12,1211226
200006,12,073,3,5,Leon County                   ,127,127,16119324,7,14,857214,0,0,0,0,0,0,127,127,16119324,7,14,857214,0,0,0,0,0,0
200006,12,075,3,5,Levy County                   ,12,12,1091054,1,2,97155,0,0,0,0,0,0,12,12,1091054,1,2,97155,0,0,0,0,0,0
200006,12,077,3,5,Liberty County                ,1,1,109006,0,0,0,0,0,0,0,0,0,1,1,109006,0,0,0,0,0,0,0,0,0
200006,12,079,3,5,Madison County                ,5,5,315855,0,0,0,0,0,0,0,0,0,4,4,281114,0,0,0,0,0,0,0,0,0
200006,12,081,3,5,Manatee County                ,259,259,35556411,0,0,0,3,12,750000,15,180,6225000,259,259,35556411,0,0,0,3,12,750000,15,180,6225000
200006,12,083,3,5,Marion County                 ,234,234,24234872,0,0,0,1,4,80000,0,0,0,232,232,24114039,0,0,0,1,4,80000,0,0,0
200006,12,085,3,5,Martin County                 ,205,205,38328170,0,0,0,0,0,0,0,0,0,202,202,37450224,0,0,0,0,0,0,0,0,0
200006,12,086,3,5,Miami-Dade County             ,612,612,64570508,5,10,601211,12,44,7667435,13,439,24175246,611,611,64248508,5,10,601211,12,44,7667435,13,439,24175246
200006,12,087,3,5,Monroe County                 ,20,20,2498407,0,0,0,0,0,0,0,0,0,20,20,2498407,0,0,0,0,0,0,0,0,0
200006,12,089,3,5,Nassau County                 ,69,69,8377120,0,0,0,0,0,0,0,0,0,69,69,8377120,0,0,0,0,0,0,0,0,0
200006,12,091,3,5,Okaloosa County               ,109,109,10437144,1,2,92960,0,0,0,2,22,1101676,25,25,3449435,0,0,0,0,0,0,1,8,200000
200006,12,093,3,5,Okeechobee County             ,11,11,914225,0,0,0,0,0,0,0,0,0,1,1,105000,0,0,0,0,0,0,0,0,0
200006,12,095,3,5,Orange County                 ,580,580,71830088,0,0,0,1,4,283000,83,971,43300415,579,579,71563597,0,0,0,1,4,283000,83,971,43300415
200006,12,097,3,5,Osceola County                ,332,332,43914747,7,14,744697,20,70,4384185,24,266,13937274,332,332,43914747,7,14,744697,20,70,4384185,24,266,13937274
200006,12,099,3,5,Palm Beach County             ,702,702,94172309,0,0,0,6,21,3019675,20,354,19008479,696,696,91813977,0,0,0,6,21,3019675,20,354,19008479
200006,12,101,3,5,Pasco County                  ,280,280,27541095,6,12,1017814,3,10,352836,0,0,0,278,278,27364419,6,12,1017814,3,10,352836,0,0,0
200006,12,103,3,5,Pinellas County               ,178,178,31527560,1,2,170000,1,4,535000,1,5,343422,170,170,30080565,1,2,170000,1,4,535000,0,0,0
200006,12,105,3,5,Polk County                   ,341,341,26260785,0,0,0,0,0,0,15,286,11989764,339,339,26147547,0,0,0,0,0,0,15,286,11989764
200006,12,107,3,5,Putnam County                 ,16,16,1307328,1,2,106000,0,0,0,0,0,0,16,16,1307328,1,2,106000,0,0,0,0,0,0
200006,12,109,3,5,St. Johns County              ,182,182,21148682,1,2,122459,0,0,0,4,66,2922264,180,180,20900182,1,2,122459,0,0,0,0,0,0
200006,12,111,3,5,St. Lucie County              ,220,220,20120802,0,0,0,0,0,0,2,14,1033062,220,220,20120802,0,0,0,0,0,0,2,14,1033062
200006,12,113,3,5,Santa Rosa County             ,168,168,16707025,0,0,0,0,0,0,0,0,0,168,168,16707025,0,0,0,0,0,0,0,0,0
200006,12,115,3,5,Sarasota County               ,269,269,35140788,1,2,159853,1,4,366219,4,85,3720291,16,16,3699956,0,0,0,0,0,0,0,0,0
200006,12,117,3,5,Seminole County               ,222,222,27205806,0,0,0,0,0,0,19,332,17293884,200,200,24450208,0,0,0,0,0,0,19,332,17293884
200006,12,119,3,5,Sumter County                 ,194,194,10086686,0,0,0,0,0,0,0,0,0,194,194,10086686,0,0,0,0,0,0,0,0,0
200006,12,121,3,5,Suwannee County               ,10,10,1020037,0,0,0,0,0,0,0,0,0,10,10,1020037,0,0,0,0,0,0,0,0,0
200006,12,123,3,5,Taylor County                 ,6,6,485000,0,0,0,0,0,0,0,0,0,6,6,485000,0,0,0,0,0,0,0,0,0
200006,12,125,3,5,Union County                  ,2,2,194430,0,0,0,0,0,0,0,0,0,2,2,194430,0,0,0,0,0,0,0,0,0
200006,12,127,3,5,Volusia County                ,277,277,30737587,1,2,148750,0,0,0,0,0,0,269,269,29966633,1,2,148750,0,0,0,0,0,0
200006,12,131,3,5,Walton County                 ,97,97,18092931,0,0,0,0,0,0,3,45,13538000,97,97,18092931,0,0,0,0,0,0,3,45,13538000
200006,12,133,3,5,Washington County             ,6,6,428416,0,0,0,0,0,0,0,0,0,6,6,428416,0,0,0,0,0,0,0,0,0
200006,13,009,3,5,Baldwin County                ,10,10,934000,0,0,0,0,0,0,0,0,0,10,10,934000,0,0,0,0,0,0,0,0,0
200006,13,013,3,5,Barrow County                 ,110,110,7209199,0,0,0,0,0,0,0,0,0,110,110,7209199,0,0,0,0,0,0,0,0,0
200006,13,015,3,5,Bartow County                 ,87,87,10295500,3,6,367377,0,0,0,0,0,0,77,77,9177644,3,6,367377,0,0,0,0,0,0
200006,13,035,3,5,Butts County                  ,57,57,4620902,0,0,0,0,0,0,0,0,0,57,57,4620902,0,0,0,0,0,0,0,0,0
200006,13,039,3,5,Camden County                 ,49,49,3284460,0,0,0,0,0,0,0,0,0,24,24,1515904,0,0,0,0,0,0,0,0,0
200006,13,045,3,5,Carroll County                ,132,132,9893333,0,0,0,1,4,150000,0,0,0,56,56,4592475,0,0,0,1,4,150000,0,0,0
200006,13,057,3,5,Cherokee County               ,183,183,19857903,0,0,0,0,0,0,0,0,0,183,183,19857903,0,0,0,0,0,0,0,0,0
200006,13,063,3,5,Clayton County                ,160,160,17396177,0,0,0,0,0,0,0,0,0,160,160,17396177,0,0,0,0,0,0,0,0,0
200006,13,067,3,5,Cobb County                   ,665,665,74148524,2,4,244918,0,0,0,12,296,15418643,665,665,74148524,2,4,244918,0,0,0,12,296,15418643
200006,13,069,3,5,Coffee County                 ,12,12,1251542,1,2,77280,1,3,22500,0,0,0,11,11,1168020,1,2,77280,0,0,0,0,0,0
200006,13,077,3,5,Coweta County                 ,134,134,16144935,3,6,510000,0,0,0,0,0,0,131,131,15940448,3,6,510000,0,0,0,0,0,0
200006,13,085,3,5,Dawson County                 ,20,20,3254000,0,0,0,0,0,0,0,0,0,20,20,3254000,0,0,0,0,0,0,0,0,0
200006,13,089,3,5,DeKalb County                 ,299,299,51508115,0,0,0,0,0,0,22,451,41006835,293,293,50678273,0,0,0,0,0,0,21,433,38988143
200006,13,091,3,5,Dodge County                  ,6,6,395723,0,0,0,0,0,0,0,0,0,6,6,395723,0,0,0,0,0,0,0,0,0
200006,13,095,3,5,Dougherty County              ,17,17,1776942,2,4,314912,0,0,0,0,0,0,17,17,1776942,2,4,314912,0,0,0,0,0,0
200006,13,097,3,5,Douglas County                ,71,71,4021770,0,0,0,0,0,0,0,0,0,71,71,4021770,0,0,0,0,0,0,0,0,0
200006,13,113,3,5,Fayette County                ,80,80,12711263,0,0,0,0,0,0,0,0,0,80,80,12711263,0,0,0,0,0,0,0,0,0
200006,13,115,3,5,Floyd County                  ,18,18,2174900,4,8,345500,0,0,0,0,0,0,18,18,2174900,4,8,345500,0,0,0,0,0,0
200006,13,117,3,5,Forsyth County                ,273,273,30903620,0,0,0,0,0,0,0,0,0,273,273,30903620,0,0,0,0,0,0,0,0,0
200006,13,121,3,5,Fulton County                 ,240,240,32175243,2,4,244918,0,0,0,6,649,32930545,235,235,31713950,2,4,244918,0,0,0,5,632,32920887
200006,13,123,3,5,Gilmer County                 ,48,48,3570984,0,0,0,0,0,0,0,0,0,0,0,0,0,0,0,0,0,0,0,0,0
200006,13,127,3,5,Glynn County                  ,36,36,7217610,1,2,130559,0,0,0,1,5,1200000,36,36,7217610,1,2,130559,0,0,0,1,5,1200000
200006,13,129,3,5,Gordon County                 ,26,26,2659700,0,0,0,0,0,0,10,60,3000000,26,26,2659700,0,0,0,0,0,0,10,60,3000000
200006,13,133,3,5,Greene County                 ,17,17,7940185,0,0,0,0,0,0,0,0,0,17,17,7940185,0,0,0,0,0,0,0,0,0
200006,13,135,3,5,Gwinnett County               ,673,673,63410927,0,0,0,0,0,0,0,0,0,673,673,63410927,0,0,0,0,0,0,0,0,0
200006,13,143,3,5,Haralson County               ,12,12,1308072,2,4,194310,0,0,0,0,0,0,12,12,1308072,2,4,194310,0,0,0,0,0,0
200006,13,145,3,5,Harris County                 ,21,21,4361108,0,0,0,0,0,0,0,0,0,21,21,4361108,0,0,0,0,0,0,0,0,0
200006,13,151,3,5,Henry County                  ,295,295,28367801,0,0,0,0,0,0,0,0,0,295,295,28367801,0,0,0,0,0,0,0,0,0
200006,13,157,3,5,Jackson County                ,49,49,6646194,0,0,0,0,0,0,0,0,0,3,3,1210000,0,0,0,0,0,0,0,0,0
200006,13,169,3,5,Jones County                  ,26,26,2755800,0,0,0,0,0,0,0,0,0,26,26,2755800,0,0,0,0,0,0,0,0,0
200006,13,173,3,5,Lanier County                 ,3,3,189000,0,0,0,0,0,0,0,0,0,3,3,189000,0,0,0,0,0,0,0,0,0
200006,13,179,3,5,Liberty County                ,9,9,780630,0,0,0,0,0,0,0,0,0,9,9,780630,0,0,0,0,0,0,0,0,0
200006,13,211,3,5,Morgan County                 ,21,21,2581736,0,0,0,1,4,189000,0,0,0,21,21,2581736,0,0,0,1,4,189000,0,0,0
200006,13,213,3,5,Murray County                 ,11,11,1199066,0,0,0,0,0,0,0,0,0,11,11,1199066,0,0,0,0,0,0,0,0,0
200006,13,215,3,5,Muscogee County               ,46,46,5365923,0,0,0,0,0,0,0,0,0,46,46,5365923,0,0,0,0,0,0,0,0,0
200006,13,217,3,5,Newton County                 ,117,117,14587134,1,2,165000,0,0,0,5,76,2266741,117,117,14587134,1,2,165000,0,0,0,5,76,2266741
200006,13,223,3,5,Paulding County               ,229,229,15952488,0,0,0,0,0,0,0,0,0,229,229,15952488,0,0,0,0,0,0,0,0,0
200006,13,239,3,5,Quitman County                ,1,1,200000,0,0,0,0,0,0,0,0,0,1,1,200000,0,0,0,0,0,0,0,0,0
200006,13,247,3,5,Rockdale County               ,36,36,4430930,0,0,0,0,0,0,0,0,0,36,36,4430930,0,0,0,0,0,0,0,0,0
200006,13,255,3,5,Spalding County               ,25,25,2565100,0,0,0,0,0,0,0,0,0,25,25,2565100,0,0,0,0,0,0,0,0,0
200006,13,257,3,5,Stephens County               ,8,8,954500,0,0,0,0,0,0,0,0,0,8,8,954500,0,0,0,0,0,0,0,0,0
200006,13,297,3,5,Walton County                 ,131,131,13701817,1,2,121212,0,0,0,0,0,0,130,130,13561275,1,2,121212,0,0,0,0,0,0
200006,13,313,3,5,Whitfield County              ,32,32,2920332,0,0,0,0,0,0,4,27,905000,12,12,1882000,0,0,0,0,0,0,4,27,905000
200006,15,001,4,9,Hawaii County                 ,114,114,15320718,0,0,0,0,0,0,0,0,0,114,114,15320718,0,0,0,0,0,0,0,0,0
200006,15,003,4,9,Honolulu County               ,209,209,29539619,0,0,0,0,0,0,0,0,0,209,209,29539619,0,0,0,0,0,0,0,0,0
200006,15,007,4,9,Kauai County                  ,15,15,5016700,0,0,0,0,0,0,0,0,0,15,15,5016700,0,0,0,0,0,0,0,0,0
200006,15,009,4,9,Maui County                   ,32,32,4659629,1,2,180843,0,0,0,0,0,0,32,32,4659629,1,2,180843,0,0,0,0,0,0
200006,16,017,4,8,Bonner County                 ,2,2,497357,0,0,0,0,0,0,0,0,0,1,1,418000,0,0,0,0,0,0,0,0,0
200006,16,019,4,8,Bonneville County             ,58,58,5209973,7,14,844281,0,0,0,2,36,1591286,34,34,3357775,7,14,844281,0,0,0,0,0,0
200006,17,009,2,3,Brown County                  ,0,0,0,0,0,0,0,0,0,0,0,0,0,0,0,0,0,0,0,0,0,0,0,0
200006,17,023,2,3,Clark County                  ,1,1,90000,0,0,0,0,0,0,0,0,0,1,1,90000,0,0,0,0,0,0,0,0,0
200006,17,027,2,3,Clinton County                ,10,10,1294674,1,2,160000,0,0,0,0,0,0,10,10,1294674,1,2,160000,0,0,0,0,0,0
200006,17,031,2,3,Cook County                   ,426,426,80216841,17,34,2835920,42,136,10943512,33,376,26613206,380,380,73102313,17,34,2835920,42,136,10943512,31,366,25731902
200006,17,037,2,3,DeKalb County                 ,43,43,5674878,0,0,0,0,0,0,2,10,391589,18,18,2555100,0,0,0,0,0,0,0,0,0
200006,17,043,2,3,DuPage County                 ,344,344,66119512,0,0,0,0,0,0,3,78,9203976,304,304,56791050,0,0,0,0,0,0,2,68,8720000
200006,17,063,2,3,Grundy County                 ,16,16,2321443,2,4,372222,1,3,165000,0,0,0,0,0,0,0,0,0,0,0,0,0,0,0
200006,17,083,2,3,Jersey County                 ,10,10,1198385,0,0,0,1,3,207461,0,0,0,0,0,0,0,0,0,0,0,0,0,0,0
200006,17,089,2,3,Kane County                   ,453,453,79946258,0,0,0,10,38,7475920,10,123,8134733,451,451,79704163,0,0,0,10,38,7475920,10,123,8134733
200006,17,091,2,3,Kankakee County               ,23,23,2950313,2,4,328259,1,3,165750,0,0,0,18,18,2450299,0,0,0,0,0,0,0,0,0
200006,17,093,2,3,Kendall County                ,65,65,8712248,1,2,121615,1,4,144462,0,0,0,30,30,4565117,0,0,0,0,0,0,0,0,0
200006,17,097,2,3,Lake County                   ,314,314,58232003,0,0,0,3,9,1099644,7,88,3457594,280,280,52587614,0,0,0,3,9,1099644,6,83,2832594
200006,17,109,2,3,McDonough County              ,1,1,120000,0,0,0,0,0,0,0,0,0,1,1,120000,0,0,0,0,0,0,0,0,0
200006,17,111,2,3,McHenry County                ,273,273,42213102,9,18,1131452,1,3,222360,0,0,0,143,143,28238449,0,0,0,0,0,0,0,0,0
200006,17,119,2,3,Madison County                ,88,88,11356277,3,6,478050,0,0,0,1,5,267941,76,76,9979184,3,6,478050,0,0,0,0,0,0
200006,17,133,2,3,Monroe County                 ,26,26,3394387,1,2,165084,0,0,0,0,0,0,20,20,2522694,1,2,165084,0,0,0,0,0,0
200006,17,163,2,3,St. Clair County              ,77,77,8802728,3,6,416218,0,0,0,1,5,267269,52,52,5710658,2,4,260000,0,0,0,0,0,0
200006,17,163,3,3,St. Clair County              ,77,77,8802728,3,6,416218,0,0,0,1,5,267269,52,52,5710658,2,4,260000,0,0,0,0,0,0
200006,17,197,2,3,Will County                   ,571,571,69783991,1,2,156800,1,4,275146,1,5,277986,486,486,61311609,0,0,0,0,0,0,0,0,0
200006,18,003,2,3,Allen County                  ,204,204,30155141,1,2,87450,1,4,258000,0,0,0,204,204,30155141,1,2,87450,1,4,258000,0,0,0
200006,18,011,2,3,Boone County                  ,63,63,13239837,0,0,0,0,0,0,0,0,0,33,33,7024228,0,0,0,0,0,0,0,0,0
200006,18,019,2,3,Clark County                  ,58,58,5709219,1,2,116333,0,0,0,0,0,0,14,14,1628412,0,0,0,0,0,0,0,0,0
200006,18,027,2,3,Daviess County                ,3,3,329848,0,0,0,0,0,0,0,0,0,3,3,329848,0,0,0,0,0,0,0,0,0
200006,18,031,2,3,Decatur County                ,5,5,584759,1,2,90714,0,0,0,0,0,0,2,2,250000,0,0,0,0,0,0,0,0,0
200006,18,033,2,3,De Kalb County                ,20,20,2502342,1,2,127000,0,0,0,0,0,0,8,8,931000,1,2,127000,0,0,0,0,0,0
200006,18,041,2,3,Fayette County                ,9,9,594500,0,0,0,0,0,0,0,0,0,9,9,594500,0,0,0,0,0,0,0,0,0
200006,18,043,2,3,Floyd County                  ,29,29,4316500,0,0,0,0,0,0,0,0,0,29,29,4316500,0,0,0,0,0,0,0,0,0
200006,18,047,2,3,Franklin County               ,12,12,1644000,0,0,0,0,0,0,0,0,0,12,12,1644000,0,0,0,0,0,0,0,0,0
200006,18,057,2,3,Hamilton County               ,346,346,58857766,4,8,931525,0,0,0,0,0,0,294,294,51298413,4,8,931525,0,0,0,0,0,0
200006,18,059,2,3,Hancock County                ,50,50,7039223,0,0,0,1,3,193949,0,0,0,37,37,5567395,0,0,0,0,0,0,0,0,0
200006,18,063,2,3,Hendricks County              ,173,173,23169810,2,4,392000,0,0,0,7,76,2647732,167,167,22443029,2,4,392000,0,0,0,7,76,2647732
200006,18,069,2,3,Huntington County             ,14,14,1601269,0,0,0,0,0,0,0,0,0,14,14,1601269,0,0,0,0,0,0,0,0,0
200006,18,079,2,3,Jennings County               ,20,20,2115881,0,0,0,0,0,0,0,0,0,20,20,2115881,0,0,0,0,0,0,0,0,0
200006,18,081,2,3,Johnson County                ,129,129,17716978,1,2,261214,0,0,0,0,0,0,87,87,12588038,0,0,0,0,0,0,0,0,0
200006,18,089,2,3,Lake County                   ,160,160,22127746,2,4,519180,0,0,0,2,41,2317049,136,136,17842062,2,4,519180,0,0,0,1,36,2122000
200006,18,095,2,3,Madison County                ,30,30,3517905,1,2,75000,0,0,0,0,0,0,30,30,3517905,1,2,75000,0,0,0,0,0,0
200006,18,097,2,3,Marion County                 ,347,347,47812910,1,2,165084,2,8,624267,0,0,0,347,347,47812910,1,2,165084,2,8,624267,0,0,0
200006,18,105,2,3,Monroe County                 ,58,58,7619066,5,10,825418,1,4,312133,1,5,273389,58,58,7619066,5,10,825418,1,4,312133,1,5,273389
200006,18,109,2,3,Morgan County                 ,66,66,7926482,1,2,200000,0,0,0,0,0,0,66,66,7926482,1,2,200000,0,0,0,0,0,0
200006,18,115,2,3,Ohio County                   ,3,3,272300,0,0,0,0,0,0,0,0,0,3,3,272300,0,0,0,0,0,0,0,0,0
200006,18,127,2,3,Porter County                 ,90,90,14022178,6,12,825260,0,0,0,1,5,368635,85,85,13416677,6,12,825260,0,0,0,0,0,0
200006,18,135,2,3,Randolph County               ,5,5,331000,0,0,0,0,0,0,0,0,0,5,5,331000,0,0,0,0,0,0,0,0,0
200006,18,145,2,3,Shelby County                 ,20,20,2520317,0,0,0,1,3,433762,0,0,0,13,13,1761000,0,0,0,0,0,0,0,0,0
200006,18,157,2,3,Tippecanoe County             ,84,84,10862337,4,8,448302,1,3,165150,6,97,3906474,61,61,8744700,0,0,0,0,0,0,5,84,3500000
200006,18,163,2,3,Vanderburgh County            ,65,65,5631325,3,6,105000,3,10,600000,0,0,0,65,65,5631325,3,6,105000,3,10,600000,0,0,0
200006,18,179,2,3,Wells County                  ,10,10,1378368,0,0,0,0,0,0,0,0,0,10,10,1378368,0,0,0,0,0,0,0,0,0
200006,18,181,2,3,White County                  ,12,12,1091250,0,0,0,0,0,0,0,0,0,12,12,1091250,0,0,0,0,0,0,0,0,0
200006,20,025,2,4,Clark County                  ,1,1,175000,0,0,0,0,0,0,0,0,0,1,1,175000,0,0,0,0,0,0,0,0,0
200006,20,063,2,4,Gove County                   ,0,0,0,0,0,0,0,0,0,0,0,0,0,0,0,0,0,0,0,0,0,0,0,0
200006,20,091,2,4,Johnson County                ,323,323,47121429,1,2,400000,1,4,360000,0,0,0,318,318,46162640,1,2,400000,1,4,360000,0,0,0
200006,20,103,2,4,Leavenworth County            ,35,35,3998182,1,2,97000,0,0,0,0,0,0,34,34,3897153,1,2,97000,0,0,0,0,0,0
200006,20,105,2,4,Lincoln County                ,0,0,0,0,0,0,0,0,0,0,0,0,0,0,0,0,0,0,0,0,0,0,0,0
200006,20,121,2,4,Miami County                  ,12,12,1771249,0,0,0,0,0,0,0,0,0,1,1,109521,0,0,0,0,0,0,0,0,0
200006,20,187,2,4,Stanton County                ,0,0,0,0,0,0,0,0,0,0,0,0,0,0,0,0,0,0,0,0,0,0,0,0
200006,20,209,2,4,Wyandotte County              ,15,15,1494170,0,0,0,0,0,0,6,48,2039435,1,1,19000,0,0,0,0,0,0,6,48,2039435
200006,21,021,3,6,Boyle County                  ,6,6,475000,0,0,0,0,0,0,0,0,0,6,6,475000,0,0,0,0,0,0,0,0,0
200006,21,029,3,6,Bullitt County                ,37,37,4498000,0,0,0,0,0,0,0,0,0,37,37,4498000,0,0,0,0,0,0,0,0,0
200006,21,035,3,6,Calloway County               ,1,1,67000,2,4,150000,0,0,0,0,0,0,1,1,67000,2,4,150000,0,0,0,0,0,0
200006,21,037,3,6,Campbell County               ,19,19,2357360,0,0,0,0,0,0,1,5,429630,2,2,217500,0,0,0,0,0,0,0,0,0
200006,21,049,3,6,Clark County                  ,48,48,4504926,0,0,0,0,0,0,0,0,0,20,20,2047000,0,0,0,0,0,0,0,0,0
200006,21,067,3,6,Fayette County                ,146,146,17030973,0,0,0,1,4,254494,1,40,2083600,146,146,17030973,0,0,0,1,4,254494,1,40,2083600
200006,21,077,3,6,Gallatin County               ,0,0,0,0,0,0,0,0,0,0,0,0,0,0,0,0,0,0,0,0,0,0,0,0
200006,21,081,3,6,Grant County                  ,21,21,2106000,0,0,0,3,12,600000,0,0,0,21,21,2106000,0,0,0,3,12,600000,0,0,0
200006,21,099,3,6,Hart County                   ,1,1,100000,0,0,0,0,0,0,0,0,0,1,1,100000,0,0,0,0,0,0,0,0,0
200006,21,111,3,6,Jefferson County              ,269,269,31132976,0,0,0,0,0,0,7,92,4549741,269,269,31132976,0,0,0,0,0,0,7,92,4549741
200006,21,113,3,6,Jessamine County              ,35,35,3076800,2,4,160000,0,0,0,0,0,0,35,35,3076800,2,4,160000,0,0,0,0,0,0
200006,21,117,3,6,Kenton County                 ,60,60,6754020,0,0,0,0,0,0,3,15,454564,42,42,5467856,0,0,0,0,0,0,0,0,0
200006,21,125,3,6,Laurel County                 ,2,2,161000,0,0,0,0,0,0,0,0,0,2,2,161000,0,0,0,0,0,0,0,0,0
200006,21,157,3,6,Marshall County               ,13,13,213200,0,0,0,0,0,0,0,0,0,13,13,213200,0,0,0,0,0,0,0,0,0
200006,21,161,3,6,Mason County                  ,1,1,110000,0,0,0,0,0,0,0,0,0,1,1,110000,0,0,0,0,0,0,0,0,0
200006,21,167,3,6,Mercer County                 ,11,11,824315,0,0,0,0,0,0,0,0,0,11,11,824315,0,0,0,0,0,0,0,0,0
200006,21,179,3,6,Nelson County                 ,53,53,4629000,3,6,225000,0,0,0,0,0,0,53,53,4629000,3,6,225000,0,0,0,0,0,0
200006,21,185,3,6,Oldham County                 ,66,66,7698933,0,0,0,0,0,0,0,0,0,66,66,7698933,0,0,0,0,0,0,0,0,0
200006,21,191,3,6,Pendleton County              ,0,0,0,0,0,0,0,0,0,0,0,0,0,0,0,0,0,0,0,0,0,0,0,0
200006,21,211,3,6,Shelby County                 ,24,24,3912390,2,4,250000,0,0,0,0,0,0,24,24,3912390,2,4,250000,0,0,0,0,0,0
200006,21,213,3,6,Simpson County                ,11,11,1521000,0,0,0,0,0,0,0,0,0,11,11,1521000,0,0,0,0,0,0,0,0,0
200006,21,239,3,6,Woodford County               ,17,17,3047000,0,0,0,0,0,0,0,0,0,17,17,3047000,0,0,0,0,0,0,0,0,0
200006,22,007,3,7,Assumption Parish             ,7,7,763042,0,0,0,0,0,0,0,0,0,7,7,763042,0,0,0,0,0,0,0,0,0
200006,22,071,3,7,Orleans Parish                ,41,41,4782670,0,0,0,0,0,0,0,0,0,41,41,4782670,0,0,0,0,0,0,0,0,0
200006,22,087,3,7,St. Bernard Parish            ,8,8,567000,1,2,60000,0,0,0,0,0,0,8,8,567000,1,2,60000,0,0,0,0,0,0
200006,22,089,3,7,St. Charles Parish            ,21,21,3381453,0,0,0,0,0,0,0,0,0,21,21,3381453,0,0,0,0,0,0,0,0,0
200006,22,109,3,7,Terrebonne Parish             ,38,38,3110380,0,0,0,0,0,0,0,0,0,38,38,3110380,0,0,0,0,0,0,0,0,0
200006,24,003,3,5,Anne Arundel County           ,182,182,20891826,0,0,0,0,0,0,12,192,10001282,173,173,20180536,0,0,0,0,0,0,12,192,10001282
200006,24,005,3,5,Baltimore County              ,220,220,25663110,0,0,0,0,0,0,0,0,0,220,220,25663110,0,0,0,0,0,0,0,0,0
200006,24,009,3,5,Calvert County                ,52,52,6003791,0,0,0,0,0,0,1,5,233333,51,51,5949176,0,0,0,0,0,0,0,0,0
200006,24,013,3,5,Carroll County                ,112,112,12516943,0,0,0,0,0,0,1,8,416720,112,112,12516943,0,0,0,0,0,0,1,8,416720
200006,24,015,3,5,Cecil County                  ,64,64,6363170,0,0,0,0,0,0,1,8,400000,64,64,6363170,0,0,0,0,0,0,1,8,400000
200006,24,017,3,5,Charles County                ,111,111,14214406,0,0,0,0,0,0,0,0,0,111,111,14214406,0,0,0,0,0,0,0,0,0
200006,24,021,3,5,Frederick County              ,236,236,30124979,0,0,0,0,0,0,1,12,625080,236,236,30124979,0,0,0,0,0,0,1,12,625080
200006,24,023,3,5,Garrett County                ,26,26,3325715,0,0,0,0,0,0,0,0,0,26,26,3325715,0,0,0,0,0,0,0,0,0
200006,24,025,3,5,Harford County                ,146,146,16935022,0,0,0,0,0,0,0,0,0,146,146,16935022,0,0,0,0,0,0,0,0,0
200006,24,027,3,5,Howard County                 ,170,170,19830585,0,0,0,0,0,0,0,0,0,170,170,19830585,0,0,0,0,0,0,0,0,0
200006,24,031,3,5,Montgomery County             ,287,287,33290168,0,0,0,6,24,1526967,2,56,2269449,272,272,31728936,0,0,0,6,24,1526967,1,35,1823150
200006,24,033,3,5,Prince George's County        ,236,236,27511518,0,0,0,0,0,0,0,0,0,236,236,27511518,0,0,0,0,0,0,0,0,0
200006,24,035,3,5,Queen Anne's County           ,31,31,3595015,0,0,0,0,0,0,0,0,0,30,30,3499515,0,0,0,0,0,0,0,0,0
200006,24,039,3,5,Somerset County               ,2,2,270000,0,0,0,0,0,0,0,0,0,2,2,270000,0,0,0,0,0,0,0,0,0
200006,24,043,3,5,Washington County             ,66,66,6209224,1,2,60000,0,0,0,0,0,0,66,66,6209224,1,2,60000,0,0,0,0,0,0
200006,24,510,3,5,Baltimore (Independent City)  ,38,38,4432719,0,0,0,0,0,0,0,0,0,38,38,4432719,0,0,0,0,0,0,0,0,0
200006,25,009,1,1,Essex County                  ,102,102,17343739,2,4,280027,2,6,653059,0,0,0,34,34,6312337,0,0,0,1,3,150000,0,0,0
200006,25,017,1,1,Middlesex County              ,205,205,34703377,5,10,625742,10,39,4806518,6,52,4092046,134,134,23729012,1,2,110000,9,36,4439700,1,24,1431000
200006,25,019,1,1,Nantucket County              ,10,10,5075000,0,0,0,0,0,0,0,0,0,10,10,5075000,0,0,0,0,0,0,0,0,0
200006,25,021,1,1,Norfolk County                ,88,88,16480052,3,6,525000,0,0,0,3,22,2187280,56,56,10577863,2,4,400000,0,0,0,0,0,0
200006,25,023,1,1,Plymouth County               ,179,179,25108095,0,0,0,0,0,0,0,0,0,114,114,15895322,0,0,0,0,0,0,0,0,0
200006,25,025,1,1,Suffolk County                ,13,13,1040000,8,16,1138328,3,10,1320000,4,35,2760000,13,13,1040000,8,16,1138328,3,10,1320000,4,35,2760000
200006,26,005,2,3,Allegan County                ,59,59,6742887,1,2,93500,0,0,0,0,0,0,10,10,1675600,0,0,0,0,0,0,0,0,0
200006,26,009,2,3,Antrim County                 ,33,33,3652981,0,0,0,0,0,0,0,0,0,33,33,3652981,0,0,0,0,0,0,0,0,0
200006,26,019,2,3,Benzie County                 ,32,32,3815000,0,0,0,0,0,0,0,0,0,32,32,3815000,0,0,0,0,0,0,0,0,0
200006,26,031,2,3,Cheboygan County              ,22,22,2379808,0,0,0,0,0,0,0,0,0,22,22,2379808,0,0,0,0,0,0,0,0,0
200006,26,043,2,3,Dickinson County              ,15,15,961000,0,0,0,0,0,0,0,0,0,15,15,961000,0,0,0,0,0,0,0,0,0
200006,26,049,2,3,Genesee County                ,163,163,20137277,2,4,381100,2,7,629546,1,14,409574,141,141,17998526,2,4,381100,2,7,629546,0,0,0
200006,26,051,2,3,Gladwin County                ,23,23,2487981,0,0,0,0,0,0,0,0,0,23,23,2487981,0,0,0,0,0,0,0,0,0
200006,26,079,2,3,Kalkaska County               ,19,19,1520800,0,0,0,0,0,0,0,0,0,19,19,1520800,0,0,0,0,0,0,0,0,0
200006,26,081,2,3,Kent County                   ,272,272,34620292,3,6,677788,9,35,1514002,3,44,1474007,243,243,31054976,3,6,677788,9,35,1514002,2,36,1407340
200006,26,087,2,3,Lapeer County                 ,80,80,10536641,0,0,0,0,0,0,0,0,0,77,77,10237000,0,0,0,0,0,0,0,0,0
200006,26,089,2,3,Leelanau County               ,32,32,4559634,0,0,0,0,0,0,0,0,0,32,32,4559634,0,0,0,0,0,0,0,0,0
200006,26,091,2,3,Lenawee County                ,49,49,6092272,1,2,390000,1,3,37000,0,0,0,5,5,1072597,0,0,0,0,0,0,0,0,0
200006,26,093,2,3,Livingston County             ,223,223,28396993,0,0,0,0,0,0,0,0,0,217,217,27789316,0,0,0,0,0,0,0,0,0
200006,26,099,2,3,Macomb County                 ,506,506,61184667,3,6,614971,4,14,1376075,2,108,6772856,342,342,37928294,2,4,430400,0,0,0,1,100,6182599
200006,26,113,2,3,Missaukee County              ,15,15,1622597,0,0,0,0,0,0,1,6,294360,15,15,1622597,0,0,0,0,0,0,1,6,294360
200006,26,115,2,3,Monroe County                 ,69,69,8980438,0,0,0,0,0,0,4,42,2072742,52,52,7232707,0,0,0,0,0,0,3,36,1857000
200006,26,119,2,3,Montmorency County            ,18,18,2122140,0,0,0,0,0,0,0,0,0,18,18,2122140,0,0,0,0,0,0,0,0,0
200006,26,121,2,3,Muskegon County               ,86,86,9146888,0,0,0,0,0,0,1,5,150000,58,58,6947577,0,0,0,0,0,0,0,0,0
200006,26,125,2,3,Oakland County                ,437,437,81099089,4,8,749363,1,3,225000,7,77,4499438,301,301,59078825,1,2,147000,0,0,0,6,72,4205450
200006,26,135,2,3,Oscoda County                 ,15,15,948600,0,0,0,0,0,0,0,0,0,15,15,948600,0,0,0,0,0,0,0,0,0
200006,26,139,2,3,Ottawa County                 ,127,127,17734843,1,2,136000,2,6,687273,2,12,604227,56,56,7614342,0,0,0,1,3,450000,0,0,0
200006,26,147,2,3,St. Clair County              ,91,91,11183174,0,0,0,2,8,624267,0,0,0,64,64,8741365,0,0,0,2,8,624267,0,0,0
200006,26,153,2,3,Schoolcraft County            ,5,5,329880,0,0,0,0,0,0,0,0,0,5,5,329880,0,0,0,0,0,0,0,0,0
200006,26,161,2,3,Washtenaw County              ,179,179,29274887,0,0,0,1,4,430867,2,16,1061491,58,58,11986767,0,0,0,0,0,0,0,0,0
200006,26,163,2,3,Wayne County                  ,301,301,45687335,2,4,300000,7,27,2176150,1,8,160000,225,225,37872336,2,4,300000,7,27,2176150,1,8,160000
200006,27,003,2,4,Anoka County                  ,185,185,26434537,0,0,0,0,0,0,0,0,0,166,166,23227649,0,0,0,0,0,0,0,0,0
200006,27,019,2,4,Carver County                 ,73,73,12136912,0,0,0,1,4,527000,2,24,2457928,69,69,11289698,0,0,0,1,4,527000,2,24,2457928
200006,27,025,2,4,Chisago County                ,60,60,6910030,0,0,0,0,0,0,0,0,0,43,43,5095630,0,0,0,0,0,0,0,0,0
200006,27,031,2,4,Cook County                   ,8,8,705100,0,0,0,0,0,0,0,0,0,0,0,0,0,0,0,0,0,0,0,0,0
200006,27,037,2,4,Dakota County                 ,202,202,33418274,1,2,271609,0,0,0,10,132,8092000,188,188,31350287,0,0,0,0,0,0,10,132,8092000
200006,27,053,2,4,Hennepin County               ,288,288,47921749,0,0,0,0,0,0,6,75,6927300,263,263,42921349,0,0,0,0,0,0,5,70,6500218
200006,27,059,2,4,Isanti County                 ,35,35,3739000,0,0,0,0,0,0,0,0,0,35,35,3739000,0,0,0,0,0,0,0,0,0
200006,27,109,2,4,Olmsted County                ,96,96,12872707,6,12,1333517,3,12,1094857,1,16,484946,37,37,4778256,0,0,0,0,0,0,0,0,0
200006,27,123,2,4,Ramsey County                 ,43,43,7914933,6,12,1451353,0,0,0,1,10,618378,30,30,5530466,4,8,983000,0,0,0,0,0,0
200006,27,139,2,4,Scott County                  ,197,197,30487669,1,2,228400,1,4,657000,0,0,0,195,195,30261149,0,0,0,1,4,657000,0,0,0
200006,27,141,2,4,Sherburne County              ,119,119,15080233,1,2,130000,0,0,0,0,0,0,92,92,12293778,1,2,130000,0,0,0,0,0,0
200006,27,163,2,4,Washington County             ,222,222,36507303,3,6,527812,2,8,673800,2,13,1130529,194,194,32367757,0,0,0,1,4,280000,1,8,720000
200006,27,171,2,4,Wright County                 ,123,123,16404598,0,0,0,0,0,0,1,5,507000,108,108,14634110,0,0,0,0,0,0,1,5,507000
200006,28,033,3,6,DeSoto County                 ,165,165,15820362,0,0,0,0,0,0,0,0,0,149,149,14811076,0,0,0,0,0,0,0,0,0
200006,28,037,3,6,Franklin County               ,0,0,0,0,0,0,0,0,0,0,0,0,0,0,0,0,0,0,0,0,0,0,0,0
200006,28,039,3,6,George County                 ,0,0,0,0,0,0,0,0,0,0,0,0,0,0,0,0,0,0,0,0,0,0,0,0
200006,28,043,3,6,Grenada County                ,4,4,538200,1,2,70000,0,0,0,0,0,0,4,4,538200,1,2,70000,0,0,0,0,0,0
200006,28,047,3,6,Harrison County               ,88,88,10227194,0,0,0,0,0,0,1,5,275091,81,81,9226770,0,0,0,0,0,0,0,0,0
200006,28,071,3,6,Lafayette County              ,10,10,1589000,0,0,0,0,0,0,0,0,0,10,10,1589000,0,0,0,0,0,0,0,0,0
200006,28,085,3,6,Lincoln County                ,0,0,0,0,0,0,0,0,0,0,0,0,0,0,0,0,0,0,0,0,0,0,0,0
200006,28,159,3,6,Winston County                ,1,1,122000,0,0,0,0,0,0,0,0,0,1,1,122000,0,0,0,0,0,0,0,0,0
200006,29,019,2,4,Boone County                  ,69,69,7509684,1,2,50000,0,0,0,14,260,10809433,69,69,7509684,1,2,50000,0,0,0,14,260,10809433
200006,29,023,2,4,Butler County                 ,0,0,0,0,0,0,0,0,0,0,0,0,0,0,0,0,0,0,0,0,0,0,0,0
200006,29,031,2,4,Cape Girardeau County         ,11,11,1977000,0,0,0,0,0,0,0,0,0,11,11,1977000,0,0,0,0,0,0,0,0,0
200006,29,035,2,4,Carter County                 ,1,1,100000,0,0,0,0,0,0,0,0,0,1,1,100000,0,0,0,0,0,0,0,0,0
200006,29,037,2,4,Cass County                   ,38,38,4727600,2,4,219608,0,0,0,0,0,0,38,38,4727600,1,2,149608,0,0,0,0,0,0
200006,29,047,2,4,Clay County                   ,58,58,7110955,0,0,0,0,0,0,0,0,0,57,57,7020955,0,0,0,0,0,0,0,0,0
200006,29,049,2,4,Clinton County                ,11,11,1173782,0,0,0,0,0,0,0,0,0,11,11,1173782,0,0,0,0,0,0,0,0,0
200006,29,071,2,4,Franklin County               ,49,49,8311088,0,0,0,2,7,359000,0,0,0,9,9,896300,0,0,0,0,0,0,0,0,0
200006,29,077,2,4,Greene County                 ,102,102,17543250,0,0,0,0,0,0,0,0,0,100,100,17375600,0,0,0,0,0,0,0,0,0
200006,29,095,2,4,Jackson County                ,257,257,31348834,5,10,915344,6,23,1839034,0,0,0,250,250,30473848,5,10,915344,6,23,1839034,0,0,0
200006,29,099,2,4,Jefferson County              ,125,125,13073950,0,0,0,0,0,0,0,0,0,125,125,13073950,0,0,0,0,0,0,0,0,0
200006,29,107,2,4,Lafayette County              ,8,8,952710,0,0,0,0,0,0,0,0,0,0,0,0,0,0,0,0,0,0,0,0,0
200006,29,113,2,4,Lincoln County                ,21,21,1985000,0,0,0,0,0,0,0,0,0,21,21,1985000,0,0,0,0,0,0,0,0,0
200006,29,129,2,4,Mercer County                 ,0,0,0,0,0,0,0,0,0,0,0,0,0,0,0,0,0,0,0,0,0,0,0,0
200006,29,165,2,4,Platte County                 ,36,36,6475434,7,14,1120000,0,0,0,2,24,802000,35,35,6396175,7,14,1120000,0,0,0,2,24,802000
200006,29,177,2,4,Ray County                    ,11,11,1105114,0,0,0,0,0,0,0,0,0,9,9,932000,0,0,0,0,0,0,0,0,0
200006,29,183,2,4,St. Charles County            ,265,265,31837234,0,0,0,0,0,0,0,0,0,265,265,31837234,0,0,0,0,0,0,0,0,0
200006,29,189,2,4,St. Louis County              ,180,180,28648443,0,0,0,1,3,188400,2,15,732746,161,161,24573545,0,0,0,0,0,0,0,0,0
200006,29,219,2,4,Warren County                 ,15,15,1837531,0,0,0,0,0,0,6,48,3395000,15,15,1837531,0,0,0,0,0,0,6,48,3395000
200006,29,510,2,4,St. Louis (Independent City)  ,19,19,1943000,0,0,0,2,8,730000,3,70,4540000,19,19,1943000,0,0,0,2,8,730000,3,70,4540000
200006,30,029,4,8,Flathead County               ,27,27,3526011,1,2,338476,0,0,0,0,0,0,19,19,2244598,1,2,338476,0,0,0,0,0,0
200006,30,093,4,8,Silver Bow County             ,3,3,354297,0,0,0,0,0,0,0,0,0,3,3,354297,0,0,0,0,0,0,0,0,0
200006,31,001,2,4,Adams County                  ,8,8,775000,0,0,0,0,0,0,0,0,0,8,8,775000,0,0,0,0,0,0,0,0,0
200006,32,001,4,8,Churchill County              ,14,14,1374483,0,0,0,0,0,0,0,0,0,14,14,1374483,0,0,0,0,0,0,0,0,0
200006,32,003,4,8,Clark County                  ,1736,1736,223197498,0,0,0,1,3,317089,57,591,36244169,1568,1568,208812810,0,0,0,0,0,0,44,480,30533559
200006,32,005,4,8,Douglas County                ,59,59,15928756,0,0,0,0,0,0,4,64,4036691,59,59,15928756,0,0,0,0,0,0,4,64,4036691
200006,32,007,4,8,Elko County                   ,8,8,910545,0,0,0,0,0,0,0,0,0,6,6,738262,0,0,0,0,0,0,0,0,0
200006,32,013,4,8,Humboldt County               ,0,0,0,0,0,0,0,0,0,0,0,0,0,0,0,0,0,0,0,0,0,0,0,0
200006,32,015,4,8,Lander County                 ,0,0,0,0,0,0,0,0,0,0,0,0,0,0,0,0,0,0,0,0,0,0,0,0
200006,32,019,4,8,Lyon County                   ,18,18,1671869,0,0,0,0,0,0,1,5,277008,0,0,0,0,0,0,0,0,0,0,0,0
200006,32,023,4,8,Nye County                    ,0,0,0,0,0,0,0,0,0,0,0,0,0,0,0,0,0,0,0,0,0,0,0,0
200006,32,027,4,8,Pershing County               ,0,0,0,0,0,0,0,0,0,0,0,0,0,0,0,0,0,0,0,0,0,0,0,0
200006,32,031,4,8,Washoe County                 ,226,226,28770150,0,0,0,1,3,150000,47,616,20587789,226,226,28770150,0,0,0,1,3,150000,47,616,20587789
200006,32,510,4,8,Carson City (Independent City),27,27,3291742,0,0,0,0,0,0,0,0,0,27,27,3291742,0,0,0,0,0,0,0,0,0
200006,33,015,1,1,Rockingham County             ,155,155,24018627,2,4,189947,0,0,0,0,0,0,107,107,17834302,2,4,189947,0,0,0,0,0,0
200006,34,001,1,2,Atlantic County               ,106,106,8052937,0,0,0,0,0,0,0,0,0,28,28,2630495,0,0,0,0,0,0,0,0,0
200006,34,003,1,2,Bergen County                 ,91,91,17592477,14,28,2092791,0,0,0,3,61,2667168,29,29,4808652,11,22,1562124,0,0,0,1,43,2000000
200006,34,005,1,2,Burlington County             ,168,168,18374818,0,0,0,0,0,0,2,16,1003696,130,130,14632162,0,0,0,0,0,0,2,16,1003696
200006,34,007,1,2,Camden County                 ,70,70,7064052,0,0,0,0,0,0,1,16,443292,32,32,3148433,0,0,0,0,0,0,0,0,0
200006,34,009,1,2,Cape May County               ,40,40,4786074,7,14,973000,0,0,0,3,19,1550000,32,32,3532375,7,14,973000,0,0,0,3,19,1550000
200006,34,011,1,2,Cumberland County             ,28,28,2754438,0,0,0,0,0,0,2,11,486042,25,25,2169368,0,0,0,0,0,0,0,0,0
200006,34,013,1,2,Essex County                  ,60,60,9284727,10,20,576320,5,16,722600,1,5,720238,43,43,7459192,10,20,576320,5,16,722600,0,0,525000
200006,34,015,1,2,Gloucester County             ,146,146,13065115,0,0,0,0,0,0,0,0,0,88,88,7605605,0,0,0,0,0,0,0,0,0
200006,34,017,1,2,Hudson County                 ,8,8,571872,9,18,1028649,4,13,473065,3,168,12330408,0,0,0,0,0,0,0,0,0,0,0,0
200006,34,019,1,2,Hunterdon County              ,54,54,9040223,0,0,0,0,0,0,0,0,0,40,40,7218898,0,0,0,0,0,0,0,0,0
200006,34,021,1,2,Mercer County                 ,79,79,8649103,0,0,0,0,0,0,1,6,142966,50,50,6612667,0,0,0,0,0,0,0,0,0
200006,34,023,1,2,Middlesex County              ,115,115,14530703,3,6,277400,0,0,0,2,30,1881930,96,96,12873056,3,6,277400,0,0,0,2,30,1881930
200006,34,025,1,2,Monmouth County               ,179,179,23590554,0,0,0,0,0,0,1,17,1501604,133,133,18438661,0,0,0,0,0,0,0,0,0
200006,34,027,1,2,Morris County                 ,176,176,23477946,0,0,0,0,0,0,8,94,4400076,111,111,15208561,0,0,0,0,0,0,6,72,3272000
200006,34,029,1,2,Ocean County                  ,386,386,45584932,28,56,3699470,0,0,0,0,0,0,310,310,35634641,28,56,3699470,0,0,0,0,0,0
200006,34,031,1,2,Passaic County                ,25,25,3133145,0,0,0,0,0,0,1,6,120000,12,12,1497876,0,0,0,0,0,0,1,6,120000
200006,34,033,1,2,Salem County                  ,8,8,832232,0,0,0,0,0,0,0,0,0,7,7,706904,0,0,0,0,0,0,0,0,0
200006,34,035,1,2,Somerset County               ,93,93,16805732,0,0,0,0,0,0,0,0,0,57,57,11298558,0,0,0,0,0,0,0,0,0
200006,34,037,1,2,Sussex County                 ,39,39,6379140,0,0,0,0,0,0,0,0,0,30,30,5491568,0,0,0,0,0,0,0,0,0
200006,34,039,1,2,Union County                  ,30,30,2565172,9,18,843600,0,0,0,2,40,1202900,27,27,2211550,9,18,843600,0,0,0,2,40,1202900
200006,34,041,1,2,Warren County                 ,81,81,9389636,0,0,0,0,0,0,1,11,545839,79,79,9147486,0,0,0,0,0,0,1,11,545839
200006,35,000,4,8,New Mexico Balance of State   ,173,173,28952259,0,0,0,0,0,0,0,0,0,173,173,28952259,0,0,0,0,0,0,0,0,0
200006,35,001,4,8,Bernalillo County             ,370,370,38021395,0,0,0,3,9,457170,3,37,1649396,0,0,0,0,0,0,0,0,0,0,0,0
200006,35,005,4,8,Chaves County                 ,1,1,100000,0,0,0,0,0,0,0,0,0,1,1,100000,0,0,0,0,0,0,0,0,0
200006,35,013,4,8,Dona Ana County               ,57,57,7421477,0,0,0,0,0,0,2,28,561667,26,26,3120400,0,0,0,0,0,0,1,10,175000
200006,35,015,4,8,Eddy County                   ,5,5,588361,0,0,0,0,0,0,0,0,0,5,5,588361,0,0,0,0,0,0,0,0,0
200006,35,025,4,8,Lea County                    ,0,0,0,0,0,0,0,0,0,0,0,0,0,0,0,0,0,0,0,0,0,0,0,0
200006,35,027,4,8,Lincoln County                ,18,18,2691454,0,0,0,0,0,0,0,0,0,18,18,2691454,0,0,0,0,0,0,0,0,0
200006,35,028,4,8,Los Alamos County             ,5,5,1119197,0,0,0,0,0,0,0,0,0,5,5,1119197,0,0,0,0,0,0,0,0,0
200006,35,029,4,8,Luna County                   ,2,2,110000,0,0,0,0,0,0,0,0,0,2,2,110000,0,0,0,0,0,0,0,0,0
200006,35,031,4,8,McKinley County               ,1,1,199061,0,0,0,0,0,0,0,0,0,1,1,199061,0,0,0,0,0,0,0,0,0
200006,35,035,4,8,Otero County                  ,9,9,1158836,0,0,0,0,0,0,0,0,0,9,9,1158836,0,0,0,0,0,0,0,0,0
200006,35,039,4,8,Rio Arriba County             ,0,0,0,0,0,0,0,0,0,0,0,0,0,0,0,0,0,0,0,0,0,0,0,0
200006,35,041,4,8,Roosevelt County              ,4,4,350000,0,0,0,0,0,0,0,0,0,4,4,350000,0,0,0,0,0,0,0,0,0
200006,35,043,4,8,Sandoval County               ,55,55,5838802,0,0,0,0,0,0,0,0,0,55,55,5838802,0,0,0,0,0,0,0,0,0
200006,35,045,4,8,San Juan County               ,16,16,2420872,0,0,0,0,0,0,0,0,0,16,16,2420872,0,0,0,0,0,0,0,0,0
200006,35,049,4,8,Santa Fe County               ,46,46,7661707,0,0,0,0,0,0,0,0,0,46,46,7661707,0,0,0,0,0,0,0,0,0
200006,35,053,4,8,Socorro County                ,1,1,367000,0,0,0,0,0,0,0,0,0,1,1,367000,0,0,0,0,0,0,0,0,0
200006,35,055,4,8,Taos County                   ,32,32,2727602,0,0,0,0,0,0,0,0,0,32,32,2727602,0,0,0,0,0,0,0,0,0
200006,35,061,4,8,Valencia County               ,30,30,3103695,0,0,0,0,0,0,0,0,0,13,13,1556342,0,0,0,0,0,0,0,0,0
200006,36,005,1,2,Bronx County                  ,0,0,0,94,188,12419650,4,14,1044526,0,0,0,0,0,0,94,188,12419650,4,14,1044526,0,0,0
200006,36,027,1,2,Dutchess County               ,98,98,14429611,0,0,0,0,0,0,0,0,0,80,80,12003229,0,0,0,0,0,0,0,0,0
200006,36,047,1,2,Kings County                  ,4,4,525903,85,170,11230535,20,61,4551150,10,157,9848767,4,4,525903,85,170,11230535,20,61,4551150,10,157,9848767
200006,36,059,1,2,Nassau County                 ,80,80,10969224,2,4,265397,0,0,0,4,26,4077614,74,74,9465263,0,0,0,0,0,0,2,16,2433772
200006,36,061,1,2,New York County               ,0,0,0,4,8,528496,2,6,447654,3,181,11354311,0,0,0,4,8,528496,2,6,447654,3,181,11354311
200006,36,071,1,2,Orange County                 ,148,148,18737068,4,8,585000,0,0,0,4,21,1831822,109,109,14355266,3,6,285000,0,0,0,0,0,0
200006,36,079,1,2,Putnam County                 ,40,40,6390672,0,0,0,0,0,0,1,5,360870,20,20,3486390,0,0,0,0,0,0,0,0,0
200006,36,081,1,2,Queens County                 ,5,5,657379,57,114,7531064,10,30,2238271,8,67,4202977,5,5,657379,57,114,7531064,10,30,2238271,8,67,4202977
200006,36,085,1,2,Richmond County               ,123,123,16171523,72,144,9512924,0,0,0,1,12,752772,123,123,16171523,72,144,9512924,0,0,0,1,12,752772
200006,36,103,1,2,Suffolk County                ,382,382,55451597,0,0,0,0,0,0,7,71,4367913,299,299,46240710,0,0,0,0,0,0,2,11,1106800
200006,36,119,1,2,Westchester County            ,121,121,31737821,10,20,1364105,1,3,510000,5,285,18118822,59,59,11015638,2,4,302124,0,0,0,2,265,16760060
200006,37,001,3,5,Alamance County               ,78,78,9451908,0,0,0,1,3,105000,2,16,2268000,78,78,9451908,0,0,0,1,3,105000,2,16,2268000
200006,37,005,3,5,Alleghany County              ,44,44,2871800,0,0,0,0,0,0,0,0,0,44,44,2871800,0,0,0,0,0,0,0,0,0
200006,37,009,3,5,Ashe County                   ,33,33,3993440,0,0,0,0,0,0,0,0,0,33,33,3993440,0,0,0,0,0,0,0,0,0
200006,37,011,3,5,Avery County                  ,18,18,4700343,0,0,0,0,0,0,0,0,0,18,18,4700343,0,0,0,0,0,0,0,0,0
200006,37,015,3,5,Bertie County                 ,2,2,89849,0,0,0,0,0,0,0,0,0,2,2,89849,0,0,0,0,0,0,0,0,0
200006,37,017,3,5,Bladen County                 ,9,9,1229000,0,0,0,0,0,0,0,0,0,9,9,1229000,0,0,0,0,0,0,0,0,0
200006,37,025,3,5,Cabarrus County               ,124,124,14360904,0,0,0,0,0,0,3,52,1835600,124,124,14360904,0,0,0,0,0,0,3,52,1835600
200006,37,027,3,5,Caldwell County               ,42,42,5268325,0,0,0,0,0,0,0,0,0,42,42,5268325,0,0,0,0,0,0,0,0,0
200006,37,029,3,5,Camden County                 ,5,5,720280,0,0,0,0,0,0,0,0,0,5,5,720280,0,0,0,0,0,0,0,0,0
200006,37,033,3,5,Caswell County                ,15,15,1720800,0,0,0,0,0,0,0,0,0,15,15,1720800,0,0,0,0,0,0,0,0,0
200006,37,037,3,5,Chatham County                ,40,40,7062807,0,0,0,0,0,0,0,0,0,40,40,7062807,0,0,0,0,0,0,0,0,0
200006,37,043,3,5,Clay County                   ,9,9,715000,0,0,0,0,0,0,0,0,0,9,9,715000,0,0,0,0,0,0,0,0,0
200006,37,057,3,5,Davidson County               ,72,72,8061751,3,6,260232,0,0,0,0,0,0,72,72,8061751,3,6,260232,0,0,0,0,0,0
200006,37,061,3,5,Duplin County                 ,5,5,732000,0,0,0,0,0,0,0,0,0,5,5,732000,0,0,0,0,0,0,0,0,0
200006,37,067,3,5,Forsyth County                ,189,189,22286094,0,0,0,0,0,0,0,0,0,189,189,22286094,0,0,0,0,0,0,0,0,0
200006,37,069,3,5,Franklin County               ,30,30,3164500,0,0,0,0,0,0,0,0,0,30,30,3164500,0,0,0,0,0,0,0,0,0
200006,37,071,3,5,Gaston County                 ,80,80,9908906,0,0,0,0,0,0,1,7,194558,20,20,2333010,0,0,0,0,0,0,0,0,0
200006,37,075,3,5,Graham County                 ,4,4,375616,0,0,0,0,0,0,0,0,0,4,4,375616,0,0,0,0,0,0,0,0,0
200006,37,081,3,5,Guilford County               ,301,301,35111801,1,2,122459,1,4,254494,5,120,6250801,301,301,35111801,1,2,122459,1,4,254494,5,120,6250801
200006,37,091,3,5,Hertford County               ,2,2,146000,0,0,0,0,0,0,0,0,0,2,2,146000,0,0,0,0,0,0,0,0,0
200006,37,099,3,5,Jackson County                ,56,56,10845000,0,0,0,0,0,0,0,0,0,56,56,10845000,0,0,0,0,0,0,0,0,0
200006,37,101,3,5,Johnston County               ,115,115,11747965,2,4,277030,0,0,0,7,136,3524000,115,115,11747965,2,4,277030,0,0,0,7,136,3524000
200006,37,113,3,5,Macon County                  ,37,37,6009560,0,0,0,0,0,0,0,0,0,37,37,6009560,0,0,0,0,0,0,0,0,0
200006,37,115,3,5,Madison County                ,12,12,1533784,0,0,0,0,0,0,0,0,0,12,12,1533784,0,0,0,0,0,0,0,0,0
200006,37,117,3,5,Martin County                 ,6,6,675055,0,0,0,0,0,0,0,0,0,6,6,675055,0,0,0,0,0,0,0,0,0
200006,37,119,3,5,Mecklenburg County            ,996,996,121970325,4,8,1563720,1,4,675200,44,638,30223943,996,996,121970325,4,8,1563720,1,4,675200,44,638,30223943
200006,37,121,3,5,Mitchell County               ,11,11,1199066,0,0,0,0,0,0,0,0,0,11,11,1199066,0,0,0,0,0,0,0,0,0
200006,37,123,3,5,Montgomery County             ,12,12,2999000,0,0,0,0,0,0,0,0,0,12,12,2999000,0,0,0,0,0,0,0,0,0
200006,37,131,3,5,Northampton County            ,2,2,150433,0,0,0,0,0,0,0,0,0,2,2,150433,0,0,0,0,0,0,0,0,0
200006,37,135,3,5,Orange County                 ,130,130,18174905,0,0,0,0,0,0,0,0,0,72,72,9541514,0,0,0,0,0,0,0,0,0
200006,37,137,3,5,Pamlico County                ,5,5,880000,0,0,0,0,0,0,0,0,0,5,5,880000,0,0,0,0,0,0,0,0,0
200006,37,139,3,5,Pasquotank County             ,8,8,640591,0,0,0,0,0,0,0,0,0,4,4,287400,0,0,0,0,0,0,0,0,0
200006,37,145,3,5,Person County                 ,19,19,3088000,0,0,0,0,0,0,0,0,0,19,19,3088000,0,0,0,0,0,0,0,0,0
200006,37,149,3,5,Polk County                   ,9,9,970142,0,0,0,0,0,0,0,0,0,9,9,970142,0,0,0,0,0,0,0,0,0
200006,37,151,3,5,Randolph County               ,54,54,5606175,1,2,85000,1,3,80387,0,0,0,7,7,290000,1,2,85000,0,0,0,0,0,0
200006,37,159,3,5,Rowan County                  ,66,66,9107000,22,44,1432000,0,0,0,0,0,0,66,66,9107000,22,44,1432000,0,0,0,0,0,0
200006,37,163,3,5,Sampson County                ,9,9,1325900,0,0,0,0,0,0,0,0,0,9,9,1325900,0,0,0,0,0,0,0,0,0
200006,37,167,3,5,Stanly County                 ,28,28,3614210,0,0,0,0,0,0,0,0,0,28,28,3614210,0,0,0,0,0,0,0,0,0
200006,37,169,3,5,Stokes County                 ,15,15,1954715,0,0,0,0,0,0,0,0,0,9,9,1204550,0,0,0,0,0,0,0,0,0
200006,37,171,3,5,Surry County                  ,19,19,2409015,0,0,0,0,0,0,0,0,0,19,19,2409015,0,0,0,0,0,0,0,0,0
200006,37,173,3,5,Swain County                  ,12,12,832500,0,0,0,0,0,0,0,0,0,12,12,832500,0,0,0,0,0,0,0,0,0
200006,37,175,3,5,Transylvania County           ,28,28,6216748,0,0,0,0,0,0,0,0,0,28,28,6216748,0,0,0,0,0,0,0,0,0
200006,37,179,3,5,Union County                  ,204,204,25996165,0,0,0,0,0,0,0,0,0,204,204,25996165,0,0,0,0,0,0,0,0,0
200006,37,181,3,5,Vance County                  ,20,20,2198000,1,2,60000,0,0,0,0,0,0,20,20,2198000,1,2,60000,0,0,0,0,0,0
200006,37,183,3,5,Wake County                   ,741,741,104957401,0,0,0,0,0,0,26,482,21163825,413,413,64606798,0,0,0,0,0,0,9,208,8286982
200006,37,185,3,5,Warren County                 ,4,4,1450300,0,0,0,0,0,0,0,0,0,4,4,1450300,0,0,0,0,0,0,0,0,0
200006,37,187,3,5,Washington County             ,0,0,0,0,0,0,0,0,0,0,0,0,0,0,0,0,0,0,0,0,0,0,0,0
200006,37,191,3,5,Wayne County                  ,31,31,3205055,2,4,152000,0,0,0,0,0,0,3,3,435820,2,4,152000,0,0,0,0,0,0
200006,37,195,3,5,Wilson County                 ,36,36,3439373,2,4,186390,0,0,0,0,0,0,11,11,1269555,0,0,0,0,0,0,0,0,0
200006,37,197,3,5,Yadkin County                 ,9,9,1402141,0,0,0,0,0,0,0,0,0,9,9,1402141,0,0,0,0,0,0,0,0,0
200006,39,007,2,3,Ashtabula County              ,53,53,7953960,0,0,0,0,0,0,0,0,0,52,52,7865660,0,0,0,0,0,0,0,0,0
200006,39,015,2,3,Brown County                  ,10,10,1248085,0,0,0,0,0,0,0,0,0,4,4,471510,0,0,0,0,0,0,0,0,0
200006,39,017,2,3,Butler County                 ,172,172,20628592,2,4,216658,3,10,983719,1,5,390000,145,145,17933414,1,2,76000,1,4,428083,0,0,0
200006,39,025,2,3,Clermont County               ,118,118,16212701,1,2,165084,4,16,1248534,0,0,0,118,118,16212701,1,2,165084,4,16,1248534,0,0,0
200006,39,035,2,3,Cuyahoga County               ,165,165,38944029,1,2,125000,3,9,587816,3,28,1473038,80,80,26806561,0,0,0,1,3,315000,0,0,0
200006,39,041,2,3,Delaware County               ,184,184,27251674,3,6,720000,0,0,0,2,28,999051,37,37,7043049,3,6,720000,0,0,0,0,0,0
200006,39,045,2,3,Fairfield County              ,60,60,10113163,0,0,0,0,0,0,1,5,171696,36,36,7054928,0,0,0,0,0,0,0,0,0
200006,39,049,2,3,Franklin County               ,429,429,61797018,3,6,562500,7,28,1761672,35,378,14676594,129,129,23557676,1,2,162000,1,4,187060,0,0,0
200006,39,055,2,3,Geauga County                 ,48,48,7804000,0,0,0,0,0,0,0,0,0,48,48,7804000,0,0,0,0,0,0,0,0,0
200006,39,061,2,3,Hamilton County               ,119,119,15219839,0,0,0,1,4,312133,11,99,5105987,116,116,14647231,0,0,0,1,4,312133,11,99,5105987
200006,39,085,2,3,Lake County                   ,62,62,11704716,0,0,0,2,6,540000,0,0,0,46,46,8469000,0,0,0,2,6,540000,0,0,0
200006,39,089,2,3,Licking County                ,111,111,16292451,2,4,400000,7,27,2526223,1,5,191890,110,110,16225624,2,4,400000,6,24,2280000,0,0,0
200006,39,093,2,3,Lorain County                 ,109,109,18142512,2,4,309000,0,0,0,0,0,0,57,57,11372801,1,2,124000,0,0,0,0,0,0
200006,39,097,2,3,Madison County                ,17,17,1798387,0,0,0,0,0,0,0,0,0,15,15,1569001,0,0,0,0,0,0,0,0,0
200006,39,103,2,3,Medina County                 ,154,154,27316500,1,2,206167,2,7,387500,0,0,0,129,129,23896568,0,0,0,1,4,200000,0,0,0
200006,39,129,2,3,Pickaway County               ,19,19,2178100,0,0,0,0,0,0,0,0,0,12,12,1429021,0,0,0,0,0,0,0,0,0
200006,39,133,2,3,Portage County                ,72,72,12826576,0,0,0,0,0,0,0,0,0,67,67,12008592,0,0,0,0,0,0,0,0,0
200006,39,135,2,3,Preble County                 ,19,19,1666950,2,4,190000,0,0,0,0,0,0,19,19,1666950,2,4,190000,0,0,0,0,0,0
200006,39,153,2,3,Summit County                 ,185,185,31141961,1,2,120000,2,6,246006,5,57,3069898,155,155,27851540,1,2,120000,2,6,246006,4,52,2899044
200006,39,165,2,3,Warren County                 ,223,223,27576624,0,0,0,0,0,0,3,24,1335000,195,195,24413586,0,0,0,0,0,0,3,24,1335000
200006,40,001,3,7,Adair County                  ,0,0,0,0,0,0,0,0,0,0,0,0,0,0,0,0,0,0,0,0,0,0,0,0
200006,40,013,3,7,Bryan County                  ,1,1,55000,0,0,0,0,0,0,0,0,0,1,1,55000,0,0,0,0,0,0,0,0,0
200006,41,001,4,9,Baker County                  ,5,5,565058,0,0,0,0,0,0,0,0,0,5,5,565058,0,0,0,0,0,0,0,0,0
200006,41,003,4,9,Benton County                 ,31,31,5915249,0,0,0,0,0,0,0,0,0,31,31,5915249,0,0,0,0,0,0,0,0,0
200006,41,005,4,9,Clackamas County              ,196,196,31972805,5,10,1072227,0,0,0,3,40,862884,175,175,28672809,4,8,823750,0,0,0,3,40,862884
200006,41,007,4,9,Clatsop County                ,12,12,2183214,0,0,0,1,3,245968,0,0,0,6,6,1402793,0,0,0,1,3,245968,0,0,0
200006,41,009,4,9,Columbia County               ,23,23,3490355,1,2,75000,0,0,0,0,0,0,14,14,1921170,1,2,75000,0,0,0,0,0,0
200006,41,011,4,9,Coos County                   ,2,2,226601,0,0,0,0,0,0,0,0,0,1,1,98934,0,0,0,0,0,0,0,0,0
200006,41,013,4,9,Crook County                  ,20,20,2253511,0,0,0,0,0,0,0,0,0,20,20,2253511,0,0,0,0,0,0,0,0,0
200006,41,015,4,9,Curry County                  ,8,8,1127763,1,2,135750,0,0,0,1,5,315250,3,3,416838,0,0,0,0,0,0,0,0,0
200006,41,017,4,9,Deschutes County              ,208,208,33293025,4,8,641946,1,3,186674,2,12,1268000,208,208,33293025,4,8,641946,1,3,186674,2,12,1268000
200006,41,019,4,9,Douglas County                ,36,36,5216072,0,0,0,0,0,0,0,0,0,36,36,5216072,0,0,0,0,0,0,0,0,0
200006,41,025,4,9,Harney County                 ,2,2,200411,0,0,0,0,0,0,0,0,0,2,2,200411,0,0,0,0,0,0,0,0,0
200006,41,027,4,9,Hood River County             ,10,10,1272197,1,2,161000,0,0,0,0,0,0,10,10,1272197,1,2,161000,0,0,0,0,0,0
200006,41,029,4,9,Jackson County                ,119,119,13884707,2,4,401610,0,0,0,2,37,1891115,78,78,8419152,1,2,215992,0,0,0,1,30,1200000
200006,41,031,4,9,Jefferson County              ,31,31,2440950,0,0,0,0,0,0,0,0,0,31,31,2440950,0,0,0,0,0,0,0,0,0
200006,41,033,4,9,Josephine County              ,27,27,3314858,0,0,0,0,0,0,0,0,0,7,7,992664,0,0,0,0,0,0,0,0,0
200006,41,035,4,9,Klamath County                ,15,15,3026370,0,0,0,0,0,0,0,0,0,15,15,3026370,0,0,0,0,0,0,0,0,0
200006,41,037,4,9,Lake County                   ,4,4,665131,0,0,0,0,0,0,0,0,0,4,4,665131,0,0,0,0,0,0,0,0,0
200006,41,039,4,9,Lane County                   ,110,110,16880417,4,8,618558,0,0,0,0,0,0,83,83,13539517,2,4,320914,0,0,0,0,0,0
200006,41,041,4,9,Lincoln County                ,18,18,2470985,1,2,158300,1,4,316600,8,72,4926043,18,18,2470985,1,2,158300,1,4,316600,8,72,4926043
200006,41,043,4,9,Linn County                   ,30,30,4126765,0,0,0,2,7,456062,2,21,906632,13,13,2043471,0,0,0,1,4,287093,0,0,0
200006,41,045,4,9,Malheur County                ,5,5,475391,0,0,0,0,0,0,0,0,0,5,5,475391,0,0,0,0,0,0,0,0,0
200006,41,047,4,9,Marion County                 ,133,133,16440033,2,4,235166,1,3,162536,1,17,697011,44,44,5615074,0,0,0,0,0,0,0,0,0
200006,41,051,4,9,Multnomah County              ,141,141,20340408,9,18,1627590,2,7,570757,4,24,1543520,141,141,20340408,9,18,1627590,2,7,570757,4,24,1543520
200006,41,053,4,9,Polk County                   ,9,9,1433714,0,0,0,0,0,0,0,0,0,4,4,461008,0,0,0,0,0,0,0,0,0
200006,41,057,4,9,Tillamook County              ,14,14,2262172,0,0,0,0,0,0,0,0,0,13,13,2162760,0,0,0,0,0,0,0,0,0
200006,41,059,4,9,Umatilla County               ,11,11,1230666,0,0,0,2,8,494704,0,0,0,11,11,1230666,0,0,0,2,8,494704,0,0,0
200006,41,061,4,9,Union County                  ,5,5,686175,0,0,0,0,0,0,0,0,0,5,5,686175,0,0,0,0,0,0,0,0,0
200006,41,065,4,9,Wasco County                  ,3,3,436840,0,0,0,0,0,0,0,0,0,3,3,436840,0,0,0,0,0,0,0,0,0
200006,41,067,4,9,Washington County             ,306,306,37615537,0,0,0,0,0,0,2,56,2896458,251,251,30413471,0,0,0,0,0,0,1,38,1965254
200006,41,071,4,9,Yamhill County                ,42,42,6859015,2,4,340919,1,4,171346,2,20,681264,15,15,3672177,0,0,0,0,0,0,0,0,0
200006,42,001,1,2,Adams County                  ,68,68,7866909,0,0,0,0,0,0,0,0,0,68,68,7866909,0,0,0,0,0,0,0,0,0
200006,42,003,1,2,Allegheny County              ,163,163,26513039,0,0,0,4,14,1274000,3,39,1920210,126,126,22028793,0,0,0,2,8,944000,0,0,0
200006,42,007,1,2,Beaver County                 ,38,38,4862567,0,0,0,0,0,0,0,0,0,27,27,3662903,0,0,0,0,0,0,0,0,0
200006,42,017,1,2,Bucks County                  ,202,202,26536424,0,0,0,0,0,0,2,14,816261,142,142,18207412,0,0,0,0,0,0,1,7,465500
200006,42,019,1,2,Butler County                 ,90,90,11946000,0,0,0,1,3,328586,0,0,0,55,55,7691675,0,0,0,0,0,0,0,0,0
200006,42,029,1,2,Chester County                ,260,260,36618448,0,0,0,0,0,0,0,0,0,204,204,30115706,0,0,0,0,0,0,0,0,0
200006,42,045,1,2,Delaware County               ,79,79,13173724,2,4,355308,0,0,0,3,24,1703404,47,47,9617876,0,0,0,0,0,0,0,0,0
200006,42,051,1,2,Fayette County                ,28,28,1833717,0,0,0,0,0,0,0,0,0,3,3,537152,0,0,0,0,0,0,0,0,0
200006,42,065,1,2,Jefferson County              ,24,24,1847000,0,0,0,0,0,0,0,0,0,24,24,1847000,0,0,0,0,0,0,0,0,0
200006,42,091,1,2,Montgomery County             ,236,236,25956040,0,0,0,0,0,0,4,26,1344520,161,161,17315198,0,0,0,0,0,0,2,12,703320
200006,42,101,1,2,Philadelphia County           ,5,5,657379,2,4,264248,0,0,0,1,68,4265708,5,5,657379,2,4,264248,0,0,0,1,68,4265708
200006,42,103,1,2,Pike County                   ,60,60,8098072,0,0,0,0,0,0,1,6,800000,53,53,7186549,0,0,0,0,0,0,1,6,800000
200006,42,125,1,2,Washington County             ,56,56,6927204,1,2,150000,0,0,0,1,5,376000,46,46,5982372,1,2,150000,0,0,0,1,5,376000
200006,42,129,1,2,Westmoreland County           ,77,77,12851337,3,6,580000,2,6,52000,1,5,200000,35,35,6996573,1,2,185000,0,0,0,1,5,200000
200006,44,001,1,1,Bristol County                ,7,7,853855,0,0,0,0,0,0,0,0,0,7,7,853855,0,0,0,0,0,0,0,0,0
200006,44,003,1,1,Kent County                   ,32,32,3294467,0,0,0,0,0,0,0,0,0,11,11,975960,0,0,0,0,0,0,0,0,0
200006,44,005,1,1,Newport County                ,24,24,3329076,0,0,0,0,0,0,0,0,0,24,24,3329076,0,0,0,0,0,0,0,0,0
200006,44,007,1,1,Providence County             ,82,82,9212946,8,16,895188,1,4,78333,1,5,141863,46,46,5840473,4,8,678675,0,0,0,0,0,0
200006,44,009,1,1,Washington County             ,66,66,7574541,0,0,0,0,0,0,0,0,0,49,49,4946797,0,0,0,0,0,0,0,0,0
200006,45,003,3,5,Aiken County                  ,63,63,7584349,0,0,0,0,0,0,0,0,0,44,44,5308907,0,0,0,0,0,0,0,0,0
200006,45,007,3,5,Anderson County               ,90,90,10679290,3,6,260000,2,8,72050,0,0,0,90,90,10679290,3,6,260000,2,8,72050,0,0,0
200006,45,015,3,5,Berkeley County               ,66,66,5996744,0,0,0,0,0,0,0,0,0,66,66,5996744,0,0,0,0,0,0,0,0,0
200006,45,023,3,5,Chester County                ,16,16,1672348,0,0,0,0,0,0,0,0,0,16,16,1672348,0,0,0,0,0,0,0,0,0
200006,45,045,3,5,Greenville County             ,341,341,29243985,0,0,0,0,0,0,1,5,145132,81,81,6997002,0,0,0,0,0,0,0,0,0
200006,45,047,3,5,Greenwood County              ,13,13,1326580,0,0,0,0,0,0,0,0,0,13,13,1326580,0,0,0,0,0,0,0,0,0
200006,45,053,3,5,Jasper County                 ,10,10,980012,0,0,0,0,0,0,0,0,0,10,10,980012,0,0,0,0,0,0,0,0,0
200006,45,077,3,5,Pickens County                ,50,50,6727628,0,0,0,0,0,0,1,12,685550,45,45,5946975,0,0,0,0,0,0,0,0,0
200006,45,081,3,5,Saluda County                 ,6,6,621920,0,0,0,0,0,0,0,0,0,6,6,621920,0,0,0,0,0,0,0,0,0
200006,45,087,3,5,Union County                  ,1,1,105000,0,0,0,0,0,0,0,0,0,1,1,105000,0,0,0,0,0,0,0,0,0
200006,45,091,3,5,York County                   ,130,130,16929043,10,20,1456000,0,0,0,13,204,5768477,130,130,16929043,10,20,1456000,0,0,0,13,204,5768477
200006,46,007,2,4,Bennett County                ,0,0,0,0,0,0,0,0,0,0,0,0,0,0,0,0,0,0,0,0,0,0,0,0
200006,46,027,2,4,Clay County                   ,5,5,672750,0,0,0,0,0,0,0,0,0,5,5,672750,0,0,0,0,0,0,0,0,0
200006,46,079,2,4,Lake County                   ,7,7,505697,0,0,0,0,0,0,0,0,0,7,7,505697,0,0,0,0,0,0,0,0,0
200006,46,093,2,4,Meade County                  ,12,12,1617415,0,0,0,0,0,0,0,0,0,10,10,1460000,0,0,0,0,0,0,0,0,0
200006,46,095,2,4,Mellette County               ,0,0,0,0,0,0,0,0,0,0,0,0,0,0,0,0,0,0,0,0,0,0,0,0
200006,46,121,2,4,Todd County                   ,0,0,0,0,0,0,0,0,0,0,0,0,0,0,0,0,0,0,0,0,0,0,0,0
200006,47,011,3,6,Bradley County                ,37,37,2881958,2,4,159238,0,0,0,0,0,0,25,25,1728830,1,2,78800,0,0,0,0,0,0
200006,47,021,3,6,Cheatham County               ,12,12,1316000,0,0,0,0,0,0,1,10,405970,12,12,1316000,0,0,0,0,0,0,0,0,0
200006,47,025,3,6,Claiborne County              ,28,28,1723500,0,0,0,0,0,0,0,0,0,28,28,1723500,0,0,0,0,0,0,0,0,0
200006,47,031,3,6,Coffee County                 ,10,10,1187971,0,0,0,0,0,0,0,0,0,4,4,285000,0,0,0,0,0,0,0,0,0
200006,47,037,3,6,Davidson County               ,233,233,35776684,3,6,470303,0,0,0,5,96,7304700,9,9,2009872,0,0,0,0,0,0,0,0,0
200006,47,043,3,6,Dickson County                ,24,24,2896175,0,0,0,0,0,0,0,0,0,22,22,2780478,0,0,0,0,0,0,0,0,0
200006,47,047,3,6,Fayette County                ,7,7,937000,0,0,0,0,0,0,0,0,0,7,7,937000,0,0,0,0,0,0,0,0,0
200006,47,063,3,6,Hamblen County                ,30,30,2251650,0,0,0,0,0,0,0,0,0,30,30,2251650,0,0,0,0,0,0,0,0,0
200006,47,093,3,6,Knox County                   ,220,220,28109622,0,0,0,1,3,139500,3,41,826103,181,181,25497593,0,0,0,0,0,0,0,0,0
200006,47,113,3,6,Madison County                ,39,39,3888750,0,0,0,0,0,0,0,0,0,39,39,3888750,0,0,0,0,0,0,0,0,0
200006,47,125,3,6,Montgomery County             ,75,75,5386487,0,0,0,4,13,912000,1,10,360000,75,75,5386487,0,0,0,4,13,912000,1,10,360000
200006,47,127,3,6,Moore County                  ,5,5,780000,0,0,0,0,0,0,0,0,0,5,5,780000,0,0,0,0,0,0,0,0,0
200006,47,147,3,6,Robertson County              ,55,55,5506040,0,0,0,0,0,0,0,0,0,31,31,3739453,0,0,0,0,0,0,0,0,0
200006,47,149,3,6,Rutherford County             ,250,250,21207471,0,0,0,0,0,0,5,40,810944,249,249,21153748,0,0,0,0,0,0,5,40,810944
200006,47,151,3,6,Scott County                  ,0,0,0,0,0,0,0,0,0,0,0,0,0,0,0,0,0,0,0,0,0,0,0,0
200006,47,157,3,6,Shelby County                 ,280,280,47269482,0,0,0,0,0,0,0,0,0,273,273,46406145,0,0,0,0,0,0,0,0,0
200006,47,165,3,6,Sumner County                 ,91,91,8039671,0,0,0,2,8,424048,0,0,0,91,91,8039671,0,0,0,2,8,424048,0,0,0
200006,47,167,3,6,Tipton County                 ,46,46,4018883,0,0,0,0,0,0,0,0,0,44,44,3928030,0,0,0,0,0,0,0,0,0
200006,47,177,3,6,Warren County                 ,23,23,595000,0,0,0,0,0,0,0,0,0,23,23,595000,0,0,0,0,0,0,0,0,0
200006,47,189,3,6,Wilson County                 ,78,78,10189587,1,2,100000,1,4,609000,0,0,0,77,77,10101454,1,2,100000,1,4,609000,0,0,0
200006,48,039,3,7,Brazoria County               ,136,136,14955188,1,2,128000,0,0,0,7,180,9800000,89,89,10330942,0,0,0,0,0,0,7,180,9800000
200006,48,041,3,7,Brazos County                 ,66,66,6526481,11,22,990000,0,0,0,3,41,1625755,36,36,4218240,11,22,990000,0,0,0,1,16,846000
200006,48,063,3,7,Camp County                   ,1,1,75000,0,0,0,0,0,0,0,0,0,1,1,75000,0,0,0,0,0,0,0,0,0
200006,48,071,3,7,Chambers County               ,18,18,1658252,0,0,0,0,0,0,0,0,0,18,18,1658252,0,0,0,0,0,0,0,0,0
200006,48,083,3,7,Coleman County                ,0,0,0,0,0,0,0,0,0,0,0,0,0,0,0,0,0,0,0,0,0,0,0,0
200006,48,085,3,7,Collin County                 ,758,758,106805839,2,4,187459,0,0,0,5,82,4488011,579,579,79356674,1,2,122459,0,0,0,0,0,0
200006,48,113,3,7,Dallas County                 ,833,833,105154025,0,0,0,0,0,0,1,80,6500000,788,788,97135152,0,0,0,0,0,0,1,80,6500000
200006,48,121,3,7,Denton County                 ,538,538,84812614,0,0,0,0,0,0,2,14,391608,526,526,83084265,0,0,0,0,0,0,2,14,391608
200006,48,139,3,7,Ellis County                  ,88,88,11352462,0,0,0,0,0,0,0,0,0,73,73,9776116,0,0,0,0,0,0,0,0,0
200006,48,151,3,7,Fisher County                 ,0,0,0,0,0,0,0,0,0,0,0,0,0,0,0,0,0,0,0,0,0,0,0,0
200006,48,157,3,7,Fort Bend County              ,73,73,8536019,0,0,0,0,0,0,20,250,10899960,66,66,7940154,0,0,0,0,0,0,20,250,10899960
200006,48,167,3,7,Galveston County              ,174,174,24300141,0,0,0,1,3,139840,0,0,0,171,171,24054294,0,0,0,0,0,0,0,0,0
200006,48,169,3,7,Garza County                  ,0,0,0,0,0,0,0,0,0,0,0,0,0,0,0,0,0,0,0,0,0,0,0,0
200006,48,201,3,7,Harris County                 ,1702,1702,212677625,2,4,244918,2,8,434494,23,458,23857225,1683,1683,208169513,2,4,244918,2,8,434494,23,458,23857225
200006,48,211,3,7,Hemphill County               ,0,0,0,0,0,0,0,0,0,0,0,0,0,0,0,0,0,0,0,0,0,0,0,0
200006,48,213,3,7,Henderson County              ,11,11,1156069,0,0,0,0,0,0,0,0,0,4,4,297000,0,0,0,0,0,0,0,0,0
200006,48,221,3,7,Hood County                   ,0,0,0,0,0,0,0,0,0,0,0,0,0,0,0,0,0,0,0,0,0,0,0,0
200006,48,231,3,7,Hunt County                   ,7,7,579343,0,0,0,0,0,0,1,5,120312,0,0,0,0,0,0,0,0,0,0,0,0
200006,48,251,3,7,Johnson County                ,54,54,5518756,1,2,80000,1,4,140000,1,10,363591,29,29,2970002,0,0,0,1,4,140000,0,0,0
200006,48,257,3,7,Kaufman County                ,19,19,1506819,0,0,0,1,3,67500,1,13,635225,14,14,1100653,0,0,0,0,0,0,0,0,0
200006,48,265,3,7,Kerr County                   ,7,7,470230,0,0,0,0,0,0,1,8,250000,7,7,470230,0,0,0,0,0,0,1,8,250000
200006,48,291,3,7,Liberty County                ,18,18,912370,0,0,0,0,0,0,0,0,0,18,18,912370,0,0,0,0,0,0,0,0,0
200006,48,319,3,7,Mason County                  ,0,0,0,0,0,0,0,0,0,0,0,0,0,0,0,0,0,0,0,0,0,0,0,0
200006,48,323,3,7,Maverick County               ,10,10,522401,0,0,0,0,0,0,0,0,0,10,10,522401,0,0,0,0,0,0,0,0,0
200006,48,329,3,7,Midland County                ,19,19,2537500,0,0,0,0,0,0,0,0,0,19,19,2537500,0,0,0,0,0,0,0,0,0
200006,48,339,3,7,Montgomery County             ,370,370,56574196,0,0,0,0,0,0,0,0,0,367,367,56320247,0,0,0,0,0,0,0,0,0
200006,48,367,3,7,Parker County                 ,19,19,1855937,0,0,0,0,0,0,0,0,0,19,19,1855937,0,0,0,0,0,0,0,0,0
200006,48,375,3,7,Potter County                 ,54,54,7285190,0,0,0,0,0,0,0,0,0,54,54,7285190,0,0,0,0,0,0,0,0,0
200006,48,397,3,7,Rockwall County               ,62,62,11730646,0,0,0,0,0,0,0,0,0,62,62,11730646,0,0,0,0,0,0,0,0,0
200006,48,437,3,7,Swisher County                ,0,0,0,0,0,0,0,0,0,0,0,0,0,0,0,0,0,0,0,0,0,0,0,0
200006,48,439,3,7,Tarrant County                ,848,848,107140139,4,8,303541,0,0,0,27,445,21125852,624,624,65085870,4,8,303541,0,0,0,26,440,20998930
200006,48,451,3,7,Tom Green County              ,16,16,2264650,1,2,160000,0,0,0,0,0,0,16,16,2264650,1,2,160000,0,0,0,0,0,0
200006,48,469,3,7,Victoria County               ,17,17,1698066,0,0,0,0,0,0,0,0,0,17,17,1698066,0,0,0,0,0,0,0,0,0
200006,48,473,3,7,Waller County                 ,1,1,92000,0,0,0,0,0,0,1,5,250000,0,0,0,0,0,0,0,0,0,0,0,0
200006,48,479,3,7,Webb County                   ,141,141,10365723,1,2,64616,0,0,0,1,21,964238,141,141,10365723,1,2,64616,0,0,0,1,21,964238
200006,49,011,4,8,Davis County                  ,188,188,23296758,9,18,1503000,0,0,0,1,8,496671,172,172,21630173,9,18,1503000,0,0,0,0,0,0
200006,49,035,4,8,Salt Lake County              ,330,330,44597545,1,2,182343,2,7,485006,7,155,18555547,223,223,32336174,0,0,0,0,0,0,5,145,17922221
200006,49,039,4,8,Sanpete County                ,15,15,1200994,0,0,0,0,0,0,2,12,275972,15,15,1200994,0,0,0,0,0,0,2,12,275972
200006,49,057,4,8,Weber County                  ,174,174,19379156,2,4,304434,0,0,0,1,29,1348417,106,106,11568173,0,0,0,0,0,0,0,0,0
200006,51,003,3,5,Albemarle County              ,50,50,7979927,0,0,0,0,0,0,0,0,0,50,50,7979927,0,0,0,0,0,0,0,0,0
200006,51,007,3,5,Amelia County                 ,4,4,521850,0,0,0,0,0,0,0,0,0,4,4,521850,0,0,0,0,0,0,0,0,0
200006,51,009,3,5,Amherst County                ,8,8,952850,0,0,0,0,0,0,0,0,0,8,8,952850,0,0,0,0,0,0,0,0,0
200006,51,013,3,5,Arlington County              ,5,5,583252,0,0,0,0,0,0,0,0,0,5,5,583252,0,0,0,0,0,0,0,0,0
200006,51,015,3,5,Augusta County                ,35,35,4728975,0,0,0,0,0,0,0,0,0,35,35,4728975,0,0,0,0,0,0,0,0,0
200006,51,019,3,5,Bedford County                ,30,30,4814910,0,0,0,0,0,0,0,0,0,30,30,4814910,0,0,0,0,0,0,0,0,0
200006,51,023,3,5,Botetourt County              ,13,13,2195000,0,0,0,0,0,0,0,0,0,13,13,2195000,0,0,0,0,0,0,0,0,0
200006,51,029,3,5,Buckingham County             ,4,4,277560,0,0,0,0,0,0,0,0,0,4,4,277560,0,0,0,0,0,0,0,0,0
200006,51,031,3,5,Campbell County               ,22,22,3176505,0,0,0,0,0,0,0,0,0,22,22,3176505,0,0,0,0,0,0,0,0,0
200006,51,035,3,5,Carroll County                ,15,15,1436000,0,0,0,0,0,0,0,0,0,15,15,1436000,0,0,0,0,0,0,0,0,0
200006,51,036,3,5,Charles City County           ,4,4,456250,0,0,0,0,0,0,0,0,0,4,4,456250,0,0,0,0,0,0,0,0,0
200006,51,037,3,5,Charlotte County              ,11,11,644400,0,0,0,0,0,0,0,0,0,11,11,644400,0,0,0,0,0,0,0,0,0
200006,51,041,3,5,Chesterfield County           ,227,227,27509705,8,16,679873,0,0,0,0,0,0,227,227,27509705,8,16,679873,0,0,0,0,0,0
200006,51,043,3,5,Clarke County                 ,8,8,917832,0,0,0,0,0,0,0,0,0,8,8,917832,0,0,0,0,0,0,0,0,0
200006,51,049,3,5,Cumberland County             ,5,5,374560,0,0,0,0,0,0,0,0,0,5,5,374560,0,0,0,0,0,0,0,0,0
200006,51,053,3,5,Dinwiddie County              ,12,12,1234910,0,0,0,0,0,0,0,0,0,12,12,1234910,0,0,0,0,0,0,0,0,0
200006,51,057,3,5,Essex County                  ,4,4,468000,0,0,0,0,0,0,0,0,0,4,4,468000,0,0,0,0,0,0,0,0,0
200006,51,059,3,5,Fairfax County                ,355,355,41436301,0,0,0,0,0,0,3,24,1250160,350,350,40827675,0,0,0,0,0,0,3,24,1250160
200006,51,061,3,5,Fauquier County               ,54,54,8253715,0,0,0,0,0,0,0,0,0,54,54,8253715,0,0,0,0,0,0,0,0,0
200006,51,063,3,5,Floyd County                  ,9,9,496000,0,0,0,0,0,0,0,0,0,9,9,496000,0,0,0,0,0,0,0,0,0
200006,51,065,3,5,Fluvanna County               ,31,31,3999608,0,0,0,0,0,0,0,0,0,31,31,3999608,0,0,0,0,0,0,0,0,0
200006,51,067,3,5,Franklin County               ,41,41,7144349,0,0,0,0,0,0,0,0,0,41,41,7144349,0,0,0,0,0,0,0,0,0
200006,51,069,3,5,Frederick County              ,51,51,5579500,0,0,0,0,0,0,0,0,0,51,51,5579500,0,0,0,0,0,0,0,0,0
200006,51,073,3,5,Gloucester County             ,17,17,2174000,0,0,0,0,0,0,0,0,0,17,17,2174000,0,0,0,0,0,0,0,0,0
200006,51,075,3,5,Goochland County              ,27,27,3841954,0,0,0,0,0,0,0,0,0,27,27,3841954,0,0,0,0,0,0,0,0,0
200006,51,085,3,5,Hanover County                ,98,98,10976494,0,0,0,0,0,0,0,0,0,98,98,10976494,0,0,0,0,0,0,0,0,0
200006,51,087,3,5,Henrico County                ,142,142,16564371,0,0,0,0,0,0,0,0,0,142,142,16564371,0,0,0,0,0,0,0,0,0
200006,51,089,3,5,Henry County                  ,7,7,1173500,0,0,0,0,0,0,0,0,0,7,7,1173500,0,0,0,0,0,0,0,0,0
200006,51,093,3,5,Isle of Wight County          ,24,24,2540417,0,0,0,0,0,0,0,0,0,24,24,2540417,0,0,0,0,0,0,0,0,0
200006,51,095,3,5,James City County             ,67,67,7815584,0,0,0,0,0,0,0,0,0,67,67,7815584,0,0,0,0,0,0,0,0,0
200006,51,099,3,5,King George County            ,17,17,1983058,0,0,0,0,0,0,0,0,0,17,17,1983058,0,0,0,0,0,0,0,0,0
200006,51,101,3,5,King William County           ,10,10,613845,0,0,0,0,0,0,0,0,0,10,10,613845,0,0,0,0,0,0,0,0,0
200006,51,103,3,5,Lancaster County              ,6,6,644135,0,0,0,0,0,0,0,0,0,6,6,644135,0,0,0,0,0,0,0,0,0
200006,51,105,3,5,Lee County                    ,3,3,140000,0,0,0,0,0,0,0,0,0,3,3,140000,0,0,0,0,0,0,0,0,0
200006,51,107,3,5,Loudoun County                ,660,660,54843339,0,0,0,0,0,0,7,106,5840398,660,660,54843339,0,0,0,0,0,0,7,106,5840398
200006,51,109,3,5,Louisa County                 ,26,26,2684830,0,0,0,0,0,0,0,0,0,26,26,2684830,0,0,0,0,0,0,0,0,0
200006,51,111,3,5,Lunenburg County              ,1,1,175000,0,0,0,0,0,0,0,0,0,1,1,175000,0,0,0,0,0,0,0,0,0
200006,51,113,3,5,Madison County                ,13,13,1946628,0,0,0,0,0,0,0,0,0,13,13,1946628,0,0,0,0,0,0,0,0,0
200006,51,115,3,5,Mathews County                ,8,8,1261950,0,0,0,0,0,0,0,0,0,8,8,1261950,0,0,0,0,0,0,0,0,0
200006,51,121,3,5,Montgomery County             ,19,19,2947100,2,4,280000,0,0,0,0,0,0,19,19,2947100,2,4,280000,0,0,0,0,0,0
200006,51,125,3,5,Nelson County                 ,13,13,2298816,0,0,0,0,0,0,0,0,0,13,13,2298816,0,0,0,0,0,0,0,0,0
200006,51,131,3,5,Northampton County            ,14,14,2359488,0,0,0,0,0,0,0,0,0,14,14,2359488,0,0,0,0,0,0,0,0,0
200006,51,133,3,5,Northumberland County         ,13,13,1496000,0,0,0,0,0,0,0,0,0,13,13,1496000,0,0,0,0,0,0,0,0,0
200006,51,139,3,5,Page County                   ,14,14,1190098,0,0,0,0,0,0,0,0,0,14,14,1190098,0,0,0,0,0,0,0,0,0
200006,51,141,3,5,Patrick County                ,12,12,1635000,0,0,0,0,0,0,0,0,0,12,12,1635000,0,0,0,0,0,0,0,0,0
200006,51,145,3,5,Powhatan County               ,34,34,4268400,0,0,0,0,0,0,0,0,0,34,34,4268400,0,0,0,0,0,0,0,0,0
200006,51,153,3,5,Prince William County         ,404,404,47765369,0,0,0,0,0,0,19,228,10011692,403,403,47689625,0,0,0,0,0,0,19,228,10011692
200006,51,161,3,5,Roanoke County                ,31,31,1537801,0,0,0,0,0,0,0,0,0,31,31,1537801,0,0,0,0,0,0,0,0,0
200006,51,165,3,5,Rockingham County             ,34,34,3874403,1,2,146500,0,0,0,0,0,0,3,3,230000,0,0,0,0,0,0,0,0,0
200006,51,169,3,5,Scott County                  ,5,5,330000,0,0,0,0,0,0,0,0,0,5,5,330000,0,0,0,0,0,0,0,0,0
200006,51,171,3,5,Shenandoah County             ,20,20,2078248,0,0,0,0,0,0,1,12,249990,20,20,2078248,0,0,0,0,0,0,1,12,249990
200006,51,173,3,5,Smyth County                  ,6,6,654036,0,0,0,0,0,0,1,6,285852,6,6,654036,0,0,0,0,0,0,1,6,285852
200006,51,177,3,5,Spotsylvania County           ,164,164,22639532,0,0,0,0,0,0,0,0,0,164,164,22639532,0,0,0,0,0,0,0,0,0
200006,51,179,3,5,Stafford County               ,109,109,17863852,1,2,100000,0,0,0,5,57,2449888,109,109,17863852,1,2,100000,0,0,0,5,57,2449888
200006,51,181,3,5,Surry County                  ,3,3,195000,0,0,0,0,0,0,0,0,0,3,3,195000,0,0,0,0,0,0,0,0,0
200006,51,185,3,5,Tazewell County               ,8,8,863544,0,0,0,0,0,0,0,0,0,8,8,863544,0,0,0,0,0,0,0,0,0
200006,51,187,3,5,Warren County                 ,19,19,1636000,0,0,0,0,0,0,0,0,0,19,19,1636000,0,0,0,0,0,0,0,0,0
200006,51,191,3,5,Washington County             ,27,27,1796821,0,0,0,0,0,0,0,0,0,3,3,255000,0,0,0,0,0,0,0,0,0
200006,51,197,3,5,Wythe County                  ,9,9,955350,0,0,0,0,0,0,0,0,0,9,9,955350,0,0,0,0,0,0,0,0,0
200006,51,540,3,5,Charlottesville (Independent C,8,8,558000,0,0,0,0,0,0,2,16,1300000,8,8,558000,0,0,0,0,0,0,2,16,1300000
200006,51,550,3,5,Chesapeake(Independent City)  ,96,96,11198448,0,0,0,0,0,0,0,0,0,96,96,11198448,0,0,0,0,0,0,0,0,0
200006,51,560,3,5,Clifton Forge (Independent Cit,0,0,0,0,0,0,0,0,0,0,0,0,0,0,0,0,0,0,0,0,0,0,0,0
200006,51,570,3,5,Colonial Heights (Independent ,1,1,195000,0,0,0,0,0,0,0,0,0,1,1,195000,0,0,0,0,0,0,0,0,0
200006,51,590,3,5,Danville (Independent City)   ,4,4,760000,0,0,0,0,0,0,0,0,0,4,4,760000,0,0,0,0,0,0,0,0,0
200006,51,600,3,5,Fairfax (Independent City)    ,39,39,4073930,0,0,0,0,0,0,0,0,0,39,39,4073930,0,0,0,0,0,0,0,0,0
200006,51,660,3,5,Harrisonburg (Independent City,9,9,975500,0,0,0,0,0,0,0,0,0,9,9,975500,0,0,0,0,0,0,0,0,0
200006,51,670,3,5,Hopewell (Independent City)   ,4,4,215000,0,0,0,0,0,0,0,0,0,4,4,215000,0,0,0,0,0,0,0,0,0
200006,51,683,3,5,Manassas (Independent City)   ,2,2,168000,0,0,0,0,0,0,0,0,0,2,2,168000,0,0,0,0,0,0,0,0,0
200006,51,700,3,5,Newport News (Independent City,15,15,1749758,0,0,0,0,0,0,0,0,0,15,15,1749758,0,0,0,0,0,0,0,0,0
200006,51,710,3,5,Norfolk (Independent City)    ,18,18,2099709,0,0,0,0,0,0,0,0,0,18,18,2099709,0,0,0,0,0,0,0,0,0
200006,51,730,3,5,Petersburg (Independent City) ,1,1,50000,0,0,0,0,0,0,0,0,0,1,1,50000,0,0,0,0,0,0,0,0,0
200006,51,740,3,5,Portsmouth (Independent City) ,7,7,816554,0,0,0,0,0,0,0,0,0,7,7,816554,0,0,0,0,0,0,0,0,0
200006,51,750,3,5,Radford (Independent City)    ,0,0,0,0,0,0,0,0,0,0,0,0,0,0,0,0,0,0,0,0,0,0,0,0
200006,51,760,3,5,Richmond (Independent City)   ,4,4,489301,0,0,0,0,0,0,0,0,0,4,4,489301,0,0,0,0,0,0,0,0,0
200006,51,770,3,5,Roanoke (Independent City)    ,14,14,894256,2,4,124512,0,0,0,0,0,0,14,14,894256,2,4,124512,0,0,0,0,0,0
200006,51,775,3,5,Salem (Independent City)      ,6,6,813624,0,0,0,0,0,0,0,0,0,6,6,813624,0,0,0,0,0,0,0,0,0
200006,51,810,3,5,Virginia Beach (Independent Ci,79,79,9215390,0,0,0,0,0,0,0,0,0,79,79,9215390,0,0,0,0,0,0,0,0,0
200006,51,820,3,5,Waynesboro (Independent City) ,10,10,1214300,0,0,0,0,0,0,0,0,0,10,10,1214300,0,0,0,0,0,0,0,0,0
200006,51,830,3,5,Williamsburg (Independent City,8,8,1190000,0,0,0,0,0,0,0,0,0,8,8,1190000,0,0,0,0,0,0,0,0,0
200006,53,011,4,9,Clark County                  ,274,274,35637329,5,10,816199,1,4,257389,4,130,8899330,198,198,29088728,3,6,542530,0,0,0,1,66,4244680
200006,53,029,4,9,Island County                 ,58,58,8304399,2,4,277806,0,0,0,0,0,0,58,58,8304399,2,4,277806,0,0,0,0,0,0
200006,53,031,4,9,Jefferson County              ,22,22,2558101,0,0,0,0,0,0,0,0,0,22,22,2558101,0,0,0,0,0,0,0,0,0
200006,53,033,4,9,King County                   ,435,435,81980951,11,22,2273563,6,21,2012832,41,835,58119255,379,379,69758355,9,18,1627590,5,18,1595154,35,761,49249179
200006,53,035,4,9,Kitsap County                 ,103,103,12987561,0,0,0,0,0,0,0,0,0,80,80,8524069,0,0,0,0,0,0,0,0,0
200006,53,053,4,9,Pierce County                 ,303,303,34921554,5,10,1071230,10,40,3261471,0,0,0,286,286,32845574,5,10,1071230,10,40,3261471,0,0,0
200006,53,061,4,9,Snohomish County              ,370,370,41340348,3,6,425084,4,13,1431118,11,75,5649157,231,231,26402744,2,4,300000,1,4,326147,4,30,1994429
200006,53,067,4,9,Thurston County               ,122,122,17313661,3,6,620529,0,0,0,0,0,0,117,117,16569059,1,2,200724,0,0,0,0,0,0
200006,54,003,3,5,Berkeley County               ,70,70,7374341,1,2,130000,0,0,0,0,0,0,4,4,352000,0,0,0,0,0,0,0,0,0
200006,54,011,3,5,Cabell County                 ,6,6,478000,0,0,0,0,0,0,0,0,0,6,6,478000,0,0,0,0,0,0,0,0,0
200006,54,031,3,5,Hardy County                  ,12,12,401000,0,0,0,0,0,0,0,0,0,12,12,401000,0,0,0,0,0,0,0,0,0
200006,54,037,3,5,Jefferson County              ,41,41,4764737,0,0,0,0,0,0,1,6,294056,7,7,816554,0,0,0,0,0,0,0,0,0
200006,54,091,3,5,Taylor County                 ,0,0,0,0,0,0,0,0,0,0,0,0,0,0,0,0,0,0,0,0,0,0,0,0
200006,55,059,2,3,Kenosha County                ,68,68,9770029,0,0,0,1,4,260000,0,0,0,65,65,9427729,0,0,0,1,4,260000,0,0,0
200006,55,079,2,3,Milwaukee County              ,86,86,10282074,2,4,248000,0,0,0,6,65,5406250,85,85,10147241,2,4,248000,0,0,0,5,60,5125000
200006,55,089,2,3,Ozaukee County                ,31,31,7842173,0,0,0,0,0,0,3,23,1030701,15,15,3408246,0,0,0,0,0,0,0,0,0
200006,55,093,2,3,Pierce County                 ,39,39,3287036,1,2,125000,0,0,0,0,0,0,37,37,3067088,1,2,125000,0,0,0,0,0,0
200006,55,101,2,3,Racine County                 ,59,59,9294640,3,6,572809,2,7,459923,5,50,1960995,54,54,8742605,1,2,300000,1,4,225000,3,40,1615000
200006,55,109,2,3,St. Croix County              ,52,52,6824997,8,16,1115087,1,4,114000,2,10,360027,26,26,4153076,4,8,536000,0,0,0,0,0,0
200006,55,131,2,3,Washington County             ,69,69,11083409,6,12,1001768,1,4,329000,1,6,440000,57,57,9199374,4,8,659400,1,4,329000,1,6,440000
200006,55,133,2,3,Waukesha County               ,214,214,40037282,24,48,5979389,1,4,485100,1,40,1900000,192,192,36792726,24,48,5979389,1,4,485100,1,40,1900000
200006,56,025,4,8,Natrona County                ,12,12,1529976,0,0,0,0,0,0,0,0,0,9,9,1132000,0,0,0,0,0,0,0,0,0
200006,56,039,4,8,Teton County                  ,22,22,9665992,0,0,0,0,0,0,1,6,252606,19,19,8781000,0,0,0,0,0,0,0,0,0
