Survey,FIPS,FIPS,Region,Division,County,,1-unit,,,2-units,,,3-4 units,,,5+ units,,,1-unit rep,,,2-units rep,,,3-4 units rep,,, 5+units rep
Date,State,County,Code,Code,Name,Bldgs,Units,Value,Bldgs,Units,Value,Bldgs,Units,Value,Bldgs,Units,Value,Bldgs,Units,Value,Bldgs,Units,Value,Bldgs,Units,Value,Bldgs,Units,Value
 
200007,01,081,3,6,Lee County                    ,21,21,2738223,0,0,0,0,0,0,0,0,0,21,21,2738223,0,0,0,0,0,0,0,0,0
200007,01,113,3,6,Russell County                ,6,6,482021,0,0,0,0,0,0,0,0,0,6,6,482021,0,0,0,0,0,0,0,0,0
200007,01,125,3,6,Tuscaloosa County             ,44,44,4457917,0,0,0,0,0,0,0,0,0,44,44,4457917,0,0,0,0,0,0,0,0,0
200007,02,013,4,9,Aleutians East Borough        ,0,0,0,0,0,0,0,0,0,0,0,0,0,0,0,0,0,0,0,0,0,0,0,0
200007,02,016,4,9,Aleutians West Census Area    ,15,15,2081002,0,0,0,0,0,0,0,0,0,15,15,2081002,0,0,0,0,0,0,0,0,0
200007,02,020,4,9,Anchorage Borough             ,81,81,15522679,6,12,1776047,2,6,971304,0,0,0,81,81,15522679,6,12,1776047,2,6,971304,0,0,0
200007,02,050,4,9,Bethel Census Area            ,7,7,700000,0,0,0,0,0,0,0,0,0,7,7,700000,0,0,0,0,0,0,0,0,0
200007,02,060,4,9,Bristol Bay Borough           ,0,0,0,0,0,0,0,0,0,0,0,0,0,0,0,0,0,0,0,0,0,0,0,0
200007,02,090,4,9,Fairbanks North Star Borough  ,20,20,1096524,0,0,0,0,0,0,0,0,0,19,19,1004700,0,0,0,0,0,0,0,0,0
200007,02,122,4,9,Kenai Peninsula Borough       ,12,12,1087439,0,0,0,0,0,0,0,0,0,10,10,872839,0,0,0,0,0,0,0,0,0
200007,02,170,4,9,Matanuska-Susitna Borough     ,5,5,582867,0,0,0,0,0,0,0,0,0,5,5,582867,0,0,0,0,0,0,0,0,0
200007,02,180,4,9,Nome Census Area              ,0,0,0,0,0,0,0,0,0,0,0,0,0,0,0,0,0,0,0,0,0,0,0,0
200007,02,232,4,9,Skagway-Hoonah-Angoon Census A,2,2,80000,0,0,0,0,0,0,0,0,0,2,2,80000,0,0,0,0,0,0,0,0,0
200007,02,261,4,9,Valdez-Cordova Census Area    ,6,6,872856,0,0,0,0,0,0,0,0,0,6,6,872856,0,0,0,0,0,0,0,0,0
200007,04,013,4,8,Maricopa County               ,2425,2425,323711766,0,0,0,10,39,3287391,78,689,39081589,2418,2418,323200636,0,0,0,10,39,3287391,78,689,39081589
200007,04,015,4,8,Mohave County                 ,151,151,13576366,1,2,111082,0,0,0,0,0,0,84,84,7489711,0,0,0,0,0,0,0,0,0
200007,04,021,4,8,Pinal County                  ,123,123,14232627,0,0,0,2,8,380013,2,22,1296137,105,105,12609345,0,0,0,0,0,0,0,0,0
200007,05,023,3,7,Cleburne County               ,3,3,597000,0,0,0,0,0,0,0,0,0,3,3,597000,0,0,0,0,0,0,0,0,0
200007,05,035,3,7,Crittenden County             ,12,12,1336602,0,0,0,0,0,0,0,0,0,12,12,1336602,0,0,0,0,0,0,0,0,0
200007,05,043,3,7,Drew County                   ,3,3,349952,0,0,0,0,0,0,0,0,0,3,3,349952,0,0,0,0,0,0,0,0,0
200007,05,055,3,7,Greene County                 ,19,19,1043000,0,0,0,0,0,0,0,0,0,19,19,1043000,0,0,0,0,0,0,0,0,0
200007,05,061,3,7,Howard County                 ,2,2,114833,0,0,0,0,0,0,0,0,0,1,1,50000,0,0,0,0,0,0,0,0,0
200007,06,001,4,9,Alameda County                ,251,251,69449566,1,2,180843,4,15,1223052,4,29,1991281,240,240,67278333,1,2,180843,4,15,1223052,3,24,1543520
200007,06,013,4,9,Contra Costa County           ,261,261,45445263,0,0,0,0,0,0,4,42,2798816,196,196,32827491,0,0,0,0,0,0,3,24,1543520
200007,06,017,4,9,El Dorado County              ,127,127,18702684,0,0,0,0,0,0,0,0,0,124,124,18274153,0,0,0,0,0,0,0,0,0
200007,06,019,4,9,Fresno County                 ,250,250,36635024,0,0,0,1,3,134930,0,0,0,231,231,34836216,0,0,0,0,0,0,0,0,0
200007,06,027,4,9,Inyo County                   ,2,2,421124,0,0,0,0,0,0,0,0,0,0,0,0,0,0,0,0,0,0,0,0,0
200007,06,037,4,9,Los Angeles County            ,555,555,122520087,6,12,905905,10,39,1793957,17,1017,66059036,519,519,115808379,5,10,797712,10,39,1793957,13,993,63863134
200007,06,039,4,9,Madera County                 ,81,81,7333217,0,0,0,0,0,0,0,0,0,81,81,7333217,0,0,0,0,0,0,0,0,0
200007,06,041,4,9,Marin County                  ,25,25,8441205,0,0,0,2,8,1757180,0,0,0,23,23,7165051,0,0,0,2,8,1757180,0,0,0
200007,06,055,4,9,Napa County                   ,33,33,7769884,0,0,0,0,0,0,0,0,0,24,24,5638499,0,0,0,0,0,0,0,0,0
200007,06,057,4,9,Nevada County                 ,76,76,12209591,2,4,414449,1,4,458363,0,0,0,76,76,12209591,2,4,414449,1,4,458363,0,0,0
200007,06,059,4,9,Orange County                 ,554,554,132266354,23,46,5824179,9,36,3228530,10,544,48555558,526,526,123399083,22,44,5521808,9,36,3228530,8,462,41641576
200007,06,061,4,9,Placer County                 ,447,447,91778268,6,12,945537,0,0,0,8,290,21480738,447,447,91778268,6,12,945537,0,0,0,8,290,21480738
200007,06,065,4,9,Riverside County              ,1141,1141,201815334,1,2,190847,2,7,403781,8,175,13210472,1069,1069,191017291,0,0,0,0,0,0,7,168,12716975
200007,06,067,4,9,Sacramento County             ,539,539,85770160,0,0,0,0,0,0,3,116,6458786,539,539,85770160,0,0,0,0,0,0,3,116,6458786
200007,06,071,4,9,San Bernardino County         ,527,527,89610589,0,0,0,1,3,432260,0,0,0,499,499,84289312,0,0,0,1,3,432260,0,0,0
200007,06,073,4,9,San Diego County              ,794,794,167184615,2,4,492819,1,3,314598,7,44,4520492,793,793,167050696,2,4,492819,1,3,314598,7,44,4520492
200007,06,075,4,9,San Francisco County          ,9,9,3318000,6,12,2463000,1,3,450000,7,271,25422900,9,9,3318000,6,12,2463000,1,3,450000,7,271,25422900
200007,06,077,4,9,San Joaquin County            ,470,470,73114065,1,2,121234,0,0,0,0,0,0,461,461,71591201,0,0,0,0,0,0,0,0,0
200007,06,079,4,9,San Luis Obispo County        ,120,120,18875242,0,0,0,0,0,0,1,5,238822,44,44,7198057,0,0,0,0,0,0,0,0,0
200007,06,081,4,9,San Mateo County              ,66,66,20366691,0,0,0,0,0,0,0,0,0,50,50,15398485,0,0,0,0,0,0,0,0,0
200007,06,085,4,9,Santa Clara County            ,160,160,39884653,2,4,485255,1,4,632605,12,102,7202692,110,110,29148469,1,2,180843,0,0,0,7,39,2508220
200007,06,087,4,9,Santa Cruz County             ,32,32,7474145,0,0,0,0,0,0,0,0,0,32,32,7474145,0,0,0,0,0,0,0,0,0
200007,06,089,4,9,Shasta County                 ,66,66,9280278,0,0,0,0,0,0,0,0,0,63,63,8997263,0,0,0,0,0,0,0,0,0
200007,06,095,4,9,Solano County                 ,154,154,29343770,0,0,0,0,0,0,0,0,0,151,151,28687053,0,0,0,0,0,0,0,0,0
200007,06,097,4,9,Sonoma County                 ,161,161,25451513,1,2,103052,0,0,0,2,29,1481324,46,46,8670895,0,0,0,0,0,0,0,0,0
200007,06,105,4,9,Trinity County                ,4,4,780232,0,0,0,0,0,0,0,0,0,4,4,780232,0,0,0,0,0,0,0,0,0
200007,06,111,4,9,Ventura County                ,232,232,52977106,0,0,0,1,4,270000,1,5,354674,167,167,37571203,0,0,0,1,4,270000,0,0,0
200007,06,113,4,9,Yolo County                   ,49,49,11017115,0,0,0,0,0,0,0,0,0,49,49,11017115,0,0,0,0,0,0,0,0,0
200007,08,001,4,8,Adams County                  ,210,210,22659309,8,16,648672,6,24,1405701,9,112,8375561,195,195,21518127,7,14,581459,6,24,1405701,8,107,6717665
200007,08,005,4,8,Arapahoe County               ,329,329,44254005,5,10,388510,0,0,0,16,257,13862158,302,302,38705834,0,0,0,0,0,0,16,257,13862158
200007,08,013,4,8,Boulder County                ,162,162,20433619,0,0,0,3,11,936492,0,0,0,162,162,20433619,0,0,0,3,11,936492,0,0,0
200007,08,015,4,8,Chaffee County                ,16,16,1515423,0,0,0,0,0,0,0,0,0,16,16,1515423,0,0,0,0,0,0,0,0,0
200007,08,031,4,8,Denver County                 ,118,118,14666895,11,22,1578000,7,25,1938692,10,100,9748544,118,118,14666895,11,22,1578000,7,25,1938692,10,100,9748544
200007,08,035,4,8,Douglas County                ,397,397,66935671,0,0,0,0,0,0,33,733,46743993,365,365,63024433,0,0,0,0,0,0,32,728,46392063
200007,08,059,4,8,Jefferson County              ,117,117,15822411,1,2,143520,2,8,525368,0,0,0,115,115,15678383,0,0,0,2,8,525368,0,0,0
200007,08,069,4,8,Larimer County                ,254,254,33550174,2,4,378385,2,7,613727,6,65,3393434,167,167,22946904,1,2,219444,1,3,350094,0,0,0
200007,08,077,4,8,Mesa County                   ,91,91,9778387,0,0,0,1,4,364134,1,8,460043,91,91,9778387,0,0,0,1,4,364134,1,8,460043
200007,08,101,4,8,Pueblo County                 ,65,65,6839163,2,4,176096,1,4,250000,0,0,0,65,65,6839163,2,4,176096,1,4,250000,0,0,0
200007,08,107,4,8,Routt County                  ,16,16,6717111,11,22,4351662,11,44,5908601,1,22,3643243,16,16,6717111,11,22,4351662,11,44,5908601,1,22,3643243
200007,08,113,4,8,San Miguel County             ,19,19,10000508,0,0,0,0,0,0,0,0,0,13,13,4185642,0,0,0,0,0,0,0,0,0
200007,08,123,4,8,Weld County                   ,274,274,38548610,0,0,0,1,3,202500,3,22,1197324,187,187,29575294,0,0,0,0,0,0,2,12,399840
200007,09,001,1,1,Fairfield County              ,119,119,27862825,1,2,90000,2,6,323827,1,160,17472000,89,89,15755965,1,2,90000,2,6,323827,1,160,17472000
200007,09,003,1,1,Hartford County               ,152,152,19896346,1,2,100000,0,0,0,0,0,0,137,137,18124235,0,0,0,0,0,0,0,0,0
200007,09,005,1,1,Litchfield County             ,67,67,9542278,0,0,0,0,0,0,0,0,0,56,56,7805703,0,0,0,0,0,0,0,0,0
200007,09,007,1,1,Middlesex County              ,54,54,7005282,0,0,0,0,0,0,1,7,76301,40,40,5691455,0,0,0,0,0,0,0,0,0
200007,09,009,1,1,New Haven County              ,138,138,17848738,1,2,215000,0,0,0,1,17,796263,118,118,15220940,1,2,215000,0,0,0,0,0,0
200007,09,011,1,1,New London County             ,68,68,7552605,0,0,0,0,0,0,0,0,0,49,49,5604139,0,0,0,0,0,0,0,0,0
200007,09,013,1,1,Tolland County                ,67,67,9215674,0,0,0,0,0,0,0,0,0,50,50,7317244,0,0,0,0,0,0,0,0,0
200007,09,015,1,1,Windham County                ,37,37,3924793,0,0,0,0,0,0,0,0,0,34,34,3687402,0,0,0,0,0,0,0,0,0
200007,10,001,3,5,Kent County                   ,75,75,8230771,0,0,0,0,0,0,0,0,0,75,75,8230771,0,0,0,0,0,0,0,0,0
200007,10,003,3,5,New Castle County             ,119,119,9687524,0,0,0,0,0,0,1,5,80000,110,110,9014950,0,0,0,0,0,0,0,0,0
200007,10,005,3,5,Sussex County                 ,95,95,10758207,0,0,0,0,0,0,0,0,0,95,95,10758207,0,0,0,0,0,0,0,0,0
200007,11,001,3,5,Washington  DC                ,1,1,116650,0,0,0,0,0,0,2,329,17137614,1,1,116650,0,0,0,0,0,0,2,329,17137614
200007,12,001,3,5,Alachua County                ,85,85,8249846,0,0,0,0,0,0,6,95,4093901,16,16,1152474,0,0,0,0,0,0,0,0,0
200007,12,003,3,5,Baker County                  ,7,7,915510,0,0,0,0,0,0,0,0,0,7,7,915510,0,0,0,0,0,0,0,0,0
200007,12,005,3,5,Bay County                    ,54,54,6276787,2,4,244918,1,4,140000,1,88,4583921,54,54,6276787,2,4,244918,1,4,140000,1,88,4583921
200007,12,007,3,5,Bradford County               ,3,3,228690,0,0,0,0,0,0,0,0,0,3,3,228690,0,0,0,0,0,0,0,0,0
200007,12,009,3,5,Brevard County                ,271,271,28936440,0,0,0,0,0,0,6,72,3967295,100,100,8484466,0,0,0,0,0,0,2,32,1821102
200007,12,011,3,5,Broward County                ,758,758,118444534,1,2,48000,2,8,600000,17,240,12778854,758,758,118444534,1,2,48000,2,8,600000,17,240,12778854
200007,12,015,3,5,Charlotte County              ,108,108,13229871,2,4,338000,0,0,0,1,24,1889000,108,108,13229871,2,4,338000,0,0,0,1,24,1889000
200007,12,017,3,5,Citrus County                 ,72,72,4472049,0,0,0,0,0,0,0,0,0,0,0,0,0,0,0,0,0,0,0,0,0
200007,12,019,3,5,Clay County                   ,116,116,12418052,0,0,0,0,0,0,0,0,0,116,116,12418052,0,0,0,0,0,0,0,0,0
200007,12,021,3,5,Collier County                ,277,277,46173700,1,2,79000,11,42,3899760,17,232,11448000,277,277,46173700,1,2,79000,11,42,3899760,17,232,11448000
200007,12,023,3,5,Columbia County               ,25,25,1502177,0,0,0,0,0,0,0,0,0,7,7,408092,0,0,0,0,0,0,0,0,0
200007,12,029,3,5,Dixie County                  ,7,7,1007215,0,0,0,0,0,0,0,0,0,7,7,1007215,0,0,0,0,0,0,0,0,0
200007,12,031,3,5,Duval County                  ,305,305,35835362,0,0,0,0,0,0,27,446,23232145,304,304,35732362,0,0,0,0,0,0,27,446,23232145
200007,12,033,3,5,Escambia County               ,101,101,11914749,2,4,200000,0,0,0,0,0,0,101,101,11914749,2,4,200000,0,0,0,0,0,0
200007,12,037,3,5,Franklin County               ,14,14,2774000,0,0,0,0,0,0,0,0,0,14,14,2774000,0,0,0,0,0,0,0,0,0
200007,12,039,3,5,Gadsden County                ,4,4,431715,0,0,0,0,0,0,0,0,0,4,4,431715,0,0,0,0,0,0,0,0,0
200007,12,041,3,5,Gilchrist County              ,6,6,584400,0,0,0,0,0,0,0,0,0,6,6,584400,0,0,0,0,0,0,0,0,0
200007,12,047,3,5,Hamilton County               ,2,2,170000,0,0,0,0,0,0,0,0,0,2,2,170000,0,0,0,0,0,0,0,0,0
200007,12,049,3,5,Hardee County                 ,1,1,52227,0,0,0,0,0,0,0,0,0,0,0,0,0,0,0,0,0,0,0,0,0
200007,12,051,3,5,Hendry County                 ,3,3,299885,0,0,0,0,0,0,0,0,0,3,3,299885,0,0,0,0,0,0,0,0,0
200007,12,053,3,5,Hernando County               ,101,101,11832868,1,2,146790,2,8,434604,0,0,0,94,94,11246482,1,2,146790,2,8,434604,0,0,0
200007,12,055,3,5,Highlands County              ,28,28,2679290,2,4,286755,0,0,0,0,0,0,28,28,2679290,2,4,286755,0,0,0,0,0,0
200007,12,057,3,5,Hillsborough County           ,458,458,52459870,14,28,1714427,4,16,1017978,1,10,240000,457,457,52197633,14,28,1714427,4,16,1017978,0,0,0
200007,12,059,3,5,Holmes County                 ,2,2,214000,0,0,0,0,0,0,0,0,0,2,2,214000,0,0,0,0,0,0,0,0,0
200007,12,061,3,5,Indian River County           ,90,90,18579912,2,4,488647,0,0,0,1,10,881450,37,37,8879226,1,2,90000,0,0,0,0,0,0
200007,12,063,3,5,Jackson County                ,9,9,770035,0,0,0,0,0,0,0,0,0,9,9,770035,0,0,0,0,0,0,0,0,0
200007,12,065,3,5,Jefferson County              ,3,3,321833,0,0,0,0,0,0,0,0,0,3,3,321833,0,0,0,0,0,0,0,0,0
200007,12,067,3,5,Lafayette County              ,4,4,274360,0,0,0,0,0,0,0,0,0,4,4,274360,0,0,0,0,0,0,0,0,0
200007,12,069,3,5,Lake County                   ,281,281,24460207,0,0,0,2,7,466375,1,8,404216,45,45,4952881,0,0,0,1,4,160000,0,0,0
200007,12,071,3,5,Lee County                    ,382,382,53223981,11,22,2206584,6,24,2943220,13,164,17558261,161,161,16519701,4,8,596433,0,0,0,1,12,1173844
200007,12,073,3,5,Leon County                   ,78,78,10472320,0,0,0,1,4,254494,0,0,0,78,78,10472320,0,0,0,1,4,254494,0,0,0
200007,12,075,3,5,Levy County                   ,5,5,617372,0,0,0,0,0,0,0,0,0,5,5,617372,0,0,0,0,0,0,0,0,0
200007,12,077,3,5,Liberty County                ,1,1,109006,0,0,0,0,0,0,0,0,0,1,1,109006,0,0,0,0,0,0,0,0,0
200007,12,079,3,5,Madison County                ,1,1,64448,0,0,0,0,0,0,0,0,0,1,1,64448,0,0,0,0,0,0,0,0,0
200007,12,081,3,5,Manatee County                ,234,234,28959006,1,2,149640,1,4,250000,19,272,12599995,229,229,28724183,1,2,149640,1,4,250000,19,272,12599995
200007,12,083,3,5,Marion County                 ,182,182,35852704,0,0,0,1,3,124375,0,0,0,180,180,35694687,0,0,0,1,3,124375,0,0,0
200007,12,085,3,5,Martin County                 ,51,51,15376703,0,0,0,2,7,1031161,3,40,1481415,51,51,15376703,0,0,0,2,7,1031161,3,40,1481415
200007,12,086,3,5,Miami-Dade County             ,415,415,53637128,33,66,4137314,7,28,1781461,12,494,68563021,415,415,53637128,33,66,4137314,7,28,1781461,12,494,68563021
200007,12,087,3,5,Monroe County                 ,22,22,2728352,0,0,0,0,0,0,0,0,0,14,14,1899854,0,0,0,0,0,0,0,0,0
200007,12,089,3,5,Nassau County                 ,59,59,34677026,0,0,0,0,0,0,0,0,0,59,59,34677026,0,0,0,0,0,0,0,0,0
200007,12,091,3,5,Okaloosa County               ,108,108,11222381,1,2,92960,1,3,101538,2,168,20515243,38,38,5442577,0,0,0,0,0,0,1,160,20000000
200007,12,093,3,5,Okeechobee County             ,9,9,728302,0,0,0,0,0,0,0,0,0,0,0,0,0,0,0,0,0,0,0,0,0
200007,12,095,3,5,Orange County                 ,551,551,61674429,0,0,0,0,0,0,0,0,0,551,551,61674429,0,0,0,0,0,0,0,0,0
200007,12,097,3,5,Osceola County                ,260,260,31052826,0,0,0,0,0,0,17,250,13203898,260,260,31052826,0,0,0,0,0,0,17,250,13203898
200007,12,099,3,5,Palm Beach County             ,399,399,63132675,1,2,161002,0,0,0,15,162,9164910,394,394,60830288,1,2,161002,0,0,0,15,162,9164910
200007,12,101,3,5,Pasco County                  ,270,270,27121227,6,12,876024,0,0,0,1,60,2500000,268,268,26952527,6,12,876024,0,0,0,1,60,2500000
200007,12,103,3,5,Pinellas County               ,146,146,25882069,1,2,406923,0,0,0,2,10,1107311,138,138,24845020,1,2,406923,0,0,0,0,0,0
200007,12,105,3,5,Polk County                   ,258,258,29763074,0,0,0,0,0,0,0,0,0,258,258,29763074,0,0,0,0,0,0,0,0,0
200007,12,107,3,5,Putnam County                 ,12,12,991417,0,0,0,0,0,0,0,0,0,12,12,991417,0,0,0,0,0,0,0,0,0
200007,12,109,3,5,St. Johns County              ,210,210,42411165,0,0,0,0,0,0,6,78,11390943,209,209,42286915,0,0,0,0,0,0,2,24,9000000
200007,12,111,3,5,St. Lucie County              ,127,127,14482231,0,0,0,0,0,0,0,0,0,41,41,5054232,0,0,0,0,0,0,0,0,0
200007,12,113,3,5,Santa Rosa County             ,103,103,12015002,1,2,122459,0,0,0,0,0,0,103,103,12015002,1,2,122459,0,0,0,0,0,0
200007,12,115,3,5,Sarasota County               ,299,299,39538028,0,0,0,1,4,370574,4,38,2253079,293,293,38627818,0,0,0,1,4,370574,3,32,2171771
200007,12,117,3,5,Seminole County               ,231,231,46134609,0,0,0,0,0,0,1,30,1394949,180,180,36915612,0,0,0,0,0,0,1,30,1394949
200007,12,119,3,5,Sumter County                 ,145,145,7291350,0,0,0,0,0,0,0,0,0,145,145,7291350,0,0,0,0,0,0,0,0,0
200007,12,121,3,5,Suwannee County               ,14,14,1339292,0,0,0,0,0,0,0,0,0,14,14,1339292,0,0,0,0,0,0,0,0,0
200007,12,123,3,5,Taylor County                 ,3,3,194800,0,0,0,0,0,0,0,0,0,3,3,194800,0,0,0,0,0,0,0,0,0
200007,12,125,3,5,Union County                  ,1,1,53190,0,0,0,0,0,0,0,0,0,1,1,53190,0,0,0,0,0,0,0,0,0
200007,12,127,3,5,Volusia County                ,255,255,31340898,1,2,160537,0,0,0,0,0,0,192,192,22913294,1,2,160537,0,0,0,0,0,0
200007,12,131,3,5,Walton County                 ,59,59,9303421,0,0,0,0,0,0,0,0,0,59,59,9303421,0,0,0,0,0,0,0,0,0
200007,12,133,3,5,Washington County             ,5,5,385008,0,0,0,0,0,0,0,0,0,5,5,385008,0,0,0,0,0,0,0,0,0
200007,13,009,3,5,Baldwin County                ,10,10,1097241,0,0,0,0,0,0,0,0,0,2,2,226000,0,0,0,0,0,0,0,0,0
200007,13,013,3,5,Barrow County                 ,58,58,3786766,0,0,0,0,0,0,0,0,0,57,57,3659585,0,0,0,0,0,0,0,0,0
200007,13,015,3,5,Bartow County                 ,220,220,18240499,1,2,122459,0,0,0,0,0,0,212,212,17346214,1,2,122459,0,0,0,0,0,0
200007,13,035,3,5,Butts County                  ,12,12,953000,0,0,0,0,0,0,0,0,0,12,12,953000,0,0,0,0,0,0,0,0,0
200007,13,039,3,5,Camden County                 ,35,35,2552718,1,2,80000,0,0,0,0,0,0,13,13,996389,1,2,80000,0,0,0,0,0,0
200007,13,045,3,5,Carroll County                ,111,111,8229595,0,0,0,12,48,1717338,1,6,214662,46,46,3695966,0,0,0,12,48,1717338,1,6,214662
200007,13,047,3,5,Catoosa County                ,39,39,4488278,0,0,0,0,0,0,1,5,248350,37,37,4316068,0,0,0,0,0,0,0,0,0
200007,13,057,3,5,Cherokee County               ,156,156,17415268,0,0,0,0,0,0,0,0,0,156,156,17415268,0,0,0,0,0,0,0,0,0
200007,13,063,3,5,Clayton County                ,158,158,17827821,0,0,0,0,0,0,22,200,10418002,158,158,17827821,0,0,0,0,0,0,22,200,10418002
200007,13,067,3,5,Cobb County                   ,384,384,47905843,0,0,0,0,0,0,14,358,8000000,384,384,47905843,0,0,0,0,0,0,14,358,8000000
200007,13,069,3,5,Coffee County                 ,6,6,592585,0,0,0,0,0,0,0,0,0,6,6,592585,0,0,0,0,0,0,0,0,0
200007,13,077,3,5,Coweta County                 ,114,114,16995451,1,2,170000,0,0,0,1,20,869707,81,81,12910280,1,2,170000,0,0,0,0,0,0
200007,13,085,3,5,Dawson County                 ,32,32,4870000,0,0,0,0,0,0,0,0,0,32,32,4870000,0,0,0,0,0,0,0,0,0
200007,13,089,3,5,DeKalb County                 ,371,371,43385618,0,0,0,0,0,0,1,14,1570093,366,366,42694083,0,0,0,0,0,0,0,0,0
200007,13,091,3,5,Dodge County                  ,6,6,396024,0,0,0,0,0,0,0,0,0,6,6,396024,0,0,0,0,0,0,0,0,0
200007,13,095,3,5,Dougherty County              ,18,18,2150594,0,0,0,0,0,0,0,0,0,18,18,2150594,0,0,0,0,0,0,0,0,0
200007,13,097,3,5,Douglas County                ,45,45,3181080,0,0,0,0,0,0,0,0,0,45,45,3181080,0,0,0,0,0,0,0,0,0
200007,13,113,3,5,Fayette County                ,64,64,10786531,0,0,0,0,0,0,0,0,0,64,64,10786531,0,0,0,0,0,0,0,0,0
200007,13,115,3,5,Floyd County                  ,21,21,3066500,1,2,149198,0,0,0,0,0,0,21,21,3066500,1,2,149198,0,0,0,0,0,0
200007,13,117,3,5,Forsyth County                ,243,243,28281650,0,0,0,0,0,0,0,0,0,243,243,28281650,0,0,0,0,0,0,0,0,0
200007,13,121,3,5,Fulton County                 ,346,346,44651503,1,2,122459,2,6,390871,12,504,26410466,345,345,44550118,1,2,122459,2,6,390871,12,504,26410466
200007,13,123,3,5,Gilmer County                 ,41,41,3050216,0,0,0,0,0,0,3,24,1500000,0,0,0,0,0,0,0,0,0,3,24,1500000
200007,13,127,3,5,Glynn County                  ,35,35,8250160,3,6,327728,1,4,390000,1,12,1549680,35,35,8250160,3,6,327728,1,4,390000,1,12,1549680
200007,13,129,3,5,Gordon County                 ,31,31,2796000,0,0,0,1,4,80000,0,0,0,31,31,2796000,0,0,0,1,4,80000,0,0,0
200007,13,133,3,5,Greene County                 ,14,14,6239000,0,0,0,0,0,0,0,0,0,14,14,6239000,0,0,0,0,0,0,0,0,0
200007,13,135,3,5,Gwinnett County               ,725,725,67817121,0,0,0,0,0,0,25,498,26110797,725,725,67817121,0,0,0,0,0,0,25,498,26110797
200007,13,145,3,5,Harris County                 ,21,21,4558645,0,0,0,0,0,0,0,0,0,21,21,4558645,0,0,0,0,0,0,0,0,0
200007,13,151,3,5,Henry County                  ,247,247,24091384,0,0,0,0,0,0,0,0,0,247,247,24091384,0,0,0,0,0,0,0,0,0
200007,13,157,3,5,Jackson County                ,73,73,8870000,0,0,0,0,0,0,0,0,0,73,73,8870000,0,0,0,0,0,0,0,0,0
200007,13,169,3,5,Jones County                  ,13,13,1603500,0,0,0,0,0,0,0,0,0,13,13,1603500,0,0,0,0,0,0,0,0,0
200007,13,173,3,5,Lanier County                 ,0,0,0,0,0,0,0,0,0,0,0,0,0,0,0,0,0,0,0,0,0,0,0,0
200007,13,179,3,5,Liberty County                ,9,9,822427,0,0,0,0,0,0,1,8,462068,9,9,822427,0,0,0,0,0,0,1,8,462068
200007,13,211,3,5,Morgan County                 ,5,5,533785,0,0,0,0,0,0,0,0,0,5,5,533785,0,0,0,0,0,0,0,0,0
200007,13,213,3,5,Murray County                 ,16,16,1344066,0,0,0,0,0,0,0,0,0,16,16,1344066,0,0,0,0,0,0,0,0,0
200007,13,215,3,5,Muscogee County               ,31,31,3616166,0,0,0,0,0,0,12,108,5625721,31,31,3616166,0,0,0,0,0,0,12,108,5625721
200007,13,217,3,5,Newton County                 ,148,148,16482731,0,0,0,0,0,0,1,15,795030,29,29,1862344,0,0,0,0,0,0,0,0,0
200007,13,223,3,5,Paulding County               ,184,184,13689044,0,0,0,0,0,0,0,0,0,184,184,13689044,0,0,0,0,0,0,0,0,0
200007,13,227,3,5,Pickens County                ,36,36,4688000,0,0,0,0,0,0,0,0,0,36,36,4688000,0,0,0,0,0,0,0,0,0
200007,13,239,3,5,Quitman County                ,0,0,0,0,0,0,0,0,0,0,0,0,0,0,0,0,0,0,0,0,0,0,0,0
200007,13,247,3,5,Rockdale County               ,21,21,2310675,0,0,0,0,0,0,2,20,746000,21,21,2310675,0,0,0,0,0,0,2,20,746000
200007,13,255,3,5,Spalding County               ,45,45,3830165,0,0,0,0,0,0,1,5,237435,38,38,3288357,0,0,0,0,0,0,0,0,0
200007,13,257,3,5,Stephens County               ,8,8,1091966,0,0,0,0,0,0,0,0,0,8,8,1091966,0,0,0,0,0,0,0,0,0
200007,13,291,3,5,Union County                  ,21,21,2289126,0,0,0,0,0,0,0,0,0,21,21,2289126,0,0,0,0,0,0,0,0,0
200007,13,293,3,5,Upson County                  ,10,10,1050000,0,0,0,0,0,0,0,0,0,10,10,1050000,0,0,0,0,0,0,0,0,0
200007,13,297,3,5,Walton County                 ,73,73,7503216,2,4,193712,0,0,0,0,0,0,59,59,6155214,2,4,193712,0,0,0,0,0,0
200007,13,313,3,5,Whitfield County              ,24,24,1393583,0,0,0,0,0,0,2,35,1255000,7,7,511000,0,0,0,0,0,0,2,35,1255000
200007,15,003,4,9,Honolulu County               ,95,95,17152336,0,0,0,0,0,0,5,48,3291000,95,95,17152336,0,0,0,0,0,0,5,48,3291000
200007,15,007,4,9,Kauai County                  ,14,14,7646200,0,0,0,0,0,0,0,0,0,14,14,7646200,0,0,0,0,0,0,0,0,0
200007,15,009,4,9,Maui County                   ,33,33,4805242,0,0,0,0,0,0,0,0,0,33,33,4805242,0,0,0,0,0,0,0,0,0
200007,16,017,4,8,Bonner County                 ,0,0,0,1,2,102400,0,0,0,0,0,0,0,0,0,1,2,102400,0,0,0,0,0,0
200007,16,019,4,8,Bonneville County             ,34,34,2646441,2,4,292131,0,0,0,1,24,1060857,12,12,948592,2,4,292131,0,0,0,0,0,0
200007,17,009,2,3,Brown County                  ,0,0,0,0,0,0,0,0,0,0,0,0,0,0,0,0,0,0,0,0,0,0,0,0
200007,17,023,2,3,Clark County                  ,2,2,145000,0,0,0,0,0,0,0,0,0,2,2,145000,0,0,0,0,0,0,0,0,0
200007,17,027,2,3,Clinton County                ,8,8,962021,0,0,0,0,0,0,0,0,0,5,5,574900,0,0,0,0,0,0,0,0,0
200007,17,031,2,3,Cook County                   ,618,618,98344677,2,4,335084,37,124,9872035,24,656,47312820,581,581,92777935,2,4,335084,37,124,9872035,22,645,46316437
200007,17,037,2,3,DeKalb County                 ,32,32,3944587,0,0,0,0,0,0,2,17,665701,13,13,1506000,0,0,0,0,0,0,0,0,0
200007,17,043,2,3,DuPage County                 ,252,252,52163700,0,0,0,1,3,298262,2,32,4187181,204,204,41383926,0,0,0,0,0,0,1,24,3800000
200007,17,063,2,3,Grundy County                 ,20,20,2553814,0,0,0,0,0,0,0,0,0,10,10,1135000,0,0,0,0,0,0,0,0,0
200007,17,083,2,3,Jersey County                 ,9,9,1038895,0,0,0,0,0,0,0,0,0,3,3,347725,0,0,0,0,0,0,0,0,0
200007,17,089,2,3,Kane County                   ,354,354,58359661,0,0,0,0,0,0,4,28,2102132,352,352,58117566,0,0,0,0,0,0,4,28,2102132
200007,17,091,2,3,Kankakee County               ,31,31,4425396,1,2,145000,1,3,165750,0,0,0,23,23,3582171,0,0,0,0,0,0,0,0,0
200007,17,093,2,3,Kendall County                ,47,47,6639174,2,4,291615,1,4,144462,1,6,492000,16,16,2966000,1,2,170000,0,0,0,1,6,492000
200007,17,097,2,3,Lake County                   ,245,245,45140557,0,0,0,4,14,1418476,8,46,4308010,212,212,38897957,0,0,0,4,14,1418476,5,28,2160896
200007,17,109,2,3,McDonough County              ,2,2,200000,0,0,0,0,0,0,5,25,475000,2,2,200000,0,0,0,0,0,0,5,25,475000
200007,17,111,2,3,McHenry County                ,282,282,35411800,0,0,0,0,0,0,1,5,531250,213,213,28804936,0,0,0,0,0,0,0,0,0
200007,17,119,2,3,Madison County                ,65,65,8077206,1,2,198485,0,0,0,1,5,267941,56,56,7135402,1,2,198485,0,0,0,0,0,0
200007,17,133,2,3,Monroe County                 ,21,21,3406920,2,4,330167,0,0,0,0,0,0,16,16,2680510,2,4,330167,0,0,0,0,0,0
200007,17,163,2,3,St. Clair County              ,76,76,10042105,2,4,277546,0,0,0,1,6,320723,54,54,7318949,0,0,0,0,0,0,0,0,0
200007,17,163,3,3,St. Clair County              ,76,76,10042105,2,4,277546,0,0,0,1,6,320723,54,54,7318949,0,0,0,0,0,0,0,0,0
200007,17,197,2,3,Will County                   ,582,582,72152641,1,2,156800,1,4,275146,3,22,1282105,496,496,60961174,0,0,0,0,0,0,3,22,1282105
200007,18,003,2,3,Allen County                  ,122,122,19519191,0,0,0,0,0,0,0,0,0,122,122,19519191,0,0,0,0,0,0,0,0,0
200007,18,011,2,3,Boone County                  ,15,15,3270495,0,0,0,0,0,0,0,0,0,15,15,3270495,0,0,0,0,0,0,0,0,0
200007,18,019,2,3,Clark County                  ,64,64,6201858,1,2,116333,1,3,98250,0,0,0,26,26,2688086,0,0,0,0,0,0,0,0,0
200007,18,027,2,3,Daviess County                ,2,2,518867,0,0,0,0,0,0,0,0,0,2,2,518867,0,0,0,0,0,0,0,0,0
200007,18,031,2,3,Decatur County                ,15,15,1334759,1,2,90714,0,0,0,0,0,0,12,12,1000000,0,0,0,0,0,0,0,0,0
200007,18,033,2,3,De Kalb County                ,14,14,1761397,0,0,0,0,0,0,0,0,0,3,3,321000,0,0,0,0,0,0,0,0,0
200007,18,041,2,3,Fayette County                ,8,8,702000,0,0,0,0,0,0,0,0,0,8,8,702000,0,0,0,0,0,0,0,0,0
200007,18,043,2,3,Floyd County                  ,29,29,4041204,0,0,0,0,0,0,0,0,0,25,25,3438380,0,0,0,0,0,0,0,0,0
200007,18,047,2,3,Franklin County               ,5,5,842125,0,0,0,0,0,0,0,0,0,5,5,842125,0,0,0,0,0,0,0,0,0
200007,18,057,2,3,Hamilton County               ,301,301,49233557,0,0,0,0,0,0,4,79,3418919,255,255,42547618,0,0,0,0,0,0,4,79,3418919
200007,18,059,2,3,Hancock County                ,54,54,7376059,1,2,390000,1,4,220000,0,0,0,54,54,7376059,1,2,390000,1,4,220000,0,0,0
200007,18,063,2,3,Hendricks County              ,99,99,13820041,0,0,0,0,0,0,0,0,0,74,74,11202605,0,0,0,0,0,0,0,0,0
200007,18,069,2,3,Huntington County             ,27,27,2174420,0,0,0,0,0,0,0,0,0,27,27,2174420,0,0,0,0,0,0,0,0,0
200007,18,079,2,3,Jennings County               ,22,22,1369402,0,0,0,0,0,0,0,0,0,22,22,1369402,0,0,0,0,0,0,0,0,0
200007,18,081,2,3,Johnson County                ,139,139,17687040,0,0,0,0,0,0,0,0,0,139,139,17687040,0,0,0,0,0,0,0,0,0
200007,18,089,2,3,Lake County                   ,136,136,20609922,12,24,2277409,2,8,420000,1,30,1793100,124,124,19140669,11,22,2163809,2,8,420000,1,30,1793100
200007,18,095,2,3,Madison County                ,28,28,2809820,1,2,200000,0,0,0,0,0,0,26,26,2614310,1,2,200000,0,0,0,0,0,0
200007,18,097,2,3,Marion County                 ,291,291,40062672,2,4,330167,0,0,0,2,15,820166,291,291,40062672,2,4,330167,0,0,0,2,15,820166
200007,18,105,2,3,Monroe County                 ,35,35,4767966,0,0,0,0,0,0,0,0,0,34,34,4686451,0,0,0,0,0,0,0,0,0
200007,18,109,2,3,Morgan County                 ,53,53,5250953,0,0,0,0,0,0,0,0,0,53,53,5250953,0,0,0,0,0,0,0,0,0
200007,18,115,2,3,Ohio County                   ,4,4,240000,0,0,0,0,0,0,0,0,0,4,4,240000,0,0,0,0,0,0,0,0,0
200007,18,127,2,3,Porter County                 ,74,74,11155336,0,0,0,1,4,400000,0,0,0,72,72,10962899,0,0,0,1,4,400000,0,0,0
200007,18,135,2,3,Randolph County               ,7,7,681870,0,0,0,0,0,0,0,0,0,7,7,681870,0,0,0,0,0,0,0,0,0
200007,18,145,2,3,Shelby County                 ,11,11,1081000,0,0,0,1,4,599600,0,0,0,11,11,1081000,0,0,0,1,4,599600,0,0,0
200007,18,157,2,3,Tippecanoe County             ,49,49,6647941,0,0,0,0,0,0,0,0,0,49,49,6647941,0,0,0,0,0,0,0,0,0
200007,18,163,2,3,Vanderburgh County            ,51,51,5555350,0,0,0,0,0,0,0,0,0,51,51,5555350,0,0,0,0,0,0,0,0,0
200007,18,179,2,3,Wells County                  ,10,10,1378368,0,0,0,0,0,0,0,0,0,10,10,1378368,0,0,0,0,0,0,0,0,0
200007,18,181,2,3,White County                  ,12,12,1303000,0,0,0,0,0,0,0,0,0,12,12,1303000,0,0,0,0,0,0,0,0,0
200007,20,025,2,4,Clark County                  ,1,1,175000,0,0,0,0,0,0,0,0,0,1,1,175000,0,0,0,0,0,0,0,0,0
200007,20,063,2,4,Gove County                   ,0,0,0,0,0,0,0,0,0,0,0,0,0,0,0,0,0,0,0,0,0,0,0,0
200007,20,091,2,4,Johnson County                ,254,254,40146936,2,4,181708,0,0,0,0,0,0,253,253,39719016,2,4,181708,0,0,0,0,0,0
200007,20,103,2,4,Leavenworth County            ,25,25,3180130,7,14,782872,0,0,0,1,10,227500,25,25,3180130,7,14,782872,0,0,0,1,10,227500
200007,20,105,2,4,Lincoln County                ,0,0,0,0,0,0,0,0,0,0,0,0,0,0,0,0,0,0,0,0,0,0,0,0
200007,20,121,2,4,Miami County                  ,12,12,1768131,0,0,0,0,0,0,0,0,0,2,2,277189,0,0,0,0,0,0,0,0,0
200007,20,187,2,4,Stanton County                ,0,0,0,0,0,0,0,0,0,0,0,0,0,0,0,0,0,0,0,0,0,0,0,0
200007,20,209,2,4,Wyandotte County              ,13,13,1251642,0,0,0,0,0,0,0,0,0,2,2,98023,0,0,0,0,0,0,0,0,0
200007,21,015,3,6,Boone County                  ,91,91,9293892,0,0,0,0,0,0,0,0,0,91,91,9293892,0,0,0,0,0,0,0,0,0
200007,21,021,3,6,Boyle County                  ,10,10,1129366,0,0,0,0,0,0,1,8,360000,10,10,1129366,0,0,0,0,0,0,1,8,360000
200007,21,029,3,6,Bullitt County                ,59,59,6882380,0,0,0,0,0,0,0,0,0,59,59,6882380,0,0,0,0,0,0,0,0,0
200007,21,035,3,6,Calloway County               ,1,1,100000,0,0,0,0,0,0,0,0,0,1,1,100000,0,0,0,0,0,0,0,0,0
200007,21,037,3,6,Campbell County               ,15,15,1850715,0,0,0,0,0,0,1,5,429630,0,0,0,0,0,0,0,0,0,0,0,0
200007,21,067,3,6,Fayette County                ,93,93,10848496,0,0,0,0,0,0,2,46,2396141,93,93,10848496,0,0,0,0,0,0,2,46,2396141
200007,21,077,3,6,Gallatin County               ,0,0,0,0,0,0,0,0,0,0,0,0,0,0,0,0,0,0,0,0,0,0,0,0
200007,21,099,3,6,Hart County                   ,3,3,168102,0,0,0,0,0,0,0,0,0,0,0,0,0,0,0,0,0,0,0,0,0
200007,21,111,3,6,Jefferson County              ,220,220,23829144,0,0,0,0,0,0,10,114,5938261,220,220,23829144,0,0,0,0,0,0,10,114,5938261
200007,21,113,3,6,Jessamine County              ,48,48,5269500,1,2,80000,1,3,140000,0,0,0,48,48,5269500,1,2,80000,1,3,140000,0,0,0
200007,21,117,3,6,Kenton County                 ,40,40,4131638,0,0,0,0,0,0,2,10,253373,26,26,3004867,0,0,0,0,0,0,0,0,0
200007,21,125,3,6,Laurel County                 ,1,1,135000,0,0,0,0,0,0,0,0,0,1,1,135000,0,0,0,0,0,0,0,0,0
200007,21,161,3,6,Mason County                  ,0,0,0,0,0,0,0,0,0,0,0,0,0,0,0,0,0,0,0,0,0,0,0,0
200007,21,167,3,6,Mercer County                 ,11,11,921445,0,0,0,0,0,0,0,0,0,11,11,921445,0,0,0,0,0,0,0,0,0
200007,21,179,3,6,Nelson County                 ,34,34,2721000,0,0,0,0,0,0,0,0,0,34,34,2721000,0,0,0,0,0,0,0,0,0
200007,21,185,3,6,Oldham County                 ,40,40,4666020,0,0,0,0,0,0,0,0,0,40,40,4666020,0,0,0,0,0,0,0,0,0
200007,21,211,3,6,Shelby County                 ,18,18,2940757,0,0,0,0,0,0,1,12,450000,18,18,2940757,0,0,0,0,0,0,1,12,450000
200007,21,213,3,6,Simpson County                ,10,10,1169000,0,0,0,0,0,0,0,0,0,10,10,1169000,0,0,0,0,0,0,0,0,0
200007,21,239,3,6,Woodford County               ,16,16,2618180,0,0,0,0,0,0,0,0,0,16,16,2618180,0,0,0,0,0,0,0,0,0
200007,22,007,3,7,Assumption Parish             ,5,5,545030,0,0,0,0,0,0,0,0,0,5,5,545030,0,0,0,0,0,0,0,0,0
200007,22,071,3,7,Orleans Parish                ,38,38,4432719,9,18,1102132,0,0,0,0,0,0,38,38,4432719,9,18,1102132,0,0,0,0,0,0
200007,22,087,3,7,St. Bernard Parish            ,7,7,478350,1,2,77000,0,0,0,0,0,0,7,7,478350,1,2,77000,0,0,0,0,0,0
200007,22,089,3,7,St. Charles Parish            ,13,13,1736550,0,0,0,0,0,0,0,0,0,13,13,1736550,0,0,0,0,0,0,0,0,0
200007,22,109,3,7,Terrebonne Parish             ,27,27,2183165,0,0,0,0,0,0,0,0,0,27,27,2183165,0,0,0,0,0,0,0,0,0
200007,24,003,3,5,Anne Arundel County           ,227,227,26216335,0,0,0,0,0,0,2,35,1823150,220,220,25663110,0,0,0,0,0,0,2,35,1823150
200007,24,005,3,5,Baltimore County              ,137,137,15981118,0,0,0,0,0,0,0,0,0,137,137,15981118,0,0,0,0,0,0,0,0,0
200007,24,009,3,5,Calvert County                ,64,64,7403597,0,0,0,0,0,0,1,5,233333,63,63,7348982,0,0,0,0,0,0,0,0,0
200007,24,013,3,5,Carroll County                ,90,90,10508690,0,0,0,0,0,0,0,0,0,90,90,10508690,0,0,0,0,0,0,0,0,0
200007,24,015,3,5,Cecil County                  ,40,40,4649400,0,0,0,0,0,0,0,0,0,40,40,4649400,0,0,0,0,0,0,0,0,0
200007,24,017,3,5,Charles County                ,82,82,12178890,0,0,0,0,0,0,1,15,600000,82,82,12178890,0,0,0,0,0,0,1,15,600000
200007,24,021,3,5,Frederick County              ,315,315,12245161,0,0,0,0,0,0,0,0,0,315,315,12245161,0,0,0,0,0,0,0,0,0
200007,24,023,3,5,Garrett County                ,24,24,3399977,0,0,0,0,0,0,0,0,0,24,24,3399977,0,0,0,0,0,0,0,0,0
200007,24,025,3,5,Harford County                ,85,85,9835841,0,0,0,0,0,0,0,0,0,85,85,9835841,0,0,0,0,0,0,0,0,0
200007,24,027,3,5,Howard County                 ,165,165,19247332,0,0,0,0,0,0,0,0,0,165,165,19247332,0,0,0,0,0,0,0,0,0
200007,24,031,3,5,Montgomery County             ,248,248,28765935,1,2,122459,7,28,1781461,5,65,2861611,235,235,27412868,1,2,122459,7,28,1781461,4,48,2500321
200007,24,033,3,5,Prince George's County        ,162,162,18855881,0,0,0,0,0,0,0,0,0,162,162,18855881,0,0,0,0,0,0,0,0,0
200007,24,035,3,5,Queen Anne's County           ,40,40,4571568,0,0,0,0,0,0,0,0,0,39,39,4476068,0,0,0,0,0,0,0,0,0
200007,24,039,3,5,Somerset County               ,6,6,690950,0,0,0,0,0,0,0,0,0,5,5,607800,0,0,0,0,0,0,0,0,0
200007,24,043,3,5,Washington County             ,53,53,5824224,0,0,0,0,0,0,0,0,0,53,53,5824224,0,0,0,0,0,0,0,0,0
200007,24,510,3,5,Baltimore (Independent City)  ,0,0,0,0,0,0,0,0,0,0,0,0,0,0,0,0,0,0,0,0,0,0,0,0
200007,25,009,1,1,Essex County                  ,108,108,17860250,2,4,290013,1,3,225000,0,0,0,71,71,11376613,1,2,150000,1,3,225000,0,0,0
200007,25,017,1,1,Middlesex County              ,193,193,36443198,2,4,240316,1,3,366818,12,498,23575531,132,132,27292875,0,0,7000,0,0,0,8,473,21079266
200007,25,019,1,1,Nantucket County              ,17,17,5662000,2,4,280000,0,0,0,0,0,0,17,17,5662000,2,4,280000,0,0,0,0,0,0
200007,25,021,1,1,Norfolk County                ,91,91,20454268,0,0,0,2,6,600000,4,47,3509245,75,75,17354960,0,0,0,2,6,600000,0,0,0
200007,25,023,1,1,Plymouth County               ,157,157,22451883,1,2,380000,0,0,0,0,0,0,109,109,16615473,1,2,380000,0,0,0,0,0,0
200007,25,025,1,1,Suffolk County                ,16,16,1438264,5,10,836500,3,9,880000,9,132,17415000,16,16,1438264,5,10,836500,3,9,880000,9,132,17415000
200007,26,005,2,3,Allegan County                ,66,66,7903947,0,0,0,0,0,0,0,0,0,26,26,3777000,0,0,0,0,0,0,0,0,0
200007,26,019,2,3,Benzie County                 ,30,30,3254000,0,0,0,0,0,0,0,0,0,30,30,3254000,0,0,0,0,0,0,0,0,0
200007,26,031,2,3,Cheboygan County              ,21,21,2271635,0,0,0,0,0,0,0,0,0,21,21,2271635,0,0,0,0,0,0,0,0,0
200007,26,043,2,3,Dickinson County              ,2,2,39000,0,0,0,0,0,0,0,0,0,2,2,39000,0,0,0,0,0,0,0,0,0
200007,26,049,2,3,Genesee County                ,207,207,28196214,0,0,0,3,12,1246732,10,168,5621532,199,199,27188231,0,0,0,3,12,1246732,10,168,5621532
200007,26,079,2,3,Kalkaska County               ,13,13,1046000,0,0,0,0,0,0,0,0,0,13,13,1046000,0,0,0,0,0,0,0,0,0
200007,26,081,2,3,Kent County                   ,257,257,35522545,1,2,82908,1,3,183075,3,23,457817,221,221,30983929,0,0,0,0,0,0,0,0,0
200007,26,087,2,3,Lapeer County                 ,34,34,6255735,0,0,0,0,0,0,0,0,0,29,29,5597400,0,0,0,0,0,0,0,0,0
200007,26,089,2,3,Leelanau County               ,27,27,3830539,0,0,0,0,0,0,0,0,0,27,27,3830539,0,0,0,0,0,0,0,0,0
200007,26,091,2,3,Lenawee County                ,49,49,5872544,1,2,390000,2,6,613000,0,0,0,11,11,1651000,0,0,0,0,0,0,0,0,0
200007,26,093,2,3,Livingston County             ,151,151,21540023,0,0,0,0,0,0,0,0,0,146,146,21033626,0,0,0,0,0,0,0,0,0
200007,26,099,2,3,Macomb County                 ,536,536,72890099,3,6,630958,2,8,840000,0,0,0,491,491,66328756,2,4,400000,2,8,840000,0,0,0
200007,26,113,2,3,Missaukee County              ,14,14,1514423,0,0,0,0,0,0,0,0,0,14,14,1514423,0,0,0,0,0,0,0,0,0
200007,26,115,2,3,Monroe County                 ,54,54,7536088,1,2,76321,0,0,0,3,60,2311920,33,33,4936739,0,0,0,0,0,0,1,50,2000000
200007,26,119,2,3,Montmorency County            ,10,10,787000,0,0,0,0,0,0,0,0,0,10,10,787000,0,0,0,0,0,0,0,0,0
200007,26,121,2,3,Muskegon County               ,72,72,7942335,0,0,0,0,0,0,0,0,0,48,48,6097513,0,0,0,0,0,0,0,0,0
200007,26,125,2,3,Oakland County                ,353,353,65063327,2,4,401576,1,4,470340,9,109,6006100,288,288,55756984,0,0,0,1,4,470340,9,109,6006100
200007,26,135,2,3,Oscoda County                 ,4,4,216400,0,0,0,0,0,0,0,0,0,4,4,216400,0,0,0,0,0,0,0,0,0
200007,26,139,2,3,Ottawa County                 ,127,127,18628460,0,0,0,2,7,753000,2,12,604227,70,70,10656281,0,0,0,2,7,753000,0,0,0
200007,26,141,2,3,Presque Isle County           ,18,18,2289000,0,0,0,0,0,0,0,0,0,18,18,2289000,0,0,0,0,0,0,0,0,0
200007,26,147,2,3,St. Clair County              ,87,87,11480920,0,0,0,3,11,746233,0,0,0,75,75,10546271,0,0,0,3,11,746233,0,0,0
200007,26,153,2,3,Schoolcraft County            ,7,7,248083,0,0,0,0,0,0,0,0,0,7,7,248083,0,0,0,0,0,0,0,0,0
200007,26,161,2,3,Washtenaw County              ,147,147,23754799,0,0,0,1,4,430867,3,27,1904514,32,32,7574193,0,0,0,0,0,0,0,0,0
200007,26,163,2,3,Wayne County                  ,210,210,30504585,3,6,530167,10,39,3007734,6,33,2158763,152,152,23043659,3,6,530167,10,39,3007734,4,23,1473389
200007,27,003,2,4,Anoka County                  ,144,144,17701167,2,4,632000,4,16,320000,0,0,0,134,134,16491578,2,4,632000,4,16,320000,0,0,0
200007,27,019,2,4,Carver County                 ,50,50,8920214,0,0,0,0,0,0,0,0,0,45,45,8357920,0,0,0,0,0,0,0,0,0
200007,27,025,2,4,Chisago County                ,50,50,5686937,0,0,0,0,0,0,0,0,0,32,32,3762448,0,0,0,0,0,0,0,0,0
200007,27,037,2,4,Dakota County                 ,159,159,25262233,1,2,165084,1,4,300000,5,62,4143313,155,155,24632380,1,2,165084,1,4,300000,5,62,4143313
200007,27,053,2,4,Hennepin County               ,179,179,35276994,1,2,165084,2,8,968382,5,155,14780911,158,158,30875801,1,2,165084,2,8,968382,4,150,14353829
200007,27,059,2,4,Isanti County                 ,25,25,2568474,0,0,0,0,0,0,0,0,0,10,10,1054000,0,0,0,0,0,0,0,0,0
200007,27,109,2,4,Olmsted County                ,74,74,10799447,5,10,1111264,3,10,912381,1,19,575873,23,23,3813319,0,0,0,0,0,0,0,0,0
200007,27,123,2,4,Ramsey County                 ,49,49,9001211,3,6,768353,1,4,312133,2,16,1129800,39,39,7067290,1,2,300000,1,4,312133,1,5,449584
200007,27,139,2,4,Scott County                  ,225,225,34228929,1,2,228400,0,0,0,0,0,0,223,223,34002409,0,0,0,0,0,0,0,0,0
200007,27,141,2,4,Sherburne County              ,95,95,11542697,0,0,0,1,4,250000,0,0,0,72,72,9150737,0,0,0,1,4,250000,0,0,0
200007,27,163,2,4,Washington County             ,130,130,22861485,2,4,351875,0,0,0,1,5,410529,101,101,18194359,0,0,0,0,0,0,0,0,0
200007,27,171,2,4,Wright County                 ,101,101,14779934,0,0,0,0,0,0,0,0,0,86,86,12998310,0,0,0,0,0,0,0,0,0
200007,28,033,3,6,DeSoto County                 ,131,131,12452074,0,0,0,0,0,0,0,0,0,131,131,12452074,0,0,0,0,0,0,0,0,0
200007,28,037,3,6,Franklin County               ,1,1,150000,0,0,0,0,0,0,0,0,0,1,1,150000,0,0,0,0,0,0,0,0,0
200007,28,039,3,6,George County                 ,0,0,0,0,0,0,0,0,0,0,0,0,0,0,0,0,0,0,0,0,0,0,0,0
200007,28,043,3,6,Grenada County                ,4,4,326200,0,0,0,0,0,0,0,0,0,4,4,326200,0,0,0,0,0,0,0,0,0
200007,28,047,3,6,Harrison County               ,90,90,10366222,0,0,0,0,0,0,0,0,0,90,90,10366222,0,0,0,0,0,0,0,0,0
200007,28,071,3,6,Lafayette County              ,11,11,1141000,0,0,0,0,0,0,0,0,0,11,11,1141000,0,0,0,0,0,0,0,0,0
200007,28,085,3,6,Lincoln County                ,0,0,0,0,0,0,0,0,0,0,0,0,0,0,0,0,0,0,0,0,0,0,0,0
200007,28,159,3,6,Winston County                ,0,0,0,0,0,0,0,0,0,0,0,0,0,0,0,0,0,0,0,0,0,0,0,0
200007,29,019,2,4,Boone County                  ,64,64,7543313,2,4,388300,2,8,650000,0,0,0,64,64,7543313,2,4,388300,2,8,650000,0,0,0
200007,29,023,2,4,Butler County                 ,3,3,327500,0,0,0,0,0,0,0,0,0,3,3,327500,0,0,0,0,0,0,0,0,0
200007,29,031,2,4,Cape Girardeau County         ,10,10,1226900,0,0,0,0,0,0,4,48,2400000,10,10,1226900,0,0,0,0,0,0,4,48,2400000
200007,29,037,2,4,Cass County                   ,51,51,5851476,2,4,288687,0,0,0,0,0,0,51,51,5851476,2,4,288687,0,0,0,0,0,0
200007,29,047,2,4,Clay County                   ,39,39,4734859,0,0,0,0,0,0,0,0,0,38,38,4644859,0,0,0,0,0,0,0,0,0
200007,29,049,2,4,Clinton County                ,19,19,1852604,0,0,0,0,0,0,1,8,150000,19,19,1852604,0,0,0,0,0,0,1,8,150000
200007,29,071,2,4,Franklin County               ,42,42,8411764,0,0,0,0,0,0,0,0,0,36,36,7608410,0,0,0,0,0,0,0,0,0
200007,29,077,2,4,Greene County                 ,113,113,15652287,0,0,0,0,0,0,1,14,418734,83,83,11750000,0,0,0,0,0,0,0,0,0
200007,29,095,2,4,Jackson County                ,214,214,27186935,25,50,3594906,2,7,546233,2,14,765488,212,212,26862751,25,50,3594906,2,7,546233,2,14,765488
200007,29,099,2,4,Jefferson County              ,114,114,11861396,0,0,0,0,0,0,0,0,0,110,110,11453390,0,0,0,0,0,0,0,0,0
200007,29,107,2,4,Lafayette County              ,8,8,1013621,0,0,0,0,0,0,0,0,0,1,1,180000,0,0,0,0,0,0,0,0,0
200007,29,113,2,4,Lincoln County                ,6,6,595000,0,0,0,0,0,0,0,0,0,6,6,595000,0,0,0,0,0,0,0,0,0
200007,29,129,2,4,Mercer County                 ,0,0,0,0,0,0,0,0,0,0,0,0,0,0,0,0,0,0,0,0,0,0,0,0
200007,29,165,2,4,Platte County                 ,28,28,4385278,1,2,244500,0,0,0,0,0,0,28,28,4385278,1,2,244500,0,0,0,0,0,0
200007,29,167,2,4,Polk County                   ,2,2,185930,0,0,0,0,0,0,0,0,0,2,2,185930,0,0,0,0,0,0,0,0,0
200007,29,177,2,4,Ray County                    ,9,9,885279,0,0,0,0,0,0,0,0,0,0,0,0,0,0,0,0,0,0,0,0,0
200007,29,183,2,4,St. Charles County            ,221,221,25736287,1,2,128000,0,0,0,0,0,0,221,221,25736287,1,2,128000,0,0,0,0,0,0
200007,29,189,2,4,St. Louis County              ,164,164,24982409,2,4,117400,0,0,0,4,32,3649790,148,148,22716705,2,4,117400,0,0,0,1,6,2500000
200007,29,219,2,4,Warren County                 ,29,29,3499528,0,0,0,1,4,175000,0,0,0,10,10,1009000,0,0,0,1,4,175000,0,0,0
200007,29,510,2,4,St. Louis (Independent City)  ,18,18,2481062,0,0,0,0,0,0,0,0,0,18,18,2481062,0,0,0,0,0,0,0,0,0
200007,30,029,4,8,Flathead County               ,22,22,2831215,2,4,369965,0,0,0,0,0,0,15,15,1709979,2,4,369965,0,0,0,0,0,0
200007,30,093,4,8,Silver Bow County             ,2,2,251934,0,0,0,0,0,0,0,0,0,2,2,251934,0,0,0,0,0,0,0,0,0
200007,31,001,2,4,Adams County                  ,9,9,1188000,0,0,0,0,0,0,0,0,0,9,9,1188000,0,0,0,0,0,0,0,0,0
200007,31,077,2,4,Greeley County                ,0,0,0,0,0,0,0,0,0,0,0,0,0,0,0,0,0,0,0,0,0,0,0,0
200007,32,001,4,8,Churchill County              ,6,6,652450,0,0,0,0,0,0,0,0,0,6,6,652450,0,0,0,0,0,0,0,0,0
200007,32,003,4,8,Clark County                  ,1459,1459,159791290,0,0,0,1,3,317089,30,282,14079325,1322,1322,148060920,0,0,0,0,0,0,21,204,10066464
200007,32,005,4,8,Douglas County                ,42,42,6294252,0,0,0,0,0,0,0,0,0,42,42,6294252,0,0,0,0,0,0,0,0,0
200007,32,007,4,8,Elko County                   ,12,12,1160226,0,0,0,0,0,0,0,0,0,11,11,1074085,0,0,0,0,0,0,0,0,0
200007,32,013,4,8,Humboldt County               ,1,1,83202,0,0,0,0,0,0,0,0,0,1,1,83202,0,0,0,0,0,0,0,0,0
200007,32,015,4,8,Lander County                 ,1,1,80000,0,0,0,0,0,0,0,0,0,1,1,80000,0,0,0,0,0,0,0,0,0
200007,32,019,4,8,Lyon County                   ,17,17,1578988,0,0,0,0,0,0,0,0,0,0,0,0,0,0,0,0,0,0,0,0,0
200007,32,023,4,8,Nye County                    ,0,0,0,0,0,0,0,0,0,0,0,0,0,0,0,0,0,0,0,0,0,0,0,0
200007,32,027,4,8,Pershing County               ,0,0,0,0,0,0,0,0,0,0,0,0,0,0,0,0,0,0,0,0,0,0,0,0
200007,32,031,4,8,Washoe County                 ,260,260,33290572,2,4,120000,1,3,191265,5,290,12465278,211,211,27168781,2,4,120000,0,0,0,4,282,11976049
200007,32,510,4,8,Carson City (Independent City),23,23,2652669,0,0,0,0,0,0,0,0,0,23,23,2652669,0,0,0,0,0,0,0,0,0
200007,33,015,1,1,Rockingham County             ,137,137,21124957,0,0,0,0,0,0,1,8,640000,90,90,14996096,0,0,0,0,0,0,1,8,640000
200007,34,001,1,2,Atlantic County               ,85,85,6133149,0,0,0,0,0,0,1,14,498312,37,37,3001090,0,0,0,0,0,0,0,0,0
200007,34,003,1,2,Bergen County                 ,73,73,14318853,6,12,852331,0,0,0,4,44,2201368,13,13,3888680,3,6,392124,0,0,0,0,0,0
200007,34,005,1,2,Burlington County             ,129,129,12492219,0,0,0,0,0,0,1,22,279136,71,71,7844936,0,0,0,0,0,0,0,0,0
200007,34,007,1,2,Camden County                 ,69,69,6460828,0,0,0,0,0,0,0,0,0,42,42,3724115,0,0,0,0,0,0,0,0,0
200007,34,009,1,2,Cape May County               ,59,59,5625039,9,18,803267,0,0,0,1,7,500000,53,53,4294595,7,14,400000,0,0,0,1,7,500000
200007,34,011,1,2,Cumberland County             ,12,12,1184140,0,0,0,0,0,0,1,6,304149,9,9,745515,0,0,0,0,0,0,0,0,0
200007,34,013,1,2,Essex County                  ,25,25,3618942,0,0,0,0,0,0,1,5,1100,12,12,2351377,0,0,0,0,0,0,1,5,1100
200007,34,015,1,2,Gloucester County             ,94,94,9078543,0,0,0,0,0,0,1,8,512800,72,72,6898613,0,0,0,0,0,0,1,8,512800
200007,34,017,1,2,Hudson County                 ,24,24,1418105,6,12,747126,1,4,104775,2,145,11721668,22,22,1154995,0,0,0,0,0,0,0,0,0
200007,34,019,1,2,Hunterdon County              ,44,44,6948518,0,0,0,0,0,0,0,0,0,23,23,4331591,0,0,0,0,0,0,0,0,0
200007,34,021,1,2,Mercer County                 ,79,79,6048078,0,0,0,0,0,0,1,6,142966,54,54,4296125,0,0,0,0,0,0,0,0,0
200007,34,023,1,2,Middlesex County              ,157,157,16374601,0,0,0,0,0,0,3,49,878410,113,113,13147884,0,0,0,0,0,0,0,0,0
200007,34,025,1,2,Monmouth County               ,153,153,23360377,0,0,0,0,0,0,0,0,0,106,106,17016605,0,0,0,0,0,0,0,0,0
200007,34,027,1,2,Morris County                 ,193,193,22132703,0,0,0,0,0,0,3,32,1447457,148,148,16904139,0,0,0,0,0,0,2,14,962000
200007,34,029,1,2,Ocean County                  ,368,368,47787772,0,0,0,0,0,0,2,36,914588,299,299,38862762,0,0,0,0,0,0,2,36,914588
200007,34,031,1,2,Passaic County                ,15,15,2810297,5,10,880500,0,0,0,0,0,0,8,8,2059250,5,10,880500,0,0,0,0,0,0
200007,34,033,1,2,Salem County                  ,9,9,1103214,0,0,0,0,0,0,0,0,0,8,8,967500,0,0,0,0,0,0,0,0,0
200007,34,035,1,2,Somerset County               ,136,136,19636609,0,0,0,1,3,28265,2,34,1295075,50,50,8395545,0,0,0,0,0,0,0,0,0
200007,34,037,1,2,Sussex County                 ,44,44,6542562,0,0,0,0,0,0,0,0,0,35,35,5761264,0,0,0,0,0,0,0,0,0
200007,34,039,1,2,Union County                  ,9,9,1193006,8,16,808950,0,0,0,1,20,300000,2,2,96000,8,16,808950,0,0,0,1,20,300000
200007,34,041,1,2,Warren County                 ,60,60,6410556,0,0,0,0,0,0,0,0,0,51,51,5552549,0,0,0,0,0,0,0,0,0
200007,35,001,4,8,Bernalillo County             ,347,347,34294852,0,0,0,0,0,0,0,0,0,315,315,28426792,0,0,0,0,0,0,0,0,0
200007,35,005,4,8,Chaves County                 ,0,0,0,0,0,0,0,0,0,0,0,0,0,0,0,0,0,0,0,0,0,0,0,0
200007,35,013,4,8,Dona Ana County               ,60,60,7730834,0,0,0,0,0,0,0,0,0,55,55,7297220,0,0,0,0,0,0,0,0,0
200007,35,015,4,8,Eddy County                   ,6,6,672738,0,0,0,0,0,0,0,0,0,1,1,130000,0,0,0,0,0,0,0,0,0
200007,35,025,4,8,Lea County                    ,0,0,0,0,0,0,0,0,0,0,0,0,0,0,0,0,0,0,0,0,0,0,0,0
200007,35,027,4,8,Lincoln County                ,12,12,2183280,0,0,0,0,0,0,0,0,0,12,12,2183280,0,0,0,0,0,0,0,0,0
200007,35,028,4,8,Los Alamos County             ,0,0,0,0,0,0,0,0,0,0,0,0,0,0,0,0,0,0,0,0,0,0,0,0
200007,35,029,4,8,Luna County                   ,1,1,56500,0,0,0,0,0,0,0,0,0,1,1,56500,0,0,0,0,0,0,0,0,0
200007,35,031,4,8,McKinley County               ,2,2,300218,0,0,0,0,0,0,1,42,1850000,2,2,300218,0,0,0,0,0,0,1,42,1850000
200007,35,035,4,8,Otero County                  ,8,8,1179386,0,0,0,0,0,0,0,0,0,8,8,1179386,0,0,0,0,0,0,0,0,0
200007,35,041,4,8,Roosevelt County              ,1,1,65000,0,0,0,0,0,0,0,0,0,1,1,65000,0,0,0,0,0,0,0,0,0
200007,35,045,4,8,San Juan County               ,8,8,921073,0,0,0,1,3,130560,0,0,0,8,8,921073,0,0,0,1,3,130560,0,0,0
200007,35,053,4,8,Socorro County                ,0,0,0,0,0,0,0,0,0,0,0,0,0,0,0,0,0,0,0,0,0,0,0,0
200007,35,055,4,8,Taos County                   ,16,16,623919,0,0,0,0,0,0,0,0,0,16,16,623919,0,0,0,0,0,0,0,0,0
200007,35,061,4,8,Valencia County               ,23,23,2297572,0,0,0,0,0,0,0,0,0,9,9,1023282,0,0,0,0,0,0,0,0,0
200007,36,005,1,2,Bronx County                  ,0,0,0,9,18,1189115,7,21,1566789,1,61,3826591,0,0,0,9,18,1189115,7,21,1566789,1,61,3826591
200007,36,027,1,2,Dutchess County               ,87,87,14479520,0,0,0,0,0,0,1,7,439031,42,42,7510000,0,0,0,0,0,0,0,0,0
200007,36,047,1,2,Kings County                  ,11,11,1446234,52,104,6870445,10,32,2387489,2,42,2634702,11,11,1446234,52,104,6870445,10,32,2387489,2,42,2634702
200007,36,059,1,2,Nassau County                 ,45,45,8875728,0,0,0,0,0,0,1,5,821921,32,32,7169610,0,0,0,0,0,0,0,0,0
200007,36,061,1,2,New York County               ,0,0,0,1,2,132124,0,0,0,3,419,26284289,0,0,0,1,2,132124,0,0,0,3,419,26284289
200007,36,071,1,2,Orange County                 ,96,96,13096899,2,4,428900,0,0,0,7,132,7879211,75,75,10881101,0,0,0,0,0,0,4,89,5000000
200007,36,079,1,2,Putnam County                 ,33,33,6157056,0,0,0,0,0,0,1,5,360870,15,15,2973000,0,0,0,0,0,0,0,0,0
200007,36,081,1,2,Queens County                 ,11,11,1446234,38,76,5020710,14,45,3357406,2,75,4704825,11,11,1446234,38,76,5020710,14,45,3357406,2,75,4704825
200007,36,085,1,2,Richmond County               ,94,94,12358725,36,72,4756462,0,0,0,1,78,4893018,94,94,12358725,36,72,4756462,0,0,0,1,78,4893018
200007,36,103,1,2,Suffolk County                ,372,372,54345495,1,2,93525,2,8,790183,1,10,1200000,299,299,45766426,0,0,0,0,0,0,1,10,1200000
200007,36,119,1,2,Westchester County            ,100,100,28141258,6,12,883357,1,3,510000,2,12,695678,52,52,12033071,2,4,400000,0,0,0,0,0,0
200007,37,001,3,5,Alamance County               ,44,44,3919796,0,0,0,0,0,0,0,0,0,44,44,3919796,0,0,0,0,0,0,0,0,0
200007,37,005,3,5,Alleghany County              ,5,5,535000,0,0,0,0,0,0,0,0,0,5,5,535000,0,0,0,0,0,0,0,0,0
200007,37,011,3,5,Avery County                  ,23,23,6737000,0,0,0,0,0,0,0,0,0,23,23,6737000,0,0,0,0,0,0,0,0,0
200007,37,015,3,5,Bertie County                 ,2,2,90725,0,0,0,0,0,0,0,0,0,2,2,90725,0,0,0,0,0,0,0,0,0
200007,37,017,3,5,Bladen County                 ,6,6,818000,0,0,0,0,0,0,0,0,0,6,6,818000,0,0,0,0,0,0,0,0,0
200007,37,025,3,5,Cabarrus County               ,115,115,10944906,1,2,65000,0,0,0,0,0,0,115,115,10944906,1,2,65000,0,0,0,0,0,0
200007,37,027,3,5,Caldwell County               ,29,29,3549690,0,0,0,0,0,0,0,0,0,29,29,3549690,0,0,0,0,0,0,0,0,0
200007,37,029,3,5,Camden County                 ,3,3,319855,0,0,0,0,0,0,0,0,0,3,3,319855,0,0,0,0,0,0,0,0,0
200007,37,033,3,5,Caswell County                ,9,9,1037700,0,0,0,0,0,0,0,0,0,9,9,1037700,0,0,0,0,0,0,0,0,0
200007,37,037,3,5,Chatham County                ,39,39,7345157,0,0,0,0,0,0,0,0,0,39,39,7345157,0,0,0,0,0,0,0,0,0
200007,37,043,3,5,Clay County                   ,19,19,1914500,0,0,0,0,0,0,0,0,0,19,19,1914500,0,0,0,0,0,0,0,0,0
200007,37,053,3,5,Currituck County              ,23,23,1597700,0,0,0,0,0,0,0,0,0,23,23,1597700,0,0,0,0,0,0,0,0,0
200007,37,057,3,5,Davidson County               ,57,57,6757777,1,2,96512,2,8,428464,0,0,0,57,57,6757777,1,2,96512,2,8,428464,0,0,0
200007,37,061,3,5,Duplin County                 ,3,3,201570,0,0,0,0,0,0,0,0,0,3,3,201570,0,0,0,0,0,0,0,0,0
200007,37,063,3,5,Durham County                 ,85,85,14107187,0,0,0,0,0,0,0,0,0,85,85,14107187,0,0,0,0,0,0,0,0,0
200007,37,067,3,5,Forsyth County                ,262,262,28625325,0,0,0,0,0,0,1,8,416720,262,262,28625325,0,0,0,0,0,0,1,8,416720
200007,37,069,3,5,Franklin County               ,24,24,2869000,0,0,0,0,0,0,0,0,0,24,24,2869000,0,0,0,0,0,0,0,0,0
200007,37,071,3,5,Gaston County                 ,103,103,6947263,0,0,0,0,0,0,6,42,2187780,103,103,6947263,0,0,0,0,0,0,6,42,2187780
200007,37,075,3,5,Graham County                 ,9,9,694000,0,0,0,0,0,0,0,0,0,9,9,694000,0,0,0,0,0,0,0,0,0
200007,37,081,3,5,Guilford County               ,223,223,26554689,0,0,0,0,0,0,5,40,2083600,223,223,26554689,0,0,0,0,0,0,5,40,2083600
200007,37,091,3,5,Hertford County               ,3,3,247500,0,0,0,1,3,85000,0,0,0,3,3,247500,0,0,0,1,3,85000,0,0,0
200007,37,099,3,5,Jackson County                ,34,34,6330000,1,2,150000,2,8,1400000,0,0,0,34,34,6330000,1,2,150000,2,8,1400000,0,0,0
200007,37,101,3,5,Johnston County               ,103,103,10182056,5,10,533875,0,0,0,0,0,0,103,103,10182056,5,10,533875,0,0,0,0,0,0
200007,37,105,3,5,Lee County                    ,18,18,1839280,0,0,0,0,0,0,0,0,0,9,9,701290,0,0,0,0,0,0,0,0,0
200007,37,113,3,5,Macon County                  ,41,41,7219700,0,0,0,0,0,0,0,0,0,41,41,7219700,0,0,0,0,0,0,0,0,0
200007,37,115,3,5,Madison County                ,18,18,1797330,0,0,0,0,0,0,0,0,0,18,18,1797330,0,0,0,0,0,0,0,0,0
200007,37,117,3,5,Martin County                 ,2,2,282465,0,0,0,0,0,0,0,0,0,2,2,282465,0,0,0,0,0,0,0,0,0
200007,37,119,3,5,Mecklenburg County            ,377,377,43977238,2,4,244918,8,28,1781461,33,238,12397423,377,377,43977238,2,4,244918,8,28,1781461,33,238,12397423
200007,37,121,3,5,Mitchell County               ,10,10,1090060,0,0,0,0,0,0,0,0,0,10,10,1090060,0,0,0,0,0,0,0,0,0
200007,37,123,3,5,Montgomery County             ,8,8,1235746,0,0,0,0,0,0,0,0,0,8,8,1235746,0,0,0,0,0,0,0,0,0
200007,37,131,3,5,Northampton County            ,2,2,222295,0,0,0,0,0,0,0,0,0,2,2,222295,0,0,0,0,0,0,0,0,0
200007,37,137,3,5,Pamlico County                ,5,5,891600,0,0,0,0,0,0,0,0,0,5,5,891600,0,0,0,0,0,0,0,0,0
200007,37,139,3,5,Pasquotank County             ,15,15,1308100,0,0,0,0,0,0,0,0,0,15,15,1308100,0,0,0,0,0,0,0,0,0
200007,37,145,3,5,Person County                 ,22,22,4281000,0,0,0,0,0,0,0,0,0,22,22,4281000,0,0,0,0,0,0,0,0,0
200007,37,149,3,5,Polk County                   ,9,9,1274329,0,0,0,0,0,0,0,0,0,9,9,1274329,0,0,0,0,0,0,0,0,0
200007,37,151,3,5,Randolph County               ,43,43,4276095,3,6,189000,0,0,0,0,0,0,43,43,4276095,3,6,189000,0,0,0,0,0,0
200007,37,159,3,5,Rowan County                  ,51,51,6918000,2,4,184000,0,0,0,0,0,0,51,51,6918000,2,4,184000,0,0,0,0,0,0
200007,37,163,3,5,Sampson County                ,13,13,1211000,0,0,0,0,0,0,0,0,0,13,13,1211000,0,0,0,0,0,0,0,0,0
200007,37,167,3,5,Stanly County                 ,27,27,2221700,1,2,80000,0,0,0,0,0,0,27,27,2221700,1,2,80000,0,0,0,0,0,0
200007,37,169,3,5,Stokes County                 ,10,10,1243518,0,0,0,0,0,0,0,0,0,5,5,618380,0,0,0,0,0,0,0,0,0
200007,37,171,3,5,Surry County                  ,27,27,3834100,0,0,0,0,0,0,0,0,0,27,27,3834100,0,0,0,0,0,0,0,0,0
200007,37,173,3,5,Swain County                  ,14,14,988195,0,0,0,0,0,0,0,0,0,14,14,988195,0,0,0,0,0,0,0,0,0
200007,37,175,3,5,Transylvania County           ,14,14,2675500,0,0,0,0,0,0,0,0,0,14,14,2675500,0,0,0,0,0,0,0,0,0
200007,37,179,3,5,Union County                  ,180,180,22113691,0,0,0,0,0,0,0,0,0,180,180,22113691,0,0,0,0,0,0,0,0,0
200007,37,181,3,5,Vance County                  ,4,4,585000,0,0,0,0,0,0,0,0,0,4,4,585000,0,0,0,0,0,0,0,0,0
200007,37,183,3,5,Wake County                   ,677,677,92624632,0,0,0,3,11,988207,20,275,13142500,270,270,37800391,0,0,0,1,4,320000,2,13,1148656
200007,37,185,3,5,Warren County                 ,8,8,1775600,0,0,0,0,0,0,0,0,0,8,8,1775600,0,0,0,0,0,0,0,0,0
200007,37,187,3,5,Washington County             ,0,0,0,0,0,0,0,0,0,0,0,0,0,0,0,0,0,0,0,0,0,0,0,0
200007,37,191,3,5,Wayne County                  ,20,20,2867259,0,0,0,1,4,492000,0,0,0,20,20,2867259,0,0,0,1,4,492000,0,0,0
200007,37,195,3,5,Wilson County                 ,29,29,2807055,9,18,888081,0,0,0,0,0,0,29,29,2807055,9,18,888081,0,0,0,0,0,0
200007,37,197,3,5,Yadkin County                 ,12,12,1627345,0,0,0,0,0,0,0,0,0,12,12,1627345,0,0,0,0,0,0,0,0,0
200007,39,007,2,3,Ashtabula County              ,49,49,5265400,0,0,0,0,0,0,0,0,0,49,49,5265400,0,0,0,0,0,0,0,0,0
200007,39,015,2,3,Brown County                  ,7,7,844379,0,0,0,0,0,0,0,0,0,0,0,0,0,0,0,0,0,0,0,0,0
200007,39,017,2,3,Butler County                 ,145,145,17727962,0,0,0,8,31,2427136,31,306,15668912,123,123,15538702,0,0,0,8,31,2427136,31,306,15668912
200007,39,025,2,3,Clermont County               ,90,90,12277389,2,4,140000,2,8,360000,1,8,437422,90,90,12277389,2,4,140000,2,8,360000,1,8,437422
200007,39,035,2,3,Cuyahoga County               ,172,172,30257159,1,2,275567,3,10,727628,4,39,2293372,73,73,16260431,0,0,0,0,0,0,1,6,612000
200007,39,041,2,3,Delaware County               ,176,176,24151901,0,0,0,0,0,0,1,31,1106092,47,47,6417801,0,0,0,0,0,0,0,0,0
200007,39,045,2,3,Fairfield County              ,161,161,23971218,0,0,0,0,0,0,1,5,171696,143,143,21607282,0,0,0,0,0,0,0,0,0
200007,39,049,2,3,Franklin County               ,385,385,54717068,16,32,2494500,8,30,2620959,40,424,16462635,123,123,21243835,13,26,1944000,3,12,1440000,0,0,0
200007,39,055,2,3,Geauga County                 ,49,49,10713600,0,0,0,0,0,0,0,0,0,49,49,10713600,0,0,0,0,0,0,0,0,0
200007,39,061,2,3,Hamilton County               ,102,102,13813824,3,6,423000,1,4,312133,3,36,1968399,100,100,13494739,3,6,423000,1,4,312133,3,36,1968399
200007,39,085,2,3,Lake County                   ,58,58,10673292,0,0,0,3,11,1304000,0,0,0,57,57,10589000,0,0,0,3,11,1304000,0,0,0
200007,39,089,2,3,Licking County                ,92,92,12928290,0,0,0,2,8,548298,0,0,0,91,91,12861463,0,0,0,1,4,220000,0,0,0
200007,39,093,2,3,Lorain County                 ,119,119,19272810,1,2,230000,1,4,260522,1,7,437500,55,55,8134423,0,0,0,0,0,0,0,0,0
200007,39,097,2,3,Madison County                ,16,16,2189155,0,0,0,0,0,0,1,5,103985,14,14,1959769,0,0,0,0,0,0,0,0,0
200007,39,103,2,3,Medina County                 ,109,109,17298837,1,2,206167,0,0,0,0,0,0,87,87,14289297,0,0,0,0,0,0,0,0,0
200007,39,129,2,3,Pickaway County               ,21,21,3148321,0,0,0,0,0,0,0,0,0,18,18,2765022,0,0,0,0,0,0,0,0,0
200007,39,133,2,3,Portage County                ,59,59,12149153,0,0,0,0,0,0,0,0,0,59,59,12149153,0,0,0,0,0,0,0,0,0
200007,39,135,2,3,Preble County                 ,18,18,2105961,0,0,0,0,0,0,0,0,0,2,2,360000,0,0,0,0,0,0,0,0,0
200007,39,153,2,3,Summit County                 ,208,208,29365597,1,2,130000,4,12,1440000,1,7,239195,181,181,26398692,1,2,130000,4,12,1440000,0,0,0
200007,39,165,2,3,Warren County                 ,199,199,22439565,2,4,260000,1,4,400000,4,32,2035000,172,172,19378355,2,4,260000,1,4,400000,4,32,2035000
200007,40,001,3,7,Adair County                  ,0,0,0,0,0,0,0,0,0,0,0,0,0,0,0,0,0,0,0,0,0,0,0,0
200007,40,013,3,7,Bryan County                  ,0,0,0,0,0,0,0,0,0,0,0,0,0,0,0,0,0,0,0,0,0,0,0,0
200007,40,085,3,7,Love County                   ,0,0,0,0,0,0,0,0,0,0,0,0,0,0,0,0,0,0,0,0,0,0,0,0
200007,41,001,4,9,Baker County                  ,6,6,802635,0,0,0,0,0,0,0,0,0,6,6,802635,0,0,0,0,0,0,0,0,0
200007,41,003,4,9,Benton County                 ,18,18,2765984,1,2,161942,0,0,0,2,18,847270,8,8,1013715,0,0,0,0,0,0,0,0,0
200007,41,005,4,9,Clackamas County              ,136,136,26770244,1,2,214681,0,0,0,2,30,1936152,119,119,24395228,0,0,0,0,0,0,2,30,1936152
200007,41,007,4,9,Clatsop County                ,12,12,1737843,0,0,0,0,0,0,0,0,0,5,5,826159,0,0,0,0,0,0,0,0,0
200007,41,009,4,9,Columbia County               ,19,19,2622862,0,0,0,1,3,189530,0,0,0,13,13,1546407,0,0,0,0,0,0,0,0,0
200007,41,011,4,9,Coos County                   ,2,2,296767,0,0,0,1,3,204832,0,0,0,1,1,169100,0,0,0,0,0,0,0,0,0
200007,41,013,4,9,Crook County                  ,7,7,854225,0,0,0,0,0,0,0,0,0,7,7,854225,0,0,0,0,0,0,0,0,0
200007,41,017,4,9,Deschutes County              ,158,158,25484529,0,0,0,0,0,0,0,0,0,158,158,25484529,0,0,0,0,0,0,0,0,0
200007,41,019,4,9,Douglas County                ,29,29,4739399,1,2,91884,8,24,1939568,1,6,339316,29,29,4739399,1,2,91884,8,24,1939568,1,6,339316
200007,41,025,4,9,Harney County                 ,2,2,118285,0,0,0,0,0,0,0,0,0,2,2,118285,0,0,0,0,0,0,0,0,0
200007,41,027,4,9,Hood River County             ,11,11,1696208,0,0,0,0,0,0,0,0,0,11,11,1696208,0,0,0,0,0,0,0,0,0
200007,41,029,4,9,Jackson County                ,95,95,13236530,2,4,300000,1,4,305202,1,5,493654,82,82,11485363,2,4,300000,1,4,305202,0,0,0
200007,41,033,4,9,Josephine County              ,32,32,3973638,0,0,0,0,0,0,1,22,1300000,14,14,1883664,0,0,0,0,0,0,1,22,1300000
200007,41,035,4,9,Klamath County                ,13,13,2800415,0,0,0,0,0,0,0,0,0,13,13,2800415,0,0,0,0,0,0,0,0,0
200007,41,037,4,9,Lake County                   ,2,2,239636,0,0,0,0,0,0,0,0,0,2,2,239636,0,0,0,0,0,0,0,0,0
200007,41,039,4,9,Lane County                   ,103,103,14881312,1,2,148822,2,8,483110,0,0,0,80,80,12050345,0,0,0,2,8,483110,0,0,0
200007,41,041,4,9,Lincoln County                ,19,19,2984165,0,0,0,0,0,0,1,47,3000000,19,19,2984165,0,0,0,0,0,0,1,47,3000000
200007,41,043,4,9,Linn County                   ,35,35,4469040,1,2,152928,1,4,225293,1,17,733940,19,19,2475712,0,0,0,0,0,0,0,0,0
200007,41,045,4,9,Malheur County                ,4,4,534557,0,0,0,0,0,0,0,0,0,4,4,534557,0,0,0,0,0,0,0,0,0
200007,41,047,4,9,Marion County                 ,89,89,12006800,1,2,127349,0,0,0,1,5,226458,59,59,8147308,0,0,0,0,0,0,0,0,0
200007,41,051,4,9,Multnomah County              ,100,100,14276085,4,8,723373,1,3,244610,0,0,0,100,100,14276085,4,8,723373,1,3,244610,0,0,0
200007,41,053,4,9,Polk County                   ,20,20,3041255,0,0,0,0,0,0,0,0,0,15,15,2068549,0,0,0,0,0,0,0,0,0
200007,41,057,4,9,Tillamook County              ,18,18,3127754,0,0,0,0,0,0,0,0,0,18,18,3127754,0,0,0,0,0,0,0,0,0
200007,41,059,4,9,Umatilla County               ,4,4,444320,0,0,0,0,0,0,0,0,0,4,4,444320,0,0,0,0,0,0,0,0,0
200007,41,061,4,9,Union County                  ,6,6,699852,0,0,0,0,0,0,0,0,0,6,6,699852,0,0,0,0,0,0,0,0,0
200007,41,065,4,9,Wasco County                  ,6,6,873681,0,0,0,0,0,0,0,0,0,6,6,873681,0,0,0,0,0,0,0,0,0
200007,41,067,4,9,Washington County             ,264,264,36453093,0,0,0,0,0,0,0,0,0,206,206,28713733,0,0,0,0,0,0,0,0,0
200007,41,071,4,9,Yamhill County                ,33,33,3889367,1,2,167225,0,0,0,1,9,270874,22,22,2616147,0,0,0,0,0,0,0,0,0
200007,42,003,1,2,Allegheny County              ,143,143,22260705,0,0,0,2,7,390000,5,124,8557089,114,114,18296867,0,0,0,2,7,390000,2,83,6475000
200007,42,007,1,2,Beaver County                 ,27,27,3404112,0,0,0,1,4,320000,0,0,0,14,14,1970000,0,0,0,1,4,320000,0,0,0
200007,42,017,1,2,Bucks County                  ,164,164,24734785,0,0,0,0,0,0,1,7,350761,109,109,16925457,0,0,0,0,0,0,0,0,0
200007,42,019,1,2,Butler County                 ,60,60,7671466,1,2,200000,3,11,747552,0,0,0,29,29,3721508,1,2,200000,1,4,196000,0,0,0
200007,42,029,1,2,Chester County                ,247,247,39414863,0,0,0,2,8,944932,0,0,0,183,183,29469970,0,0,0,2,8,944932,0,0,0
200007,42,045,1,2,Delaware County               ,56,56,10957140,1,2,177654,0,0,0,3,25,1771629,31,31,8140550,0,0,0,0,0,0,0,0,0
200007,42,051,1,2,Fayette County                ,25,25,1421891,0,0,0,0,0,0,0,0,0,3,3,255000,0,0,0,0,0,0,0,0,0
200007,42,065,1,2,Jefferson County              ,13,13,1146000,0,0,0,0,0,0,0,0,0,13,13,1146000,0,0,0,0,0,0,0,0,0
200007,42,091,1,2,Montgomery County             ,206,206,22839630,0,0,0,0,0,0,2,10,445500,163,163,17587782,0,0,0,0,0,0,0,0,0
200007,42,101,1,2,Philadelphia County           ,11,11,1446234,3,6,396372,0,0,0,0,0,0,11,11,1446234,3,6,396372,0,0,0,0,0,0
200007,42,103,1,2,Pike County                   ,46,46,5665450,0,0,0,0,0,0,0,0,0,43,43,5352044,0,0,0,0,0,0,0,0,0
200007,42,125,1,2,Washington County             ,50,50,6586345,1,2,166857,0,0,0,1,5,291667,37,37,5233381,0,0,0,0,0,0,0,0,0
200007,42,129,1,2,Westmoreland County           ,72,72,10024262,2,4,100000,1,4,34667,1,5,125000,36,36,4973510,1,2,80000,0,0,0,0,0,0
200007,44,001,1,1,Bristol County                ,7,7,801358,0,0,0,0,0,0,0,0,0,3,3,368570,0,0,0,0,0,0,0,0,0
200007,44,003,1,1,Kent County                   ,48,48,4415571,0,0,0,0,0,0,0,0,0,25,25,2090546,0,0,0,0,0,0,0,0,0
200007,44,005,1,1,Newport County                ,22,22,3545788,0,0,0,0,0,0,0,0,0,22,22,3545788,0,0,0,0,0,0,0,0,0
200007,44,007,1,1,Providence County             ,67,67,7369857,6,12,480000,3,9,493000,1,8,226980,36,36,4509051,6,12,480000,3,9,493000,0,0,0
200007,44,009,1,1,Washington County             ,55,55,6848189,0,0,0,1,3,168750,0,0,0,29,29,3390619,0,0,0,0,0,0,0,0,0
200007,45,003,3,5,Aiken County                  ,49,49,5860505,0,0,0,0,0,0,0,0,0,32,32,3824584,0,0,0,0,0,0,0,0,0
200007,45,007,3,5,Anderson County               ,64,64,6366076,0,0,0,0,0,0,0,0,0,64,64,6366076,0,0,0,0,0,0,0,0,0
200007,45,015,3,5,Berkeley County               ,40,40,3461821,0,0,0,0,0,0,0,0,0,40,40,3461821,0,0,0,0,0,0,0,0,0
200007,45,023,3,5,Chester County                ,6,6,556446,0,0,0,0,0,0,0,0,0,6,6,556446,0,0,0,0,0,0,0,0,0
200007,45,045,3,5,Greenville County             ,273,273,23462094,0,0,0,0,0,0,1,5,145132,52,52,4552158,0,0,0,0,0,0,0,0,0
200007,45,047,3,5,Greenwood County              ,11,11,1271269,3,6,436815,0,0,0,0,0,0,11,11,1271269,3,6,436815,0,0,0,0,0,0
200007,45,053,3,5,Jasper County                 ,3,3,295100,0,0,0,0,0,0,0,0,0,3,3,295100,0,0,0,0,0,0,0,0,0
200007,45,073,3,5,Oconee County                 ,43,43,6800692,0,0,0,0,0,0,0,0,0,43,43,6800692,0,0,0,0,0,0,0,0,0
200007,45,077,3,5,Pickens County                ,51,51,9214823,0,0,0,0,0,0,1,12,685550,47,47,8590300,0,0,0,0,0,0,0,0,0
200007,45,081,3,5,Saluda County                 ,1,1,150000,0,0,0,0,0,0,0,0,0,1,1,150000,0,0,0,0,0,0,0,0,0
200007,45,087,3,5,Union County                  ,6,6,590400,0,0,0,0,0,0,0,0,0,6,6,590400,0,0,0,0,0,0,0,0,0
200007,45,091,3,5,York County                   ,116,116,14748672,1,2,126000,0,0,0,2,12,1200000,116,116,14748672,1,2,126000,0,0,0,2,12,1200000
200007,46,007,2,4,Bennett County                ,0,0,0,0,0,0,0,0,0,0,0,0,0,0,0,0,0,0,0,0,0,0,0,0
200007,46,027,2,4,Clay County                   ,2,2,210000,0,0,0,0,0,0,0,0,0,2,2,210000,0,0,0,0,0,0,0,0,0
200007,46,079,2,4,Lake County                   ,4,4,274000,0,0,0,0,0,0,0,0,0,4,4,274000,0,0,0,0,0,0,0,0,0
200007,46,093,2,4,Meade County                  ,8,8,813546,0,0,0,0,0,0,0,0,0,0,0,0,0,0,0,0,0,0,0,0,0
200007,46,095,2,4,Mellette County               ,0,0,0,0,0,0,0,0,0,0,0,0,0,0,0,0,0,0,0,0,0,0,0,0
200007,46,121,2,4,Todd County                   ,0,0,0,0,0,0,0,0,0,0,0,0,0,0,0,0,0,0,0,0,0,0,0,0
200007,47,011,3,6,Bradley County                ,34,34,2682255,1,2,80438,1,3,107880,0,0,0,24,24,1721315,0,0,0,0,0,0,0,0,0
200007,47,021,3,6,Cheatham County               ,26,26,2693959,0,0,0,0,0,0,0,0,0,23,23,2338000,0,0,0,0,0,0,0,0,0
200007,47,025,3,6,Claiborne County              ,18,18,1276000,0,0,0,0,0,0,0,0,0,18,18,1276000,0,0,0,0,0,0,0,0,0
200007,47,031,3,6,Coffee County                 ,6,6,781981,3,6,395000,0,0,0,0,0,0,2,2,180000,3,6,395000,0,0,0,0,0,0
200007,47,037,3,6,Davidson County               ,194,194,30578394,2,4,313536,0,0,0,4,78,5935069,3,3,1822736,0,0,0,0,0,0,0,0,0
200007,47,043,3,6,Dickson County                ,18,18,2031597,3,6,285200,0,0,0,0,0,0,16,16,1915900,2,4,235200,0,0,0,0,0,0
200007,47,047,3,6,Fayette County                ,9,9,1274200,0,0,0,0,0,0,0,0,0,9,9,1274200,0,0,0,0,0,0,0,0,0
200007,47,063,3,6,Hamblen County                ,11,11,1733800,0,0,0,0,0,0,0,0,20000,11,11,1733800,0,0,0,0,0,0,0,0,20000
200007,47,093,3,6,Knox County                   ,187,187,24412169,0,0,0,1,4,186000,3,31,624615,155,155,22268966,0,0,0,0,0,0,0,0,0
200007,47,113,3,6,Madison County                ,53,53,6119100,0,0,0,0,0,0,0,0,0,53,53,6119100,0,0,0,0,0,0,0,0,0
200007,47,125,3,6,Montgomery County             ,92,92,6280940,0,0,0,3,12,420000,0,0,0,92,92,6280940,0,0,0,3,12,420000,0,0,0
200007,47,127,3,6,Moore County                  ,6,6,495000,0,0,0,0,0,0,0,0,0,6,6,495000,0,0,0,0,0,0,0,0,0
200007,47,147,3,6,Robertson County              ,57,57,5197139,0,0,0,0,0,0,0,0,0,37,37,3738866,0,0,0,0,0,0,0,0,0
200007,47,149,3,6,Rutherford County             ,203,203,16474804,0,0,0,2,7,467856,0,0,0,203,203,16474804,0,0,0,2,7,467856,0,0,0
200007,47,151,3,6,Scott County                  ,1,1,75000,0,0,0,0,0,0,0,0,0,1,1,75000,0,0,0,0,0,0,0,0,0
200007,47,157,3,6,Shelby County                 ,300,300,53316500,0,0,0,0,0,0,33,676,35728000,300,300,53316500,0,0,0,0,0,0,33,676,35728000
200007,47,165,3,6,Sumner County                 ,61,61,4952142,0,0,0,0,0,0,0,0,0,61,61,4952142,0,0,0,0,0,0,0,0,0
200007,47,167,3,6,Tipton County                 ,35,35,3283580,0,0,0,0,0,0,0,0,0,21,21,1873210,0,0,0,0,0,0,0,0,0
200007,47,177,3,6,Warren County                 ,1,1,90000,0,0,0,0,0,0,0,0,0,1,1,90000,0,0,0,0,0,0,0,0,0
200007,47,187,3,6,Williamson County             ,127,127,28064051,0,0,0,0,0,0,0,0,0,42,42,11505591,0,0,0,0,0,0,0,0,0
200007,47,189,3,6,Wilson County                 ,66,66,6186786,2,4,90000,3,12,500000,0,0,0,66,66,6186786,2,4,90000,3,12,500000,0,0,0
200007,48,039,3,7,Brazoria County               ,119,119,13655963,0,0,0,0,0,0,0,0,0,77,77,9527598,0,0,0,0,0,0,0,0,0
200007,48,041,3,7,Brazos County                 ,50,50,5055528,0,0,0,0,0,0,14,336,11802418,50,50,5055528,0,0,0,0,0,0,14,336,11802418
200007,48,063,3,7,Camp County                   ,0,0,0,0,0,0,0,0,0,0,0,0,0,0,0,0,0,0,0,0,0,0,0,0
200007,48,071,3,7,Chambers County               ,18,18,1593392,0,0,0,0,0,0,0,0,0,5,5,621602,0,0,0,0,0,0,0,0,0
200007,48,083,3,7,Coleman County                ,0,0,0,0,0,0,0,0,0,0,0,0,0,0,0,0,0,0,0,0,0,0,0,0
200007,48,085,3,7,Collin County                 ,821,821,117328191,0,0,0,0,0,0,4,66,3612301,647,647,92337325,0,0,0,0,0,0,0,0,0
200007,48,113,3,7,Dallas County                 ,742,742,124452046,0,0,0,0,0,0,3,17,885530,703,703,117500763,0,0,0,0,0,0,3,17,885530
200007,48,121,3,7,Denton County                 ,386,386,62743549,0,0,0,0,0,0,0,0,0,376,376,61272089,0,0,0,0,0,0,0,0,0
200007,48,139,3,7,Ellis County                  ,37,37,4276660,0,0,0,1,3,157500,0,0,0,7,7,1012980,0,0,0,0,0,0,0,0,0
200007,48,151,3,7,Fisher County                 ,0,0,0,0,0,0,0,0,0,0,0,0,0,0,0,0,0,0,0,0,0,0,0,0
200007,48,157,3,7,Fort Bend County              ,101,101,13655495,0,0,0,0,0,0,0,0,0,101,101,13655495,0,0,0,0,0,0,0,0,0
200007,48,167,3,7,Galveston County              ,143,143,19003994,0,0,0,1,4,186454,4,36,971180,142,142,18893112,0,0,0,0,0,0,4,36,971180
200007,48,169,3,7,Garza County                  ,1,1,20000,0,0,0,0,0,0,0,0,0,1,1,20000,0,0,0,0,0,0,0,0,0
200007,48,201,3,7,Harris County                 ,1578,1578,203288120,1,2,122459,0,0,0,20,328,17085524,1553,1553,196860447,1,2,122459,0,0,0,20,328,17085524
200007,48,211,3,7,Hemphill County               ,0,0,0,0,0,0,0,0,0,0,0,0,0,0,0,0,0,0,0,0,0,0,0,0
200007,48,213,3,7,Henderson County              ,18,18,1717780,0,0,0,0,0,0,0,0,0,14,14,1334028,0,0,0,0,0,0,0,0,0
200007,48,221,3,7,Hood County                   ,3,3,380000,0,0,0,0,0,0,0,0,0,3,3,380000,0,0,0,0,0,0,0,0,0
200007,48,231,3,7,Hunt County                   ,4,4,461700,0,0,0,0,0,0,0,0,0,1,1,276000,0,0,0,0,0,0,0,0,0
200007,48,251,3,7,Johnson County                ,54,54,5117671,0,0,0,0,0,0,1,8,290873,33,33,2976450,0,0,0,0,0,0,0,0,0
200007,48,257,3,7,Kaufman County                ,13,13,782599,0,0,0,0,0,0,1,11,537498,8,8,422740,0,0,0,0,0,0,0,0,0
200007,48,265,3,7,Kerr County                   ,7,7,797383,0,0,0,0,0,0,0,0,0,7,7,797383,0,0,0,0,0,0,0,0,0
200007,48,291,3,7,Liberty County                ,16,16,1192300,0,0,0,1,3,120328,0,0,0,15,15,1079086,0,0,0,0,0,0,0,0,0
200007,48,319,3,7,Mason County                  ,0,0,0,0,0,0,0,0,0,0,0,0,0,0,0,0,0,0,0,0,0,0,0,0
200007,48,323,3,7,Maverick County               ,4,4,228784,0,0,0,0,0,0,0,0,0,4,4,228784,0,0,0,0,0,0,0,0,0
200007,48,329,3,7,Midland County                ,13,13,1607155,0,0,0,0,0,0,0,0,0,13,13,1607155,0,0,0,0,0,0,0,0,0
200007,48,339,3,7,Montgomery County             ,339,339,52983593,0,0,0,0,0,0,0,0,0,338,338,52876082,0,0,0,0,0,0,0,0,0
200007,48,367,3,7,Parker County                 ,18,18,1953080,0,0,0,0,0,0,0,0,0,18,18,1953080,0,0,0,0,0,0,0,0,0
200007,48,375,3,7,Potter County                 ,45,45,6151265,0,0,0,0,0,0,0,0,0,45,45,6151265,0,0,0,0,0,0,0,0,0
200007,48,397,3,7,Rockwall County               ,89,89,16755904,0,0,0,0,0,0,0,0,0,89,89,16755904,0,0,0,0,0,0,0,0,0
200007,48,437,3,7,Swisher County                ,0,0,0,0,0,0,0,0,0,0,0,0,0,0,0,0,0,0,0,0,0,0,0,0
200007,48,439,3,7,Tarrant County                ,836,836,102934058,2,4,375000,0,0,0,13,78,5122000,746,746,83727372,2,4,375000,0,0,0,13,78,5122000
200007,48,451,3,7,Tom Green County              ,17,17,1541890,0,0,0,0,0,0,0,0,0,17,17,1541890,0,0,0,0,0,0,0,0,0
200007,48,469,3,7,Victoria County               ,14,14,1493924,0,0,0,0,0,0,0,0,0,14,14,1493924,0,0,0,0,0,0,0,0,0
200007,48,473,3,7,Waller County                 ,2,2,158043,0,0,0,0,0,0,1,5,250000,0,0,0,0,0,0,0,0,0,0,0,0
200007,49,011,4,8,Davis County                  ,126,126,14935768,0,0,0,3,10,879000,0,0,0,118,118,14312594,0,0,0,3,10,879000,0,0,0
200007,49,035,4,8,Salt Lake County              ,301,301,40993703,3,6,707375,11,39,3644993,1,8,529728,252,252,34849039,2,4,525032,10,35,3348123,1,8,529728
200007,49,039,4,8,Sanpete County                ,6,6,491459,1,2,61156,0,0,0,0,0,0,4,4,313233,0,0,0,0,0,0,0,0,0
200007,49,057,4,8,Weber County                  ,88,88,10852581,2,4,550301,1,3,216174,1,19,883446,38,38,5101243,0,0,0,0,0,0,0,0,0
200007,50,013,1,1,Grand Isle County             ,5,5,580306,0,0,0,0,0,0,0,0,0,3,3,394427,0,0,0,0,0,0,0,0,0
200007,51,003,3,5,Albemarle County              ,44,44,8877753,0,0,0,0,0,0,0,0,0,44,44,8877753,0,0,0,0,0,0,0,0,0
200007,51,013,3,5,Arlington County              ,1,1,116650,0,0,0,0,0,0,0,0,0,1,1,116650,0,0,0,0,0,0,0,0,0
200007,51,015,3,5,Augusta County                ,37,37,4159740,0,0,0,0,0,0,0,0,0,37,37,4159740,0,0,0,0,0,0,0,0,0
200007,51,019,3,5,Bedford County                ,28,28,3821400,0,0,0,0,0,0,0,0,0,28,28,3821400,0,0,0,0,0,0,0,0,0
200007,51,023,3,5,Botetourt County              ,14,14,2456000,0,0,0,0,0,0,0,0,0,14,14,2456000,0,0,0,0,0,0,0,0,0
200007,51,029,3,5,Buckingham County             ,4,4,385295,0,0,0,0,0,0,0,0,0,4,4,385295,0,0,0,0,0,0,0,0,0
200007,51,035,3,5,Carroll County                ,12,12,1171000,0,0,0,0,0,0,0,0,0,12,12,1171000,0,0,0,0,0,0,0,0,0
200007,51,036,3,5,Charles City County           ,5,5,731600,0,0,0,0,0,0,0,0,0,5,5,731600,0,0,0,0,0,0,0,0,0
200007,51,037,3,5,Charlotte County              ,10,10,628700,0,0,0,0,0,0,0,0,0,10,10,628700,0,0,0,0,0,0,0,0,0
200007,51,041,3,5,Chesterfield County           ,154,154,17964177,0,0,0,0,0,0,0,0,0,154,154,17964177,0,0,0,0,0,0,0,0,0
200007,51,043,3,5,Clarke County                 ,5,5,664395,0,0,0,0,0,0,0,0,0,5,5,664395,0,0,0,0,0,0,0,0,0
200007,51,049,3,5,Cumberland County             ,4,4,405592,0,0,0,0,0,0,0,0,0,4,4,405592,0,0,0,0,0,0,0,0,0
200007,51,053,3,5,Dinwiddie County              ,9,9,921720,0,0,0,0,0,0,0,0,0,9,9,921720,0,0,0,0,0,0,0,0,0
200007,51,057,3,5,Essex County                  ,3,3,285927,0,0,0,0,0,0,0,0,0,3,3,285927,0,0,0,0,0,0,0,0,0
200007,51,059,3,5,Fairfax County                ,333,333,38859841,0,0,0,0,0,0,18,530,27607706,330,330,38494665,0,0,0,0,0,0,18,530,27607706
200007,51,061,3,5,Fauquier County               ,41,41,8525000,0,0,0,0,0,0,0,0,0,41,41,8525000,0,0,0,0,0,0,0,0,0
200007,51,063,3,5,Floyd County                  ,8,8,1091000,0,0,0,0,0,0,0,0,0,8,8,1091000,0,0,0,0,0,0,0,0,0
200007,51,065,3,5,Fluvanna County               ,28,28,3184000,0,0,0,0,0,0,0,0,0,28,28,3184000,0,0,0,0,0,0,0,0,0
200007,51,067,3,5,Franklin County               ,31,31,4768426,0,0,0,0,0,0,0,0,0,31,31,4768426,0,0,0,0,0,0,0,0,0
200007,51,069,3,5,Frederick County              ,28,28,3332000,0,0,0,0,0,0,0,0,0,28,28,3332000,0,0,0,0,0,0,0,0,0
200007,51,073,3,5,Gloucester County             ,14,14,1421000,0,0,0,0,0,0,0,0,0,14,14,1421000,0,0,0,0,0,0,0,0,0
200007,51,075,3,5,Goochland County              ,13,13,2674554,0,0,0,0,0,0,0,0,0,13,13,2674554,0,0,0,0,0,0,0,0,0
200007,51,085,3,5,Hanover County                ,71,71,7797650,0,0,0,0,0,0,0,0,0,71,71,7797650,0,0,0,0,0,0,0,0,0
200007,51,087,3,5,Henrico County                ,146,146,17030973,0,0,0,0,0,0,0,0,0,146,146,17030973,0,0,0,0,0,0,0,0,0
200007,51,089,3,5,Henry County                  ,6,6,660000,0,0,0,0,0,0,0,0,0,6,6,660000,0,0,0,0,0,0,0,0,0
200007,51,095,3,5,James City County             ,51,51,5949176,0,0,0,0,0,0,0,0,0,51,51,5949176,0,0,0,0,0,0,0,0,0
200007,51,099,3,5,King George County            ,4,4,466602,0,0,0,0,0,0,0,0,0,4,4,466602,0,0,0,0,0,0,0,0,0
200007,51,101,3,5,King William County           ,11,11,1031000,0,0,0,0,0,0,0,0,0,11,11,1031000,0,0,0,0,0,0,0,0,0
200007,51,103,3,5,Lancaster County              ,11,11,1741300,0,0,0,0,0,0,0,0,0,11,11,1741300,0,0,0,0,0,0,0,0,0
200007,51,105,3,5,Lee County                    ,5,5,442000,0,0,0,0,0,0,0,0,0,5,5,442000,0,0,0,0,0,0,0,0,0
200007,51,107,3,5,Loudoun County                ,324,324,37794762,0,0,0,0,0,0,40,273,14220573,324,324,37794762,0,0,0,0,0,0,40,273,14220573
200007,51,111,3,5,Lunenburg County              ,4,4,270000,0,0,0,0,0,0,0,0,0,4,4,270000,0,0,0,0,0,0,0,0,0
200007,51,113,3,5,Madison County                ,9,9,1499000,0,0,0,0,0,0,0,0,0,9,9,1499000,0,0,0,0,0,0,0,0,0
200007,51,115,3,5,Mathews County                ,1,1,190000,0,0,0,0,0,0,0,0,0,1,1,190000,0,0,0,0,0,0,0,0,0
200007,51,121,3,5,Montgomery County             ,14,14,2291000,0,0,0,0,0,0,0,0,0,14,14,2291000,0,0,0,0,0,0,0,0,0
200007,51,125,3,5,Nelson County                 ,8,8,1002000,0,0,0,0,0,0,0,0,0,8,8,1002000,0,0,0,0,0,0,0,0,0
200007,51,131,3,5,Northampton County            ,10,10,971340,0,0,0,0,0,0,0,0,0,10,10,971340,0,0,0,0,0,0,0,0,0
200007,51,139,3,5,Page County                   ,5,5,555000,1,2,83000,0,0,0,0,0,0,5,5,555000,1,2,83000,0,0,0,0,0,0
200007,51,141,3,5,Patrick County                ,6,6,818700,0,0,0,0,0,0,0,0,0,6,6,818700,0,0,0,0,0,0,0,0,0
200007,51,145,3,5,Powhatan County               ,21,21,2340109,0,0,0,0,0,0,0,0,0,21,21,2340109,0,0,0,0,0,0,0,0,0
200007,51,153,3,5,Prince William County         ,353,353,41109677,0,0,0,0,0,0,14,172,5880000,351,351,40958188,0,0,0,0,0,0,14,172,5880000
200007,51,161,3,5,Roanoke County                ,23,23,1325709,0,0,0,0,0,0,0,0,0,23,23,1325709,0,0,0,0,0,0,0,0,0
200007,51,165,3,5,Rockingham County             ,43,43,5068000,0,0,0,0,0,0,0,0,0,43,43,5068000,0,0,0,0,0,0,0,0,0
200007,51,169,3,5,Scott County                  ,6,6,495000,0,0,0,0,0,0,0,0,0,6,6,495000,0,0,0,0,0,0,0,0,0
200007,51,171,3,5,Shenandoah County             ,23,23,2078600,0,0,0,0,0,0,0,0,0,23,23,2078600,0,0,0,0,0,0,0,0,0
200007,51,173,3,5,Smyth County                  ,3,3,327018,0,0,0,0,0,0,0,0,0,3,3,327018,0,0,0,0,0,0,0,0,0
200007,51,177,3,5,Spotsylvania County           ,146,146,23227424,0,0,0,0,0,0,0,0,0,146,146,23227424,0,0,0,0,0,0,0,0,0
200007,51,179,3,5,Stafford County               ,82,82,9565341,0,0,0,0,0,0,0,0,0,82,82,9565341,0,0,0,0,0,0,0,0,0
200007,51,185,3,5,Tazewell County               ,8,8,710512,0,0,0,0,0,0,0,0,0,8,8,710512,0,0,0,0,0,0,0,0,0
200007,51,187,3,5,Warren County                 ,24,24,1842800,0,0,0,0,0,0,0,0,0,24,24,1842800,0,0,0,0,0,0,0,0,0
200007,51,191,3,5,Washington County             ,20,20,1455855,0,0,0,0,0,0,0,0,0,20,20,1455855,0,0,0,0,0,0,0,0,0
200007,51,197,3,5,Wythe County                  ,7,7,804850,0,0,0,0,0,0,0,0,0,2,2,327700,0,0,0,0,0,0,0,0,0
200007,51,550,3,5,Chesapeake(Independent City)  ,62,62,7232331,0,0,0,0,0,0,0,0,0,62,62,7232331,0,0,0,0,0,0,0,0,0
200007,51,560,3,5,Clifton Forge (Independent Cit,0,0,0,0,0,0,0,0,0,0,0,0,0,0,0,0,0,0,0,0,0,0,0,0
200007,51,570,3,5,Colonial Heights (Independent ,6,6,614500,0,0,0,0,0,0,0,0,0,6,6,614500,0,0,0,0,0,0,0,0,0
200007,51,590,3,5,Danville (Independent City)   ,1,1,80000,0,0,0,0,0,0,0,0,0,1,1,80000,0,0,0,0,0,0,0,0,0
200007,51,600,3,5,Fairfax (Independent City)    ,9,9,1376168,0,0,0,0,0,0,0,0,0,9,9,1376168,0,0,0,0,0,0,0,0,0
200007,51,630,3,5,Fredericksburg(Independent Cit,5,5,998200,0,0,0,0,0,0,0,0,0,5,5,998200,0,0,0,0,0,0,0,0,0
200007,51,660,3,5,Harrisonburg (Independent City,5,5,425000,0,0,0,0,0,0,1,6,156000,5,5,425000,0,0,0,0,0,0,1,6,156000
200007,51,670,3,5,Hopewell (Independent City)   ,6,6,356000,0,0,0,0,0,0,0,0,0,6,6,356000,0,0,0,0,0,0,0,0,0
200007,51,683,3,5,Manassas (Independent City)   ,0,0,0,0,0,0,0,0,0,0,0,0,0,0,0,0,0,0,0,0,0,0,0,0
200007,51,700,3,5,Newport News (Independent City,23,23,2682962,0,0,0,0,0,0,0,0,0,23,23,2682962,0,0,0,0,0,0,0,0,0
200007,51,710,3,5,Norfolk (Independent City)    ,9,9,1049854,0,0,0,0,0,0,0,0,0,9,9,1049854,0,0,0,0,0,0,0,0,0
200007,51,730,3,5,Petersburg (Independent City) ,0,0,0,0,0,0,0,0,0,0,0,0,0,0,0,0,0,0,0,0,0,0,0,0
200007,51,740,3,5,Portsmouth (Independent City) ,19,19,2216360,0,0,0,0,0,0,0,0,0,19,19,2216360,0,0,0,0,0,0,0,0,0
200007,51,760,3,5,Richmond (Independent City)   ,11,11,909413,0,0,0,0,0,0,0,0,0,11,11,909413,0,0,0,0,0,0,0,0,0
200007,51,775,3,5,Salem (Independent City)      ,5,5,533848,0,0,0,0,0,0,0,0,0,5,5,533848,0,0,0,0,0,0,0,0,0
200007,51,790,3,5,Staunton (Independent City)   ,3,3,207000,0,0,0,0,0,0,0,0,0,3,3,207000,0,0,0,0,0,0,0,0,0
200007,51,810,3,5,Virginia Beach (Independent Ci,93,93,10848496,0,0,0,0,0,0,0,0,0,93,93,10848496,0,0,0,0,0,0,0,0,0
200007,51,820,3,5,Waynesboro (Independent City) ,4,4,732200,0,0,0,0,0,0,0,0,0,4,4,732200,0,0,0,0,0,0,0,0,0
200007,51,830,3,5,Williamsburg (Independent City,9,9,2508742,0,0,0,0,0,0,1,10,465000,9,9,2508742,0,0,0,0,0,0,1,10,465000
200007,53,011,4,9,Clark County                  ,230,230,29419916,1,2,136834,1,4,257389,2,45,3272801,168,168,24077636,0,0,0,0,0,0,0,0,0
200007,53,029,4,9,Island County                 ,44,44,6385577,0,0,0,0,0,0,0,0,0,44,44,6385577,0,0,0,0,0,0,0,0,0
200007,53,031,4,9,Jefferson County              ,26,26,3394454,0,0,0,0,0,0,0,0,0,26,26,3394454,0,0,0,0,0,0,0,0,0
200007,53,033,4,9,King County                   ,360,360,64492101,3,6,512239,9,35,3163924,27,750,60469491,313,313,54475536,3,6,512239,7,28,2207900,24,703,54737473
200007,53,035,4,9,Kitsap County                 ,81,81,10023231,0,0,0,0,0,0,0,0,0,61,61,6179496,0,0,0,0,0,0,0,0,0
200007,53,053,4,9,Pierce County                 ,254,254,36738066,8,16,1961054,16,63,5141956,0,0,0,236,236,34605126,7,14,1797804,15,60,4892206,0,0,0
200007,53,061,4,9,Snohomish County              ,334,334,43840602,6,12,1250344,1,3,244610,20,183,11697318,223,223,31910935,5,10,1132263,1,3,244610,15,152,9194818
200007,53,067,4,9,Thurston County               ,79,79,11472861,3,6,659267,1,4,275010,0,0,0,75,75,10877179,1,2,239462,1,4,275010,0,0,0
200007,54,003,3,5,Berkeley County               ,58,58,6135474,0,0,0,0,0,0,0,0,0,3,3,283523,0,0,0,0,0,0,0,0,0
200007,54,011,3,5,Cabell County                 ,4,4,702000,0,0,0,0,0,0,0,0,0,4,4,702000,0,0,0,0,0,0,0,0,0
200007,54,031,3,5,Hardy County                  ,9,9,516000,0,0,0,0,0,0,0,0,0,9,9,516000,0,0,0,0,0,0,0,0,0
200007,54,037,3,5,Jefferson County              ,30,30,3484218,0,0,0,0,0,0,1,6,294056,1,1,116650,0,0,0,0,0,0,0,0,0
200007,54,091,3,5,Taylor County                 ,0,0,0,0,0,0,0,0,0,0,0,0,0,0,0,0,0,0,0,0,0,0,0,0
200007,55,059,2,3,Kenosha County                ,46,46,6435047,0,0,0,0,0,0,2,34,840000,41,41,5705887,0,0,0,0,0,0,2,34,840000
200007,55,078,2,3,Menominee County              ,0,0,0,0,0,0,0,0,0,0,0,0,0,0,0,0,0,0,0,0,0,0,0,0
200007,55,079,2,3,Milwaukee County              ,33,33,4641662,2,4,334500,2,7,425000,5,108,13283750,32,32,4506829,2,4,334500,2,7,425000,4,101,12890000
200007,55,089,2,3,Ozaukee County                ,34,34,7470580,2,4,600000,0,0,0,4,25,1117446,20,20,3573198,2,4,600000,0,0,0,0,0,0
200007,55,093,2,3,Pierce County                 ,16,16,1953500,3,6,540000,0,0,0,0,0,0,16,16,1953500,3,6,540000,0,0,0,0,0,0
200007,55,101,2,3,Racine County                 ,52,52,7518814,1,2,136405,2,7,584923,1,9,311396,48,48,7075600,0,0,0,1,4,350000,0,0,0
200007,55,109,2,3,St. Croix County              ,45,45,5762207,4,8,755400,2,7,234000,1,6,150000,24,24,3552200,4,8,755400,0,0,0,0,0,0
200007,55,131,2,3,Washington County             ,48,48,7266305,6,12,1030568,0,0,0,0,0,0,30,30,4771897,4,8,688200,0,0,0,0,0,0
200007,55,133,2,3,Waukesha County               ,157,157,31570553,2,4,570000,1,4,260000,2,13,1065294,138,138,28751270,2,4,570000,1,4,260000,1,8,480000
200007,56,025,4,8,Natrona County                ,8,8,965317,0,0,0,0,0,0,0,0,0,6,6,700000,0,0,0,0,0,0,0,0,0
200007,56,039,4,8,Teton County                  ,20,20,18288995,0,0,0,0,0,0,1,5,210505,18,18,17699000,0,0,0,0,0,0,0,0,0
