Survey,FIPS,FIPS,Region,Division,County,,1-unit,,,2-units,,,3-4 units,,,5+ units,,,1-unit rep,,,2-units rep,,,3-4 units rep,,, 5+units rep
Date,State,County,Code,Code,Name,Bldgs,Units,Value,Bldgs,Units,Value,Bldgs,Units,Value,Bldgs,Units,Value,Bldgs,Units,Value,Bldgs,Units,Value,Bldgs,Units,Value,Bldgs,Units,Value
 
200105,01,001,3,6,Autauga County                ,22,22,1342700,0,0,0,0,0,0,0,0,0,22,22,1342700,0,0,0,0,0,0,0,0,0
200105,01,081,3,6,Lee County                    ,50,50,5074611,1,2,106044,0,0,0,1,17,950000,50,50,5074611,1,2,106044,0,0,0,1,17,950000
200105,01,113,3,6,Russell County                ,18,18,2086274,1,2,70000,0,0,0,1,16,640012,18,18,2086274,1,2,70000,0,0,0,1,16,640012
200105,02,000,4,9,Alaska Balance of State       ,16,16,3084332,0,0,0,0,0,0,0,0,0, , , , , , , , , , , , 
200105,02,013,4,9,Aleutians East Borough        ,0,0,0,0,0,0,0,0,0,0,0,0,0,0,0,0,0,0,0,0,0,0,0,0
200105,02,016,4,9,Aleutians West Census Area    ,2,2,287579,0,0,0,0,0,0,1,5,716362, , , , , , , , , , , , 
200105,02,020,4,9,Anchorage Borough             ,113,113,23069554,49,98,11744048,0,0,0,1,12,1145820,113,113,23069554,49,98,11744048,0,0,0,1,12,1145820
200105,02,050,4,9,Bethel Census Area            ,3,3,300000,1,2,200000,0,0,0,0,0,0,3,3,300000,1,2,200000,0,0,0,0,0,0
200105,02,060,4,9,Bristol Bay Borough           ,0,0,0,0,0,0,0,0,0,0,0,0,0,0,0,0,0,0,0,0,0,0,0,0
200105,02,090,4,9,Fairbanks North Star Borough  ,23,23,3074824,0,0,0,0,0,0,0,0,0,22,22,2983000,0,0,0,0,0,0,0,0,0
200105,02,100,4,9,Haines Borough                ,2,2,75000,0,0,0,0,0,0,0,0,0,2,2,75000,0,0,0,0,0,0,0,0,0
200105,02,110,4,9,Juneau Borough                ,13,13,3386942,1,2,258687,0,0,0,0,0,0,13,13,3386942,1,2,258687,0,0,0,0,0,0
200105,02,122,4,9,Kenai Peninsula Borough       ,18,18,2955299,0,0,0,0,0,0,0,0,0,14,14,2540241,0,0,0,0,0,0,0,0,0
200105,02,130,4,9,Ketchikan Gateway Borough     ,4,4,544624,1,2,192236,0,0,0,0,0,0, , , , , , , , , , , , 
200105,02,150,4,9,Kodiak Island Borough         ,6,6,685887,0,0,0,0,0,0,0,0,0,6,6,685887,0,0,0,0,0,0,0,0,0
200105,02,170,4,9,Matanuska-Susitna Borough     ,5,5,776960,3,6,800590,0,0,0,0,0,0,5,5,776960,3,6,800590,0,0,0,0,0,0
200105,02,180,4,9,Nome Census Area              ,0,0,0,0,0,0,0,0,0,0,0,0,0,0,0,0,0,0,0,0,0,0,0,0
200105,02,185,4,9,North Slope Borough           ,1,1,138733,0,0,0,0,0,0,0,0,0, , , , , , , , , , , , 
200105,02,201,4,9,Prince of Wales-Outer Ketchika,0,0,0,0,0,0,0,0,0,0,0,0,0,0,0,0,0,0,0,0,0,0,0,0
200105,02,220,4,9,Sitka Borough                 ,3,3,273534,0,0,0,0,0,0,0,0,0, , , , , , , , , , , , 
200105,02,232,4,9,Skagway-Hoonah-Angoon Census A,1,1,79167,0,0,0,0,0,0,0,0,0,0,0,0,0,0,0,0,0,0,0,0,0
200105,02,261,4,9,Valdez-Cordova Census Area    ,4,4,896000,0,0,0,0,0,0,0,0,0,4,4,896000,0,0,0,0,0,0,0,0,0
200105,02,280,4,9,Wrangell-Petersburg Census Are,2,2,188440,0,0,0,0,0,0,0,0,0,1,1,120240,0,0,0,0,0,0,0,0,0
200105,02,282,4,9,Yakutat Borough               ,0,0,0,0,0,0,0,0,0,0,0,0, , , , , , , , , , , , 
200105,04,013,4,8,Maricopa County               ,3104,3104,434806030,4,8,799248,12,45,3842544,20,406,27907746,2630,2630,381470337,4,8,799248,12,45,3842544,20,406,27907746
200105,04,015,4,8,Mohave County                 ,190,190,17415017,2,4,235893,0,0,0,0,0,0,94,94,8150317,0,0,0,0,0,0,0,0,0
200105,04,021,4,8,Pinal County                  ,347,347,41030709,2,4,180000,0,0,0,0,0,0,314,314,37499799,2,4,180000,0,0,0,0,0,0
200105,05,023,3,7,Cleburne County               ,4,4,304000,0,0,0,0,0,0,0,0,0,4,4,304000,0,0,0,0,0,0,0,0,0
200105,05,035,3,7,Crittenden County             ,21,21,2515587,0,0,0,0,0,0,0,0,0,12,12,1514107,0,0,0,0,0,0,0,0,0
200105,05,043,3,7,Drew County                   ,2,2,305000,1,2,20000,0,0,0,0,0,0,2,2,305000,1,2,20000,0,0,0,0,0,0
200105,05,055,3,7,Greene County                 ,15,15,1515000,0,0,0,0,0,0,0,0,0,15,15,1515000,0,0,0,0,0,0,0,0,0
200105,05,061,3,7,Howard County                 ,0,0,0,0,0,0,0,0,0,0,0,0,0,0,0,0,0,0,0,0,0,0,0,0
200105,05,071,3,7,Johnson County                ,2,2,196394,0,0,0,0,0,0,0,0,0, , , , , , , , , , , , 
200105,06,001,4,9,Alameda County                ,114,114,34131324,1,2,199812,0,0,0,5,307,33718515,113,113,33970181,1,2,199812,0,0,0,5,307,33718515
200105,06,013,4,9,Contra Costa County           ,378,378,74949109,0,0,0,0,0,0,0,0,0,242,242,47883258,0,0,0,0,0,0,0,0,0
200105,06,017,4,9,El Dorado County              ,140,140,34110160,0,0,0,0,0,0,0,0,0,140,140,34110160,0,0,0,0,0,0,0,0,0
200105,06,019,4,9,Fresno County                 ,323,323,45690622,1,2,124272,2,7,384973,2,12,754735,289,289,42331546,0,0,0,0,0,0,0,0,0
200105,06,027,4,9,Inyo County                   ,1,1,238787,0,0,0,0,0,0,0,0,0,0,0,0,0,0,0,0,0,0,0,0,0
200105,06,037,4,9,Los Angeles County            ,786,786,154349300,9,18,1689861,12,38,3007418,15,618,44135805,706,706,135818330,8,16,1598495,9,29,2540080,10,588,42463933
200105,06,039,4,9,Madera County                 ,75,75,10130371,0,0,0,0,0,0,0,0,0,75,75,10130371,0,0,0,0,0,0,0,0,0
200105,06,041,4,9,Marin County                  ,21,21,6627528,2,4,880000,0,0,0,0,0,0,19,19,5751731,0,0,0,0,0,0,0,0,0
200105,06,043,4,9,Mariposa County               ,11,11,1829646,0,0,0,0,0,0,0,0,0,11,11,1829646,0,0,0,0,0,0,0,0,0
200105,06,055,4,9,Napa County                   ,42,42,9573635,0,0,0,0,0,0,0,0,0,26,26,5955506,0,0,0,0,0,0,0,0,0
200105,06,057,4,9,Nevada County                 ,82,82,14578677,0,0,0,0,0,0,0,0,0,76,76,13680018,0,0,0,0,0,0,0,0,0
200105,06,059,4,9,Orange County                 ,539,539,121816630,8,16,2055563,16,55,5824503,19,186,16076681,516,516,116238671,8,16,2055563,16,55,5824503,19,186,16076681
200105,06,061,4,9,Placer County                 ,375,375,76510438,0,0,0,0,0,0,0,0,0,375,375,76510438,0,0,0,0,0,0,0,0,0
200105,06,065,4,9,Riverside County              ,1548,1548,269253384,2,4,535962,0,0,0,19,174,14327591,1368,1368,231340046,1,2,345115,0,0,0,19,174,14327591
200105,06,067,4,9,Sacramento County             ,540,540,88694770,0,0,0,14,56,2413152,11,114,8946566,540,540,88694770,0,0,0,14,56,2413152,11,114,8946566
200105,06,071,4,9,San Bernardino County         ,612,612,99894694,0,0,0,0,0,0,9,80,5577512,593,593,96368344,0,0,0,0,0,0,9,80,5577512
200105,06,073,4,9,San Diego County              ,1082,1082,226440219,2,4,541405,14,42,4030936,10,300,50377976,1080,1080,226130128,2,4,541405,14,42,4030936,9,295,49173959
200105,06,075,4,9,San Francisco County          ,8,8,2128671,8,16,3191600,3,10,2246000,3,77,5368286,8,8,2128671,8,16,3191600,3,10,2246000,3,77,5368286
200105,06,077,4,9,San Joaquin County            ,529,529,86998563,0,0,0,0,0,0,0,0,0,380,380,62816711,0,0,0,0,0,0,0,0,0
200105,06,079,4,9,San Luis Obispo County        ,151,151,26084185,0,0,0,1,3,248149,0,0,0,138,138,23638858,0,0,0,0,0,0,0,0,0
200105,06,081,4,9,San Mateo County              ,98,98,30471789,0,0,0,0,0,0,2,36,2731637,68,68,23122700,0,0,0,0,0,0,0,0,0
200105,06,085,4,9,Santa Clara County            ,250,250,61272780,4,8,1108190,0,0,0,2,105,7262589,234,234,59279704,4,8,1108190,0,0,0,1,100,6971891
200105,06,087,4,9,Santa Cruz County             ,43,43,9777791,0,0,0,2,8,888594,0,0,0,32,32,7725292,0,0,0,2,8,888594,0,0,0
200105,06,089,4,9,Shasta County                 ,125,125,18047257,0,0,0,0,0,0,0,0,0,125,125,18047257,0,0,0,0,0,0,0,0,0
200105,06,095,4,9,Solano County                 ,117,117,22605090,0,0,0,0,0,0,9,78,5130389,59,59,13086450,0,0,0,0,0,0,9,78,5130389
200105,06,097,4,9,Sonoma County                 ,140,140,23337735,0,0,0,0,0,0,0,0,0,108,108,19126775,0,0,0,0,0,0,0,0,0
200105,06,105,4,9,Trinity County                ,3,3,318126,0,0,0,0,0,0,0,0,0,3,3,318126,0,0,0,0,0,0,0,0,0
200105,06,111,4,9,Ventura County                ,256,256,57331657,0,0,0,0,0,0,1,20,1627658,175,175,35120168,0,0,0,0,0,0,0,0,0
200105,06,113,4,9,Yolo County                   ,183,183,23862065,0,0,0,0,0,0,0,0,0,183,183,23862065,0,0,0,0,0,0,0,0,0
200105,08,001,4,8,Adams County                  ,425,425,53400581,4,8,649987,0,0,0,12,143,8477884,406,406,52044660,3,6,582774,0,0,0,11,115,6563375
200105,08,005,4,8,Arapahoe County               ,444,444,60278966,2,4,399624,7,25,2161080,20,394,24254158,439,439,58199640,2,4,399624,7,25,2161080,19,361,23080762
200105,08,013,4,8,Boulder County                ,201,201,35042503,0,0,0,1,4,346176,0,0,0,201,201,35042503,0,0,0,1,4,346176,0,0,0
200105,08,015,4,8,Chaffee County                ,29,29,3709209,0,0,0,0,0,0,0,0,0,29,29,3709209,0,0,0,0,0,0,0,0,0
200105,08,031,4,8,Denver County                 ,95,95,17443110,5,10,1339500,4,13,1470860,3,635,48424783,95,95,17443110,5,10,1339500,4,13,1470860,3,635,48424783
200105,08,035,4,8,Douglas County                ,433,433,75206572,0,0,0,0,0,0,43,450,30226693,346,346,63577553,0,0,0,0,0,0,43,450,30226693
200105,08,059,4,8,Jefferson County              ,164,164,24051940,0,0,0,0,0,0,2,48,3207184,164,164,24051940,0,0,0,0,0,0,2,48,3207184
200105,08,069,4,8,Larimer County                ,256,256,36714492,0,0,0,2,8,536448,6,54,3028948,65,65,12761650,0,0,0,0,0,0,0,0,0
200105,08,077,4,8,Mesa County                   ,97,97,10489908,0,0,0,1,4,367661,1,30,1418273,97,97,10489908,0,0,0,1,4,367661,1,30,1418273
200105,08,101,4,8,Pueblo County                 ,105,105,10737084,6,12,442440,0,0,0,0,0,0,105,105,10737084,6,12,442440,0,0,0,0,0,0
200105,08,107,4,8,Routt County                  ,31,31,11810599,0,0,0,0,0,0,0,0,0,31,31,11810599,0,0,0,0,0,0,0,0,0
200105,08,113,4,8,San Miguel County             ,11,11,9912706,0,0,0,0,0,0,0,0,0,4,4,1380318,0,0,0,0,0,0,0,0,0
200105,08,123,4,8,Weld County                   ,360,360,52581150,1,2,180000,0,0,0,1,5,281250,344,344,50985740,1,2,180000,0,0,0,0,0,0
200105,09,001,1,1,Fairfield County              ,121,121,35293593,2,4,530000,1,3,175000,1,6,600000,91,91,19146100,1,2,165000,1,3,175000,1,6,600000
200105,09,003,1,1,Hartford County               ,173,173,22376892,3,6,385811,2,8,507000,0,0,0,153,153,20151973,1,2,160000,2,8,507000,0,0,0
200105,09,005,1,1,Litchfield County             ,81,81,15385093,0,0,0,1,3,2400000,0,0,0,76,76,14464192,0,0,0,1,3,2400000,0,0,0
200105,09,007,1,1,Middlesex County              ,69,69,8813878,0,0,0,0,0,0,1,5,67298,54,54,6959890,0,0,0,0,0,0,0,0,0
200105,09,009,1,1,New Haven County              ,147,147,18939223,1,2,150000,1,4,148336,1,5,261290,97,97,14012491,1,2,150000,1,4,148336,0,0,0
200105,09,011,1,1,New London County             ,84,84,12616328,0,0,0,0,0,0,0,0,0,73,73,11064115,0,0,0,0,0,0,0,0,0
200105,09,013,1,1,Tolland County                ,65,65,8770849,0,0,0,0,0,0,0,0,0,54,54,6968993,0,0,0,0,0,0,0,0,0
200105,09,015,1,1,Windham County                ,55,55,5997270,0,0,0,0,0,0,0,0,0,46,46,5207022,0,0,0,0,0,0,0,0,0
200105,10,001,3,5,Kent County                   ,89,89,9000680,0,0,0,0,0,0,0,0,0,89,89,9000680,0,0,0,0,0,0,0,0,0
200105,10,003,3,5,New Castle County             ,165,165,14011262,0,0,0,0,0,0,6,63,2336521,0,0,0,0,0,0,0,0,0,0,0,0
200105,10,005,3,5,Sussex County                 ,183,183,22502434,0,0,0,0,0,0,0,0,0,183,183,22502434,0,0,0,0,0,0,0,0,0
200105,11,001,3,5,Washington  DC                ,3,3,372322,0,0,0,0,0,0,0,0,0,3,3,372322,0,0,0,0,0,0,0,0,0
200105,12,001,3,5,Alachua County                ,100,100,10733587,0,0,0,2,7,533238,7,77,4344266,1,1,30000,0,0,0,0,0,0,0,0,0
200105,12,003,3,5,Baker County                  ,16,16,1511123,0,0,0,0,0,0,0,0,0,16,16,1511123,0,0,0,0,0,0,0,0,0
200105,12,005,3,5,Bay County                    ,50,50,6586970,6,12,760693,0,0,0,0,0,0,50,50,6586970,6,12,760693,0,0,0,0,0,0
200105,12,007,3,5,Bradford County               ,3,3,155010,0,0,0,0,0,0,0,0,0,3,3,155010,0,0,0,0,0,0,0,0,0
200105,12,009,3,5,Brevard County                ,344,344,46576294,0,0,0,0,0,0,3,40,2486754,140,140,18173902,0,0,0,0,0,0,0,0,0
200105,12,011,3,5,Broward County                ,859,859,115668529,4,8,507129,5,20,1338029,13,152,13475081,852,852,114661462,4,8,507129,5,20,1338029,10,131,9694129
200105,12,013,3,5,Calhoun County                ,2,2,114413,0,0,0,0,0,0,0,0,0, , , , , , , , , , , , 
200105,12,015,3,5,Charlotte County              ,111,111,13921899,1,2,220000,3,12,971748,44,368,12061620,19,19,2137030,1,2,220000,2,8,644000,42,336,10214000
200105,12,017,3,5,Citrus County                 ,129,129,8308119,1,2,18364,0,0,0,0,0,0,13,13,634150,0,0,0,0,0,0,0,0,0
200105,12,019,3,5,Clay County                   ,174,174,18964322,0,0,0,0,0,0,0,0,0,174,174,18964322,0,0,0,0,0,0,0,0,0
200105,12,021,3,5,Collier County                ,386,386,69018934,5,10,2586000,48,176,19685000,6,65,8635000,386,386,69018934,5,10,2586000,48,176,19685000,6,65,8635000
200105,12,023,3,5,Columbia County               ,28,28,1547900,0,0,0,0,0,0,0,0,0,28,28,1547900,0,0,0,0,0,0,0,0,0
200105,12,027,3,5,DeSoto County                 ,4,4,537481,0,0,0,0,0,0,1,7,840189, , , , , , , , , , , , 
200105,12,029,3,5,Dixie County                  ,5,5,735559,0,0,0,0,0,0,0,0,0,5,5,735559,0,0,0,0,0,0,0,0,0
200105,12,031,3,5,Duval County                  ,432,432,51835002,1,2,187500,0,0,0,31,408,22734777,426,426,51139075,0,0,0,0,0,0,31,408,22734777
200105,12,033,3,5,Escambia County               ,181,181,22580492,0,0,0,0,0,0,0,0,0,181,181,22580492,0,0,0,0,0,0,0,0,0
200105,12,037,3,5,Franklin County               ,13,13,2322911,0,0,0,0,0,0,0,0,0, , , , , , , , , , , , 
200105,12,039,3,5,Gadsden County                ,11,11,1378665,0,0,0,0,0,0,0,0,0,11,11,1378665,0,0,0,0,0,0,0,0,0
200105,12,041,3,5,Gilchrist County              ,4,4,305500,0,0,0,0,0,0,0,0,0,4,4,305500,0,0,0,0,0,0,0,0,0
200105,12,045,3,5,Gulf County                   ,19,19,2213073,0,0,0,0,0,0,0,0,0, , , , , , , , , , , , 
200105,12,047,3,5,Hamilton County               ,4,4,189320,0,0,0,0,0,0,0,0,0,4,4,189320,0,0,0,0,0,0,0,0,0
200105,12,049,3,5,Hardee County                 ,7,7,626137,0,0,0,0,0,0,0,0,0,6,6,527135,0,0,0,0,0,0,0,0,0
200105,12,051,3,5,Hendry County                 ,8,8,692483,0,0,0,0,0,0,0,0,0, , , , , , , , , , , , 
200105,12,053,3,5,Hernando County               ,96,96,11983373,1,2,122130,0,0,0,0,0,0,96,96,11983373,1,2,122130,0,0,0,0,0,0
200105,12,055,3,5,Highlands County              ,45,45,4200633,3,6,409465,1,4,81000,1,8,242000,44,44,4120075,3,6,409465,1,4,81000,1,8,242000
200105,12,057,3,5,Hillsborough County           ,816,816,71363665,11,22,2612250,1,3,192920,1,13,634779,814,814,71077086,11,22,2612250,1,3,192920,0,0,0
200105,12,059,3,5,Holmes County                 ,11,11,974000,0,0,0,0,0,0,0,0,0,11,11,974000,0,0,0,0,0,0,0,0,0
200105,12,061,3,5,Indian River County           ,114,114,23265258,1,2,135000,0,0,0,3,67,5705660,28,28,5920332,1,2,135000,0,0,0,0,0,0
200105,12,063,3,5,Jackson County                ,18,18,1275160,0,0,0,0,0,0,0,0,0,18,18,1275160,0,0,0,0,0,0,0,0,0
200105,12,065,3,5,Jefferson County              ,6,6,579096,0,0,0,0,0,0,0,0,0,6,6,579096,0,0,0,0,0,0,0,0,0
200105,12,067,3,5,Lafayette County              ,1,1,79000,0,0,0,0,0,0,0,0,0,1,1,79000,0,0,0,0,0,0,0,0,0
200105,12,069,3,5,Lake County                   ,312,312,36827594,5,10,636582,0,0,0,0,0,0,302,302,35707947,5,10,636582,0,0,0,0,0,0
200105,12,071,3,5,Lee County                    ,540,540,83866027,19,38,4381479,25,100,13312370,19,234,17084938,540,540,83866027,19,38,4381479,25,100,13312370,19,234,17084938
200105,12,073,3,5,Leon County                   ,119,119,15723319,3,6,380346,0,0,0,11,96,5706804,119,119,15723319,3,6,380346,0,0,0,11,96,5706804
200105,12,075,3,5,Levy County                   ,7,7,774362,0,0,0,0,0,0,0,0,0,7,7,774362,0,0,0,0,0,0,0,0,0
200105,12,077,3,5,Liberty County                ,3,3,352181,0,0,0,0,0,0,0,0,0,3,3,352181,0,0,0,0,0,0,0,0,0
200105,12,079,3,5,Madison County                ,4,4,316824,0,0,0,0,0,0,0,0,0, , , , , , , , , , , , 
200105,12,081,3,5,Manatee County                ,341,341,43357250,1,2,180000,0,0,0,4,32,2714894,341,341,43357250,1,2,180000,0,0,0,4,32,2714894
200105,12,083,3,5,Marion County                 ,241,241,26258441,0,0,0,0,0,0,0,0,0,226,226,23987405,0,0,0,0,0,0,0,0,0
200105,12,085,3,5,Martin County                 ,82,82,21769050,0,0,0,2,8,1164892,11,300,12503255,82,82,21769050,0,0,0,2,8,1164892,11,300,12503255
200105,12,086,3,5,Miami-Dade County             ,681,681,69651116,6,12,1019400,12,48,4641252,11,637,41559381,681,681,69651116,6,12,1019400,12,48,4641252,11,637,41559381
200105,12,089,3,5,Nassau County                 ,58,58,8958505,0,0,0,0,0,0,0,0,0,58,58,8958505,0,0,0,0,0,0,0,0,0
200105,12,091,3,5,Okaloosa County               ,104,104,13119122,0,0,0,0,0,0,3,26,879056,31,31,5189756,0,0,0,0,0,0,2,16,400000
200105,12,093,3,5,Okeechobee County             ,12,12,965147,0,0,0,0,0,0,0,0,0,0,0,0,0,0,0,0,0,0,0,0,0
200105,12,095,3,5,Orange County                 ,678,678,81624218,3,6,350808,4,16,1030024,66,1012,50030698,678,678,81624218,2,4,280808,4,16,1030024,66,1012,50030698
200105,12,097,3,5,Osceola County                ,338,338,43259236,0,0,0,0,0,0,3,119,15254960,338,338,43259236,0,0,0,0,0,0,3,119,15254960
200105,12,099,3,5,Palm Beach County             ,703,703,110704913,2,4,253564,2,8,514455,8,147,8762212,653,653,97582810,2,4,253564,2,8,514455,8,147,8762212
200105,12,101,3,5,Pasco County                  ,447,447,49166486,11,22,2586762,4,13,735000,4,25,1199680,447,447,49166486,11,22,2586762,4,13,735000,4,25,1199680
200105,12,103,3,5,Pinellas County               ,171,171,28175860,0,0,0,0,0,0,37,606,82708561,170,170,27839964,0,0,0,0,0,0,36,600,82295177
200105,12,105,3,5,Polk County                   ,367,367,29084770,5,10,514640,0,0,0,0,0,0,358,358,28255712,5,10,514640,0,0,0,0,0,0
200105,12,107,3,5,Putnam County                 ,18,18,1480911,0,0,0,0,0,0,0,0,0,2,2,125100,0,0,0,0,0,0,0,0,0
200105,12,109,3,5,St. Johns County              ,214,214,57111470,0,0,0,1,3,219726,2,24,9632400,214,214,57111470,0,0,0,1,3,219726,2,24,9632400
200105,12,111,3,5,St. Lucie County              ,206,206,20872689,0,0,0,0,0,0,1,5,491244,206,206,20872689,0,0,0,0,0,0,1,5,491244
200105,12,113,3,5,Santa Rosa County             ,104,104,12907159,0,0,0,0,0,0,0,0,0,104,104,12907159,0,0,0,0,0,0,0,0,0
200105,12,115,3,5,Sarasota County               ,343,343,54296779,1,2,142098,2,8,1005148,1,10,135514,336,336,53237624,0,0,0,2,8,1005148,0,0,0
200105,12,117,3,5,Seminole County               ,264,264,56064477,4,8,867541,2,8,827081,2,38,2083080,240,240,53090697,4,8,867541,2,8,827081,2,38,2083080
200105,12,119,3,5,Sumter County                 ,175,175,19606597,0,0,0,0,0,0,0,0,0,175,175,19606597,0,0,0,0,0,0,0,0,0
200105,12,121,3,5,Suwannee County               ,13,13,998025,0,0,0,0,0,0,0,0,0,13,13,998025,0,0,0,0,0,0,0,0,0
200105,12,123,3,5,Taylor County                 ,6,6,656660,0,0,0,0,0,0,0,0,0,6,6,656660,0,0,0,0,0,0,0,0,0
200105,12,125,3,5,Union County                  ,5,5,330900,0,0,0,0,0,0,0,0,0,5,5,330900,0,0,0,0,0,0,0,0,0
200105,12,127,3,5,Volusia County                ,249,249,33625189,0,0,0,5,19,634094,10,221,8556623,214,214,28184647,0,0,0,4,16,388877,9,216,7900373
200105,12,129,3,5,Wakulla County                ,40,40,2448018,0,0,0,0,0,0,0,0,0, , , , , , , , , , , , 
200105,12,131,3,5,Walton County                 ,81,81,13667673,0,0,0,2,8,3200000,1,102,29900000,81,81,13667673,0,0,0,2,8,3200000,1,102,29900000
200105,12,133,3,5,Washington County             ,13,13,706576,0,0,0,0,0,0,0,0,0,13,13,706576,0,0,0,0,0,0,0,0,0
200105,13,009,3,5,Baldwin County                ,10,10,1113713,1,2,80000,3,9,238000,0,0,0,0,0,0,0,0,0,3,9,238000,0,0,0
200105,13,013,3,5,Barrow County                 ,83,83,6608693,0,0,0,0,0,0,0,0,0,83,83,6608693,0,0,0,0,0,0,0,0,0
200105,13,015,3,5,Bartow County                 ,123,123,15117251,0,0,0,0,0,0,0,0,0,117,117,14417348,0,0,0,0,0,0,0,0,0
200105,13,027,3,5,Brooks County                 ,4,4,292749,0,0,0,0,0,0,0,0,0, , , , , , , , , , , , 
200105,13,035,3,5,Butts County                  ,26,26,2217000,0,0,0,0,0,0,0,0,0,26,26,2217000,0,0,0,0,0,0,0,0,0
200105,13,039,3,5,Camden County                 ,51,51,3883046,1,2,47033,0,0,0,0,0,0,27,27,2202323,0,0,0,0,0,0,0,0,0
200105,13,045,3,5,Carroll County                ,152,152,12848128,0,0,0,0,0,0,3,22,1166000,51,51,4966782,0,0,0,0,0,0,3,22,1166000
200105,13,047,3,5,Catoosa County                ,46,46,5558087,0,0,0,1,4,67312,1,6,296635,42,42,5212506,0,0,0,0,0,0,0,0,0
200105,13,057,3,5,Cherokee County               ,252,252,31463828,0,0,0,0,0,0,0,0,0,252,252,31463828,0,0,0,0,0,0,0,0,0
200105,13,063,3,5,Clayton County                ,223,223,28040619,0,0,0,0,0,0,0,0,0,223,223,28040619,0,0,0,0,0,0,0,0,0
200105,13,067,3,5,Cobb County                   ,398,398,61415233,2,4,172320,0,0,0,12,282,15271832,398,398,61415233,2,4,172320,0,0,0,12,282,15271832
200105,13,069,3,5,Coffee County                 ,15,15,1337722,0,0,0,0,0,0,0,0,0,14,14,1249250,0,0,0,0,0,0,0,0,0
200105,13,077,3,5,Coweta County                 ,120,120,14467234,1,2,170000,0,0,0,14,100,4500000,117,117,14263843,1,2,170000,0,0,0,14,100,4500000
200105,13,085,3,5,Dawson County                 ,28,28,4368219,0,0,0,0,0,0,0,0,0, , , , , , , , , , , , 
200105,13,087,3,5,Decatur County                ,4,4,492000,0,0,0,0,0,0,0,0,0,4,4,492000,0,0,0,0,0,0,0,0,0
200105,13,089,3,5,DeKalb County                 ,489,489,62218111,0,0,0,0,0,0,10,406,24135027,489,489,62218111,0,0,0,0,0,0,10,406,24135027
200105,13,091,3,5,Dodge County                  ,5,5,337500,0,0,0,0,0,0,0,0,0,5,5,337500,0,0,0,0,0,0,0,0,0
200105,13,095,3,5,Dougherty County              ,25,25,3662288,0,0,0,0,0,0,0,0,0,25,25,3662288,0,0,0,0,0,0,0,0,0
200105,13,097,3,5,Douglas County                ,134,134,8296610,0,0,0,0,0,0,0,0,0,134,134,8296610,0,0,0,0,0,0,0,0,0
200105,13,113,3,5,Fayette County                ,76,76,13269090,0,0,0,0,0,0,2,13,1090488,76,76,13269090,0,0,0,0,0,0,2,13,1090488
200105,13,115,3,5,Floyd County                  ,31,31,3622884,3,6,262375,0,0,0,0,0,0, , , , , , , , , , , , 
200105,13,117,3,5,Forsyth County                ,254,254,28332520,0,0,0,0,0,0,0,0,0,254,254,28332520,0,0,0,0,0,0,0,0,0
200105,13,121,3,5,Fulton County                 ,478,478,63033081,0,0,0,0,0,0,23,704,41836851,477,477,62926850,0,0,0,0,0,0,23,704,41836851
200105,13,123,3,5,Gilmer County                 ,48,48,3840000,0,0,0,0,0,0,1,5,125000,0,0,0,0,0,0,0,0,0,0,0,0
200105,13,127,3,5,Glynn County                  ,53,53,10634346,2,4,229147,0,0,0,1,5,406845, , , , , , , , , , , , 
200105,13,129,3,5,Gordon County                 ,44,44,3943035,0,0,0,1,3,81818,3,16,501464,34,34,3162500,0,0,0,0,0,0,0,0,0
200105,13,133,3,5,Greene County                 ,15,15,4929400,2,4,1240000,0,0,0,0,0,0,15,15,4929400,2,4,1240000,0,0,0,0,0,0
200105,13,135,3,5,Gwinnett County               ,959,959,92281726,0,0,0,1,4,300000,0,0,0,959,959,92281726,0,0,0,1,4,300000,0,0,0
200105,13,143,3,5,Haralson County               ,8,8,939149,0,0,0,0,0,0,0,0,0,8,8,939149,0,0,0,0,0,0,0,0,0
200105,13,145,3,5,Harris County                 ,23,23,4800205,0,0,0,0,0,0,0,0,0,23,23,4800205,0,0,0,0,0,0,0,0,0
200105,13,151,3,5,Henry County                  ,308,308,30064468,0,0,0,0,0,0,0,0,0,308,308,30064468,0,0,0,0,0,0,0,0,0
200105,13,157,3,5,Jackson County                ,47,47,6152800,0,0,0,0,0,0,0,0,0,47,47,6152800,0,0,0,0,0,0,0,0,0
200105,13,169,3,5,Jones County                  ,19,19,2493000,0,0,0,0,0,0,0,0,0,19,19,2493000,0,0,0,0,0,0,0,0,0
200105,13,173,3,5,Lanier County                 ,4,4,151000,0,0,0,0,0,0,0,0,0,4,4,151000,0,0,0,0,0,0,0,0,0
200105,13,177,3,5,Lee County                    ,28,28,3197771,0,0,0,0,0,0,0,0,0, , , , , , , , , , , , 
200105,13,179,3,5,Liberty County                ,19,19,1796234,0,0,0,0,0,0,2,28,1587032,19,19,1796234,0,0,0,0,0,0,2,28,1587032
200105,13,211,3,5,Morgan County                 ,8,8,1225000,0,0,0,0,0,0,0,0,0,8,8,1225000,0,0,0,0,0,0,0,0,0
200105,13,213,3,5,Murray County                 ,24,24,2750053,0,0,0,0,0,0,0,0,0,24,24,2750053,0,0,0,0,0,0,0,0,0
200105,13,215,3,5,Muscogee County               ,63,63,7818760,1,2,126782,0,0,0,0,0,0,63,63,7818760,1,2,126782,0,0,0,0,0,0
200105,13,217,3,5,Newton County                 ,143,143,15734800,0,0,0,0,0,0,1,18,504373,3,3,247852,0,0,0,0,0,0,0,0,0
200105,13,223,3,5,Paulding County               ,217,217,15972213,0,0,0,0,0,0,2,27,726654,4,4,411000,0,0,0,0,0,0,0,0,0
200105,13,227,3,5,Pickens County                ,41,41,5088399,0,0,0,0,0,0,0,0,0,41,41,5088399,0,0,0,0,0,0,0,0,0
200105,13,237,3,5,Putnam County                 ,19,19,2797589,0,0,0,0,0,0,0,0,0, , , , , , , , , , , , 
200105,13,239,3,5,Quitman County                ,0,0,0,0,0,0,0,0,0,0,0,0,0,0,0,0,0,0,0,0,0,0,0,0
200105,13,247,3,5,Rockdale County               ,33,33,4095541,0,0,0,0,0,0,0,0,0,33,33,4095541,0,0,0,0,0,0,0,0,0
200105,13,255,3,5,Spalding County               ,55,55,4473428,0,0,0,0,0,0,0,0,0,55,55,4473428,0,0,0,0,0,0,0,0,0
200105,13,257,3,5,Stephens County               ,9,9,1169400,1,2,109000,0,0,0,0,0,0,9,9,1169400,1,2,109000,0,0,0,0,0,0
200105,13,291,3,5,Union County                  ,40,40,4241797,0,0,0,0,0,0,0,0,0, , , , , , , , , , , , 
200105,13,293,3,5,Upson County                  ,8,8,647000,3,6,240000,0,0,0,0,0,0,8,8,647000,3,6,240000,0,0,0,0,0,0
200105,13,297,3,5,Walton County                 ,114,114,12459935,0,0,0,0,0,0,0,0,0,93,93,10490050,0,0,0,0,0,0,0,0,0
200105,13,313,3,5,Whitfield County              ,33,33,1870167,0,0,0,0,0,0,3,21,931667,6,6,520000,0,0,0,0,0,0,2,10,565000
200105,15,001,4,9,Hawaii County                 ,127,127,29571582,0,0,0,0,0,0,0,0,0,127,127,29571582,0,0,0,0,0,0,0,0,0
200105,15,003,4,9,Honolulu County               ,233,233,35696688,5,10,1187250,1,4,548200,1,18,1388940,233,233,35696688,5,10,1187250,1,4,548200,1,18,1388940
200105,15,007,4,9,Kauai County                  ,19,19,5065100,1,2,733100,0,0,0,0,0,0,19,19,5065100,1,2,733100,0,0,0,0,0,0
200105,15,009,4,9,Maui County                   ,99,99,15408320,0,0,0,0,0,0,4,40,2788756,99,99,15408320,0,0,0,0,0,0,4,40,2788756
200105,16,017,4,8,Bonner County                 ,5,5,507722,0,0,0,0,0,0,0,0,0,5,5,507722,0,0,0,0,0,0,0,0,0
200105,16,019,4,8,Bonneville County             ,89,89,7886450,0,0,0,0,0,0,1,6,242928,89,89,7886450,0,0,0,0,0,0,1,6,242928
200105,17,009,2,3,Brown County                  ,0,0,0,0,0,0,0,0,0,0,0,0,0,0,0,0,0,0,0,0,0,0,0,0
200105,17,023,2,3,Clark County                  ,1,1,45000,0,0,0,0,0,0,0,0,0,1,1,45000,0,0,0,0,0,0,0,0,0
200105,17,027,2,3,Clinton County                ,10,10,1633585,0,0,0,0,0,0,0,0,0,7,7,1173424,0,0,0,0,0,0,0,0,0
200105,17,031,2,3,Cook County                   ,585,585,100503976,12,24,1948446,32,103,7857922,26,519,39423006,350,350,64899768,6,12,940768,1,3,288950,7,150,16845834
200105,17,037,2,3,DeKalb County                 ,35,35,4480031,4,8,663000,6,24,1122336,3,31,1290000,27,27,3105625,4,8,663000,6,24,1122336,3,31,1290000
200105,17,043,2,3,DuPage County                 ,304,304,64311208,0,0,0,0,0,0,3,34,2044692,246,246,51943370,0,0,0,0,0,0,2,28,1800000
200105,17,063,2,3,Grundy County                 ,30,30,3967148,1,2,185000,1,3,348750,1,5,200000,14,14,1343577,0,0,0,0,0,0,0,0,0
200105,17,083,2,3,Jersey County                 ,11,11,1334848,1,2,121986,0,0,0,0,0,0,2,2,248014,1,2,121986,0,0,0,0,0,0
200105,17,089,2,3,Kane County                   ,425,425,67297401,0,0,0,6,24,1607000,9,56,4160140,395,395,58610338,0,0,0,6,24,1607000,9,56,4160140
200105,17,091,2,3,Kankakee County               ,44,44,6446395,0,0,0,0,0,0,0,0,0,43,43,6279020,0,0,0,0,0,0,0,0,0
200105,17,093,2,3,Kendall County                ,82,82,12111884,3,6,396938,1,3,131250,0,0,0,24,24,4690650,0,0,0,0,0,0,0,0,0
200105,17,097,2,3,Lake County                   ,323,323,62131450,0,0,0,1,4,327200,4,31,1478063,248,248,43415314,0,0,0,1,4,327200,2,12,795600
200105,17,109,2,3,McDonough County              ,2,2,225000,0,0,0,0,0,0,0,0,0,2,2,225000,0,0,0,0,0,0,0,0,0
200105,17,111,2,3,McHenry County                ,343,343,53842750,0,0,0,1,3,228400,0,0,0,311,311,49647293,0,0,0,0,0,0,0,0,0
200105,17,119,2,3,Madison County                ,126,126,17977216,4,8,589230,1,4,150000,1,5,579810,113,113,16584447,2,4,249500,1,4,150000,0,0,0
200105,17,133,2,3,Monroe County                 ,35,35,5343622,2,4,343122,0,0,0,0,0,0,26,26,3881415,2,4,343122,0,0,0,0,0,0
200105,17,163,2,3,St. Clair County              ,118,118,16097657,5,10,786011,0,0,0,1,5,260400,84,84,11798467,4,8,664683,0,0,0,0,0,0
200105,17,197,2,3,Will County                   ,747,747,90245788,2,4,471030,0,0,0,5,52,2354420,716,716,87175750,2,4,471030,0,0,0,4,47,2179420
200105,18,003,2,3,Allen County                  ,215,215,34304419,4,8,569360,0,0,0,7,102,3805690,215,215,34304419,4,8,569360,0,0,0,7,102,3805690
200105,18,011,2,3,Boone County                  ,58,58,11073498,0,0,0,0,0,0,0,0,0,58,58,11073498,0,0,0,0,0,0,0,0,0
200105,18,013,2,3,Brown County                  ,16,16,957409,0,0,0,0,0,0,0,0,0, , , , , , , , , , , , 
200105,18,019,2,3,Clark County                  ,91,91,8650129,0,0,0,0,0,0,0,0,0,36,36,3343686,0,0,0,0,0,0,0,0,0
200105,18,027,2,3,Daviess County                ,1,1,155465,0,0,0,0,0,0,0,0,0,1,1,155465,0,0,0,0,0,0,0,0,0
200105,18,029,2,3,Dearborn County               ,34,34,2501000,1,2,84583,0,0,0,0,0,0,34,34,2501000,0,0,0,0,0,0,0,0,0
200105,18,031,2,3,Decatur County                ,11,11,1375320,0,0,0,0,0,0,0,0,0,9,9,1160000,0,0,0,0,0,0,0,0,0
200105,18,033,2,3,De Kalb County                ,27,27,3596310,0,0,0,0,0,0,0,0,0,27,27,3596310,0,0,0,0,0,0,0,0,0
200105,18,041,2,3,Fayette County                ,8,8,777000,0,0,0,0,0,0,0,0,0,8,8,777000,0,0,0,0,0,0,0,0,0
200105,18,043,2,3,Floyd County                  ,32,32,7151950,1,2,90000,0,0,0,0,0,0,32,32,7151950,1,2,90000,0,0,0,0,0,0
200105,18,047,2,3,Franklin County               ,15,15,1849000,0,0,0,0,0,0,0,0,0,15,15,1849000,0,0,0,0,0,0,0,0,0
200105,18,057,2,3,Hamilton County               ,405,405,71557878,2,4,410000,0,0,0,1,5,324643,345,345,62750052,2,4,410000,0,0,0,0,0,0
200105,18,059,2,3,Hancock County                ,125,125,19013088,0,0,0,5,20,900880,0,0,0,125,125,19013088,0,0,0,5,20,900880,0,0,0
200105,18,061,2,3,Harrison County               ,18,18,2984500,0,0,0,0,0,0,0,0,0,18,18,2984500,0,0,0,0,0,0,0,0,0
200105,18,063,2,3,Hendricks County              ,194,194,26742292,2,4,319209,0,0,0,1,7,400000,135,135,20456630,0,0,0,0,0,0,1,7,400000
200105,18,069,2,3,Huntington County             ,17,17,1696600,0,0,0,0,0,0,0,0,0,17,17,1696600,0,0,0,0,0,0,0,0,0
200105,18,079,2,3,Jennings County               ,20,20,1564399,0,0,0,0,0,0,0,0,0,20,20,1564399,0,0,0,0,0,0,0,0,0
200105,18,081,2,3,Johnson County                ,181,181,25998951,1,2,97625,0,0,0,0,0,0,127,127,15215165,0,0,0,0,0,0,0,0,0
200105,18,087,2,3,Lagrange County               ,25,25,1943923,1,2,100000,0,0,0,0,0,0, , , , , , , , , , , , 
200105,18,089,2,3,Lake County                   ,171,171,25159706,9,18,2098747,3,11,1126576,1,12,1228506,154,154,23164838,9,18,2098747,3,11,1126576,1,12,1228506
200105,18,095,2,3,Madison County                ,36,36,4197440,0,0,0,0,0,0,0,0,0,34,34,3986827,0,0,0,0,0,0,0,0,0
200105,18,097,2,3,Marion County                 ,680,680,99102592,21,42,3602784,0,0,0,0,0,0,680,680,99102592,21,42,3602784,0,0,0,0,0,0
200105,18,105,2,3,Monroe County                 ,55,55,7880365,1,2,171561,1,4,296145,0,0,0,53,53,7730363,1,2,171561,1,4,296145,0,0,0
200105,18,107,2,3,Montgomery County             ,15,15,1440186,2,4,352000,0,0,0,6,96,3166464,3,3,190000,2,4,352000,0,0,0,6,96,3166464
200105,18,109,2,3,Morgan County                 ,39,39,4377860,0,0,0,0,0,0,0,0,0,38,38,4241616,0,0,0,0,0,0,0,0,0
200105,18,115,2,3,Ohio County                   ,1,1,122000,0,0,0,0,0,0,0,0,0,1,1,122000,0,0,0,0,0,0,0,0,0
200105,18,127,2,3,Porter County                 ,101,101,16842218,3,6,639100,1,4,200000,0,0,0,100,100,16726205,3,6,639100,1,4,200000,0,0,0
200105,18,135,2,3,Randolph County               ,6,6,408000,2,4,336000,0,0,0,0,0,0,6,6,408000,2,4,336000,0,0,0,0,0,0
200105,18,143,2,3,Scott County                  ,15,15,874836,0,0,0,0,0,0,2,10,382351,5,5,291000,0,0,0,0,0,0,0,0,0
200105,18,145,2,3,Shelby County                 ,25,25,3479600,0,0,0,0,0,0,0,0,0,25,25,3479600,0,0,0,0,0,0,0,0,0
200105,18,157,2,3,Tippecanoe County             ,101,101,13101808,5,10,613122,0,0,0,0,0,150951,101,101,13101808,5,10,613122,0,0,0,0,0,150951
200105,18,163,2,3,Vanderburgh County            ,60,60,5212310,0,0,0,1,3,80000,0,0,0,60,60,5212310,0,0,0,1,3,80000,0,0,0
200105,18,179,2,3,Wells County                  ,16,16,2333694,0,0,0,0,0,0,0,0,0,16,16,2333694,0,0,0,0,0,0,0,0,0
200105,18,181,2,3,White County                  ,15,15,1445788,0,0,0,0,0,0,0,0,0, , , , , , , , , , , , 
200105,20,025,2,4,Clark County                  ,0,0,0,0,0,0,0,0,0,0,0,0,0,0,0,0,0,0,0,0,0,0,0,0
200105,20,063,2,4,Gove County                   ,0,0,0,0,0,0,0,0,0,0,0,0,0,0,0,0,0,0,0,0,0,0,0,0
200105,20,091,2,4,Johnson County                ,384,384,59676631,5,10,917040,2,6,548530,37,394,17420455,378,378,58510766,5,10,917040,2,6,548530,37,394,17420455
200105,20,103,2,4,Leavenworth County            ,42,42,4569911,4,8,644647,0,0,0,0,0,0,42,42,4569911,4,8,644647,0,0,0,0,0,0
200105,20,105,2,4,Lincoln County                ,0,0,0,0,0,0,0,0,0,0,0,0,0,0,0,0,0,0,0,0,0,0,0,0
200105,20,121,2,4,Miami County                  ,17,17,2661488,1,2,188957,0,0,0,0,0,0, , , , , , , , , , , , 
200105,20,187,2,4,Stanton County                ,0,0,0,0,0,0,0,0,0,0,0,0,0,0,0,0,0,0,0,0,0,0,0,0
200105,20,209,2,4,Wyandotte County              ,17,17,2118320,0,0,0,0,0,0,0,0,0,1,1,85399,0,0,0,0,0,0,0,0,0
200105,21,015,3,6,Boone County                  ,130,130,11793016,0,0,0,0,0,0,1,12,450000,130,130,11793016,0,0,0,0,0,0,1,12,450000
200105,21,021,3,6,Boyle County                  ,11,11,1520000,0,0,0,0,0,0,0,0,0,11,11,1520000,0,0,0,0,0,0,0,0,0
200105,21,029,3,6,Bullitt County                ,53,53,7585989,0,0,0,0,0,0,3,25,885000,53,53,7585989,0,0,0,0,0,0,3,25,885000
200105,21,035,3,6,Calloway County               ,2,2,89915,0,0,0,0,0,0,0,0,0,2,2,89915,0,0,0,0,0,0,0,0,0
200105,21,037,3,6,Campbell County               ,14,14,2095587,0,0,0,0,0,0,1,5,295455,1,1,415000,0,0,0,0,0,0,0,0,0
200105,21,049,3,6,Clark County                  ,22,22,2702485,0,0,0,0,0,0,0,0,0, , , , , , , , , , , , 
200105,21,067,3,6,Fayette County                ,188,188,19009800,1,2,140000,3,12,1800000,0,0,0,188,188,19009800,1,2,140000,3,12,1800000,0,0,0
200105,21,073,3,6,Franklin County               ,14,14,1690642,0,0,0,1,4,300000,1,5,250000, , , , , , , , , , , , 
200105,21,077,3,6,Gallatin County               ,0,0,0,0,0,0,0,0,0,0,0,0,0,0,0,0,0,0,0,0,0,0,0,0
200105,21,081,3,6,Grant County                  ,7,7,930000,0,0,0,1,4,125000,0,0,0,7,7,930000,0,0,0,1,4,125000,0,0,0
200105,21,097,3,6,Harrison County               ,6,6,420004,0,0,0,0,0,0,0,0,0, , , , , , , , , , , , 
200105,21,099,3,6,Hart County                   ,2,2,130000,0,0,0,0,0,0,0,0,0,2,2,130000,0,0,0,0,0,0,0,0,0
200105,21,111,3,6,Jefferson County              ,282,282,34158397,0,0,0,0,0,0,0,0,0,282,282,34158397,0,0,0,0,0,0,0,0,0
200105,21,113,3,6,Jessamine County              ,40,40,4659830,0,0,0,9,36,1080000,0,0,0,40,40,4659830,0,0,0,9,36,1080000,0,0,0
200105,21,117,3,6,Kenton County                 ,57,57,5665833,0,0,0,0,0,0,3,16,522778,33,33,3426480,0,0,0,0,0,0,0,0,0
200105,21,123,3,6,Larue County                  ,11,11,440500,0,0,0,0,0,0,0,0,0, , , , , , , , , , , , 
200105,21,125,3,6,Laurel County                 ,4,4,330000,0,0,0,0,0,0,0,0,0,4,4,330000,0,0,0,0,0,0,0,0,0
200105,21,157,3,6,Marshall County               ,15,15,2212500,0,0,0,0,0,0,0,0,0,15,15,2212500,0,0,0,0,0,0,0,0,0
200105,21,161,3,6,Mason County                  ,0,0,0,0,0,0,0,0,0,0,0,0,0,0,0,0,0,0,0,0,0,0,0,0
200105,21,167,3,6,Mercer County                 ,7,7,515715,0,0,0,0,0,0,0,0,0,7,7,515715,0,0,0,0,0,0,0,0,0
200105,21,179,3,6,Nelson County                 ,46,46,4314000,1,2,65000,1,4,155000,0,0,0,46,46,4314000,1,2,65000,1,4,155000,0,0,0
200105,21,185,3,6,Oldham County                 ,45,45,5584828,0,0,0,0,0,0,0,0,0,45,45,5584828,0,0,0,0,0,0,0,0,0
200105,21,191,3,6,Pendleton County              ,0,0,0,0,0,0,0,0,0,0,0,0,0,0,0,0,0,0,0,0,0,0,0,0
200105,21,209,3,6,Scott County                  ,19,19,2455327,0,0,0,0,0,0,0,0,0, , , , , , , , , , , , 
200105,21,211,3,6,Shelby County                 ,40,40,5012488,1,2,155000,0,0,0,1,12,240000,40,40,5012488,1,2,155000,0,0,0,1,12,240000
200105,21,213,3,6,Simpson County                ,6,6,892000,0,0,0,0,0,0,0,0,0,6,6,892000,0,0,0,0,0,0,0,0,0
200105,21,239,3,6,Woodford County               ,18,18,2634410,0,0,0,0,0,0,0,0,0,18,18,2634410,0,0,0,0,0,0,0,0,0
200105,22,007,3,7,Assumption Parish             ,11,11,1291330,0,0,0,0,0,0,0,0,0,11,11,1291330,0,0,0,0,0,0,0,0,0
200105,22,071,3,7,Orleans Parish                ,40,40,4964292,0,0,0,0,0,0,0,0,0,40,40,4964292,0,0,0,0,0,0,0,0,0
200105,22,087,3,7,St. Bernard Parish            ,17,17,884175,0,0,0,0,0,0,0,0,0,17,17,884175,0,0,0,0,0,0,0,0,0
200105,22,089,3,7,St. Charles Parish            ,15,15,1967000,0,0,0,0,0,0,0,0,0,15,15,1967000,0,0,0,0,0,0,0,0,0
200105,22,109,3,7,Terrebonne Parish             ,44,44,3783415,0,0,0,0,0,0,0,0,0,44,44,3783415,0,0,0,0,0,0,0,0,0
200105,24,003,3,5,Anne Arundel County           ,192,192,23200960,0,0,0,0,0,0,3,62,3685644,179,179,22215206,0,0,0,0,0,0,3,62,3685644
200105,24,005,3,5,Baltimore County              ,208,208,24934512,2,4,457867,0,0,0,2,56,1719222, , , , , , , , , , , , 
200105,24,009,3,5,Calvert County                ,82,82,10176798,0,0,0,0,0,0,0,0,0,82,82,10176798,0,0,0,0,0,0,0,0,0
200105,24,013,3,5,Carroll County                ,99,99,12231086,0,0,0,0,0,0,0,0,0,99,99,12231086,0,0,0,0,0,0,0,0,0
200105,24,015,3,5,Cecil County                  ,74,74,8829152,0,0,0,0,0,0,0,0,0,72,72,8661190,0,0,0,0,0,0,0,0,0
200105,24,017,3,5,Charles County                ,139,139,17238404,0,0,0,0,0,0,0,0,0,139,139,17238404,0,0,0,0,0,0,0,0,0
200105,24,021,3,5,Frederick County              ,137,137,16503696,0,0,0,0,0,0,1,12,536700,137,137,16503696,0,0,0,0,0,0,1,12,536700
200105,24,023,3,5,Garrett County                ,29,29,5960171,0,0,0,0,0,0,0,0,0,29,29,5960171,0,0,0,0,0,0,0,0,0
200105,24,025,3,5,Harford County                ,141,141,17254807,0,0,0,0,0,0,0,0,0,134,134,16630378,0,0,0,0,0,0,0,0,0
200105,24,027,3,5,Howard County                 ,84,84,10425013,0,0,0,0,0,0,0,0,0,84,84,10425013,0,0,0,0,0,0,0,0,0
200105,24,031,3,5,Montgomery County             ,313,313,37802120,4,8,490000,0,0,0,6,132,7846856,313,313,37802120,4,8,490000,0,0,0,6,132,7846856
200105,24,033,3,5,Prince George's County        ,212,212,26238331,0,0,0,0,0,0,0,0,0,209,209,25938425,0,0,0,0,0,0,0,0,0
200105,24,035,3,5,Queen Anne's County           ,51,51,6454828,0,0,0,0,0,0,0,0,0,51,51,6454828,0,0,0,0,0,0,0,0,0
200105,24,039,3,5,Somerset County               ,4,4,260922,0,0,0,0,0,0,0,0,0,3,3,150755,0,0,0,0,0,0,0,0,0
200105,24,043,3,5,Washington County             ,102,102,11614798,0,0,0,0,0,0,2,36,840000,102,102,11614798,0,0,0,0,0,0,2,36,840000
200105,24,510,3,5,Baltimore (Independent City)  ,2,2,248215,0,0,0,0,0,0,0,0,0,2,2,248215,0,0,0,0,0,0,0,0,0
200105,25,009,1,1,Essex County                  ,105,105,18981865,3,6,432667,0,0,0,0,0,0,53,53,8725924,2,4,310000,0,0,0,0,0,0
200105,25,017,1,1,Middlesex County              ,216,216,47365126,4,8,630883,12,36,12750000,4,205,13000000,153,153,35298604,2,4,340000,12,36,12750000,4,205,13000000
200105,25,019,1,1,Nantucket County              ,29,29,14551800,0,0,0,0,0,0,0,0,0,29,29,14551800,0,0,0,0,0,0,0,0,0
200105,25,021,1,1,Norfolk County                ,109,109,23413079,0,0,0,2,6,764444,1,5,428947,74,74,14601312,0,0,0,1,3,300000,0,0,0
200105,25,023,1,1,Plymouth County               ,150,150,24281578,1,2,315611,0,0,0,1,5,316406,93,93,16220357,0,0,0,0,0,0,0,0,0
200105,25,025,1,1,Suffolk County                ,10,10,1150000,8,16,1535000,3,10,650000,0,0,0,10,10,1150000,8,16,1535000,3,10,650000,0,0,0
200105,26,000,2,3,Michigan Balance of State     ,25,25,1330510,0,0,0,0,0,0,0,0,0, , , , , , , , , , , , 
200105,26,005,2,3,Allegan County                ,62,62,7181276,1,2,110000,0,0,0,0,0,0,29,29,4389794,0,0,0,0,0,0,0,0,0
200105,26,009,2,3,Antrim County                 ,26,26,2834043,0,0,0,0,0,0,0,0,0,26,26,2834043,0,0,0,0,0,0,0,0,0
200105,26,019,2,3,Benzie County                 ,30,30,3350000,0,0,0,0,0,0,0,0,0,30,30,3350000,0,0,0,0,0,0,0,0,0
200105,26,029,2,3,Charlevoix County             ,42,42,6260124,0,0,0,0,0,0,0,0,0, , , , , , , , , , , , 
200105,26,031,2,3,Cheboygan County              ,25,25,3350000,0,0,0,0,0,0,0,0,0,25,25,3350000,0,0,0,0,0,0,0,0,0
200105,26,043,2,3,Dickinson County              ,14,14,1229000,0,0,0,0,0,0,0,0,0,14,14,1229000,0,0,0,0,0,0,0,0,0
200105,26,049,2,3,Genesee County                ,194,194,25530482,2,4,460747,0,0,0,1,12,326364,176,176,23773630,1,2,264080,0,0,0,0,0,0
200105,26,051,2,3,Gladwin County                ,37,37,4139508,0,0,0,0,0,0,0,0,0,37,37,4139508,0,0,0,0,0,0,0,0,0
200105,26,059,2,3,Hillsdale County              ,32,32,3262571,0,0,0,0,0,0,0,0,0,26,26,2581441,0,0,0,0,0,0,0,0,0
200105,26,079,2,3,Kalkaska County               ,24,24,1985820,0,0,0,0,0,0,0,0,0,24,24,1985820,0,0,0,0,0,0,0,0,0
200105,26,081,2,3,Kent County                   ,282,282,37488127,0,0,0,0,0,0,0,0,0,245,245,33617624,0,0,0,0,0,0,0,0,0
200105,26,087,2,3,Lapeer County                 ,84,84,11439013,0,0,0,0,0,0,0,0,0,43,43,5439700,0,0,0,0,0,0,0,0,0
200105,26,089,2,3,Leelanau County               ,33,33,4742561,0,0,0,0,0,0,0,0,0,33,33,4742561,0,0,0,0,0,0,0,0,0
200105,26,091,2,3,Lenawee County                ,48,48,5453175,0,0,0,0,0,0,0,0,0,7,7,1090000,0,0,0,0,0,0,0,0,0
200105,26,093,2,3,Livingston County             ,203,203,27789147,0,0,0,0,0,0,14,188,10662470,203,203,27789147,0,0,0,0,0,0,14,188,10662470
200105,26,099,2,3,Macomb County                 ,394,394,53285997,1,2,397000,0,0,0,4,174,10093495,389,389,52664530,1,2,397000,0,0,0,4,174,10093495
200105,26,113,2,3,Missaukee County              ,10,10,1118786,0,0,0,0,0,0,0,0,0,10,10,1118786,0,0,0,0,0,0,0,0,0
200105,26,115,2,3,Monroe County                 ,72,72,9830707,1,2,76321,0,0,0,2,12,383834,56,56,8022933,0,0,0,0,0,0,0,0,0
200105,26,119,2,3,Montmorency County            ,11,11,2831000,0,0,0,0,0,0,0,0,0,11,11,2831000,0,0,0,0,0,0,0,0,0
200105,26,121,2,3,Muskegon County               ,92,92,12004430,0,0,0,0,0,0,0,0,0,79,79,10375537,0,0,0,0,0,0,0,0,0
200105,26,125,2,3,Oakland County                ,413,413,77005290,3,6,654750,0,0,0,9,76,1653424,318,318,58150919,0,0,0,0,0,0,9,76,1653424
200105,26,129,2,3,Ogemaw County                 ,15,15,823713,0,0,0,0,0,0,0,0,0, , , , , , , , , , , , 
200105,26,135,2,3,Oscoda County                 ,8,8,820000,0,0,0,0,0,0,0,0,0,8,8,820000,0,0,0,0,0,0,0,0,0
200105,26,137,2,3,Otsego County                 ,34,34,4343353,0,0,0,0,0,0,0,0,0, , , , , , , , , , , , 
200105,26,139,2,3,Ottawa County                 ,168,168,24183114,1,2,300000,0,0,0,4,31,1590689,73,73,10964305,1,2,300000,0,0,0,0,0,0
200105,26,141,2,3,Presque Isle County           ,16,16,1546073,0,0,0,0,0,0,0,0,0, , , , , , , , , , , , 
200105,26,147,2,3,St. Clair County              ,86,86,9441976,2,4,270000,1,4,300000,0,0,0,63,63,7273777,2,4,270000,1,4,300000,0,0,0
200105,26,153,2,3,Schoolcraft County            ,15,15,651525,0,0,0,0,0,0,0,0,0,15,15,651525,0,0,0,0,0,0,0,0,0
200105,26,161,2,3,Washtenaw County              ,198,198,33362833,0,0,0,0,0,32000,1,5,1083333,75,75,14967233,0,0,0,0,0,32000,0,0,0
200105,26,163,2,3,Wayne County                  ,301,301,43582901,3,6,466861,6,24,1994534,5,41,2472167,242,242,36393258,3,6,466861,6,24,1994534,3,31,1954033
200105,27,003,2,4,Anoka County                  ,186,186,29512471,3,6,776000,1,3,435000,1,50,2980000,178,178,28303951,3,6,776000,0,0,0,1,50,2980000
200105,27,019,2,4,Carver County                 ,106,106,19767825,1,2,228000,1,4,527000,2,12,1087988,106,106,19767825,1,2,228000,1,4,527000,2,12,1087988
200105,27,025,2,4,Chisago County                ,74,74,8606298,0,0,0,0,0,0,0,0,0,54,54,6365230,0,0,0,0,0,0,0,0,0
200105,27,031,2,4,Cook County                   ,13,13,1198206,1,2,200000,1,3,385714,0,0,0,1,1,70000,0,0,0,0,0,0,0,0,0
200105,27,037,2,4,Dakota County                 ,187,187,34097922,2,4,491726,0,0,0,12,122,9507372,183,183,33298755,2,4,491726,0,0,0,12,122,9507372
200105,27,053,2,4,Hennepin County               ,315,315,61308380,2,4,571956,0,0,0,6,143,15774778,308,308,59536631,2,4,571956,0,0,0,6,143,15774778
200105,27,059,2,4,Isanti County                 ,41,41,4382375,0,0,0,0,0,0,0,0,0,11,11,1460000,0,0,0,0,0,0,0,0,0
200105,27,109,2,4,Olmsted County                ,110,110,16043420,6,12,1347561,2,8,642171,3,42,1832272,44,44,6668892,2,4,453348,0,0,0,0,0,0
200105,27,123,2,4,Ramsey County                 ,62,62,11681567,2,4,634286,3,12,1320000,1,7,761250,56,56,10256488,1,2,340000,0,0,0,0,0,0
200105,27,139,2,4,Scott County                  ,200,200,28462074,0,0,0,0,0,0,1,52,2723496,200,200,28462074,0,0,0,0,0,0,1,52,2723496
200105,27,141,2,4,Sherburne County              ,124,124,18122658,1,2,120000,0,0,0,2,14,1624108,124,124,18122658,1,2,120000,0,0,0,2,14,1624108
200105,27,163,2,4,Washington County             ,132,132,25112662,4,8,939500,0,0,0,4,23,2003686,111,111,21606972,4,8,939500,0,0,0,3,18,1591186
200105,27,171,2,4,Wright County                 ,211,211,30913590,0,0,0,1,4,580000,0,0,0,204,204,29765528,0,0,0,1,4,580000,0,0,0
200105,28,025,3,6,Clay County                   ,2,2,183040,0,0,0,0,0,0,0,0,0, , , , , , , , , , , , 
200105,28,033,3,6,DeSoto County                 ,196,196,21010558,0,0,0,0,0,0,0,0,0,196,196,21010558,0,0,0,0,0,0,0,0,0
200105,28,037,3,6,Franklin County               ,0,0,0,0,0,0,0,0,0,0,0,0,0,0,0,0,0,0,0,0,0,0,0,0
200105,28,039,3,6,George County                 ,0,0,0,0,0,0,0,0,0,0,0,0,0,0,0,0,0,0,0,0,0,0,0,0
200105,28,043,3,6,Grenada County                ,2,2,194500,0,0,0,0,0,0,0,0,0,2,2,194500,0,0,0,0,0,0,0,0,0
200105,28,047,3,6,Harrison County               ,91,91,10839588,0,0,0,0,0,0,0,0,0,91,91,10839588,0,0,0,0,0,0,0,0,0
200105,28,071,3,6,Lafayette County              ,6,6,584000,0,0,0,0,0,0,0,0,0,6,6,584000,0,0,0,0,0,0,0,0,0
200105,28,085,3,6,Lincoln County                ,3,3,578685,0,0,0,0,0,0,0,0,0,3,3,578685,0,0,0,0,0,0,0,0,0
200105,28,131,3,6,Stone County                  ,1,1,60500,0,0,0,0,0,0,0,0,0, , , , , , , , , , , , 
200105,28,149,3,6,Warren County                 ,2,2,236582,0,0,0,0,0,0,1,5,125000, , , , , , , , , , , , 
200105,28,153,3,6,Wayne County                  ,1,1,65000,0,0,0,0,0,0,0,0,0,1,1,65000,0,0,0,0,0,0,0,0,0
200105,28,159,3,6,Winston County                ,1,1,142000,0,0,0,0,0,0,0,0,0,1,1,142000,0,0,0,0,0,0,0,0,0
200105,28,163,3,6,Yazoo County                  ,0,0,0,0,0,0,0,0,0,0,0,0, , , , , , , , , , , , 
200105,29,011,2,4,Barton County                 ,2,2,100998,0,0,0,0,0,0,0,0,0, , , , , , , , , , , , 
200105,29,019,2,4,Boone County                  ,99,99,11566815,3,6,317724,0,0,0,1,21,872961,41,41,5267593,0,0,0,0,0,0,0,0,0
200105,29,023,2,4,Butler County                 ,0,0,0,0,0,0,0,0,0,0,0,0,0,0,0,0,0,0,0,0,0,0,0,0
200105,29,031,2,4,Cape Girardeau County         ,16,16,2023957,1,2,138200,0,0,0,0,0,0,6,6,840000,0,0,0,0,0,0,0,0,0
200105,29,035,2,4,Carter County                 ,1,1,45000,0,0,0,0,0,0,0,0,0,1,1,45000,0,0,0,0,0,0,0,0,0
200105,29,037,2,4,Cass County                   ,69,69,7521635,10,20,1361554,2,8,360000,0,0,0,67,67,7431100,10,20,1361554,2,8,360000,0,0,0
200105,29,047,2,4,Clay County                   ,58,58,7850797,0,0,0,0,0,0,0,0,0,58,58,7850797,0,0,0,0,0,0,0,0,0
200105,29,049,2,4,Clinton County                ,21,21,2594918,1,2,220000,0,0,0,0,0,0,21,21,2594918,1,2,220000,0,0,0,0,0,0
200105,29,071,2,4,Franklin County               ,52,52,9353508,1,2,166355,1,4,225000,1,8,250000,7,7,873000,0,0,0,1,4,225000,1,8,250000
200105,29,077,2,4,Greene County                 ,163,163,22330395,1,2,110000,0,0,0,0,0,0,163,163,22330395,1,2,110000,0,0,0,0,0,0
200105,29,095,2,4,Jackson County                ,297,297,38914252,7,14,1112611,7,27,1433515,1,9,750000,292,292,38277723,7,14,1112611,7,27,1433515,1,9,750000
200105,29,099,2,4,Jefferson County              ,158,158,17457090,0,0,0,1,4,130000,1,23,210000,157,157,17365590,0,0,0,1,4,130000,1,23,210000
200105,29,105,2,4,Laclede County                ,8,8,688606,1,2,100000,0,0,0,0,0,0, , , , , , , , , , , , 
200105,29,107,2,4,Lafayette County              ,2,2,260000,0,0,0,0,0,0,0,0,0,2,2,260000,0,0,0,0,0,0,0,0,0
200105,29,111,2,4,Lewis County                  ,0,0,0,0,0,0,0,0,0,0,0,0, , , , , , , , , , , , 
200105,29,113,2,4,Lincoln County                ,3,3,265000,0,0,0,0,0,0,0,0,0,3,3,265000,0,0,0,0,0,0,0,0,0
200105,29,129,2,4,Mercer County                 ,3,3,270000,0,0,0,0,0,0,0,0,0,3,3,270000,0,0,0,0,0,0,0,0,0
200105,29,165,2,4,Platte County                 ,34,34,6023702,1,2,155000,0,0,0,2,24,717000,33,33,5885865,1,2,155000,0,0,0,2,24,717000
200105,29,167,2,4,Polk County                   ,1,1,98014,1,2,86836,0,0,0,1,8,222284,1,1,98014,1,2,86836,0,0,0,1,8,222284
200105,29,177,2,4,Ray County                    ,12,12,1157756,0,0,0,0,0,0,0,0,0,12,12,1157756,0,0,0,0,0,0,0,0,0
200105,29,183,2,4,St. Charles County            ,348,348,41364441,2,4,400000,0,0,0,1,12,686529,348,348,41364441,2,4,400000,0,0,0,1,12,686529
200105,29,189,2,4,St. Louis County              ,205,205,32904298,17,34,2916540,0,0,0,5,37,1780879,188,188,30162435,17,34,2916540,0,0,0,3,27,1401569
200105,29,211,2,4,Sullivan County               ,0,0,0,0,0,0,0,0,0,0,0,0,0,0,0,0,0,0,0,0,0,0,0,0
200105,29,510,2,4,St. Louis (Independent City)  ,10,10,1458559,4,8,686245,0,0,0,0,0,0,10,10,1458559,4,8,686245,0,0,0,0,0,0
200105,30,029,4,8,Flathead County               ,23,23,3045388,1,2,110188,0,0,0,0,0,0,17,17,2087523,0,0,0,0,0,0,0,0,0
200105,30,093,4,8,Silver Bow County             ,2,2,58450,0,0,0,0,0,0,0,0,0,2,2,58450,0,0,0,0,0,0,0,0,0
200105,31,001,2,4,Adams County                  ,6,6,573000,0,0,0,0,0,0,0,0,0,6,6,573000,0,0,0,0,0,0,0,0,0
200105,31,077,2,4,Greeley County                ,0,0,0,0,0,0,0,0,0,0,0,0, , , , , , , , , , , , 
200105,32,001,4,8,Churchill County              ,3,3,338932,0,0,0,0,0,0,0,0,0,3,3,338932,0,0,0,0,0,0,0,0,0
200105,32,003,4,8,Clark County                  ,1965,1965,224123402,1,2,301472,0,0,0,24,235,13257878,1716,1716,201491228,1,2,301472,0,0,0,19,192,10653641
200105,32,005,4,8,Douglas County                ,47,47,8119313,0,0,0,0,0,0,0,0,0,47,47,8119313,0,0,0,0,0,0,0,0,0
200105,32,007,4,8,Elko County                   ,12,12,1037928,0,0,0,0,0,0,0,0,0,12,12,1037928,0,0,0,0,0,0,0,0,0
200105,32,013,4,8,Humboldt County               ,0,0,0,0,0,0,0,0,0,0,0,0,0,0,0,0,0,0,0,0,0,0,0,0
200105,32,015,4,8,Lander County                 ,0,0,0,0,0,0,0,0,0,0,0,0,0,0,0,0,0,0,0,0,0,0,0,0
200105,32,017,4,8,Lincoln County                ,1,1,67110,0,0,0,0,0,0,0,0,0, , , , , , , , , , , , 
200105,32,019,4,8,Lyon County                   ,18,18,1672045,0,0,0,0,0,0,1,5,277008,0,0,0,0,0,0,0,0,0,0,0,0
200105,32,021,4,8,Mineral County                ,0,0,0,0,0,0,0,0,0,0,0,0, , , , , , , , , , , , 
200105,32,023,4,8,Nye County                    ,0,0,0,0,0,0,0,0,0,0,0,0,0,0,0,0,0,0,0,0,0,0,0,0
200105,32,027,4,8,Pershing County               ,3,3,191820,0,0,0,0,0,0,0,0,0,3,3,191820,0,0,0,0,0,0,0,0,0
200105,32,029,4,8,Storey County                 ,3,3,281884,0,0,0,0,0,0,0,0,0, , , , , , , , , , , , 
200105,32,031,4,8,Washoe County                 ,346,346,44264737,2,4,211598,1,4,160000,8,112,5018766,116,116,14672268,1,2,145000,1,4,160000,2,24,1259455
200105,32,033,4,8,White Pine County             ,1,1,145828,0,0,0,0,0,0,0,0,0, , , , , , , , , , , , 
200105,32,510,4,8,Carson City (Independent City),31,31,5578677,0,0,0,0,0,0,3,18,845526,31,31,5578677,0,0,0,0,0,0,3,18,845526
200105,33,015,1,1,Rockingham County             ,140,140,22029149,4,8,451123,0,0,0,0,0,0,85,85,13904211,2,4,184000,0,0,0,0,0,0
200105,34,001,1,2,Atlantic County               ,143,143,10701708,1,2,297100,0,0,0,2,12,762793,54,54,3727151,0,0,0,0,0,0,1,5,343205
200105,34,003,1,2,Bergen County                 ,118,118,21655311,5,10,777713,3,11,962101,2,35,2657832,43,43,8154409,2,4,259000,2,8,955801,0,0,0
200105,34,005,1,2,Burlington County             ,204,204,21279405,0,0,0,1,4,141961,2,10,347946,120,120,12613679,0,0,0,0,0,0,0,0,0
200105,34,007,1,2,Camden County                 ,41,41,3006885,0,0,0,0,0,0,1,46,2477000,38,38,2733572,0,0,0,0,0,0,1,46,2477000
200105,34,009,1,2,Cape May County               ,68,68,8344423,14,28,3237296,1,3,76781,0,0,0,63,63,7035853,11,22,2491950,1,3,76781,0,0,0
200105,34,011,1,2,Cumberland County             ,19,19,1794625,0,0,0,0,0,0,0,0,0,8,8,702251,0,0,0,0,0,0,0,0,0
200105,34,013,1,2,Essex County                  ,44,44,5577452,29,58,4106574,0,0,0,1,5,123500,13,13,2072799,29,58,4106574,0,0,0,0,0,0
200105,34,015,1,2,Gloucester County             ,137,137,11682154,0,0,0,0,0,0,0,0,0,65,65,6767880,0,0,0,0,0,0,0,0,0
200105,34,017,1,2,Hudson County                 ,3,3,172870,8,16,1022047,2,6,242800,1,13,1155526,3,3,172870,0,0,0,1,3,122000,0,0,0
200105,34,019,1,2,Hunterdon County              ,59,59,7351904,0,0,0,0,0,0,0,0,0,44,44,5333793,0,0,0,0,0,0,0,0,0
200105,34,021,1,2,Mercer County                 ,90,90,7637835,0,0,0,0,0,0,0,0,0,48,48,4769250,0,0,0,0,0,0,0,0,0
200105,34,023,1,2,Middlesex County              ,142,142,16158444,2,4,216400,0,0,0,2,14,413562,97,97,11398580,0,0,0,0,0,0,0,0,0
200105,34,025,1,2,Monmouth County               ,143,143,19779547,0,0,0,0,0,0,1,8,566234,104,104,14946791,0,0,0,0,0,0,0,0,0
200105,34,027,1,2,Morris County                 ,114,114,19444046,0,0,0,0,0,0,1,38,25236000,49,49,8549123,0,0,0,0,0,0,1,38,25236000
200105,34,029,1,2,Ocean County                  ,223,223,24922497,1,2,141606,1,3,39900,1,20,463567,159,159,19762879,1,2,141606,0,0,0,0,0,0
200105,34,031,1,2,Passaic County                ,24,24,2399660,1,2,100000,0,0,0,0,0,0,13,13,1337900,1,2,100000,0,0,0,0,0,0
200105,34,033,1,2,Salem County                  ,19,19,1824496,0,0,0,0,0,0,0,0,0,15,15,1409263,0,0,0,0,0,0,0,0,0
200105,34,035,1,2,Somerset County               ,68,68,15987455,0,0,0,0,0,0,2,13,288400,62,62,13712914,0,0,0,0,0,0,1,8,287600
200105,34,037,1,2,Sussex County                 ,60,60,8977440,0,0,0,0,0,0,1,8,638500,53,53,7993367,0,0,0,0,0,0,1,8,638500
200105,34,039,1,2,Union County                  ,11,11,1332981,5,10,552791,0,0,0,0,0,250000,9,9,1163800,5,10,552791,0,0,0,0,0,250000
200105,34,041,1,2,Warren County                 ,58,58,6142380,2,4,230290,0,0,0,1,5,250219,29,29,3091464,0,0,0,0,0,0,0,0,0
200105,35,000,4,8,New Mexico Balance of State   ,172,172,27715052,0,0,0,0,0,0,0,0,0,172,172,27715052,0,0,0,0,0,0,0,0,0
200105,35,001,4,8,Bernalillo County             ,358,358,37379942,0,0,0,3,12,649440,1,188,8000000,327,327,31830642,0,0,0,3,12,649440,1,188,8000000
200105,35,005,4,8,Chaves County                 ,3,3,368208,0,0,0,0,0,0,0,0,0, , , , , , , , , , , , 
200105,35,009,4,8,Curry County                  ,1,1,118263,0,0,0,0,0,0,0,0,0,1,1,118263,0,0,0,0,0,0,0,0,0
200105,35,013,4,8,Dona Ana County               ,64,64,8210471,0,0,0,0,0,0,14,232,8954000,60,60,7828700,0,0,0,0,0,0,14,232,8954000
200105,35,015,4,8,Eddy County                   ,5,5,411362,0,0,0,0,0,0,0,0,0,5,5,411362,0,0,0,0,0,0,0,0,0
200105,35,025,4,8,Lea County                    ,2,2,147750,0,0,0,0,0,0,0,0,0,2,2,147750,0,0,0,0,0,0,0,0,0
200105,35,027,4,8,Lincoln County                ,13,13,2494317,0,0,0,0,0,0,0,0,0,13,13,2494317,0,0,0,0,0,0,0,0,0
200105,35,028,4,8,Los Alamos County             ,16,16,4560000,0,0,0,0,0,0,0,0,0,16,16,4560000,0,0,0,0,0,0,0,0,0
200105,35,031,4,8,McKinley County               ,3,3,252000,0,0,0,0,0,0,0,0,0,3,3,252000,0,0,0,0,0,0,0,0,0
200105,35,035,4,8,Otero County                  ,7,7,909216,0,0,0,0,0,0,0,0,0,7,7,909216,0,0,0,0,0,0,0,0,0
200105,35,039,4,8,Rio Arriba County             ,1,1,174768,0,0,0,0,0,0,0,0,0, , , , , , , , , , , , 
200105,35,041,4,8,Roosevelt County              ,2,2,139500,1,2,85000,0,0,0,0,0,0,2,2,139500,1,2,85000,0,0,0,0,0,0
200105,35,043,4,8,Sandoval County               ,110,110,8631023,0,0,0,0,0,0,0,0,0,110,110,8631023,0,0,0,0,0,0,0,0,0
200105,35,045,4,8,San Juan County               ,19,19,2410153,0,0,0,0,0,0,0,0,0,13,13,1566319,0,0,0,0,0,0,0,0,0
200105,35,049,4,8,Santa Fe County               ,56,56,6147372,0,0,0,0,0,0,4,60,2280000,56,56,6147372,0,0,0,0,0,0,4,60,2280000
200105,35,053,4,8,Socorro County                ,2,2,84000,0,0,0,0,0,0,0,0,0,2,2,84000,0,0,0,0,0,0,0,0,0
200105,35,055,4,8,Taos County                   ,20,20,2315737,0,0,0,0,0,0,0,0,0,4,4,640259,0,0,0,0,0,0,0,0,0
200105,35,061,4,8,Valencia County               ,35,35,3848695,0,0,0,0,0,0,0,0,0,17,17,2202149,0,0,0,0,0,0,0,0,0
200105,36,005,1,2,Bronx County                  ,2,2,279305,13,26,1840878,15,45,3275235,1,36,2302992,2,2,279305,13,26,1840878,15,45,3275235,1,36,2302992
200105,36,027,1,2,Dutchess County               ,101,101,20464824,0,0,0,1,4,337790,0,0,0,77,77,17324592,0,0,0,1,4,337790,0,0,0
200105,36,047,1,2,Kings County                  ,25,25,3491318,24,48,3398544,36,116,8442828,5,36,2302992,25,25,3491318,24,48,3398544,36,116,8442828,5,36,2302992
200105,36,059,1,2,Nassau County                 ,75,75,18753342,2,4,158000,0,0,0,3,18,2336828,68,68,16935742,2,4,158000,0,0,0,1,8,1199118
200105,36,061,1,2,New York County               ,0,0,0,1,2,141606,4,12,873396,2,105,6717060,0,0,0,1,2,141606,4,12,873396,2,105,6717060
200105,36,071,1,2,Orange County                 ,168,168,22993878,2,4,246250,0,0,0,2,12,590706,131,131,18510378,1,2,115000,0,0,0,0,0,0
200105,36,079,1,2,Putnam County                 ,36,36,7148283,0,0,0,0,0,0,0,0,0,17,17,4323400,0,0,0,0,0,0,0,0,0
200105,36,081,1,2,Queens County                 ,10,10,1396527,51,102,7221906,30,91,6623253,3,251,16056972,10,10,1396527,51,102,7221906,30,91,6623253,3,251,16056972
200105,36,085,1,2,Richmond County               ,80,80,11172216,57,114,8071542,1,4,291132,0,0,0,80,80,11172216,57,114,8071542,1,4,291132,0,0,0
200105,36,099,1,2,Seneca County                 ,6,6,667957,0,0,0,0,0,0,0,0,0, , , , , , , , , , , , 
200105,36,103,1,2,Suffolk County                ,416,416,63702313,12,24,11499059,3,12,5864222,3,17,3032282,360,360,55067547,1,2,141606,0,0,0,2,12,1310900
200105,36,119,1,2,Westchester County            ,79,79,25739563,14,28,2459696,2,7,776136,1,6,232787,36,36,11410496,8,16,1330000,1,4,266136,0,0,0
200105,37,001,3,5,Alamance County               ,67,67,8037140,0,0,0,0,0,0,0,0,0,67,67,8037140,0,0,0,0,0,0,0,0,0
200105,37,003,3,5,Alexander County              ,16,16,3026173,0,0,0,0,0,0,0,0,0, , , , , , , , , , , , 
200105,37,005,3,5,Alleghany County              ,14,14,1530000,0,0,0,0,0,0,0,0,0,14,14,1530000,0,0,0,0,0,0,0,0,0
200105,37,009,3,5,Ashe County                   ,29,29,3876400,0,0,0,0,0,0,0,0,0,29,29,3876400,0,0,0,0,0,0,0,0,0
200105,37,011,3,5,Avery County                  ,22,22,2790000,0,0,0,0,0,0,0,0,0,22,22,2790000,0,0,0,0,0,0,0,0,0
200105,37,015,3,5,Bertie County                 ,4,4,239875,0,0,0,0,0,0,0,0,0,4,4,239875,0,0,0,0,0,0,0,0,0
200105,37,017,3,5,Bladen County                 ,6,6,543500,0,0,0,0,0,0,0,0,0,6,6,543500,0,0,0,0,0,0,0,0,0
200105,37,025,3,5,Cabarrus County               ,161,161,17599038,1,2,70000,0,0,0,10,112,4911200,161,161,17599038,1,2,70000,0,0,0,10,112,4911200
200105,37,027,3,5,Caldwell County               ,58,58,5558225,0,0,0,0,0,0,0,0,0,58,58,5558225,0,0,0,0,0,0,0,0,0
200105,37,029,3,5,Camden County                 ,3,3,372460,0,0,0,0,0,0,0,0,0,3,3,372460,0,0,0,0,0,0,0,0,0
200105,37,033,3,5,Caswell County                ,5,5,602940,0,0,0,0,0,0,0,0,0,5,5,602940,0,0,0,0,0,0,0,0,0
200105,37,037,3,5,Chatham County                ,52,52,9031090,0,0,0,0,0,0,0,0,0,52,52,9031090,0,0,0,0,0,0,0,0,0
200105,37,043,3,5,Clay County                   ,13,13,1422350,0,0,0,0,0,0,0,0,0,13,13,1422350,0,0,0,0,0,0,0,0,0
200105,37,053,3,5,Currituck County              ,29,29,4886348,0,0,0,0,0,0,0,0,0,29,29,4886348,0,0,0,0,0,0,0,0,0
200105,37,057,3,5,Davidson County               ,61,61,6927893,0,0,0,0,0,0,0,0,0,61,61,6927893,0,0,0,0,0,0,0,0,0
200105,37,059,3,5,Davie County                  ,30,30,4713925,0,0,0,0,0,0,0,0,0,30,30,4713925,0,0,0,0,0,0,0,0,0
200105,37,061,3,5,Duplin County                 ,10,10,1514507,0,0,0,0,0,0,0,0,0,10,10,1514507,0,0,0,0,0,0,0,0,0
200105,37,063,3,5,Durham County                 ,163,163,26988678,1,2,175000,6,18,1800528,1,8,239065,163,163,26988678,1,2,175000,6,18,1800528,1,8,239065
200105,37,067,3,5,Forsyth County                ,204,204,24523634,0,0,0,0,0,0,1,42,3427300,204,204,24523634,0,0,0,0,0,0,1,42,3427300
200105,37,069,3,5,Franklin County               ,62,62,7847000,0,0,0,0,0,0,0,0,0,62,62,7847000,0,0,0,0,0,0,0,0,0
200105,37,071,3,5,Gaston County                 ,94,94,11622109,0,0,0,0,0,0,0,0,0,94,94,11622109,0,0,0,0,0,0,0,0,0
200105,37,075,3,5,Graham County                 ,3,3,260000,0,0,0,0,0,0,0,0,0,3,3,260000,0,0,0,0,0,0,0,0,0
200105,37,081,3,5,Guilford County               ,383,383,48733153,0,0,0,0,0,0,19,217,10042653,383,383,48733153,0,0,0,0,0,0,19,217,10042653
200105,37,089,3,5,Henderson County              ,49,49,11512400,1,2,120000,0,0,0,0,0,0,49,49,11512400,1,2,120000,0,0,0,0,0,0
200105,37,091,3,5,Hertford County               ,2,2,271000,0,0,0,0,0,0,0,0,0,2,2,271000,0,0,0,0,0,0,0,0,0
200105,37,097,3,5,Iredell County                ,135,135,20649630,1,2,147272,0,0,0,4,45,2824611, , , , , , , , , , , , 
200105,37,099,3,5,Jackson County                ,49,49,7772000,0,0,0,0,0,0,0,0,0,49,49,7772000,0,0,0,0,0,0,0,0,0
200105,37,101,3,5,Johnston County               ,173,173,19424465,3,6,260079,0,0,0,2,31,977685,152,152,17480572,0,0,0,0,0,0,0,0,0
200105,37,105,3,5,Lee County                    ,25,25,2769570,0,0,0,0,0,0,0,0,0,25,25,2769570,0,0,0,0,0,0,0,0,0
200105,37,109,3,5,Lincoln County                ,67,67,8492591,0,0,0,0,0,0,3,15,396545, , , , , , , , , , , , 
200105,37,113,3,5,Macon County                  ,43,43,6048175,0,0,0,0,0,0,0,0,0,43,43,6048175,0,0,0,0,0,0,0,0,0
200105,37,115,3,5,Madison County                ,13,13,1394476,0,0,0,0,0,0,0,0,0,13,13,1394476,0,0,0,0,0,0,0,0,0
200105,37,117,3,5,Martin County                 ,7,7,731115,0,0,0,0,0,0,0,0,0,7,7,731115,0,0,0,0,0,0,0,0,0
200105,37,119,3,5,Mecklenburg County            ,447,447,55475962,2,4,253564,10,39,2507966,40,429,25502282,447,447,55475962,2,4,253564,10,39,2507966,40,429,25502282
200105,37,121,3,5,Mitchell County               ,5,5,503000,0,0,0,0,0,0,0,0,0,5,5,503000,0,0,0,0,0,0,0,0,0
200105,37,123,3,5,Montgomery County             ,9,9,1542000,0,0,0,0,0,0,0,0,0,9,9,1542000,0,0,0,0,0,0,0,0,0
200105,37,131,3,5,Northampton County            ,6,6,567000,0,0,0,0,0,0,0,0,0,6,6,567000,0,0,0,0,0,0,0,0,0
200105,37,135,3,5,Orange County                 ,88,88,14487103,0,0,0,2,7,588250,1,5,195388,26,26,5276600,0,0,0,1,4,382000,0,0,0
200105,37,137,3,5,Pamlico County                ,4,4,435128,0,0,0,0,0,0,0,0,0,4,4,435128,0,0,0,0,0,0,0,0,0
200105,37,139,3,5,Pasquotank County             ,20,20,2123966,0,0,0,0,0,0,0,0,0,15,15,1774000,0,0,0,0,0,0,0,0,0
200105,37,145,3,5,Person County                 ,19,19,2889000,0,0,0,0,0,0,0,0,0,19,19,2889000,0,0,0,0,0,0,0,0,0
200105,37,149,3,5,Polk County                   ,7,7,979475,0,0,0,0,0,0,0,0,0,7,7,979475,0,0,0,0,0,0,0,0,0
200105,37,151,3,5,Randolph County               ,86,86,9504389,4,8,291950,0,0,0,1,12,735136,86,86,9504389,4,8,291950,0,0,0,1,12,735136
200105,37,159,3,5,Rowan County                  ,68,68,9255000,0,0,0,0,0,0,0,0,0,68,68,9255000,0,0,0,0,0,0,0,0,0
200105,37,163,3,5,Sampson County                ,12,12,1514000,0,0,0,0,0,0,0,0,0,12,12,1514000,0,0,0,0,0,0,0,0,0
200105,37,165,3,5,Scotland County               ,10,10,983950,0,0,0,0,0,0,0,0,0,10,10,983950,0,0,0,0,0,0,0,0,0
200105,37,167,3,5,Stanly County                 ,27,27,2825840,1,2,81083,0,0,0,0,0,0, , , , , , , , , , , , 
200105,37,169,3,5,Stokes County                 ,18,18,2667400,1,2,147886,0,0,0,0,0,0,15,15,2305915,0,0,0,0,0,0,0,0,0
200105,37,171,3,5,Surry County                  ,24,24,2762446,0,0,0,0,0,0,0,0,0,24,24,2762446,0,0,0,0,0,0,0,0,0
200105,37,173,3,5,Swain County                  ,5,5,380880,0,0,0,0,0,0,0,0,0,5,5,380880,0,0,0,0,0,0,0,0,0
200105,37,175,3,5,Transylvania County           ,32,32,7005614,0,0,0,0,0,0,0,0,0,32,32,7005614,0,0,0,0,0,0,0,0,0
200105,37,179,3,5,Union County                  ,231,231,30782518,0,0,0,0,0,0,2,16,548000,231,231,30782518,0,0,0,0,0,0,2,16,548000
200105,37,181,3,5,Vance County                  ,13,13,1599000,0,0,0,0,0,0,0,0,0,13,13,1599000,0,0,0,0,0,0,0,0,0
200105,37,183,3,5,Wake County                   ,847,847,121563194,0,0,0,1,3,273150,23,421,20544570,530,530,79765778,0,0,0,0,0,0,6,104,3693088
200105,37,185,3,5,Warren County                 ,9,9,1118812,0,0,0,0,0,0,0,0,0, , , , , , , , , , , , 
200105,37,187,3,5,Washington County             ,1,1,128650,0,0,0,0,0,0,0,0,0,1,1,128650,0,0,0,0,0,0,0,0,0
200105,37,191,3,5,Wayne County                  ,38,38,4207635,1,2,82973,0,0,0,0,0,0,11,11,1299800,0,0,0,0,0,0,0,0,0
200105,37,195,3,5,Wilson County                 ,38,38,3425842,11,22,1170992,0,0,0,0,0,0,38,38,3425842,11,22,1170992,0,0,0,0,0,0
200105,37,197,3,5,Yadkin County                 ,19,19,2929150,0,0,0,0,0,0,0,0,0,19,19,2929150,0,0,0,0,0,0,0,0,0
200105,39,007,2,3,Ashtabula County              ,51,51,5681215,0,0,0,0,0,0,0,0,0,51,51,5681215,0,0,0,0,0,0,0,0,0
200105,39,015,2,3,Brown County                  ,9,9,1101832,0,0,0,0,0,0,1,5,250000,0,0,0,0,0,0,0,0,0,0,0,0
200105,39,017,2,3,Butler County                 ,243,243,31588686,1,2,115410,4,16,770382,7,84,3970120,232,232,30401395,1,2,115410,4,16,770382,7,84,3970120
200105,39,025,2,3,Clermont County               ,162,162,23475207,0,0,0,1,4,296145,6,52,2740213,162,162,23475207,0,0,0,1,4,296145,6,52,2740213
200105,39,035,2,3,Cuyahoga County               ,188,188,34676739,0,0,0,2,7,436408,3,30,1548786,117,117,24499911,0,0,0,1,4,300000,0,0,0
200105,39,041,2,3,Delaware County               ,336,336,45685749,0,0,0,0,0,0,0,0,0,46,46,6731780,0,0,0,0,0,0,0,0,0
200105,39,045,2,3,Fairfield County              ,88,88,15601027,0,0,0,0,0,0,1,5,224719,54,54,11100295,0,0,0,0,0,0,0,0,0
200105,39,049,2,3,Franklin County               ,561,561,86582910,16,32,2536215,15,56,3485112,24,300,12761606,180,180,31510496,13,26,2106000,2,8,672000,0,0,0
200105,39,055,2,3,Geauga County                 ,52,52,11887600,0,0,0,0,0,0,0,0,0,52,52,11887600,0,0,0,0,0,0,0,0,0
200105,39,061,2,3,Hamilton County               ,118,118,17141370,0,0,0,0,0,0,7,119,2997010,117,117,16831088,0,0,0,0,0,0,7,119,2997010
200105,39,085,2,3,Lake County                   ,73,73,11894707,1,2,330000,1,4,479226,0,0,0,8,8,1450000,0,0,0,0,0,0,0,0,0
200105,39,089,2,3,Licking County                ,112,112,17158680,1,2,200000,7,26,1533000,1,5,270395,112,112,17158680,1,2,200000,7,26,1533000,0,0,0
200105,39,093,2,3,Lorain County                 ,135,135,23251080,2,4,579200,4,14,1672714,0,0,0,119,119,21021959,2,4,579200,3,10,1421000,0,0,0
200105,39,097,2,3,Madison County                ,17,17,1804633,0,0,0,0,0,0,0,0,0,12,12,1314504,0,0,0,0,0,0,0,0,0
200105,39,103,2,3,Medina County                 ,152,152,25363136,0,0,0,0,0,0,0,0,0,123,123,21575033,0,0,0,0,0,0,0,0,0
200105,39,129,2,3,Pickaway County               ,13,13,2100706,0,0,0,0,0,0,0,0,0,10,10,1714380,0,0,0,0,0,0,0,0,0
200105,39,133,2,3,Portage County                ,65,65,11118971,0,0,0,0,0,0,0,0,0,14,14,3680500,0,0,0,0,0,0,0,0,0
200105,39,135,2,3,Preble County                 ,17,17,1765850,0,0,0,0,0,0,0,0,0,4,4,421075,0,0,0,0,0,0,0,0,0
200105,39,153,2,3,Summit County                 ,184,184,30203710,0,0,0,2,7,351111,0,0,0,151,151,26259224,0,0,0,1,3,240000,0,0,0
200105,39,165,2,3,Warren County                 ,279,279,36219373,1,2,117504,0,0,0,0,0,0,242,242,31959287,1,2,117504,0,0,0,0,0,0
200105,40,001,3,7,Adair County                  ,0,0,0,0,0,0,0,0,0,0,0,0,0,0,0,0,0,0,0,0,0,0,0,0
200105,40,013,3,7,Bryan County                  ,4,4,580000,0,0,0,0,0,0,0,0,0,4,4,580000,0,0,0,0,0,0,0,0,0
200105,40,085,3,7,Love County                   ,0,0,0,0,0,0,0,0,0,0,0,0,0,0,0,0,0,0,0,0,0,0,0,0
200105,41,000,4,9,Oregon Balance of State       ,18,18,1877610,0,0,0,0,0,0,1,5,238418, , , , , , , , , , , , 
200105,41,001,4,9,Baker County                  ,3,3,452576,0,0,0,0,0,0,0,0,0,3,3,452576,0,0,0,0,0,0,0,0,0
200105,41,003,4,9,Benton County                 ,26,26,4725829,2,4,195207,0,0,0,0,0,0,4,4,644304,2,4,195207,0,0,0,0,0,0
200105,41,005,4,9,Clackamas County              ,183,183,43925357,0,0,0,1,4,289935,3,36,2339843,178,178,43213092,0,0,0,1,4,289935,3,36,2339843
200105,41,007,4,9,Clatsop County                ,13,13,2206709,1,2,208474,0,0,0,0,0,0,6,6,1285545,0,0,0,0,0,0,0,0,0
200105,41,009,4,9,Columbia County               ,26,26,3485930,0,0,0,0,0,0,0,0,0,19,19,2288128,0,0,0,0,0,0,0,0,0
200105,41,011,4,9,Coos County                   ,1,1,145050,0,0,0,0,0,0,0,0,0,0,0,0,0,0,0,0,0,0,0,0,0
200105,41,013,4,9,Crook County                  ,31,31,585357,0,0,0,0,0,0,0,0,0,31,31,585357,0,0,0,0,0,0,0,0,0
200105,41,015,4,9,Curry County                  ,6,6,992941,0,0,0,0,0,0,1,5,315250,2,2,421830,0,0,0,0,0,0,0,0,0
200105,41,017,4,9,Deschutes County              ,198,198,31816506,5,10,821252,5,20,1603461,3,27,1662798,111,111,19881109,0,0,0,4,16,1311018,3,27,1662798
200105,41,019,4,9,Douglas County                ,50,50,5554469,0,0,0,1,3,197471,4,32,1329436,50,50,5554469,0,0,0,1,3,197471,4,32,1329436
200105,41,021,4,9,Gilliam County                ,0,0,0,0,0,0,0,0,0,0,0,0, , , , , , , , , , , , 
200105,41,025,4,9,Harney County                 ,0,0,0,0,0,0,0,0,0,0,0,0,0,0,0,0,0,0,0,0,0,0,0,0
200105,41,027,4,9,Hood River County             ,11,11,1353143,0,0,0,0,0,0,0,0,0,11,11,1353143,0,0,0,0,0,0,0,0,0
200105,41,029,4,9,Jackson County                ,131,131,17643790,0,0,0,3,11,943345,4,31,3392041,114,114,15570592,0,0,0,3,11,943345,3,26,2540000
200105,41,031,4,9,Jefferson County              ,13,13,907228,0,0,0,0,0,0,0,0,0,13,13,907228,0,0,0,0,0,0,0,0,0
200105,41,033,4,9,Josephine County              ,38,38,4472553,0,0,0,0,0,0,1,5,311298, , , , , , , , , , , , 
200105,41,035,4,9,Klamath County                ,26,26,4716820,0,0,0,2,8,498400,0,0,0,26,26,4716820,0,0,0,2,8,498400,0,0,0
200105,41,037,4,9,Lake County                   ,2,2,249352,0,0,0,0,0,0,0,0,0, , , , , , , , , , , , 
200105,41,039,4,9,Lane County                   ,122,122,20289786,2,4,291479,0,0,0,0,0,0,99,99,17491427,0,0,0,0,0,0,0,0,0
200105,41,041,4,9,Lincoln County                ,14,14,1755145,0,0,0,0,0,0,0,0,0,14,14,1755145,0,0,0,0,0,0,0,0,0
200105,41,043,4,9,Linn County                   ,47,47,5499183,1,2,129887,0,0,0,1,5,50000,47,47,5499183,1,2,129887,0,0,0,1,5,50000
200105,41,045,4,9,Malheur County                ,7,7,716781,0,0,0,0,0,0,0,0,0,7,7,716781,0,0,0,0,0,0,0,0,0
200105,41,047,4,9,Marion County                 ,126,126,15688463,2,4,322000,1,3,265473,1,5,251194,89,89,11040824,1,2,147500,0,0,0,0,0,0
200105,41,051,4,9,Multnomah County              ,142,142,21698983,5,10,1033232,1,4,345773,1,16,1115502,142,142,21698983,5,10,1033232,1,4,345773,1,16,1115502
200105,41,053,4,9,Polk County                   ,10,10,1710612,0,0,0,0,0,0,0,0,0,10,10,1710612,0,0,0,0,0,0,0,0,0
200105,41,055,4,9,Sherman County                ,0,0,0,0,0,0,0,0,0,0,0,0, , , , , , , , , , , , 
200105,41,057,4,9,Tillamook County              ,24,24,4291735,1,2,119000,0,0,0,0,0,0,23,23,4186004,1,2,119000,0,0,0,0,0,0
200105,41,059,4,9,Umatilla County               ,13,13,2001512,0,0,0,0,0,0,0,0,0,13,13,2001512,0,0,0,0,0,0,0,0,0
200105,41,061,4,9,Union County                  ,5,5,604279,0,0,0,0,0,0,0,0,0, , , , , , , , , , , , 
200105,41,065,4,9,Wasco County                  ,1,1,155640,0,0,0,0,0,0,0,0,0,1,1,155640,0,0,0,0,0,0,0,0,0
200105,41,067,4,9,Washington County             ,298,298,55835717,11,22,2865325,2,7,600319,6,36,3146402,232,232,44206863,11,22,2865325,2,7,600319,6,36,3146402
200105,41,069,4,9,Wheeler County                ,1,1,134026,0,0,0,0,0,0,0,0,0, , , , , , , , , , , , 
200105,41,071,4,9,Yamhill County                ,45,45,6264216,0,0,0,1,4,261773,0,0,0,45,45,6264216,0,0,0,1,4,261773,0,0,0
200105,42,001,1,2,Adams County                  ,51,51,6616807,0,0,0,0,0,0,0,0,0,51,51,6616807,0,0,0,0,0,0,0,0,0
200105,42,003,1,2,Allegheny County              ,159,159,27776153,0,0,0,0,0,0,3,26,1388138,113,113,20159853,0,0,0,0,0,0,0,0,0
200105,42,007,1,2,Beaver County                 ,30,30,3506571,0,0,0,1,4,320000,0,0,0,21,21,2446615,0,0,0,1,4,320000,0,0,0
200105,42,017,1,2,Bucks County                  ,216,216,31211061,0,0,0,3,11,760472,3,37,1199997,138,138,17473932,0,0,0,0,0,0,2,32,949454
200105,42,019,1,2,Butler County                 ,98,98,13442646,0,0,0,0,0,0,0,0,0,70,70,9813164,0,0,0,0,0,0,0,0,0
200105,42,029,1,2,Chester County                ,237,237,34171639,0,0,0,1,3,203028,2,18,2120000,185,185,26154881,0,0,0,0,0,0,2,18,2120000
200105,42,045,1,2,Delaware County               ,62,62,11842749,1,2,177792,0,0,0,1,6,413607,33,33,8598915,0,0,0,0,0,0,0,0,0
200105,42,051,1,2,Fayette County                ,32,32,2516249,0,0,0,0,0,0,0,0,0,10,10,1328399,0,0,0,0,0,0,0,0,0
200105,42,055,1,2,Franklin County               ,78,78,7724044,3,6,448385,1,4,258727,0,0,0, , , , , , , , , , , , 
200105,42,065,1,2,Jefferson County              ,16,16,624000,0,0,0,0,0,0,0,0,0,16,16,624000,0,0,0,0,0,0,0,0,0
200105,42,091,1,2,Montgomery County             ,214,214,27260089,0,0,0,1,4,568000,2,11,658300,121,121,17244028,0,0,0,1,4,568000,1,6,391800
200105,42,101,1,2,Philadelphia County           ,40,40,5586108,1,2,141606,0,0,0,0,0,0,40,40,5586108,1,2,141606,0,0,0,0,0,0
200105,42,103,1,2,Pike County                   ,56,56,8237329,0,0,0,0,0,0,0,0,0,51,51,7616905,0,0,0,0,0,0,0,0,0
200105,42,125,1,2,Washington County             ,86,86,13181184,1,2,188889,0,0,0,0,0,0,63,63,10471939,0,0,0,0,0,0,0,0,0
200105,42,129,1,2,Westmoreland County           ,92,92,12329908,2,4,82200,2,7,321542,0,0,0,40,40,5006195,1,2,62200,0,0,0,0,0,0
200105,44,001,1,1,Bristol County                ,10,10,1448185,0,0,0,0,0,0,0,0,0,4,4,741885,0,0,0,0,0,0,0,0,0
200105,44,003,1,1,Kent County                   ,47,47,4780159,0,0,0,0,0,0,0,0,0,40,40,3455090,0,0,0,0,0,0,0,0,0
200105,44,005,1,1,Newport County                ,25,25,4729440,0,0,0,0,0,0,0,0,0,25,25,4729440,0,0,0,0,0,0,0,0,0
200105,44,007,1,1,Providence County             ,69,69,6859636,0,0,0,0,0,0,0,0,0,51,51,5149338,0,0,0,0,0,0,0,0,0
200105,44,009,1,1,Washington County             ,69,69,9464690,0,0,0,0,0,0,0,0,0,35,35,4893435,0,0,0,0,0,0,0,0,0
200105,45,001,3,5,Abbeville County              ,5,5,454250,0,0,0,0,0,0,0,0,0, , , , , , , , , , , , 
200105,45,003,3,5,Aiken County                  ,70,70,7324801,0,0,0,0,0,0,0,0,0,50,50,4796372,0,0,0,0,0,0,0,0,0
200105,45,007,3,5,Anderson County               ,93,93,11486355,0,0,0,0,0,0,0,0,0,93,93,11486355,0,0,0,0,0,0,0,0,0
200105,45,015,3,5,Berkeley County               ,63,63,7770199,0,0,0,0,0,0,0,0,0,41,41,4649943,0,0,0,0,0,0,0,0,0
200105,45,023,3,5,Chester County                ,9,9,1116966,0,0,0,0,0,0,0,0,0,9,9,1116966,0,0,0,0,0,0,0,0,0
200105,45,037,3,5,Edgefield County              ,7,7,668242,0,0,0,0,0,0,0,0,0, , , , , , , , , , , , 
200105,45,045,3,5,Greenville County             ,332,332,29121002,0,0,0,0,0,0,2,46,2754224,323,323,27862822,0,0,0,0,0,0,1,18,1363178
200105,45,047,3,5,Greenwood County              ,17,17,1392434,0,0,0,2,8,394800,0,0,0,17,17,1392434,0,0,0,2,8,394800,0,0,0
200105,45,053,3,5,Jasper County                 ,6,6,556445,0,0,0,0,0,0,0,0,0,6,6,556445,0,0,0,0,0,0,0,0,0
200105,45,073,3,5,Oconee County                 ,50,50,8181265,0,0,0,0,0,0,0,0,0,50,50,8181265,0,0,0,0,0,0,0,0,0
200105,45,077,3,5,Pickens County                ,59,59,9258296,0,0,0,0,0,0,0,0,0,14,14,2300916,0,0,0,0,0,0,0,0,0
200105,45,081,3,5,Saluda County                 ,7,7,1095020,0,0,0,0,0,0,0,0,0,7,7,1095020,0,0,0,0,0,0,0,0,0
200105,45,085,3,5,Sumter County                 ,23,23,2282893,2,4,237240,0,0,0,0,0,0,23,23,2282893,2,4,237240,0,0,0,0,0,0
200105,45,087,3,5,Union County                  ,5,5,383810,0,0,0,0,0,0,0,0,0,5,5,383810,0,0,0,0,0,0,0,0,0
200105,45,091,3,5,York County                   ,203,203,28252085,2,4,270512,0,0,0,5,83,3756079,137,137,21302159,0,0,0,0,0,0,1,7,554004
200105,46,007,2,4,Bennett County                ,0,0,0,0,0,0,0,0,0,0,0,0,0,0,0,0,0,0,0,0,0,0,0,0
200105,46,027,2,4,Clay County                   ,4,4,467034,0,0,0,0,0,0,0,0,0,1,1,105000,0,0,0,0,0,0,0,0,0
200105,46,079,2,4,Lake County                   ,7,7,445000,0,0,0,0,0,0,0,0,0,7,7,445000,0,0,0,0,0,0,0,0,0
200105,46,093,2,4,Meade County                  ,15,15,1616693,0,0,0,0,0,0,0,0,0,14,14,1535000,0,0,0,0,0,0,0,0,0
200105,46,095,2,4,Mellette County               ,0,0,0,0,0,0,0,0,0,0,0,0, , , , , , , , , , , , 
200105,46,121,2,4,Todd County                   ,0,0,0,0,0,0,0,0,0,0,0,0,0,0,0,0,0,0,0,0,0,0,0,0
200105,47,011,3,6,Bradley County                ,53,53,4451640,4,8,306480,0,0,0,0,0,0,53,53,4451640,4,8,306480,0,0,0,0,0,0
200105,47,021,3,6,Cheatham County               ,10,10,1018931,0,0,0,0,0,0,1,5,229991,7,7,857000,0,0,0,0,0,0,0,0,0
200105,47,025,3,6,Claiborne County              ,28,28,2133900,0,0,0,0,0,0,0,0,0,28,28,2133900,0,0,0,0,0,0,0,0,0
200105,47,031,3,6,Coffee County                 ,6,6,726127,1,2,68000,0,0,0,1,5,173455,1,1,60000,1,2,68000,0,0,0,0,0,0
200105,47,037,3,6,Davidson County               ,246,246,43892250,4,8,719297,1,4,327764,3,54,5134537,14,14,6128961,0,0,0,0,0,0,0,0,0
200105,47,043,3,6,Dickson County                ,30,30,4305491,1,2,50000,0,0,0,0,0,0,28,28,4189794,0,0,0,0,0,0,0,0,0
200105,47,047,3,6,Fayette County                ,12,12,1622500,1,2,120000,0,0,0,0,0,0,12,12,1622500,1,2,120000,0,0,0,0,0,0
200105,47,063,3,6,Hamblen County                ,23,23,2062200,0,0,0,0,0,0,0,0,0,23,23,2062200,0,0,0,0,0,0,0,0,0
200105,47,081,3,6,Hickman County                ,0,0,0,0,0,0,0,0,0,0,0,0, , , , , , , , , , , , 
200105,47,093,3,6,Knox County                   ,215,215,24787272,1,2,107905,1,4,184068,3,30,704708,173,173,21965972,0,0,0,0,0,0,0,0,0
200105,47,113,3,6,Madison County                ,47,47,5198528,0,0,0,0,0,0,0,0,0,47,47,5198528,0,0,0,0,0,0,0,0,0
200105,47,125,3,6,Montgomery County             ,110,110,8266760,2,4,210000,0,0,0,0,0,0,110,110,8266760,2,4,210000,0,0,0,0,0,0
200105,47,127,3,6,Moore County                  ,6,6,595000,0,0,0,0,0,0,0,0,0,6,6,595000,0,0,0,0,0,0,0,0,0
200105,47,147,3,6,Robertson County              ,57,57,5484738,0,0,0,0,0,0,1,5,250000,32,32,3651631,0,0,0,0,0,0,0,0,0
200105,47,149,3,6,Rutherford County             ,243,243,22766914,0,0,0,1,4,200000,30,284,12324400,243,243,22766914,0,0,0,1,4,200000,30,284,12324400
200105,47,151,3,6,Scott County                  ,0,0,0,0,0,0,0,0,0,0,0,0,0,0,0,0,0,0,0,0,0,0,0,0
200105,47,157,3,6,Shelby County                 ,317,317,44648619,0,0,0,15,60,4500000,0,0,0,282,282,35058863,0,0,0,15,60,4500000,0,0,0
200105,47,165,3,6,Sumner County                 ,104,104,9226696,0,0,0,0,0,0,0,0,0,88,88,8169235,0,0,0,0,0,0,0,0,0
200105,47,167,3,6,Tipton County                 ,59,59,5847352,0,0,0,0,0,0,0,0,0,44,44,4425982,0,0,0,0,0,0,0,0,0
200105,47,177,3,6,Warren County                 ,4,4,236000,0,0,0,0,0,0,0,0,0,4,4,236000,0,0,0,0,0,0,0,0,0
200105,47,187,3,6,Williamson County             ,128,128,29503624,0,0,0,0,0,0,0,0,0,13,13,1240347,0,0,0,0,0,0,0,0,0
200105,47,189,3,6,Wilson County                 ,80,80,11492205,0,0,0,0,0,0,0,0,0,79,79,11433580,0,0,0,0,0,0,0,0,0
200105,48,039,3,7,Brazoria County               ,205,205,32640856,0,0,0,0,0,0,0,0,0,122,122,17435037,0,0,0,0,0,0,0,0,0
200105,48,041,3,7,Brazos County                 ,90,90,9267100,17,34,1691000,2,6,324000,0,0,0,90,90,9267100,17,34,1691000,2,6,324000,0,0,0
200105,48,063,3,7,Camp County                   ,0,0,0,0,0,0,0,0,0,0,0,0,0,0,0,0,0,0,0,0,0,0,0,0
200105,48,071,3,7,Chambers County               ,40,40,3629539,0,0,0,0,0,0,0,0,0,15,15,1629539,0,0,0,0,0,0,0,0,0
200105,48,083,3,7,Coleman County                ,0,0,0,3,6,276000,0,0,0,0,0,0,0,0,0,3,6,276000,0,0,0,0,0,0
200105,48,085,3,7,Collin County                 ,1091,1091,170351238,3,6,637917,0,0,0,1,576,20675000,1034,1034,162012905,3,6,637917,0,0,0,1,576,20675000
200105,48,113,3,7,Dallas County                 ,962,962,136456890,0,0,0,4,16,3278000,15,491,39493226,923,923,128779817,0,0,0,4,16,3278000,10,435,36760600
200105,48,121,3,7,Denton County                 ,500,500,84790725,0,0,0,0,0,0,0,0,0,418,418,71550398,0,0,0,0,0,0,0,0,0
200105,48,135,3,7,Ector County                  ,10,10,937861,0,0,0,0,0,0,0,0,0,10,10,937861,0,0,0,0,0,0,0,0,0
200105,48,139,3,7,Ellis County                  ,65,65,8324113,0,0,0,1,3,157000,3,50,1850000,60,60,7279369,0,0,0,1,3,157000,3,50,1850000
200105,48,151,3,7,Fisher County                 ,0,0,0,0,0,0,0,0,0,0,0,0,0,0,0,0,0,0,0,0,0,0,0,0
200105,48,157,3,7,Fort Bend County              ,92,92,11262654,0,0,0,0,0,0,0,0,0,91,91,11190192,0,0,0,0,0,0,0,0,0
200105,48,167,3,7,Galveston County              ,217,217,30681187,0,0,0,0,0,0,1,12,507682,212,212,30221026,0,0,0,0,0,0,0,0,0
200105,48,169,3,7,Garza County                  ,0,0,0,0,0,0,0,0,0,0,0,0,0,0,0,0,0,0,0,0,0,0,0,0
200105,48,201,3,7,Harris County                 ,1885,1885,234119879,4,8,507129,0,0,0,59,590,33887849,1852,1852,226463662,4,8,507129,0,0,0,59,590,33887849
200105,48,207,3,7,Haskell County                ,0,0,0,0,0,0,0,0,0,0,0,0, , , , , , , , , , , , 
200105,48,211,3,7,Hemphill County               ,0,0,0,0,0,0,0,0,0,0,0,0,0,0,0,0,0,0,0,0,0,0,0,0
200105,48,213,3,7,Henderson County              ,6,6,527404,0,0,0,0,0,0,0,0,0,2,2,123000,0,0,0,0,0,0,0,0,0
200105,48,221,3,7,Hood County                   ,1,1,121325,0,0,0,0,0,0,0,0,0,1,1,121325,0,0,0,0,0,0,0,0,0
200105,48,231,3,7,Hunt County                   ,3,3,208900,0,0,0,0,0,0,0,0,0,3,3,208900,0,0,0,0,0,0,0,0,0
200105,48,251,3,7,Johnson County                ,54,54,5390251,0,0,0,0,0,0,0,0,0,54,54,5390251,0,0,0,0,0,0,0,0,0
200105,48,257,3,7,Kaufman County                ,12,12,1015811,0,0,0,0,0,0,1,9,417146,5,5,466626,0,0,0,0,0,0,0,0,0
200105,48,265,3,7,Kerr County                   ,13,13,2208000,0,0,0,0,0,0,0,0,0,13,13,2208000,0,0,0,0,0,0,0,0,0
200105,48,291,3,7,Liberty County                ,27,27,1765930,0,0,0,0,0,0,0,0,0,27,27,1765930,0,0,0,0,0,0,0,0,0
200105,48,319,3,7,Mason County                  ,1,1,117394,0,0,0,0,0,0,0,0,0,1,1,117394,0,0,0,0,0,0,0,0,0
200105,48,323,3,7,Maverick County               ,14,14,772578,0,0,0,0,0,0,0,0,0,14,14,772578,0,0,0,0,0,0,0,0,0
200105,48,329,3,7,Midland County                ,17,17,1924065,0,0,0,0,0,0,0,0,0,17,17,1924065,0,0,0,0,0,0,0,0,0
200105,48,339,3,7,Montgomery County             ,410,410,62837499,0,0,0,0,0,0,2,16,1080356,397,397,61363729,0,0,0,0,0,0,2,16,1080356
200105,48,367,3,7,Parker County                 ,25,25,3369283,0,0,0,0,0,0,0,0,0,24,24,3280576,0,0,0,0,0,0,0,0,0
200105,48,375,3,7,Potter County                 ,82,82,9889052,0,0,0,0,0,0,0,0,0,82,82,9889052,0,0,0,0,0,0,0,0,0
200105,48,397,3,7,Rockwall County               ,97,97,18960579,0,0,0,0,0,0,0,0,0,89,89,18003403,0,0,0,0,0,0,0,0,0
200105,48,437,3,7,Swisher County                ,0,0,0,0,0,0,0,0,0,0,0,0,0,0,0,0,0,0,0,0,0,0,0,0
200105,48,439,3,7,Tarrant County                ,1054,1054,145068528,1,2,120000,0,0,0,0,0,0,884,884,112999859,0,0,0,0,0,0,0,0,0
200105,48,451,3,7,Tom Green County              ,17,17,1767835,0,0,0,0,0,0,0,0,0,17,17,1767835,0,0,0,0,0,0,0,0,0
200105,48,465,3,7,Val Verde County              ,12,12,673722,0,0,0,0,0,0,0,0,0, , , , , , , , , , , , 
200105,48,469,3,7,Victoria County               ,11,11,1149012,0,0,0,0,0,0,0,0,0,11,11,1149012,0,0,0,0,0,0,0,0,0
200105,48,473,3,7,Waller County                 ,1,1,46700,0,0,0,0,0,0,2,24,485000,0,0,0,0,0,0,0,0,0,0,0,0
200105,48,479,3,7,Webb County                   ,143,143,9773067,0,0,0,1,4,98164,1,34,1166405, , , , , , , , , , , , 
200105,49,011,4,8,Davis County                  ,190,190,26154244,1,2,175409,0,0,0,8,77,5526107,171,171,22836955,1,2,175409,0,0,0,7,72,5331940
200105,49,035,4,8,Salt Lake County              ,421,421,54036265,4,8,1274448,7,22,2402673,3,22,1802836,404,404,51461844,4,8,1274448,7,22,2402673,3,22,1802836
200105,49,039,4,8,Sanpete County                ,7,7,712012,0,0,0,0,0,0,0,0,0,7,7,712012,0,0,0,0,0,0,0,0,0
200105,49,057,4,8,Weber County                  ,147,147,17393551,2,4,362006,1,4,272182,2,36,1170772,90,90,11301609,0,0,0,0,0,0,1,24,612806
200105,50,013,1,1,Grand Isle County             ,3,3,326477,0,0,0,0,0,0,0,0,0,1,1,139653,0,0,0,0,0,0,0,0,0
200105,51,003,3,5,Albemarle County              ,47,47,10680254,1,2,106425,0,0,0,12,140,9006000,47,47,10680254,1,2,106425,0,0,0,12,140,9006000
200105,51,007,3,5,Amelia County                 ,3,3,606917,0,0,0,0,0,0,0,0,0,3,3,606917,0,0,0,0,0,0,0,0,0
200105,51,009,3,5,Amherst County                ,5,5,508200,0,0,0,0,0,0,0,0,0,5,5,508200,0,0,0,0,0,0,0,0,0
200105,51,013,3,5,Arlington County              ,11,11,1365180,0,0,0,0,0,0,0,0,0,11,11,1365180,0,0,0,0,0,0,0,0,0
200105,51,015,3,5,Augusta County                ,43,43,5254034,1,2,290000,0,0,0,0,0,0,43,43,5254034,1,2,290000,0,0,0,0,0,0
200105,51,019,3,5,Bedford County                ,39,39,6469210,0,0,0,0,0,0,0,0,0,39,39,6469210,0,0,0,0,0,0,0,0,0
200105,51,023,3,5,Botetourt County              ,21,21,3345500,0,0,0,0,0,0,0,0,0,21,21,3345500,0,0,0,0,0,0,0,0,0
200105,51,029,3,5,Buckingham County             ,1,1,50000,0,0,0,0,0,0,0,0,0,1,1,50000,0,0,0,0,0,0,0,0,0
200105,51,031,3,5,Campbell County               ,19,19,2403777,0,0,0,0,0,0,0,0,0, , , , , , , , , , , , 
200105,51,035,3,5,Carroll County                ,14,14,1439960,0,0,0,0,0,0,0,0,0,14,14,1439960,0,0,0,0,0,0,0,0,0
200105,51,036,3,5,Charles City County           ,2,2,446000,0,0,0,0,0,0,0,0,0,2,2,446000,0,0,0,0,0,0,0,0,0
200105,51,037,3,5,Charlotte County              ,9,9,521008,0,0,0,0,0,0,0,0,0, , , , , , , , , , , , 
200105,51,041,3,5,Chesterfield County           ,232,232,27213535,0,0,0,0,0,0,0,0,0,232,232,27213535,0,0,0,0,0,0,0,0,0
200105,51,043,3,5,Clarke County                 ,10,10,1421974,0,0,0,0,0,0,0,0,0,10,10,1421974,0,0,0,0,0,0,0,0,0
200105,51,047,3,5,Culpeper County               ,30,30,3436547,0,0,0,1,3,112500,1,5,211719, , , , , , , , , , , , 
200105,51,049,3,5,Cumberland County             ,8,8,476366,0,0,0,0,0,0,0,0,0,8,8,476366,0,0,0,0,0,0,0,0,0
200105,51,053,3,5,Dinwiddie County              ,14,14,1457323,0,0,0,0,0,0,0,0,0, , , , , , , , , , , , 
200105,51,057,3,5,Essex County                  ,3,3,430000,0,0,0,0,0,0,0,0,0,3,3,430000,0,0,0,0,0,0,0,0,0
200105,51,059,3,5,Fairfax County                ,339,339,42059459,0,0,0,0,0,0,2,24,1426701,335,335,41575944,0,0,0,0,0,0,2,24,1426701
200105,51,061,3,5,Fauquier County               ,78,78,13765411,0,0,0,0,0,0,0,0,0,66,66,12547316,0,0,0,0,0,0,0,0,0
200105,51,063,3,5,Floyd County                  ,11,11,1109000,0,0,0,0,0,0,0,0,0,11,11,1109000,0,0,0,0,0,0,0,0,0
200105,51,065,3,5,Fluvanna County               ,29,29,3822000,0,0,0,0,0,0,0,0,0,29,29,3822000,0,0,0,0,0,0,0,0,0
200105,51,067,3,5,Franklin County               ,32,32,5027580,0,0,0,0,0,0,0,0,0,32,32,5027580,0,0,0,0,0,0,0,0,0
200105,51,069,3,5,Frederick County              ,67,67,8504111,0,0,0,0,0,0,0,0,0,67,67,8504111,0,0,0,0,0,0,0,0,0
200105,51,073,3,5,Gloucester County             ,18,18,2064900,0,0,0,0,0,0,0,0,0,18,18,2064900,0,0,0,0,0,0,0,0,0
200105,51,075,3,5,Goochland County              ,26,26,4743420,0,0,0,0,0,0,0,0,0,26,26,4743420,0,0,0,0,0,0,0,0,0
200105,51,077,3,5,Grayson County                ,12,12,801813,0,0,0,0,0,0,0,0,0, , , , , , , , , , , , 
200105,51,079,3,5,Greene County                 ,21,21,1772844,0,0,0,0,0,0,0,0,0, , , , , , , , , , , , 
200105,51,085,3,5,Hanover County                ,113,113,14776437,0,0,0,0,0,0,0,0,0,113,113,14776437,0,0,0,0,0,0,0,0,0
200105,51,087,3,5,Henrico County                ,164,164,20353597,0,0,0,0,0,0,0,0,0,164,164,20353597,0,0,0,0,0,0,0,0,0
200105,51,089,3,5,Henry County                  ,10,10,1648767,0,0,0,2,8,340000,0,0,0,10,10,1648767,0,0,0,2,8,340000,0,0,0
200105,51,093,3,5,Isle of Wight County          ,26,26,3271470,0,0,0,0,0,0,0,0,0, , , , , , , , , , , , 
200105,51,095,3,5,James City County             ,68,68,8439296,1,2,126782,0,0,0,0,0,0,68,68,8439296,1,2,126782,0,0,0,0,0,0
200105,51,099,3,5,King George County            ,23,23,2854468,0,0,0,0,0,0,0,0,0,23,23,2854468,0,0,0,0,0,0,0,0,0
200105,51,101,3,5,King William County           ,9,9,904000,0,0,0,0,0,0,0,0,0,9,9,904000,0,0,0,0,0,0,0,0,0
200105,51,103,3,5,Lancaster County              ,6,6,628500,0,0,0,0,0,0,0,0,0,6,6,628500,0,0,0,0,0,0,0,0,0
200105,51,105,3,5,Lee County                    ,2,2,66200,0,0,0,0,0,0,0,0,0,2,2,66200,0,0,0,0,0,0,0,0,0
200105,51,107,3,5,Loudoun County                ,323,323,33649700,0,0,0,0,0,0,3,61,2745000,323,323,33649700,0,0,0,0,0,0,3,61,2745000
200105,51,109,3,5,Louisa County                 ,27,27,2796439,0,0,0,0,0,0,0,0,0, , , , , , , , , , , , 
200105,51,111,3,5,Lunenburg County              ,2,2,165000,0,0,0,0,0,0,0,0,0,2,2,165000,0,0,0,0,0,0,0,0,0
200105,51,113,3,5,Madison County                ,17,17,2535000,0,0,0,0,0,0,0,0,0,17,17,2535000,0,0,0,0,0,0,0,0,0
200105,51,115,3,5,Mathews County                ,6,6,839000,0,0,0,0,0,0,0,0,0,6,6,839000,0,0,0,0,0,0,0,0,0
200105,51,119,3,5,Middlesex County              ,18,18,2881451,0,0,0,0,0,0,0,0,0,18,18,2881451,0,0,0,0,0,0,0,0,0
200105,51,121,3,5,Montgomery County             ,28,28,3466000,0,0,0,0,0,0,0,0,0,28,28,3466000,0,0,0,0,0,0,0,0,0
200105,51,125,3,5,Nelson County                 ,12,12,2309000,0,0,0,0,0,0,0,0,0,12,12,2309000,0,0,0,0,0,0,0,0,0
200105,51,127,3,5,New Kent County               ,16,16,1877898,0,0,0,0,0,0,0,0,0, , , , , , , , , , , , 
200105,51,131,3,5,Northampton County            ,2,2,366872,0,0,0,0,0,0,0,0,0,2,2,366872,0,0,0,0,0,0,0,0,0
200105,51,133,3,5,Northumberland County         ,12,12,1926531,0,0,0,0,0,0,0,0,0, , , , , , , , , , , , 
200105,51,137,3,5,Orange County                 ,22,22,3072507,1,2,139353,0,0,0,0,0,0, , , , , , , , , , , , 
200105,51,139,3,5,Page County                   ,7,7,600000,0,0,0,0,0,0,0,0,0,7,7,600000,0,0,0,0,0,0,0,0,0
200105,51,141,3,5,Patrick County                ,5,5,295000,0,0,0,0,0,0,0,0,0,5,5,295000,0,0,0,0,0,0,0,0,0
200105,51,143,3,5,Pittsylvania County           ,26,26,2523479,0,0,0,0,0,0,0,0,0, , , , , , , , , , , , 
200105,51,145,3,5,Powhatan County               ,33,33,4311594,0,0,0,0,0,0,0,0,0,33,33,4311594,0,0,0,0,0,0,0,0,0
200105,51,147,3,5,Prince Edward County          ,5,5,603503,0,0,0,0,0,0,0,0,0, , , , , , , , , , , , 
200105,51,149,3,5,Prince George County          ,18,18,2035343,0,0,0,0,0,0,0,0,0, , , , , , , , , , , , 
200105,51,153,3,5,Prince William County         ,374,374,38364953,0,0,0,0,0,0,3,36,3000000,374,374,38364953,0,0,0,0,0,0,3,36,3000000
200105,51,157,3,5,Rappahannock County           ,5,5,533036,0,0,0,0,0,0,0,0,0, , , , , , , , , , , , 
200105,51,161,3,5,Roanoke County                ,40,40,2503385,0,0,0,0,0,0,0,0,0,40,40,2503385,0,0,0,0,0,0,0,0,0
200105,51,163,3,5,Rockbridge County             ,21,21,1608738,0,0,0,0,0,0,0,0,0, , , , , , , , , , , , 
200105,51,165,3,5,Rockingham County             ,39,39,5026705,0,0,0,0,0,0,0,0,0,0,0,0,0,0,0,0,0,0,0,0,0
200105,51,167,3,5,Russell County                ,6,6,475200,0,0,0,0,0,0,0,0,0,6,6,475200,0,0,0,0,0,0,0,0,0
200105,51,169,3,5,Scott County                  ,7,7,435356,0,0,0,0,0,0,0,0,0,7,7,435356,0,0,0,0,0,0,0,0,0
200105,51,171,3,5,Shenandoah County             ,19,19,1716500,0,0,0,0,0,0,0,0,0,19,19,1716500,0,0,0,0,0,0,0,0,0
200105,51,173,3,5,Smyth County                  ,4,4,469574,0,0,0,0,0,0,0,0,0,4,4,469574,0,0,0,0,0,0,0,0,0
200105,51,175,3,5,Southampton County            ,6,6,565204,0,0,0,0,0,0,0,0,0, , , , , , , , , , , , 
200105,51,177,3,5,Spotsylvania County           ,130,130,18886922,0,0,0,0,0,0,0,0,0,130,130,18886922,0,0,0,0,0,0,0,0,0
200105,51,179,3,5,Stafford County               ,143,143,17747343,0,0,0,0,0,0,0,0,0,143,143,17747343,0,0,0,0,0,0,0,0,0
200105,51,181,3,5,Surry County                  ,5,5,350000,0,0,0,0,0,0,0,0,0,5,5,350000,0,0,0,0,0,0,0,0,0
200105,51,185,3,5,Tazewell County               ,8,8,688772,0,0,0,0,0,0,0,0,0,8,8,688772,0,0,0,0,0,0,0,0,0
200105,51,187,3,5,Warren County                 ,28,28,4547635,0,0,0,0,0,0,0,0,0,28,28,4547635,0,0,0,0,0,0,0,0,0
200105,51,191,3,5,Washington County             ,26,26,1698129,0,0,0,0,0,0,1,5,140000,0,0,0,0,0,0,0,0,0,1,5,140000
200105,51,193,3,5,Westmoreland County           ,6,6,660961,0,0,0,0,0,0,0,0,0, , , , , , , , , , , , 
200105,51,197,3,5,Wythe County                  ,9,9,880688,0,0,0,0,0,0,0,0,0,1,1,159000,0,0,0,0,0,0,0,0,0
200105,51,199,3,5,York County                   ,65,65,7202530,0,0,0,0,0,0,1,9,365455, , , , , , , , , , , , 
200105,51,510,3,5,Alexandria (Independent City) ,39,39,4908993,0,0,0,0,0,0,2,63,5354187, , , , , , , , , , , , 
200105,51,540,3,5,Charlottesville (Independent C,5,5,419858,0,0,0,0,0,0,0,0,0, , , , , , , , , , , , 
200105,51,550,3,5,Chesapeake(Independent City)  ,88,88,12053116,0,0,0,0,0,0,0,0,0,88,88,12053116,0,0,0,0,0,0,0,0,0
200105,51,560,3,5,Clifton Forge (Independent Cit,0,0,0,0,0,0,0,0,0,0,0,0,0,0,0,0,0,0,0,0,0,0,0,0
200105,51,570,3,5,Colonial Heights (Independent ,4,4,480000,0,0,0,0,0,0,7,88,2280000,4,4,480000,0,0,0,0,0,0,7,88,2280000
200105,51,590,3,5,Danville (Independent City)   ,2,2,136200,0,0,0,0,0,0,0,0,0,2,2,136200,0,0,0,0,0,0,0,0,0
200105,51,600,3,5,Fairfax (Independent City)    ,1,1,122000,0,0,0,0,0,0,0,0,0,1,1,122000,0,0,0,0,0,0,0,0,0
200105,51,610,3,5,Falls Church (Independent City,0,0,0,0,0,0,0,0,0,0,0,0, , , , , , , , , , , , 
200105,51,620,3,5,Franklin (Independent City)   ,0,0,0,0,0,0,0,0,0,0,0,0, , , , , , , , , , , , 
200105,51,630,3,5,Fredericksburg(Independent Cit,4,4,440931,0,0,0,0,0,0,0,0,0, , , , , , , , , , , , 
200105,51,650,3,5,Hampton (Independent City)    ,33,33,2143019,0,0,0,0,0,0,0,0,0, , , , , , , , , , , , 
200105,51,660,3,5,Harrisonburg (Independent City,13,13,1130252,1,2,150000,0,0,0,0,0,0,13,13,1130252,1,2,150000,0,0,0,0,0,0
200105,51,670,3,5,Hopewell (Independent City)   ,8,8,575000,0,0,0,0,0,0,0,0,0,8,8,575000,0,0,0,0,0,0,0,0,0
200105,51,680,3,5,Lynchburg (Independent City)  ,7,7,699700,10,20,1270000,0,0,0,0,0,0,7,7,699700,10,20,1270000,0,0,0,0,0,0
200105,51,683,3,5,Manassas (Independent City)   ,5,5,326802,0,0,0,0,0,0,0,0,0, , , , , , , , , , , , 
200105,51,685,3,5,Manassas Park (Independent Cit,21,21,2310000,0,0,0,0,0,0,0,0,0, , , , , , , , , , , , 
200105,51,700,3,5,Newport News (Independent City,50,50,6205365,0,0,0,0,0,0,0,0,0,50,50,6205365,0,0,0,0,0,0,0,0,0
200105,51,710,3,5,Norfolk (Independent City)    ,27,27,2769800,1,2,150000,0,0,0,0,0,0,27,27,2769800,1,2,150000,0,0,0,0,0,0
200105,51,730,3,5,Petersburg (Independent City) ,2,2,90000,0,0,0,0,0,0,0,0,0,2,2,90000,0,0,0,0,0,0,0,0,0
200105,51,735,3,5,Poquoson (Independent City)   ,2,2,305400,0,0,0,0,0,0,0,0,0, , , , , , , , , , , , 
200105,51,740,3,5,Portsmouth (Independent City) ,18,18,2233931,0,0,0,0,0,0,0,0,0,18,18,2233931,0,0,0,0,0,0,0,0,0
200105,51,750,3,5,Radford (Independent City)    ,0,0,0,0,0,0,0,0,0,0,0,0,0,0,0,0,0,0,0,0,0,0,0,0
200105,51,760,3,5,Richmond (Independent City)   ,16,16,2337207,0,0,0,0,0,0,0,0,0,16,16,2337207,0,0,0,0,0,0,0,0,0
200105,51,770,3,5,Roanoke (Independent City)    ,17,17,1213032,1,2,84806,0,0,0,1,14,911095, , , , , , , , , , , , 
200105,51,775,3,5,Salem (Independent City)      ,0,0,0,0,0,0,0,0,0,0,0,0,0,0,0,0,0,0,0,0,0,0,0,0
200105,51,790,3,5,Staunton (Independent City)   ,8,8,588500,0,0,0,0,0,0,0,0,0,8,8,588500,0,0,0,0,0,0,0,0,0
200105,51,800,3,5,Suffolk (Independent City)    ,64,64,7465632,1,2,122459,3,12,763483,0,0,0, , , , , , , , , , , , 
200105,51,810,3,5,Virginia Beach (Independent Ci,84,84,10425013,0,0,0,0,0,0,0,0,0,84,84,10425013,0,0,0,0,0,0,0,0,0
200105,51,820,3,5,Waynesboro (Independent City) ,7,7,596324,0,0,0,0,0,0,0,0,0,7,7,596324,0,0,0,0,0,0,0,0,0
200105,51,830,3,5,Williamsburg (Independent City,3,3,630000,0,0,0,0,0,0,0,0,0,3,3,630000,0,0,0,0,0,0,0,0,0
200105,51,840,3,5,Winchester (Independent City) ,10,10,1091610,0,0,0,0,0,0,0,0,0, , , , , , , , , , , , 
200105,53,011,4,9,Clark County                  ,296,296,42646640,8,16,1328691,2,7,590079,5,45,3012946,241,241,37811070,7,14,1240584,0,0,0,4,36,2509881
200105,53,029,4,9,Island County                 ,61,61,9125297,1,2,161042,1,3,190077,0,0,0,52,52,8093259,0,0,0,0,0,0,0,0,0
200105,53,031,4,9,Jefferson County              ,13,13,1266756,0,0,0,0,0,0,0,0,0,13,13,1266756,0,0,0,0,0,0,0,0,0
200105,53,033,4,9,King County                   ,393,393,82884765,4,8,799248,21,78,8740166,13,533,39450704,356,356,74516071,4,8,799248,20,75,8279311,13,533,39450704
200105,53,035,4,9,Kitsap County                 ,89,89,9744660,0,0,0,0,0,0,0,0,0,86,86,9479354,0,0,0,0,0,0,0,0,0
200105,53,053,4,9,Pierce County                 ,346,346,49423592,0,0,0,0,0,0,8,224,13702309,330,330,47691763,0,0,0,0,0,0,8,224,13702309
200105,53,061,4,9,Snohomish County              ,378,378,52962459,11,22,2274233,12,45,3747555,11,92,7002852,248,248,37432533,9,18,1808103,10,39,3243425,7,66,4583859
200105,53,067,4,9,Thurston County               ,143,143,21575006,4,8,477597,0,0,0,0,0,0,127,127,19369306,3,6,302467,0,0,0,0,0,0
200105,54,003,3,5,Berkeley County               ,72,72,8112770,1,2,162857,0,0,0,0,0,0,2,2,82000,0,0,0,0,0,0,0,0,0
200105,54,011,3,5,Cabell County                 ,2,2,258550,0,0,0,1,4,298825,0,0,0,2,2,258550,0,0,0,1,4,298825,0,0,0
200105,54,031,3,5,Hardy County                  ,14,14,788000,0,0,0,0,0,0,0,0,0,14,14,788000,0,0,0,0,0,0,0,0,0
200105,54,037,3,5,Jefferson County              ,50,50,5757506,0,0,0,0,0,0,1,5,245047,13,13,1513400,0,0,0,0,0,0,0,0,0
200105,54,091,3,5,Taylor County                 ,0,0,0,0,0,0,0,0,0,0,0,0,0,0,0,0,0,0,0,0,0,0,0,0
200105,55,059,2,3,Kenosha County                ,58,58,8978163,0,0,0,0,0,0,2,84,5000000,51,51,8087456,0,0,0,0,0,0,2,84,5000000
200105,55,078,2,3,Menominee County              ,2,2,235000,0,0,0,0,0,0,0,0,0,2,2,235000,0,0,0,0,0,0,0,0,0
200105,55,079,2,3,Milwaukee County              ,68,68,11193742,0,0,0,1,4,400000,2,16,1320000,65,65,10837217,0,0,0,1,4,400000,2,16,1320000
200105,55,089,2,3,Ozaukee County                ,43,43,9254480,1,2,229500,0,0,0,1,5,252926,27,27,4575688,0,0,0,0,0,0,0,0,0
200105,55,093,2,3,Pierce County                 ,29,29,3566495,2,4,310000,0,0,0,0,0,0,29,29,3566495,2,4,310000,0,0,0,0,0,0
200105,55,101,2,3,Racine County                 ,64,64,11013734,2,4,285469,1,3,221053,2,11,380606,60,60,10550080,1,2,125000,0,0,0,0,0,0
200105,55,109,2,3,St. Croix County              ,125,125,19040808,7,14,1439776,1,3,85500,2,27,1625000,99,99,16016030,5,10,1056853,0,0,0,1,20,1450000
200105,55,131,2,3,Washington County             ,74,74,12390085,6,12,1006000,3,12,1040000,0,0,0,63,63,9839000,6,12,1006000,3,12,1040000,0,0,0
200105,55,133,2,3,Waukesha County               ,207,207,40550598,3,6,733081,1,4,400000,4,117,8175618,165,165,32962289,0,0,0,1,4,400000,3,112,7800000
200105,56,025,4,8,Natrona County                ,12,12,2045000,0,0,0,0,0,0,0,0,0,12,12,2045000,0,0,0,0,0,0,0,0,0
200105,56,039,4,8,Teton County                  ,32,32,12353259,1,2,201541,0,0,0,1,5,194403,27,27,11226000,0,0,0,0,0,0,0,0,0
