Survey,FIPS,FIPS,Region,Division,County,,1-unit,,,2-units,,,3-4 units,,,5+ units,,,1-unit rep,,,2-units rep,,,3-4 units rep,,, 5+units rep
Date,State,County,Code,Code,Name,Bldgs,Units,Value,Bldgs,Units,Value,Bldgs,Units,Value,Bldgs,Units,Value,Bldgs,Units,Value,Bldgs,Units,Value,Bldgs,Units,Value,Bldgs,Units,Value
 
200108,01,001,3,6,Autauga County                ,24,24,1262575,0,0,0,0,0,0,0,0,0,24,24,1262575,0,0,0,0,0,0,0,0,0
200108,01,081,3,6,Lee County                    ,27,27,4103654,0,0,0,0,0,0,0,0,0,27,27,4103654,0,0,0,0,0,0,0,0,0
200108,01,113,3,6,Russell County                ,21,21,1713404,4,8,373706,0,0,0,1,5,232900,21,21,1713404,4,8,373706,0,0,0,1,5,232900
200108,02,000,4,9,Alaska Balance of State       ,15,15,2910100,0,0,0,0,0,0,0,0,0, , , , , , , , , , , , 
200108,02,013,4,9,Aleutians East Borough        ,0,0,0,0,0,0,0,0,0,0,0,0,0,0,0,0,0,0,0,0,0,0,0,0
200108,02,016,4,9,Aleutians West Census Area    ,1,1,143790,0,0,0,0,0,0,1,5,716362, , , , , , , , , , , , 
200108,02,020,4,9,Anchorage Borough             ,89,89,13851924,27,54,5394921,1,3,259330,14,112,7808518,89,89,13851924,27,54,5394921,1,3,259330,14,112,7808518
200108,02,050,4,9,Bethel Census Area            ,4,4,600000,0,0,0,0,0,0,0,0,0,4,4,600000,0,0,0,0,0,0,0,0,0
200108,02,060,4,9,Bristol Bay Borough           ,0,0,0,0,0,0,0,0,0,0,0,0,0,0,0,0,0,0,0,0,0,0,0,0
200108,02,090,4,9,Fairbanks North Star Borough  ,17,17,2040824,0,0,0,0,0,0,0,0,0,16,16,1949000,0,0,0,0,0,0,0,0,0
200108,02,100,4,9,Haines Borough                ,1,1,150000,0,0,0,0,0,0,0,0,0,1,1,150000,0,0,0,0,0,0,0,0,0
200108,02,110,4,9,Juneau Borough                ,5,5,1080141,0,0,0,0,0,0,0,0,0,5,5,1080141,0,0,0,0,0,0,0,0,0
200108,02,122,4,9,Kenai Peninsula Borough       ,11,11,1617309,0,0,0,0,0,0,0,0,0,7,7,1202251,0,0,0,0,0,0,0,0,0
200108,02,130,4,9,Ketchikan Gateway Borough     ,3,3,408468,1,2,192236,0,0,0,0,0,0, , , , , , , , , , , , 
200108,02,150,4,9,Kodiak Island Borough         ,4,4,552008,0,0,0,0,0,0,0,0,0, , , , , , , , , , , , 
200108,02,170,4,9,Matanuska-Susitna Borough     ,3,3,404740,0,0,0,0,0,0,1,5,342078,0,0,0,0,0,0,0,0,0,0,0,0
200108,02,180,4,9,Nome Census Area              ,1,1,203993,0,0,0,0,0,0,0,0,0, , , , , , , , , , , , 
200108,02,185,4,9,North Slope Borough           ,1,1,138733,0,0,0,0,0,0,0,0,0, , , , , , , , , , , , 
200108,02,201,4,9,Prince of Wales-Outer Ketchika,0,0,0,0,0,0,0,0,0,0,0,0, , , , , , , , , , , , 
200108,02,220,4,9,Sitka Borough                 ,3,3,273534,1,2,145627,0,0,0,0,0,0, , , , , , , , , , , , 
200108,02,232,4,9,Skagway-Hoonah-Angoon Census A,2,2,274896,0,0,0,0,0,0,0,0,0,0,0,0,0,0,0,0,0,0,0,0,0
200108,02,261,4,9,Valdez-Cordova Census Area    ,4,4,538122,0,0,0,0,0,0,0,0,0,0,0,0,0,0,0,0,0,0,0,0,0
200108,02,280,4,9,Wrangell-Petersburg Census Are,1,1,68200,0,0,0,0,0,0,0,0,0,0,0,0,0,0,0,0,0,0,0,0,0
200108,02,282,4,9,Yakutat Borough               ,1,1,102500,0,0,0,0,0,0,0,0,0, , , , , , , , , , , , 
200108,04,013,4,8,Maricopa County               ,2956,2956,418325100,10,20,2611680,7,27,2102246,29,444,31309494,2509,2509,367982510,10,20,2611680,7,27,2102246,29,444,31309494
200108,04,015,4,8,Mohave County                 ,199,199,18391470,2,4,230746,0,0,0,0,0,0,157,157,15262633,2,4,230746,0,0,0,0,0,0
200108,04,021,4,8,Pinal County                  ,267,267,28148731,4,8,375532,6,19,1058490,0,0,0,236,236,24831816,4,8,375532,6,19,1058490,0,0,0
200108,05,023,3,7,Cleburne County               ,3,3,220000,1,2,65000,0,0,0,0,0,0,3,3,220000,1,2,65000,0,0,0,0,0,0
200108,05,035,3,7,Crittenden County             ,15,15,1742587,0,0,0,0,0,0,0,0,0,6,6,741107,0,0,0,0,0,0,0,0,0
200108,05,043,3,7,Drew County                   ,0,0,0,0,0,0,0,0,0,0,0,0,0,0,0,0,0,0,0,0,0,0,0,0
200108,05,055,3,7,Greene County                 ,22,22,1267000,0,0,0,0,0,0,0,0,0,22,22,1267000,0,0,0,0,0,0,0,0,0
200108,05,061,3,7,Howard County                 ,2,2,120000,0,0,0,0,0,0,0,0,0,1,1,40000,0,0,0,0,0,0,0,0,0
200108,05,071,3,7,Johnson County                ,1,1,100000,0,0,0,0,0,0,0,0,0,1,1,100000,0,0,0,0,0,0,0,0,0
200108,06,001,4,9,Alameda County                ,108,108,28358249,7,14,1477099,5,16,1480726,14,273,30203894,82,82,22023574,7,14,1477099,5,16,1480726,14,273,30203894
200108,06,009,4,9,Calaveras County              ,40,40,7916415,0,0,0,0,0,0,0,0,0, , , , , , , , , , , , 
200108,06,013,4,9,Contra Costa County           ,323,323,64709071,1,2,239500,0,0,0,4,54,4711354,182,182,38267441,0,0,0,0,0,0,2,16,1546890
200108,06,017,4,9,El Dorado County              ,123,123,28622427,0,0,15000,0,0,0,0,0,0,123,123,28622427,0,0,15000,0,0,0,0,0,0
200108,06,019,4,9,Fresno County                 ,293,293,42796772,2,4,265497,3,9,576460,2,13,795611,265,265,40026662,1,2,141225,0,0,0,0,0,0
200108,06,027,4,9,Inyo County                   ,1,1,17120,0,0,0,0,0,0,0,0,0,1,1,17120,0,0,0,0,0,0,0,0,0
200108,06,033,4,9,Lake County                   ,9,9,1580374,0,0,0,0,0,0,0,0,0,9,9,1580374,0,0,0,0,0,0,0,0,0
200108,06,037,4,9,Los Angeles County            ,847,847,161782201,10,20,2089861,9,29,2309130,20,904,95055334,783,783,146543695,9,18,1998495,6,19,2016648,14,867,93140107
200108,06,039,4,9,Madera County                 ,81,81,10502003,0,0,0,0,0,0,1,6,383029,76,76,9850357,0,0,0,0,0,0,0,0,0
200108,06,041,4,9,Marin County                  ,16,16,6802447,1,2,440000,0,0,0,0,0,0,12,12,4418785,0,0,0,0,0,0,0,0,0
200108,06,043,4,9,Mariposa County               ,2,2,469627,0,0,0,0,0,0,0,0,0,2,2,469627,0,0,0,0,0,0,0,0,0
200108,06,055,4,9,Napa County                   ,96,96,27180755,0,0,0,1,3,318625,2,15,1412619,96,96,27180755,0,0,0,1,3,318625,2,15,1412619
200108,06,057,4,9,Nevada County                 ,72,72,12176778,0,0,0,0,0,0,0,0,0,72,72,12176778,0,0,0,0,0,0,0,0,0
200108,06,059,4,9,Orange County                 ,495,495,110148996,7,14,1969540,16,48,4366556,14,180,11021114,462,462,101616801,6,12,1792892,15,45,4138556,13,175,10661759
200108,06,061,4,9,Placer County                 ,399,399,62798734,3,6,398364,5,20,1317160,34,339,23900852,301,301,43390583,3,6,398364,5,20,1317160,32,305,21861009
200108,06,065,4,9,Riverside County              ,1342,1342,234840089,1,2,258582,17,51,4731251,23,389,26909079,1321,1321,232202543,1,2,258582,17,51,4731251,23,389,26909079
200108,06,067,4,9,Sacramento County             ,672,672,111530015,3,6,397314,0,0,0,35,408,26339615,672,672,111530015,3,6,397314,0,0,0,35,408,26339615
200108,06,071,4,9,San Bernardino County         ,662,662,110699311,0,0,0,8,32,2773464,18,127,7557817,644,644,107354261,0,0,0,8,32,2773464,18,127,7557817
200108,06,073,4,9,San Diego County              ,986,986,202175227,1,2,240810,6,19,1577764,53,319,22401302,823,823,167007465,1,2,240810,6,19,1577764,52,308,21831003
200108,06,075,4,9,San Francisco County          ,6,6,2570000,15,30,5154693,3,9,1256000,2,42,20500000,6,6,2570000,15,30,5154693,3,9,1256000,2,42,20500000
200108,06,077,4,9,San Joaquin County            ,403,403,65492327,0,0,0,0,0,0,5,40,1732270,262,262,42609281,0,0,0,0,0,0,5,40,1732270
200108,06,079,4,9,San Luis Obispo County        ,126,126,22389818,0,0,0,2,6,577136,0,0,0,114,114,20132593,0,0,0,1,3,328987,0,0,0
200108,06,081,4,9,San Mateo County              ,130,130,29961134,1,2,567000,0,0,0,2,116,10443084,49,49,15285243,1,2,567000,0,0,0,1,78,8000000
200108,06,085,4,9,Santa Clara County            ,86,86,30712655,0,0,0,3,10,1593416,7,298,22028958,64,64,25714214,0,0,0,0,0,0,4,281,20066486
200108,06,087,4,9,Santa Cruz County             ,21,21,5402197,1,2,229636,0,0,0,1,8,797043,21,21,5402197,1,2,229636,0,0,0,1,8,797043
200108,06,089,4,9,Shasta County                 ,92,92,13789493,0,0,0,0,0,0,0,0,0,92,92,13789493,0,0,0,0,0,0,0,0,0
200108,06,095,4,9,Solano County                 ,139,139,25013043,0,0,0,0,0,0,0,0,0,75,75,13837848,0,0,0,0,0,0,0,0,0
200108,06,097,4,9,Sonoma County                 ,146,146,25320551,3,6,380949,1,3,143341,1,18,1029405,34,34,8382741,0,0,0,0,0,0,0,0,0
200108,06,105,4,9,Trinity County                ,4,4,666622,0,0,0,0,0,0,0,0,0,4,4,666622,0,0,0,0,0,0,0,0,0
200108,06,111,4,9,Ventura County                ,292,292,73117477,0,0,0,0,0,0,7,104,8251000,292,292,73117477,0,0,0,0,0,0,7,104,8251000
200108,06,113,4,9,Yolo County                   ,48,48,8816522,0,0,0,0,0,0,0,0,0,48,48,8816522,0,0,0,0,0,0,0,0,0
200108,08,001,4,8,Adams County                  ,315,315,43437180,8,16,1844068,0,0,0,36,741,48343394,297,297,42152624,7,14,1776855,0,0,0,34,706,45950258
200108,08,005,4,8,Arapahoe County               ,280,280,40795037,0,0,0,9,36,1848906,8,86,4154557,277,277,39306164,0,0,0,9,36,1848906,7,45,2696701
200108,08,013,4,8,Boulder County                ,255,255,30776482,1,2,185972,1,3,264336,2,65,3241440,255,255,30776482,1,2,185972,1,3,264336,2,65,3241440
200108,08,015,4,8,Chaffee County                ,22,22,1911025,0,0,0,0,0,0,0,0,0,22,22,1911025,0,0,0,0,0,0,0,0,0
200108,08,031,4,8,Denver County                 ,154,154,22157256,9,18,1830700,2,7,556000,3,216,2010000,154,154,22157256,9,18,1830700,2,7,556000,3,216,2010000
200108,08,035,4,8,Douglas County                ,304,304,54628175,0,0,0,0,0,0,8,168,13667081,222,222,43667490,0,0,0,0,0,0,8,168,13667081
200108,08,059,4,8,Jefferson County              ,168,168,26009547,0,0,0,0,0,0,2,48,2956062,168,168,26009547,0,0,0,0,0,0,2,48,2956062
200108,08,069,4,8,Larimer County                ,266,266,36536440,0,0,0,10,36,3039529,10,121,6751661,118,118,15287141,0,0,0,9,33,2775529,9,106,6147475
200108,08,077,4,8,Mesa County                   ,85,85,9968254,0,0,0,0,0,0,0,0,0,85,85,9968254,0,0,0,0,0,0,0,0,0
200108,08,101,4,8,Pueblo County                 ,115,115,11235649,0,0,0,2,8,170000,0,0,0,115,115,11235649,0,0,0,2,8,170000,0,0,0
200108,08,107,4,8,Routt County                  ,18,18,5414556,1,2,457526,2,6,580740,0,0,0,18,18,5414556,1,2,457526,2,6,580740,0,0,0
200108,08,113,4,8,San Miguel County             ,20,20,14315591,0,0,0,0,0,0,0,0,0,13,13,5783203,0,0,0,0,0,0,0,0,0
200108,08,123,4,8,Weld County                   ,338,338,50464584,7,14,1120228,0,0,0,0,0,0,287,287,43615997,7,14,1120228,0,0,0,0,0,0
200108,09,001,1,1,Fairfield County              ,201,201,42246512,2,4,425000,0,0,0,0,0,0,176,176,28386633,1,2,60000,0,0,0,0,0,0
200108,09,003,1,1,Hartford County               ,190,190,25080590,4,8,504317,0,0,0,0,0,0,168,168,22426895,1,2,165600,0,0,0,0,0,0
200108,09,005,1,1,Litchfield County             ,76,76,10776291,0,0,0,0,0,10000,0,0,0,66,66,9144735,0,0,0,0,0,10000,0,0,0
200108,09,007,1,1,Middlesex County              ,74,74,9478142,0,0,0,0,0,0,1,5,67298,43,43,5778077,0,0,0,0,0,0,0,0,0
200108,09,009,1,1,New Haven County              ,146,146,19655075,6,12,1178400,7,24,1882096,8,80,6880503,103,103,15467056,6,12,1178400,7,24,1882096,6,70,6479058
200108,09,011,1,1,New London County             ,79,79,11675743,2,4,160000,0,0,0,0,0,0,65,65,9762754,2,4,160000,0,0,0,0,0,0
200108,09,013,1,1,Tolland County                ,69,69,9674463,0,0,0,0,0,0,3,36,1712000,63,63,8542750,0,0,0,0,0,0,3,36,1712000
200108,09,015,1,1,Windham County                ,47,47,4848296,0,0,0,0,0,0,0,0,0,35,35,3819942,0,0,0,0,0,0,0,0,0
200108,10,001,3,5,Kent County                   ,102,102,11719237,0,0,0,0,0,0,0,0,0,102,102,11719237,0,0,0,0,0,0,0,0,0
200108,10,003,3,5,New Castle County             ,157,157,13328535,0,0,0,0,0,0,5,55,2038261,0,0,0,0,0,0,0,0,0,0,0,0
200108,10,005,3,5,Sussex County                 ,145,145,17661158,0,0,0,0,0,0,0,0,0,145,145,17661158,0,0,0,0,0,0,0,0,0
200108,11,001,3,5,Washington  DC                ,1,1,50000,0,0,0,0,0,0,0,0,0,1,1,50000,0,0,0,0,0,0,0,0,0
200108,12,001,3,5,Alachua County                ,113,113,13072293,0,0,0,0,0,0,17,211,10577712,88,88,11034925,0,0,0,0,0,0,16,192,9310483
200108,12,003,3,5,Baker County                  ,7,7,1051746,0,0,0,0,0,0,0,0,0,7,7,1051746,0,0,0,0,0,0,0,0,0
200108,12,005,3,5,Bay County                    ,64,64,9535077,12,24,1097928,0,0,0,0,0,0,64,64,9535077,12,24,1097928,0,0,0,0,0,0
200108,12,007,3,5,Bradford County               ,9,9,532350,0,0,0,0,0,0,0,0,0,9,9,532350,0,0,0,0,0,0,0,0,0
200108,12,009,3,5,Brevard County                ,371,371,46334128,0,0,0,0,0,0,3,52,12784779,192,192,22230368,0,0,0,0,0,0,2,47,12360415
200108,12,011,3,5,Broward County                ,652,652,93040357,3,6,380346,4,15,1128267,14,445,26069918,440,440,68342663,3,6,380346,3,11,837227,11,412,23569856
200108,12,013,3,5,Calhoun County                ,2,2,122076,0,0,0,0,0,0,0,0,0, , , , , , , , , , , , 
200108,12,015,3,5,Charlotte County              ,159,159,23055120,3,6,393000,1,4,302000,0,0,0,131,131,19703370,3,6,393000,1,4,302000,0,0,0
200108,12,017,3,5,Citrus County                 ,111,111,7726147,1,2,18364,1,4,300000,0,0,0,3,3,600000,0,0,0,1,4,300000,0,0,0
200108,12,019,3,5,Clay County                   ,191,191,20916536,0,0,0,0,0,0,0,0,0,191,191,20916536,0,0,0,0,0,0,0,0,0
200108,12,021,3,5,Collier County                ,377,377,71327556,7,14,980000,42,158,17769000,9,126,10327000,377,377,71327556,7,14,980000,42,158,17769000,9,126,10327000
200108,12,023,3,5,Columbia County               ,22,22,1131595,0,0,0,0,0,0,0,0,0,22,22,1131595,0,0,0,0,0,0,0,0,0
200108,12,027,3,5,DeSoto County                 ,4,4,537481,0,0,0,0,0,0,1,5,600135, , , , , , , , , , , , 
200108,12,029,3,5,Dixie County                  ,3,3,365454,0,0,0,0,0,0,0,0,0,3,3,365454,0,0,0,0,0,0,0,0,0
200108,12,031,3,5,Duval County                  ,459,459,57712916,0,0,0,0,0,0,2,38,2258943,459,459,57712916,0,0,0,0,0,0,2,38,2258943
200108,12,033,3,5,Escambia County               ,132,132,16303734,2,4,253564,0,0,0,0,0,0,132,132,16303734,2,4,253564,0,0,0,0,0,0
200108,12,037,3,5,Franklin County               ,11,11,1956173,0,0,0,0,0,0,0,0,0,1,1,80000,0,0,0,0,0,0,0,0,0
200108,12,039,3,5,Gadsden County                ,11,11,1660741,0,0,0,0,0,0,0,0,0,11,11,1660741,0,0,0,0,0,0,0,0,0
200108,12,041,3,5,Gilchrist County              ,6,6,853000,0,0,0,0,0,0,0,0,0,6,6,853000,0,0,0,0,0,0,0,0,0
200108,12,045,3,5,Gulf County                   ,16,16,2410934,0,0,0,0,0,0,0,0,0,16,16,2410934,0,0,0,0,0,0,0,0,0
200108,12,047,3,5,Hamilton County               ,2,2,180000,0,0,0,0,0,0,0,0,0,2,2,180000,0,0,0,0,0,0,0,0,0
200108,12,049,3,5,Hardee County                 ,5,5,257405,0,0,0,0,0,0,0,0,0,4,4,158403,0,0,0,0,0,0,0,0,0
200108,12,051,3,5,Hendry County                 ,5,5,386698,0,0,0,0,0,0,0,0,0,4,4,287248,0,0,0,0,0,0,0,0,0
200108,12,053,3,5,Hernando County               ,150,150,18558966,0,0,0,0,0,0,3,24,525000,150,150,18558966,0,0,0,0,0,0,3,24,525000
200108,12,055,3,5,Highlands County              ,61,61,6295668,1,2,146825,0,0,0,0,0,0,60,60,6215110,1,2,146825,0,0,0,0,0,0
200108,12,057,3,5,Hillsborough County           ,819,819,72817477,1,2,195502,0,0,0,1,13,634779,817,817,72530898,1,2,195502,0,0,0,0,0,0
200108,12,059,3,5,Holmes County                 ,2,2,143000,0,0,0,0,0,0,0,0,0,2,2,143000,0,0,0,0,0,0,0,0,0
200108,12,061,3,5,Indian River County           ,111,111,22202460,2,4,204700,1,3,172000,3,61,5194706,32,32,6280263,2,4,204700,0,0,0,0,0,0
200108,12,063,3,5,Jackson County                ,18,18,1268090,0,0,0,0,0,0,0,0,0,18,18,1268090,0,0,0,0,0,0,0,0,0
200108,12,065,3,5,Jefferson County              ,9,9,1279231,0,0,0,1,4,232620,0,0,0,9,9,1279231,0,0,0,1,4,232620,0,0,0
200108,12,067,3,5,Lafayette County              ,1,1,75000,0,0,0,0,0,0,0,0,0,1,1,75000,0,0,0,0,0,0,0,0,0
200108,12,069,3,5,Lake County                   ,336,336,41836342,0,0,0,0,0,0,0,0,0,327,327,40648633,0,0,0,0,0,0,0,0,0
200108,12,071,3,5,Lee County                    ,666,666,109994452,28,56,5312939,5,20,2388143,32,360,21087151,656,656,106373757,28,56,5312939,5,20,2388143,32,360,21087151
200108,12,073,3,5,Leon County                   ,124,124,18102965,2,4,253564,4,16,1028909,0,0,0,124,124,18102965,2,4,253564,4,16,1028909,0,0,0
200108,12,075,3,5,Levy County                   ,17,17,1872190,0,0,0,0,0,0,0,0,0,15,15,1760904,0,0,0,0,0,0,0,0,0
200108,12,077,3,5,Liberty County                ,1,1,117394,0,0,0,0,0,0,0,0,0,1,1,117394,0,0,0,0,0,0,0,0,0
200108,12,079,3,5,Madison County                ,5,5,244010,0,0,0,0,0,0,0,0,0,4,4,209269,0,0,0,0,0,0,0,0,0
200108,12,081,3,5,Manatee County                ,253,253,39193195,0,0,0,0,0,0,3,26,1146290,253,253,39193195,0,0,0,0,0,0,3,26,1146290
200108,12,083,3,5,Marion County                 ,312,312,31145965,1,2,75000,0,0,0,0,0,0,312,312,31145965,1,2,75000,0,0,0,0,0,0
200108,12,085,3,5,Martin County                 ,72,72,17242071,0,0,0,1,4,582446,0,0,0,72,72,17242071,0,0,0,1,4,582446,0,0,0
200108,12,086,3,5,Miami-Dade County             ,448,448,61034591,13,26,2200364,0,0,0,59,1619,99850194,447,447,60903579,13,26,2200364,0,0,0,58,1614,99712694
200108,12,089,3,5,Nassau County                 ,69,69,14151916,0,0,0,0,0,0,0,0,0,51,51,8622917,0,0,0,0,0,0,0,0,0
200108,12,091,3,5,Okaloosa County               ,100,100,12334841,0,0,0,1,3,153488,1,6,287433,36,36,5034535,0,0,0,0,0,0,0,0,0
200108,12,093,3,5,Okeechobee County             ,12,12,994718,0,0,0,0,0,0,0,0,0,1,1,110000,0,0,0,0,0,0,0,0,0
200108,12,095,3,5,Orange County                 ,694,694,81403797,3,6,125000,5,19,1433558,22,572,27634970,694,694,81403797,3,6,125000,5,19,1433558,22,572,27634970
200108,12,097,3,5,Osceola County                ,396,396,52800953,0,0,0,0,0,0,3,156,19218432,396,396,52800953,0,0,0,0,0,0,3,156,19218432
200108,12,099,3,5,Palm Beach County             ,670,670,93644425,0,0,0,0,0,0,22,397,23600014,658,658,84766290,0,0,0,0,0,0,22,397,23600014
200108,12,101,3,5,Pasco County                  ,415,415,44481333,9,18,981100,1,4,176000,3,22,1236320,414,414,44289387,9,18,981100,1,4,176000,3,22,1236320
200108,12,103,3,5,Pinellas County               ,140,140,24005376,7,14,515782,2,7,450148,3,55,4344487,139,139,23669480,7,14,515782,2,7,450148,2,50,4000000
200108,12,105,3,5,Polk County                   ,426,426,51152971,0,0,0,0,0,0,7,112,4781875,426,426,51152971,0,0,0,0,0,0,7,112,4781875
200108,12,107,3,5,Putnam County                 ,16,16,1328144,0,0,0,0,0,0,0,0,0,0,0,0,0,0,0,0,0,0,0,0,0
200108,12,109,3,5,St. Johns County              ,163,163,37135891,0,0,0,1,4,96000,0,0,0,163,163,37135891,0,0,0,1,4,96000,0,0,0
200108,12,111,3,5,St. Lucie County              ,236,236,26234127,2,4,331035,0,0,0,0,0,0,234,234,25996831,1,2,233637,0,0,0,0,0,0
200108,12,113,3,5,Santa Rosa County             ,99,99,12286622,0,0,0,0,0,0,0,0,0,99,99,12286622,0,0,0,0,0,0,0,0,0
200108,12,115,3,5,Sarasota County               ,315,315,53158146,1,2,142098,0,0,0,3,27,1420053,308,308,52098991,0,0,0,0,0,0,2,16,1270988
200108,12,117,3,5,Seminole County               ,238,238,52258400,0,0,0,0,0,0,15,308,13700738,215,215,49408528,0,0,0,0,0,0,15,308,13700738
200108,12,119,3,5,Sumter County                 ,163,163,16328190,0,0,0,0,0,0,0,0,0,163,163,16328190,0,0,0,0,0,0,0,0,0
200108,12,121,3,5,Suwannee County               ,15,15,1455148,0,0,0,0,0,0,0,0,0,15,15,1455148,0,0,0,0,0,0,0,0,0
200108,12,123,3,5,Taylor County                 ,8,8,561000,0,0,0,0,0,0,0,0,0,8,8,561000,0,0,0,0,0,0,0,0,0
200108,12,125,3,5,Union County                  ,4,4,305400,0,0,0,0,0,0,0,0,0,4,4,305400,0,0,0,0,0,0,0,0,0
200108,12,127,3,5,Volusia County                ,349,349,45715692,0,0,0,0,0,0,13,268,10419644,347,347,45556352,0,0,0,0,0,0,13,268,10419644
200108,12,129,3,5,Wakulla County                ,36,36,2203217,0,0,0,0,0,0,0,0,0, , , , , , , , , , , , 
200108,12,131,3,5,Walton County                 ,65,65,16438860,0,0,0,0,0,0,1,11,3116667,65,65,16438860,0,0,0,0,0,0,1,11,3116667
200108,12,133,3,5,Washington County             ,7,7,456256,0,0,0,0,0,0,0,0,0,7,7,456256,0,0,0,0,0,0,0,0,0
200108,13,009,3,5,Baldwin County                ,11,11,1217342,0,0,0,0,0,0,0,0,0,2,2,215000,0,0,0,0,0,0,0,0,0
200108,13,013,3,5,Barrow County                 ,68,68,5063929,0,0,0,0,0,0,0,0,0,68,68,5063929,0,0,0,0,0,0,0,0,0
200108,13,015,3,5,Bartow County                 ,74,74,9097696,1,2,126782,4,13,698188,0,0,0,74,74,9097696,1,2,126782,4,13,698188,0,0,0
200108,13,027,3,5,Brooks County                 ,4,4,292749,0,0,0,0,0,0,0,0,0, , , , , , , , , , , , 
200108,13,035,3,5,Butts County                  ,17,17,1678400,0,0,0,0,0,0,0,0,0,17,17,1678400,0,0,0,0,0,0,0,0,0
200108,13,039,3,5,Camden County                 ,39,39,3049523,3,6,217865,0,0,0,0,0,0,17,17,1508860,2,4,170832,0,0,0,0,0,0
200108,13,045,3,5,Carroll County                ,157,157,12540437,1,2,71400,0,0,0,0,0,0,60,60,4920523,1,2,71400,0,0,0,0,0,0
200108,13,047,3,5,Catoosa County                ,31,31,3696478,0,0,0,1,4,67312,1,5,247195,27,27,3350897,0,0,0,0,0,0,0,0,0
200108,13,057,3,5,Cherokee County               ,264,264,32020364,0,0,0,0,0,0,0,0,0,244,244,30416190,0,0,0,0,0,0,0,0,0
200108,13,063,3,5,Clayton County                ,165,165,20947916,0,0,0,0,0,0,0,0,0,165,165,20947916,0,0,0,0,0,0,0,0,0
200108,13,067,3,5,Cobb County                   ,352,352,42553982,0,0,0,0,0,0,0,0,0,352,352,42553982,0,0,0,0,0,0,0,0,0
200108,13,069,3,5,Coffee County                 ,7,7,873000,0,0,0,0,0,0,0,0,0,7,7,873000,0,0,0,0,0,0,0,0,0
200108,13,077,3,5,Coweta County                 ,138,138,16205518,0,0,0,0,0,0,0,0,0,135,135,16002127,0,0,0,0,0,0,0,0,0
200108,13,085,3,5,Dawson County                 ,26,26,4056203,0,0,0,0,0,0,0,0,0, , , , , , , , , , , , 
200108,13,087,3,5,Decatur County                ,7,7,845000,0,0,0,0,0,0,0,0,0,7,7,845000,0,0,0,0,0,0,0,0,0
200108,13,089,3,5,DeKalb County                 ,449,449,55813678,0,0,0,0,0,0,0,0,0,449,449,55813678,0,0,0,0,0,0,0,0,0
200108,13,091,3,5,Dodge County                  ,6,6,405000,0,0,0,0,0,0,0,0,0,6,6,405000,0,0,0,0,0,0,0,0,0
200108,13,095,3,5,Dougherty County              ,24,24,2102260,0,0,0,0,0,0,0,0,0,24,24,2102260,0,0,0,0,0,0,0,0,0
200108,13,097,3,5,Douglas County                ,105,105,5408940,0,0,0,0,0,0,0,0,0,105,105,5408940,0,0,0,0,0,0,0,0,0
200108,13,113,3,5,Fayette County                ,94,94,15682776,0,0,0,0,0,0,0,0,0,64,64,11163700,0,0,0,0,0,0,0,0,0
200108,13,115,3,5,Floyd County                  ,45,45,5996798,7,14,450000,0,0,0,0,0,0,45,45,5996798,7,14,450000,0,0,0,0,0,0
200108,13,117,3,5,Forsyth County                ,291,291,33610470,0,0,0,0,0,0,0,0,0,291,291,33610470,0,0,0,0,0,0,0,0,0
200108,13,121,3,5,Fulton County                 ,347,347,51608786,4,8,507128,0,0,0,19,1185,67085616,345,345,51416435,4,8,507128,0,0,0,19,1185,67085616
200108,13,123,3,5,Gilmer County                 ,45,45,3740000,0,0,0,0,0,0,1,5,125000,2,2,300000,0,0,0,0,0,0,0,0,0
200108,13,127,3,5,Glynn County                  ,59,59,8723172,0,0,0,0,0,0,0,0,0,59,59,8723172,0,0,0,0,0,0,0,0,0
200108,13,129,3,5,Gordon County                 ,28,28,2476482,0,0,0,0,0,0,2,14,438781,19,19,1774000,0,0,0,0,0,0,0,0,0
200108,13,133,3,5,Greene County                 ,12,12,2700000,0,0,0,0,0,0,0,0,0,12,12,2700000,0,0,0,0,0,0,0,0,0
200108,13,135,3,5,Gwinnett County               ,842,842,84865058,1,2,65000,4,16,933920,17,169,5868510,842,842,84865058,1,2,65000,4,16,933920,17,169,5868510
200108,13,143,3,5,Haralson County               ,13,13,1526117,0,0,0,0,0,0,0,0,0,13,13,1526117,0,0,0,0,0,0,0,0,0
200108,13,145,3,5,Harris County                 ,30,30,5944033,0,0,0,0,0,0,0,0,0,30,30,5944033,0,0,0,0,0,0,0,0,0
200108,13,151,3,5,Henry County                  ,351,351,33242911,0,0,0,0,0,0,0,0,0,351,351,33242911,0,0,0,0,0,0,0,0,0
200108,13,157,3,5,Jackson County                ,74,74,10289050,0,0,0,0,0,0,0,0,0,74,74,10289050,0,0,0,0,0,0,0,0,0
200108,13,169,3,5,Jones County                  ,14,14,1723000,0,0,0,0,0,0,0,0,0,14,14,1723000,0,0,0,0,0,0,0,0,0
200108,13,173,3,5,Lanier County                 ,2,2,163000,0,0,0,0,0,0,0,0,0,2,2,163000,0,0,0,0,0,0,0,0,0
200108,13,177,3,5,Lee County                    ,27,27,3083565,0,0,0,0,0,0,0,0,0, , , , , , , , , , , , 
200108,13,179,3,5,Liberty County                ,14,14,1408585,0,0,0,0,0,0,0,0,0,14,14,1408585,0,0,0,0,0,0,0,0,0
200108,13,211,3,5,Morgan County                 ,9,9,1225267,0,0,0,0,0,0,0,0,0,9,9,1225267,0,0,0,0,0,0,0,0,0
200108,13,213,3,5,Murray County                 ,21,21,2351478,0,0,0,0,0,0,0,0,0,21,21,2351478,0,0,0,0,0,0,0,0,0
200108,13,215,3,5,Muscogee County               ,45,45,5584828,0,0,0,0,0,0,0,0,0,45,45,5584828,0,0,0,0,0,0,0,0,0
200108,13,217,3,5,Newton County                 ,137,137,15067729,0,0,0,0,0,0,1,17,476352,3,3,244508,0,0,0,0,0,0,0,0,0
200108,13,223,3,5,Paulding County               ,185,185,14860716,0,0,0,0,0,0,1,8,424200,185,185,14860716,0,0,0,0,0,0,1,8,424200
200108,13,227,3,5,Pickens County                ,38,38,4716077,0,0,0,0,0,0,0,0,0,38,38,4716077,0,0,0,0,0,0,0,0,0
200108,13,237,3,5,Putnam County                 ,17,17,2503106,0,0,0,0,0,0,0,0,0, , , , , , , , , , , , 
200108,13,239,3,5,Quitman County                ,0,0,0,0,0,0,0,0,0,0,0,0,0,0,0,0,0,0,0,0,0,0,0,0
200108,13,247,3,5,Rockdale County               ,69,69,8563403,0,0,0,0,0,0,0,0,0,69,69,8563403,0,0,0,0,0,0,0,0,0
200108,13,255,3,5,Spalding County               ,50,50,5086300,0,0,0,0,0,0,0,0,0,50,50,5086300,0,0,0,0,0,0,0,0,0
200108,13,257,3,5,Stephens County               ,12,12,1352700,0,0,0,0,0,0,0,0,0,12,12,1352700,0,0,0,0,0,0,0,0,0
200108,13,291,3,5,Union County                  ,40,40,4695744,0,0,0,0,0,0,0,0,0,40,40,4695744,0,0,0,0,0,0,0,0,0
200108,13,293,3,5,Upson County                  ,6,6,460000,1,2,62500,0,0,0,0,0,0,6,6,460000,1,2,62500,0,0,0,0,0,0
200108,13,297,3,5,Walton County                 ,109,109,11435152,1,2,96000,0,0,0,0,0,0,8,8,855411,1,2,96000,0,0,0,0,0,0
200108,13,313,3,5,Whitfield County              ,34,34,1698400,0,0,0,2,8,629661,1,5,393539,34,34,1698400,0,0,0,2,8,629661,1,5,393539
200108,15,001,4,9,Hawaii County                 ,132,132,21627732,0,0,0,1,3,216774,1,10,599138, , , , , , , , , , , , 
200108,15,003,4,9,Honolulu County               ,123,123,22965692,0,0,0,0,0,0,2,21,1852800,123,123,22965692,0,0,0,0,0,0,2,21,1852800
200108,15,007,4,9,Kauai County                  ,24,24,7406400,0,0,0,0,0,0,0,0,0,24,24,7406400,0,0,0,0,0,0,0,0,0
200108,15,009,4,9,Maui County                   ,54,54,8404538,0,0,0,0,0,0,2,81,5647231,54,54,8404538,0,0,0,0,0,0,2,81,5647231
200108,16,017,4,8,Bonner County                 ,2,2,188838,1,2,145160,0,0,0,0,0,0,2,2,188838,1,2,145160,0,0,0,0,0,0
200108,16,019,4,8,Bonneville County             ,41,41,3631212,2,4,266420,0,0,0,1,5,190729,12,12,1186662,0,0,0,0,0,0,0,0,0
200108,17,009,2,3,Brown County                  ,0,0,0,0,0,0,0,0,0,0,0,0,0,0,0,0,0,0,0,0,0,0,0,0
200108,17,023,2,3,Clark County                  ,1,1,69500,0,0,0,0,0,0,0,0,0,1,1,69500,0,0,0,0,0,0,0,0,0
200108,17,027,2,3,Clinton County                ,8,8,1181873,0,0,0,0,0,0,0,0,0,5,5,721712,0,0,0,0,0,0,0,0,0
200108,17,031,2,3,Cook County                   ,446,446,83243064,5,10,933122,14,46,3318557,26,750,56577606,401,401,74957556,5,10,933122,13,43,3183557,22,729,55242759
200108,17,037,2,3,DeKalb County                 ,43,43,5900810,5,10,674680,1,3,140292,1,9,412225,34,34,4314000,1,2,185000,0,0,0,0,0,0
200108,17,043,2,3,DuPage County                 ,275,275,61890968,0,0,0,0,0,0,6,120,5400000,211,211,49768854,0,0,0,0,0,0,6,120,5400000
200108,17,063,2,3,Grundy County                 ,18,18,2702129,1,2,201000,0,0,0,0,0,0,5,5,620000,0,0,0,0,0,0,0,0,0
200108,17,083,2,3,Jersey County                 ,8,8,886704,0,0,0,0,0,0,0,0,0,1,1,78349,0,0,0,0,0,0,0,0,0
200108,17,089,2,3,Kane County                   ,551,551,82078823,0,0,0,8,32,2633434,21,148,11340317,504,504,75636965,0,0,0,8,32,2633434,20,122,8954565
200108,17,091,2,3,Kankakee County               ,34,34,4859717,1,2,183259,1,3,162188,1,5,218750,26,26,3947077,0,0,0,0,0,0,0,0,0
200108,17,093,2,3,Kendall County                ,88,88,13809926,3,6,396938,0,0,0,0,0,0,38,38,7412310,0,0,0,0,0,0,0,0,0
200108,17,097,2,3,Lake County                   ,358,358,68110872,0,0,0,0,0,0,5,33,1995305,301,301,54642187,0,0,0,0,0,0,2,12,795600
200108,17,109,2,3,McDonough County              ,2,2,190000,0,0,0,0,0,0,0,0,0,2,2,190000,0,0,0,0,0,0,0,0,0
200108,17,111,2,3,McHenry County                ,313,313,44618177,1,2,266400,2,6,517064,6,31,2559465,278,278,40204738,0,0,0,0,0,0,5,26,2230577
200108,17,119,2,3,Madison County                ,113,113,14218043,4,8,964730,0,0,0,3,24,750400,102,102,13085729,3,6,840000,0,0,0,3,24,750400
200108,17,133,2,3,Monroe County                 ,21,21,2918347,1,2,165084,0,0,0,0,0,0,6,6,696000,0,0,0,0,0,0,0,0,0
200108,17,163,2,3,St. Clair County              ,92,92,12616693,1,2,160000,0,0,0,0,0,0,64,64,9058662,1,2,160000,0,0,0,0,0,0
200108,17,197,2,3,Will County                   ,629,629,81492168,3,6,507000,4,14,1309232,4,61,4093139,527,527,65414707,3,6,507000,4,14,1309232,3,35,3068000
200108,18,003,2,3,Allen County                  ,172,172,27262235,3,6,364625,0,0,0,5,40,1628000,172,172,27262235,3,6,364625,0,0,0,5,40,1628000
200108,18,011,2,3,Boone County                  ,34,34,8332251,7,14,875000,0,0,0,0,0,0,34,34,8332251,7,14,875000,0,0,0,0,0,0
200108,18,013,2,3,Brown County                  ,14,14,837733,0,0,0,0,0,0,0,0,0, , , , , , , , , , , , 
200108,18,019,2,3,Clark County                  ,58,58,5731367,1,2,107875,0,0,0,0,0,0,10,10,1048772,0,0,0,0,0,0,0,0,0
200108,18,027,2,3,Daviess County                ,1,1,268724,0,0,0,0,0,0,0,0,0,1,1,268724,0,0,0,0,0,0,0,0,0
200108,18,029,2,3,Dearborn County               ,34,34,4154225,0,0,0,0,0,0,0,0,0, , , , , , , , , , , , 
200108,18,031,2,3,Decatur County                ,8,8,1180320,0,0,0,0,0,0,0,0,0,6,6,965000,0,0,0,0,0,0,0,0,0
200108,18,033,2,3,De Kalb County                ,19,19,1752191,0,0,0,0,0,0,0,0,0,19,19,1752191,0,0,0,0,0,0,0,0,0
200108,18,041,2,3,Fayette County                ,7,7,556000,0,0,0,0,0,0,0,0,0,7,7,556000,0,0,0,0,0,0,0,0,0
200108,18,043,2,3,Floyd County                  ,35,35,5237200,0,0,0,0,0,0,0,0,0,35,35,5237200,0,0,0,0,0,0,0,0,0
200108,18,047,2,3,Franklin County               ,8,8,1002500,0,0,0,0,0,0,0,0,0,8,8,1002500,0,0,0,0,0,0,0,0,0
200108,18,057,2,3,Hamilton County               ,291,291,52570027,1,2,230000,1,3,180000,1,7,454500,234,234,44244161,1,2,230000,0,0,0,0,0,0
200108,18,059,2,3,Hancock County                ,75,75,11213779,1,2,85000,0,0,0,0,0,0,75,75,11213779,1,2,85000,0,0,0,0,0,0
200108,18,061,2,3,Harrison County               ,20,20,2575547,0,0,0,0,0,0,0,0,0, , , , , , , , , , , , 
200108,18,063,2,3,Hendricks County              ,196,196,26966182,5,10,617224,0,0,0,0,0,0,144,144,21428117,4,8,457620,0,0,0,0,0,0
200108,18,069,2,3,Huntington County             ,7,7,884618,0,0,0,0,0,0,0,0,0,7,7,884618,0,0,0,0,0,0,0,0,0
200108,18,079,2,3,Jennings County               ,19,19,1208968,0,0,0,0,0,0,0,0,0,19,19,1208968,0,0,0,0,0,0,0,0,0
200108,18,081,2,3,Johnson County                ,129,129,27243775,3,6,668625,0,0,0,0,0,0,129,129,27243775,2,4,571000,0,0,0,0,0,0
200108,18,087,2,3,Lagrange County               ,22,22,1710653,0,0,0,0,0,0,0,0,0, , , , , , , , , , , , 
200108,18,089,2,3,Lake County                   ,129,129,21016888,3,6,743806,0,0,0,0,0,0,104,104,16547191,3,6,743806,0,0,0,0,0,0
200108,18,095,2,3,Madison County                ,45,45,6067646,0,0,0,0,0,0,0,0,0,28,28,3617921,0,0,0,0,0,0,0,0,0
200108,18,097,2,3,Marion County                 ,465,465,67902141,14,28,2401856,0,0,0,2,16,875010,465,465,67902141,14,28,2401856,0,0,0,2,16,875010
200108,18,105,2,3,Monroe County                 ,41,41,5909237,0,0,0,0,0,0,2,12,656258,40,40,5834236,0,0,0,0,0,0,2,12,656258
200108,18,107,2,3,Montgomery County             ,11,11,1146004,0,0,0,0,0,0,0,0,0,0,0,0,0,0,0,0,0,0,0,0,0
200108,18,109,2,3,Morgan County                 ,46,46,5806337,1,2,125000,0,0,0,0,0,0,46,46,5806337,1,2,125000,0,0,0,0,0,0
200108,18,115,2,3,Ohio County                   ,7,7,775000,0,0,0,0,0,0,0,0,0,7,7,775000,0,0,0,0,0,0,0,0,0
200108,18,127,2,3,Porter County                 ,75,75,10438463,1,2,236480,0,0,0,0,0,0,74,74,10322450,1,2,236480,0,0,0,0,0,0
200108,18,135,2,3,Randolph County               ,9,9,984860,0,0,0,0,0,0,0,0,0,9,9,984860,0,0,0,0,0,0,0,0,0
200108,18,143,2,3,Scott County                  ,12,12,784452,0,0,0,0,0,0,2,10,382351,3,3,259000,0,0,0,0,0,0,0,0,0
200108,18,145,2,3,Shelby County                 ,14,14,1760000,1,2,180000,0,0,0,0,0,0,14,14,1760000,1,2,180000,0,0,0,0,0,0
200108,18,157,2,3,Tippecanoe County             ,71,71,8615330,0,0,0,3,12,1260000,1,7,269000,71,71,8615330,0,0,0,3,12,1260000,1,7,269000
200108,18,163,2,3,Vanderburgh County            ,69,69,5835400,0,0,0,0,0,0,0,0,0,69,69,5835400,0,0,0,0,0,0,0,0,0
200108,18,179,2,3,Wells County                  ,12,12,1750271,0,0,0,0,0,0,0,0,0,12,12,1750271,0,0,0,0,0,0,0,0,0
200108,18,181,2,3,White County                  ,9,9,796000,0,0,0,0,0,0,0,0,0,9,9,796000,0,0,0,0,0,0,0,0,0
200108,20,025,2,4,Clark County                  ,0,0,0,0,0,0,0,0,0,0,0,0,0,0,0,0,0,0,0,0,0,0,0,0
200108,20,063,2,4,Gove County                   ,0,0,0,0,0,0,0,0,0,0,0,0,0,0,0,0,0,0,0,0,0,0,0,0
200108,20,091,2,4,Johnson County                ,362,362,63682912,4,8,800880,7,21,2102600,10,84,3979000,361,361,63162172,4,8,800880,7,21,2102600,10,84,3979000
200108,20,103,2,4,Leavenworth County            ,42,42,4522268,0,0,0,0,0,0,0,0,0,42,42,4522268,0,0,0,0,0,0,0,0,0
200108,20,105,2,4,Lincoln County                ,0,0,0,1,2,85000,0,0,0,0,0,0,0,0,0,0,0,0,0,0,0,0,0,0
200108,20,121,2,4,Miami County                  ,15,15,2294541,0,0,0,0,0,0,0,0,0,3,3,457510,0,0,0,0,0,0,0,0,0
200108,20,187,2,4,Stanton County                ,0,0,0,0,0,0,0,0,0,0,0,0,0,0,0,0,0,0,0,0,0,0,0,0
200108,20,209,2,4,Wyandotte County              ,16,16,2043806,0,0,0,0,0,0,0,0,0,2,2,265000,0,0,0,0,0,0,0,0,0
200108,21,015,3,6,Boone County                  ,122,122,11061292,1,2,102698,1,3,225000,1,12,475908, , , , , , , , , , , , 
200108,21,021,3,6,Boyle County                  ,11,11,1233596,1,2,92500,0,0,0,0,0,0, , , , , , , , , , , , 
200108,21,029,3,6,Bullitt County                ,64,64,9007850,0,0,0,0,0,0,0,0,0,64,64,9007850,0,0,0,0,0,0,0,0,0
200108,21,035,3,6,Calloway County               ,2,2,105800,2,4,160000,1,3,100000,0,0,0,2,2,105800,2,4,160000,1,3,100000,0,0,0
200108,21,037,3,6,Campbell County               ,29,29,3071115,0,0,0,0,0,0,1,5,429630,17,17,1476625,0,0,0,0,0,0,0,0,0
200108,21,049,3,6,Clark County                  ,22,22,2702485,0,0,0,0,0,0,0,0,0, , , , , , , , , , , , 
200108,21,067,3,6,Fayette County                ,176,176,18565460,2,4,275000,0,0,0,0,0,0,176,176,18565460,2,4,275000,0,0,0,0,0,0
200108,21,073,3,6,Franklin County               ,13,13,1564942,0,0,0,0,0,0,2,10,496952, , , , , , , , , , , , 
200108,21,077,3,6,Gallatin County               ,0,0,0,0,0,0,0,0,0,0,0,0,0,0,0,0,0,0,0,0,0,0,0,0
200108,21,081,3,6,Grant County                  ,15,15,1606655,1,2,87400,0,0,0,0,0,0, , , , , , , , , , , , 
200108,21,097,3,6,Harrison County               ,6,6,420004,0,0,0,0,0,0,0,0,0, , , , , , , , , , , , 
200108,21,099,3,6,Hart County                   ,3,3,166023,0,0,0,0,0,0,0,0,0,0,0,0,0,0,0,0,0,0,0,0,0
200108,21,111,3,6,Jefferson County              ,276,276,33126261,0,0,0,0,0,0,9,236,13484960,276,276,33126261,0,0,0,0,0,0,9,236,13484960
200108,21,113,3,6,Jessamine County              ,32,32,3299680,4,8,314042,1,3,75000,0,0,0,8,8,1520000,0,0,0,0,0,0,0,0,0
200108,21,117,3,6,Kenton County                 ,55,55,5466013,0,0,0,0,0,0,4,39,1497441,28,28,3027048,0,0,0,0,0,0,2,24,1000000
200108,21,123,3,6,Larue County                  ,10,10,400455,0,0,0,0,0,0,0,0,0, , , , , , , , , , , , 
200108,21,125,3,6,Laurel County                 ,1,1,80000,0,0,0,0,0,0,0,0,0,1,1,80000,0,0,0,0,0,0,0,0,0
200108,21,157,3,6,Marshall County               ,12,12,1572000,1,2,140000,1,4,200000,0,0,0,12,12,1572000,1,2,140000,1,4,200000,0,0,0
200108,21,161,3,6,Mason County                  ,2,2,250000,0,0,0,1,4,120000,0,0,0,2,2,250000,0,0,0,1,4,120000,0,0,0
200108,21,167,3,6,Mercer County                 ,8,8,691175,0,0,0,0,0,0,0,0,0,8,8,691175,0,0,0,0,0,0,0,0,0
200108,21,179,3,6,Nelson County                 ,32,32,2888565,0,0,0,0,0,0,0,0,0,32,32,2888565,0,0,0,0,0,0,0,0,0
200108,21,185,3,6,Oldham County                 ,66,66,8191082,0,0,0,0,0,0,0,0,0,66,66,8191082,0,0,0,0,0,0,0,0,0
200108,21,191,3,6,Pendleton County              ,0,0,0,2,4,200000,0,0,0,0,0,0,0,0,0,2,4,200000,0,0,0,0,0,0
200108,21,209,3,6,Scott County                  ,18,18,2326100,0,0,0,0,0,0,0,0,0, , , , , , , , , , , , 
200108,21,211,3,6,Shelby County                 ,33,33,4972713,0,0,0,0,0,0,0,0,0,33,33,4972713,0,0,0,0,0,0,0,0,0
200108,21,213,3,6,Simpson County                ,7,7,819350,1,2,104000,0,0,0,0,0,0,7,7,819350,1,2,104000,0,0,0,0,0,0
200108,21,239,3,6,Woodford County               ,11,11,1985500,0,0,0,0,0,0,0,0,0,11,11,1985500,0,0,0,0,0,0,0,0,0
200108,22,007,3,7,Assumption Parish             ,7,7,752367,0,0,0,0,0,0,0,0,0, , , , , , , , , , , , 
200108,22,071,3,7,Orleans Parish                ,17,17,2109824,0,0,0,0,0,0,0,0,0,17,17,2109824,0,0,0,0,0,0,0,0,0
200108,22,087,3,7,St. Bernard Parish            ,9,9,660500,1,2,65000,0,0,0,0,0,0,9,9,660500,1,2,65000,0,0,0,0,0,0
200108,22,089,3,7,St. Charles Parish            ,15,15,1941516,0,0,0,0,0,0,0,0,0,15,15,1941516,0,0,0,0,0,0,0,0,0
200108,22,109,3,7,Terrebonne Parish             ,43,43,3449320,0,0,0,0,0,0,0,0,0,43,43,3449320,0,0,0,0,0,0,0,0,0
200108,24,003,3,5,Anne Arundel County           ,186,186,22456316,0,0,0,0,0,0,1,12,713351,173,173,21470562,0,0,0,0,0,0,1,12,713351
200108,24,005,3,5,Baltimore County              ,151,151,18740202,0,0,0,0,0,0,4,64,3804536,151,151,18740202,0,0,0,0,0,0,4,64,3804536
200108,24,009,3,5,Calvert County                ,82,82,9815847,0,0,0,0,0,0,0,0,0,82,82,9815847,0,0,0,0,0,0,0,0,0
200108,24,013,3,5,Carroll County                ,139,139,16752158,0,0,0,0,0,0,2,24,1426701,139,139,16752158,0,0,0,0,0,0,2,24,1426701
200108,24,015,3,5,Cecil County                  ,49,49,5044980,0,0,0,0,0,0,0,0,0,47,47,4877018,0,0,0,0,0,0,0,0,0
200108,24,017,3,5,Charles County                ,114,114,14692400,0,0,0,0,0,0,0,0,0,114,114,14692400,0,0,0,0,0,0,0,0,0
200108,24,021,3,5,Frederick County              ,156,156,18184124,0,0,0,0,0,0,0,0,0,156,156,18184124,0,0,0,0,0,0,0,0,0
200108,24,023,3,5,Garrett County                ,14,14,2754500,0,0,0,1,4,300000,5,32,2700000,14,14,2754500,0,0,0,1,4,300000,5,32,2700000
200108,24,025,3,5,Harford County                ,188,188,23300509,0,0,0,0,0,0,0,0,0,187,187,23208065,0,0,0,0,0,0,0,0,0
200108,24,027,3,5,Howard County                 ,101,101,12534837,0,0,0,0,0,0,0,0,0,101,101,12534837,0,0,0,0,0,0,0,0,0
200108,24,031,3,5,Montgomery County             ,419,419,48475990,0,0,0,0,0,0,5,93,4946224,419,419,48475990,0,0,0,0,0,0,5,93,4946224
200108,24,033,3,5,Prince George's County        ,281,281,34959346,0,0,0,0,0,0,0,0,0,281,281,34959346,0,0,0,0,0,0,0,0,0
200108,24,035,3,5,Queen Anne's County           ,48,48,5998622,0,0,0,0,0,0,0,0,0,46,46,5708936,0,0,0,0,0,0,0,0,0
200108,24,039,3,5,Somerset County               ,2,2,173609,0,0,0,0,0,0,0,0,0, , , , , , , , , , , , 
200108,24,043,3,5,Washington County             ,84,84,9476374,0,0,0,0,0,0,0,0,0,84,84,9476374,0,0,0,0,0,0,0,0,0
200108,24,510,3,5,Baltimore (Independent City)  ,1,1,124107,0,0,0,0,0,0,0,0,0,1,1,124107,0,0,0,0,0,0,0,0,0
200108,25,009,1,1,Essex County                  ,106,106,20341946,2,4,309917,0,0,0,2,12,540000,67,67,13540955,0,0,0,0,0,0,2,12,540000
200108,25,017,1,1,Middlesex County              ,198,198,43498962,4,8,718772,1,3,360000,1,5,582714,119,119,28876295,1,2,180000,0,0,0,0,0,0
200108,25,019,1,1,Nantucket County              ,11,11,4302590,0,0,0,0,0,0,0,0,0,11,11,4302590,0,0,0,0,0,0,0,0,0
200108,25,021,1,1,Norfolk County                ,90,90,23102911,3,6,535000,1,3,464444,2,11,1296974,64,64,16801232,2,4,410000,0,0,0,1,6,868027
200108,25,023,1,1,Plymouth County               ,131,131,19485114,2,4,457217,3,11,475000,1,5,316406,88,88,13027012,1,2,141606,2,8,310000,0,0,0
200108,25,025,1,1,Suffolk County                ,10,10,1509090,13,26,2130470,2,7,420000,2,78,7900000,10,10,1509090,13,26,2130470,2,7,420000,2,78,7900000
200108,26,000,2,3,Michigan Balance of State     ,11,11,570846,0,0,0,0,0,0,0,0,0,11,11,570846,0,0,0,0,0,0,0,0,0
200108,26,005,2,3,Allegan County                ,67,67,7497039,2,4,272500,0,0,0,0,0,0,26,26,3301200,1,2,179000,0,0,0,0,0,0
200108,26,009,2,3,Antrim County                 ,38,38,7567500,0,0,0,0,0,0,0,0,0,38,38,7567500,0,0,0,0,0,0,0,0,0
200108,26,019,2,3,Benzie County                 ,34,34,4353000,0,0,0,0,0,0,0,0,0,34,34,4353000,0,0,0,0,0,0,0,0,0
200108,26,029,2,3,Charlevoix County             ,37,37,5514871,0,0,0,0,0,0,0,0,0, , , , , , , , , , , , 
200108,26,031,2,3,Cheboygan County              ,24,24,3047300,0,0,0,0,0,0,0,0,0,24,24,3047300,0,0,0,0,0,0,0,0,0
200108,26,043,2,3,Dickinson County              ,6,6,400000,0,0,0,0,0,0,0,0,0,6,6,400000,0,0,0,0,0,0,0,0,0
200108,26,049,2,3,Genesee County                ,188,188,25080873,0,0,0,0,0,0,1,10,271970,165,165,22785688,0,0,0,0,0,0,0,0,0
200108,26,051,2,3,Gladwin County                ,25,25,2796965,0,0,0,0,0,0,0,0,0,25,25,2796965,0,0,0,0,0,0,0,0,0
200108,26,059,2,3,Hillsdale County              ,23,23,2119533,0,0,0,0,0,0,0,0,0,2,2,285000,0,0,0,0,0,0,0,0,0
200108,26,079,2,3,Kalkaska County               ,19,19,1593332,0,0,0,0,0,0,0,0,0,19,19,1593332,0,0,0,0,0,0,0,0,0
200108,26,081,2,3,Kent County                   ,316,316,45156799,2,4,247655,1,4,480000,1,8,235604,263,263,38663581,0,0,0,1,4,480000,0,0,0
200108,26,087,2,3,Lapeer County                 ,45,45,7684165,0,0,0,0,0,0,0,0,0,42,42,7215682,0,0,0,0,0,0,0,0,0
200108,26,089,2,3,Leelanau County               ,38,38,5290106,0,0,0,0,0,0,0,0,0,38,38,5290106,0,0,0,0,0,0,0,0,0
200108,26,091,2,3,Lenawee County                ,45,45,5210587,0,0,0,0,0,0,0,0,0,7,7,1040000,0,0,0,0,0,0,0,0,0
200108,26,093,2,3,Livingston County             ,198,198,25526590,0,0,0,0,0,0,0,0,0,198,198,25526590,0,0,0,0,0,0,0,0,0
200108,26,099,2,3,Macomb County                 ,342,342,45943745,1,2,157248,6,24,2306000,5,100,5678017,338,338,45458323,1,2,157248,6,24,2306000,5,100,5678017
200108,26,113,2,3,Missaukee County              ,10,10,1118786,0,0,0,0,0,0,0,0,0,10,10,1118786,0,0,0,0,0,0,0,0,0
200108,26,115,2,3,Monroe County                 ,59,59,7964267,0,0,0,1,4,323700,2,11,347877,38,38,5196974,0,0,0,1,4,323700,0,0,0
200108,26,119,2,3,Montmorency County            ,16,16,1325500,0,0,0,0,0,0,0,0,0,16,16,1325500,0,0,0,0,0,0,0,0,0
200108,26,121,2,3,Muskegon County               ,87,87,8338369,0,0,0,0,0,0,0,0,0,73,73,6811695,0,0,0,0,0,0,0,0,0
200108,26,125,2,3,Oakland County                ,410,410,78565511,4,8,839750,1,3,500000,4,40,2459363,306,306,62594390,1,2,185000,1,3,500000,4,40,2459363
200108,26,129,2,3,Ogemaw County                 ,14,14,768798,0,0,0,0,0,0,0,0,0, , , , , , , , , , , , 
200108,26,135,2,3,Oscoda County                 ,10,10,893860,0,0,0,0,0,0,0,0,0,10,10,893860,0,0,0,0,0,0,0,0,0
200108,26,137,2,3,Otsego County                 ,30,30,3832370,1,2,152375,0,0,0,0,0,0, , , , , , , , , , , , 
200108,26,139,2,3,Ottawa County                 ,162,162,22692632,2,4,400000,0,0,0,4,26,1356972,78,78,11309973,2,4,400000,0,0,0,0,0,0
200108,26,141,2,3,Presque Isle County           ,13,13,1256184,0,0,0,0,0,0,0,0,0, , , , , , , , , , , , 
200108,26,147,2,3,St. Clair County              ,91,91,12211025,0,0,0,0,0,0,0,0,0,73,73,10481403,0,0,0,0,0,0,0,0,0
200108,26,153,2,3,Schoolcraft County            ,7,7,336820,0,0,0,0,0,0,0,0,0,7,7,336820,0,0,0,0,0,0,0,0,0
200108,26,161,2,3,Washtenaw County              ,206,206,30913636,1,2,258400,0,0,0,3,29,2664165,121,121,15930871,0,0,0,0,0,0,2,24,1580832
200108,26,163,2,3,Wayne County                  ,274,274,40955184,1,2,237360,10,35,3445138,6,40,2769965,170,170,28265261,1,2,237360,7,26,2660434,1,6,390000
200108,27,003,2,4,Anoka County                  ,217,217,30168245,1,2,131000,7,24,2396756,0,0,0,181,181,25594724,1,2,131000,5,18,1901756,0,0,0
200108,27,019,2,4,Carver County                 ,71,71,14316643,1,2,280000,0,0,0,3,24,2018655,56,56,10828427,1,2,280000,0,0,0,2,12,1087988
200108,27,025,2,4,Chisago County                ,62,62,7575823,0,0,0,0,0,0,0,0,0,62,62,7575823,0,0,0,0,0,0,0,0,0
200108,27,031,2,4,Cook County                   ,23,23,1711000,0,0,0,0,0,0,0,0,0,23,23,1711000,0,0,0,0,0,0,0,0,0
200108,27,037,2,4,Dakota County                 ,234,234,34507204,0,0,0,1,4,440000,2,11,1149113,200,200,29956637,0,0,0,1,4,440000,1,6,750750
200108,27,053,2,4,Hennepin County               ,200,200,41806251,0,0,0,3,11,1335524,5,80,6050750,190,190,39501095,0,0,0,2,8,975524,5,80,6050750
200108,27,059,2,4,Isanti County                 ,55,55,6135197,0,0,0,0,0,0,0,0,0,37,37,4346559,0,0,0,0,0,0,0,0,0
200108,27,109,2,4,Olmsted County                ,94,94,14153550,11,22,1508980,4,15,1232721,2,36,1570519,35,35,5831704,8,16,838320,1,3,269464,0,0,0
200108,27,123,2,4,Ramsey County                 ,47,47,8835602,2,4,588571,2,8,880000,1,6,652500,44,44,7914373,0,0,0,0,0,0,0,0,0
200108,27,139,2,4,Scott County                  ,144,144,29322205,1,2,286000,2,7,674130,0,0,0,144,144,29322205,1,2,286000,2,7,674130,0,0,0
200108,27,141,2,4,Sherburne County              ,114,114,14870895,2,4,310000,1,4,260000,1,5,227331,90,90,12269650,2,4,310000,1,4,260000,0,0,0
200108,27,163,2,4,Washington County             ,91,91,16648212,0,0,0,0,0,0,1,8,582740,68,68,11890972,0,0,0,0,0,0,1,8,582740
200108,27,171,2,4,Wright County                 ,157,157,21621910,3,6,720519,1,3,300000,2,10,465688,98,98,13275731,2,4,520596,1,3,300000,1,5,210000
200108,28,025,3,6,Clay County                   ,2,2,183040,0,0,0,0,0,0,0,0,0, , , , , , , , , , , , 
200108,28,033,3,6,DeSoto County                 ,184,184,19070569,0,0,0,0,0,0,0,0,0,184,184,19070569,0,0,0,0,0,0,0,0,0
200108,28,037,3,6,Franklin County               ,0,0,0,0,0,0,0,0,0,0,0,0,0,0,0,0,0,0,0,0,0,0,0,0
200108,28,039,3,6,George County                 ,0,0,0,0,0,0,0,0,0,0,0,0, , , , , , , , , , , , 
200108,28,043,3,6,Grenada County                ,1,1,75500,0,0,0,0,0,0,0,0,0,1,1,75500,0,0,0,0,0,0,0,0,0
200108,28,047,3,6,Harrison County               ,86,86,10641734,1,2,138234,0,0,0,0,0,0,86,86,10641734,1,2,138234,0,0,0,0,0,0
200108,28,071,3,6,Lafayette County              ,8,8,973000,0,0,0,0,0,0,0,0,0,8,8,973000,0,0,0,0,0,0,0,0,0
200108,28,085,3,6,Lincoln County                ,0,0,0,0,0,0,0,0,0,0,0,0,0,0,0,0,0,0,0,0,0,0,0,0
200108,28,131,3,6,Stone County                  ,1,1,60500,0,0,0,0,0,0,0,0,0, , , , , , , , , , , , 
200108,28,149,3,6,Warren County                 ,2,2,236582,0,0,0,0,0,0,0,0,0, , , , , , , , , , , , 
200108,28,153,3,6,Wayne County                  ,0,0,0,0,0,0,0,0,0,0,0,0,0,0,0,0,0,0,0,0,0,0,0,0
200108,28,159,3,6,Winston County                ,0,0,0,0,0,0,0,0,0,0,0,0,0,0,0,0,0,0,0,0,0,0,0,0
200108,28,163,3,6,Yazoo County                  ,0,0,0,0,0,0,0,0,0,0,0,0, , , , , , , , , , , , 
200108,29,011,2,4,Barton County                 ,1,1,50499,0,0,0,0,0,0,0,0,0, , , , , , , , , , , , 
200108,29,019,2,4,Boone County                  ,83,83,14481480,0,0,0,0,0,0,1,8,348500,83,83,14481480,0,0,0,0,0,0,1,8,348500
200108,29,023,2,4,Butler County                 ,4,4,236500,3,6,250000,0,0,0,0,0,0,4,4,236500,3,6,250000,0,0,0,0,0,0
200108,29,031,2,4,Cape Girardeau County         ,15,15,2057505,1,2,138200,0,0,0,1,10,425350, , , , , , , , , , , , 
200108,29,035,2,4,Carter County                 ,0,0,0,0,0,0,0,0,0,0,0,0,0,0,0,0,0,0,0,0,0,0,0,0
200108,29,037,2,4,Cass County                   ,53,53,6540772,6,12,674920,3,12,712210,8,128,7596911,52,52,6509522,6,12,674920,3,12,712210,8,128,7596911
200108,29,047,2,4,Clay County                   ,62,62,7047208,0,0,0,0,0,0,0,0,0,62,62,7047208,0,0,0,0,0,0,0,0,0
200108,29,049,2,4,Clinton County                ,20,20,2019556,0,0,0,0,0,0,0,0,0,17,17,1734000,0,0,0,0,0,0,0,0,0
200108,29,071,2,4,Franklin County               ,48,48,8324729,1,2,166355,0,0,0,0,0,0,9,9,1014200,0,0,0,0,0,0,0,0,0
200108,29,077,2,4,Greene County                 ,139,139,18450454,2,4,239793,0,0,0,4,40,1302931,102,102,13883000,1,2,90000,0,0,0,0,0,0
200108,29,095,2,4,Jackson County                ,318,318,39035105,5,10,650683,10,40,2775303,1,5,370000,316,316,38711733,5,10,650683,10,40,2775303,1,5,370000
200108,29,099,2,4,Jefferson County              ,131,131,13692837,0,0,0,0,0,0,0,0,0,130,130,13601337,0,0,0,0,0,0,0,0,0
200108,29,105,2,4,Laclede County                ,8,8,688606,1,2,100000,0,0,0,0,0,0, , , , , , , , , , , , 
200108,29,107,2,4,Lafayette County              ,0,0,0,0,0,0,0,0,0,0,0,0,0,0,0,0,0,0,0,0,0,0,0,0
200108,29,111,2,4,Lewis County                  ,1,1,90000,0,0,0,0,0,0,0,0,0, , , , , , , , , , , , 
200108,29,113,2,4,Lincoln County                ,21,21,2098700,0,0,0,0,0,0,0,0,0,21,21,2098700,0,0,0,0,0,0,0,0,0
200108,29,129,2,4,Mercer County                 ,0,0,0,0,0,0,0,0,0,0,0,0,0,0,0,0,0,0,0,0,0,0,0,0
200108,29,165,2,4,Platte County                 ,33,33,7176446,3,6,510000,0,0,0,6,72,2236000,20,20,3764463,3,6,510000,0,0,0,6,72,2236000
200108,29,167,2,4,Polk County                   ,5,5,572897,0,0,0,0,0,0,0,0,0,5,5,572897,0,0,0,0,0,0,0,0,0
200108,29,177,2,4,Ray County                    ,13,13,1526054,0,0,0,0,0,0,0,0,0,13,13,1526054,0,0,0,0,0,0,0,0,0
200108,29,183,2,4,St. Charles County            ,358,358,41985470,1,2,340000,0,0,0,1,12,677613,358,358,41985470,1,2,340000,0,0,0,1,12,677613
200108,29,189,2,4,St. Louis County              ,176,176,31229466,14,28,2401856,0,0,0,3,35,2292067,157,157,28626564,14,28,2401856,0,0,0,1,12,800000
200108,29,211,2,4,Sullivan County               ,0,0,0,0,0,0,0,0,0,0,0,0,0,0,0,0,0,0,0,0,0,0,0,0
200108,29,510,2,4,St. Louis (Independent City)  ,10,10,1458559,0,0,0,0,0,0,0,0,0,10,10,1458559,0,0,0,0,0,0,0,0,0
200108,30,029,4,8,Flathead County               ,17,17,2521895,3,6,407957,0,0,0,0,0,0,12,12,1723674,2,4,399624,0,0,0,0,0,0
200108,30,093,4,8,Silver Bow County             ,6,6,567976,0,0,0,0,0,0,0,0,0,6,6,567976,0,0,0,0,0,0,0,0,0
200108,31,001,2,4,Adams County                  ,10,10,1360000,0,0,0,0,0,0,0,0,0,10,10,1360000,0,0,0,0,0,0,0,0,0
200108,31,077,2,4,Greeley County                ,0,0,0,0,0,0,0,0,0,0,0,0, , , , , , , , , , , , 
200108,32,001,4,8,Churchill County              ,6,6,736455,0,0,0,0,0,0,0,0,0,6,6,736455,0,0,0,0,0,0,0,0,0
200108,32,003,4,8,Clark County                  ,2294,2294,331808768,15,30,2997178,27,108,9288084,46,754,52810034,2294,2294,331808768,15,30,2997178,27,108,9288084,46,754,52810034
200108,32,005,4,8,Douglas County                ,56,56,12989643,0,0,0,0,0,0,0,0,0,56,56,12989643,0,0,0,0,0,0,0,0,0
200108,32,007,4,8,Elko County                   ,13,13,1471257,0,0,0,0,0,0,0,0,0,11,11,1257124,0,0,0,0,0,0,0,0,0
200108,32,013,4,8,Humboldt County               ,1,1,177239,0,0,0,0,0,0,0,0,0,1,1,177239,0,0,0,0,0,0,0,0,0
200108,32,015,4,8,Lander County                 ,0,0,0,0,0,0,0,0,0,0,0,0, , , , , , , , , , , , 
200108,32,017,4,8,Lincoln County                ,1,1,67110,0,0,0,0,0,0,0,0,0, , , , , , , , , , , , 
200108,32,019,4,8,Lyon County                   ,18,18,1679153,0,0,0,0,0,0,1,7,387811,1,1,100000,0,0,0,0,0,0,0,0,0
200108,32,021,4,8,Mineral County                ,0,0,0,0,0,0,0,0,0,0,0,0, , , , , , , , , , , , 
200108,32,023,4,8,Nye County                    ,0,0,0,0,0,0,0,0,0,0,0,0,0,0,0,0,0,0,0,0,0,0,0,0
200108,32,027,4,8,Pershing County               ,0,0,0,0,0,0,0,0,0,0,0,0,0,0,0,0,0,0,0,0,0,0,0,0
200108,32,029,4,8,Storey County                 ,3,3,281884,0,0,0,0,0,0,0,0,0, , , , , , , , , , , , 
200108,32,031,4,8,Washoe County                 ,323,323,44327272,0,0,0,1,3,150000,3,33,1244369,242,242,34321532,0,0,0,0,0,0,1,9,204500
200108,32,033,4,8,White Pine County             ,0,0,0,0,0,0,0,0,0,0,0,0, , , , , , , , , , , , 
200108,32,510,4,8,Carson City (Independent City),28,28,4503282,0,0,0,0,0,0,1,6,279592,28,28,4503282,0,0,0,0,0,0,1,6,279592
200108,33,015,1,1,Rockingham County             ,147,147,26374407,4,8,536667,0,0,0,0,0,0,85,85,16549056,2,4,290000,0,0,0,0,0,0
200108,34,001,1,2,Atlantic County               ,110,110,8924937,1,2,133000,1,3,39000,0,0,0,55,55,4620241,1,2,133000,1,3,39000,0,0,0
200108,34,003,1,2,Bergen County                 ,84,84,17192533,12,24,1824064,1,3,261429,5,69,4919617,32,32,9937323,5,10,971712,0,0,0,2,16,994000
200108,34,005,1,2,Burlington County             ,139,139,14093759,0,0,0,0,0,0,1,5,174375,90,90,10008724,0,0,0,0,0,0,0,0,0
200108,34,007,1,2,Camden County                 ,56,56,4323342,0,0,0,0,0,0,0,0,0,28,28,2208615,0,0,0,0,0,0,0,0,0
200108,34,009,1,2,Cape May County               ,79,79,9361856,11,22,2681790,3,12,1347233,1,6,300000,73,73,8939691,11,22,2681790,3,12,1347233,1,6,300000
200108,34,011,1,2,Cumberland County             ,15,15,1189018,1,2,70950,0,0,0,0,0,0,6,6,291197,0,0,0,0,0,0,0,0,0
200108,34,013,1,2,Essex County                  ,85,85,10436524,47,94,6749949,16,48,3468735,1,5,123500,55,55,6455136,46,92,6647270,16,48,3468735,0,0,0
200108,34,015,1,2,Gloucester County             ,99,99,9118524,0,0,0,0,0,0,0,0,0,44,44,4380010,0,0,0,0,0,0,0,0,0
200108,34,017,1,2,Hudson County                 ,3,3,369553,12,24,1523093,2,7,206001,5,68,3760332,3,3,369553,9,18,1116001,2,7,206001,4,48,1982600
200108,34,019,1,2,Hunterdon County              ,62,62,10158369,0,0,0,3,12,86100,0,0,0,48,48,8346214,0,0,0,3,12,86100,0,0,0
200108,34,021,1,2,Mercer County                 ,143,143,12574639,0,0,0,0,0,0,1,5,660183,94,94,9339245,0,0,0,0,0,0,0,0,0
200108,34,023,1,2,Middlesex County              ,130,130,16132071,1,2,124250,0,0,0,1,10,501074,83,83,10845428,0,0,0,0,0,0,0,0,0
200108,34,025,1,2,Monmouth County               ,138,138,22516877,0,0,0,0,0,0,2,20,663994,78,78,12385554,0,0,0,0,0,0,0,0,0
200108,34,027,1,2,Morris County                 ,166,166,22058862,1,2,147644,0,0,0,2,18,470877,48,48,8968550,0,0,0,0,0,0,0,0,0
200108,34,029,1,2,Ocean County                  ,256,256,28499746,0,0,0,0,0,0,2,26,602637,191,191,22915994,0,0,0,0,0,0,0,0,0
200108,34,031,1,2,Passaic County                ,23,23,2613250,3,6,255000,0,0,0,0,0,0,12,12,1627069,3,6,255000,0,0,0,0,0,0
200108,34,033,1,2,Salem County                  ,9,9,1109139,0,0,0,0,0,0,0,0,0,5,5,677833,0,0,0,0,0,0,0,0,0
200108,34,035,1,2,Somerset County               ,199,199,15776313,0,0,0,0,0,0,1,5,800,183,183,13013238,0,0,0,0,0,0,0,0,0
200108,34,037,1,2,Sussex County                 ,67,67,9245948,0,0,0,0,0,0,0,0,0,32,32,5511096,0,0,0,0,0,0,0,0,0
200108,34,039,1,2,Union County                  ,27,27,3628900,16,32,1831583,0,0,0,1,30,1350000,12,12,2203619,3,6,375000,0,0,0,1,30,1350000
200108,34,041,1,2,Warren County                 ,64,64,7473253,0,0,0,0,0,0,0,0,0,45,45,5885350,0,0,0,0,0,0,0,0,0
200108,35,000,4,8,New Mexico Balance of State   ,133,133,27976892,0,0,0,0,0,0,0,0,0,133,133,27976892,0,0,0,0,0,0,0,0,0
200108,35,001,4,8,Bernalillo County             ,336,336,36719583,0,0,0,0,0,0,0,0,0,336,336,36719583,0,0,0,0,0,0,0,0,0
200108,35,005,4,8,Chaves County                 ,3,3,368208,0,0,0,0,0,0,0,0,0, , , , , , , , , , , , 
200108,35,009,4,8,Curry County                  ,13,13,1367975,0,0,0,0,0,0,0,0,0,13,13,1367975,0,0,0,0,0,0,0,0,0
200108,35,013,4,8,Dona Ana County               ,74,74,10336611,0,0,0,0,0,0,0,0,0,70,70,9954840,0,0,0,0,0,0,0,0,0
200108,35,015,4,8,Eddy County                   ,5,5,913826,0,0,0,0,0,0,0,0,0,5,5,913826,0,0,0,0,0,0,0,0,0
200108,35,025,4,8,Lea County                    ,0,0,0,0,0,0,0,0,0,0,0,0,0,0,0,0,0,0,0,0,0,0,0,0
200108,35,027,4,8,Lincoln County                ,10,10,1880146,0,0,0,0,0,0,0,0,0,10,10,1880146,0,0,0,0,0,0,0,0,0
200108,35,028,4,8,Los Alamos County             ,11,11,3091243,0,0,0,0,0,0,0,0,0,11,11,3091243,0,0,0,0,0,0,0,0,0
200108,35,029,4,8,Luna County                   ,3,3,294288,0,0,0,0,0,0,0,0,0,3,3,294288,0,0,0,0,0,0,0,0,0
200108,35,031,4,8,McKinley County               ,1,1,155640,0,0,0,0,0,0,0,0,0,1,1,155640,0,0,0,0,0,0,0,0,0
200108,35,035,4,8,Otero County                  ,6,6,952055,0,0,0,0,0,0,0,0,0,6,6,952055,0,0,0,0,0,0,0,0,0
200108,35,039,4,8,Rio Arriba County             ,1,1,174768,0,0,0,0,0,0,0,0,0, , , , , , , , , , , , 
200108,35,041,4,8,Roosevelt County              ,1,1,130000,0,0,0,0,0,0,0,0,0,1,1,130000,0,0,0,0,0,0,0,0,0
200108,35,043,4,8,Sandoval County               ,91,91,7507076,0,0,0,2,8,200000,0,0,0,91,91,7507076,0,0,0,2,8,200000,0,0,0
200108,35,045,4,8,San Juan County               ,20,20,2598618,0,0,0,0,0,0,0,0,0,10,10,1238438,0,0,0,0,0,0,0,0,0
200108,35,049,4,8,Santa Fe County               ,75,75,11095404,0,0,0,0,0,0,0,0,0,75,75,11095404,0,0,0,0,0,0,0,0,0
200108,35,053,4,8,Socorro County                ,2,2,166000,0,0,0,0,0,0,0,0,0,2,2,166000,0,0,0,0,0,0,0,0,0
200108,35,055,4,8,Taos County                   ,19,19,2214004,0,0,0,0,0,0,0,0,0,4,4,643243,0,0,0,0,0,0,0,0,0
200108,35,061,4,8,Valencia County               ,32,32,3143543,0,0,0,0,0,0,0,0,0,0,0,0,0,0,0,0,0,0,0,0,0
200108,36,005,1,2,Bronx County                  ,0,0,0,30,60,4248180,38,114,8297262,2,152,9723744,0,0,0,30,60,4248180,38,114,8297262,2,152,9723744
200108,36,027,1,2,Dutchess County               ,90,90,16732134,0,0,0,1,4,363000,0,0,0,55,55,11316007,0,0,0,1,4,363000,0,0,0
200108,36,047,1,2,Kings County                  ,20,20,2793054,23,46,3256938,8,25,1819575,11,118,7548696,20,20,2793054,23,46,3256938,8,25,1819575,11,118,7548696
200108,36,059,1,2,Nassau County                 ,75,75,20191691,7,14,790772,0,0,0,1,5,821921,44,44,16938295,0,0,0,0,0,0,0,0,0
200108,36,061,1,2,New York County               ,0,0,0,0,0,0,16,48,3493584,8,623,39854556,0,0,0,0,0,0,16,48,3493584,8,623,39854556
200108,36,071,1,2,Orange County                 ,158,158,21823832,1,2,131250,0,0,0,3,22,1271456,101,101,14793445,0,0,0,0,0,0,0,0,0
200108,36,079,1,2,Putnam County                 ,36,36,5140463,0,0,0,0,0,0,0,0,0,21,21,2786600,0,0,0,0,0,0,0,0,0
200108,36,081,1,2,Queens County                 ,13,13,1815485,88,176,12461328,20,61,4439763,5,111,7100892,13,13,1815485,88,176,12461328,20,61,4439763,5,111,7100892
200108,36,085,1,2,Richmond County               ,90,90,12568743,67,134,9487602,0,0,0,0,0,0,90,90,12568743,67,134,9487602,0,0,0,0,0,0
200108,36,099,1,2,Seneca County                 ,5,5,556630,0,0,0,0,0,0,0,0,0, , , , , , , , , , , , 
200108,36,103,1,2,Suffolk County                ,249,249,41565074,14,28,14454940,4,15,7330278,7,72,4970564,192,192,32406803,0,0,0,0,0,0,6,67,4370564
200108,36,119,1,2,Westchester County            ,114,114,33658969,8,16,1637589,1,4,680000,2,10,868989,66,66,18147206,2,4,283212,0,0,0,0,0,0
200108,37,001,3,5,Alamance County               ,64,64,6428405,0,0,0,0,0,0,0,0,0,64,64,6428405,0,0,0,0,0,0,0,0,0
200108,37,003,3,5,Alexander County              ,12,12,1509645,0,0,0,0,0,0,0,0,0,12,12,1509645,0,0,0,0,0,0,0,0,0
200108,37,005,3,5,Alleghany County              ,15,15,1661692,0,0,0,0,0,0,0,0,0,15,15,1661692,0,0,0,0,0,0,0,0,0
200108,37,009,3,5,Ashe County                   ,19,19,2672000,0,0,0,0,0,0,0,0,0,19,19,2672000,0,0,0,0,0,0,0,0,0
200108,37,011,3,5,Avery County                  ,16,16,5663985,1,2,230000,0,0,0,0,0,0,16,16,5663985,1,2,230000,0,0,0,0,0,0
200108,37,015,3,5,Bertie County                 ,4,4,468150,0,0,0,0,0,0,0,0,0,4,4,468150,0,0,0,0,0,0,0,0,0
200108,37,017,3,5,Bladen County                 ,18,18,1347900,0,0,0,0,0,0,0,0,0,18,18,1347900,0,0,0,0,0,0,0,0,0
200108,37,025,3,5,Cabarrus County               ,151,151,16736924,0,0,0,0,0,0,0,0,0,151,151,16736924,0,0,0,0,0,0,0,0,0
200108,37,027,3,5,Caldwell County               ,32,32,4070665,0,0,0,0,0,0,0,0,0,32,32,4070665,0,0,0,0,0,0,0,0,0
200108,37,029,3,5,Camden County                 ,10,10,1206000,0,0,0,0,0,0,0,0,0,10,10,1206000,0,0,0,0,0,0,0,0,0
200108,37,033,3,5,Caswell County                ,8,8,921357,0,0,0,0,0,0,0,0,0, , , , , , , , , , , , 
200108,37,037,3,5,Chatham County                ,39,39,6985679,0,0,0,5,20,2175000,0,0,0,39,39,6985679,0,0,0,5,20,2175000,0,0,0
200108,37,043,3,5,Clay County                   ,14,14,1733000,0,0,0,0,0,0,0,0,0,14,14,1733000,0,0,0,0,0,0,0,0,0
200108,37,053,3,5,Currituck County              ,35,35,6995551,0,0,0,0,0,0,0,0,0,35,35,6995551,0,0,0,0,0,0,0,0,0
200108,37,057,3,5,Davidson County               ,74,74,8588409,0,0,0,0,0,0,0,0,0,74,74,8588409,0,0,0,0,0,0,0,0,0
200108,37,059,3,5,Davie County                  ,38,38,5553745,0,0,0,0,0,0,0,0,0,38,38,5553745,0,0,0,0,0,0,0,0,0
200108,37,061,3,5,Duplin County                 ,9,9,992418,2,4,217554,1,4,242506,0,0,0, , , , , , , , , , , , 
200108,37,063,3,5,Durham County                 ,130,130,20513420,0,0,0,0,0,0,5,78,2946294,7,7,1740972,0,0,0,0,0,0,0,0,0
200108,37,067,3,5,Forsyth County                ,165,165,20343089,0,0,0,0,0,0,0,0,0,165,165,20343089,0,0,0,0,0,0,0,0,0
200108,37,069,3,5,Franklin County               ,39,39,4275900,0,0,0,0,0,0,0,0,0,39,39,4275900,0,0,0,0,0,0,0,0,0
200108,37,071,3,5,Gaston County                 ,125,125,14148873,0,0,0,0,0,0,0,0,0,125,125,14148873,0,0,0,0,0,0,0,0,0
200108,37,075,3,5,Graham County                 ,7,7,737436,0,0,0,0,0,0,0,0,0,7,7,737436,0,0,0,0,0,0,0,0,0
200108,37,081,3,5,Guilford County               ,299,299,38444096,0,0,0,0,0,0,1,16,951134,299,299,38444096,0,0,0,0,0,0,1,16,951134
200108,37,089,3,5,Henderson County              ,76,76,12428700,1,2,130000,0,0,0,2,48,1608000,76,76,12428700,1,2,130000,0,0,0,2,48,1608000
200108,37,091,3,5,Hertford County               ,4,4,490000,0,0,0,0,0,0,0,0,0,4,4,490000,0,0,0,0,0,0,0,0,0
200108,37,097,3,5,Iredell County                ,124,124,18967067,0,0,0,0,0,0,2,38,2385227, , , , , , , , , , , , 
200108,37,099,3,5,Jackson County                ,42,42,10444400,0,0,0,0,0,0,0,0,0,42,42,10444400,0,0,0,0,0,0,0,0,0
200108,37,101,3,5,Johnston County               ,154,154,14462363,0,0,0,0,0,0,0,0,0,154,154,14462363,0,0,0,0,0,0,0,0,0
200108,37,105,3,5,Lee County                    ,22,22,2621620,0,0,0,0,0,0,0,0,0,22,22,2621620,0,0,0,0,0,0,0,0,0
200108,37,109,3,5,Lincoln County                ,63,63,7985571,0,0,0,0,0,0,2,14,370109, , , , , , , , , , , , 
200108,37,113,3,5,Macon County                  ,44,44,6668800,0,0,0,0,0,0,0,0,0,44,44,6668800,0,0,0,0,0,0,0,0,0
200108,37,115,3,5,Madison County                ,14,14,1556475,0,0,0,0,0,0,0,0,0,14,14,1556475,0,0,0,0,0,0,0,0,0
200108,37,117,3,5,Martin County                 ,2,2,213725,0,0,0,0,0,0,0,0,0,2,2,213725,0,0,0,0,0,0,0,0,0
200108,37,119,3,5,Mecklenburg County            ,718,718,89109039,0,0,0,0,0,0,12,188,11175825,718,718,89109039,0,0,0,0,0,0,12,188,11175825
200108,37,121,3,5,Mitchell County               ,4,4,287500,0,0,0,0,0,0,0,0,0,4,4,287500,0,0,0,0,0,0,0,0,0
200108,37,123,3,5,Montgomery County             ,11,11,1729000,0,0,0,0,0,0,0,0,0,11,11,1729000,0,0,0,0,0,0,0,0,0
200108,37,131,3,5,Northampton County            ,1,1,66000,1,2,397000,1,3,441000,0,0,0,1,1,66000,1,2,397000,1,3,441000,0,0,0
200108,37,135,3,5,Orange County                 ,149,149,20748533,0,0,0,0,0,0,0,0,0,89,89,11825440,0,0,0,0,0,0,0,0,0
200108,37,137,3,5,Pamlico County                ,6,6,1014600,0,0,0,0,0,0,0,0,0,6,6,1014600,0,0,0,0,0,0,0,0,0
200108,37,139,3,5,Pasquotank County             ,9,9,679473,0,0,0,0,0,0,0,0,0,5,5,399500,0,0,0,0,0,0,0,0,0
200108,37,145,3,5,Person County                 ,12,12,2254000,0,0,0,0,0,0,0,0,0,12,12,2254000,0,0,0,0,0,0,0,0,0
200108,37,149,3,5,Polk County                   ,15,15,1733169,0,0,0,0,0,0,0,0,0,15,15,1733169,0,0,0,0,0,0,0,0,0
200108,37,151,3,5,Randolph County               ,92,92,8986181,0,0,0,0,0,0,0,0,0,92,92,8986181,0,0,0,0,0,0,0,0,0
200108,37,159,3,5,Rowan County                  ,66,66,10377000,0,0,0,0,0,0,0,0,0,66,66,10377000,0,0,0,0,0,0,0,0,0
200108,37,163,3,5,Sampson County                ,12,12,1661050,0,0,0,0,0,0,0,0,0,12,12,1661050,0,0,0,0,0,0,0,0,0
200108,37,165,3,5,Scotland County               ,1,1,165000,0,0,0,0,0,0,0,0,0,1,1,165000,0,0,0,0,0,0,0,0,0
200108,37,167,3,5,Stanly County                 ,25,25,2616518,1,2,81083,0,0,0,0,0,0, , , , , , , , , , , , 
200108,37,169,3,5,Stokes County                 ,14,14,1586665,1,2,147886,1,4,163822,0,0,0,11,11,1225180,0,0,0,0,0,0,0,0,0
200108,37,171,3,5,Surry County                  ,16,16,2082800,0,0,0,0,0,0,0,0,0,16,16,2082800,0,0,0,0,0,0,0,0,0
200108,37,173,3,5,Swain County                  ,15,15,1051087,0,0,0,0,0,0,0,0,0,15,15,1051087,0,0,0,0,0,0,0,0,0
200108,37,175,3,5,Transylvania County           ,17,17,3320915,0,0,0,0,0,0,0,0,0,17,17,3320915,0,0,0,0,0,0,0,0,0
200108,37,179,3,5,Union County                  ,183,183,23352888,0,0,0,0,0,0,0,0,0,183,183,23352888,0,0,0,0,0,0,0,0,0
200108,37,181,3,5,Vance County                  ,12,12,1180000,0,0,0,0,0,0,0,0,0,12,12,1180000,0,0,0,0,0,0,0,0,0
200108,37,183,3,5,Wake County                   ,736,736,111529711,1,2,157272,0,0,0,13,286,15203546,435,435,71841944,0,0,0,0,0,0,0,0,0
200108,37,185,3,5,Warren County                 ,8,8,1269000,0,0,0,0,0,0,0,0,0,8,8,1269000,0,0,0,0,0,0,0,0,0
200108,37,187,3,5,Washington County             ,0,0,0,0,0,0,0,0,0,0,0,0,0,0,0,0,0,0,0,0,0,0,0,0
200108,37,191,3,5,Wayne County                  ,34,34,3494087,1,2,82973,0,0,0,0,0,0,8,8,693950,0,0,0,0,0,0,0,0,0
200108,37,195,3,5,Wilson County                 ,20,20,1796907,8,16,830683,0,0,0,0,0,0,20,20,1796907,8,16,830683,0,0,0,0,0,0
200108,37,197,3,5,Yadkin County                 ,6,6,896828,1,2,183020,0,0,0,0,0,0,6,6,896828,1,2,183020,0,0,0,0,0,0
200108,39,007,2,3,Ashtabula County              ,42,42,4061725,0,0,0,0,0,0,0,0,0,42,42,4061725,0,0,0,0,0,0,0,0,0
200108,39,015,2,3,Brown County                  ,9,9,1126325,0,0,0,0,0,0,1,5,250000,3,3,437568,0,0,0,0,0,0,0,0,0
200108,39,017,2,3,Butler County                 ,187,187,21647477,1,2,96876,3,10,805668,3,34,1476232,49,49,4519474,0,0,0,2,7,485660,1,6,205000
200108,39,025,2,3,Clermont County               ,144,144,20543927,0,0,0,1,3,222109,4,32,1750020,144,144,20543927,0,0,0,1,3,222109,4,32,1750020
200108,39,035,2,3,Cuyahoga County               ,181,181,36977110,1,2,100000,3,10,814408,3,24,1306367,100,100,25312308,1,2,100000,2,7,678000,0,0,0
200108,39,041,2,3,Delaware County               ,310,310,41690431,0,0,0,0,0,0,0,0,0,53,53,7169155,0,0,0,0,0,0,0,0,0
200108,39,045,2,3,Fairfield County              ,79,79,14085057,1,2,225000,0,0,0,1,7,314607,44,44,8728993,0,0,0,0,0,0,0,0,0
200108,39,049,2,3,Franklin County               ,457,457,70183191,4,8,946810,24,93,6537925,20,255,10848137,130,130,23914064,2,4,660000,10,40,3344000,0,0,0
200108,39,055,2,3,Geauga County                 ,55,55,12028400,0,0,0,0,0,0,0,0,0,55,55,12028400,0,0,0,0,0,0,0,0,0
200108,39,061,2,3,Hamilton County               ,93,93,13021141,5,10,986245,2,6,477109,2,28,1476000,89,89,12156023,5,10,986245,1,3,222109,2,28,1476000
200108,39,085,2,3,Lake County                   ,67,67,11348530,0,0,0,1,4,479226,0,0,0,18,18,3949856,0,0,0,0,0,0,0,0,0
200108,39,089,2,3,Licking County                ,92,92,13870767,0,0,0,8,29,1891000,3,37,1306395,92,92,13870767,0,0,0,8,29,1891000,2,32,1036000
200108,39,093,2,3,Lorain County                 ,139,139,25066487,2,4,193911,2,7,541567,1,20,800000,97,97,17305102,2,4,193911,0,0,0,0,0,0
200108,39,097,2,3,Madison County                ,11,11,1338214,0,0,0,0,0,0,0,0,0,11,11,1338214,0,0,0,0,0,0,0,0,0
200108,39,103,2,3,Medina County                 ,167,167,28065323,1,2,157000,0,0,0,0,0,0,142,142,24799717,0,0,0,0,0,0,0,0,0
200108,39,129,2,3,Pickaway County               ,12,12,1329451,0,0,0,0,0,0,0,0,0,9,9,910716,0,0,0,0,0,0,0,0,0
200108,39,133,2,3,Portage County                ,72,72,11605176,0,0,0,0,0,0,0,0,0,64,64,10386454,0,0,0,0,0,0,0,0,0
200108,39,135,2,3,Preble County                 ,13,13,1652260,0,0,0,0,0,0,0,0,0,13,13,1652260,0,0,0,0,0,0,0,0,0
200108,39,153,2,3,Summit County                 ,190,190,31905811,3,6,570000,2,7,341111,1,8,368000,168,168,29362547,3,6,570000,1,3,230000,1,8,368000
200108,39,165,2,3,Warren County                 ,274,274,35861192,0,0,0,3,11,1165625,0,0,0,245,245,32574991,0,0,0,2,8,1000000,0,0,0
200108,40,001,3,7,Adair County                  ,0,0,0,0,0,0,0,0,0,0,0,0,0,0,0,0,0,0,0,0,0,0,0,0
200108,40,013,3,7,Bryan County                  ,1,1,350000,0,0,0,0,0,0,0,0,0,1,1,350000,0,0,0,0,0,0,0,0,0
200108,40,085,3,7,Love County                   ,0,0,0,0,0,0,0,0,0,0,0,0,0,0,0,0,0,0,0,0,0,0,0,0
200108,41,000,4,9,Oregon Balance of State       ,17,17,1773299,0,0,0,1,3,94607,1,8,381469, , , , , , , , , , , , 
200108,41,001,4,9,Baker County                  ,1,1,188594,0,0,0,0,0,0,0,0,0,1,1,188594,0,0,0,0,0,0,0,0,0
200108,41,003,4,9,Benton County                 ,17,17,3398044,1,2,141304,0,0,0,1,5,192909,4,4,702918,0,0,0,0,0,0,0,0,0
200108,41,005,4,9,Clackamas County              ,169,169,32504692,5,10,1015368,0,0,0,2,30,1754816,155,155,30252640,4,8,799248,0,0,0,2,30,1754816
200108,41,007,4,9,Clatsop County                ,9,9,1971276,1,2,118350,0,0,0,0,0,0,4,4,1295000,1,2,118350,0,0,0,0,0,0
200108,41,009,4,9,Columbia County               ,28,28,3411763,0,0,0,0,0,0,0,0,0,22,22,2348635,0,0,0,0,0,0,0,0,0
200108,41,011,4,9,Coos County                   ,2,2,295472,0,0,0,0,0,0,0,0,0,1,1,150422,0,0,0,0,0,0,0,0,0
200108,41,013,4,9,Crook County                  ,19,19,3130254,0,0,0,0,0,0,0,0,0,19,19,3130254,0,0,0,0,0,0,0,0,0
200108,41,015,4,9,Curry County                  ,9,9,1505217,0,0,0,0,0,0,1,5,315250,5,5,934106,0,0,0,0,0,0,0,0,0
200108,41,017,4,9,Deschutes County              ,194,194,33474918,6,12,985502,0,0,0,0,0,0,114,114,22499840,0,0,0,0,0,0,0,0,0
200108,41,019,4,9,Douglas County                ,24,24,3304358,1,2,151759,1,3,174188,0,0,0,20,20,2890481,0,0,0,0,0,0,0,0,0
200108,41,021,4,9,Gilliam County                ,0,0,0,0,0,0,0,0,0,0,0,0, , , , , , , , , , , , 
200108,41,025,4,9,Harney County                 ,0,0,0,0,0,0,0,0,0,0,0,0,0,0,0,0,0,0,0,0,0,0,0,0
200108,41,027,4,9,Hood River County             ,6,6,579872,0,0,0,0,0,0,0,0,0,6,6,579872,0,0,0,0,0,0,0,0,0
200108,41,029,4,9,Jackson County                ,133,133,17114712,0,0,0,1,4,215102,1,5,852041,101,101,13333827,0,0,0,1,4,215102,0,0,0
200108,41,031,4,9,Jefferson County              ,20,20,1382055,0,0,0,0,0,0,0,0,0, , , , , , , , , , , , 
200108,41,033,4,9,Josephine County              ,35,35,4120858,1,2,99973,0,0,0,1,5,311298, , , , , , , , , , , , 
200108,41,035,4,9,Klamath County                ,15,15,3191700,1,2,336260,4,12,1362570,0,0,0,15,15,3191700,1,2,336260,4,12,1362570,0,0,0
200108,41,037,4,9,Lake County                   ,2,2,226084,0,0,0,0,0,0,0,0,0, , , , , , , , , , , , 
200108,41,039,4,9,Lane County                   ,121,121,19683529,2,4,291479,0,0,0,0,0,0,99,99,17008657,0,0,0,0,0,0,0,0,0
200108,41,041,4,9,Lincoln County                ,13,13,1537386,0,0,0,0,0,0,0,0,0,10,10,1081075,0,0,0,0,0,0,0,0,0
200108,41,043,4,9,Linn County                   ,31,31,3966368,2,4,374335,0,0,0,0,0,0,25,25,3005236,2,4,374335,0,0,0,0,0,0
200108,41,045,4,9,Malheur County                ,5,5,801123,0,0,0,0,0,0,0,0,0,5,5,801123,0,0,0,0,0,0,0,0,0
200108,41,047,4,9,Marion County                 ,114,114,14013921,2,4,317647,2,7,486729,1,10,373977,32,32,4122013,0,0,0,0,0,0,0,0,0
200108,41,051,4,9,Multnomah County              ,153,153,23225088,1,2,199812,9,32,2766182,10,90,6274702,153,153,23225088,1,2,199812,9,32,2766182,10,90,6274702
200108,41,053,4,9,Polk County                   ,13,13,2201107,0,0,0,0,0,0,0,0,0,9,9,1638974,0,0,0,0,0,0,0,0,0
200108,41,055,4,9,Sherman County                ,0,0,0,0,0,0,0,0,0,0,0,0, , , , , , , , , , , , 
200108,41,057,4,9,Tillamook County              ,16,16,2393778,1,2,359475,0,0,0,0,0,0,3,3,543973,1,2,359475,0,0,0,0,0,0
200108,41,059,4,9,Umatilla County               ,8,8,1279047,0,0,0,0,0,0,0,0,0,7,7,1135959,0,0,0,0,0,0,0,0,0
200108,41,061,4,9,Union County                  ,2,2,238422,0,0,0,0,0,0,0,0,0,2,2,238422,0,0,0,0,0,0,0,0,0
200108,41,065,4,9,Wasco County                  ,6,6,933838,0,0,0,0,0,0,0,0,0,6,6,933838,0,0,0,0,0,0,0,0,0
200108,41,067,4,9,Washington County             ,244,244,53300694,1,2,198588,8,30,2496961,27,378,22750686,238,238,52227489,1,2,198588,7,27,2223432,27,378,22750686
200108,41,069,4,9,Wheeler County                ,0,0,0,0,0,0,0,0,0,0,0,0, , , , , , , , , , , , 
200108,41,071,4,9,Yamhill County                ,39,39,5606700,0,0,0,0,0,0,1,12,361044,23,23,3779010,0,0,0,0,0,0,0,0,0
200108,42,001,1,2,Adams County                  ,58,58,7658249,0,0,0,0,0,0,0,0,0,58,58,7658249,0,0,0,0,0,0,0,0,0
200108,42,003,1,2,Allegheny County              ,200,200,29008023,1,2,186000,2,7,796050,3,34,1703468,157,157,22721390,1,2,186000,1,4,480000,1,6,550000
200108,42,007,1,2,Beaver County                 ,28,28,3020230,0,0,0,2,8,807600,0,0,0,17,17,1786538,0,0,0,2,8,807600,0,0,0
200108,42,017,1,2,Bucks County                  ,190,190,27542007,1,2,154500,3,11,766625,2,10,652509,108,108,17675981,0,0,0,0,0,0,0,0,0
200108,42,019,1,2,Butler County                 ,92,92,11782471,0,0,0,1,3,373200,1,5,250000,40,40,4706047,0,0,0,0,0,0,0,0,0
200108,42,029,1,2,Chester County                ,205,205,38039564,0,0,0,1,3,203028,0,0,0,164,164,32065159,0,0,0,0,0,0,0,0,0
200108,42,045,1,2,Delaware County               ,59,59,8963876,2,4,355584,0,0,0,2,10,685797,25,25,5194164,0,0,0,0,0,0,0,0,0
200108,42,051,1,2,Fayette County                ,26,26,1643822,0,0,0,0,0,0,0,0,0,4,4,465000,0,0,0,0,0,0,0,0,0
200108,42,055,1,2,Franklin County               ,62,62,6139625,3,6,448385,2,7,452773,1,5,350208, , , , , , , , , , , , 
200108,42,065,1,2,Jefferson County              ,26,26,2310000,0,0,0,0,0,0,0,0,0,26,26,2310000,0,0,0,0,0,0,0,0,0
200108,42,091,1,2,Montgomery County             ,215,215,25279645,0,0,0,0,0,0,2,32,807600,142,142,17494265,0,0,0,0,0,0,2,32,807600
200108,42,101,1,2,Philadelphia County           ,2,2,279305,0,0,0,1,3,218349,2,12,767664,2,2,279305,0,0,0,1,3,218349,2,12,767664
200108,42,103,1,2,Pike County                   ,58,58,8988373,0,0,0,2,7,710000,0,0,0,54,54,8499425,0,0,0,2,7,710000,0,0,0
200108,42,125,1,2,Washington County             ,47,47,7092056,1,2,188889,1,3,261900,1,5,369286,28,28,5048489,0,0,0,0,0,0,0,0,0
200108,42,129,1,2,Westmoreland County           ,77,77,10890371,2,4,205000,2,7,154667,2,13,425000,20,20,2388923,0,0,0,1,3,120000,1,8,300000
200108,44,001,1,1,Bristol County                ,10,10,1152898,0,0,0,0,0,0,0,0,0,3,3,342291,0,0,0,0,0,0,0,0,0
200108,44,003,1,1,Kent County                   ,36,36,3763813,0,0,0,0,0,0,0,0,0,15,15,1400001,0,0,0,0,0,0,0,0,0
200108,44,005,1,1,Newport County                ,13,13,2323985,0,0,0,0,0,0,1,5,313725,9,9,1897950,0,0,0,0,0,0,0,0,0
200108,44,007,1,1,Providence County             ,69,69,8005618,4,8,908000,0,0,0,1,5,260623,51,51,5540556,3,6,758000,0,0,0,0,0,0
200108,44,009,1,1,Washington County             ,72,72,9037623,0,0,0,0,0,0,0,0,0,44,44,5258148,0,0,0,0,0,0,0,0,0
200108,45,001,3,5,Abbeville County              ,5,5,454250,0,0,0,0,0,0,0,0,0, , , , , , , , , , , , 
200108,45,003,3,5,Aiken County                  ,64,64,7784522,2,4,120000,0,0,0,0,0,0,64,64,7784522,2,4,120000,0,0,0,0,0,0
200108,45,007,3,5,Anderson County               ,91,91,11595032,5,10,338000,0,0,0,0,0,0,91,91,11595032,5,10,338000,0,0,0,0,0,0
200108,45,015,3,5,Berkeley County               ,52,52,5377475,0,0,0,0,0,0,0,0,0,25,25,3505922,0,0,0,0,0,0,0,0,0
200108,45,023,3,5,Chester County                ,11,11,932966,0,0,0,0,0,0,0,0,0,11,11,932966,0,0,0,0,0,0,0,0,0
200108,45,037,3,5,Edgefield County              ,7,7,668242,0,0,0,0,0,0,0,0,0, , , , , , , , , , , , 
200108,45,045,3,5,Greenville County             ,295,295,26766113,1,2,122450,0,0,0,1,24,1192325,286,286,25507933,0,0,0,0,0,0,0,0,0
200108,45,047,3,5,Greenwood County              ,16,16,1864465,1,2,57000,3,10,350000,2,12,576000,16,16,1864465,1,2,57000,3,10,350000,2,12,576000
200108,45,053,3,5,Jasper County                 ,9,9,516196,0,0,0,0,0,0,0,0,0,9,9,516196,0,0,0,0,0,0,0,0,0
200108,45,073,3,5,Oconee County                 ,50,50,9636338,0,0,0,0,0,0,0,0,0,50,50,9636338,0,0,0,0,0,0,0,0,0
200108,45,077,3,5,Pickens County                ,52,52,7866046,0,0,0,0,0,0,0,0,0,8,8,1023604,0,0,0,0,0,0,0,0,0
200108,45,081,3,5,Saluda County                 ,4,4,610000,0,0,0,0,0,0,0,0,0,4,4,610000,0,0,0,0,0,0,0,0,0
200108,45,085,3,5,Sumter County                 ,32,32,3190446,1,2,90000,0,0,0,0,0,0,32,32,3190446,1,2,90000,0,0,0,0,0,0
200108,45,087,3,5,Union County                  ,5,5,533663,0,0,0,0,0,0,0,0,0,4,4,363000,0,0,0,0,0,0,0,0,0
200108,45,091,3,5,York County                   ,174,174,24272211,2,4,270512,1,3,465572,3,70,2949280,111,111,17638191,0,0,0,1,3,465572,0,0,0
200108,46,007,2,4,Bennett County                ,0,0,0,0,0,0,0,0,0,0,0,0,0,0,0,0,0,0,0,0,0,0,0,0
200108,46,027,2,4,Clay County                   ,3,3,362034,0,0,0,0,0,0,0,0,0,0,0,0,0,0,0,0,0,0,0,0,0
200108,46,079,2,4,Lake County                   ,1,1,70500,0,0,0,0,0,0,0,0,0,1,1,70500,0,0,0,0,0,0,0,0,0
200108,46,093,2,4,Meade County                  ,10,10,1288712,0,0,0,0,0,0,0,0,0,0,0,0,0,0,0,0,0,0,0,0,0
200108,46,095,2,4,Mellette County               ,0,0,0,0,0,0,0,0,0,0,0,0, , , , , , , , , , , , 
200108,46,121,2,4,Todd County                   ,0,0,0,0,0,0,0,0,0,0,0,0,0,0,0,0,0,0,0,0,0,0,0,0
200108,47,011,3,6,Bradley County                ,41,41,3419805,1,2,78200,0,0,0,0,0,0,41,41,3419805,1,2,78200,0,0,0,0,0,0
200108,47,021,3,6,Cheatham County               ,21,21,2325909,0,0,0,0,0,0,1,5,229991,17,17,2110000,0,0,0,0,0,0,0,0,0
200108,47,025,3,6,Claiborne County              ,14,14,757500,0,0,0,0,0,0,0,0,0,14,14,757500,0,0,0,0,0,0,0,0,0
200108,47,031,3,6,Coffee County                 ,6,6,628902,0,0,0,0,0,0,0,0,0,2,2,96000,0,0,0,0,0,0,0,0,0
200108,47,037,3,6,Davidson County               ,213,213,33418809,2,4,278190,0,0,0,4,45,2070936,212,212,33307372,2,4,278190,0,0,0,4,45,2070936
200108,47,043,3,6,Dickson County                ,34,34,4299564,1,2,50000,2,8,664072,0,0,0,32,32,4183867,0,0,0,2,8,664072,0,0,0
200108,47,047,3,6,Fayette County                ,16,16,2545000,0,0,0,0,0,0,0,0,0,16,16,2545000,0,0,0,0,0,0,0,0,0
200108,47,063,3,6,Hamblen County                ,21,21,1817190,0,0,0,0,0,0,1,7,339541,16,16,1349400,0,0,0,0,0,0,0,0,0
200108,47,081,3,6,Hickman County                ,0,0,0,0,0,0,0,0,0,0,0,0, , , , , , , , , , , , 
200108,47,093,3,6,Knox County                   ,225,225,23378011,0,0,0,0,0,0,2,27,634237,185,185,20691059,0,0,0,0,0,0,0,0,0
200108,47,113,3,6,Madison County                ,46,46,4652244,0,0,0,0,0,0,0,0,0,46,46,4652244,0,0,0,0,0,0,0,0,0
200108,47,125,3,6,Montgomery County             ,100,100,7299965,0,0,0,1,3,332000,0,0,0,68,68,4447680,0,0,0,1,3,332000,0,0,0
200108,47,127,3,6,Moore County                  ,6,6,588000,0,0,0,0,0,0,0,0,0,6,6,588000,0,0,0,0,0,0,0,0,0
200108,47,147,3,6,Robertson County              ,70,70,6715119,0,0,0,0,0,0,1,5,250000,45,45,4882012,0,0,0,0,0,0,0,0,0
200108,47,149,3,6,Rutherford County             ,471,471,38605727,0,0,0,0,0,0,1,14,539838,471,471,38605727,0,0,0,0,0,0,1,14,539838
200108,47,151,3,6,Scott County                  ,0,0,0,0,0,0,0,0,0,0,0,0,0,0,0,0,0,0,0,0,0,0,0,0
200108,47,157,3,6,Shelby County                 ,321,321,51833725,0,0,0,0,0,0,19,576,8221000,288,288,42791955,0,0,0,0,0,0,19,576,8221000
200108,47,165,3,6,Sumner County                 ,88,88,8097139,0,0,0,0,0,0,15,364,14751844,79,79,7354459,0,0,0,0,0,0,15,364,14751844
200108,47,167,3,6,Tipton County                 ,42,42,4144307,0,0,0,0,0,0,0,0,0,20,20,2152792,0,0,0,0,0,0,0,0,0
200108,47,177,3,6,Warren County                 ,0,0,0,0,0,0,0,0,0,0,0,0,0,0,0,0,0,0,0,0,0,0,0,0
200108,47,187,3,6,Williamson County             ,114,114,28917081,0,0,0,0,0,0,0,0,0,57,57,12320098,0,0,0,0,0,0,0,0,0
200108,47,189,3,6,Wilson County                 ,55,55,6568652,0,0,0,0,0,0,0,0,0,55,55,6568652,0,0,0,0,0,0,0,0,0
200108,48,039,3,7,Brazoria County               ,225,225,37220651,0,0,0,0,0,0,0,0,0,224,224,37133035,0,0,0,0,0,0,0,0,0
200108,48,041,3,7,Brazos County                 ,65,65,8417520,0,0,0,0,0,0,0,0,0,65,65,8417520,0,0,0,0,0,0,0,0,0
200108,48,063,3,7,Camp County                   ,0,0,0,0,0,0,0,0,0,0,0,0,0,0,0,0,0,0,0,0,0,0,0,0
200108,48,071,3,7,Chambers County               ,31,31,2714107,0,0,0,0,0,0,0,0,0,8,8,874107,0,0,0,0,0,0,0,0,0
200108,48,083,3,7,Coleman County                ,0,0,0,0,0,0,0,0,0,0,0,0,0,0,0,0,0,0,0,0,0,0,0,0
200108,48,085,3,7,Collin County                 ,827,827,138509590,1,2,318753,0,0,0,0,0,0,776,776,131195503,1,2,318753,0,0,0,0,0,0
200108,48,113,3,7,Dallas County                 ,680,680,111508860,2,4,480000,0,0,0,8,44,6662150,630,630,104511638,2,4,480000,0,0,0,7,39,6593650
200108,48,121,3,7,Denton County                 ,454,454,84899434,0,0,0,0,0,0,0,0,0,364,364,69895352,0,0,0,0,0,0,0,0,0
200108,48,135,3,7,Ector County                  ,9,9,1437505,0,0,0,0,0,0,0,0,0,9,9,1437505,0,0,0,0,0,0,0,0,0
200108,48,139,3,7,Ellis County                  ,46,46,6508206,0,0,0,0,0,0,16,264,9242100,41,41,5331465,0,0,0,0,0,0,16,264,9242100
200108,48,151,3,7,Fisher County                 ,0,0,0,0,0,0,0,0,0,0,0,0,0,0,0,0,0,0,0,0,0,0,0,0
200108,48,157,3,7,Fort Bend County              ,48,48,8028959,0,0,0,0,0,0,0,0,0,47,47,7956497,0,0,0,0,0,0,0,0,0
200108,48,167,3,7,Galveston County              ,248,248,34582719,5,10,1013400,0,0,0,1,15,634602,244,244,34212650,5,10,1013400,0,0,0,0,0,0
200108,48,169,3,7,Garza County                  ,0,0,0,0,0,0,0,0,0,0,0,0, , , , , , , , , , , , 
200108,48,201,3,7,Harris County                 ,1734,1734,234978321,1,2,126782,49,196,12604138,2,45,2675065,1704,1704,227413831,1,2,126782,49,196,12604138,2,45,2675065
200108,48,207,3,7,Haskell County                ,0,0,0,0,0,0,0,0,0,0,0,0, , , , , , , , , , , , 
200108,48,211,3,7,Hemphill County               ,0,0,0,0,0,0,0,0,0,0,0,0,0,0,0,0,0,0,0,0,0,0,0,0
200108,48,213,3,7,Henderson County              ,8,8,988404,0,0,0,0,0,0,0,0,0,4,4,584000,0,0,0,0,0,0,0,0,0
200108,48,221,3,7,Hood County                   ,4,4,842232,0,0,0,0,0,0,0,0,0,4,4,842232,0,0,0,0,0,0,0,0,0
200108,48,231,3,7,Hunt County                   ,5,5,619000,0,0,0,0,0,0,0,0,0,5,5,619000,0,0,0,0,0,0,0,0,0
200108,48,251,3,7,Johnson County                ,36,36,3644021,0,0,0,0,0,0,0,0,0,36,36,3644021,0,0,0,0,0,0,0,0,0
200108,48,257,3,7,Kaufman County                ,37,37,3162631,1,2,80000,0,0,0,0,0,0,33,33,2802001,1,2,80000,0,0,0,0,0,0
200108,48,265,3,7,Kerr County                   ,7,7,823722,0,0,0,2,8,526316,1,5,156250, , , , , , , , , , , , 
200108,48,291,3,7,Liberty County                ,21,21,1339175,0,0,0,0,0,0,0,0,0,21,21,1339175,0,0,0,0,0,0,0,0,0
200108,48,319,3,7,Mason County                  ,0,0,0,0,0,0,0,0,0,0,0,0,0,0,0,0,0,0,0,0,0,0,0,0
200108,48,323,3,7,Maverick County               ,17,17,1088882,0,0,0,0,0,0,0,0,0,17,17,1088882,0,0,0,0,0,0,0,0,0
200108,48,329,3,7,Midland County                ,10,10,1052165,0,0,0,0,0,0,0,0,0,10,10,1052165,0,0,0,0,0,0,0,0,0
200108,48,339,3,7,Montgomery County             ,376,376,55509036,0,0,0,0,0,0,2,16,1102018,362,362,53944937,0,0,0,0,0,0,2,16,1102018
200108,48,367,3,7,Parker County                 ,42,42,4127735,0,0,0,0,0,0,0,0,0,42,42,4127735,0,0,0,0,0,0,0,0,0
200108,48,375,3,7,Potter County                 ,43,43,5821478,0,0,0,0,0,0,0,0,0,43,43,5821478,0,0,0,0,0,0,0,0,0
200108,48,397,3,7,Rockwall County               ,160,160,24820880,0,0,0,0,0,0,0,0,0,160,160,24820880,0,0,0,0,0,0,0,0,0
200108,48,437,3,7,Swisher County                ,0,0,0,0,0,0,0,0,0,0,0,0,0,0,0,0,0,0,0,0,0,0,0,0
200108,48,439,3,7,Tarrant County                ,711,711,105429785,2,4,246782,0,0,0,27,162,9630232,578,578,81519232,1,2,126782,0,0,0,27,162,9630232
200108,48,451,3,7,Tom Green County              ,24,24,2295007,0,0,0,0,0,0,0,0,0,24,24,2295007,0,0,0,0,0,0,0,0,0
200108,48,465,3,7,Val Verde County              ,11,11,617579,0,0,0,0,0,0,0,0,0, , , , , , , , , , , , 
200108,48,469,3,7,Victoria County               ,19,19,2028232,0,0,0,0,0,0,0,0,0,19,19,2028232,0,0,0,0,0,0,0,0,0
200108,48,473,3,7,Waller County                 ,2,2,134129,1,2,48333,0,0,0,2,22,444167,0,0,0,0,0,0,0,0,0,0,0,0
200108,48,479,3,7,Webb County                   ,137,137,9363008,0,0,0,1,4,98164,1,30,1029181, , , , , , , , , , , , 
200108,49,011,4,8,Davis County                  ,220,220,30380529,0,0,0,0,0,0,0,0,0,220,220,30380529,0,0,0,0,0,0,0,0,0
200108,49,035,4,8,Salt Lake County              ,334,334,42531820,11,22,2637241,2,7,456617,4,43,3483360,298,298,37476510,10,20,2442241,0,0,0,3,38,3185476
200108,49,039,4,8,Sanpete County                ,5,5,402199,0,0,0,0,0,0,0,0,0,5,5,402199,0,0,0,0,0,0,0,0,0
200108,49,057,4,8,Weber County                  ,100,100,11954701,3,6,543009,1,3,204136,2,42,1767170,41,41,5488669,0,0,0,0,0,0,1,24,930221
200108,50,013,1,1,Grand Isle County             ,4,4,482270,0,0,0,0,0,0,0,0,0, , , , , , , , , , , , 
200108,51,003,3,5,Albemarle County              ,33,33,7315472,2,4,212900,0,0,0,2,11,690000,33,33,7315472,2,4,212900,0,0,0,2,11,690000
200108,51,007,3,5,Amelia County                 ,7,7,860754,0,0,0,0,0,0,0,0,0, , , , , , , , , , , , 
200108,51,009,3,5,Amherst County                ,8,8,758561,0,0,0,0,0,0,0,0,0,8,8,758561,0,0,0,0,0,0,0,0,0
200108,51,013,3,5,Arlington County              ,18,18,2233931,0,0,0,0,0,0,0,0,0,18,18,2233931,0,0,0,0,0,0,0,0,0
200108,51,015,3,5,Augusta County                ,45,45,6698700,0,0,0,0,0,0,0,0,0,45,45,6698700,0,0,0,0,0,0,0,0,0
200108,51,019,3,5,Bedford County                ,35,35,5150700,0,0,0,0,0,0,0,0,0,35,35,5150700,0,0,0,0,0,0,0,0,0
200108,51,023,3,5,Botetourt County              ,18,18,2519718,1,2,90000,0,0,0,0,0,0,18,18,2519718,1,2,90000,0,0,0,0,0,0
200108,51,029,3,5,Buckingham County             ,1,1,100000,0,0,0,0,0,0,0,0,0,1,1,100000,0,0,0,0,0,0,0,0,0
200108,51,031,3,5,Campbell County               ,18,18,2277262,0,0,0,0,0,0,0,0,0, , , , , , , , , , , , 
200108,51,035,3,5,Carroll County                ,13,13,1283000,0,0,0,0,0,0,0,0,0,13,13,1283000,0,0,0,0,0,0,0,0,0
200108,51,036,3,5,Charles City County           ,6,6,516300,0,0,0,0,0,0,0,0,0,6,6,516300,0,0,0,0,0,0,0,0,0
200108,51,037,3,5,Charlotte County              ,8,8,463118,0,0,0,0,0,0,0,0,0, , , , , , , , , , , , 
200108,51,041,3,5,Chesterfield County           ,224,224,26722567,0,0,0,0,0,0,0,0,0,224,224,26722567,0,0,0,0,0,0,0,0,0
200108,51,043,3,5,Clarke County                 ,16,16,2473680,0,0,0,0,0,0,0,0,0,16,16,2473680,0,0,0,0,0,0,0,0,0
200108,51,047,3,5,Culpeper County               ,29,29,3319836,1,2,45000,0,0,0,1,5,211719, , , , , , , , , , , , 
200108,51,049,3,5,Cumberland County             ,4,4,523000,0,0,0,0,0,0,0,0,0,4,4,523000,0,0,0,0,0,0,0,0,0
200108,51,053,3,5,Dinwiddie County              ,14,14,1457323,0,0,0,0,0,0,0,0,0, , , , , , , , , , , , 
200108,51,057,3,5,Essex County                  ,3,3,349793,0,0,0,0,0,0,0,0,0,3,3,349793,0,0,0,0,0,0,0,0,0
200108,51,059,3,5,Fairfax County                ,361,361,44786591,0,0,0,0,0,0,0,0,0,356,356,44182198,0,0,0,0,0,0,0,0,0
200108,51,061,3,5,Fauquier County               ,54,54,8783955,0,0,0,0,0,0,0,0,0,44,44,7768876,0,0,0,0,0,0,0,0,0
200108,51,063,3,5,Floyd County                  ,6,6,662000,0,0,0,0,0,0,0,0,0,6,6,662000,0,0,0,0,0,0,0,0,0
200108,51,065,3,5,Fluvanna County               ,46,46,5434528,0,0,0,0,0,0,0,0,0,46,46,5434528,0,0,0,0,0,0,0,0,0
200108,51,067,3,5,Franklin County               ,31,31,6698370,0,0,0,0,0,0,0,0,0,31,31,6698370,0,0,0,0,0,0,0,0,0
200108,51,069,3,5,Frederick County              ,62,62,7694870,0,0,0,0,0,0,0,0,0,62,62,7694870,0,0,0,0,0,0,0,0,0
200108,51,073,3,5,Gloucester County             ,23,23,2287853,0,0,0,0,0,0,0,0,0,23,23,2287853,0,0,0,0,0,0,0,0,0
200108,51,075,3,5,Goochland County              ,24,24,5110809,0,0,0,0,0,0,0,0,0,24,24,5110809,0,0,0,0,0,0,0,0,0
200108,51,077,3,5,Grayson County                ,11,11,734995,0,0,0,0,0,0,0,0,0, , , , , , , , , , , , 
200108,51,079,3,5,Greene County                 ,19,19,1604001,0,0,0,0,0,0,0,0,0, , , , , , , , , , , , 
200108,51,085,3,5,Hanover County                ,81,81,10052691,0,0,0,0,0,0,0,0,0,81,81,10052691,0,0,0,0,0,0,0,0,0
200108,51,087,3,5,Henrico County                ,143,143,17747343,0,0,0,0,0,0,0,0,0,143,143,17747343,0,0,0,0,0,0,0,0,0
200108,51,089,3,5,Henry County                  ,9,9,1241000,0,0,0,0,0,0,0,0,0,9,9,1241000,0,0,0,0,0,0,0,0,0
200108,51,093,3,5,Isle of Wight County          ,24,24,3019819,0,0,0,0,0,0,0,0,0, , , , , , , , , , , , 
200108,51,095,3,5,James City County             ,45,45,10922890,2,4,211340,0,0,0,4,36,4526712,45,45,10922890,2,4,211340,0,0,0,4,36,4526712
200108,51,099,3,5,King George County            ,20,20,2482146,0,0,0,0,0,0,0,0,0,20,20,2482146,0,0,0,0,0,0,0,0,0
200108,51,101,3,5,King William County           ,7,7,705944,0,0,0,0,0,0,0,0,0,7,7,705944,0,0,0,0,0,0,0,0,0
200108,51,103,3,5,Lancaster County              ,5,5,820000,0,0,0,0,0,0,0,0,0,5,5,820000,0,0,0,0,0,0,0,0,0
200108,51,105,3,5,Lee County                    ,4,4,224000,0,0,0,0,0,0,0,0,0,4,4,224000,0,0,0,0,0,0,0,0,0
200108,51,107,3,5,Loudoun County                ,197,197,20841222,0,0,0,0,0,0,3,44,3300000,197,197,20841222,0,0,0,0,0,0,3,44,3300000
200108,51,109,3,5,Louisa County                 ,24,24,2485724,0,0,0,0,0,0,0,0,0, , , , , , , , , , , , 
200108,51,111,3,5,Lunenburg County              ,2,2,195998,0,0,0,0,0,0,0,0,0, , , , , , , , , , , , 
200108,51,113,3,5,Madison County                ,7,7,671704,0,0,0,0,0,0,0,0,0,7,7,671704,0,0,0,0,0,0,0,0,0
200108,51,115,3,5,Mathews County                ,9,9,1623000,0,0,0,0,0,0,0,0,0,9,9,1623000,0,0,0,0,0,0,0,0,0
200108,51,119,3,5,Middlesex County              ,11,11,1567815,0,0,0,0,0,0,0,0,0,11,11,1567815,0,0,0,0,0,0,0,0,0
200108,51,121,3,5,Montgomery County             ,23,23,2686873,0,0,0,0,0,0,0,0,0,23,23,2686873,0,0,0,0,0,0,0,0,0
200108,51,125,3,5,Nelson County                 ,13,13,2884318,0,0,0,0,0,0,0,0,0,13,13,2884318,0,0,0,0,0,0,0,0,0
200108,51,127,3,5,New Kent County               ,15,15,1760529,0,0,0,0,0,0,0,0,0, , , , , , , , , , , , 
200108,51,131,3,5,Northampton County            ,5,5,748368,0,0,0,0,0,0,0,0,0,5,5,748368,0,0,0,0,0,0,0,0,0
200108,51,133,3,5,Northumberland County         ,11,11,1765987,0,0,0,0,0,0,0,0,0, , , , , , , , , , , , 
200108,51,137,3,5,Orange County                 ,20,20,2793188,0,0,0,0,0,0,0,0,0, , , , , , , , , , , , 
200108,51,139,3,5,Page County                   ,10,10,1106000,0,0,0,0,0,0,0,0,0,10,10,1106000,0,0,0,0,0,0,0,0,0
200108,51,141,3,5,Patrick County                ,8,8,844708,0,0,0,0,0,0,0,0,0, , , , , , , , , , , , 
200108,51,143,3,5,Pittsylvania County           ,25,25,2426422,0,0,0,0,0,0,0,0,0, , , , , , , , , , , , 
200108,51,145,3,5,Powhatan County               ,18,18,2327167,0,0,0,0,0,0,0,0,0,18,18,2327167,0,0,0,0,0,0,0,0,0
200108,51,147,3,5,Prince Edward County          ,5,5,603503,1,2,69857,0,0,0,0,0,0, , , , , , , , , , , , 
200108,51,149,3,5,Prince George County          ,18,18,2035343,0,0,0,0,0,0,0,0,0, , , , , , , , , , , , 
200108,51,153,3,5,Prince William County         ,382,382,47426415,0,0,0,0,0,0,0,0,0,381,381,47310773,0,0,0,0,0,0,0,0,0
200108,51,157,3,5,Rappahannock County           ,4,4,426429,0,0,0,0,0,0,0,0,0, , , , , , , , , , , , 
200108,51,161,3,5,Roanoke County                ,33,33,2016066,0,0,0,0,0,0,0,0,0,33,33,2016066,0,0,0,0,0,0,0,0,0
200108,51,163,3,5,Rockbridge County             ,20,20,1532131,0,0,0,0,0,0,0,0,0, , , , , , , , , , , , 
200108,51,165,3,5,Rockingham County             ,37,37,4891645,1,2,146500,0,0,0,0,0,0,2,2,380500,0,0,0,0,0,0,0,0,0
200108,51,167,3,5,Russell County                ,5,5,465000,0,0,0,0,0,0,0,0,0,5,5,465000,0,0,0,0,0,0,0,0,0
200108,51,169,3,5,Scott County                  ,4,4,443000,0,0,0,0,0,0,0,0,0,4,4,443000,0,0,0,0,0,0,0,0,0
200108,51,171,3,5,Shenandoah County             ,15,15,1429000,0,0,0,0,0,0,0,0,0,15,15,1429000,0,0,0,0,0,0,0,0,0
200108,51,173,3,5,Smyth County                  ,8,8,939149,0,0,0,0,0,0,0,0,0,8,8,939149,0,0,0,0,0,0,0,0,0
200108,51,175,3,5,Southampton County            ,6,6,565204,0,0,0,0,0,0,0,0,0, , , , , , , , , , , , 
200108,51,177,3,5,Spotsylvania County           ,145,145,24960303,0,0,0,0,0,0,0,0,0,145,145,24960303,0,0,0,0,0,0,0,0,0
200108,51,179,3,5,Stafford County               ,101,101,12534837,0,0,0,0,0,0,0,0,0,101,101,12534837,0,0,0,0,0,0,0,0,0
200108,51,181,3,5,Surry County                  ,3,3,234000,0,0,0,0,0,0,0,0,0,3,3,234000,0,0,0,0,0,0,0,0,0
200108,51,185,3,5,Tazewell County               ,5,5,451371,0,0,0,0,0,0,0,0,0,5,5,451371,0,0,0,0,0,0,0,0,0
200108,51,187,3,5,Warren County                 ,23,23,2981900,0,0,0,0,0,0,0,0,0,23,23,2981900,0,0,0,0,0,0,0,0,0
200108,51,191,3,5,Washington County             ,27,27,1826984,0,0,0,0,0,0,0,0,0, , , , , , , , , , , , 
200108,51,193,3,5,Westmoreland County           ,9,9,160000,0,0,0,0,0,0,0,0,0,9,9,160000,0,0,0,0,0,0,0,0,0
200108,51,197,3,5,Wythe County                  ,8,8,1133000,0,0,0,0,0,0,0,0,0,8,8,1133000,0,0,0,0,0,0,0,0,0
200108,51,199,3,5,York County                   ,62,62,6870106,0,0,0,0,0,0,1,8,324848, , , , , , , , , , , , 
200108,51,510,3,5,Alexandria (Independent City) ,6,6,639000,0,0,0,0,0,0,1,226,14968432,6,6,639000,0,0,0,0,0,0,1,226,14968432
200108,51,540,3,5,Charlottesville (Independent C,5,5,419858,0,0,0,0,0,0,1,5,406250, , , , , , , , , , , , 
200108,51,550,3,5,Chesapeake(Independent City)  ,79,79,9825177,0,0,0,0,0,0,12,240,12216396,79,79,9825177,0,0,0,0,0,0,12,240,12216396
200108,51,570,3,5,Colonial Heights (Independent ,5,5,570460,0,0,0,0,0,0,0,0,0,5,5,570460,0,0,0,0,0,0,0,0,0
200108,51,590,3,5,Danville (Independent City)   ,2,2,578000,0,0,0,0,0,0,0,0,0,2,2,578000,0,0,0,0,0,0,0,0,0
200108,51,600,3,5,Fairfax (Independent City)    ,5,5,585500,0,0,0,0,0,0,0,0,0,5,5,585500,0,0,0,0,0,0,0,0,0
200108,51,610,3,5,Falls Church (Independent City,0,0,0,0,0,0,0,0,0,0,0,0, , , , , , , , , , , , 
200108,51,620,3,5,Franklin (Independent City)   ,2,2,206000,0,0,0,0,0,0,0,0,0,2,2,206000,0,0,0,0,0,0,0,0,0
200108,51,630,3,5,Fredericksburg(Independent Cit,8,8,710352,0,0,0,0,0,0,0,0,0,8,8,710352,0,0,0,0,0,0,0,0,0
200108,51,650,3,5,Hampton (Independent City)    ,31,31,2013139,0,0,0,0,0,0,0,0,0, , , , , , , , , , , , 
200108,51,660,3,5,Harrisonburg (Independent City,16,16,1106000,0,0,0,0,0,0,0,0,0,16,16,1106000,0,0,0,0,0,0,0,0,0
200108,51,670,3,5,Hopewell (Independent City)   ,4,4,178524,0,0,0,0,0,0,0,0,0,4,4,178524,0,0,0,0,0,0,0,0,0
200108,51,680,3,5,Lynchburg (Independent City)  ,15,15,2236000,6,12,702000,0,0,0,0,0,0,15,15,2236000,6,12,702000,0,0,0,0,0,0
200108,51,683,3,5,Manassas (Independent City)   ,5,5,326802,0,0,0,0,0,0,0,0,0, , , , , , , , , , , , 
200108,51,685,3,5,Manassas Park (Independent Cit,1,1,150000,0,0,0,0,0,0,0,0,0,1,1,150000,0,0,0,0,0,0,0,0,0
200108,51,700,3,5,Newport News (Independent City,41,41,2340500,0,0,0,0,0,0,0,0,0,41,41,2340500,0,0,0,0,0,0,0,0,0
200108,51,710,3,5,Norfolk (Independent City)    ,26,26,3226790,0,0,0,0,0,0,0,0,0,26,26,3226790,0,0,0,0,0,0,0,0,0
200108,51,730,3,5,Petersburg (Independent City) ,2,2,80000,0,0,0,0,0,0,0,0,0,2,2,80000,0,0,0,0,0,0,0,0,0
200108,51,735,3,5,Poquoson (Independent City)   ,2,2,305400,0,0,0,0,0,0,0,0,0, , , , , , , , , , , , 
200108,51,740,3,5,Portsmouth (Independent City) ,33,33,4095541,0,0,0,0,0,0,0,0,0,33,33,4095541,0,0,0,0,0,0,0,0,0
200108,51,750,3,5,Radford (Independent City)    ,1,1,180000,0,0,0,0,0,0,0,0,0,1,1,180000,0,0,0,0,0,0,0,0,0
200108,51,760,3,5,Richmond (Independent City)   ,14,14,1261368,0,0,0,0,0,0,0,0,0,14,14,1261368,0,0,0,0,0,0,0,0,0
200108,51,770,3,5,Roanoke (Independent City)    ,16,16,1141677,0,0,0,0,0,0,1,5,325391, , , , , , , , , , , , 
200108,51,775,3,5,Salem (Independent City)      ,7,7,1014670,0,0,0,0,0,0,0,0,0,7,7,1014670,0,0,0,0,0,0,0,0,0
200108,51,790,3,5,Staunton (Independent City)   ,4,4,310000,0,0,0,0,0,0,0,0,0,4,4,310000,0,0,0,0,0,0,0,0,0
200108,51,800,3,5,Suffolk (Independent City)    ,61,61,7115680,1,2,122459,3,10,636236,0,0,0, , , , , , , , , , , , 
200108,51,810,3,5,Virginia Beach (Independent Ci,101,101,12534837,0,0,0,0,0,0,0,0,0,101,101,12534837,0,0,0,0,0,0,0,0,0
200108,51,820,3,5,Waynesboro (Independent City) ,7,7,490350,0,0,0,5,20,580000,0,0,0,7,7,490350,0,0,0,5,20,580000,0,0,0
200108,51,830,3,5,Williamsburg (Independent City,0,0,0,0,0,0,2,6,540000,0,0,0,0,0,0,0,0,0,2,6,540000,0,0,0
200108,51,840,3,5,Winchester (Independent City) ,9,9,982449,0,0,0,0,0,0,0,0,0, , , , , , , , , , , , 
200108,53,011,4,9,Clark County                  ,302,302,43294635,2,4,239922,6,22,1836168,3,83,5606972,245,245,38101534,1,2,151815,4,14,1161792,1,70,4880323
200108,53,029,4,9,Island County                 ,59,59,8804099,0,0,0,0,0,0,0,0,0,59,59,8804099,0,0,0,0,0,0,0,0,0
200108,53,031,4,9,Jefferson County              ,21,21,2895820,0,0,0,0,0,0,0,0,0,21,21,2895820,0,0,0,0,0,0,0,0,0
200108,53,033,4,9,King County                   ,423,423,100475632,6,12,1306498,13,50,4367989,8,135,13905608,333,333,80702583,5,10,999059,12,46,4007692,4,107,10706164
200108,53,035,4,9,Kitsap County                 ,111,111,13606539,0,0,0,0,0,0,0,0,0,89,89,9263850,0,0,0,0,0,0,0,0,0
200108,53,053,4,9,Pierce County                 ,342,342,46184371,6,12,1142702,0,0,0,9,441,24605694,327,327,44532902,5,10,1000135,0,0,0,9,441,24605694
200108,53,061,4,9,Snohomish County              ,334,334,44128631,8,16,1412096,3,12,972126,8,205,11930622,213,213,29841042,6,12,1198871,3,12,972126,4,176,9235259
200108,53,067,4,9,Thurston County               ,137,137,19902245,1,2,175130,0,0,0,0,0,0,133,133,19355207,0,0,0,0,0,0,0,0,0
200108,54,003,3,5,Berkeley County               ,68,68,7731594,2,4,232857,0,0,0,0,0,0,1,1,45000,1,2,70000,0,0,0,0,0,0
200108,54,011,3,5,Cabell County                 ,3,3,216084,0,0,0,1,4,245000,0,0,0,3,3,216084,0,0,0,1,4,245000,0,0,0
200108,54,031,3,5,Hardy County                  ,9,9,562000,0,0,0,0,0,0,0,0,0,9,9,562000,0,0,0,0,0,0,0,0,0
200108,54,037,3,5,Jefferson County              ,39,39,4480636,0,0,0,0,0,0,1,5,245047,3,3,352825,0,0,0,0,0,0,0,0,0
200108,54,091,3,5,Taylor County                 ,0,0,0,0,0,0,0,0,0,0,0,0,0,0,0,0,0,0,0,0,0,0,0,0
200108,55,059,2,3,Kenosha County                ,58,58,8255091,0,0,0,1,3,210674,2,24,983962,16,16,2983743,0,0,0,0,0,0,0,0,0
200108,55,078,2,3,Menominee County              ,1,1,90000,0,0,0,0,0,0,0,0,0,1,1,90000,0,0,0,0,0,0,0,0,0
200108,55,079,2,3,Milwaukee County              ,78,78,13131227,0,0,0,0,0,0,4,32,1500000,78,78,13131227,0,0,0,0,0,0,4,32,1500000
200108,55,089,2,3,Ozaukee County                ,36,36,7576899,2,4,436522,1,4,320000,1,5,252926,17,17,2791493,0,0,0,0,0,0,0,0,0
200108,55,093,2,3,Pierce County                 ,34,34,4000653,1,2,200000,1,3,290000,0,0,0,16,16,1666351,1,2,200000,1,3,290000,0,0,0
200108,55,101,2,3,Racine County                 ,50,50,8887527,2,4,473969,1,3,221053,4,26,2186006,45,45,8347328,1,2,313500,0,0,0,2,16,1840000
200108,55,109,2,3,St. Croix County              ,102,102,14700852,8,16,2048700,2,8,628100,2,15,695000,75,75,11335300,8,16,2048700,1,4,514100,1,8,520000
200108,55,131,2,3,Washington County             ,67,67,11827091,3,6,541067,2,8,700000,2,13,737500,51,51,8810615,1,2,169400,2,8,700000,1,8,500000
200108,55,133,2,3,Waukesha County               ,167,167,33525789,6,12,1529210,1,4,340000,2,103,6459000,144,144,29748448,5,10,1372800,1,4,340000,2,103,6459000
200108,56,025,4,8,Natrona County                ,9,9,1550292,0,0,0,0,0,0,0,0,0,9,9,1550292,0,0,0,0,0,0,0,0,0
200108,56,039,4,8,Teton County                  ,8,8,7286259,1,2,201541,1,3,485000,1,5,194403,3,3,6159000,0,0,0,1,3,485000,0,0,0
