Survey,FIPS,FIPS,Region,Division,County,,1-unit,,,2-units,,,3-4 units,,,5+ units,,,1-unit rep,,,2-units rep,,,3-4 units rep,,, 5+units rep
Date,State,County,Code,Code,Name,Bldgs,Units,Value,Bldgs,Units,Value,Bldgs,Units,Value,Bldgs,Units,Value,Bldgs,Units,Value,Bldgs,Units,Value,Bldgs,Units,Value,Bldgs,Units,Value
 
200106,01,001,3,6,Autauga County                ,18,18,980036,0,0,0,0,0,0,0,0,0, , , , , , , , , , , , 
200106,01,081,3,6,Lee County                    ,45,45,6204666,0,0,0,0,0,0,1,5,393600,45,45,6204666,0,0,0,0,0,0,1,5,393600
200106,01,113,3,6,Russell County                ,16,16,1906888,0,0,0,0,0,0,0,0,0,16,16,1906888,0,0,0,0,0,0,0,0,0
200106,02,000,4,9,Alaska Balance of State       ,16,16,3121410,0,0,0,0,0,0,0,0,0, , , , , , , , , , , , 
200106,02,013,4,9,Aleutians East Borough        ,0,0,0,0,0,0,0,0,0,0,0,0,0,0,0,0,0,0,0,0,0,0,0,0
200106,02,016,4,9,Aleutians West Census Area    ,2,2,287579,0,0,0,0,0,0,1,5,716362, , , , , , , , , , , , 
200106,02,020,4,9,Anchorage Borough             ,108,108,23035395,25,50,6205837,6,22,3433809,0,0,0,108,108,23035395,25,50,6205837,6,22,3433809,0,0,0
200106,02,050,4,9,Bethel Census Area            ,5,5,625000,0,0,0,0,0,0,0,0,0,5,5,625000,0,0,0,0,0,0,0,0,0
200106,02,060,4,9,Bristol Bay Borough           ,0,0,0,0,0,0,0,0,0,0,0,0,0,0,0,0,0,0,0,0,0,0,0,0
200106,02,090,4,9,Fairbanks North Star Borough  ,43,43,5800824,0,0,0,0,0,0,1,6,300000,42,42,5709000,0,0,0,0,0,0,1,6,300000
200106,02,100,4,9,Haines Borough                ,3,3,230000,0,0,0,0,0,0,0,0,0,3,3,230000,0,0,0,0,0,0,0,0,0
200106,02,110,4,9,Juneau Borough                ,4,4,877934,0,0,0,0,0,0,0,0,0,4,4,877934,0,0,0,0,0,0,0,0,0
200106,02,122,4,9,Kenai Peninsula Borough       ,20,20,3155714,0,0,0,0,0,0,0,0,0,20,20,3155714,0,0,0,0,0,0,0,0,0
200106,02,130,4,9,Ketchikan Gateway Borough     ,1,1,152694,0,0,0,0,0,0,0,0,0,1,1,152694,0,0,0,0,0,0,0,0,0
200106,02,150,4,9,Kodiak Island Borough         ,4,4,581999,0,0,0,0,0,0,0,0,0,4,4,581999,0,0,0,0,0,0,0,0,0
200106,02,170,4,9,Matanuska-Susitna Borough     ,6,6,914519,6,12,1712695,0,0,0,0,0,0,6,6,914519,6,12,1712695,0,0,0,0,0,0
200106,02,180,4,9,Nome Census Area              ,0,0,0,0,0,0,0,0,0,0,0,0,0,0,0,0,0,0,0,0,0,0,0,0
200106,02,185,4,9,North Slope Borough           ,1,1,138733,0,0,0,0,0,0,0,0,0, , , , , , , , , , , , 
200106,02,201,4,9,Prince of Wales-Outer Ketchika,0,0,0,0,0,0,0,0,0,0,0,0,0,0,0,0,0,0,0,0,0,0,0,0
200106,02,220,4,9,Sitka Borough                 ,3,3,273534,1,2,145627,0,0,0,0,0,0, , , , , , , , , , , , 
200106,02,232,4,9,Skagway-Hoonah-Angoon Census A,1,1,79167,0,0,0,0,0,0,0,0,0,0,0,0,0,0,0,0,0,0,0,0,0
200106,02,261,4,9,Valdez-Cordova Census Area    ,0,0,0,0,0,0,0,0,0,0,0,0,0,0,0,0,0,0,0,0,0,0,0,0
200106,02,280,4,9,Wrangell-Petersburg Census Are,4,4,433960,0,0,0,0,0,0,0,0,0,3,3,365760,0,0,0,0,0,0,0,0,0
200106,02,282,4,9,Yakutat Borough               ,0,0,0,0,0,0,0,0,0,0,0,0, , , , , , , , , , , , 
200106,04,013,4,8,Maricopa County               ,2829,2829,423984056,17,34,2811656,14,48,3745452,47,801,39838250,2381,2381,373497486,17,34,2811656,14,48,3745452,47,801,39838250
200106,04,015,4,8,Mohave County                 ,178,178,16186929,2,4,235893,0,0,0,0,0,0,18,18,1643096,0,0,0,0,0,0,0,0,0
200106,04,021,4,8,Pinal County                  ,341,341,35219619,0,0,0,2,8,380000,0,0,0,339,339,35066627,0,0,0,2,8,380000,0,0,0
200106,05,023,3,7,Cleburne County               ,7,7,569000,0,0,0,0,0,0,0,0,0,7,7,569000,0,0,0,0,0,0,0,0,0
200106,05,035,3,7,Crittenden County             ,12,12,1313480,0,0,0,0,0,0,0,0,0,3,3,312000,0,0,0,0,0,0,0,0,0
200106,05,043,3,7,Drew County                   ,0,0,0,0,0,0,0,0,0,0,0,0,0,0,0,0,0,0,0,0,0,0,0,0
200106,05,055,3,7,Greene County                 ,12,12,931000,0,0,0,0,0,0,0,0,0,12,12,931000,0,0,0,0,0,0,0,0,0
200106,05,061,3,7,Howard County                 ,4,4,300000,0,0,0,0,0,0,0,0,0,4,4,300000,0,0,0,0,0,0,0,0,0
200106,05,071,3,7,Johnson County                ,2,2,200000,0,0,0,0,0,0,0,0,0,2,2,200000,0,0,0,0,0,0,0,0,0
200106,06,001,4,9,Alameda County                ,135,135,35565588,0,0,0,3,10,1398942,3,107,10597954,135,135,35565588,0,0,0,3,10,1398942,3,107,10597954
200106,06,013,4,9,Contra Costa County           ,321,321,71711580,0,0,0,0,0,0,1,20,1132200,193,193,46038220,0,0,0,0,0,0,0,0,0
200106,06,017,4,9,El Dorado County              ,102,102,23831394,0,0,0,0,0,0,0,0,0,98,98,23204770,0,0,0,0,0,0,0,0,0
200106,06,019,4,9,Fresno County                 ,297,297,40751291,0,0,0,11,43,3394560,0,0,0,269,269,38017222,0,0,0,10,40,3191330,0,0,0
200106,06,027,4,9,Inyo County                   ,2,2,477574,0,0,0,0,0,0,0,0,0,0,0,0,0,0,0,0,0,0,0,0,0
200106,06,037,4,9,Los Angeles County            ,849,849,158697184,18,36,3396549,5,18,945171,32,471,31786197,776,776,142568658,16,32,3196990,3,10,608659,25,424,30191691
200106,06,039,4,9,Madera County                 ,49,49,5904663,0,0,0,0,0,0,0,0,0,32,32,3989640,0,0,0,0,0,0,0,0,0
200106,06,041,4,9,Marin County                  ,38,38,12249632,1,2,440000,0,0,0,0,0,0,8,8,2361753,0,0,0,0,0,0,0,0,0
200106,06,043,4,9,Mariposa County               ,6,6,1008424,0,0,0,0,0,0,0,0,0,6,6,1008424,0,0,0,0,0,0,0,0,0
200106,06,055,4,9,Napa County                   ,32,32,6801754,0,0,0,0,0,0,0,0,0,16,16,3183625,0,0,0,0,0,0,0,0,0
200106,06,057,4,9,Nevada County                 ,64,64,10315914,0,0,0,0,0,0,0,0,0,58,58,9417255,0,0,0,0,0,0,0,0,0
200106,06,059,4,9,Orange County                 ,504,504,97853117,6,12,1725546,7,23,2514160,15,493,29530967,464,464,86558789,4,8,1161668,5,17,2010617,13,449,25871657
200106,06,061,4,9,Placer County                 ,425,425,85713375,0,0,0,0,0,0,11,165,11712658,196,196,36797820,0,0,0,0,0,0,0,0,0
200106,06,065,4,9,Riverside County              ,1461,1461,264111280,0,0,0,3,12,663913,18,373,22291250,1415,1415,256342386,0,0,0,3,12,663913,18,373,22291250
200106,06,067,4,9,Sacramento County             ,831,831,129773618,0,0,0,0,0,0,11,90,6980725,831,831,129773618,0,0,0,0,0,0,11,90,6980725
200106,06,071,4,9,San Bernardino County         ,624,624,112705737,0,0,0,1,4,174471,0,0,0,606,606,109360687,0,0,0,1,4,174471,0,0,0
200106,06,073,4,9,San Diego County              ,919,919,234996704,1,2,261934,2,8,1270325,46,824,65412440,915,915,234124403,1,2,261934,2,8,1270325,46,824,65412440
200106,06,075,4,9,San Francisco County          ,8,8,2285361,4,8,1527244,2,8,1543740,11,279,39583674, , , , , , , , , , , , 
200106,06,077,4,9,San Joaquin County            ,517,517,84211759,1,2,309561,0,0,0,0,0,0,376,376,61328713,1,2,309561,0,0,0,0,0,0
200106,06,079,4,9,San Luis Obispo County        ,136,136,21788431,2,4,283403,2,7,384169,1,6,204031,124,124,19531206,2,4,283403,1,4,136020,1,6,204031
200106,06,081,4,9,San Mateo County              ,64,64,19240296,1,2,247000,1,3,370000,2,63,5322151,34,34,11365510,1,2,247000,1,3,370000,1,21,2621900
200106,06,085,4,9,Santa Clara County            ,239,239,52673600,0,0,0,0,0,0,32,739,51404242,212,212,47399371,0,0,0,0,0,0,30,729,50825083
200106,06,087,4,9,Santa Cruz County             ,88,88,16866253,2,4,323741,0,0,0,5,40,3989860,88,88,16866253,2,4,323741,0,0,0,5,40,3989860
200106,06,089,4,9,Shasta County                 ,90,90,13345498,0,0,0,0,0,0,0,0,0,84,84,12809269,0,0,0,0,0,0,0,0,0
200106,06,095,4,9,Solano County                 ,177,177,30339375,0,0,0,2,7,615615,13,208,15835460,163,163,27215336,0,0,0,2,7,615615,13,208,15835460
200106,06,097,4,9,Sonoma County                 ,156,156,27670389,2,4,220263,1,3,143341,1,16,915027,44,44,10759401,0,0,0,0,0,0,0,0,0
200106,06,105,4,9,Trinity County                ,5,5,406084,0,0,0,0,0,0,0,0,0,5,5,406084,0,0,0,0,0,0,0,0,0
200106,06,111,4,9,Ventura County                ,214,214,55003016,1,2,192519,1,3,477607,2,39,3719018,121,121,30663635,0,0,0,0,0,0,0,0,0
200106,06,113,4,9,Yolo County                   ,128,128,18871963,0,0,0,1,4,305000,0,0,0,128,128,18871963,0,0,0,1,4,305000,0,0,0
200106,08,001,4,8,Adams County                  ,562,562,80573312,4,8,446689,1,4,345773,4,47,3197444,543,543,79217391,3,6,379476,1,4,345773,1,8,530807
200106,08,005,4,8,Arapahoe County               ,410,410,57597018,0,0,0,0,0,0,51,1106,60530701,392,392,52349267,0,0,0,0,0,0,49,1056,58523555
200106,08,013,4,8,Boulder County                ,129,129,22268645,0,0,0,2,7,691800,29,422,13682360,129,129,22268645,0,0,0,2,7,691800,29,422,13682360
200106,08,015,4,8,Chaffee County                ,17,17,1539819,0,0,0,0,0,0,0,0,0,17,17,1539819,0,0,0,0,0,0,0,0,0
200106,08,031,4,8,Denver County                 ,145,145,22567741,1,2,199812,0,0,0,30,430,29979130,145,145,22567741,1,2,199812,0,0,0,30,430,29979130
200106,08,035,4,8,Douglas County                ,392,392,70186922,0,0,0,0,0,0,0,0,0,309,309,59092570,0,0,0,0,0,0,0,0,0
200106,08,059,4,8,Jefferson County              ,139,139,21804234,0,0,0,0,0,0,1,12,868619,137,137,21664507,0,0,0,0,0,0,1,12,868619
200106,08,069,4,8,Larimer County                ,262,262,36854043,0,0,0,1,4,184448,8,77,4361975,72,72,13014907,0,0,0,0,0,0,0,0,0
200106,08,077,4,8,Mesa County                   ,131,131,13649189,0,0,0,0,0,0,0,0,0,131,131,13649189,0,0,0,0,0,0,0,0,0
200106,08,101,4,8,Pueblo County                 ,103,103,10261546,6,12,420880,0,0,0,0,0,0,103,103,10261546,6,12,420880,0,0,0,0,0,0
200106,08,107,4,8,Routt County                  ,25,25,6642951,3,6,1117763,1,3,638958,1,12,3600000,25,25,6642951,3,6,1117763,1,3,638958,1,12,3600000
200106,08,113,4,8,San Miguel County             ,15,15,10755535,0,0,0,0,0,0,0,0,0,7,7,1871113,0,0,0,0,0,0,0,0,0
200106,08,123,4,8,Weld County                   ,365,365,51793651,1,2,127781,1,4,305887,4,38,2319561,238,238,36875479,0,0,0,0,0,0,0,0,0
200106,09,001,1,1,Fairfield County              ,126,126,37096856,5,10,710818,0,0,0,0,0,0,95,95,20588282,5,10,710818,0,0,0,0,0,0
200106,09,003,1,1,Hartford County               ,140,140,19838362,6,12,658348,2,6,516750,3,18,1550250,113,113,16774307,6,12,658348,2,6,516750,3,18,1550250
200106,09,005,1,1,Litchfield County             ,84,84,13368329,0,0,0,0,0,0,0,0,0,67,67,10577115,0,0,0,0,0,0,0,0,0
200106,09,007,1,1,Middlesex County              ,81,81,11630508,0,0,0,0,0,0,1,6,80758,73,73,11110002,0,0,0,0,0,0,0,0,0
200106,09,009,1,1,New Haven County              ,129,129,17654858,1,2,63000,0,0,0,2,10,401445,94,94,14455505,0,0,0,0,0,0,0,0,0
200106,09,011,1,1,New London County             ,67,67,9964408,2,4,160000,0,0,0,0,0,0,56,56,8640743,2,4,160000,0,0,0,0,0,0
200106,09,013,1,1,Tolland County                ,66,66,9649467,0,0,0,0,0,0,0,0,0,62,62,8815586,0,0,0,0,0,0,0,0,0
200106,09,015,1,1,Windham County                ,32,32,3010360,0,0,0,0,0,0,0,0,0,21,21,2021156,0,0,0,0,0,0,0,0,0
200106,10,001,3,5,Kent County                   ,101,101,9207165,0,0,0,0,0,0,0,0,0,101,101,9207165,0,0,0,0,0,0,0,0,0
200106,10,003,3,5,New Castle County             ,163,163,13822249,0,0,0,0,0,0,5,46,1676570,0,0,0,0,0,0,0,0,0,0,0,0
200106,10,005,3,5,Sussex County                 ,166,166,20712762,0,0,0,0,0,0,0,0,0,166,166,20712762,0,0,0,0,0,0,0,0,0
200106,11,001,3,5,Washington  DC                ,53,53,6577687,0,0,0,0,0,0,12,176,10462475,53,53,6577687,0,0,0,0,0,0,12,176,10462475
200106,12,001,3,5,Alachua County                ,110,110,12276824,1,2,57594,2,8,609415,4,39,2040018,30,30,3176694,0,0,0,0,0,0,0,0,0
200106,12,003,3,5,Baker County                  ,7,7,756451,0,0,0,0,0,0,0,0,0,7,7,756451,0,0,0,0,0,0,0,0,0
200106,12,005,3,5,Bay County                    ,78,78,9673146,3,6,437376,0,0,0,0,0,0,78,78,9673146,3,6,437376,0,0,0,0,0,0
200106,12,007,3,5,Bradford County               ,6,6,403842,0,0,0,0,0,0,0,0,0, , , , , , , , , , , , 
200106,12,009,3,5,Brevard County                ,380,380,54328099,0,0,0,1,4,3000000,3,30,4358822,194,194,29225392,0,0,0,1,4,3000000,2,25,3934458
200106,12,011,3,5,Broward County                ,827,827,116123543,2,4,187789,13,52,3528431,8,114,11099196,608,608,90610360,2,4,187789,12,48,3237391,5,88,9114980
200106,12,013,3,5,Calhoun County                ,2,2,114413,0,0,0,0,0,0,0,0,0, , , , , , , , , , , , 
200106,12,015,3,5,Charlotte County              ,130,130,17764201,3,6,394120,12,47,3714573,0,0,0,130,130,17764201,3,6,394120,12,47,3714573,0,0,0
200106,12,017,3,5,Citrus County                 ,111,111,7399620,1,2,18364,0,0,0,0,0,0,6,6,368000,0,0,0,0,0,0,0,0,0
200106,12,019,3,5,Clay County                   ,164,164,18177000,0,0,0,0,0,0,0,0,0,164,164,18177000,0,0,0,0,0,0,0,0,0
200106,12,021,3,5,Collier County                ,302,302,49756898,5,10,1535000,21,83,9888000,23,255,16308000,302,302,49756898,5,10,1535000,21,83,9888000,23,255,16308000
200106,12,023,3,5,Columbia County               ,32,32,1964600,0,0,0,0,0,0,0,0,0,32,32,1964600,0,0,0,0,0,0,0,0,0
200106,12,027,3,5,DeSoto County                 ,4,4,537481,1,2,97643,0,0,0,1,5,600135, , , , , , , , , , , , 
200106,12,029,3,5,Dixie County                  ,6,6,800734,0,0,0,0,0,0,0,0,0,6,6,800734,0,0,0,0,0,0,0,0,0
200106,12,031,3,5,Duval County                  ,456,456,60546027,4,8,592500,0,0,0,0,0,0,451,451,60013117,3,6,405000,0,0,0,0,0,0
200106,12,033,3,5,Escambia County               ,110,110,13651803,3,6,380346,0,0,0,0,0,0,110,110,13651803,3,6,380346,0,0,0,0,0,0
200106,12,037,3,5,Franklin County               ,12,12,2135294,0,0,0,0,0,0,0,0,0, , , , , , , , , , , , 
200106,12,039,3,5,Gadsden County                ,5,5,440384,0,0,0,0,0,0,0,0,0,5,5,440384,0,0,0,0,0,0,0,0,0
200106,12,041,3,5,Gilchrist County              ,3,3,403920,0,0,0,0,0,0,0,0,0,3,3,403920,0,0,0,0,0,0,0,0,0
200106,12,045,3,5,Gulf County                   ,11,11,1639820,0,0,0,0,0,0,0,0,0,11,11,1639820,0,0,0,0,0,0,0,0,0
200106,12,047,3,5,Hamilton County               ,1,1,50000,0,0,0,0,0,0,0,0,0,1,1,50000,0,0,0,0,0,0,0,0,0
200106,12,049,3,5,Hardee County                 ,6,6,540245,1,2,50000,0,0,0,0,0,0,5,5,441243,0,0,0,0,0,0,0,0,0
200106,12,051,3,5,Hendry County                 ,8,8,692483,0,0,0,0,0,0,0,0,0, , , , , , , , , , , , 
200106,12,053,3,5,Hernando County               ,108,108,13824032,0,0,0,0,0,0,1,15,289150,108,108,13824032,0,0,0,0,0,0,1,15,289150
200106,12,055,3,5,Highlands County              ,37,37,3252188,0,0,0,0,0,0,0,0,0,36,36,3171630,0,0,0,0,0,0,0,0,0
200106,12,057,3,5,Hillsborough County           ,704,704,63364291,13,26,2436907,2,8,514455,10,276,20429727,704,704,63364291,13,26,2436907,2,8,514455,10,276,20429727
200106,12,059,3,5,Holmes County                 ,2,2,214000,0,0,0,0,0,0,0,0,0,2,2,214000,0,0,0,0,0,0,0,0,0
200106,12,061,3,5,Indian River County           ,102,102,19057491,0,0,0,0,0,0,2,49,4172796,24,24,3338541,0,0,0,0,0,0,0,0,0
200106,12,063,3,5,Jackson County                ,12,12,961725,0,0,0,0,0,0,0,0,0,12,12,961725,0,0,0,0,0,0,0,0,0
200106,12,065,3,5,Jefferson County              ,1,1,96876,0,0,0,0,0,0,0,0,0,1,1,96876,0,0,0,0,0,0,0,0,0
200106,12,067,3,5,Lafayette County              ,3,3,290365,0,0,0,0,0,0,0,0,0,3,3,290365,0,0,0,0,0,0,0,0,0
200106,12,069,3,5,Lake County                   ,325,325,39883130,0,0,0,1,4,245800,0,0,0,308,308,37803923,0,0,0,1,4,245800,0,0,0
200106,12,071,3,5,Lee County                    ,586,586,86995787,23,46,4275541,22,84,11442842,23,386,33954210,412,412,70094343,17,34,3466936,22,84,11442842,22,364,32674647
200106,12,073,3,5,Leon County                   ,87,87,11964007,2,4,253564,0,0,0,4,72,4280103,87,87,11964007,2,4,253564,0,0,0,4,72,4280103
200106,12,075,3,5,Levy County                   ,14,14,1450821,0,0,0,0,0,0,0,0,0,14,14,1450821,0,0,0,0,0,0,0,0,0
200106,12,077,3,5,Liberty County                ,0,0,0,0,0,0,0,0,0,0,0,0, , , , , , , , , , , , 
200106,12,079,3,5,Madison County                ,9,9,653681,0,0,0,0,0,0,0,0,0,8,8,618940,0,0,0,0,0,0,0,0,0
200106,12,081,3,5,Manatee County                ,257,257,34476858,0,0,0,5,20,1900500,0,0,0,257,257,34476858,0,0,0,5,20,1900500,0,0,0
200106,12,083,3,5,Marion County                 ,233,233,35680965,1,2,70000,8,31,417264,0,0,0,17,17,1979734,0,0,0,7,28,324000,0,0,0
200106,12,085,3,5,Martin County                 ,108,108,28308668,0,0,0,0,0,0,0,0,0,108,108,28308668,0,0,0,0,0,0,0,0,0
200106,12,086,3,5,Miami-Dade County             ,598,598,82264276,9,18,1141040,4,16,1028909,12,457,27343239,598,598,82264276,9,18,1141040,4,16,1028909,12,457,27343239
200106,12,089,3,5,Nassau County                 ,84,84,13239718,0,0,0,0,0,0,0,0,0,84,84,13239718,0,0,0,0,0,0,0,0,0
200106,12,091,3,5,Okaloosa County               ,104,104,14107812,1,2,75000,1,4,204651,1,7,335339,37,37,6465304,1,2,75000,0,0,0,0,0,0
200106,12,093,3,5,Okeechobee County             ,9,9,1373353,0,0,0,0,0,0,0,0,0,9,9,1373353,0,0,0,0,0,0,0,0,0
200106,12,095,3,5,Orange County                 ,722,722,88719368,0,0,0,1,4,283000,0,0,0,722,722,88719368,0,0,0,1,4,283000,0,0,0
200106,12,097,3,5,Osceola County                ,328,328,46053977,0,0,0,0,0,0,14,208,12470105,328,328,46053977,0,0,0,0,0,0,14,208,12470105
200106,12,099,3,5,Palm Beach County             ,658,658,100286653,0,0,0,1,4,778100,1,5,621762,650,650,91867907,0,0,0,1,4,778100,1,5,621762
200106,12,101,3,5,Pasco County                  ,401,401,44557891,13,26,3062875,2,6,347500,3,21,1049560,401,401,44557891,13,26,3062875,2,6,347500,3,21,1049560
200106,12,103,3,5,Pinellas County               ,164,164,26414209,1,2,38000,0,0,0,2,60,14982699,163,163,26078313,1,2,38000,0,0,0,1,55,14638212
200106,12,105,3,5,Polk County                   ,328,328,40295529,0,0,0,0,0,0,0,0,0,328,328,40295529,0,0,0,0,0,0,0,0,0
200106,12,107,3,5,Putnam County                 ,27,27,2528231,0,0,0,0,0,0,0,0,0,25,25,2386421,0,0,0,0,0,0,0,0,0
200106,12,109,3,5,St. Johns County              ,222,222,46827063,0,0,0,0,0,0,0,0,0,220,220,46646089,0,0,0,0,0,0,0,0,0
200106,12,111,3,5,St. Lucie County              ,173,173,19417390,4,8,831954,7,21,1487430,3,20,1758280,173,173,19417390,4,8,831954,7,21,1487430,3,20,1758280
200106,12,113,3,5,Santa Rosa County             ,77,77,9556262,0,0,0,0,0,0,1,57,3388415,77,77,9556262,0,0,0,0,0,0,1,57,3388415
200106,12,115,3,5,Sarasota County               ,332,332,55360567,0,0,0,1,4,815000,4,40,2941649,242,242,44355204,0,0,0,1,4,815000,3,32,2833238
200106,12,117,3,5,Seminole County               ,184,184,36703573,1,2,293466,0,0,0,6,72,5872320,160,160,33729793,1,2,293466,0,0,0,6,72,5872320
200106,12,119,3,5,Sumter County                 ,153,153,15091706,0,0,0,0,0,0,0,0,0,153,153,15091706,0,0,0,0,0,0,0,0,0
200106,12,121,3,5,Suwannee County               ,14,14,1237838,0,0,0,0,0,0,0,0,0,14,14,1237838,0,0,0,0,0,0,0,0,0
200106,12,123,3,5,Taylor County                 ,3,3,170000,0,0,0,0,0,0,0,0,0,3,3,170000,0,0,0,0,0,0,0,0,0
200106,12,125,3,5,Union County                  ,2,2,190560,0,0,0,0,0,0,0,0,0,2,2,190560,0,0,0,0,0,0,0,0,0
200106,12,127,3,5,Volusia County                ,315,315,37367298,1,2,75667,2,7,471503,15,335,36380279,243,243,27330081,0,0,0,1,4,293312,13,319,35269912
200106,12,129,3,5,Wakulla County                ,36,36,2203217,0,0,0,0,0,0,0,0,0, , , , , , , , , , , , 
200106,12,131,3,5,Walton County                 ,62,62,13380089,0,0,0,0,0,0,0,0,0,62,62,13380089,0,0,0,0,0,0,0,0,0
200106,12,133,3,5,Washington County             ,4,4,324016,0,0,0,0,0,0,0,0,0,4,4,324016,0,0,0,0,0,0,0,0,0
200106,13,009,3,5,Baldwin County                ,10,10,1046242,1,2,60000,1,3,120000,0,0,0,1,1,43900,1,2,60000,0,0,0,0,0,0
200106,13,013,3,5,Barrow County                 ,101,101,7860203,0,0,0,0,0,0,0,0,0,101,101,7860203,0,0,0,0,0,0,0,0,0
200106,13,015,3,5,Bartow County                 ,111,111,14102276,0,0,0,0,0,0,0,0,0,105,105,13402373,0,0,0,0,0,0,0,0,0
200106,13,027,3,5,Brooks County                 ,4,4,292749,0,0,0,0,0,0,0,0,0, , , , , , , , , , , , 
200106,13,035,3,5,Butts County                  ,38,38,3548000,0,0,0,0,0,0,0,0,0,38,38,3548000,0,0,0,0,0,0,0,0,0
200106,13,039,3,5,Camden County                 ,41,41,3499441,3,6,182717,0,0,0,0,0,0,18,18,1888748,1,2,88650,0,0,0,0,0,0
200106,13,045,3,5,Carroll County                ,141,141,12158661,1,2,160000,1,3,132000,6,55,2618000,42,42,4433381,0,0,0,1,3,132000,6,55,2618000
200106,13,047,3,5,Catoosa County                ,37,37,4441122,0,0,0,1,4,67312,1,5,247195,33,33,4095541,0,0,0,0,0,0,0,0,0
200106,13,057,3,5,Cherokee County               ,306,306,38206143,0,0,0,0,0,0,0,0,0,285,285,36521760,0,0,0,0,0,0,0,0,0
200106,13,063,3,5,Clayton County                ,263,263,34166667,1,2,126782,0,0,0,9,72,2506035,263,263,34166667,1,2,126782,0,0,0,9,72,2506035
200106,13,067,3,5,Cobb County                   ,376,376,55670485,0,0,0,0,0,0,10,138,10124797,376,376,55670485,0,0,0,0,0,0,10,138,10124797
200106,13,069,3,5,Coffee County                 ,8,8,834680,0,0,0,0,0,0,0,0,0,8,8,834680,0,0,0,0,0,0,0,0,0
200106,13,077,3,5,Coweta County                 ,163,163,20245623,1,2,170000,0,0,0,0,0,0,160,160,20042232,1,2,170000,0,0,0,0,0,0
200106,13,085,3,5,Dawson County                 ,26,26,4056203,0,0,0,0,0,0,0,0,0, , , , , , , , , , , , 
200106,13,087,3,5,Decatur County                ,9,9,1142322,0,0,0,0,0,0,0,0,0,9,9,1142322,0,0,0,0,0,0,0,0,0
200106,13,089,3,5,DeKalb County                 ,764,764,94939479,0,0,0,0,0,0,6,218,12959202,764,764,94939479,0,0,0,0,0,0,6,218,12959202
200106,13,091,3,5,Dodge County                  ,6,6,449479,0,0,0,0,0,0,0,0,0,6,6,449479,0,0,0,0,0,0,0,0,0
200106,13,095,3,5,Dougherty County              ,14,14,1436377,0,0,0,0,0,0,0,0,0,14,14,1436377,0,0,0,0,0,0,0,0,0
200106,13,097,3,5,Douglas County                ,115,115,5735430,0,0,0,0,0,0,0,0,0,115,115,5735430,0,0,0,0,0,0,0,0,0
200106,13,113,3,5,Fayette County                ,71,71,12208816,0,0,0,0,0,0,0,0,0,40,40,7539104,0,0,0,0,0,0,0,0,0
200106,13,115,3,5,Floyd County                  ,35,35,4948515,1,2,40000,0,0,0,0,0,0,35,35,4948515,1,2,40000,0,0,0,0,0,0
200106,13,117,3,5,Forsyth County                ,265,265,31794010,0,0,0,0,0,0,0,0,0,265,265,31794010,0,0,0,0,0,0,0,0,0
200106,13,121,3,5,Fulton County                 ,336,336,47714428,1,2,126782,1,4,150000,6,1005,59743108,317,317,43972344,1,2,126782,1,4,150000,6,1005,59743108
200106,13,123,3,5,Gilmer County                 ,43,43,3440000,0,0,0,0,0,0,1,5,125000,0,0,0,0,0,0,0,0,0,0,0,0
200106,13,127,3,5,Glynn County                  ,46,46,5984721,0,0,0,0,0,0,0,0,0,46,46,5984721,0,0,0,0,0,0,0,0,0
200106,13,129,3,5,Gordon County                 ,30,30,2826482,0,0,0,0,0,0,2,11,344757,21,21,2124000,0,0,0,0,0,0,0,0,0
200106,13,133,3,5,Greene County                 ,17,17,4649057,0,0,0,0,0,0,0,0,0,0,0,0,0,0,0,0,0,0,0,0,0
200106,13,135,3,5,Gwinnett County               ,827,827,82511630,0,0,0,0,0,0,12,148,9342083,827,827,82511630,0,0,0,0,0,0,12,148,9342083
200106,13,143,3,5,Haralson County               ,15,15,1760904,0,0,0,0,0,0,0,0,0,15,15,1760904,0,0,0,0,0,0,0,0,0
200106,13,145,3,5,Harris County                 ,26,26,5328560,0,0,0,0,0,0,0,0,0,26,26,5328560,0,0,0,0,0,0,0,0,0
200106,13,151,3,5,Henry County                  ,312,312,29371276,0,0,0,0,0,0,0,0,0,312,312,29371276,0,0,0,0,0,0,0,0,0
200106,13,157,3,5,Jackson County                ,73,73,9732732,4,8,203333,1,4,117778,1,5,125000,12,12,2713700,0,0,0,0,0,0,0,0,0
200106,13,169,3,5,Jones County                  ,17,17,1987500,0,0,0,0,0,0,0,0,0,17,17,1987500,0,0,0,0,0,0,0,0,0
200106,13,173,3,5,Lanier County                 ,1,1,47000,0,0,0,0,0,0,0,0,0,1,1,47000,0,0,0,0,0,0,0,0,0
200106,13,177,3,5,Lee County                    ,28,28,3197771,0,0,0,0,0,0,0,0,0, , , , , , , , , , , , 
200106,13,179,3,5,Liberty County                ,15,15,1162737,0,0,0,0,0,0,0,0,0,15,15,1162737,0,0,0,0,0,0,0,0,0
200106,13,211,3,5,Morgan County                 ,13,13,1757310,0,0,0,0,0,0,0,0,0,13,13,1757310,0,0,0,0,0,0,0,0,0
200106,13,213,3,5,Murray County                 ,17,17,1938298,0,0,0,0,0,0,0,0,0,17,17,1938298,0,0,0,0,0,0,0,0,0
200106,13,215,3,5,Muscogee County               ,41,41,5088399,0,0,0,0,0,0,6,144,8560207,41,41,5088399,0,0,0,0,0,0,6,144,8560207
200106,13,217,3,5,Newton County                 ,143,143,15723218,0,0,0,0,0,0,1,13,364269,5,5,457512,0,0,0,0,0,0,0,0,0
200106,13,223,3,5,Paulding County               ,238,238,17686833,0,0,0,0,0,0,11,66,1999900,238,238,17686833,0,0,0,0,0,0,11,66,1999900
200106,13,227,3,5,Pickens County                ,30,30,3723219,0,0,0,0,0,0,0,0,0,30,30,3723219,0,0,0,0,0,0,0,0,0
200106,13,237,3,5,Putnam County                 ,17,17,2503106,0,0,0,0,0,0,0,0,0, , , , , , , , , , , , 
200106,13,239,3,5,Quitman County                ,0,0,0,0,0,0,0,0,0,0,0,0,0,0,0,0,0,0,0,0,0,0,0,0
200106,13,247,3,5,Rockdale County               ,40,40,5296255,0,0,0,0,0,0,0,0,0,40,40,5296255,0,0,0,0,0,0,0,0,0
200106,13,255,3,5,Spalding County               ,57,57,3832100,0,0,0,0,0,0,0,0,0,57,57,3832100,0,0,0,0,0,0,0,0,0
200106,13,257,3,5,Stephens County               ,7,7,976500,0,0,0,0,0,0,0,0,0,7,7,976500,0,0,0,0,0,0,0,0,0
200106,13,291,3,5,Union County                  ,37,37,3923662,0,0,0,0,0,0,0,0,0, , , , , , , , , , , , 
200106,13,293,3,5,Upson County                  ,8,8,843200,0,0,0,0,0,0,0,0,0,8,8,843200,0,0,0,0,0,0,0,0,0
200106,13,297,3,5,Walton County                 ,117,117,12112827,3,6,350444,0,0,0,0,0,0,5,5,369145,0,0,0,0,0,0,0,0,0
200106,13,313,3,5,Whitfield County              ,35,35,2358155,1,2,41200,4,16,560000,2,16,646667,10,10,1108000,0,0,0,4,16,560000,1,8,380000
200106,15,001,4,9,Hawaii County                 ,109,109,22518641,0,0,0,0,0,0,0,0,0,109,109,22518641,0,0,0,0,0,0,0,0,0
200106,15,003,4,9,Honolulu County               ,86,86,17126487,0,0,0,0,0,0,11,82,10312508,86,86,17126487,0,0,0,0,0,0,11,82,10312508
200106,15,007,4,9,Kauai County                  ,41,41,10845560,0,0,0,0,0,0,0,0,0,41,41,10845560,0,0,0,0,0,0,0,0,0
200106,15,009,4,9,Maui County                   ,47,47,7315061,1,2,199812,0,0,0,0,0,0,47,47,7315061,1,2,199812,0,0,0,0,0,0
200106,16,017,4,8,Bonner County                 ,2,2,206414,0,0,0,1,3,280000,0,0,0,2,2,206414,0,0,0,1,3,280000,0,0,0
200106,16,019,4,8,Bonneville County             ,48,48,4346105,2,4,266420,0,0,0,0,0,0,37,37,3519147,0,0,0,0,0,0,0,0,0
200106,17,009,2,3,Brown County                  ,2,2,123500,0,0,0,0,0,0,0,0,0,2,2,123500,0,0,0,0,0,0,0,0,0
200106,17,023,2,3,Clark County                  ,0,0,0,0,0,0,0,0,0,0,0,0,0,0,0,0,0,0,0,0,0,0,0,0
200106,17,027,2,3,Clinton County                ,10,10,1410260,0,0,0,0,0,0,0,0,0,6,6,796712,0,0,0,0,0,0,0,0,0
200106,17,031,2,3,Cook County                   ,659,659,112266246,8,16,1443625,44,144,11246460,32,410,30957090,482,482,85926138,1,2,268000,4,16,1531600,13,75,11494000
200106,17,037,2,3,DeKalb County                 ,28,28,3929159,5,10,612100,1,3,140292,2,12,549633,23,23,3196712,0,0,0,0,0,0,0,0,0
200106,17,043,2,3,DuPage County                 ,244,244,56048499,3,6,1064000,1,4,600000,5,62,2994692,208,208,47481900,3,6,1064000,1,4,600000,4,56,2750000
200106,17,063,2,3,Grundy County                 ,22,22,3132811,1,2,201000,0,0,0,0,0,0,8,8,854000,0,0,0,0,0,0,0,0,0
200106,17,083,2,3,Jersey County                 ,10,10,1130631,0,0,0,0,0,0,0,0,0,2,2,206797,0,0,0,0,0,0,0,0,0
200106,17,089,2,3,Kane County                   ,496,496,109845033,0,0,0,2,8,560000,8,54,4232572,447,447,103129053,0,0,0,2,8,560000,8,54,4232572
200106,17,091,2,3,Kankakee County               ,35,35,5077458,1,2,183259,0,0,0,0,0,0,31,31,4567509,0,0,0,0,0,0,0,0,0
200106,17,093,2,3,Kendall County                ,70,70,9865209,4,8,529250,1,3,131250,0,0,0,4,4,1155000,0,0,0,0,0,0,0,0,0
200106,17,097,2,3,Lake County                   ,299,299,55269148,0,0,0,0,0,0,12,164,11957518,225,225,36950268,0,0,0,0,0,0,10,142,11115363
200106,17,109,2,3,McDonough County              ,2,2,385000,0,0,0,0,0,0,0,0,0,2,2,385000,0,0,0,0,0,0,0,0,0
200106,17,111,2,3,McHenry County                ,360,360,50010024,2,4,446400,1,4,304533,0,0,0,261,261,38933265,1,2,180000,0,0,0,0,0,0
200106,17,119,2,3,Madison County                ,78,78,10552156,4,8,903220,2,8,292000,2,13,1840810,61,61,8820209,3,6,778490,2,8,292000,1,8,1261000
200106,17,133,2,3,Monroe County                 ,19,19,2890814,1,2,165084,0,0,0,0,0,0,3,3,506000,0,0,0,0,0,0,0,0,0
200106,17,163,2,3,St. Clair County              ,95,95,12826994,0,0,0,0,0,0,2,14,455400,65,65,8917545,0,0,0,0,0,0,1,9,195000
200106,17,197,2,3,Will County                   ,668,668,97349360,2,4,311000,4,14,1554432,2,11,875000,616,616,86256923,2,4,311000,3,11,1333182,1,6,700000
200106,18,003,2,3,Allen County                  ,173,173,26683886,5,10,848630,0,0,0,2,12,485000,173,173,26683886,5,10,848630,0,0,0,2,12,485000
200106,18,011,2,3,Boone County                  ,42,42,8625115,4,8,768000,0,0,0,0,0,0,17,17,3293050,4,8,768000,0,0,0,0,0,0
200106,18,013,2,3,Brown County                  ,16,16,957409,0,0,0,0,0,0,0,0,0, , , , , , , , , , , , 
200106,18,019,2,3,Clark County                  ,69,69,6765686,1,2,107875,0,0,0,0,0,0,17,17,1670932,0,0,0,0,0,0,0,0,0
200106,18,027,2,3,Daviess County                ,1,1,116943,0,0,0,0,0,0,0,0,0,1,1,116943,0,0,0,0,0,0,0,0,0
200106,18,029,2,3,Dearborn County               ,34,34,5074192,0,0,0,0,0,0,0,0,0,33,33,5020825,0,0,0,0,0,0,0,0,0
200106,18,031,2,3,Decatur County                ,9,9,1309320,0,0,0,0,0,0,0,0,0,7,7,1094000,0,0,0,0,0,0,0,0,0
200106,18,033,2,3,De Kalb County                ,28,28,3908716,0,0,0,0,0,0,0,0,0,28,28,3908716,0,0,0,0,0,0,0,0,0
200106,18,041,2,3,Fayette County                ,8,8,888000,0,0,0,0,0,0,0,0,0,8,8,888000,0,0,0,0,0,0,0,0,0
200106,18,043,2,3,Floyd County                  ,41,41,6416600,1,2,90000,0,0,0,0,0,0,41,41,6416600,1,2,90000,0,0,0,0,0,0
200106,18,047,2,3,Franklin County               ,17,17,1952000,0,0,0,0,0,0,0,0,0,17,17,1952000,0,0,0,0,0,0,0,0,0
200106,18,057,2,3,Hamilton County               ,398,398,70030645,1,2,222000,0,0,0,18,323,14736691,337,337,61174432,1,2,222000,0,0,0,17,318,14412048
200106,18,059,2,3,Hancock County                ,87,87,11871284,0,0,0,0,0,0,0,0,0,87,87,11871284,0,0,0,0,0,0,0,0,0
200106,18,061,2,3,Harrison County               ,14,14,2222000,0,0,0,0,0,0,0,0,0,14,14,2222000,0,0,0,0,0,0,0,0,0
200106,18,063,2,3,Hendricks County              ,208,208,27672938,7,14,1399059,0,0,0,0,0,0,154,154,21931619,5,10,1079850,0,0,0,0,0,0
200106,18,069,2,3,Huntington County             ,12,12,1522500,0,0,0,0,0,0,0,0,0,12,12,1522500,0,0,0,0,0,0,0,0,0
200106,18,079,2,3,Jennings County               ,19,19,1410501,0,0,0,0,0,0,0,0,0,19,19,1410501,0,0,0,0,0,0,0,0,0
200106,18,081,2,3,Johnson County                ,147,147,22352246,1,2,97625,0,0,0,0,0,0,95,95,12172403,0,0,0,0,0,0,0,0,0
200106,18,087,2,3,Lagrange County               ,25,25,1943923,0,0,0,0,0,0,0,0,0, , , , , , , , , , , , 
200106,18,089,2,3,Lake County                   ,197,197,28401907,3,6,673588,1,4,290000,1,10,800000,175,175,24244226,3,6,673588,1,4,290000,1,10,800000
200106,18,095,2,3,Madison County                ,80,80,5003800,0,0,0,0,0,0,0,0,0,77,77,4698234,0,0,0,0,0,0,0,0,0
200106,18,097,2,3,Marion County                 ,520,520,75824216,10,20,1715612,5,20,1480724,4,94,5140684,520,520,75824216,10,20,1715612,5,20,1480724,4,94,5140684
200106,18,105,2,3,Monroe County                 ,43,43,6200949,3,6,425372,0,0,0,0,0,0,42,42,6125948,2,4,343122,0,0,0,0,0,0
200106,18,107,2,3,Montgomery County             ,13,13,1305641,0,0,0,0,0,0,0,0,0, , , , , , , , , , , , 
200106,18,109,2,3,Morgan County                 ,50,50,6406193,0,0,0,0,0,0,0,0,0,50,50,6406193,0,0,0,0,0,0,0,0,0
200106,18,115,2,3,Ohio County                   ,1,1,40000,0,0,0,0,0,0,0,0,0,0,0,0,0,0,0,0,0,0,0,0,0
200106,18,127,2,3,Porter County                 ,84,84,14681521,8,16,1391041,0,0,0,0,0,0,61,61,12369210,8,16,1391041,0,0,0,0,0,0
200106,18,135,2,3,Randolph County               ,6,6,441000,0,0,0,0,0,0,0,0,0,6,6,441000,0,0,0,0,0,0,0,0,0
200106,18,143,2,3,Scott County                  ,10,10,585452,1,2,45000,0,0,0,1,7,267646,1,1,60000,0,0,0,0,0,0,0,0,0
200106,18,145,2,3,Shelby County                 ,16,16,3195500,1,2,150000,0,0,0,0,0,0,16,16,3195500,1,2,150000,0,0,0,0,0,0
200106,18,157,2,3,Tippecanoe County             ,82,82,11372746,0,0,0,0,0,0,1,36,2715000,82,82,11372746,0,0,0,0,0,0,1,36,2715000
200106,18,163,2,3,Vanderburgh County            ,64,64,5768000,3,6,200000,0,0,0,0,0,0,64,64,5768000,3,6,200000,0,0,0,0,0,0
200106,18,179,2,3,Wells County                  ,8,8,1166847,0,0,0,0,0,0,0,0,0,8,8,1166847,0,0,0,0,0,0,0,0,0
200106,18,181,2,3,White County                  ,15,15,1445788,0,0,0,0,0,0,0,0,0, , , , , , , , , , , , 
200106,20,025,2,4,Clark County                  ,0,0,0,0,0,0,0,0,0,0,0,0,0,0,0,0,0,0,0,0,0,0,0,0
200106,20,063,2,4,Gove County                   ,0,0,0,0,0,0,0,0,0,0,0,0,0,0,0,0,0,0,0,0,0,0,0,0
200106,20,091,2,4,Johnson County                ,293,293,49688077,3,6,403488,1,4,160000,2,40,1485000,288,288,48651237,3,6,403488,1,4,160000,2,40,1485000
200106,20,103,2,4,Leavenworth County            ,59,59,3466728,2,4,260044,0,0,0,0,0,0,59,59,3466728,2,4,260044,0,0,0,0,0,0
200106,20,105,2,4,Lincoln County                ,0,0,0,0,0,0,0,0,0,0,0,0,0,0,0,0,0,0,0,0,0,0,0,0
200106,20,121,2,4,Miami County                  ,15,15,2583294,0,0,0,0,0,0,0,0,0,2,2,580476,0,0,0,0,0,0,0,0,0
200106,20,187,2,4,Stanton County                ,0,0,0,0,0,0,0,0,0,0,0,0,0,0,0,0,0,0,0,0,0,0,0,0
200106,20,209,2,4,Wyandotte County              ,17,17,2141774,0,0,0,0,0,0,0,0,0,2,2,235911,0,0,0,0,0,0,0,0,0
200106,21,015,3,6,Boone County                  ,149,149,14623699,0,0,0,0,0,0,0,0,0,149,149,14623699,0,0,0,0,0,0,0,0,0
200106,21,021,3,6,Boyle County                  ,9,9,1102000,0,0,0,0,0,0,0,0,0,9,9,1102000,0,0,0,0,0,0,0,0,0
200106,21,029,3,6,Bullitt County                ,70,70,7970155,0,0,0,0,0,0,1,10,350000,70,70,7970155,0,0,0,0,0,0,1,10,350000
200106,21,035,3,6,Calloway County               ,1,1,200000,0,0,0,0,0,0,0,0,0,1,1,200000,0,0,0,0,0,0,0,0,0
200106,21,037,3,6,Campbell County               ,26,26,3216943,0,0,0,0,0,0,1,15,950000,12,12,1415000,0,0,0,0,0,0,1,15,950000
200106,21,049,3,6,Clark County                  ,22,22,2702485,0,0,0,0,0,0,1,5,112667, , , , , , , , , , , , 
200106,21,067,3,6,Fayette County                ,132,132,16382163,16,32,2028514,0,0,0,0,0,0,132,132,16382163,16,32,2028514,0,0,0,0,0,0
200106,21,073,3,6,Franklin County               ,12,12,1462294,0,0,0,0,0,0,1,5,246952, , , , , , , , , , , , 
200106,21,077,3,6,Gallatin County               ,0,0,0,0,0,0,0,0,0,0,0,0,0,0,0,0,0,0,0,0,0,0,0,0
200106,21,081,3,6,Grant County                  ,16,16,1713765,2,4,174800,2,7,363125,0,0,0, , , , , , , , , , , , 
200106,21,097,3,6,Harrison County               ,6,6,420004,0,0,0,0,0,0,0,0,0, , , , , , , , , , , , 
200106,21,099,3,6,Hart County                   ,5,5,441980,0,0,0,0,0,0,0,0,0,5,5,441980,0,0,0,0,0,0,0,0,0
200106,21,111,3,6,Jefferson County              ,251,251,30900068,0,0,0,0,0,0,1,12,465000,251,251,30900068,0,0,0,0,0,0,1,12,465000
200106,21,113,3,6,Jessamine County              ,36,36,4755680,7,14,549573,0,0,0,0,0,0,12,12,2976000,0,0,0,0,0,0,0,0,0
200106,21,117,3,6,Kenton County                 ,74,74,7899137,0,0,0,0,0,0,2,10,351190,46,46,5404549,0,0,0,0,0,0,0,0,0
200106,21,123,3,6,Larue County                  ,9,9,360409,1,2,68233,0,0,0,0,0,0, , , , , , , , , , , , 
200106,21,125,3,6,Laurel County                 ,3,3,285000,0,0,0,4,16,650000,0,0,0,3,3,285000,0,0,0,4,16,650000,0,0,0
200106,21,157,3,6,Marshall County               ,12,12,1229189,0,0,0,1,3,212000,0,0,0, , , , , , , , , , , , 
200106,21,161,3,6,Mason County                  ,0,0,0,0,0,0,0,0,0,0,0,0,0,0,0,0,0,0,0,0,0,0,0,0
200106,21,167,3,6,Mercer County                 ,12,12,1729805,0,0,0,0,0,0,0,0,0,12,12,1729805,0,0,0,0,0,0,0,0,0
200106,21,179,3,6,Nelson County                 ,30,30,3025000,0,0,0,0,0,0,0,0,0,30,30,3025000,0,0,0,0,0,0,0,0,0
200106,21,185,3,6,Oldham County                 ,64,64,7942867,0,0,0,1,4,257227,1,15,891688,64,64,7942867,0,0,0,1,4,257227,1,15,891688
200106,21,191,3,6,Pendleton County              ,0,0,0,0,0,0,0,0,0,0,0,0, , , , , , , , , , , , 
200106,21,209,3,6,Scott County                  ,19,19,2455327,1,2,68000,0,0,0,0,0,0, , , , , , , , , , , , 
200106,21,211,3,6,Shelby County                 ,39,39,5760516,0,0,0,0,0,0,0,0,0,39,39,5760516,0,0,0,0,0,0,0,0,0
200106,21,213,3,6,Simpson County                ,13,13,930200,0,0,0,0,0,0,0,0,0,13,13,930200,0,0,0,0,0,0,0,0,0
200106,21,239,3,6,Woodford County               ,16,16,2680571,0,0,0,0,0,0,0,0,0, , , , , , , , , , , , 
200106,22,007,3,7,Assumption Parish             ,7,7,752367,0,0,0,0,0,0,0,0,0, , , , , , , , , , , , 
200106,22,071,3,7,Orleans Parish                ,43,43,5336614,4,8,507129,0,0,0,0,0,0,43,43,5336614,4,8,507129,0,0,0,0,0,0
200106,22,087,3,7,St. Bernard Parish            ,10,10,769890,0,0,0,0,0,0,0,0,0,10,10,769890,0,0,0,0,0,0,0,0,0
200106,22,089,3,7,St. Charles Parish            ,10,10,1894000,0,0,0,0,0,0,0,0,0,10,10,1894000,0,0,0,0,0,0,0,0,0
200106,22,109,3,7,Terrebonne Parish             ,39,39,3450575,0,0,0,0,0,0,0,0,0,39,39,3450575,0,0,0,0,0,0,0,0,0
200106,24,003,3,5,Anne Arundel County           ,167,167,20098278,0,0,0,0,0,0,4,52,3091186,154,154,19112524,0,0,0,0,0,0,4,52,3091186
200106,24,005,3,5,Baltimore County              ,156,156,19360738,0,0,0,0,0,0,11,172,10224691,156,156,19360738,0,0,0,0,0,0,11,172,10224691
200106,24,009,3,5,Calvert County                ,73,73,9059833,0,0,0,0,0,0,0,0,0,73,73,9059833,0,0,0,0,0,0,0,0,0
200106,24,013,3,5,Carroll County                ,135,135,15614259,0,0,0,0,0,0,0,0,0,135,135,15614259,0,0,0,0,0,0,0,0,0
200106,24,015,3,5,Cecil County                  ,66,66,8476015,0,0,0,0,0,0,0,0,0,66,66,8476015,0,0,0,0,0,0,0,0,0
200106,24,017,3,5,Charles County                ,154,154,18538532,0,0,0,0,0,0,0,0,0,154,154,18538532,0,0,0,0,0,0,0,0,0
200106,24,021,3,5,Frederick County              ,195,195,25681952,0,0,0,0,0,0,0,0,0,195,195,25681952,0,0,0,0,0,0,0,0,0
200106,24,023,3,5,Garrett County                ,18,18,4432116,0,0,0,0,0,0,0,0,0,18,18,4432116,0,0,0,0,0,0,0,0,0
200106,24,025,3,5,Harford County                ,229,229,28078830,0,0,0,0,0,0,1,16,951134,223,223,27543605,0,0,0,0,0,0,1,16,951134
200106,24,027,3,5,Howard County                 ,70,70,8687511,0,0,0,0,0,0,0,0,0,70,70,8687511,0,0,0,0,0,0,0,0,0
200106,24,031,3,5,Montgomery County             ,280,280,36009014,9,18,1102500,1,4,228439,16,488,23242614,47,47,4833931,9,18,1102500,0,0,0,14,394,17904984
200106,24,033,3,5,Prince George's County        ,408,408,50563361,0,0,0,0,0,0,0,0,0,405,405,50263455,0,0,0,0,0,0,0,0,0
200106,24,035,3,5,Queen Anne's County           ,45,45,5791292,0,0,0,0,0,0,0,0,0,45,45,5791292,0,0,0,0,0,0,0,0,0
200106,24,039,3,5,Somerset County               ,3,3,283775,0,0,0,0,0,0,0,0,0, , , , , , , , , , , , 
200106,24,043,3,5,Washington County             ,80,80,8791760,0,0,0,0,0,0,0,0,0,80,80,8791760,0,0,0,0,0,0,0,0,0
200106,24,510,3,5,Baltimore (Independent City)  ,58,58,7198223,0,0,0,0,0,0,0,0,0,58,58,7198223,0,0,0,0,0,0,0,0,0
200106,25,009,1,1,Essex County                  ,108,108,16118903,3,6,454000,2,7,950000,5,236,23475156,73,73,10275384,2,4,144000,1,4,650000,5,236,23475156
200106,25,017,1,1,Middlesex County              ,188,188,36429895,3,6,282883,0,0,0,2,39,2097925,122,122,24972920,1,2,112000,0,0,0,0,0,0
200106,25,019,1,1,Nantucket County              ,20,20,7280500,0,0,0,0,0,0,0,0,0,20,20,7280500,0,0,0,0,0,0,0,0,0
200106,25,021,1,1,Norfolk County                ,96,96,23335550,0,0,0,0,0,0,2,10,1512623,70,70,16276217,0,0,0,0,0,0,0,0,0
200106,25,023,1,1,Plymouth County               ,108,108,17283979,1,2,95400,0,0,0,1,5,316406,66,66,11440403,1,2,95400,0,0,0,0,0,0
200106,25,025,1,1,Suffolk County                ,10,10,2148000,7,14,1061500,4,14,1378000,0,0,0,10,10,2148000,7,14,1061500,4,14,1378000,0,0,0
200106,26,000,2,3,Michigan Balance of State     ,25,25,1330510,0,0,0,0,0,0,0,0,0, , , , , , , , , , , , 
200106,26,005,2,3,Allegan County                ,68,68,9036579,2,4,285000,0,0,0,0,0,0,40,40,6675512,1,2,160000,0,0,0,0,0,0
200106,26,009,2,3,Antrim County                 ,43,43,4862132,0,0,0,0,0,0,0,0,0,43,43,4862132,0,0,0,0,0,0,0,0,0
200106,26,019,2,3,Benzie County                 ,25,25,3006000,0,0,0,0,0,0,0,0,0,25,25,3006000,0,0,0,0,0,0,0,0,0
200106,26,029,2,3,Charlevoix County             ,42,42,6260124,0,0,0,0,0,0,0,0,0, , , , , , , , , , , , 
200106,26,031,2,3,Cheboygan County              ,26,26,3432000,0,0,0,0,0,0,0,0,0,26,26,3432000,0,0,0,0,0,0,0,0,0
200106,26,043,2,3,Dickinson County              ,14,14,1190059,0,0,0,0,0,0,0,0,0,14,14,1190059,0,0,0,0,0,0,0,0,0
200106,26,049,2,3,Genesee County                ,171,171,22580467,0,0,0,0,0,0,1,11,299167,150,150,19969228,0,0,0,0,0,0,0,0,0
200106,26,051,2,3,Gladwin County                ,23,23,2573208,0,0,0,0,0,0,0,0,0,23,23,2573208,0,0,0,0,0,0,0,0,0
200106,26,059,2,3,Hillsdale County              ,31,31,2849023,0,0,0,0,0,0,1,5,204800,7,7,752414,0,0,0,0,0,0,0,0,0
200106,26,079,2,3,Kalkaska County               ,28,28,2439320,0,0,0,0,0,0,0,0,0,28,28,2439320,0,0,0,0,0,0,0,0,0
200106,26,081,2,3,Kent County                   ,373,373,46592408,1,2,278167,7,25,874000,0,0,0,331,331,41328074,0,0,0,6,22,544000,0,0,0
200106,26,087,2,3,Lapeer County                 ,55,55,7580587,0,0,0,0,0,0,0,0,0,48,48,6663450,0,0,0,0,0,0,0,0,0
200106,26,089,2,3,Leelanau County               ,25,25,3202572,0,0,0,0,0,0,0,0,0,25,25,3202572,0,0,0,0,0,0,0,0,0
200106,26,091,2,3,Lenawee County                ,53,53,6908979,1,2,196000,1,3,100000,0,0,0,15,15,2784895,0,0,0,1,3,100000,0,0,0
200106,26,093,2,3,Livingston County             ,160,160,23077521,0,0,0,0,0,0,0,0,0,143,143,19193497,0,0,0,0,0,0,0,0,0
200106,26,099,2,3,Macomb County                 ,486,486,61265172,3,6,744946,5,19,1367954,7,59,3843657,427,427,52986376,0,0,0,5,19,1367954,5,42,3079157
200106,26,113,2,3,Missaukee County              ,8,8,895029,0,0,0,0,0,0,0,0,0,8,8,895029,0,0,0,0,0,0,0,0,0
200106,26,115,2,3,Monroe County                 ,78,78,10992424,1,2,76321,0,0,0,2,11,347877,61,61,9182589,0,0,0,0,0,0,0,0,0
200106,26,119,2,3,Montmorency County            ,15,15,1875000,0,0,0,0,0,0,0,0,0,15,15,1875000,0,0,0,0,0,0,0,0,0
200106,26,121,2,3,Muskegon County               ,66,66,8839356,0,0,0,0,0,0,0,0,0,47,47,6541929,0,0,0,0,0,0,0,0,0
200106,26,125,2,3,Oakland County                ,401,401,83435302,8,16,1559245,1,4,296145,3,21,1267888,320,320,68071917,4,8,686245,1,4,296145,0,0,0
200106,26,129,2,3,Ogemaw County                 ,15,15,823713,0,0,0,0,0,0,0,0,0, , , , , , , , , , , , 
200106,26,135,2,3,Oscoda County                 ,8,8,698400,0,0,0,0,0,0,0,0,0,8,8,698400,0,0,0,0,0,0,0,0,0
200106,26,137,2,3,Otsego County                 ,34,34,4343353,1,2,152375,0,0,0,0,0,0, , , , , , , , , , , , 
200106,26,139,2,3,Ottawa County                 ,166,166,23987914,2,4,405000,0,0,0,11,78,3550200,72,72,11037687,2,4,405000,0,0,0,6,48,2041000
200106,26,141,2,3,Presque Isle County           ,15,15,1449443,0,0,0,0,0,0,0,0,0, , , , , , , , , , , , 
200106,26,147,2,3,St. Clair County              ,89,89,10841128,0,0,0,0,0,0,1,5,534954,70,70,9013619,0,0,0,0,0,0,1,5,534954
200106,26,153,2,3,Schoolcraft County            ,11,11,504320,0,0,0,0,0,0,0,0,0,11,11,504320,0,0,0,0,0,0,0,0,0
200106,26,161,2,3,Washtenaw County              ,193,193,31322516,0,0,0,2,8,324000,1,6,240000,75,75,13297562,0,0,0,2,8,324000,1,6,240000
200106,26,163,2,3,Wayne County                  ,261,261,32579459,4,8,814683,7,26,2016809,14,112,6713227,212,212,26712193,4,8,814683,6,23,1670543,10,84,4593803
200106,27,003,2,4,Anoka County                  ,179,179,28563823,0,0,0,1,4,280000,1,5,570000,175,175,27950030,0,0,0,1,4,280000,0,0,0
200106,27,019,2,4,Carver County                 ,81,81,16563832,0,0,0,1,4,527000,4,24,2346994,81,81,16563832,0,0,0,1,4,527000,4,24,2346994
200106,27,025,2,4,Chisago County                ,61,61,7408797,0,0,0,0,0,0,0,0,0,61,61,7408797,0,0,0,0,0,0,0,0,0
200106,27,031,2,4,Cook County                   ,14,14,1313206,1,2,100000,1,3,385714,0,0,0,2,2,185000,1,2,100000,0,0,0,0,0,0
200106,27,037,2,4,Dakota County                 ,197,197,34920723,0,0,0,3,10,1031500,7,56,5358572,180,180,32282339,0,0,0,2,7,744000,7,56,5358572
200106,27,053,2,4,Hennepin County               ,270,270,58672875,1,2,400000,3,11,1573524,3,32,3578316,264,264,57154233,1,2,400000,3,11,1573524,3,32,3578316
200106,27,059,2,4,Isanti County                 ,51,51,5406840,1,2,190000,0,0,0,0,0,0,35,35,3690000,0,0,0,0,0,0,0,0,0
200106,27,109,2,4,Olmsted County                ,90,90,12826329,4,8,894213,3,12,963257,2,35,1526894,29,29,4161993,0,0,0,0,0,0,0,0,0
200106,27,123,2,4,Ramsey County                 ,43,43,9502918,6,12,1274816,4,15,1650000,1,7,761250,40,40,8581689,4,8,686245,0,0,0,0,0,0
200106,27,139,2,4,Scott County                  ,170,170,33757401,0,0,0,0,0,0,2,32,1200000,170,170,33757401,0,0,0,0,0,0,2,32,1200000
200106,27,141,2,4,Sherburne County              ,101,101,14419835,0,0,0,0,0,0,0,0,0,93,93,13467801,0,0,0,0,0,0,0,0,0
200106,27,163,2,4,Washington County             ,191,191,36236962,2,4,477000,2,7,540890,2,14,1293616,190,190,35902850,2,4,477000,2,7,540890,2,14,1293616
200106,27,171,2,4,Wright County                 ,132,132,18425010,0,0,0,2,8,944000,2,10,886688,110,110,15747593,0,0,0,2,8,944000,1,5,631000
200106,28,025,3,6,Clay County                   ,2,2,183040,0,0,0,0,0,0,0,0,0, , , , , , , , , , , , 
200106,28,033,3,6,DeSoto County                 ,171,171,16579773,0,0,0,0,0,0,2,10,520900,114,114,10027400,0,0,0,0,0,0,0,0,0
200106,28,037,3,6,Franklin County               ,0,0,0,0,0,0,0,0,0,0,0,0,0,0,0,0,0,0,0,0,0,0,0,0
200106,28,039,3,6,George County                 ,0,0,0,0,0,0,0,0,0,0,0,0,0,0,0,0,0,0,0,0,0,0,0,0
200106,28,043,3,6,Grenada County                ,5,5,255440,0,0,0,0,0,0,7,56,2743105,5,5,255440,0,0,0,0,0,0,7,56,2743105
200106,28,047,3,6,Harrison County               ,73,73,9193598,0,0,0,0,0,0,0,0,0,73,73,9193598,0,0,0,0,0,0,0,0,0
200106,28,071,3,6,Lafayette County              ,10,10,1532000,0,0,0,0,0,0,0,0,0,10,10,1532000,0,0,0,0,0,0,0,0,0
200106,28,085,3,6,Lincoln County                ,4,4,138980,0,0,0,0,0,0,0,0,0,4,4,138980,0,0,0,0,0,0,0,0,0
200106,28,131,3,6,Stone County                  ,1,1,60500,0,0,0,0,0,0,0,0,0, , , , , , , , , , , , 
200106,28,149,3,6,Warren County                 ,1,1,118291,0,0,0,0,0,0,1,5,125000, , , , , , , , , , , , 
200106,28,153,3,6,Wayne County                  ,1,1,35000,0,0,0,0,0,0,0,0,0,1,1,35000,0,0,0,0,0,0,0,0,0
200106,28,159,3,6,Winston County                ,0,0,0,0,0,0,0,0,0,0,0,0,0,0,0,0,0,0,0,0,0,0,0,0
200106,28,163,3,6,Yazoo County                  ,1,1,66845,0,0,0,0,0,0,0,0,0, , , , , , , , , , , , 
200106,29,011,2,4,Barton County                 ,2,2,100998,0,0,0,0,0,0,0,0,0, , , , , , , , , , , , 
200106,29,019,2,4,Boone County                  ,82,82,10219167,5,10,385000,0,0,0,0,0,0,82,82,10219167,5,10,385000,0,0,0,0,0,0
200106,29,023,2,4,Butler County                 ,2,2,79000,0,0,0,0,0,0,0,0,0,2,2,79000,0,0,0,0,0,0,0,0,0
200106,29,031,2,4,Cape Girardeau County         ,15,15,2172957,1,2,138200,0,0,0,0,0,0,5,5,989000,0,0,0,0,0,0,0,0,0
200106,29,035,2,4,Carter County                 ,0,0,0,0,0,0,0,0,0,0,0,0, , , , , , , , , , , , 
200106,29,037,2,4,Cass County                   ,48,48,5759993,0,0,0,0,0,0,0,0,0,48,48,5759993,0,0,0,0,0,0,0,0,0
200106,29,047,2,4,Clay County                   ,27,27,3613854,0,0,0,0,0,0,0,0,0,27,27,3613854,0,0,0,0,0,0,0,0,0
200106,29,049,2,4,Clinton County                ,11,11,1210408,0,0,0,0,0,0,0,0,0,11,11,1210408,0,0,0,0,0,0,0,0,0
200106,29,071,2,4,Franklin County               ,59,59,12679419,2,4,260074,6,24,600000,5,40,3000000,56,56,12434455,2,4,260074,6,24,600000,5,40,3000000
200106,29,077,2,4,Greene County                 ,178,178,22438396,0,0,0,0,0,0,0,0,0,178,178,22438396,0,0,0,0,0,0,0,0,0
200106,29,095,2,4,Jackson County                ,306,306,38493177,2,4,411452,6,23,1702833,0,0,0,304,304,38169805,2,4,411452,6,23,1702833,0,0,0
200106,29,099,2,4,Jefferson County              ,116,116,12275817,0,0,0,0,0,0,0,0,0,112,112,11889576,0,0,0,0,0,0,0,0,0
200106,29,105,2,4,Laclede County                ,8,8,688606,1,2,100000,0,0,0,0,0,0, , , , , , , , , , , , 
200106,29,107,2,4,Lafayette County              ,3,3,175000,0,0,0,0,0,0,0,0,0,3,3,175000,0,0,0,0,0,0,0,0,0
200106,29,111,2,4,Lewis County                  ,0,0,0,0,0,0,0,0,0,0,0,0, , , , , , , , , , , , 
200106,29,113,2,4,Lincoln County                ,5,5,515456,0,0,0,0,0,0,0,0,0,5,5,515456,0,0,0,0,0,0,0,0,0
200106,29,129,2,4,Mercer County                 ,0,0,0,0,0,0,0,0,0,0,0,0,0,0,0,0,0,0,0,0,0,0,0,0
200106,29,165,2,4,Platte County                 ,35,35,8128409,3,6,480000,0,0,0,0,0,0,34,34,7990572,3,6,480000,0,0,0,0,0,0
200106,29,167,2,4,Polk County                   ,4,4,347923,1,2,119000,0,0,0,0,0,0,4,4,347923,1,2,119000,0,0,0,0,0,0
200106,29,177,2,4,Ray County                    ,9,9,866000,0,0,0,1,4,70000,0,0,0,9,9,866000,0,0,0,1,4,70000,0,0,0
200106,29,183,2,4,St. Charles County            ,291,291,37338477,4,8,566000,2,7,520000,0,0,0,291,291,37338477,4,8,566000,2,7,520000,0,0,0
200106,29,189,2,4,St. Louis County              ,179,179,31582481,9,18,1544050,0,0,0,3,34,2093636,152,152,27631934,9,18,1544050,0,0,0,1,11,601569
200106,29,211,2,4,Sullivan County               ,0,0,0,0,0,0,0,0,0,0,0,0,0,0,0,0,0,0,0,0,0,0,0,0
200106,29,510,2,4,St. Louis (Independent City)  ,6,6,875135,0,0,0,0,0,0,0,0,0,6,6,875135,0,0,0,0,0,0,0,0,0
200106,30,029,4,8,Flathead County               ,28,28,3272792,1,2,110188,0,0,0,0,0,0,22,22,2314927,0,0,0,0,0,0,0,0,0
200106,30,093,4,8,Silver Bow County             ,2,2,237448,0,0,0,0,0,0,0,0,0,2,2,237448,0,0,0,0,0,0,0,0,0
200106,31,001,2,4,Adams County                  ,4,4,495000,0,0,0,0,0,0,0,0,0,4,4,495000,0,0,0,0,0,0,0,0,0
200106,31,077,2,4,Greeley County                ,0,0,0,0,0,0,0,0,0,0,0,0, , , , , , , , , , , , 
200106,32,001,4,8,Churchill County              ,5,5,555269,0,0,0,0,0,0,0,0,0,5,5,555269,0,0,0,0,0,0,0,0,0
200106,32,003,4,8,Clark County                  ,1984,1984,222575565,0,0,0,4,16,1299900,20,312,11985255,1984,1984,222575565,0,0,0,4,16,1299900,20,312,11985255
200106,32,005,4,8,Douglas County                ,58,58,10570642,0,0,0,7,28,1691188,2,12,724196,58,58,10570642,0,0,0,7,28,1691188,2,12,724196
200106,32,007,4,8,Elko County                   ,9,9,985774,0,0,0,0,0,0,0,0,0,3,3,330000,0,0,0,0,0,0,0,0,0
200106,32,013,4,8,Humboldt County               ,0,0,0,0,0,0,0,0,0,0,0,0,0,0,0,0,0,0,0,0,0,0,0,0
200106,32,015,4,8,Lander County                 ,0,0,0,0,0,0,0,0,0,0,0,0,0,0,0,0,0,0,0,0,0,0,0,0
200106,32,017,4,8,Lincoln County                ,1,1,67110,0,0,0,0,0,0,0,0,0, , , , , , , , , , , , 
200106,32,019,4,8,Lyon County                   ,17,17,1579153,0,0,0,0,0,0,1,5,277008,0,0,0,0,0,0,0,0,0,0,0,0
200106,32,021,4,8,Mineral County                ,1,1,34667,0,0,0,0,0,0,0,0,0, , , , , , , , , , , , 
200106,32,023,4,8,Nye County                    ,0,0,0,0,0,0,0,0,0,0,0,0,0,0,0,0,0,0,0,0,0,0,0,0
200106,32,027,4,8,Pershing County               ,0,0,0,0,0,0,0,0,0,0,0,0,0,0,0,0,0,0,0,0,0,0,0,0
200106,32,029,4,8,Storey County                 ,2,2,187923,0,0,0,0,0,0,0,0,0, , , , , , , , , , , , 
200106,32,031,4,8,Washoe County                 ,388,388,50623652,1,2,55000,0,0,0,0,0,0,388,388,50623652,1,2,55000,0,0,0,0,0,0
200106,32,033,4,8,White Pine County             ,1,1,145828,0,0,0,0,0,0,0,0,0, , , , , , , , , , , , 
200106,32,510,4,8,Carson City (Independent City),29,29,4536828,0,0,0,0,0,0,3,18,847234,29,29,4536828,0,0,0,0,0,0,3,18,847234
200106,33,015,1,1,Rockingham County             ,136,136,23208323,2,4,246667,0,0,0,1,10,750000,74,74,14053930,0,0,0,0,0,0,1,10,750000
200106,34,001,1,2,Atlantic County               ,129,129,9758784,1,2,297100,0,0,0,2,10,599411,27,27,2281820,0,0,0,0,0,0,0,0,0
200106,34,003,1,2,Bergen County                 ,79,79,16923762,10,20,1553923,3,11,1078001,1,6,246400,29,29,6874219,4,8,632700,2,8,955801,1,6,246400
200106,34,005,1,2,Burlington County             ,156,156,15538133,0,0,0,0,0,0,1,5,174375,82,82,7813640,0,0,0,0,0,0,0,0,0
200106,34,007,1,2,Camden County                 ,84,84,7013491,0,0,0,0,0,0,0,0,0,81,81,6807294,0,0,0,0,0,0,0,0,0
200106,34,009,1,2,Cape May County               ,25,25,4211723,19,38,3956000,0,0,0,2,14,392000,22,22,3235502,19,38,3956000,0,0,0,2,14,392000
200106,34,011,1,2,Cumberland County             ,22,22,2264362,0,0,0,0,0,0,0,0,0,18,18,1990732,0,0,0,0,0,0,0,0,0
200106,34,013,1,2,Essex County                  ,66,66,7546326,8,16,1044022,3,9,655047,0,0,0,37,37,4276669,8,16,1044022,3,9,655047,0,0,0
200106,34,015,1,2,Gloucester County             ,124,124,11333339,0,0,0,0,0,0,1,60,3401281,86,86,8011708,0,0,0,0,0,0,1,60,3401281
200106,34,017,1,2,Hudson County                 ,1,1,157650,13,26,1277498,2,8,582264,1,23,2044392,1,1,157650,12,24,1143002,2,8,582264,0,0,0
200106,34,019,1,2,Hunterdon County              ,38,38,5721459,0,0,0,0,0,0,0,0,0,22,22,3556593,0,0,0,0,0,0,0,0,0
200106,34,021,1,2,Mercer County                 ,121,121,11143340,0,0,0,0,0,0,0,0,0,97,97,9378895,0,0,0,0,0,0,0,0,0
200106,34,023,1,2,Middlesex County              ,169,169,17950345,1,2,130000,0,0,0,1,10,501074,143,143,15249266,1,2,130000,0,0,0,0,0,0
200106,34,025,1,2,Monmouth County               ,145,145,22730537,0,0,0,0,0,0,0,0,0,91,91,16466574,0,0,0,0,0,0,0,0,0
200106,34,027,1,2,Morris County                 ,150,150,18147538,0,0,0,0,0,0,1,5,152300,33,33,5432822,0,0,0,0,0,0,0,0,0
200106,34,029,1,2,Ocean County                  ,285,285,29457189,0,0,0,0,0,0,2,29,672172,193,193,21109686,0,0,0,0,0,0,0,0,0
200106,34,031,1,2,Passaic County                ,17,17,1970957,1,2,67000,0,0,0,1,12,767664,8,8,1202900,1,2,67000,0,0,0,1,12,767664
200106,34,033,1,2,Salem County                  ,12,12,1242028,0,0,0,0,0,0,0,0,0,6,6,590978,0,0,0,0,0,0,0,0,0
200106,34,035,1,2,Somerset County               ,55,55,9259331,0,0,0,0,0,0,4,20,57460,20,20,2579429,0,0,0,0,0,0,0,0,0
200106,34,037,1,2,Sussex County                 ,75,75,10678890,0,0,0,0,0,0,0,0,0,65,65,9674087,0,0,0,0,0,0,0,0,0
200106,34,039,1,2,Union County                  ,6,6,575028,7,14,771972,0,0,0,1,30,650000,3,3,236200,7,14,771972,0,0,0,1,30,650000
200106,34,041,1,2,Warren County                 ,64,64,6796079,1,2,115145,0,0,0,1,5,250219,39,39,4466308,0,0,0,0,0,0,0,0,0
200106,35,000,4,8,New Mexico Balance of State   ,154,154,26248355,0,0,0,0,0,0,0,0,0,154,154,26248355,0,0,0,0,0,0,0,0,0
200106,35,001,4,8,Bernalillo County             ,31,31,5892271,0,0,0,3,12,646452,9,96,4828656,3,3,880000,0,0,0,3,12,646452,9,96,4828656
200106,35,005,4,8,Chaves County                 ,3,3,368208,0,0,0,0,0,0,0,0,0, , , , , , , , , , , , 
200106,35,009,4,8,Curry County                  ,3,3,329242,0,0,0,0,0,0,0,0,0,3,3,329242,0,0,0,0,0,0,0,0,0
200106,35,013,4,8,Dona Ana County               ,54,54,6885031,0,0,0,3,12,423000,0,0,0,50,50,6503260,0,0,0,3,12,423000,0,0,0
200106,35,015,4,8,Eddy County                   ,3,3,412000,0,0,0,0,0,0,0,0,0,3,3,412000,0,0,0,0,0,0,0,0,0
200106,35,025,4,8,Lea County                    ,0,0,0,0,0,0,0,0,0,0,0,0,0,0,0,0,0,0,0,0,0,0,0,0
200106,35,027,4,8,Lincoln County                ,13,13,2304664,0,0,0,0,0,0,0,0,0,13,13,2304664,0,0,0,0,0,0,0,0,0
200106,35,028,4,8,Los Alamos County             ,10,10,2958653,0,0,0,0,0,0,0,0,0,10,10,2958653,0,0,0,0,0,0,0,0,0
200106,35,029,4,8,Luna County                   ,1,1,100000,0,0,0,0,0,0,0,0,0,1,1,100000,0,0,0,0,0,0,0,0,0
200106,35,031,4,8,McKinley County               ,4,4,580000,0,0,0,0,0,0,0,0,0,4,4,580000,0,0,0,0,0,0,0,0,0
200106,35,035,4,8,Otero County                  ,8,8,1194334,0,0,0,0,0,0,0,0,0,8,8,1194334,0,0,0,0,0,0,0,0,0
200106,35,039,4,8,Rio Arriba County             ,1,1,174768,0,0,0,0,0,0,0,0,0, , , , , , , , , , , , 
200106,35,041,4,8,Roosevelt County              ,1,1,100000,0,0,0,0,0,0,0,0,0,1,1,100000,0,0,0,0,0,0,0,0,0
200106,35,043,4,8,Sandoval County               ,78,78,13729853,0,0,0,0,0,0,0,0,0,78,78,13729853,0,0,0,0,0,0,0,0,0
200106,35,045,4,8,San Juan County               ,18,18,2551812,0,0,0,0,0,0,0,0,0,18,18,2551812,0,0,0,0,0,0,0,0,0
200106,35,049,4,8,Santa Fe County               ,34,34,5125222,0,0,0,0,0,0,0,0,0,34,34,5125222,0,0,0,0,0,0,0,0,0
200106,35,053,4,8,Socorro County                ,2,2,274000,0,0,0,0,0,0,0,0,0,2,2,274000,0,0,0,0,0,0,0,0,0
200106,35,055,4,8,Taos County                   ,21,21,2754348,0,0,0,0,0,0,0,0,0,6,6,1183587,0,0,0,0,0,0,0,0,0
200106,35,061,4,8,Valencia County               ,31,31,3129840,0,0,0,0,0,0,0,0,0,13,13,1483294,0,0,0,0,0,0,0,0,0
200106,36,005,1,2,Bronx County                  ,7,7,977569,77,154,10903662,17,51,3711933,1,6,383832,7,7,977569,77,154,10903662,17,51,3711933,1,6,383832
200106,36,027,1,2,Dutchess County               ,84,84,17169615,0,0,0,0,0,0,0,0,0,58,58,13344230,0,0,0,0,0,0,0,0,0
200106,36,047,1,2,Kings County                  ,13,13,1815485,34,68,4814604,33,110,8006130,8,67,4286124,13,13,1815485,34,68,4814604,33,110,8006130,8,67,4286124
200106,36,059,1,2,Nassau County                 ,43,43,9669288,7,14,790772,0,0,0,2,10,1137710,13,13,6245152,0,0,0,0,0,0,0,0,0
200106,36,061,1,2,New York County               ,1,1,139653,0,0,0,0,0,0,5,261,16696692,1,1,139653,0,0,0,0,0,0,5,261,16696692
200106,36,071,1,2,Orange County                 ,156,156,21370494,1,2,165000,0,0,0,3,98,8303571,121,121,17044580,1,2,165000,0,0,0,1,88,7700000
200106,36,079,1,2,Putnam County                 ,27,27,3962426,0,0,0,0,0,0,1,5,360870,10,10,1345700,0,0,0,0,0,0,0,0,0
200106,36,081,1,2,Queens County                 ,17,17,2374096,32,64,4531392,14,42,3056886,5,162,10363464,17,17,2374096,32,64,4531392,14,42,3056886,5,162,10363464
200106,36,085,1,2,Richmond County               ,107,107,14942839,62,124,8779572,0,0,0,0,0,0,107,107,14942839,62,124,8779572,0,0,0,0,0,0
200106,36,099,1,2,Seneca County                 ,5,5,556630,0,0,0,0,0,0,0,0,0, , , , , , , , , , , , 
200106,36,103,1,2,Suffolk County                ,336,336,53155374,12,24,12389949,3,12,5864222,14,86,7336352,266,266,41907192,0,0,0,0,0,0,12,74,4733928
200106,36,119,1,2,Westchester County            ,95,95,25504962,11,22,1748598,1,3,510000,2,11,1003989,55,55,12590529,2,4,445000,0,0,0,0,0,0
200106,37,001,3,5,Alamance County               ,67,67,7086584,0,0,0,0,0,0,0,0,0,67,67,7086584,0,0,0,0,0,0,0,0,0
200106,37,003,3,5,Alexander County              ,15,15,1797000,1,2,75000,0,0,0,0,0,0,15,15,1797000,1,2,75000,0,0,0,0,0,0
200106,37,005,3,5,Alleghany County              ,6,6,538000,0,0,0,0,0,0,0,0,0,6,6,538000,0,0,0,0,0,0,0,0,0
200106,37,009,3,5,Ashe County                   ,33,33,4383000,0,0,0,0,0,0,0,0,0,33,33,4383000,0,0,0,0,0,0,0,0,0
200106,37,011,3,5,Avery County                  ,10,10,2380029,0,0,0,0,0,0,0,0,0,10,10,2380029,0,0,0,0,0,0,0,0,0
200106,37,015,3,5,Bertie County                 ,3,3,162205,0,0,0,0,0,0,0,0,0,3,3,162205,0,0,0,0,0,0,0,0,0
200106,37,017,3,5,Bladen County                 ,8,8,1216000,0,0,0,0,0,0,0,0,0,8,8,1216000,0,0,0,0,0,0,0,0,0
200106,37,025,3,5,Cabarrus County               ,183,183,17212612,1,2,100000,0,0,0,2,16,430000,183,183,17212612,1,2,100000,0,0,0,2,16,430000
200106,37,027,3,5,Caldwell County               ,33,33,4019618,0,0,0,0,0,0,0,0,0,33,33,4019618,0,0,0,0,0,0,0,0,0
200106,37,029,3,5,Camden County                 ,5,5,596406,0,0,0,0,0,0,0,0,0, , , , , , , , , , , , 
200106,37,033,3,5,Caswell County                ,2,2,222780,0,0,0,0,0,0,0,0,0,2,2,222780,0,0,0,0,0,0,0,0,0
200106,37,037,3,5,Chatham County                ,42,42,7808071,0,0,0,0,0,0,0,0,0,42,42,7808071,0,0,0,0,0,0,0,0,0
200106,37,043,3,5,Clay County                   ,10,10,1547444,0,0,0,0,0,0,0,0,0,10,10,1547444,0,0,0,0,0,0,0,0,0
200106,37,053,3,5,Currituck County              ,17,17,3335300,0,0,0,0,0,0,0,0,0,17,17,3335300,0,0,0,0,0,0,0,0,0
200106,37,057,3,5,Davidson County               ,108,108,8380126,0,0,0,1,4,214232,0,0,0,108,108,8380126,0,0,0,1,4,214232,0,0,0
200106,37,059,3,5,Davie County                  ,37,37,5685624,0,0,0,0,0,0,0,0,0,37,37,5685624,0,0,0,0,0,0,0,0,0
200106,37,061,3,5,Duplin County                 ,7,7,625000,0,0,0,0,0,0,0,0,0,7,7,625000,0,0,0,0,0,0,0,0,0
200106,37,063,3,5,Durham County                 ,139,139,22696768,0,0,0,0,0,0,0,0,0,139,139,22696768,0,0,0,0,0,0,0,0,0
200106,37,067,3,5,Forsyth County                ,186,186,22229029,0,0,0,1,4,124000,8,192,9666960,186,186,22229029,0,0,0,1,4,124000,8,192,9666960
200106,37,069,3,5,Franklin County               ,40,40,4235050,0,0,0,0,0,0,0,0,0,40,40,4235050,0,0,0,0,0,0,0,0,0
200106,37,071,3,5,Gaston County                 ,84,84,8647667,0,0,0,0,0,0,1,6,177539,84,84,8647667,0,0,0,0,0,0,1,6,177539
200106,37,075,3,5,Graham County                 ,3,3,260000,0,0,0,0,0,0,0,0,0,3,3,260000,0,0,0,0,0,0,0,0,0
200106,37,081,3,5,Guilford County               ,372,372,44208627,0,0,0,0,0,0,1,8,154096,372,372,44208627,0,0,0,0,0,0,1,8,154096
200106,37,089,3,5,Henderson County              ,54,54,9837864,0,0,0,1,3,220000,4,64,2144000,54,54,9837864,0,0,0,1,3,220000,4,64,2144000
200106,37,091,3,5,Hertford County               ,1,1,75000,0,0,0,0,0,0,0,0,0,1,1,75000,0,0,0,0,0,0,0,0,0
200106,37,097,3,5,Iredell County                ,123,123,18814107,0,0,0,0,0,0,3,31,1945843, , , , , , , , , , , , 
200106,37,099,3,5,Jackson County                ,37,37,9984600,0,0,0,0,0,0,0,0,0,37,37,9984600,0,0,0,0,0,0,0,0,0
200106,37,101,3,5,Johnston County               ,129,129,13485694,5,10,562770,0,0,0,0,0,0,129,129,13485694,5,10,562770,0,0,0,0,0,0
200106,37,105,3,5,Lee County                    ,25,25,2659668,0,0,0,0,0,0,0,0,0,14,14,1637952,0,0,0,0,0,0,0,0,0
200106,37,109,3,5,Lincoln County                ,66,66,8365836,1,2,77883,0,0,0,3,15,396545, , , , , , , , , , , , 
200106,37,113,3,5,Macon County                  ,26,26,4486400,0,0,0,0,0,0,0,0,0,26,26,4486400,0,0,0,0,0,0,0,0,0
200106,37,115,3,5,Madison County                ,16,16,1683219,0,0,0,0,0,0,0,0,0,16,16,1683219,0,0,0,0,0,0,0,0,0
200106,37,117,3,5,Martin County                 ,3,3,355470,0,0,0,0,0,0,0,0,0,3,3,355470,0,0,0,0,0,0,0,0,0
200106,37,119,3,5,Mecklenburg County            ,736,736,91342970,1,2,126782,3,12,771682,18,237,14088673,736,736,91342970,1,2,126782,3,12,771682,18,237,14088673
200106,37,121,3,5,Mitchell County               ,3,3,368000,0,0,0,0,0,0,0,0,0,3,3,368000,0,0,0,0,0,0,0,0,0
200106,37,123,3,5,Montgomery County             ,6,6,1077780,0,0,0,0,0,0,0,0,0,6,6,1077780,0,0,0,0,0,0,0,0,0
200106,37,131,3,5,Northampton County            ,6,6,748000,0,0,0,0,0,0,0,0,0,6,6,748000,0,0,0,0,0,0,0,0,0
200106,37,135,3,5,Orange County                 ,82,82,12921483,6,12,1565584,0,0,0,0,0,0,20,20,3710980,6,12,1565584,0,0,0,0,0,0
200106,37,137,3,5,Pamlico County                ,7,7,1437000,0,0,0,0,0,0,0,0,0,7,7,1437000,0,0,0,0,0,0,0,0,0
200106,37,139,3,5,Pasquotank County             ,13,13,1136194,0,0,0,0,0,0,0,0,0,13,13,1136194,0,0,0,0,0,0,0,0,0
200106,37,145,3,5,Person County                 ,9,9,2308000,0,0,0,0,0,0,0,0,0,9,9,2308000,0,0,0,0,0,0,0,0,0
200106,37,149,3,5,Polk County                   ,18,18,2029974,0,0,0,0,0,0,0,0,0,18,18,2029974,0,0,0,0,0,0,0,0,0
200106,37,151,3,5,Randolph County               ,57,57,5944000,4,8,212519,1,3,241875,0,0,0,6,6,410000,3,6,105000,0,0,0,0,0,0
200106,37,159,3,5,Rowan County                  ,48,48,6262000,5,10,600000,0,0,0,0,0,0,48,48,6262000,5,10,600000,0,0,0,0,0,0
200106,37,163,3,5,Sampson County                ,10,10,1363634,0,0,0,0,0,0,0,0,0,10,10,1363634,0,0,0,0,0,0,0,0,0
200106,37,165,3,5,Scotland County               ,7,7,881450,0,0,0,0,0,0,0,0,0,7,7,881450,0,0,0,0,0,0,0,0,0
200106,37,167,3,5,Stanly County                 ,25,25,2616518,1,2,81083,0,0,0,0,0,0, , , , , , , , , , , , 
200106,37,169,3,5,Stokes County                 ,13,13,1882475,1,2,147886,1,4,163822,0,0,0,10,10,1520990,0,0,0,0,0,0,0,0,0
200106,37,171,3,5,Surry County                  ,27,27,3322579,0,0,0,0,0,0,0,0,0,27,27,3322579,0,0,0,0,0,0,0,0,0
200106,37,173,3,5,Swain County                  ,8,8,751024,0,0,0,0,0,0,0,0,0,8,8,751024,0,0,0,0,0,0,0,0,0
200106,37,175,3,5,Transylvania County           ,25,25,5108929,0,0,0,0,0,0,0,0,0,25,25,5108929,0,0,0,0,0,0,0,0,0
200106,37,179,3,5,Union County                  ,284,284,35640508,0,0,0,0,0,0,0,0,0,284,284,35640508,0,0,0,0,0,0,0,0,0
200106,37,181,3,5,Vance County                  ,17,17,2277800,0,0,0,0,0,0,0,0,0,17,17,2277800,0,0,0,0,0,0,0,0,0
200106,37,183,3,5,Wake County                   ,833,833,119464484,0,0,0,0,0,0,20,307,12551703,750,750,103908139,0,0,0,0,0,0,19,288,11590855
200106,37,185,3,5,Warren County                 ,8,8,994500,0,0,0,0,0,0,0,0,0, , , , , , , , , , , , 
200106,37,187,3,5,Washington County             ,2,2,261861,0,0,0,0,0,0,0,0,0, , , , , , , , , , , , 
200106,37,191,3,5,Wayne County                  ,32,32,3624267,0,0,0,0,0,0,0,0,0,5,5,716432,0,0,0,0,0,0,0,0,0
200106,37,195,3,5,Wilson County                 ,27,27,2277998,2,4,330100,0,0,0,0,0,0,27,27,2277998,2,4,330100,0,0,0,0,0,0
200106,37,197,3,5,Yadkin County                 ,13,13,2050600,0,0,0,0,0,0,0,0,0,13,13,2050600,0,0,0,0,0,0,0,0,0
200106,39,007,2,3,Ashtabula County              ,44,44,4417700,0,0,0,0,0,0,0,0,0,44,44,4417700,0,0,0,0,0,0,0,0,0
200106,39,015,2,3,Brown County                  ,12,12,1430037,0,0,0,0,0,0,0,0,0,6,6,741280,0,0,0,0,0,0,0,0,0
200106,39,017,2,3,Butler County                 ,170,170,20547335,1,2,174000,2,6,512050,0,0,0,160,160,19467980,1,2,174000,1,3,137050,0,0,0
200106,39,025,2,3,Clermont County               ,126,126,18217067,0,0,0,1,4,296145,1,20,1093763,126,126,18217067,0,0,0,1,4,296145,1,20,1093763
200106,39,035,2,3,Cuyahoga County               ,166,166,35275439,2,4,251000,1,4,181878,3,23,1298855,92,92,22647336,1,2,126000,0,0,0,1,6,612000
200106,39,041,2,3,Delaware County               ,298,298,40806830,0,0,0,0,0,0,0,0,0,17,17,2494999,0,0,0,0,0,0,0,0,0
200106,39,045,2,3,Fairfield County              ,64,64,12553865,0,0,0,0,0,0,1,5,224719,48,48,10550487,0,0,0,0,0,0,0,0,0
200106,39,049,2,3,Franklin County               ,630,630,85308781,5,10,980215,17,67,4012210,34,550,19370475,282,282,37909864,2,4,550000,1,4,320000,11,279,7842579
200106,39,055,2,3,Geauga County                 ,46,46,10775500,0,0,0,0,0,0,0,0,0,46,46,10775500,0,0,0,0,0,0,0,0,0
200106,39,061,2,3,Hamilton County               ,91,91,14052814,5,10,857806,2,8,547145,5,60,2923020,91,91,14052814,5,10,857806,2,8,547145,5,60,2923020
200106,39,085,2,3,Lake County                   ,84,84,14513714,0,0,0,2,6,300000,0,0,0,83,83,14328000,0,0,0,2,6,300000,0,0,0
200106,39,089,2,3,Licking County                ,112,112,16249481,3,6,610000,1,3,500000,1,5,270395,111,111,16183044,3,6,610000,1,3,500000,0,0,0
200106,39,093,2,3,Lorain County                 ,137,137,24518061,3,6,951773,4,14,1016185,2,10,953000,52,52,7272906,2,4,700000,0,0,0,0,0,0
200106,39,097,2,3,Madison County                ,14,14,1390213,0,0,0,0,0,0,0,0,0,10,10,998110,0,0,0,0,0,0,0,0,0
200106,39,103,2,3,Medina County                 ,145,145,22929427,1,2,157000,0,0,0,0,0,0,119,119,19533196,0,0,0,0,0,0,0,0,0
200106,39,129,2,3,Pickaway County               ,26,26,3389257,0,0,0,0,0,0,0,0,0,25,25,3273280,0,0,0,0,0,0,0,0,0
200106,39,133,2,3,Portage County                ,67,67,11248085,0,0,0,0,0,0,0,0,0,20,20,4395340,0,0,0,0,0,0,0,0,0
200106,39,135,2,3,Preble County                 ,20,20,2157849,0,0,0,0,0,0,0,0,0,20,20,2157849,0,0,0,0,0,0,0,0,0
200106,39,153,2,3,Summit County                 ,169,169,30354310,1,2,142790,3,10,651111,1,5,206481,139,139,26863354,1,2,142790,2,6,540000,0,0,0
200106,39,165,2,3,Warren County                 ,275,275,33235100,1,2,50000,3,12,1450000,32,452,18610000,274,274,33082600,0,0,0,3,12,1450000,32,452,18610000
200106,40,001,3,7,Adair County                  ,1,1,140000,0,0,0,0,0,0,0,0,0,1,1,140000,0,0,0,0,0,0,0,0,0
200106,40,013,3,7,Bryan County                  ,4,4,579000,0,0,0,2,8,500000,0,0,0,4,4,579000,0,0,0,2,8,500000,0,0,0
200106,40,085,3,7,Love County                   ,0,0,0,0,0,0,0,0,0,0,0,0, , , , , , , , , , , , 
200106,41,000,4,9,Oregon Balance of State       ,18,18,1877610,0,0,0,1,3,94607,1,8,381469, , , , , , , , , , , , 
200106,41,001,4,9,Baker County                  ,5,5,1089837,0,0,0,0,0,0,0,0,0,5,5,1089837,0,0,0,0,0,0,0,0,0
200106,41,003,4,9,Benton County                 ,22,22,4122374,1,2,187134,0,0,0,0,0,0,9,9,1427248,1,2,187134,0,0,0,0,0,0
200106,41,005,4,9,Clackamas County              ,154,154,34634141,0,0,0,0,0,0,1,19,874226,150,150,34060314,0,0,0,0,0,0,1,19,874226
200106,41,007,4,9,Clatsop County                ,13,13,2413960,0,0,0,0,0,0,0,0,0,5,5,1383162,0,0,0,0,0,0,0,0,0
200106,41,009,4,9,Columbia County               ,22,22,3266680,0,0,0,0,0,0,0,0,0,22,22,3266680,0,0,0,0,0,0,0,0,0
200106,41,011,4,9,Coos County                   ,3,3,345044,0,0,0,0,0,0,0,0,0,0,0,0,0,0,0,0,0,0,0,0,0
200106,41,013,4,9,Crook County                  ,20,20,2760272,0,0,0,0,0,0,0,0,0,20,20,2760272,0,0,0,0,0,0,0,0,0
200106,41,015,4,9,Curry County                  ,10,10,1992381,0,0,0,0,0,0,1,5,315250,6,6,1421270,0,0,0,0,0,0,0,0,0
200106,41,017,4,9,Deschutes County              ,194,194,30952414,4,8,657001,0,0,0,0,0,0,110,110,19428583,0,0,0,0,0,0,0,0,0
200106,41,019,4,9,Douglas County                ,37,37,5199236,1,2,145358,0,0,0,0,0,0,37,37,5199236,1,2,145358,0,0,0,0,0,0
200106,41,021,4,9,Gilliam County                ,0,0,0,0,0,0,0,0,0,0,0,0, , , , , , , , , , , , 
200106,41,025,4,9,Harney County                 ,1,1,128500,0,0,0,0,0,0,0,0,0,1,1,128500,0,0,0,0,0,0,0,0,0
200106,41,027,4,9,Hood River County             ,9,9,1010296,0,0,0,0,0,0,0,0,0,9,9,1010296,0,0,0,0,0,0,0,0,0
200106,41,029,4,9,Jackson County                ,117,117,19208149,1,2,181516,1,4,250969,2,14,1603265,76,76,14803926,0,0,0,0,0,0,0,0,0
200106,41,031,4,9,Jefferson County              ,18,18,1504180,0,0,0,0,0,0,0,0,0,18,18,1504180,0,0,0,0,0,0,0,0,0
200106,41,033,4,9,Josephine County              ,37,37,4356430,0,0,0,0,0,0,1,5,311298, , , , , , , , , , , , 
200106,41,035,4,9,Klamath County                ,16,16,2731170,0,0,0,5,20,1735002,0,0,0,16,16,2731170,0,0,0,5,20,1735002,0,0,0
200106,41,037,4,9,Lake County                   ,1,1,129534,0,0,0,0,0,0,0,0,0, , , , , , , , , , , , 
200106,41,039,4,9,Lane County                   ,102,102,16435552,4,8,702814,0,0,0,0,0,0,80,80,13760680,3,6,557074,0,0,0,0,0,0
200106,41,041,4,9,Lincoln County                ,17,17,2336785,1,2,208457,0,0,0,0,0,0,13,13,1728370,0,0,0,0,0,0,0,0,0
200106,41,043,4,9,Linn County                   ,41,41,5232940,0,0,0,0,0,0,0,0,0,41,41,5232940,0,0,0,0,0,0,0,0,0
200106,41,045,4,9,Malheur County                ,4,4,734520,0,0,0,0,0,0,0,0,0,4,4,734520,0,0,0,0,0,0,0,0,0
200106,41,047,4,9,Marion County                 ,102,102,12668652,18,36,2422735,1,3,165942,1,11,411375,42,42,5469664,17,34,2279588,0,0,0,0,0,0
200106,41,051,4,9,Multnomah County              ,122,122,18371247,3,6,599436,1,4,345773,1,6,418313,105,105,16342158,3,6,599436,1,4,345773,1,6,418313
200106,41,053,4,9,Polk County                   ,26,26,3168865,1,2,112256,2,8,380000,0,0,0,26,26,3168865,1,2,112256,2,8,380000,0,0,0
200106,41,055,4,9,Sherman County                ,1,1,150006,0,0,0,0,0,0,0,0,0, , , , , , , , , , , , 
200106,41,057,4,9,Tillamook County              ,17,17,2407811,1,2,140000,0,0,0,1,88,4043000,4,4,558006,1,2,140000,0,0,0,1,88,4043000
200106,41,059,4,9,Umatilla County               ,22,22,3061259,0,0,0,0,0,0,1,26,1946201,22,22,3061259,0,0,0,0,0,0,1,26,1946201
200106,41,061,4,9,Union County                  ,3,3,410536,0,0,0,0,0,0,0,0,0,3,3,410536,0,0,0,0,0,0,0,0,0
200106,41,065,4,9,Wasco County                  ,3,3,466919,0,0,0,0,0,0,0,0,0,3,3,466919,0,0,0,0,0,0,0,0,0
200106,41,067,4,9,Washington County             ,325,325,56734101,9,18,2200139,0,0,0,2,12,691190,292,292,51514889,9,18,2200139,0,0,0,2,12,691190
200106,41,069,4,9,Wheeler County                ,0,0,0,0,0,0,0,0,0,0,0,0, , , , , , , , , , , , 
200106,41,071,4,9,Yamhill County                ,42,42,4968787,0,0,0,0,0,0,2,11,330957,29,29,3463563,0,0,0,0,0,0,0,0,0
200106,42,001,1,2,Adams County                  ,57,57,8208840,0,0,0,0,0,0,0,0,0,57,57,8208840,0,0,0,0,0,0,0,0,0
200106,42,003,1,2,Allegheny County              ,167,167,28036651,0,0,0,2,7,540000,3,66,2289904,145,145,24412967,0,0,0,1,4,360000,2,54,1760000
200106,42,007,1,2,Beaver County                 ,41,41,5116018,0,0,0,1,4,320000,0,0,0,29,29,3803201,0,0,0,1,4,320000,0,0,0
200106,42,017,1,2,Bucks County                  ,222,222,27944083,0,0,0,4,16,741883,4,20,1240293,167,167,18423108,0,0,0,3,12,679716,2,10,587784
200106,42,019,1,2,Butler County                 ,96,96,13444186,0,0,0,0,0,0,0,0,0,66,66,9478193,0,0,0,0,0,0,0,0,0
200106,42,029,1,2,Chester County                ,226,226,35750823,0,0,0,0,0,0,0,0,0,190,190,30905910,0,0,0,0,0,0,0,0,0
200106,42,045,1,2,Delaware County               ,52,52,8703702,1,2,177792,0,0,0,3,15,1086541,20,20,5261590,0,0,0,0,0,0,0,0,0
200106,42,051,1,2,Fayette County                ,25,25,1624677,0,0,0,1,4,120000,0,0,0,4,4,490000,0,0,0,1,4,120000,0,0,0
200106,42,055,1,2,Franklin County               ,68,68,6733782,3,6,448385,1,4,258727,0,0,0, , , , , , , , , , , , 
200106,42,065,1,2,Jefferson County              ,7,7,759000,0,0,0,0,0,0,0,0,0,7,7,759000,0,0,0,0,0,0,0,0,0
200106,42,091,1,2,Montgomery County             ,262,262,31463074,0,0,0,0,0,0,3,37,1074100,180,180,22758505,0,0,0,0,0,0,2,32,807600
200106,42,101,1,2,Philadelphia County           ,0,0,0,0,0,0,1,4,291132,2,14,895608,0,0,0,0,0,0,1,4,291132,2,14,895608
200106,42,103,1,2,Pike County                   ,56,56,7777717,0,0,0,0,0,0,0,0,0,49,49,6867554,0,0,0,0,0,0,0,0,0
200106,42,125,1,2,Washington County             ,60,60,9731994,1,2,188889,1,4,500000,1,5,369286,38,38,7204671,0,0,0,1,4,500000,0,0,0
200106,42,129,1,2,Westmoreland County           ,75,75,11094085,4,8,320000,4,13,658875,1,5,125000,27,27,4375800,3,6,300000,1,4,320000,0,0,0
200106,44,001,1,1,Bristol County                ,5,5,580593,0,0,0,0,0,0,0,0,0,1,1,99000,0,0,0,0,0,0,0,0,0
200106,44,003,1,1,Kent County                   ,33,33,3628065,2,4,232743,1,3,298537,0,0,0,5,5,489000,0,0,0,0,0,0,0,0,0
200106,44,005,1,1,Newport County                ,36,36,6206046,0,0,0,0,0,0,0,0,0,36,36,6206046,0,0,0,0,0,0,0,0,0
200106,44,007,1,1,Providence County             ,86,86,10223398,3,6,277069,0,0,0,0,0,0,77,77,9210873,3,6,277069,0,0,0,0,0,0
200106,44,009,1,1,Washington County             ,63,63,8240733,0,0,0,0,0,0,0,0,0,40,40,4639224,0,0,0,0,0,0,0,0,0
200106,45,001,3,5,Abbeville County              ,5,5,454250,0,0,0,0,0,0,0,0,0, , , , , , , , , , , , 
200106,45,003,3,5,Aiken County                  ,67,67,8447289,0,0,0,0,0,0,0,0,0,48,48,6045281,0,0,0,0,0,0,0,0,0
200106,45,007,3,5,Anderson County               ,92,92,10131971,8,16,535000,0,0,0,0,0,0,92,92,10131971,8,16,535000,0,0,0,0,0,0
200106,45,015,3,5,Berkeley County               ,52,52,6925927,0,0,0,0,0,0,0,0,0,48,48,6535492,0,0,0,0,0,0,0,0,0
200106,45,023,3,5,Chester County                ,9,9,1316019,0,0,0,0,0,0,0,0,0,9,9,1316019,0,0,0,0,0,0,0,0,0
200106,45,037,3,5,Edgefield County              ,7,7,668242,0,0,0,0,0,0,0,0,0, , , , , , , , , , , , 
200106,45,045,3,5,Greenville County             ,331,331,29388478,0,0,0,0,0,0,1,19,943924,323,323,28270096,0,0,0,0,0,0,0,0,0
200106,45,047,3,5,Greenwood County              ,22,22,2279235,0,0,0,0,0,0,0,0,0,22,22,2279235,0,0,0,0,0,0,0,0,0
200106,45,053,3,5,Jasper County                 ,11,11,1120208,0,0,0,0,0,0,0,0,0,11,11,1120208,0,0,0,0,0,0,0,0,0
200106,45,073,3,5,Oconee County                 ,34,34,5826779,0,0,0,0,0,0,0,0,0,34,34,5826779,0,0,0,0,0,0,0,0,0
200106,45,077,3,5,Pickens County                ,63,63,10340710,0,0,0,0,0,0,0,0,0,59,59,9583429,0,0,0,0,0,0,0,0,0
200106,45,081,3,5,Saluda County                 ,4,4,559960,0,0,0,0,0,0,0,0,0,4,4,559960,0,0,0,0,0,0,0,0,0
200106,45,085,3,5,Sumter County                 ,37,37,3494819,0,0,0,0,0,0,2,10,612000,37,37,3494819,0,0,0,0,0,0,2,10,612000
200106,45,087,3,5,Union County                  ,5,5,594035,0,0,0,0,0,0,0,0,0,5,5,594035,0,0,0,0,0,0,0,0,0
200106,45,091,3,5,York County                   ,178,178,24181924,1,2,126504,0,0,0,8,133,5643706,172,172,23019535,1,2,126504,0,0,0,8,133,5643706
200106,46,007,2,4,Bennett County                ,0,0,0,0,0,0,0,0,0,0,0,0,0,0,0,0,0,0,0,0,0,0,0,0
200106,46,027,2,4,Clay County                   ,4,4,474000,0,0,0,0,0,0,0,0,0,4,4,474000,0,0,0,0,0,0,0,0,0
200106,46,079,2,4,Lake County                   ,11,11,681600,0,0,0,0,0,0,0,0,0,11,11,681600,0,0,0,0,0,0,0,0,0
200106,46,093,2,4,Meade County                  ,11,11,1429378,0,0,0,1,3,177625,0,0,0,0,0,0,0,0,0,0,0,0,0,0,0
200106,46,095,2,4,Mellette County               ,0,0,0,0,0,0,0,0,0,0,0,0, , , , , , , , , , , , 
200106,46,121,2,4,Todd County                   ,0,0,0,0,0,0,0,0,0,0,0,0,0,0,0,0,0,0,0,0,0,0,0,0
200106,47,011,3,6,Bradley County                ,30,30,2151285,1,2,103000,1,3,140000,0,0,0,30,30,2151285,1,2,103000,1,3,140000,0,0,0
200106,47,021,3,6,Cheatham County               ,18,18,2253909,0,0,0,0,0,0,1,5,229991,14,14,2038000,0,0,0,0,0,0,0,0,0
200106,47,025,3,6,Claiborne County              ,24,24,1267500,0,0,0,0,0,0,0,0,0,24,24,1267500,0,0,0,0,0,0,0,0,0
200106,47,031,3,6,Coffee County                 ,10,10,912902,0,0,0,1,3,245904,0,0,0,6,6,380000,0,0,0,0,0,0,0,0,0
200106,47,037,3,6,Davidson County               ,239,239,41472094,3,6,507346,0,0,0,20,240,25416702,238,238,41360657,3,6,507346,0,0,0,20,240,25416702
200106,47,043,3,6,Dickson County                ,31,31,4229399,2,4,207248,0,0,0,0,0,0,29,29,4113702,1,2,157248,0,0,0,0,0,0
200106,47,047,3,6,Fayette County                ,21,21,3373500,0,0,0,0,0,0,0,0,0,21,21,3373500,0,0,0,0,0,0,0,0,0
200106,47,063,3,6,Hamblen County                ,21,21,1999513,3,6,365000,0,0,0,1,6,160000,21,21,1999513,3,6,365000,0,0,0,1,6,160000
200106,47,081,3,6,Hickman County                ,0,0,0,0,0,0,0,0,0,0,0,0, , , , , , , , , , , , 
200106,47,093,3,6,Knox County                   ,230,230,23771366,3,6,275905,1,4,184068,5,76,3050576,188,188,20950066,2,4,168000,0,0,0,3,55,2557280
200106,47,113,3,6,Madison County                ,71,71,4429572,0,0,0,0,0,0,10,208,7646466,71,71,4429572,0,0,0,0,0,0,10,208,7646466
200106,47,125,3,6,Montgomery County             ,94,94,7442160,0,0,0,2,7,472000,0,0,0,94,94,7442160,0,0,0,2,7,472000,0,0,0
200106,47,127,3,6,Moore County                  ,5,5,510000,0,0,0,0,0,0,0,0,0,5,5,510000,0,0,0,0,0,0,0,0,0
200106,47,147,3,6,Robertson County              ,61,61,5453543,0,0,0,0,0,0,0,0,0,37,37,3690423,0,0,0,0,0,0,0,0,0
200106,47,149,3,6,Rutherford County             ,308,308,28825624,1,2,130000,11,43,1988294,2,14,1007560,263,263,25501057,1,2,130000,10,40,1836000,2,14,1007560
200106,47,151,3,6,Scott County                  ,0,0,0,0,0,0,0,0,0,0,0,0,0,0,0,0,0,0,0,0,0,0,0,0
200106,47,157,3,6,Shelby County                 ,368,368,56383249,0,0,0,0,0,0,5,80,4528000,334,334,47067486,0,0,0,0,0,0,5,80,4528000
200106,47,165,3,6,Sumner County                 ,88,88,8505193,0,0,0,1,4,145152,0,0,0,88,88,8505193,0,0,0,1,4,145152,0,0,0
200106,47,167,3,6,Tipton County                 ,54,54,4656387,0,0,0,0,0,0,0,0,0,39,39,3235017,0,0,0,0,0,0,0,0,0
200106,47,177,3,6,Warren County                 ,1,1,50000,0,0,0,0,0,0,0,0,0,1,1,50000,0,0,0,0,0,0,0,0,0
200106,47,187,3,6,Williamson County             ,111,111,26489975,0,0,0,0,0,0,0,0,0,111,111,26489975,0,0,0,0,0,0,0,0,0
200106,47,189,3,6,Wilson County                 ,56,56,7322407,6,12,1172028,1,3,347582,0,0,0,56,56,7322407,6,12,1172028,1,3,347582,0,0,0
200106,48,039,3,7,Brazoria County               ,216,216,31672776,0,0,0,0,0,0,0,0,0,134,134,16705195,0,0,0,0,0,0,0,0,0
200106,48,041,3,7,Brazos County                 ,65,65,7243416,39,78,4105000,1,3,106000,1,24,863491,36,36,4625076,39,78,4105000,0,0,0,0,0,0
200106,48,063,3,7,Camp County                   ,0,0,0,0,0,0,0,0,0,0,0,0,0,0,0,0,0,0,0,0,0,0,0,0
200106,48,071,3,7,Chambers County               ,25,25,2260536,0,0,0,0,0,0,0,0,0,25,25,2260536,0,0,0,0,0,0,0,0,0
200106,48,083,3,7,Coleman County                ,0,0,0,0,0,0,0,0,0,0,0,0,0,0,0,0,0,0,0,0,0,0,0,0
200106,48,085,3,7,Collin County                 ,955,955,151637336,1,2,235180,0,0,0,0,0,0,901,901,143990439,1,2,235180,0,0,0,0,0,0
200106,48,113,3,7,Dallas County                 ,840,840,143159162,2,4,295961,9,36,8112790,13,278,7985035,754,754,128516285,1,2,173502,9,36,8112790,10,240,6000000
200106,48,121,3,7,Denton County                 ,550,550,90015107,0,0,0,0,0,0,16,240,14168006,472,472,77611306,0,0,0,0,0,0,16,240,14168006
200106,48,135,3,7,Ector County                  ,10,10,1290488,0,0,0,0,0,0,1,8,429851, , , , , , , , , , , , 
200106,48,139,3,7,Ellis County                  ,52,52,5759768,0,0,0,0,0,0,0,0,0,49,49,5410834,0,0,0,0,0,0,0,0,0
200106,48,151,3,7,Fisher County                 ,0,0,0,0,0,0,0,0,0,0,0,0,0,0,0,0,0,0,0,0,0,0,0,0
200106,48,157,3,7,Fort Bend County              ,91,91,10720822,0,0,0,0,0,0,0,0,0,83,83,9993032,0,0,0,0,0,0,0,0,0
200106,48,167,3,7,Galveston County              ,179,179,26769874,0,0,0,0,0,0,1,7,296148,174,174,26304863,0,0,0,0,0,0,0,0,0
200106,48,169,3,7,Garza County                  ,0,0,0,0,0,0,0,0,0,0,0,0,0,0,0,0,0,0,0,0,0,0,0,0
200106,48,201,3,7,Harris County                 ,1766,1766,205063686,0,0,0,50,198,5807227,1,30,1783376,1740,1740,199903769,0,0,0,50,198,5807227,1,30,1783376
200106,48,207,3,7,Haskell County                ,0,0,0,0,0,0,0,0,0,0,0,0, , , , , , , , , , , , 
200106,48,211,3,7,Hemphill County               ,0,0,0,0,0,0,0,0,0,0,0,0,0,0,0,0,0,0,0,0,0,0,0,0
200106,48,213,3,7,Henderson County              ,13,13,1204404,0,0,0,0,0,0,0,0,0,9,9,800000,0,0,0,0,0,0,0,0,0
200106,48,221,3,7,Hood County                   ,0,0,0,0,0,0,0,0,0,0,0,0,0,0,0,0,0,0,0,0,0,0,0,0
200106,48,231,3,7,Hunt County                   ,4,4,373764,0,0,0,0,0,0,0,0,0,0,0,0,0,0,0,0,0,0,0,0,0
200106,48,251,3,7,Johnson County                ,68,68,6634232,0,0,0,0,0,0,0,0,0,66,66,6391159,0,0,0,0,0,0,0,0,0
200106,48,257,3,7,Kaufman County                ,20,20,1988367,0,0,0,0,0,0,1,8,370796,12,12,1313465,0,0,0,0,0,0,0,0,0
200106,48,265,3,7,Kerr County                   ,4,4,605000,0,0,0,0,0,0,0,0,0,4,4,605000,0,0,0,0,0,0,0,0,0
200106,48,291,3,7,Liberty County                ,10,10,971691,0,0,0,0,0,0,0,0,0,10,10,971691,0,0,0,0,0,0,0,0,0
200106,48,319,3,7,Mason County                  ,0,0,0,0,0,0,0,0,0,0,0,0,0,0,0,0,0,0,0,0,0,0,0,0
200106,48,323,3,7,Maverick County               ,10,10,547452,1,2,80719,0,0,0,0,0,0,10,10,547452,1,2,80719,0,0,0,0,0,0
200106,48,329,3,7,Midland County                ,22,22,2312930,0,0,0,0,0,0,0,0,0,22,22,2312930,0,0,0,0,0,0,0,0,0
200106,48,339,3,7,Montgomery County             ,362,362,59120646,0,0,0,0,0,0,0,0,0,347,347,57419588,0,0,0,0,0,0,0,0,0
200106,48,367,3,7,Parker County                 ,26,26,2792600,0,0,0,0,0,0,0,0,0,26,26,2792600,0,0,0,0,0,0,0,0,0
200106,48,375,3,7,Potter County                 ,46,46,6851200,0,0,0,0,0,0,0,0,0,46,46,6851200,0,0,0,0,0,0,0,0,0
200106,48,397,3,7,Rockwall County               ,122,122,22432707,0,0,0,0,0,0,0,0,0,122,122,22432707,0,0,0,0,0,0,0,0,0
200106,48,437,3,7,Swisher County                ,0,0,0,0,0,0,0,0,0,0,0,0,0,0,0,0,0,0,0,0,0,0,0,0
200106,48,439,3,7,Tarrant County                ,1131,1131,143108341,6,12,542292,0,0,0,0,0,0,974,974,112856716,6,12,542292,0,0,0,0,0,0
200106,48,451,3,7,Tom Green County              ,21,21,2725000,1,2,236000,0,0,0,0,0,0,21,21,2725000,1,2,236000,0,0,0,0,0,0
200106,48,465,3,7,Val Verde County              ,11,11,617579,0,0,0,0,0,0,0,0,0, , , , , , , , , , , , 
200106,48,469,3,7,Victoria County               ,7,7,678619,0,0,0,0,0,0,0,0,0,7,7,678619,0,0,0,0,0,0,0,0,0
200106,48,473,3,7,Waller County                 ,2,2,185253,0,0,0,0,0,0,3,29,932512,1,1,138553,0,0,0,0,0,0,2,16,672512
200106,48,479,3,7,Webb County                   ,141,141,9636381,1,2,64739,3,11,269950,1,25,857651, , , , , , , , , , , , 
200106,49,011,4,8,Davis County                  ,203,203,26593331,1,2,364000,3,12,723250,5,28,1168710,194,194,25898607,1,2,364000,3,12,723250,5,28,1168710
200106,49,035,4,8,Salt Lake County              ,329,329,44449567,4,8,858905,3,10,863390,3,171,23840422,255,255,34041895,3,6,638084,1,3,314590,3,171,23840422
200106,49,039,4,8,Sanpete County                ,10,10,1107465,0,0,0,0,0,0,0,0,0,10,10,1107465,0,0,0,0,0,0,0,0,0
200106,49,057,4,8,Weber County                  ,128,128,15099721,1,2,181003,1,3,204136,3,74,3045909,68,68,8567231,0,0,0,0,0,0,2,48,1836983
200106,50,013,1,1,Grand Isle County             ,4,4,466129,0,0,0,0,0,0,0,0,0,2,2,279305,0,0,0,0,0,0,0,0,0
200106,51,003,3,5,Albemarle County              ,43,43,9625028,3,6,756075,0,0,0,5,129,7581544,43,43,9625028,3,6,756075,0,0,0,5,129,7581544
200106,51,007,3,5,Amelia County                 ,4,4,479002,0,0,0,0,0,0,0,0,0,4,4,479002,0,0,0,0,0,0,0,0,0
200106,51,009,3,5,Amherst County                ,13,13,1492450,2,4,200000,0,0,0,0,0,0,13,13,1492450,2,4,200000,0,0,0,0,0,0
200106,51,013,3,5,Arlington County              ,1,1,124107,0,0,0,0,0,0,0,0,0,1,1,124107,0,0,0,0,0,0,0,0,0
200106,51,015,3,5,Augusta County                ,49,49,6589650,0,0,0,0,0,0,1,6,109000,49,49,6589650,0,0,0,0,0,0,1,6,109000
200106,51,019,3,5,Bedford County                ,40,40,5415700,0,0,0,2,8,857000,0,0,0,40,40,5415700,0,0,0,2,8,857000,0,0,0
200106,51,023,3,5,Botetourt County              ,15,15,1906418,1,2,159900,0,0,0,0,0,0,15,15,1906418,1,2,159900,0,0,0,0,0,0
200106,51,029,3,5,Buckingham County             ,5,5,495964,0,0,0,0,0,0,0,0,0, , , , , , , , , , , , 
200106,51,031,3,5,Campbell County               ,16,16,2322676,0,0,0,0,0,0,0,0,0,16,16,2322676,0,0,0,0,0,0,0,0,0
200106,51,035,3,5,Carroll County                ,13,13,1209500,0,0,0,0,0,0,1,10,300000,13,13,1209500,0,0,0,0,0,0,1,10,300000
200106,51,036,3,5,Charles City County           ,4,4,418536,0,0,0,0,0,0,0,0,0,4,4,418536,0,0,0,0,0,0,0,0,0
200106,51,037,3,5,Charlotte County              ,11,11,791673,0,0,0,0,0,0,0,0,0,11,11,791673,0,0,0,0,0,0,0,0,0
200106,51,041,3,5,Chesterfield County           ,340,340,27510542,0,0,0,0,0,0,22,150,7500000,340,340,27510542,0,0,0,0,0,0,22,150,7500000
200106,51,043,3,5,Clarke County                 ,10,10,1568887,0,0,0,0,0,0,0,0,0,10,10,1568887,0,0,0,0,0,0,0,0,0
200106,51,047,3,5,Culpeper County               ,29,29,3319836,1,2,45000,0,0,0,1,5,211719, , , , , , , , , , , , 
200106,51,049,3,5,Cumberland County             ,2,2,204100,0,0,0,0,0,0,0,0,0,2,2,204100,0,0,0,0,0,0,0,0,0
200106,51,053,3,5,Dinwiddie County              ,20,20,1619580,0,0,0,0,0,0,0,0,0,20,20,1619580,0,0,0,0,0,0,0,0,0
200106,51,057,3,5,Essex County                  ,1,1,75000,1,2,75000,0,0,0,0,0,0,1,1,75000,1,2,75000,0,0,0,0,0,0
200106,51,059,3,5,Fairfax County                ,266,266,32999627,0,0,0,0,0,0,6,113,6717384,262,262,32516112,0,0,0,0,0,0,6,113,6717384
200106,51,061,3,5,Fauquier County               ,71,71,11888677,0,0,0,0,0,0,0,0,0,60,60,10772090,0,0,0,0,0,0,0,0,0
200106,51,063,3,5,Floyd County                  ,14,14,913500,0,0,0,0,0,0,0,0,0,14,14,913500,0,0,0,0,0,0,0,0,0
200106,51,065,3,5,Fluvanna County               ,38,38,5144340,0,0,0,0,0,0,0,0,0,38,38,5144340,0,0,0,0,0,0,0,0,0
200106,51,067,3,5,Franklin County               ,32,32,5564850,0,0,0,0,0,0,0,0,0,32,32,5564850,0,0,0,0,0,0,0,0,0
200106,51,069,3,5,Frederick County              ,64,64,7488500,0,0,0,0,0,0,0,0,0,64,64,7488500,0,0,0,0,0,0,0,0,0
200106,51,073,3,5,Gloucester County             ,21,21,2117260,0,0,0,0,0,0,0,0,0,21,21,2117260,0,0,0,0,0,0,0,0,0
200106,51,075,3,5,Goochland County              ,23,23,4525223,0,0,0,0,0,0,0,0,0,23,23,4525223,0,0,0,0,0,0,0,0,0
200106,51,077,3,5,Grayson County                ,11,11,734995,0,0,0,0,0,0,0,0,0, , , , , , , , , , , , 
200106,51,079,3,5,Greene County                 ,20,20,1688422,0,0,0,0,0,0,0,0,0, , , , , , , , , , , , 
200106,51,085,3,5,Hanover County                ,86,86,10673228,0,0,0,0,0,0,0,0,0,86,86,10673228,0,0,0,0,0,0,0,0,0
200106,51,087,3,5,Henrico County                ,122,122,15141090,0,0,0,0,0,0,0,0,0,122,122,15141090,0,0,0,0,0,0,0,0,0
200106,51,089,3,5,Henry County                  ,15,15,2340000,0,0,0,0,0,0,0,0,0,15,15,2340000,0,0,0,0,0,0,0,0,0
200106,51,093,3,5,Isle of Wight County          ,26,26,3271470,0,0,0,0,0,0,0,0,0, , , , , , , , , , , , 
200106,51,095,3,5,James City County             ,40,40,4964292,0,0,0,0,0,0,0,0,0,40,40,4964292,0,0,0,0,0,0,0,0,0
200106,51,099,3,5,King George County            ,16,16,1985717,0,0,0,0,0,0,0,0,0,16,16,1985717,0,0,0,0,0,0,0,0,0
200106,51,101,3,5,King William County           ,6,6,310000,0,0,0,0,0,0,0,0,0,6,6,310000,0,0,0,0,0,0,0,0,0
200106,51,103,3,5,Lancaster County              ,8,8,1346784,0,0,0,0,0,0,1,5,250000, , , , , , , , , , , , 
200106,51,105,3,5,Lee County                    ,4,4,330000,0,0,0,0,0,0,0,0,0,4,4,330000,0,0,0,0,0,0,0,0,0
200106,51,107,3,5,Loudoun County                ,424,424,40900970,0,0,0,0,0,0,38,200,37497450,424,424,40900970,0,0,0,0,0,0,38,200,37497450
200106,51,109,3,5,Louisa County                 ,24,24,2485724,0,0,0,0,0,0,0,0,0, , , , , , , , , , , , 
200106,51,111,3,5,Lunenburg County              ,1,1,97999,0,0,0,0,0,0,0,0,0, , , , , , , , , , , , 
200106,51,113,3,5,Madison County                ,3,3,449310,0,0,0,0,0,0,0,0,0,3,3,449310,0,0,0,0,0,0,0,0,0
200106,51,115,3,5,Mathews County                ,1,1,250000,0,0,0,0,0,0,0,0,0,1,1,250000,0,0,0,0,0,0,0,0,0
200106,51,119,3,5,Middlesex County              ,12,12,1136900,0,0,0,0,0,0,0,0,0,12,12,1136900,0,0,0,0,0,0,0,0,0
200106,51,121,3,5,Montgomery County             ,19,19,2752776,0,0,0,0,0,0,0,0,0,8,8,1045422,0,0,0,0,0,0,0,0,0
200106,51,125,3,5,Nelson County                 ,10,10,1565111,0,0,0,0,0,0,0,0,0,10,10,1565111,0,0,0,0,0,0,0,0,0
200106,51,127,3,5,New Kent County               ,15,15,1760529,0,0,0,0,0,0,0,0,0, , , , , , , , , , , , 
200106,51,131,3,5,Northampton County            ,7,7,686294,0,0,0,0,0,0,0,0,0,7,7,686294,0,0,0,0,0,0,0,0,0
200106,51,133,3,5,Northumberland County         ,11,11,1765987,0,0,0,0,0,0,0,0,0, , , , , , , , , , , , 
200106,51,137,3,5,Orange County                 ,20,20,2793188,0,0,0,0,0,0,1,5,112500, , , , , , , , , , , , 
200106,51,139,3,5,Page County                   ,9,9,971000,0,0,0,0,0,0,0,0,0,9,9,971000,0,0,0,0,0,0,0,0,0
200106,51,141,3,5,Patrick County                ,12,12,1168770,0,0,0,0,0,0,0,0,0,12,12,1168770,0,0,0,0,0,0,0,0,0
200106,51,143,3,5,Pittsylvania County           ,26,26,2523479,0,0,0,1,3,56250,0,0,0, , , , , , , , , , , , 
200106,51,145,3,5,Powhatan County               ,19,19,2304864,0,0,0,0,0,0,0,0,0,19,19,2304864,0,0,0,0,0,0,0,0,0
200106,51,147,3,5,Prince Edward County          ,5,5,603503,1,2,69857,0,0,0,0,0,0, , , , , , , , , , , , 
200106,51,149,3,5,Prince George County          ,18,18,2035343,0,0,0,0,0,0,0,0,0, , , , , , , , , , , , 
200106,51,153,3,5,Prince William County         ,365,365,42650860,0,0,0,0,0,0,0,0,0,363,363,42419577,0,0,0,0,0,0,0,0,0
200106,51,157,3,5,Rappahannock County           ,4,4,426429,0,0,0,0,0,0,0,0,0, , , , , , , , , , , , 
200106,51,161,3,5,Roanoke County                ,56,56,3621955,0,0,0,0,0,0,0,0,0,56,56,3621955,0,0,0,0,0,0,0,0,0
200106,51,163,3,5,Rockbridge County             ,20,20,1532131,0,0,0,1,3,963730,0,0,0, , , , , , , , , , , , 
200106,51,165,3,5,Rockingham County             ,39,39,5054145,1,2,146500,0,0,0,0,0,0,4,4,543000,0,0,0,0,0,0,0,0,0
200106,51,167,3,5,Russell County                ,7,7,648250,0,0,0,0,0,0,0,0,0,7,7,648250,0,0,0,0,0,0,0,0,0
200106,51,169,3,5,Scott County                  ,8,8,783609,0,0,0,0,0,0,0,0,0,8,8,783609,0,0,0,0,0,0,0,0,0
200106,51,171,3,5,Shenandoah County             ,15,15,1868263,0,0,0,0,0,0,0,0,0,15,15,1868263,0,0,0,0,0,0,0,0,0
200106,51,173,3,5,Smyth County                  ,4,4,469574,0,0,0,0,0,0,0,0,0,4,4,469574,0,0,0,0,0,0,0,0,0
200106,51,175,3,5,Southampton County            ,6,6,565204,0,0,0,0,0,0,0,0,0, , , , , , , , , , , , 
200106,51,177,3,5,Spotsylvania County           ,145,145,20714578,0,0,0,0,0,0,0,0,0, , , , , , , , , , , , 
200106,51,179,3,5,Stafford County               ,152,152,18864309,0,0,0,0,0,0,0,0,0,152,152,18864309,0,0,0,0,0,0,0,0,0
200106,51,181,3,5,Surry County                  ,5,5,465000,0,0,0,0,0,0,0,0,0,5,5,465000,0,0,0,0,0,0,0,0,0
200106,51,185,3,5,Tazewell County               ,7,7,598180,0,0,0,0,0,0,0,0,0,7,7,598180,0,0,0,0,0,0,0,0,0
200106,51,187,3,5,Warren County                 ,39,39,5307278,0,0,0,0,0,0,0,0,0,39,39,5307278,0,0,0,0,0,0,0,0,0
200106,51,191,3,5,Washington County             ,19,19,1230720,0,0,0,0,0,0,0,0,0,19,19,1230720,0,0,0,0,0,0,0,0,0
200106,51,193,3,5,Westmoreland County           ,5,5,550801,0,0,0,0,0,0,0,0,0, , , , , , , , , , , , 
200106,51,197,3,5,Wythe County                  ,6,6,666600,0,0,0,0,0,0,0,0,0,6,6,666600,0,0,0,0,0,0,0,0,0
200106,51,199,3,5,York County                   ,64,64,7091722,0,0,0,0,0,0,1,5,203030, , , , , , , , , , , , 
200106,51,510,3,5,Alexandria (Independent City) ,12,12,858000,0,0,0,0,0,0,2,85,7025000,12,12,858000,0,0,0,0,0,0,2,85,7025000
200106,51,540,3,5,Charlottesville (Independent C,5,5,419858,0,0,0,0,0,0,1,5,406250, , , , , , , , , , , , 
200106,51,550,3,5,Chesapeake(Independent City)  ,80,80,9660064,0,0,0,0,0,0,2,10,532640,80,80,9660064,0,0,0,0,0,0,2,10,532640
200106,51,570,3,5,Colonial Heights (Independent ,5,5,580000,0,0,0,0,0,0,0,0,0,5,5,580000,0,0,0,0,0,0,0,0,0
200106,51,590,3,5,Danville (Independent City)   ,2,2,288800,0,0,0,0,0,0,0,0,0,2,2,288800,0,0,0,0,0,0,0,0,0
200106,51,600,3,5,Fairfax (Independent City)    ,0,0,0,0,0,0,0,0,0,0,0,0,0,0,0,0,0,0,0,0,0,0,0,0
200106,51,610,3,5,Falls Church (Independent City,0,0,0,0,0,0,0,0,0,0,0,0, , , , , , , , , , , , 
200106,51,620,3,5,Franklin (Independent City)   ,0,0,0,1,2,62825,0,0,0,0,0,0,0,0,0,1,2,62825,0,0,0,0,0,0
200106,51,630,3,5,Fredericksburg(Independent Cit,5,5,524892,0,0,0,0,0,0,0,0,0,5,5,524892,0,0,0,0,0,0,0,0,0
200106,51,650,3,5,Hampton (Independent City)    ,32,32,2078079,0,0,0,0,0,0,0,0,0, , , , , , , , , , , , 
200106,51,660,3,5,Harrisonburg (Independent City,13,13,1419500,1,2,175000,0,0,0,0,0,0,13,13,1419500,1,2,175000,0,0,0,0,0,0
200106,51,670,3,5,Hopewell (Independent City)   ,9,9,610000,0,0,0,0,0,0,0,0,0,9,9,610000,0,0,0,0,0,0,0,0,0
200106,51,680,3,5,Lynchburg (Independent City)  ,14,14,3119900,3,6,300000,0,0,0,0,0,0,14,14,3119900,3,6,300000,0,0,0,0,0,0
200106,51,683,3,5,Manassas (Independent City)   ,5,5,326802,0,0,0,0,0,0,0,0,0, , , , , , , , , , , , 
200106,51,685,3,5,Manassas Park (Independent Cit,0,0,0,0,0,0,0,0,0,0,0,0,0,0,0,0,0,0,0,0,0,0,0,0
200106,51,700,3,5,Newport News (Independent City,53,53,6577687,0,0,0,0,0,0,1,6,356675,53,53,6577687,0,0,0,0,0,0,1,6,356675
200106,51,710,3,5,Norfolk (Independent City)    ,17,17,2109824,0,0,0,0,0,0,0,0,0,17,17,2109824,0,0,0,0,0,0,0,0,0
200106,51,730,3,5,Petersburg (Independent City) ,0,0,0,0,0,0,0,0,0,0,0,0,0,0,0,0,0,0,0,0,0,0,0,0
200106,51,735,3,5,Poquoson (Independent City)   ,5,5,869520,0,0,0,0,0,0,0,0,0,5,5,869520,0,0,0,0,0,0,0,0,0
200106,51,740,3,5,Portsmouth (Independent City) ,13,13,1613395,0,0,0,0,0,0,0,0,0,13,13,1613395,0,0,0,0,0,0,0,0,0
200106,51,750,3,5,Radford (Independent City)    ,2,2,140000,0,0,0,0,0,0,0,0,0,2,2,140000,0,0,0,0,0,0,0,0,0
200106,51,760,3,5,Richmond (Independent City)   ,17,17,1829277,0,0,0,0,0,0,1,5,190000,17,17,1829277,0,0,0,0,0,0,1,5,190000
200106,51,770,3,5,Roanoke (Independent City)    ,22,22,1725238,1,2,97084,0,0,0,0,0,0,22,22,1725238,1,2,97084,0,0,0,0,0,0
200106,51,775,3,5,Salem (Independent City)      ,4,4,415314,0,0,0,0,0,0,0,0,0,4,4,415314,0,0,0,0,0,0,0,0,0
200106,51,790,3,5,Staunton (Independent City)   ,7,7,692000,0,0,0,0,0,0,0,0,0,7,7,692000,0,0,0,0,0,0,0,0,0
200106,51,800,3,5,Suffolk (Independent City)    ,64,64,7465632,1,2,122459,4,16,1017978,0,0,0, , , , , , , , , , , , 
200106,51,810,3,5,Virginia Beach (Independent Ci,99,99,12286622,0,0,0,0,0,0,0,0,0,99,99,12286622,0,0,0,0,0,0,0,0,0
200106,51,820,3,5,Waynesboro (Independent City) ,7,7,759950,0,0,0,0,0,0,0,0,0,7,7,759950,0,0,0,0,0,0,0,0,0
200106,51,830,3,5,Williamsburg (Independent City,31,31,2110000,0,0,0,0,0,0,0,0,0,31,31,2110000,0,0,0,0,0,0,0,0,0
200106,51,840,3,5,Winchester (Independent City) ,9,9,982449,0,0,0,0,0,0,0,0,0, , , , , , , , , , , , 
200106,53,011,4,9,Clark County                  ,312,312,44432650,10,20,1886414,2,8,674376,16,143,9762462,241,241,37273806,9,18,1798307,0,0,0,13,128,8924020
200106,53,029,4,9,Island County                 ,62,62,9377146,0,0,0,0,0,0,0,0,0,62,62,9377146,0,0,0,0,0,0,0,0,0
200106,53,031,4,9,Jefferson County              ,25,25,3206059,0,0,0,0,0,0,0,0,0,25,25,3206059,0,0,0,0,0,0,0,0,0
200106,53,033,4,9,King County                   ,411,411,88180163,4,8,837996,8,30,2851050,37,647,43849344,340,340,73141196,3,6,599436,5,20,1759676,34,606,41173115
200106,53,035,4,9,Kitsap County                 ,122,122,13910110,0,0,0,0,0,0,0,0,0,97,97,9302115,0,0,0,0,0,0,0,0,0
200106,53,053,4,9,Pierce County                 ,339,339,43163994,4,8,684932,1,3,209316,2,10,660398,326,326,41832879,4,8,684932,1,3,209316,2,10,660398
200106,53,061,4,9,Snohomish County              ,356,356,48721860,5,10,790150,0,0,0,13,160,11861748,232,232,34030914,3,6,571575,0,0,0,8,126,8784582
200106,53,067,4,9,Thurston County               ,185,185,25706665,0,0,0,0,0,0,0,0,0,180,180,25008053,0,0,0,0,0,0,0,0,0
200106,54,003,3,5,Berkeley County               ,73,73,8317820,1,2,162857,0,0,0,0,0,0,4,4,401776,0,0,0,0,0,0,0,0,0
200106,54,011,3,5,Cabell County                 ,2,2,308226,0,0,0,0,0,0,0,0,0,0,0,0,0,0,0,0,0,0,0,0,0
200106,54,031,3,5,Hardy County                  ,16,16,679000,0,0,0,0,0,0,0,0,0,16,16,679000,0,0,0,0,0,0,0,0,0
200106,54,037,3,5,Jefferson County              ,43,43,5132006,0,0,0,0,0,0,1,5,245047,6,6,887900,0,0,0,0,0,0,0,0,0
200106,54,091,3,5,Taylor County                 ,0,0,0,0,0,0,0,0,0,0,0,0,0,0,0,0,0,0,0,0,0,0,0,0
200106,55,059,2,3,Kenosha County                ,61,61,8996675,1,2,250000,1,3,350000,1,5,238636,42,42,6131436,1,2,250000,0,0,0,0,0,0
200106,55,078,2,3,Menominee County              ,4,4,255000,0,0,0,0,0,0,0,0,0,4,4,255000,0,0,0,0,0,0,0,0,0
200106,55,079,2,3,Milwaukee County              ,67,67,11199364,2,4,220000,3,12,950000,4,50,4400000,63,63,10708006,2,4,220000,3,12,950000,4,50,4400000
200106,55,089,2,3,Ozaukee County                ,39,39,8606390,2,4,436522,0,0,0,1,5,252926,20,20,3578263,0,0,0,0,0,0,0,0,0
200106,55,093,2,3,Pierce County                 ,28,28,3626829,1,2,179000,0,0,0,0,0,0,10,10,1300600,1,2,179000,0,0,0,0,0,0
200106,55,101,2,3,Racine County                 ,48,48,7713784,2,4,385469,0,0,0,2,10,346006,44,44,7250130,1,2,225000,0,0,0,0,0,0
200106,55,109,2,3,St. Croix County              ,82,82,12273445,8,16,1511505,1,4,114000,1,7,175000,61,61,9859907,8,16,1511505,0,0,0,0,0,0
200106,55,131,2,3,Washington County             ,82,82,15067895,5,10,951667,2,8,660000,0,0,0,66,66,12051419,3,6,580000,2,8,660000,0,0,0
200106,55,133,2,3,Waukesha County               ,161,161,34108266,1,2,250000,1,4,771600,2,16,1250000,133,133,29256475,1,2,250000,1,4,771600,2,16,1250000
200106,56,025,4,8,Natrona County                ,10,10,1634036,0,0,0,0,0,0,0,0,0,7,7,1203000,0,0,0,0,0,0,0,0,0
200106,56,039,4,8,Teton County                  ,26,26,15908244,0,0,0,0,0,0,1,7,272165, , , , , , , , , , , , 
