Survey,FIPS,FIPS,Region,Division,County,,1-unit,,,2-units,,,3-4 units,,,5+ units,,,1-unit rep,,,2-units rep,,,3-4 units rep,,, 5+units rep
Date,State,County,Code,Code,Name,Bldgs,Units,Value,Bldgs,Units,Value,Bldgs,Units,Value,Bldgs,Units,Value,Bldgs,Units,Value,Bldgs,Units,Value,Bldgs,Units,Value,Bldgs,Units,Value
 
200202,01,001,3,6,Autauga County                ,8,8,439325,0,0,0,0,0,0,0,0,0,8,8,439325,0,0,0,0,0,0,0,0,0
200202,01,081,3,6,Lee County                    ,18,18,3380046,6,12,636264,0,0,0,1,8,450000,18,18,3380046,6,12,636264,0,0,0,1,8,450000
200202,01,113,3,6,Russell County                ,19,19,1554784,1,2,75000,0,0,0,0,0,0,19,19,1554784,1,2,75000,0,0,0,0,0,0
200202,02,000,4,9,Alaska Balance of State       ,9,9,1753475,0,0,0,0,0,0,0,0,0, , , , , , , , , , , , 
200202,02,013,4,9,Aleutians East Borough        ,0,0,0,0,0,0,0,0,0,0,0,0,0,0,0,0,0,0,0,0,0,0,0,0
200202,02,016,4,9,Aleutians West Census Area    ,0,0,0,0,0,0,0,0,0,0,0,0,0,0,0,0,0,0,0,0,0,0,0,0
200202,02,020,4,9,Anchorage Borough             ,59,59,10645681,12,24,3449290,0,0,0,3,16,1955202,59,59,10645681,12,24,3449290,0,0,0,3,16,1955202
200202,02,050,4,9,Bethel Census Area            ,1,1,200000,0,0,0,0,0,0,0,0,0,1,1,200000,0,0,0,0,0,0,0,0,0
200202,02,060,4,9,Bristol Bay Borough           ,0,0,0,0,0,0,0,0,0,0,0,0,0,0,0,0,0,0,0,0,0,0,0,0
200202,02,090,4,9,Fairbanks North Star Borough  ,8,8,814857,0,0,0,0,0,0,0,0,0, , , , , , , , , , , , 
200202,02,100,4,9,Haines Borough                ,0,0,0,0,0,0,0,0,0,0,0,0,0,0,0,0,0,0,0,0,0,0,0,0
200202,02,110,4,9,Juneau Borough                ,1,1,298779,0,0,0,0,0,0,0,0,0,1,1,298779,0,0,0,0,0,0,0,0,0
200202,02,122,4,9,Kenai Peninsula Borough       ,5,5,476697,0,0,0,0,0,0,0,0,0,3,3,215400,0,0,0,0,0,0,0,0,0
200202,02,130,4,9,Ketchikan Gateway Borough     ,2,2,272312,0,0,0,0,0,0,0,0,0, , , , , , , , , , , , 
200202,02,150,4,9,Kodiak Island Borough         ,3,3,414006,1,2,202255,0,0,0,0,0,0, , , , , , , , , , , , 
200202,02,170,4,9,Matanuska-Susitna Borough     ,3,3,463520,0,0,0,0,0,0,0,0,0,3,3,463520,0,0,0,0,0,0,0,0,0
200202,02,180,4,9,Nome Census Area              ,0,0,0,0,0,0,0,0,0,0,0,0, , , , , , , , , , , , 
200202,02,185,4,9,North Slope Borough           ,1,1,138733,0,0,0,0,0,0,0,0,0, , , , , , , , , , , , 
200202,02,201,4,9,Prince of Wales-Outer Ketchika,0,0,0,0,0,0,0,0,0,0,0,0,0,0,0,0,0,0,0,0,0,0,0,0
200202,02,220,4,9,Sitka Borough                 ,1,1,91178,0,0,0,0,0,0,0,0,0, , , , , , , , , , , , 
200202,02,232,4,9,Skagway-Hoonah-Angoon Census A,1,1,100000,0,0,0,0,0,0,0,0,0,1,1,100000,0,0,0,0,0,0,0,0,0
200202,02,261,4,9,Valdez-Cordova Census Area    ,0,0,0,0,0,0,0,0,0,0,0,0,0,0,0,0,0,0,0,0,0,0,0,0
200202,02,280,4,9,Wrangell-Petersburg Census Are,0,0,0,0,0,0,0,0,0,0,0,0,0,0,0,0,0,0,0,0,0,0,0,0
200202,02,282,4,9,Yakutat Borough               ,0,0,0,0,0,0,0,0,0,0,0,0, , , , , , , , , , , , 
200202,04,013,4,8,Maricopa County               ,2671,2671,392884201,0,0,0,4,13,1055152,9,159,10322456,2160,2160,328703702,0,0,0,4,13,1055152,8,152,9562913
200202,04,015,4,8,Mohave County                 ,200,200,19894037,11,22,1946095,0,0,0,0,0,0,198,198,19613917,11,22,1946095,0,0,0,0,0,0
200202,04,021,4,8,Pinal County                  ,291,291,32247505,1,2,155000,2,8,388513,0,0,0,266,266,29572574,1,2,155000,2,8,388513,0,0,0
200202,05,023,3,7,Cleburne County               ,6,6,562000,0,0,0,0,0,0,0,0,0,6,6,562000,0,0,0,0,0,0,0,0,0
200202,05,035,3,7,Crittenden County             ,4,4,538000,0,0,0,0,0,0,0,0,0,4,4,538000,0,0,0,0,0,0,0,0,0
200202,05,043,3,7,Drew County                   ,1,1,280000,0,0,0,0,0,0,0,0,0,1,1,280000,0,0,0,0,0,0,0,0,0
200202,05,055,3,7,Greene County                 ,8,8,617500,0,0,0,0,0,0,0,0,0,8,8,617500,0,0,0,0,0,0,0,0,0
200202,05,061,3,7,Howard County                 ,0,0,0,0,0,0,0,0,0,0,0,0,0,0,0,0,0,0,0,0,0,0,0,0
200202,05,071,3,7,Johnson County                ,6,6,425000,0,0,0,0,0,0,0,0,0,6,6,425000,0,0,0,0,0,0,0,0,0
200202,06,001,4,9,Alameda County                ,106,106,28040202,4,8,799248,5,20,1728864,8,115,8241661,84,84,22698497,4,8,799248,5,20,1728864,8,115,8241661
200202,06,003,4,9,Alpine County                 ,0,0,0,0,0,0,0,0,0,0,0,0,0,0,0,0,0,0,0,0,0,0,0,0
200202,06,009,4,9,Calaveras County              ,23,23,4185658,0,0,0,0,0,0,0,0,0,3,3,442588,0,0,0,0,0,0,0,0,0
200202,06,013,4,9,Contra Costa County           ,329,329,74585482,1,2,239500,0,0,0,3,199,11827071,234,234,56596911,0,0,0,0,0,0,2,194,11359199
200202,06,017,4,9,El Dorado County              ,101,101,25777141,2,4,502531,0,0,0,0,0,0,101,101,25777141,2,4,502531,0,0,0,0,0,0
200202,06,019,4,9,Fresno County                 ,145,145,22484018,0,0,0,0,0,0,1,5,204380,127,127,20964819,0,0,0,0,0,0,0,0,0
200202,06,027,4,9,Inyo County                   ,1,1,238787,0,0,0,0,0,0,0,0,0,0,0,0,0,0,0,0,0,0,0,0,0
200202,06,033,4,9,Lake County                   ,16,16,2745415,0,0,0,0,0,0,0,0,0,16,16,2745415,0,0,0,0,0,0,0,0,0
200202,06,037,4,9,Los Angeles County            ,610,610,111000234,4,8,808086,4,15,1156928,17,372,25061158,528,528,91607649,3,6,599436,2,8,769786,12,336,23530979
200202,06,039,4,9,Madera County                 ,71,71,9077815,0,0,0,0,0,0,0,0,0,71,71,9077815,0,0,0,0,0,0,0,0,0
200202,06,041,4,9,Marin County                  ,10,10,3841418,1,2,200000,0,0,0,0,0,0,8,8,2965621,1,2,200000,0,0,0,0,0,0
200202,06,043,4,9,Mariposa County               ,4,4,328029,0,0,0,0,0,0,0,0,0,4,4,328029,0,0,0,0,0,0,0,0,0
200202,06,049,4,9,Modoc County                  ,0,0,0,0,0,0,0,0,0,0,0,0,0,0,0,0,0,0,0,0,0,0,0,0
200202,06,051,4,9,Mono County                   ,2,2,277595,0,0,0,0,0,0,0,0,0,0,0,0,0,0,0,0,0,0,0,0,0
200202,06,055,4,9,Napa County                   ,36,36,8533143,0,0,0,0,0,0,0,0,0,36,36,8533143,0,0,0,0,0,0,0,0,0
200202,06,057,4,9,Nevada County                 ,38,38,6317767,0,0,0,0,0,0,0,0,0,38,38,6317767,0,0,0,0,0,0,0,0,0
200202,06,059,4,9,Orange County                 ,488,488,96553786,1,2,295216,2,7,794397,22,451,36409954,463,463,88733652,0,0,0,2,7,794397,20,427,34574774
200202,06,061,4,9,Placer County                 ,394,394,68370032,0,0,0,1,3,223414,2,16,959926,311,311,52166150,0,0,0,0,0,0,0,0,0
200202,06,063,4,9,Plumas County                 ,9,9,905597,0,0,0,0,0,0,0,0,0,9,9,905597,0,0,0,0,0,0,0,0,0
200202,06,065,4,9,Riverside County              ,1514,1514,258689724,2,4,390659,1,3,317820,0,0,0,1486,1486,253432172,1,2,199812,0,0,0,0,0,0
200202,06,067,4,9,Sacramento County             ,709,709,112910171,9,18,1798307,0,0,0,4,208,14501532,709,709,112910171,9,18,1798307,0,0,0,4,208,14501532
200202,06,069,4,9,San Benito County             ,11,11,1854162,0,0,0,0,0,0,0,0,0,11,11,1854162,0,0,0,0,0,0,0,0,0
200202,06,071,4,9,San Bernardino County         ,535,535,65423238,0,0,0,0,0,0,24,358,21776090,528,528,64090631,0,0,0,0,0,0,24,358,21776090
200202,06,073,4,9,San Diego County              ,542,542,111878516,0,0,0,13,47,4262163,31,347,26195617,536,536,110984324,0,0,0,13,47,4262163,31,347,26195617
200202,06,075,4,9,San Francisco County          ,8,8,1230000,2,4,814900,1,4,250000,4,50,3649623,8,8,1230000,2,4,814900,1,4,250000,4,50,3649623
200202,06,077,4,9,San Joaquin County            ,255,255,42165014,0,0,0,0,0,0,0,0,0,144,144,24144081,0,0,0,0,0,0,0,0,0
200202,06,079,4,9,San Luis Obispo County        ,252,252,40805968,2,4,447192,0,0,0,0,0,0,242,242,38924947,2,4,447192,0,0,0,0,0,0
200202,06,081,4,9,San Mateo County              ,49,49,15819244,2,4,407263,2,6,1200000,1,18,1157250,36,36,11927452,2,4,407263,2,6,1200000,0,0,0
200202,06,085,4,9,Santa Clara County            ,115,115,31303986,2,4,513995,11,42,4140062,11,296,21461810,102,102,29441746,1,2,199812,9,35,3024671,10,288,20347294
200202,06,087,4,9,Santa Cruz County             ,30,30,7299448,0,0,0,0,0,0,1,9,912010,5,5,866456,0,0,0,0,0,0,0,0,0
200202,06,089,4,9,Shasta County                 ,94,94,23674262,0,0,0,5,20,2412562,0,0,0,92,92,23469776,0,0,0,5,20,2412562,0,0,0
200202,06,095,4,9,Solano County                 ,65,65,10983783,0,0,0,0,0,0,5,125,8977573,11,11,1524385,0,0,0,0,0,0,5,125,8977573
200202,06,097,4,9,Sonoma County                 ,112,112,17703862,12,24,2114689,2,7,527775,1,5,565579,69,69,11350752,11,22,1952952,2,7,527775,1,5,565579
200202,06,105,4,9,Trinity County                ,2,2,258059,0,0,0,0,0,0,0,0,0,2,2,258059,0,0,0,0,0,0,0,0,0
200202,06,111,4,9,Ventura County                ,168,168,48653373,1,2,300000,1,4,614000,5,39,4491509,154,154,44509445,1,2,300000,1,4,614000,4,22,3108000
200202,06,113,4,9,Yolo County                   ,72,72,12636698,1,2,54637,1,3,167248,5,42,2849925,28,28,7279879,0,0,0,1,3,167248,5,42,2849925
200202,08,001,4,8,Adams County                  ,269,269,33428207,3,6,817467,1,3,319598,7,54,4231435,211,211,28254881,3,6,817467,1,3,319598,5,35,2932304
200202,08,005,4,8,Arapahoe County               ,286,286,44807350,2,4,249775,0,0,0,2,16,1328406,273,273,41706085,1,2,112844,0,0,0,2,16,1328406
200202,08,013,4,8,Boulder County                ,144,144,30165186,0,0,0,1,3,326728,3,29,3153368,144,144,30165186,0,0,0,1,3,326728,3,29,3153368
200202,08,015,4,8,Chaffee County                ,10,10,819638,0,0,0,0,0,0,0,0,0,10,10,819638,0,0,0,0,0,0,0,0,0
200202,08,031,4,8,Denver County                 ,71,71,10053468,0,0,0,2,8,1057000,4,33,922653,71,71,10053468,0,0,0,2,8,1057000,4,33,922653
200202,08,035,4,8,Douglas County                ,265,265,46027531,0,0,0,0,0,0,0,0,0,265,265,46027531,0,0,0,0,0,0,0,0,0
200202,08,059,4,8,Jefferson County              ,98,98,14783113,1,2,199812,0,0,0,0,0,71000,98,98,14783113,1,2,199812,0,0,0,0,0,71000
200202,08,069,4,8,Larimer County                ,198,198,27612798,2,4,533868,1,4,184448,5,40,2221076,1,1,97377,2,4,533868,0,0,0,0,0,0
200202,08,077,4,8,Mesa County                   ,77,77,8568608,3,6,444671,0,0,0,0,0,0,77,77,8568608,3,6,444671,0,0,0,0,0,0
200202,08,101,4,8,Pueblo County                 ,76,76,8570510,12,24,991440,0,0,0,0,0,0,76,76,8570510,12,24,991440,0,0,0,0,0,0
200202,08,107,4,8,Routt County                  ,3,3,744746,2,4,970486,0,0,0,0,0,0,3,3,744746,2,4,970486,0,0,0,0,0,0
200202,08,113,4,8,San Miguel County             ,6,6,6409650,0,0,0,0,0,0,0,0,0,2,2,1534000,0,0,0,0,0,0,0,0,0
200202,08,123,4,8,Weld County                   ,263,263,34584152,0,0,0,0,0,0,0,0,0,254,254,33729851,0,0,0,0,0,0,0,0,0
200202,09,001,1,1,Fairfield County              ,129,129,36089403,0,0,0,1,3,438000,0,0,0,110,110,24015752,0,0,0,1,3,438000,0,0,0
200202,09,003,1,1,Hartford County               ,105,105,14082856,0,0,10000,1,3,389000,12,72,1196000,98,98,13232216,0,0,10000,1,3,389000,12,72,1196000
200202,09,005,1,1,Litchfield County             ,44,44,6994615,0,0,0,0,0,0,1,5,100000,35,35,5630019,0,0,0,0,0,0,0,0,0
200202,09,007,1,1,Middlesex County              ,40,40,5225325,0,0,0,0,0,0,1,7,94217,26,26,3770897,0,0,0,0,0,0,0,0,0
200202,09,009,1,1,New Haven County              ,85,85,11958425,1,2,118000,0,0,0,2,10,401445,64,64,9770326,1,2,118000,0,0,0,0,0,0
200202,09,011,1,1,New London County             ,57,57,8199883,0,0,0,0,0,0,0,0,15000,49,49,7069851,0,0,0,0,0,0,0,0,15000
200202,09,013,1,1,Tolland County                ,35,35,5520585,0,0,0,0,0,0,0,0,0,27,27,4158520,0,0,0,0,0,0,0,0,0
200202,09,015,1,1,Windham County                ,32,32,3918626,0,0,0,1,4,125000,0,0,0,26,26,3380228,0,0,0,1,4,125000,0,0,0
200202,10,001,3,5,Kent County                   ,75,75,8267400,0,0,0,0,0,0,0,0,0,75,75,8267400,0,0,0,0,0,0,0,0,0
200202,10,003,3,5,New Castle County             ,153,153,12944367,0,0,0,0,0,0,5,51,1826375,0,0,0,0,0,0,0,0,0,0,0,0
200202,10,005,3,5,Sussex County                 ,158,158,21002700,0,0,0,0,0,0,0,0,0,158,158,21002700,0,0,0,0,0,0,0,0,0
200202,11,001,3,5,Washington  DC                ,2,2,248215,0,0,0,0,0,0,0,0,0,2,2,248215,0,0,0,0,0,0,0,0,0
200202,12,001,3,5,Alachua County                ,84,84,8234143,0,0,0,0,0,0,6,132,7471140,68,68,6910287,0,0,0,0,0,0,5,116,6404000
200202,12,003,3,5,Baker County                  ,12,12,1164501,1,2,54240,0,0,0,0,0,0,6,6,419070,1,2,54240,0,0,0,0,0,0
200202,12,005,3,5,Bay County                    ,119,119,16355022,0,0,0,1,4,263676,6,116,8936068,119,119,16355022,0,0,0,1,4,263676,6,116,8936068
200202,12,007,3,5,Bradford County               ,7,7,614700,0,0,0,0,0,0,0,0,0,7,7,614700,0,0,0,0,0,0,0,0,0
200202,12,009,3,5,Brevard County                ,397,397,49783887,0,0,0,0,0,0,12,98,7221471,222,222,26109929,0,0,0,0,0,0,10,88,6296504
200202,12,011,3,5,Broward County                ,610,610,84333265,1,2,126782,6,24,4286137,18,360,18768997,610,610,84333265,1,2,126782,6,24,4286137,16,349,15708325
200202,12,013,3,5,Calhoun County                ,3,3,183114,0,0,0,0,0,0,0,0,0, , , , , , , , , , , , 
200202,12,015,3,5,Charlotte County              ,114,114,16786762,0,0,0,7,28,2584006,0,0,0,114,114,16786762,0,0,0,7,28,2584006,0,0,0
200202,12,017,3,5,Citrus County                 ,111,111,7409967,1,2,18364,0,0,0,0,0,0, , , , , , , , , , , , 
200202,12,019,3,5,Clay County                   ,183,183,20328966,0,0,0,0,0,0,0,0,0,183,183,20328966,0,0,0,0,0,0,0,0,0
200202,12,021,3,5,Collier County                ,317,317,78689859,3,6,526000,40,154,13179000,23,530,114854500,317,317,78689859,3,6,526000,40,154,13179000,23,530,114854500
200202,12,023,3,5,Columbia County               ,34,34,1906870,0,0,0,0,0,0,0,0,0,34,34,1906870,0,0,0,0,0,0,0,0,0
200202,12,027,3,5,DeSoto County                 ,4,4,537481,0,0,0,0,0,0,1,5,600135, , , , , , , , , , , , 
200202,12,029,3,5,Dixie County                  ,14,14,1328282,0,0,0,0,0,0,0,0,0,14,14,1328282,0,0,0,0,0,0,0,0,0
200202,12,031,3,5,Duval County                  ,385,385,48301750,0,0,0,0,0,0,1,45,1225000,385,385,48301750,0,0,0,0,0,0,1,45,1225000
200202,12,033,3,5,Escambia County               ,187,187,23906099,1,2,126782,0,0,0,0,0,0,187,187,23906099,1,2,126782,0,0,0,0,0,0
200202,12,037,3,5,Franklin County               ,12,12,2138791,0,0,0,0,0,0,0,0,0,1,1,75000,0,0,0,0,0,0,0,0,0
200202,12,039,3,5,Gadsden County                ,11,11,1147150,0,0,0,0,0,0,0,0,0,5,5,346000,0,0,0,0,0,0,0,0,0
200202,12,041,3,5,Gilchrist County              ,7,7,697000,0,0,0,0,0,0,0,0,0,7,7,697000,0,0,0,0,0,0,0,0,0
200202,12,045,3,5,Gulf County                   ,18,18,2096595,0,0,0,0,0,0,0,0,0, , , , , , , , , , , , 
200202,12,047,3,5,Hamilton County               ,4,4,344400,0,0,0,0,0,0,0,0,0,4,4,344400,0,0,0,0,0,0,0,0,0
200202,12,049,3,5,Hardee County                 ,10,10,976000,0,0,0,0,0,0,0,0,0,10,10,976000,0,0,0,0,0,0,0,0,0
200202,12,051,3,5,Hendry County                 ,7,7,607561,0,0,0,0,0,0,0,0,0, , , , , , , , , , , , 
200202,12,053,3,5,Hernando County               ,143,143,19115314,1,2,140400,2,7,282000,1,8,255000,143,143,19115314,1,2,140400,2,7,282000,1,8,255000
200202,12,055,3,5,Highlands County              ,51,51,5450295,4,8,573510,0,0,0,0,0,0,50,50,5369737,4,8,573510,0,0,0,0,0,0
200202,12,057,3,5,Hillsborough County           ,731,731,65695305,0,0,0,0,0,0,1,10,488292,729,729,65408726,0,0,0,0,0,0,0,0,0
200202,12,059,3,5,Holmes County                 ,4,4,347000,0,0,0,0,0,0,0,0,0,4,4,347000,0,0,0,0,0,0,0,0,0
200202,12,061,3,5,Indian River County           ,106,106,21196374,1,2,120000,0,0,0,3,56,5221499,28,28,5215170,1,2,120000,0,0,0,0,0,0
200202,12,063,3,5,Jackson County                ,14,14,1147395,0,0,0,0,0,0,0,0,0,14,14,1147395,0,0,0,0,0,0,0,0,0
200202,12,065,3,5,Jefferson County              ,4,4,603962,0,0,0,0,0,0,0,0,0,4,4,603962,0,0,0,0,0,0,0,0,0
200202,12,067,3,5,Lafayette County              ,6,6,737000,0,0,0,0,0,0,0,0,0,6,6,737000,0,0,0,0,0,0,0,0,0
200202,12,069,3,5,Lake County                   ,247,247,29829102,1,2,84864,0,0,0,8,174,9465160,247,247,29829102,1,2,84864,0,0,0,8,174,9465160
200202,12,071,3,5,Lee County                    ,669,669,100066540,32,64,7303556,12,48,5323928,18,267,25017810,669,669,100066540,32,64,7303556,12,48,5323928,18,267,25017810
200202,12,073,3,5,Leon County                   ,149,149,20834836,1,2,126782,1,4,257227,9,74,4398995,149,149,20834836,1,2,126782,1,4,257227,9,74,4398995
200202,12,075,3,5,Levy County                   ,17,17,1801330,0,0,0,0,0,0,0,0,0,17,17,1801330,0,0,0,0,0,0,0,0,0
200202,12,077,3,5,Liberty County                ,1,1,200000,0,0,0,0,0,0,0,0,0,1,1,200000,0,0,0,0,0,0,0,0,0
200202,12,079,3,5,Madison County                ,3,3,252787,0,0,0,0,0,0,0,0,0,2,2,218046,0,0,0,0,0,0,0,0,0
200202,12,081,3,5,Manatee County                ,230,230,36363389,0,0,0,20,80,10254670,20,450,26073554,224,224,35779514,0,0,0,20,80,10254670,20,450,26073554
200202,12,083,3,5,Marion County                 ,329,329,43150635,2,4,222000,0,0,0,7,72,1955200,329,329,43150635,2,4,222000,0,0,0,7,72,1955200
200202,12,085,3,5,Martin County                 ,127,127,23956809,0,0,0,1,3,360000,0,0,0,126,126,23474052,0,0,0,1,3,360000,0,0,0
200202,12,086,3,5,Miami-Dade County             ,606,606,63594767,5,10,633911,0,0,0,10,1067,51677846,604,604,63003755,5,10,633911,0,0,0,10,1067,51677846
200202,12,089,3,5,Nassau County                 ,61,61,10342808,0,0,0,0,0,0,0,0,0,42,42,4997540,0,0,0,0,0,0,0,0,0
200202,12,091,3,5,Okaloosa County               ,119,119,14525567,2,4,160000,1,4,204651,1,5,239528,57,57,7453395,2,4,160000,0,0,0,0,0,0
200202,12,093,3,5,Okeechobee County             ,15,15,1484718,0,0,0,1,3,135000,0,0,0,4,4,600000,0,0,0,1,3,135000,0,0,0
200202,12,095,3,5,Orange County                 ,781,781,94624961,0,0,0,0,0,0,0,0,0,781,781,94624961,0,0,0,0,0,0,0,0,0
200202,12,097,3,5,Osceola County                ,260,260,35785568,0,0,0,0,0,0,6,138,9943242,260,260,35785568,0,0,0,0,0,0,6,138,9943242
200202,12,099,3,5,Palm Beach County             ,570,570,92909445,3,6,653564,0,0,0,27,376,30205102,561,561,83510565,3,6,653564,0,0,0,27,376,30205102
200202,12,101,3,5,Pasco County                  ,436,436,50086922,14,28,1615024,4,12,692540,3,20,1102858,436,436,50086922,14,28,1615024,4,12,692540,3,20,1102858
200202,12,103,3,5,Pinellas County               ,212,212,44114529,0,0,0,0,0,0,2,21,2444487,211,211,43778633,0,0,0,0,0,0,1,16,2100000
200202,12,105,3,5,Polk County                   ,377,377,32724755,1,2,91224,0,0,0,0,0,0,370,370,32273779,1,2,91224,0,0,0,0,0,0
200202,12,107,3,5,Putnam County                 ,17,17,1412883,0,0,0,0,0,0,0,0,0,0,0,0,0,0,0,0,0,0,0,0,0
200202,12,109,3,5,St. Johns County              ,110,110,39165268,0,0,0,0,0,0,0,0,0,110,110,39165268,0,0,0,0,0,0,0,0,0
200202,12,111,3,5,St. Lucie County              ,217,217,23628719,0,0,0,0,0,0,9,115,6163548,102,102,12225739,0,0,0,0,0,0,8,96,5391812
200202,12,113,3,5,Santa Rosa County             ,185,185,22959850,0,0,0,0,0,0,0,0,0,185,185,22959850,0,0,0,0,0,0,0,0,0
200202,12,115,3,5,Sarasota County               ,337,337,56754212,0,0,0,4,16,465128,1,8,868774,337,337,56754212,0,0,0,4,16,465128,1,8,868774
200202,12,117,3,5,Seminole County               ,170,170,36897461,1,2,82892,0,0,0,8,164,10734054,147,147,34047589,1,2,82892,0,0,0,8,164,10734054
200202,12,119,3,5,Sumter County                 ,61,61,6720124,0,0,0,0,0,0,0,0,0,61,61,6720124,0,0,0,0,0,0,0,0,0
200202,12,121,3,5,Suwannee County               ,8,8,801607,0,0,0,0,0,0,0,0,0,8,8,801607,0,0,0,0,0,0,0,0,0
200202,12,123,3,5,Taylor County                 ,13,13,913787,0,0,0,0,0,0,0,0,0,13,13,913787,0,0,0,0,0,0,0,0,0
200202,12,125,3,5,Union County                  ,9,9,705210,0,0,0,0,0,0,0,0,0,9,9,705210,0,0,0,0,0,0,0,0,0
200202,12,127,3,5,Volusia County                ,319,319,38007469,1,2,128405,1,4,416223,2,10,1199472,227,227,29403589,0,0,0,1,4,416223,0,0,0
200202,12,129,3,5,Wakulla County                ,37,37,2264417,0,0,0,1,3,213920,0,0,0, , , , , , , , , , , , 
200202,12,131,3,5,Walton County                 ,99,99,20199756,0,0,0,0,0,0,0,0,0,99,99,20199756,0,0,0,0,0,0,0,0,0
200202,12,133,3,5,Washington County             ,7,7,578064,0,0,0,0,0,0,0,0,0,7,7,578064,0,0,0,0,0,0,0,0,0
200202,13,009,3,5,Baldwin County                ,10,10,1030342,2,4,130000,0,0,0,0,0,0,1,1,28000,1,2,50000,0,0,0,0,0,0
200202,13,013,3,5,Barrow County                 ,116,116,8449261,0,0,0,0,0,0,0,0,0,116,116,8449261,0,0,0,0,0,0,0,0,0
200202,13,015,3,5,Bartow County                 ,108,108,13631338,0,0,0,1,4,257227,3,48,2853402,108,108,13631338,0,0,0,1,4,257227,3,48,2853402
200202,13,027,3,5,Brooks County                 ,2,2,110000,0,0,0,0,0,0,0,0,0,2,2,110000,0,0,0,0,0,0,0,0,0
200202,13,029,3,5,Bryan County                  ,32,32,4658035,0,0,0,0,0,0,0,0,0,32,32,4658035,0,0,0,0,0,0,0,0,0
200202,13,035,3,5,Butts County                  ,27,27,2319848,0,0,0,0,0,0,0,0,0, , , , , , , , , , , , 
200202,13,039,3,5,Camden County                 ,45,45,3492573,1,2,47033,2,8,650000,0,0,0,22,22,1881880,0,0,0,2,8,650000,0,0,0
200202,13,045,3,5,Carroll County                ,191,191,15822628,0,0,0,0,0,0,6,38,2000000,98,98,8565547,0,0,0,0,0,0,6,38,2000000
200202,13,047,3,5,Catoosa County                ,39,39,4689336,0,0,0,1,3,50484,1,5,247195,35,35,4343755,0,0,0,0,0,0,0,0,0
200202,13,057,3,5,Cherokee County               ,256,256,31900603,0,0,0,0,0,0,0,0,0,256,256,31900603,0,0,0,0,0,0,0,0,0
200202,13,063,3,5,Clayton County                ,167,167,19918950,0,0,0,0,0,0,0,0,0,167,167,19918950,0,0,0,0,0,0,0,0,0
200202,13,067,3,5,Cobb County                   ,471,471,57245149,0,0,0,0,0,0,0,0,0,459,459,56161348,0,0,0,0,0,0,0,0,0
200202,13,069,3,5,Coffee County                 ,8,8,735500,0,0,0,0,0,0,0,0,0,8,8,735500,0,0,0,0,0,0,0,0,0
200202,13,077,3,5,Coweta County                 ,145,145,17317271,0,0,0,0,0,0,0,0,0,142,142,17113880,0,0,0,0,0,0,0,0,0
200202,13,085,3,5,Dawson County                 ,26,26,4056203,0,0,0,0,0,0,0,0,0, , , , , , , , , , , , 
200202,13,087,3,5,Decatur County                ,7,7,760322,0,0,0,0,0,0,1,56,3328969,7,7,760322,0,0,0,0,0,0,1,56,3328969
200202,13,089,3,5,DeKalb County                 ,291,291,43562290,0,0,0,0,0,0,0,0,0,291,291,43562290,0,0,0,0,0,0,0,0,0
200202,13,091,3,5,Dodge County                  ,4,4,205000,0,0,0,0,0,0,0,0,0,4,4,205000,0,0,0,0,0,0,0,0,0
200202,13,095,3,5,Dougherty County              ,17,17,1662251,0,0,0,0,0,0,0,0,0,17,17,1662251,0,0,0,0,0,0,0,0,0
200202,13,097,3,5,Douglas County                ,114,114,6525100,0,0,0,0,0,0,9,230,8866218,114,114,6525100,0,0,0,0,0,0,9,230,8866218
200202,13,113,3,5,Fayette County                ,81,81,14762860,1,2,240000,0,0,0,0,0,0,81,81,14762860,1,2,240000,0,0,0,0,0,0
200202,13,115,3,5,Floyd County                  ,36,36,5108215,0,0,0,0,0,0,0,0,0,36,36,5108215,0,0,0,0,0,0,0,0,0
200202,13,117,3,5,Forsyth County                ,181,181,21558750,0,0,0,0,0,0,0,0,0,181,181,21558750,0,0,0,0,0,0,0,0,0
200202,13,121,3,5,Fulton County                 ,268,268,32797678,9,18,1141039,0,0,0,2,37,2199498,261,261,31585464,9,18,1141039,0,0,0,2,37,2199498
200202,13,123,3,5,Gilmer County                 ,45,45,3720000,0,0,0,0,0,0,0,0,0,1,1,200000,0,0,0,0,0,0,0,0,0
200202,13,127,3,5,Glynn County                  ,51,51,10233050,1,2,114573,0,0,0,1,5,406845, , , , , , , , , , , , 
200202,13,129,3,5,Gordon County                 ,45,45,4379143,2,4,200000,0,0,0,0,0,0,45,45,4379143,2,4,200000,0,0,0,0,0,0
200202,13,133,3,5,Greene County                 ,5,5,1545000,0,0,0,0,0,0,0,0,0,5,5,1545000,0,0,0,0,0,0,0,0,0
200202,13,135,3,5,Gwinnett County               ,758,758,72627251,0,0,0,0,0,0,0,0,0,758,758,72627251,0,0,0,0,0,0,0,0,0
200202,13,143,3,5,Haralson County               ,6,6,661968,1,2,101292,0,0,0,0,0,0,5,5,586968,1,2,101292,0,0,0,0,0,0
200202,13,145,3,5,Harris County                 ,38,38,7443731,0,0,0,0,0,0,0,0,0,38,38,7443731,0,0,0,0,0,0,0,0,0
200202,13,151,3,5,Henry County                  ,357,357,35005491,0,0,0,0,0,0,11,282,18748548,357,357,35005491,0,0,0,0,0,0,11,282,18748548
200202,13,157,3,5,Jackson County                ,87,87,12019747,0,0,0,0,0,0,0,0,0,87,87,12019747,0,0,0,0,0,0,0,0,0
200202,13,169,3,5,Jones County                  ,18,18,1102000,1,2,115000,0,0,0,0,0,0,18,18,1102000,1,2,115000,0,0,0,0,0,0
200202,13,173,3,5,Lanier County                 ,3,3,158000,0,0,0,0,0,0,0,0,0,3,3,158000,0,0,0,0,0,0,0,0,0
200202,13,177,3,5,Lee County                    ,26,26,2969359,0,0,0,0,0,0,0,0,0, , , , , , , , , , , , 
200202,13,179,3,5,Liberty County                ,9,9,791308,0,0,0,0,0,0,0,0,0,9,9,791308,0,0,0,0,0,0,0,0,0
200202,13,211,3,5,Morgan County                 ,11,11,1802737,0,0,0,0,0,0,0,0,0,11,11,1802737,0,0,0,0,0,0,0,0,0
200202,13,213,3,5,Murray County                 ,16,16,1654729,0,0,0,0,0,0,1,5,234445,1,1,45000,0,0,0,0,0,0,0,0,0
200202,13,215,3,5,Muscogee County               ,60,60,7446438,0,0,0,5,20,1286137,0,0,0,60,60,7446438,0,0,0,5,20,1286137,0,0,0
200202,13,217,3,5,Newton County                 ,140,140,15466557,0,0,0,0,0,0,1,15,420311,10,10,1085820,0,0,0,0,0,0,0,0,0
200202,13,223,3,5,Paulding County               ,219,219,16837133,0,0,0,0,0,0,1,20,538262,23,23,2517895,0,0,0,0,0,0,0,0,0
200202,13,227,3,5,Pickens County                ,28,28,4809000,0,0,0,0,0,0,0,0,0,28,28,4809000,0,0,0,0,0,0,0,0,0
200202,13,237,3,5,Putnam County                 ,15,15,3250685,0,0,0,0,0,0,0,0,0, , , , , , , , , , , , 
200202,13,239,3,5,Quitman County                ,0,0,0,0,0,0,0,0,0,0,0,0,0,0,0,0,0,0,0,0,0,0,0,0
200202,13,247,3,5,Rockdale County               ,163,163,18490712,0,0,0,0,0,0,0,0,0,163,163,18490712,0,0,0,0,0,0,0,0,0
200202,13,255,3,5,Spalding County               ,34,34,2927300,0,0,0,0,0,0,0,0,0,34,34,2927300,0,0,0,0,0,0,0,0,0
200202,13,257,3,5,Stephens County               ,8,8,705800,0,0,0,0,0,0,0,0,0,8,8,705800,0,0,0,0,0,0,0,0,0
200202,13,291,3,5,Union County                  ,25,25,2934840,0,0,0,0,0,0,0,0,0,25,25,2934840,0,0,0,0,0,0,0,0,0
200202,13,293,3,5,Upson County                  ,7,7,487520,2,4,124800,0,0,0,0,0,0,7,7,487520,2,4,124800,0,0,0,0,0,0
200202,13,297,3,5,Walton County                 ,104,104,10871340,1,2,103333,0,0,0,0,0,0,6,6,613673,0,0,0,0,0,0,0,0,0
200202,13,313,3,5,Whitfield County              ,34,34,1670155,1,2,41200,1,4,100000,2,11,536667,9,9,420000,0,0,0,1,4,100000,1,6,370000
200202,15,001,4,9,Hawaii County                 ,83,83,13599256,0,0,0,0,0,0,1,7,419397, , , , , , , , , , , , 
200202,15,003,4,9,Honolulu County               ,110,110,17519053,0,0,0,0,0,0,0,0,0,110,110,17519053,0,0,0,0,0,0,0,0,0
200202,15,007,4,9,Kauai County                  ,33,33,9519300,0,0,0,0,0,0,0,0,0,33,33,9519300,0,0,0,0,0,0,0,0,0
200202,15,009,4,9,Maui County                   ,56,56,8715817,0,0,0,0,0,0,0,0,0,56,56,8715817,0,0,0,0,0,0,0,0,0
200202,16,017,4,8,Bonner County                 ,2,2,125500,0,0,0,0,0,0,0,0,0,2,2,125500,0,0,0,0,0,0,0,0,0
200202,16,019,4,8,Bonneville County             ,30,30,2904050,0,0,0,0,0,0,3,60,2003790,30,30,2904050,0,0,0,0,0,0,3,60,2003790
200202,17,009,2,3,Brown County                  ,0,0,0,0,0,0,0,0,0,0,0,0,0,0,0,0,0,0,0,0,0,0,0,0
200202,17,023,2,3,Clark County                  ,0,0,0,0,0,0,0,0,0,0,0,0,0,0,0,0,0,0,0,0,0,0,0,0
200202,17,027,2,3,Clinton County                ,11,11,1544774,0,0,0,1,3,207461,0,0,0,9,9,1238000,0,0,0,0,0,0,0,0,0
200202,17,031,2,3,Cook County                   ,357,357,66951982,3,6,503839,15,49,3755305,14,416,30950151,231,231,48784381,0,0,0,0,0,0,3,140,15258332
200202,17,037,2,3,DeKalb County                 ,36,36,4462602,0,0,0,0,0,0,2,24,950000,35,35,4322588,0,0,0,0,0,0,2,24,950000
200202,17,043,2,3,DuPage County                 ,207,207,44653787,0,0,0,0,0,0,2,52,3359055,189,189,40868044,0,0,0,0,0,0,2,52,3359055
200202,17,063,2,3,Grundy County                 ,17,17,2150870,1,2,185000,0,0,0,0,0,0,8,8,680500,0,0,0,0,0,0,0,0,0
200202,17,083,2,3,Jersey County                 ,6,6,690132,1,2,119802,0,0,0,0,0,0,1,1,112736,1,2,119802,0,0,0,0,0,0
200202,17,089,2,3,Kane County                   ,272,272,49622448,0,0,0,5,20,1613920,9,66,5066337,270,270,48818063,0,0,0,5,20,1613920,8,44,3047623
200202,17,091,2,3,Kankakee County               ,22,22,3049452,0,0,0,0,0,0,0,0,0,21,21,2923316,0,0,0,0,0,0,0,0,0
200202,17,093,2,3,Kendall County                ,69,69,10269683,1,2,132312,0,0,0,0,0,0,33,33,5663400,0,0,0,0,0,0,0,0,0
200202,17,097,2,3,Lake County                   ,223,223,40706274,0,0,0,1,3,450000,1,5,625000,196,196,33055209,0,0,0,1,3,450000,0,0,0
200202,17,109,2,3,McDonough County              ,2,2,200000,0,0,0,0,0,0,0,0,0,2,2,200000,0,0,0,0,0,0,0,0,0
200202,17,111,2,3,McHenry County                ,297,297,52884566,2,4,304300,0,0,0,2,10,660000,281,281,50600785,2,4,304300,0,0,0,1,5,275000
200202,17,119,2,3,Madison County                ,76,76,11423059,6,12,1244953,0,0,0,0,0,0,68,68,10636744,5,10,1120223,0,0,0,0,0,0
200202,17,133,2,3,Monroe County                 ,25,25,3818464,1,2,171561,0,0,0,0,0,0,20,20,3006127,1,2,171561,0,0,0,0,0,0
200202,17,163,2,3,St. Clair County              ,75,75,10577860,4,8,686245,0,0,0,0,0,0,55,55,7963431,4,8,686245,0,0,0,0,0,0
200202,17,197,2,3,Will County                   ,365,365,55278629,2,4,492000,1,3,391584,0,0,0,354,354,54243091,2,4,492000,1,3,391584,0,0,0
200202,18,003,2,3,Allen County                  ,131,131,21593788,3,6,423694,0,0,0,0,0,0,131,131,21593788,3,6,423694,0,0,0,0,0,0
200202,18,011,2,3,Boone County                  ,25,25,4214922,0,0,0,0,0,0,0,0,0,25,25,4214922,0,0,0,0,0,0,0,0,0
200202,18,013,2,3,Brown County                  ,6,6,359028,0,0,0,0,0,0,0,0,0, , , , , , , , , , , , 
200202,18,019,2,3,Clark County                  ,74,74,7535803,1,2,107875,1,3,98250,0,0,0,40,40,4222842,0,0,0,0,0,0,0,0,0
200202,18,027,2,3,Daviess County                ,1,1,171164,0,0,0,0,0,0,0,0,0,1,1,171164,0,0,0,0,0,0,0,0,0
200202,18,029,2,3,Dearborn County               ,21,21,3134000,0,0,0,1,3,375000,0,0,0,21,21,3134000,0,0,0,1,3,375000,0,0,0
200202,18,031,2,3,Decatur County                ,5,5,703660,0,0,0,0,0,0,0,0,0,4,4,596000,0,0,0,0,0,0,0,0,0
200202,18,033,2,3,De Kalb County                ,9,9,1130860,0,0,0,0,0,0,0,0,0,9,9,1130860,0,0,0,0,0,0,0,0,0
200202,18,041,2,3,Fayette County                ,3,3,237300,0,0,0,0,0,0,0,0,0,3,3,237300,0,0,0,0,0,0,0,0,0
200202,18,043,2,3,Floyd County                  ,21,21,3643000,0,0,0,0,0,0,0,0,0,21,21,3643000,0,0,0,0,0,0,0,0,0
200202,18,047,2,3,Franklin County               ,9,9,1453700,0,0,0,0,0,0,0,0,0,9,9,1453700,0,0,0,0,0,0,0,0,0
200202,18,057,2,3,Hamilton County               ,242,242,43105188,3,6,621995,1,4,350000,3,43,1524643,203,203,37336459,3,6,621995,1,4,350000,2,38,1200000
200202,18,059,2,3,Hancock County                ,51,51,7245721,0,0,0,0,0,0,0,0,0,37,37,5811554,0,0,0,0,0,0,0,0,0
200202,18,061,2,3,Harrison County               ,10,10,1168000,1,2,180000,0,0,0,0,0,0,10,10,1168000,1,2,180000,0,0,0,0,0,0
200202,18,063,2,3,Hendricks County              ,114,114,14906358,3,6,499604,0,0,0,3,48,1738266,78,78,11066743,2,4,340000,0,0,0,3,48,1738266
200202,18,069,2,3,Huntington County             ,3,3,407820,0,0,0,0,0,0,0,0,0,3,3,407820,0,0,0,0,0,0,0,0,0
200202,18,079,2,3,Jennings County               ,12,12,858077,0,0,0,0,0,0,0,0,0,12,12,858077,0,0,0,0,0,0,0,0,0
200202,18,081,2,3,Johnson County                ,65,65,11617731,0,0,0,0,0,0,0,0,0,64,64,11460821,0,0,0,0,0,0,0,0,0
200202,18,087,2,3,Lagrange County               ,9,9,699812,0,0,0,0,0,0,0,0,0, , , , , , , , , , , , 
200202,18,089,2,3,Lake County                   ,98,98,13469648,3,6,671256,2,8,604785,2,38,2715202,88,88,12208170,3,6,671256,2,8,604785,2,38,2715202
200202,18,095,2,3,Madison County                ,16,16,2067144,0,0,0,0,0,0,0,0,0,16,16,2067144,0,0,0,0,0,0,0,0,0
200202,18,097,2,3,Marion County                 ,247,247,35993497,3,6,514683,0,0,0,7,54,2953159,247,247,35993497,3,6,514683,0,0,0,7,54,2953159
200202,18,105,2,3,Monroe County                 ,41,41,5644857,0,0,0,0,0,0,1,10,546881,41,41,5644857,0,0,0,0,0,0,1,10,546881
200202,18,107,2,3,Montgomery County             ,6,6,680911,0,0,0,0,0,0,0,0,0,1,1,160000,0,0,0,0,0,0,0,0,0
200202,18,109,2,3,Morgan County                 ,38,38,4250017,0,0,0,0,0,0,0,0,0,38,38,4250017,0,0,0,0,0,0,0,0,0
200202,18,115,2,3,Ohio County                   ,2,2,153000,0,0,0,0,0,0,0,0,0,1,1,113000,0,0,0,0,0,0,0,0,0
200202,18,127,2,3,Porter County                 ,46,46,6751031,0,0,0,0,0,0,0,0,0,46,46,6751031,0,0,0,0,0,0,0,0,0
200202,18,135,2,3,Randolph County               ,1,1,71000,0,0,0,0,0,0,0,0,0,1,1,71000,0,0,0,0,0,0,0,0,0
200202,18,143,2,3,Scott County                  ,8,8,441751,0,0,0,0,0,0,1,5,191176, , , , , , , , , , , , 
200202,18,145,2,3,Shelby County                 ,7,7,1155000,0,0,0,1,4,611600,0,0,0,7,7,1155000,0,0,0,1,4,611600,0,0,0
200202,18,157,2,3,Tippecanoe County             ,36,36,4976830,15,30,2573417,1,4,300000,0,0,0,36,36,4976830,15,30,2573417,1,4,300000,0,0,0
200202,18,163,2,3,Vanderburgh County            ,75,75,6006000,0,0,0,0,0,0,0,0,0,75,75,6006000,0,0,0,0,0,0,0,0,0
200202,18,179,2,3,Wells County                  ,1,1,145856,0,0,0,0,0,0,0,0,0,1,1,145856,0,0,0,0,0,0,0,0,0
200202,18,181,2,3,White County                  ,5,5,636500,0,0,0,0,0,0,0,0,0,5,5,636500,0,0,0,0,0,0,0,0,0
200202,20,025,2,4,Clark County                  ,0,0,0,0,0,0,0,0,0,0,0,0,0,0,0,0,0,0,0,0,0,0,0,0
200202,20,063,2,4,Gove County                   ,0,0,0,0,0,0,0,0,0,0,0,0,0,0,0,0,0,0,0,0,0,0,0,0
200202,20,091,2,4,Johnson County                ,298,298,44326807,2,4,940000,11,44,3518000,8,45,2734000,294,294,43418992,2,4,940000,11,44,3518000,8,45,2734000
200202,20,103,2,4,Leavenworth County            ,30,30,3039456,0,0,0,0,0,0,0,0,0,30,30,3039456,0,0,0,0,0,0,0,0,0
200202,20,105,2,4,Lincoln County                ,0,0,0,0,0,0,0,0,0,0,0,0,0,0,0,0,0,0,0,0,0,0,0,0
200202,20,121,2,4,Miami County                  ,10,10,1553276,1,2,188957,0,0,0,0,0,0, , , , , , , , , , , , 
200202,20,187,2,4,Stanton County                ,0,0,0,0,0,0,0,0,0,0,0,0,0,0,0,0,0,0,0,0,0,0,0,0
200202,20,209,2,4,Wyandotte County              ,11,11,1363576,0,0,0,0,0,0,0,0,0,1,1,93000,0,0,0,0,0,0,0,0,0
200202,21,015,3,6,Boone County                  ,118,118,10698627,0,0,0,1,3,225000,1,14,555226, , , , , , , , , , , , 
200202,21,021,3,6,Boyle County                  ,12,12,1548000,0,0,0,0,0,0,0,0,0,12,12,1548000,0,0,0,0,0,0,0,0,0
200202,21,029,3,6,Bullitt County                ,42,42,5390400,0,0,0,1,4,240000,0,0,0,42,42,5390400,0,0,0,1,4,240000,0,0,0
200202,21,035,3,6,Calloway County               ,2,2,214500,0,0,0,0,0,0,1,27,1614105,2,2,214500,0,0,0,0,0,0,1,27,1614105
200202,21,037,3,6,Campbell County               ,17,17,2320480,0,0,0,0,0,0,1,5,295455,6,6,848440,0,0,0,0,0,0,0,0,0
200202,21,049,3,6,Clark County                  ,21,21,2579645,0,0,0,0,0,0,0,0,0, , , , , , , , , , , , 
200202,21,067,3,6,Fayette County                ,297,297,24550828,0,0,0,2,8,1200000,0,0,0,297,297,24550828,0,0,0,2,8,1200000,0,0,0
200202,21,073,3,6,Franklin County               ,13,13,1587994,0,0,0,1,3,225000,1,5,246952, , , , , , , , , , , , 
200202,21,077,3,6,Gallatin County               ,0,0,0,0,0,0,0,0,0,0,0,0,0,0,0,0,0,0,0,0,0,0,0,0
200202,21,081,3,6,Grant County                  ,14,14,1499544,2,4,174800,1,3,155625,0,0,0, , , , , , , , , , , , 
200202,21,097,3,6,Harrison County               ,5,5,350003,0,0,0,0,0,0,0,0,0, , , , , , , , , , , , 
200202,21,099,3,6,Hart County                   ,3,3,166023,0,0,0,0,0,0,0,0,0,0,0,0,0,0,0,0,0,0,0,0,0
200202,21,107,3,6,Hopkins County                ,4,4,355400,0,0,0,0,0,0,0,0,0,4,4,355400,0,0,0,0,0,0,0,0,0
200202,21,111,3,6,Jefferson County              ,197,197,23596306,0,0,0,1,3,130000,4,60,5368143,197,197,23596306,0,0,0,1,3,130000,4,60,5368143
200202,21,113,3,6,Jessamine County              ,48,48,5486000,0,0,0,3,12,788000,0,0,0,48,48,5486000,0,0,0,3,12,788000,0,0,0
200202,21,117,3,6,Kenton County                 ,49,49,5612754,0,0,0,0,0,0,3,19,920075,26,26,3260709,0,0,0,0,0,0,1,6,492873
200202,21,123,3,6,Larue County                  ,11,11,440500,0,0,0,0,0,0,0,0,0, , , , , , , , , , , , 
200202,21,125,3,6,Laurel County                 ,2,2,190000,0,0,0,0,0,0,0,0,0,2,2,190000,0,0,0,0,0,0,0,0,0
200202,21,157,3,6,Marshall County               ,7,7,791000,0,0,0,0,0,0,0,0,0,7,7,791000,0,0,0,0,0,0,0,0,0
200202,21,161,3,6,Mason County                  ,0,0,0,0,0,0,0,0,0,0,0,0,0,0,0,0,0,0,0,0,0,0,0,0
200202,21,167,3,6,Mercer County                 ,9,9,834860,0,0,0,0,0,0,0,0,0,9,9,834860,0,0,0,0,0,0,0,0,0
200202,21,179,3,6,Nelson County                 ,32,32,2780282,1,2,65000,0,0,0,0,0,0,32,32,2780282,1,2,65000,0,0,0,0,0,0
200202,21,185,3,6,Oldham County                 ,56,56,6950009,0,0,0,0,0,0,0,0,0,56,56,6950009,0,0,0,0,0,0,0,0,0
200202,21,191,3,6,Pendleton County              ,0,0,0,0,0,0,0,0,0,0,0,0, , , , , , , , , , , , 
200202,21,209,3,6,Scott County                  ,17,17,2196872,0,0,0,0,0,0,0,0,0, , , , , , , , , , , , 
200202,21,211,3,6,Shelby County                 ,33,33,4923500,0,0,0,0,0,0,0,0,0,33,33,4923500,0,0,0,0,0,0,0,0,0
200202,21,213,3,6,Simpson County                ,7,7,688000,1,2,90000,0,0,0,0,0,0,7,7,688000,1,2,90000,0,0,0,0,0,0
200202,21,239,3,6,Woodford County               ,15,15,2156000,0,0,0,0,0,0,0,0,0,15,15,2156000,0,0,0,0,0,0,0,0,0
200202,22,007,3,7,Assumption Parish             ,4,4,469574,0,0,0,0,0,0,0,0,0,4,4,469574,0,0,0,0,0,0,0,0,0
200202,22,071,3,7,Orleans Parish                ,28,28,3475004,1,2,126782,0,0,0,0,0,0,28,28,3475004,1,2,126782,0,0,0,0,0,0
200202,22,087,3,7,St. Bernard Parish            ,8,8,476395,0,0,0,0,0,0,0,0,0,8,8,476395,0,0,0,0,0,0,0,0,0
200202,22,089,3,7,St. Charles Parish            ,18,18,2379000,0,0,0,0,0,0,0,0,0,18,18,2379000,0,0,0,0,0,0,0,0,0
200202,22,109,3,7,Terrebonne Parish             ,37,37,3144875,1,2,111090,0,0,0,0,0,0,37,37,3144875,1,2,111090,0,0,0,0,0,0
200202,24,003,3,5,Anne Arundel County           ,136,136,16299232,0,0,0,0,0,0,0,0,0,124,124,15389305,0,0,0,0,0,0,0,0,0
200202,24,005,3,5,Baltimore County              ,139,139,17250914,0,0,0,1,4,257227,2,28,1664485,139,139,17250914,0,0,0,1,4,257227,2,28,1664485
200202,24,009,3,5,Calvert County                ,59,59,8211000,0,0,0,0,0,0,0,0,0,59,59,8211000,0,0,0,0,0,0,0,0,0
200202,24,013,3,5,Carroll County                ,90,90,10807506,0,0,0,0,0,0,0,0,0,90,90,10807506,0,0,0,0,0,0,0,0,0
200202,24,015,3,5,Cecil County                  ,84,84,8843296,0,0,0,0,0,0,0,0,0,83,83,8759315,0,0,0,0,0,0,0,0,0
200202,24,017,3,5,Charles County                ,123,123,15482307,0,0,0,0,0,0,0,0,0,123,123,15482307,0,0,0,0,0,0,0,0,0
200202,24,021,3,5,Frederick County              ,173,173,20846988,0,0,0,0,0,0,0,0,0,173,173,20846988,0,0,0,0,0,0,0,0,0
200202,24,023,3,5,Garrett County                ,18,18,2360528,0,0,0,0,0,0,0,0,0,18,18,2360528,0,0,0,0,0,0,0,0,0
200202,24,025,3,5,Harford County                ,108,108,12977740,0,0,0,0,0,0,0,0,0,102,102,12442515,0,0,0,0,0,0,0,0,0
200202,24,027,3,5,Howard County                 ,87,87,10797335,0,0,0,0,0,0,0,0,0,87,87,10797335,0,0,0,0,0,0,0,0,0
200202,24,031,3,5,Montgomery County             ,265,265,33118721,0,0,0,0,0,0,2,20,1188918,265,265,33118721,0,0,0,0,0,0,2,20,1188918
200202,24,033,3,5,Prince George's County        ,241,241,29996052,0,0,0,0,0,0,0,0,0,241,241,29996052,0,0,0,0,0,0,0,0,0
200202,24,035,3,5,Queen Anne's County           ,41,41,5262219,0,0,0,0,0,0,0,0,0,40,40,5087219,0,0,0,0,0,0,0,0,0
200202,24,039,3,5,Somerset County               ,3,3,255600,0,0,0,0,0,0,0,0,0,3,3,255600,0,0,0,0,0,0,0,0,0
200202,24,043,3,5,Washington County             ,64,64,6978900,2,4,190782,0,0,0,0,0,0,64,64,6978900,2,4,190782,0,0,0,0,0,0
200202,24,510,3,5,Baltimore (Independent City)  ,1,1,124107,0,0,0,0,0,0,1,66,3923428,1,1,124107,0,0,0,0,0,0,1,66,3923428
200202,25,009,1,1,Essex County                  ,66,66,11380864,3,6,428000,0,0,0,3,30,3670375,35,35,5278811,3,6,428000,0,0,0,2,19,2250000
200202,25,017,1,1,Middlesex County              ,109,109,21565088,4,8,763106,1,4,291132,1,5,582714,71,71,14866821,4,8,763106,1,4,291132,0,0,0
200202,25,019,1,1,Nantucket County              ,9,9,2414937,0,0,0,0,0,0,0,0,0,9,9,2414937,0,0,0,0,0,0,0,0,0
200202,25,021,1,1,Norfolk County                ,59,59,13188516,1,2,120000,1,3,464444,3,39,3143531,40,40,8447672,0,0,0,0,0,0,0,0,0
200202,25,023,1,1,Plymouth County               ,97,97,18038927,2,4,600000,0,0,0,0,0,0,67,67,14229946,2,4,600000,0,0,0,0,0,0
200202,25,025,1,1,Suffolk County                ,17,17,2224791,7,14,1019818,0,0,0,3,208,13306176,16,16,2184791,7,14,1019818,0,0,0,3,208,13306176
200202,26,000,2,3,Michigan Balance of State     ,9,9,478983,0,0,0,0,0,0,0,0,0, , , , , , , , , , , , 
200202,26,005,2,3,Allegan County                ,43,43,5565453,0,0,0,0,0,0,0,0,0,23,23,3849000,0,0,0,0,0,0,0,0,0
200202,26,009,2,3,Antrim County                 ,7,7,1693820,0,0,0,0,0,0,0,0,0,7,7,1693820,0,0,0,0,0,0,0,0,0
200202,26,019,2,3,Benzie County                 ,11,11,1443000,0,0,0,0,0,0,0,0,0,11,11,1443000,0,0,0,0,0,0,0,0,0
200202,26,029,2,3,Charlevoix County             ,15,15,2235758,0,0,0,0,0,0,0,0,0, , , , , , , , , , , , 
200202,26,031,2,3,Cheboygan County              ,5,5,455000,0,0,0,0,0,0,0,0,0,5,5,455000,0,0,0,0,0,0,0,0,0
200202,26,043,2,3,Dickinson County              ,1,1,100000,0,0,0,0,0,0,0,0,0,1,1,100000,0,0,0,0,0,0,0,0,0
200202,26,049,2,3,Genesee County                ,97,97,12867284,0,0,0,0,0,0,0,0,0,89,89,12102296,0,0,0,0,0,0,0,0,0
200202,26,051,2,3,Gladwin County                ,5,5,559393,0,0,0,0,0,0,0,0,0,5,5,559393,0,0,0,0,0,0,0,0,0
200202,26,055,2,3,Grand Traverse County         ,17,17,1850477,0,0,0,0,0,0,0,0,0,17,17,1850477,0,0,0,0,0,0,0,0,0
200202,26,059,2,3,Hillsdale County              ,6,6,500777,0,0,0,0,0,0,0,0,0,6,6,500777,0,0,0,0,0,0,0,0,0
200202,26,079,2,3,Kalkaska County               ,2,2,135000,0,0,0,0,0,0,0,0,0,2,2,135000,0,0,0,0,0,0,0,0,0
200202,26,081,2,3,Kent County                   ,165,165,22958161,0,0,0,3,11,1164000,1,9,265054,126,126,19531753,0,0,0,3,11,1164000,0,0,0
200202,26,087,2,3,Lapeer County                 ,27,27,4463902,0,0,0,0,0,0,0,0,0,24,24,4160663,0,0,0,0,0,0,0,0,0
200202,26,089,2,3,Leelanau County               ,11,11,1952684,0,0,0,0,0,0,0,0,0,11,11,1952684,0,0,0,0,0,0,0,0,0
200202,26,091,2,3,Lenawee County                ,29,29,3133141,0,0,0,0,0,0,0,0,0,6,6,594500,0,0,0,0,0,0,0,0,0
200202,26,093,2,3,Livingston County             ,125,125,18457760,0,0,0,0,0,0,1,10,546881,125,125,18457760,0,0,0,0,0,0,1,10,546881
200202,26,099,2,3,Macomb County                 ,244,244,36187801,0,0,0,0,0,0,1,5,523902,203,203,29773650,0,0,0,0,0,0,0,0,0
200202,26,113,2,3,Missaukee County              ,2,2,223757,0,0,0,0,0,0,0,0,0,2,2,223757,0,0,0,0,0,0,0,0,0
200202,26,115,2,3,Monroe County                 ,49,49,6570466,0,0,0,0,0,0,2,11,347877,41,41,5807296,0,0,0,0,0,0,0,0,0
200202,26,119,2,3,Montmorency County            ,1,1,60000,0,0,0,0,0,0,0,0,0,1,1,60000,0,0,0,0,0,0,0,0,0
200202,26,121,2,3,Muskegon County               ,34,34,4552676,1,2,121312,0,0,0,0,0,0,18,18,2547358,0,0,0,0,0,0,0,0,0
200202,26,125,2,3,Oakland County                ,249,249,41310526,2,4,758925,4,16,960512,17,137,11942500,205,205,35358583,2,4,758925,4,16,960512,17,137,11942500
200202,26,129,2,3,Ogemaw County                 ,6,6,329485,0,0,0,0,0,0,0,0,0, , , , , , , , , , , , 
200202,26,133,2,3,Osceola County                ,4,4,228600,0,0,0,0,0,0,0,0,0,4,4,228600,0,0,0,0,0,0,0,0,0
200202,26,135,2,3,Oscoda County                 ,0,0,0,0,0,0,0,0,0,0,0,0,0,0,0,0,0,0,0,0,0,0,0,0
200202,26,137,2,3,Otsego County                 ,12,12,1532948,0,0,0,0,0,0,1,5,234500, , , , , , , , , , , , 
200202,26,139,2,3,Ottawa County                 ,98,98,14405540,1,2,234400,1,3,232636,3,25,1262122,43,43,6993514,1,2,234400,0,0,0,0,0,0
200202,26,141,2,3,Presque Isle County           ,3,3,345500,0,0,0,0,0,0,0,0,0,3,3,345500,0,0,0,0,0,0,0,0,0
200202,26,147,2,3,St. Clair County              ,35,35,4038282,0,0,0,0,0,0,0,0,0,20,20,2511408,0,0,0,0,0,0,0,0,0
200202,26,153,2,3,Schoolcraft County            ,0,0,0,0,0,0,0,0,0,0,0,0,0,0,0,0,0,0,0,0,0,0,0,0
200202,26,161,2,3,Washtenaw County              ,143,143,21753764,0,0,0,0,0,0,0,0,0,102,102,14840412,0,0,0,0,0,0,0,0,0
200202,26,163,2,3,Wayne County                  ,149,149,23448424,4,8,838452,6,23,2522185,6,57,3260736,111,111,18463690,4,8,838452,6,23,2522185,4,44,2554646
200202,27,003,2,4,Anoka County                  ,110,110,17207880,4,8,834000,0,0,0,0,0,0,108,108,16967062,4,8,834000,0,0,0,0,0,0
200202,27,019,2,4,Carver County                 ,74,74,12761815,0,0,0,0,0,0,0,0,0,66,66,11325695,0,0,0,0,0,0,0,0,0
200202,27,025,2,4,Chisago County                ,33,33,4157052,1,2,169478,0,0,0,0,0,0,20,20,2700358,0,0,0,0,0,0,0,0,0
200202,27,031,2,4,Cook County                   ,2,2,92000,0,0,0,0,0,0,0,0,0,2,2,92000,0,0,0,0,0,0,0,0,0
200202,27,037,2,4,Dakota County                 ,128,128,21731035,2,4,870000,2,7,843800,0,0,0,123,123,20864456,2,4,870000,2,7,843800,0,0,0
200202,27,053,2,4,Hennepin County               ,190,190,44496899,2,4,602953,1,4,486795,10,491,54259663,190,190,44496899,2,4,602953,1,4,486795,10,491,54259663
200202,27,059,2,4,Isanti County                 ,22,22,2253449,0,0,0,0,0,0,0,0,0,22,22,2253449,0,0,0,0,0,0,0,0,0
200202,27,109,2,4,Olmsted County                ,54,54,7880982,1,2,223553,1,4,321086,2,29,1265141,14,14,2199450,0,0,0,0,0,0,0,0,0
200202,27,123,2,4,Ramsey County                 ,24,24,4938205,1,2,294286,2,6,660000,2,12,1264500,23,23,4630310,0,0,0,0,0,0,1,6,612000
200202,27,139,2,4,Scott County                  ,114,114,20649668,0,0,0,0,0,0,0,0,0,111,111,20274058,0,0,0,0,0,0,0,0,0
200202,27,141,2,4,Sherburne County              ,52,52,7523314,0,0,0,0,0,0,0,0,0,52,52,7523314,0,0,0,0,0,0,0,0,0
200202,27,163,2,4,Washington County             ,118,118,21391252,0,0,0,0,0,0,1,12,994892,117,117,21057140,0,0,0,0,0,0,1,12,994892
200202,27,171,2,4,Wright County                 ,102,102,16489889,0,0,0,1,4,360000,0,0,0,98,98,15825838,0,0,0,1,4,360000,0,0,0
200202,28,025,3,6,Clay County                   ,3,3,274560,0,0,0,0,0,0,0,0,0, , , , , , , , , , , , 
200202,28,033,3,6,DeSoto County                 ,153,153,17092341,0,0,0,0,0,0,0,0,0,153,153,17092341,0,0,0,0,0,0,0,0,0
200202,28,037,3,6,Franklin County               ,0,0,0,0,0,0,0,0,0,0,0,0,0,0,0,0,0,0,0,0,0,0,0,0
200202,28,039,3,6,George County                 ,1,1,81250,0,0,0,0,0,0,0,0,0, , , , , , , , , , , , 
200202,28,043,3,6,Grenada County                ,0,0,0,0,0,0,0,0,0,0,0,0,0,0,0,0,0,0,0,0,0,0,0,0
200202,28,047,3,6,Harrison County               ,87,87,9584391,0,0,0,1,4,407999,2,16,2420465,87,87,9584391,0,0,0,1,4,407999,2,16,2420465
200202,28,071,3,6,Lafayette County              ,1,1,80000,0,0,0,0,0,0,0,0,0,1,1,80000,0,0,0,0,0,0,0,0,0
200202,28,085,3,6,Lincoln County                ,2,2,180630,0,0,0,0,0,0,0,0,0,2,2,180630,0,0,0,0,0,0,0,0,0
200202,28,131,3,6,Stone County                  ,1,1,60500,0,0,0,0,0,0,0,0,0, , , , , , , , , , , , 
200202,28,149,3,6,Warren County                 ,1,1,118291,0,0,0,0,0,0,0,0,0, , , , , , , , , , , , 
200202,28,153,3,6,Wayne County                  ,6,6,263000,0,0,0,0,0,0,0,0,0,6,6,263000,0,0,0,0,0,0,0,0,0
200202,28,159,3,6,Winston County                ,0,0,0,0,0,0,0,0,0,0,0,0,0,0,0,0,0,0,0,0,0,0,0,0
200202,28,163,3,6,Yazoo County                  ,0,0,0,0,0,0,0,0,0,0,0,0, , , , , , , , , , , , 
200202,29,011,2,4,Barton County                 ,1,1,50499,0,0,0,0,0,0,0,0,0, , , , , , , , , , , , 
200202,29,019,2,4,Boone County                  ,76,76,9795400,5,10,915300,1,3,267400,2,16,1100000,76,76,9795400,5,10,915300,1,3,267400,2,16,1100000
200202,29,023,2,4,Butler County                 ,1,1,77000,0,0,0,0,0,0,0,0,0,1,1,77000,0,0,0,0,0,0,0,0,0
200202,29,031,2,4,Cape Girardeau County         ,6,6,851159,0,0,0,0,0,0,1,7,297745, , , , , , , , , , , , 
200202,29,035,2,4,Carter County                 ,0,0,0,0,0,0,0,0,0,0,0,0, , , , , , , , , , , , 
200202,29,037,2,4,Cass County                   ,36,36,4357142,5,10,452000,0,0,0,0,0,0,36,36,4357142,5,10,452000,0,0,0,0,0,0
200202,29,047,2,4,Clay County                   ,30,30,4394217,0,0,0,0,0,0,0,0,0,30,30,4394217,0,0,0,0,0,0,0,0,0
200202,29,049,2,4,Clinton County                ,14,14,1635670,0,0,0,0,0,0,0,0,0,12,12,1445300,0,0,0,0,0,0,0,0,0
200202,29,071,2,4,Franklin County               ,47,47,10534851,2,4,545000,1,3,200000,0,0,0,47,47,10534851,2,4,545000,1,3,200000,0,0,0
200202,29,077,2,4,Greene County                 ,100,100,14720413,16,32,1867000,0,0,0,0,0,0,100,100,14720413,16,32,1867000,0,0,0,0,0,0
200202,29,095,2,4,Jackson County                ,420,420,41302777,2,4,190160,0,0,0,0,0,0,419,419,41141091,2,4,190160,0,0,0,0,0,0
200202,29,099,2,4,Jefferson County              ,120,120,14205793,0,0,0,0,0,0,0,0,0,120,120,14205793,0,0,0,0,0,0,0,0,0
200202,29,105,2,4,Laclede County                ,3,3,258227,1,2,100000,0,0,0,0,0,0, , , , , , , , , , , , 
200202,29,107,2,4,Lafayette County              ,2,2,160000,0,0,0,0,0,0,0,0,0,2,2,160000,0,0,0,0,0,0,0,0,0
200202,29,111,2,4,Lewis County                  ,0,0,0,0,0,0,0,0,0,0,0,0, , , , , , , , , , , , 
200202,29,113,2,4,Lincoln County                ,5,5,479750,0,0,0,0,0,0,0,0,0,5,5,479750,0,0,0,0,0,0,0,0,0
200202,29,129,2,4,Mercer County                 ,0,0,0,0,0,0,0,0,0,0,0,0,0,0,0,0,0,0,0,0,0,0,0,0
200202,29,165,2,4,Platte County                 ,31,31,5310993,2,4,310000,0,0,0,0,0,0,21,21,2776124,2,4,310000,0,0,0,0,0,0
200202,29,167,2,4,Polk County                   ,4,4,293048,2,4,231200,0,0,0,0,0,0,4,4,293048,2,4,231200,0,0,0,0,0,0
200202,29,177,2,4,Ray County                    ,6,6,823856,0,0,0,0,0,0,0,0,0,5,5,738856,0,0,0,0,0,0,0,0,0
200202,29,183,2,4,St. Charles County            ,237,237,30783702,15,30,2675842,6,21,1115000,0,0,0,237,237,30783702,15,30,2675842,6,21,1115000,0,0,0
200202,29,189,2,4,St. Louis County              ,122,122,20818291,4,8,686245,0,0,0,5,49,5845020,112,112,18936786,4,8,686245,0,0,0,4,42,5579503
200202,29,211,2,4,Sullivan County               ,0,0,0,0,0,0,0,0,0,0,0,0,0,0,0,0,0,0,0,0,0,0,0,0
200202,29,510,2,4,St. Louis (Independent City)  ,7,7,1020991,0,0,0,0,0,0,1,38,2078149,7,7,1020991,0,0,0,0,0,0,1,38,2078149
200202,30,029,4,8,Flathead County               ,12,12,2186615,1,2,199812,0,0,0,0,0,0,12,12,2186615,1,2,199812,0,0,0,0,0,0
200202,30,093,4,8,Silver Bow County             ,0,0,33166,0,0,0,0,0,0,0,0,0,0,0,33166,0,0,0,0,0,0,0,0,0
200202,31,001,2,4,Adams County                  ,3,3,343500,0,0,0,0,0,0,0,0,0,3,3,343500,0,0,0,0,0,0,0,0,0
200202,31,077,2,4,Greeley County                ,0,0,0,0,0,0,0,0,0,0,0,0,0,0,0,0,0,0,0,0,0,0,0,0
200202,32,001,4,8,Churchill County              ,9,9,1213360,0,0,0,0,0,0,0,0,0,9,9,1213360,0,0,0,0,0,0,0,0,0
200202,32,003,4,8,Clark County                  ,1664,1664,204169522,0,0,0,0,0,0,70,551,26815320,1664,1664,204169522,0,0,0,0,0,0,70,551,26815320
200202,32,005,4,8,Douglas County                ,41,41,6562097,0,0,0,0,0,0,0,0,0,41,41,6562097,0,0,0,0,0,0,0,0,0
200202,32,007,4,8,Elko County                   ,1,1,132248,0,0,0,0,0,0,0,0,0,1,1,132248,0,0,0,0,0,0,0,0,0
200202,32,013,4,8,Humboldt County               ,0,0,0,0,0,0,0,0,0,0,0,0,0,0,0,0,0,0,0,0,0,0,0,0
200202,32,015,4,8,Lander County                 ,0,0,0,0,0,0,0,0,0,0,0,0,0,0,0,0,0,0,0,0,0,0,0,0
200202,32,017,4,8,Lincoln County                ,1,1,67110,0,0,0,0,0,0,0,0,0, , , , , , , , , , , , 
200202,32,019,4,8,Lyon County                   ,10,10,928914,0,0,0,0,0,0,1,5,277008,0,0,0,0,0,0,0,0,0,0,0,0
200202,32,021,4,8,Mineral County                ,0,0,0,0,0,0,0,0,0,0,0,0, , , , , , , , , , , , 
200202,32,023,4,8,Nye County                    ,0,0,0,0,0,0,0,0,0,0,0,0,0,0,0,0,0,0,0,0,0,0,0,0
200202,32,027,4,8,Pershing County               ,0,0,0,0,0,0,0,0,0,0,0,0,0,0,0,0,0,0,0,0,0,0,0,0
200202,32,029,4,8,Storey County                 ,0,0,0,0,0,0,0,0,0,0,0,0,0,0,0,0,0,0,0,0,0,0,0,0
200202,32,031,4,8,Washoe County                 ,212,212,30273053,0,0,0,0,0,0,3,26,1497066,212,212,30273053,0,0,0,0,0,0,3,26,1497066
200202,32,033,4,8,White Pine County             ,0,0,0,0,0,0,0,0,0,0,0,0, , , , , , , , , , , , 
200202,32,510,4,8,Carson City (Independent City),23,23,3616397,0,0,0,0,0,0,0,0,0,23,23,3616397,0,0,0,0,0,0,0,0,0
200202,33,015,1,1,Rockingham County             ,85,85,14417144,2,4,367123,0,0,0,2,23,1535714,38,38,6858919,1,2,200000,0,0,0,1,18,1250000
200202,34,001,1,2,Atlantic County               ,112,112,9018293,0,0,0,0,0,0,0,0,0,101,101,7695941,0,0,0,0,0,0,0,0,0
200202,34,003,1,2,Bergen County                 ,73,73,13087710,9,18,1389645,0,0,0,1,35,1707317,45,45,9054778,8,16,1280212,0,0,0,0,0,0
200202,34,005,1,2,Burlington County             ,134,134,15068976,0,0,0,0,0,0,4,31,1837647,76,76,9183545,0,0,0,0,0,0,3,26,1663272
200202,34,007,1,2,Camden County                 ,132,132,11758614,0,0,0,0,0,0,0,0,0,113,113,10277819,0,0,0,0,0,0,0,0,0
200202,34,009,1,2,Cape May County               ,61,61,5681326,11,22,1861872,0,0,20000,0,0,0,51,51,3954588,0,0,0,0,0,20000,0,0,0
200202,34,011,1,2,Cumberland County             ,16,16,1321016,0,0,0,0,0,0,0,0,0,13,13,1166451,0,0,0,0,0,0,0,0,0
200202,34,013,1,2,Essex County                  ,23,23,2794167,11,22,1518739,4,12,873396,2,22,1095000,6,6,919937,10,20,1416060,4,12,873396,2,22,1095000
200202,34,015,1,2,Gloucester County             ,121,121,11251006,0,0,0,0,0,0,0,0,0,91,91,8820018,0,0,0,0,0,0,0,0,0
200202,34,017,1,2,Hudson County                 ,24,24,2912758,5,10,649725,3,10,232500,3,32,6295819,23,23,2852000,0,0,0,3,10,232500,1,11,4429200
200202,34,019,1,2,Hunterdon County              ,40,40,7083644,0,0,0,0,0,0,0,0,0,26,26,5063683,0,0,0,0,0,0,0,0,0
200202,34,021,1,2,Mercer County                 ,71,71,7866607,8,16,1063800,0,0,0,0,0,0,47,47,6310810,8,16,1063800,0,0,0,0,0,0
200202,34,023,1,2,Middlesex County              ,116,116,12478566,1,2,99238,0,0,0,1,12,601289,92,92,9923407,1,2,99238,0,0,0,0,0,0
200202,34,025,1,2,Monmouth County               ,115,115,17375994,0,0,0,0,0,0,0,0,0,92,92,14726349,0,0,0,0,0,0,0,0,0
200202,34,027,1,2,Morris County                 ,101,101,11970288,0,0,0,0,0,0,5,36,2132603,13,13,2414489,0,0,0,0,0,0,3,26,1700000
200202,34,029,1,2,Ocean County                  ,258,258,28779179,0,0,0,1,3,39900,4,40,904886,156,156,17652133,0,0,0,0,0,0,1,7,140000
200202,34,031,1,2,Passaic County                ,13,13,1901826,2,4,219606,0,0,0,0,0,0,4,4,964500,2,4,219606,0,0,0,0,0,0
200202,34,033,1,2,Salem County                  ,10,10,1739800,0,0,0,0,0,0,0,0,0,8,8,1496137,0,0,0,0,0,0,0,0,0
200202,34,035,1,2,Somerset County               ,30,30,5602038,0,0,0,0,0,0,2,10,1600,16,16,3187191,0,0,0,0,0,0,0,0,0
200202,34,037,1,2,Sussex County                 ,15,15,2487940,0,0,0,0,0,0,0,0,0,12,12,1984453,0,0,0,0,0,0,0,0,0
200202,34,039,1,2,Union County                  ,11,11,1344638,1,2,96975,0,0,0,0,0,0,5,5,565890,1,2,96975,0,0,0,0,0,0
200202,34,041,1,2,Warren County                 ,37,37,4264161,0,0,0,0,0,0,1,5,48077,11,11,1913600,0,0,0,0,0,0,0,0,0
200202,35,000,4,8,New Mexico Balance of State   ,109,109,17749021,0,0,0,0,0,0,0,0,0,109,109,17749021,0,0,0,0,0,0,0,0,0
200202,35,001,4,8,Bernalillo County             ,333,333,34783677,0,0,0,1,4,174128,1,224,9500000,307,307,29852615,0,0,0,1,4,174128,1,224,9500000
200202,35,005,4,8,Chaves County                 ,2,2,245472,0,0,0,0,0,0,0,0,0, , , , , , , , , , , , 
200202,35,009,4,8,Curry County                  ,4,4,377051,0,0,0,0,0,0,0,0,0,4,4,377051,0,0,0,0,0,0,0,0,0
200202,35,013,4,8,Dona Ana County               ,46,46,6925420,0,0,0,0,0,0,2,29,1100000,46,46,6925420,0,0,0,0,0,0,2,29,1100000
200202,35,015,4,8,Eddy County                   ,7,7,1018956,0,0,0,0,0,0,0,0,0,7,7,1018956,0,0,0,0,0,0,0,0,0
200202,35,025,4,8,Lea County                    ,0,0,0,0,0,0,0,0,0,0,0,0,0,0,0,0,0,0,0,0,0,0,0,0
200202,35,027,4,8,Lincoln County                ,17,17,2667959,0,0,0,0,0,0,0,0,0,17,17,2667959,0,0,0,0,0,0,0,0,0
200202,35,028,4,8,Los Alamos County             ,6,6,1584619,0,0,0,0,0,0,1,5,347222, , , , , , , , , , , , 
200202,35,029,4,8,Luna County                   ,2,2,174958,0,0,0,0,0,0,0,0,0, , , , , , , , , , , , 
200202,35,031,4,8,McKinley County               ,1,1,155640,0,0,0,0,0,0,0,0,0,1,1,155640,0,0,0,0,0,0,0,0,0
200202,35,035,4,8,Otero County                  ,11,11,1622076,0,0,0,0,0,0,0,0,0,11,11,1622076,0,0,0,0,0,0,0,0,0
200202,35,039,4,8,Rio Arriba County             ,0,0,0,0,0,0,0,0,0,0,0,0, , , , , , , , , , , , 
200202,35,041,4,8,Roosevelt County              ,1,1,233000,0,0,0,0,0,0,0,0,0,1,1,233000,0,0,0,0,0,0,0,0,0
200202,35,043,4,8,Sandoval County               ,44,44,3867894,0,0,0,0,0,0,0,0,0, , , , , , , , , , , , 
200202,35,045,4,8,San Juan County               ,77,77,4074135,0,0,0,0,0,0,0,0,0,77,77,4074135,0,0,0,0,0,0,0,0,0
200202,35,049,4,8,Santa Fe County               ,28,28,3726553,0,0,0,0,0,0,0,0,0, , , , , , , , , , , , 
200202,35,053,4,8,Socorro County                ,1,1,95000,0,0,0,0,0,0,0,0,0,1,1,95000,0,0,0,0,0,0,0,0,0
200202,35,055,4,8,Taos County                   ,10,10,1192456,0,0,0,0,0,0,0,0,0,1,1,250000,0,0,0,0,0,0,0,0,0
200202,35,061,4,8,Valencia County               ,28,28,2654633,0,0,0,0,0,0,0,0,0,14,14,1373986,0,0,0,0,0,0,0,0,0
200202,36,005,1,2,Bronx County                  ,5,5,698264,21,42,2973726,17,51,3711933,3,45,2878740,5,5,698264,21,42,2973726,17,51,3711933,3,45,2878740
200202,36,027,1,2,Dutchess County               ,38,38,7631351,0,0,0,3,11,1036525,1,61,5400000,23,23,5303148,0,0,0,3,11,1036525,1,61,5400000
200202,36,047,1,2,Kings County                  ,6,6,837916,25,50,3540150,10,31,2256273,5,52,3326544,6,6,837916,25,50,3540150,10,31,2256273,5,52,3326544
200202,36,059,1,2,Nassau County                 ,42,42,9097520,4,8,475661,0,0,0,1,5,821921,18,18,5539170,0,0,0,0,0,0,0,0,0
200202,36,061,1,2,New York County               ,1,1,139653,0,0,0,0,0,0,3,249,15929028,1,1,139653,0,0,0,0,0,0,3,249,15929028
200202,36,071,1,2,Orange County                 ,108,108,14656984,1,2,300000,0,0,0,5,27,1502847,66,66,9754293,0,0,0,0,0,0,0,0,0
200202,36,079,1,2,Putnam County                 ,19,19,3412373,0,0,0,0,0,0,1,5,360870,5,5,1312300,0,0,0,0,0,0,0,0,0
200202,36,081,1,2,Queens County                 ,9,9,1256874,40,80,5664240,7,21,1528443,3,104,6653088,9,9,1256874,40,80,5664240,7,21,1528443,3,104,6653088
200202,36,085,1,2,Richmond County               ,76,76,10613605,22,44,3115332,0,0,0,0,0,0,76,76,10613605,22,44,3115332,0,0,0,0,0,0
200202,36,099,1,2,Seneca County                 ,5,5,730000,0,0,0,0,0,0,0,0,0,5,5,730000,0,0,0,0,0,0,0,0,0
200202,36,103,1,2,Suffolk County                ,334,334,49564701,7,14,7227470,3,12,4200614,36,223,15922168,283,283,41915222,0,0,0,1,4,291132,33,208,13306176
200202,36,119,1,2,Westchester County            ,75,75,21375062,3,6,368908,0,0,0,4,276,37240656,29,29,4855264,0,0,0,0,0,0,2,266,36500000
200202,37,001,3,5,Alamance County               ,68,68,7029560,1,2,100000,0,0,0,0,0,0,68,68,7029560,1,2,100000,0,0,0,0,0,0
200202,37,003,3,5,Alexander County              ,15,15,1887000,0,0,0,0,0,0,0,0,0,15,15,1887000,0,0,0,0,0,0,0,0,0
200202,37,005,3,5,Alleghany County              ,14,14,1373614,0,0,0,0,0,0,0,0,0, , , , , , , , , , , , 
200202,37,009,3,5,Ashe County                   ,19,19,2544000,0,0,0,0,0,0,0,0,0,19,19,2544000,0,0,0,0,0,0,0,0,0
200202,37,011,3,5,Avery County                  ,8,8,3378000,0,0,0,0,0,0,0,0,0,8,8,3378000,0,0,0,0,0,0,0,0,0
200202,37,015,3,5,Bertie County                 ,16,16,541025,0,0,0,0,0,0,0,0,0,16,16,541025,0,0,0,0,0,0,0,0,0
200202,37,017,3,5,Bladen County                 ,14,14,1425280,0,0,0,0,0,0,0,0,0,14,14,1425280,0,0,0,0,0,0,0,0,0
200202,37,025,3,5,Cabarrus County               ,167,167,16894586,0,0,0,0,0,0,0,0,0,167,167,16894586,0,0,0,0,0,0,0,0,0
200202,37,027,3,5,Caldwell County               ,38,38,4022020,0,0,0,0,0,0,0,0,0,38,38,4022020,0,0,0,0,0,0,0,0,0
200202,37,029,3,5,Camden County                 ,6,6,888650,0,0,0,0,0,0,0,0,0,6,6,888650,0,0,0,0,0,0,0,0,0
200202,37,033,3,5,Caswell County                ,9,9,1140840,0,0,0,0,0,0,0,0,0,9,9,1140840,0,0,0,0,0,0,0,0,0
200202,37,037,3,5,Chatham County                ,51,51,11480265,0,0,0,0,0,0,0,0,0,51,51,11480265,0,0,0,0,0,0,0,0,0
200202,37,043,3,5,Clay County                   ,8,8,968910,0,0,0,0,0,0,0,0,0,8,8,968910,0,0,0,0,0,0,0,0,0
200202,37,053,3,5,Currituck County              ,44,44,6659320,0,0,0,0,0,0,0,0,0,44,44,6659320,0,0,0,0,0,0,0,0,0
200202,37,057,3,5,Davidson County               ,74,74,8792455,0,0,0,0,0,0,0,0,0,74,74,8792455,0,0,0,0,0,0,0,0,0
200202,37,059,3,5,Davie County                  ,26,26,3586015,0,0,0,0,0,0,0,0,0,26,26,3586015,0,0,0,0,0,0,0,0,0
200202,37,061,3,5,Duplin County                 ,10,10,1882000,0,0,0,0,0,0,0,0,0,10,10,1882000,0,0,0,0,0,0,0,0,0
200202,37,063,3,5,Durham County                 ,181,181,30583476,5,10,521324,0,0,0,13,312,38861066,181,181,30583476,5,10,521324,0,0,0,13,312,38861066
200202,37,067,3,5,Forsyth County                ,192,192,20159962,0,0,0,0,0,0,3,123,13357361,192,192,20159962,0,0,0,0,0,0,3,123,13357361
200202,37,069,3,5,Franklin County               ,32,32,4628600,0,0,0,0,0,0,0,0,0,32,32,4628600,0,0,0,0,0,0,0,0,0
200202,37,071,3,5,Gaston County                 ,74,74,8594087,0,0,0,0,0,0,0,0,0,74,74,8594087,0,0,0,0,0,0,0,0,0
200202,37,075,3,5,Graham County                 ,3,3,414555,0,0,0,0,0,0,0,0,0,3,3,414555,0,0,0,0,0,0,0,0,0
200202,37,081,3,5,Guilford County               ,248,248,33241483,0,0,0,0,0,0,0,0,0,248,248,33241483,0,0,0,0,0,0,0,0,0
200202,37,089,3,5,Henderson County              ,52,52,8534250,2,4,380000,0,0,0,0,0,0,52,52,8534250,2,4,380000,0,0,0,0,0,0
200202,37,091,3,5,Hertford County               ,8,8,989000,0,0,0,0,0,0,0,0,0,8,8,989000,0,0,0,0,0,0,0,0,0
200202,37,097,3,5,Iredell County                ,127,127,19425948,0,0,0,0,0,0,3,32,2008612, , , , , , , , , , , , 
200202,37,099,3,5,Jackson County                ,27,27,4988000,0,0,0,0,0,0,0,0,0,27,27,4988000,0,0,0,0,0,0,0,0,0
200202,37,101,3,5,Johnston County               ,131,131,18167832,3,6,396900,0,0,0,1,6,460950,131,131,18167832,3,6,396900,0,0,0,1,6,460950
200202,37,105,3,5,Lee County                    ,21,21,2362900,0,0,0,0,0,0,0,0,0,21,21,2362900,0,0,0,0,0,0,0,0,0
200202,37,109,3,5,Lincoln County                ,62,62,7858816,1,2,77883,0,0,0,2,10,264364, , , , , , , , , , , , 
200202,37,113,3,5,Macon County                  ,20,20,4579018,0,0,0,0,0,0,0,0,0,20,20,4579018,0,0,0,0,0,0,0,0,0
200202,37,115,3,5,Madison County                ,3,3,306996,0,0,0,0,0,0,0,0,0,3,3,306996,0,0,0,0,0,0,0,0,0
200202,37,117,3,5,Martin County                 ,4,4,353490,0,0,0,0,0,0,0,0,0,4,4,353490,0,0,0,0,0,0,0,0,0
200202,37,119,3,5,Mecklenburg County            ,642,642,79676885,0,0,0,3,12,771682,9,230,13672552,642,642,79676885,0,0,0,3,12,771682,9,230,13672552
200202,37,121,3,5,Mitchell County               ,2,2,347000,0,0,0,0,0,0,0,0,0,2,2,347000,0,0,0,0,0,0,0,0,0
200202,37,123,3,5,Montgomery County             ,11,11,2011200,0,0,0,0,0,0,0,0,0,11,11,2011200,0,0,0,0,0,0,0,0,0
200202,37,131,3,5,Northampton County            ,1,1,140100,0,0,0,0,0,0,0,0,0,1,1,140100,0,0,0,0,0,0,0,0,0
200202,37,135,3,5,Orange County                 ,85,85,15511538,0,0,0,1,3,206250,1,5,195388,27,27,6897340,0,0,0,0,0,0,0,0,0
200202,37,137,3,5,Pamlico County                ,5,5,762000,0,0,0,0,0,0,0,0,0,5,5,762000,0,0,0,0,0,0,0,0,0
200202,37,139,3,5,Pasquotank County             ,16,16,1849973,0,0,0,0,0,0,0,0,0,12,12,1570000,0,0,0,0,0,0,0,0,0
200202,37,145,3,5,Person County                 ,14,14,2585000,1,2,152000,0,0,0,0,0,0,14,14,2585000,1,2,152000,0,0,0,0,0,0
200202,37,149,3,5,Polk County                   ,14,14,1639665,0,0,0,0,0,0,0,0,0,14,14,1639665,0,0,0,0,0,0,0,0,0
200202,37,151,3,5,Randolph County               ,51,51,5166555,2,4,166120,0,0,0,0,0,0,51,51,5166555,2,4,166120,0,0,0,0,0,0
200202,37,159,3,5,Rowan County                  ,56,56,7477000,0,0,0,0,0,0,3,32,1640000,56,56,7477000,0,0,0,0,0,0,3,32,1640000
200202,37,163,3,5,Sampson County                ,13,13,2206000,0,0,0,0,0,0,0,0,0,13,13,2206000,0,0,0,0,0,0,0,0,0
200202,37,165,3,5,Scotland County               ,11,11,1174000,0,0,0,0,0,0,0,0,0,11,11,1174000,0,0,0,0,0,0,0,0,0
200202,37,167,3,5,Stanly County                 ,26,26,2721179,1,2,81083,0,0,0,0,0,0, , , , , , , , , , , , 
200202,37,169,3,5,Stokes County                 ,12,12,1558430,0,0,0,1,3,122867,0,0,0,9,9,1196945,0,0,0,0,0,0,0,0,0
200202,37,171,3,5,Surry County                  ,14,14,1880155,0,0,0,0,0,0,0,0,0,14,14,1880155,0,0,0,0,0,0,0,0,0
200202,37,173,3,5,Swain County                  ,11,11,1124505,2,4,476280,0,0,0,0,0,0,11,11,1124505,2,4,476280,0,0,0,0,0,0
200202,37,175,3,5,Transylvania County           ,8,8,1501250,0,0,0,0,0,0,0,0,0,8,8,1501250,0,0,0,0,0,0,0,0,0
200202,37,179,3,5,Union County                  ,250,250,21197061,6,12,187100,0,0,0,0,0,0,250,250,21197061,6,12,187100,0,0,0,0,0,0
200202,37,181,3,5,Vance County                  ,11,11,871517,0,0,0,0,0,0,0,0,0,11,11,871517,0,0,0,0,0,0,0,0,0
200202,37,183,3,5,Wake County                   ,710,710,99711366,0,0,0,8,31,2031600,1,5,289303,674,674,95345733,0,0,0,8,31,2031600,0,0,0
200202,37,185,3,5,Warren County                 ,9,9,1118812,0,0,0,0,0,0,0,0,0, , , , , , , , , , , , 
200202,37,187,3,5,Washington County             ,1,1,130931,0,0,0,0,0,0,0,0,0, , , , , , , , , , , , 
200202,37,191,3,5,Wayne County                  ,35,35,3573140,0,0,0,0,0,0,0,0,0,35,35,3573140,0,0,0,0,0,0,0,0,0
200202,37,195,3,5,Wilson County                 ,24,24,2269676,4,8,391328,0,0,0,0,0,0,14,14,1302104,4,8,391328,0,0,0,0,0,0
200202,37,197,3,5,Yadkin County                 ,13,13,1687650,1,2,185325,0,0,0,0,0,0,13,13,1687650,1,2,185325,0,0,0,0,0,0
200202,39,007,2,3,Ashtabula County              ,25,25,2958305,0,0,0,0,0,0,0,0,0,25,25,2958305,0,0,0,0,0,0,0,0,0
200202,39,015,2,3,Brown County                  ,6,6,751657,0,0,0,0,0,0,0,0,0,0,0,0,0,0,0,0,0,0,0,0,0
200202,39,017,2,3,Butler County                 ,131,131,15120070,2,4,173400,1,4,135000,2,25,1135029,44,44,3948364,2,4,173400,1,4,135000,0,0,0
200202,39,025,2,3,Clermont County               ,65,65,8862925,0,0,0,0,0,0,1,10,350000,65,65,8862925,0,0,0,0,0,0,1,10,350000
200202,39,035,2,3,Cuyahoga County               ,131,131,20116707,0,0,0,1,3,136408,1,16,646452,76,76,12703334,0,0,0,0,0,0,0,0,0
200202,39,041,2,3,Delaware County               ,227,227,28892761,0,0,0,0,0,0,0,0,0,48,48,4848759,0,0,0,0,0,0,0,0,0
200202,39,045,2,3,Fairfield County              ,46,46,8443052,1,2,212000,0,0,0,1,8,359551,24,24,4986096,1,2,212000,0,0,0,0,0,0
200202,39,049,2,3,Franklin County               ,331,331,54464863,3,6,486810,6,23,1347950,14,221,9401719,113,113,24049005,1,2,200000,0,0,0,0,0,0
200202,39,055,2,3,Geauga County                 ,42,42,6492236,0,0,0,0,0,0,0,0,0,42,42,6492236,0,0,0,0,0,0,0,0,0
200202,39,061,2,3,Hamilton County               ,85,85,12468782,2,4,299000,5,19,1391543,3,35,1650817,84,84,12091157,2,4,299000,5,19,1391543,3,35,1650817
200202,39,085,2,3,Lake County                   ,36,36,6739178,0,0,0,0,0,0,0,0,0,34,34,6490000,0,0,0,0,0,0,0,0,0
200202,39,089,2,3,Licking County                ,49,49,7626558,0,0,0,2,6,660000,1,5,270395,49,49,7626558,0,0,0,2,6,660000,0,0,0
200202,39,093,2,3,Lorain County                 ,139,139,24252140,1,2,92000,4,12,718639,1,5,453000,117,117,19907280,1,2,92000,2,6,240000,0,0,0
200202,39,097,2,3,Madison County                ,9,9,923419,0,0,0,0,0,0,0,0,0,9,9,923419,0,0,0,0,0,0,0,0,0
200202,39,103,2,3,Medina County                 ,92,92,15374850,0,0,0,0,0,0,0,0,0,74,74,13023613,0,0,0,0,0,0,0,0,0
200202,39,129,2,3,Pickaway County               ,14,14,2072341,0,0,0,0,0,0,0,0,0,12,12,1796424,0,0,0,0,0,0,0,0,0
200202,39,133,2,3,Portage County                ,34,34,4842936,0,0,0,0,0,0,0,0,0,28,28,3928895,0,0,0,0,0,0,0,0,0
200202,39,135,2,3,Preble County                 ,3,3,245000,0,0,0,0,0,0,0,0,0,3,3,245000,0,0,0,0,0,0,0,0,0
200202,39,153,2,3,Summit County                 ,116,116,25354912,1,2,125000,0,0,0,12,144,4500000,116,116,25354912,1,2,125000,0,0,0,12,144,4500000
200202,39,165,2,3,Warren County                 ,180,180,24312106,0,0,0,0,0,0,0,0,0,167,167,23010797,0,0,0,0,0,0,0,0,0
200202,40,001,3,7,Adair County                  ,0,0,0,0,0,0,0,0,0,0,0,0,0,0,0,0,0,0,0,0,0,0,0,0
200202,40,013,3,7,Bryan County                  ,2,2,177568,0,0,0,0,0,0,0,0,0,2,2,177568,0,0,0,0,0,0,0,0,0
200202,40,085,3,7,Love County                   ,0,0,0,0,0,0,0,0,0,0,0,0, , , , , , , , , , , , 
200202,41,000,4,9,Oregon Balance of State       ,11,11,1147428,0,0,0,0,0,0,1,5,238418, , , , , , , , , , , , 
200202,41,001,4,9,Baker County                  ,1,1,190532,0,0,0,0,0,0,0,0,0,1,1,190532,0,0,0,0,0,0,0,0,0
200202,41,003,4,9,Benton County                 ,32,32,4395937,0,0,0,0,0,0,0,0,0,32,32,4395937,0,0,0,0,0,0,0,0,0
200202,41,005,4,9,Clackamas County              ,112,112,23139210,2,4,500337,0,0,0,1,12,880651,101,101,21372790,1,2,284217,0,0,0,1,12,880651
200202,41,007,4,9,Clatsop County                ,12,12,1910255,0,0,0,0,0,0,0,0,0,8,8,1369235,0,0,0,0,0,0,0,0,0
200202,41,009,4,9,Columbia County               ,5,5,937235,4,8,746496,0,0,0,0,0,0,1,1,228483,4,8,746496,0,0,0,0,0,0
200202,41,011,4,9,Coos County                   ,0,0,0,0,0,0,0,0,0,0,0,0,0,0,0,0,0,0,0,0,0,0,0,0
200202,41,013,4,9,Crook County                  ,12,12,1471861,1,2,171628,0,0,0,0,0,0, , , , , , , , , , , , 
200202,41,015,4,9,Curry County                  ,2,2,285555,0,0,0,0,0,0,0,0,0,0,0,0,0,0,0,0,0,0,0,0,0
200202,41,017,4,9,Deschutes County              ,109,109,16044615,3,6,497682,1,3,132462,0,0,0,109,109,16044615,3,6,497682,1,3,132462,0,0,0
200202,41,019,4,9,Douglas County                ,20,20,2630616,0,0,0,0,0,0,0,0,0,20,20,2630616,0,0,0,0,0,0,0,0,0
200202,41,021,4,9,Gilliam County                ,0,0,0,0,0,0,0,0,0,0,0,0, , , , , , , , , , , , 
200202,41,025,4,9,Harney County                 ,1,1,164500,0,0,0,0,0,0,0,0,0,1,1,164500,0,0,0,0,0,0,0,0,0
200202,41,027,4,9,Hood River County             ,12,12,1236087,0,0,0,0,0,0,0,0,0,12,12,1236087,0,0,0,0,0,0,0,0,0
200202,41,029,4,9,Jackson County                ,101,101,13450753,1,2,132100,0,0,0,1,5,852041,82,82,11210117,1,2,132100,0,0,0,0,0,0
200202,41,031,4,9,Jefferson County              ,12,12,829233,0,0,0,0,0,0,0,0,0, , , , , , , , , , , , 
200202,41,033,4,9,Josephine County              ,23,23,2707422,0,0,0,0,0,0,1,5,311298, , , , , , , , , , , , 
200202,41,035,4,9,Klamath County                ,16,16,3303080,0,0,0,0,0,0,0,0,0,16,16,3303080,0,0,0,0,0,0,0,0,0
200202,41,037,4,9,Lake County                   ,0,0,0,0,0,0,0,0,0,0,0,0,0,0,0,0,0,0,0,0,0,0,0,0
200202,41,039,4,9,Lane County                   ,99,99,16588374,3,6,458114,0,0,0,0,0,0,69,69,12179274,1,2,166635,0,0,0,0,0,0
200202,41,041,4,9,Lincoln County                ,17,17,2749066,0,0,0,0,0,0,0,0,0,17,17,2749066,0,0,0,0,0,0,0,0,0
200202,41,043,4,9,Linn County                   ,19,19,2376465,1,2,137165,0,0,0,1,5,245398,7,7,784899,0,0,0,0,0,0,0,0,0
200202,41,045,4,9,Malheur County                ,4,4,524024,0,0,0,0,0,0,0,0,0,4,4,524024,0,0,0,0,0,0,0,0,0
200202,41,047,4,9,Marion County                 ,101,101,13566538,2,4,313627,0,0,0,4,102,5911149,77,77,10611309,2,4,313627,0,0,0,4,102,5911149
200202,41,051,4,9,Multnomah County              ,136,136,21025690,6,12,1198871,1,3,259330,4,62,4322572,136,136,21025690,6,12,1198871,1,3,259330,4,62,4322572
200202,41,053,4,9,Polk County                   ,13,13,2292475,0,0,0,0,0,0,3,54,5961000,13,13,2292475,0,0,0,0,0,0,3,54,5961000
200202,41,055,4,9,Sherman County                ,1,1,150006,0,0,0,0,0,0,0,0,0, , , , , , , , , , , , 
200202,41,057,4,9,Tillamook County              ,13,13,2254829,0,0,0,0,0,0,0,0,0,12,12,2052911,0,0,0,0,0,0,0,0,0
200202,41,059,4,9,Umatilla County               ,15,15,1950855,0,0,0,0,0,0,1,6,414259,14,14,1807767,0,0,0,0,0,0,1,6,414259
200202,41,061,4,9,Union County                  ,2,2,369191,0,0,0,0,0,0,0,0,0,2,2,369191,0,0,0,0,0,0,0,0,0
200202,41,065,4,9,Wasco County                  ,2,2,311280,0,0,0,0,0,0,0,0,0,2,2,311280,0,0,0,0,0,0,0,0,0
200202,41,067,4,9,Washington County             ,252,252,52452350,4,8,1035963,1,4,376594,8,86,7491520,252,252,52452350,4,8,1035963,1,4,376594,8,86,7491520
200202,41,069,4,9,Wheeler County                ,0,0,0,0,0,0,0,0,0,0,0,0, , , , , , , , , , , , 
200202,41,071,4,9,Yamhill County                ,74,74,7619160,1,2,167225,0,0,0,1,7,210609,62,62,6240255,0,0,0,0,0,0,0,0,0
200202,42,001,1,2,Adams County                  ,41,41,4504500,0,0,0,0,0,0,0,0,0,41,41,4504500,0,0,0,0,0,0,0,0,0
200202,42,003,1,2,Allegheny County              ,149,149,22516459,5,10,912000,1,4,360000,2,13,574063,136,136,20161523,4,8,792000,1,4,360000,0,0,0
200202,42,007,1,2,Beaver County                 ,31,31,4463904,0,0,0,2,8,640000,0,0,0,21,21,3446345,0,0,0,2,8,640000,0,0,0
200202,42,017,1,2,Bucks County                  ,168,168,22215572,0,0,0,3,11,517625,2,10,501087,128,128,16686721,0,0,0,2,8,471000,0,0,0
200202,42,019,1,2,Butler County                 ,66,66,8628456,0,0,0,0,0,0,1,5,250000,27,27,3143587,0,0,0,0,0,0,0,0,0
200202,42,029,1,2,Chester County                ,206,206,30715057,0,0,0,0,0,0,0,0,0,156,156,24673225,0,0,0,0,0,0,0,0,0
200202,42,045,1,2,Delaware County               ,49,49,9372214,0,0,0,0,0,0,3,16,1155476,31,31,7391850,0,0,0,0,0,0,0,0,0
200202,42,051,1,2,Fayette County                ,14,14,1773380,0,0,0,0,0,0,1,6,200000,13,13,1711180,0,0,0,0,0,0,1,6,200000
200202,42,055,1,2,Franklin County               ,39,39,3862022,1,2,149462,1,3,194045,1,5,350208, , , , , , , , , , , , 
200202,42,065,1,2,Jefferson County              ,5,5,325000,0,0,0,0,0,0,0,0,0,5,5,325000,0,0,0,0,0,0,0,0,0
200202,42,091,1,2,Montgomery County             ,198,198,20674513,2,4,258000,1,4,200000,0,0,0,150,150,15219705,2,4,258000,1,4,200000,0,0,0
200202,42,101,1,2,Philadelphia County           ,53,53,7401593,1,2,141606,0,0,0,0,0,0,53,53,7401593,1,2,141606,0,0,0,0,0,0
200202,42,103,1,2,Pike County                   ,35,35,5389445,0,0,0,0,0,0,0,0,0,33,33,5139483,0,0,0,0,0,0,0,0,0
200202,42,125,1,2,Washington County             ,34,34,5364244,0,0,0,0,0,0,1,5,369286,22,22,4036012,0,0,0,0,0,0,0,0,0
200202,42,129,1,2,Westmoreland County           ,53,53,7185124,1,2,96000,0,0,0,1,5,125000,15,15,1813750,1,2,96000,0,0,0,0,0,0
200202,44,001,1,1,Bristol County                ,3,3,361195,0,0,0,0,0,0,0,0,0,0,0,0,0,0,0,0,0,0,0,0,0
200202,44,003,1,1,Kent County                   ,23,23,2448888,0,0,0,0,0,0,0,0,0,3,3,269040,0,0,0,0,0,0,0,0,0
200202,44,005,1,1,Newport County                ,17,17,2936560,0,0,0,0,0,0,0,0,0,17,17,2936560,0,0,0,0,0,0,0,0,0
200202,44,007,1,1,Providence County             ,47,47,5971134,2,4,169500,1,3,124714,0,0,0,39,39,5327784,0,0,0,0,0,0,0,0,0
200202,44,009,1,1,Washington County             ,49,49,6263344,0,0,0,0,0,0,0,0,0,29,29,3496242,0,0,0,0,0,0,0,0,0
200202,45,001,3,5,Abbeville County              ,5,5,454250,0,0,0,0,0,0,0,0,0, , , , , , , , , , , , 
200202,45,003,3,5,Aiken County                  ,62,62,6441570,0,0,0,0,0,0,0,0,0,44,44,4165984,0,0,0,0,0,0,0,0,0
200202,45,007,3,5,Anderson County               ,92,92,11242574,3,6,335000,0,0,0,0,0,0,92,92,11242574,3,6,335000,0,0,0,0,0,0
200202,45,015,3,5,Berkeley County               ,55,55,5879089,0,0,0,0,0,0,0,0,0,27,27,3872482,0,0,0,0,0,0,0,0,0
200202,45,023,3,5,Chester County                ,5,5,479440,0,0,0,0,0,0,0,0,0,5,5,479440,0,0,0,0,0,0,0,0,0
200202,45,037,3,5,Edgefield County              ,7,7,668242,0,0,0,0,0,0,0,0,0, , , , , , , , , , , , 
200202,45,045,3,5,Greenville County             ,238,238,22720780,0,0,0,0,0,0,0,0,0,238,238,22720780,0,0,0,0,0,0,0,0,0
200202,45,047,3,5,Greenwood County              ,16,16,2170028,0,0,0,0,0,0,0,0,0,16,16,2170028,0,0,0,0,0,0,0,0,0
200202,45,053,3,5,Jasper County                 ,7,7,775153,0,0,0,0,0,0,0,0,0,7,7,775153,0,0,0,0,0,0,0,0,0
200202,45,073,3,5,Oconee County                 ,40,40,6238249,0,0,0,0,0,0,0,0,0,40,40,6238249,0,0,0,0,0,0,0,0,0
200202,45,077,3,5,Pickens County                ,42,42,6668701,0,0,0,0,0,0,0,0,0,38,38,5911420,0,0,0,0,0,0,0,0,0
200202,45,081,3,5,Saluda County                 ,5,5,701144,0,0,0,0,0,0,0,0,0,5,5,701144,0,0,0,0,0,0,0,0,0
200202,45,085,3,5,Sumter County                 ,27,27,2589551,0,0,0,0,0,0,1,10,1109423, , , , , , , , , , , , 
200202,45,087,3,5,Union County                  ,5,5,588925,0,0,0,0,0,0,0,0,0,5,5,588925,0,0,0,0,0,0,0,0,0
200202,45,091,3,5,York County                   ,205,205,28774830,0,0,0,0,0,0,7,56,3039304,205,205,28774830,0,0,0,0,0,0,7,56,3039304
200202,46,007,2,4,Bennett County                ,0,0,0,0,0,0,0,0,0,0,0,0,0,0,0,0,0,0,0,0,0,0,0,0
200202,46,027,2,4,Clay County                   ,0,0,0,0,0,0,0,0,0,0,0,0,0,0,0,0,0,0,0,0,0,0,0,0
200202,46,079,2,4,Lake County                   ,1,1,110000,0,0,0,0,0,0,0,0,0,1,1,110000,0,0,0,0,0,0,0,0,0
200202,46,093,2,4,Meade County                  ,12,12,990000,0,0,0,0,0,0,0,0,0,12,12,990000,0,0,0,0,0,0,0,0,0
200202,46,095,2,4,Mellette County               ,0,0,0,0,0,0,0,0,0,0,0,0,0,0,0,0,0,0,0,0,0,0,0,0
200202,46,121,2,4,Todd County                   ,0,0,0,0,0,0,0,0,0,0,0,0, , , , , , , , , , , , 
200202,47,011,3,6,Bradley County                ,34,34,2971255,2,4,200000,0,0,0,0,0,0,34,34,2971255,2,4,200000,0,0,0,0,0,0
200202,47,021,3,6,Cheatham County               ,23,23,2390931,0,0,0,0,0,0,1,5,229991,20,20,2229000,0,0,0,0,0,0,0,0,0
200202,47,025,3,6,Claiborne County              ,21,21,1082592,0,0,0,0,0,0,0,0,0,21,21,1082592,0,0,0,0,0,0,0,0,0
200202,47,031,3,6,Coffee County                 ,6,6,416641,0,0,0,0,0,0,0,0,0,6,6,416641,0,0,0,0,0,0,0,0,0
200202,47,037,3,6,Davidson County               ,236,236,36813377,8,16,1882103,0,0,0,0,0,0,236,236,36813377,8,16,1882103,0,0,0,0,0,0
200202,47,043,3,6,Dickson County                ,13,13,1361280,1,2,50000,0,0,0,0,0,0,11,11,1245583,0,0,0,0,0,0,0,0,0
200202,47,047,3,6,Fayette County                ,4,4,768500,1,2,90000,0,0,0,0,0,0,4,4,768500,1,2,90000,0,0,0,0,0,0
200202,47,063,3,6,Hamblen County                ,14,14,700000,0,0,0,0,0,0,0,0,0,14,14,700000,0,0,0,0,0,0,0,0,0
200202,47,081,3,6,Hickman County                ,0,0,0,0,0,0,0,0,0,0,0,0,0,0,0,0,0,0,0,0,0,0,0,0
200202,47,093,3,6,Knox County                   ,206,206,23262839,2,4,169100,1,4,184068,2,22,516786,167,167,20643061,2,4,169100,0,0,0,0,0,0
200202,47,113,3,6,Madison County                ,54,54,4915717,0,0,0,0,0,0,5,50,2767000,54,54,4915717,0,0,0,0,0,0,5,50,2767000
200202,47,125,3,6,Montgomery County             ,106,106,8666710,0,0,0,1,3,260000,2,16,400000,106,106,8666710,0,0,0,1,3,260000,2,16,400000
200202,47,127,3,6,Moore County                  ,6,6,350400,0,0,0,0,0,0,0,0,0,6,6,350400,0,0,0,0,0,0,0,0,0
200202,47,147,3,6,Robertson County              ,56,56,5483317,0,0,0,0,0,0,0,0,0,34,34,3867124,0,0,0,0,0,0,0,0,0
200202,47,149,3,6,Rutherford County             ,262,262,26324801,1,2,109112,0,0,0,1,9,500000,219,219,23147993,1,2,109112,0,0,0,1,9,500000
200202,47,151,3,6,Scott County                  ,1,1,30000,0,0,0,0,0,0,0,0,0,1,1,30000,0,0,0,0,0,0,0,0,0
200202,47,157,3,6,Shelby County                 ,337,337,52186157,0,0,0,0,0,0,13,65,2600000,337,337,52186157,0,0,0,0,0,0,13,65,2600000
200202,47,165,3,6,Sumner County                 ,88,88,8094591,0,0,0,0,0,0,0,0,0,88,88,8094591,0,0,0,0,0,0,0,0,0
200202,47,167,3,6,Tipton County                 ,36,36,3632541,0,0,0,18,72,4007000,0,0,0,32,32,3347215,0,0,0,18,72,4007000,0,0,0
200202,47,177,3,6,Warren County                 ,0,0,0,0,0,0,0,0,0,0,0,0,0,0,0,0,0,0,0,0,0,0,0,0
200202,47,187,3,6,Williamson County             ,139,139,27351918,0,0,0,0,0,0,0,0,0,123,123,23548210,0,0,0,0,0,0,0,0,0
200202,47,189,3,6,Wilson County                 ,79,79,10916447,1,2,110000,0,0,0,0,0,0,78,78,10857822,1,2,110000,0,0,0,0,0,0
200202,48,039,3,7,Brazoria County               ,257,257,44818137,0,0,0,0,0,0,15,312,13863990,256,256,44689970,0,0,0,0,0,0,15,312,13863990
200202,48,041,3,7,Brazos County                 ,118,118,11327639,12,24,1169681,6,24,1320000,1,26,935449,91,91,8889875,12,24,1169681,6,24,1320000,0,0,0
200202,48,063,3,7,Camp County                   ,0,0,0,0,0,0,0,0,0,0,0,0,0,0,0,0,0,0,0,0,0,0,0,0
200202,48,071,3,7,Chambers County               ,24,24,1964107,0,0,0,0,0,0,0,0,0,1,1,124107,0,0,0,0,0,0,0,0,0
200202,48,083,3,7,Coleman County                ,0,0,0,0,0,0,0,0,0,0,0,0,0,0,0,0,0,0,0,0,0,0,0,0
200202,48,085,3,7,Collin County                 ,771,771,126523247,1,2,157890,0,0,0,18,126,6743253,495,495,84273133,0,0,0,0,0,0,18,126,6743253
200202,48,113,3,7,Dallas County                 ,593,593,95987104,1,2,122459,0,0,0,4,47,2441748,525,525,84496371,0,0,0,0,0,0,1,6,300000
200202,48,121,3,7,Denton County                 ,389,389,63709882,0,0,0,1,4,257227,0,0,0,312,312,51809975,0,0,0,1,4,257227,0,0,0
200202,48,135,3,7,Ector County                  ,10,10,864385,1,2,60000,0,0,0,0,0,0,10,10,864385,1,2,60000,0,0,0,0,0,0
200202,48,139,3,7,Ellis County                  ,58,58,6067532,0,0,0,0,0,0,0,0,0,54,54,5170753,0,0,0,0,0,0,0,0,0
200202,48,151,3,7,Fisher County                 ,0,0,0,0,0,0,0,0,0,0,0,0,0,0,0,0,0,0,0,0,0,0,0,0
200202,48,157,3,7,Fort Bend County              ,60,60,7149231,0,0,0,0,0,0,0,0,0,56,56,6898412,0,0,0,0,0,0,0,0,0
200202,48,167,3,7,Galveston County              ,198,198,28766375,1,2,128595,0,0,0,1,13,549988,192,192,28114015,1,2,128595,0,0,0,0,0,0
200202,48,169,3,7,Garza County                  ,0,0,0,0,0,0,0,0,0,0,0,0,0,0,0,0,0,0,0,0,0,0,0,0
200202,48,201,3,7,Harris County                 ,1703,1703,238364832,9,18,1233911,11,43,2765194,36,363,17378466,1694,1694,237019259,9,18,1233911,11,43,2765194,36,363,17378466
200202,48,207,3,7,Haskell County                ,0,0,0,0,0,0,0,0,0,0,0,0, , , , , , , , , , , , 
200202,48,211,3,7,Hemphill County               ,0,0,0,0,0,0,0,0,0,0,0,0, , , , , , , , , , , , 
200202,48,213,3,7,Henderson County              ,9,9,900771,0,0,0,0,0,0,0,0,0,0,0,0,0,0,0,0,0,0,0,0,0
200202,48,221,3,7,Hood County                   ,3,3,466500,0,0,0,0,0,0,0,0,0,3,3,466500,0,0,0,0,0,0,0,0,0
200202,48,231,3,7,Hunt County                   ,5,5,505714,0,0,0,0,0,0,0,0,0,4,4,435000,0,0,0,0,0,0,0,0,0
200202,48,251,3,7,Johnson County                ,58,58,5202476,5,10,475000,0,0,0,0,0,0,52,52,4447199,5,10,475000,0,0,0,0,0,0
200202,48,257,3,7,Kaufman County                ,42,42,3651815,0,0,0,0,0,0,0,0,0,41,41,3538274,0,0,0,0,0,0,0,0,0
200202,48,265,3,7,Kerr County                   ,7,7,902440,0,0,0,0,0,0,0,0,0,7,7,902440,0,0,0,0,0,0,0,0,0
200202,48,291,3,7,Liberty County                ,24,24,2406283,0,0,0,0,0,0,0,0,0,23,23,2328004,0,0,0,0,0,0,0,0,0
200202,48,319,3,7,Mason County                  ,0,0,0,0,0,0,0,0,0,0,0,0,0,0,0,0,0,0,0,0,0,0,0,0
200202,48,323,3,7,Maverick County               ,8,8,496657,0,0,0,0,0,0,0,0,0,8,8,496657,0,0,0,0,0,0,0,0,0
200202,48,329,3,7,Midland County                ,20,20,2277050,0,0,0,0,0,0,0,0,0,20,20,2277050,0,0,0,0,0,0,0,0,0
200202,48,339,3,7,Montgomery County             ,305,305,45580927,0,0,0,2,8,590262,0,0,0,291,291,43973719,0,0,0,2,8,590262,0,0,0
200202,48,367,3,7,Parker County                 ,26,26,2820339,0,0,0,0,0,0,0,0,0,9,9,1061090,0,0,0,0,0,0,0,0,0
200202,48,375,3,7,Potter County                 ,34,34,5476024,0,0,0,0,0,0,0,0,0,34,34,5476024,0,0,0,0,0,0,0,0,0
200202,48,397,3,7,Rockwall County               ,88,88,15129736,0,0,0,0,0,0,0,0,0,88,88,15129736,0,0,0,0,0,0,0,0,0
200202,48,437,3,7,Swisher County                ,0,0,0,0,0,0,0,0,0,0,0,0,0,0,0,0,0,0,0,0,0,0,0,0
200202,48,439,3,7,Tarrant County                ,755,755,109937149,10,20,1345043,0,0,0,14,182,16219755,630,630,87611068,9,18,1225043,0,0,0,14,182,16219755
200202,48,451,3,7,Tom Green County              ,22,22,4836605,0,0,0,0,0,0,0,0,0,22,22,4836605,0,0,0,0,0,0,0,0,0
200202,48,465,3,7,Val Verde County              ,11,11,617579,0,0,0,0,0,0,0,0,0, , , , , , , , , , , , 
200202,48,469,3,7,Victoria County               ,14,14,1824515,0,0,0,0,0,0,0,0,0,14,14,1824515,0,0,0,0,0,0,0,0,0
200202,48,473,3,7,Waller County                 ,5,5,406878,0,0,0,0,0,0,2,21,424167,3,3,244107,0,0,0,0,0,0,0,0,0
200202,48,479,3,7,Webb County                   ,132,132,9021292,0,0,0,1,4,98164,1,26,891957, , , , , , , , , , , , 
200202,49,011,4,8,Davis County                  ,148,148,17944604,1,2,191763,0,0,0,0,0,0,140,140,17327071,1,2,191763,0,0,0,0,0,0
200202,49,035,4,8,Salt Lake County              ,242,242,32505937,2,4,449320,15,51,4007707,0,0,0,167,167,23882525,2,4,449320,13,44,3460141,0,0,0
200202,49,039,4,8,Sanpete County                ,1,1,119560,1,2,106005,0,0,0,2,12,650116,1,1,119560,1,2,106005,0,0,0,2,12,650116
200202,49,057,4,8,Weber County                  ,68,68,8141861,1,2,178246,0,0,0,5,29,1305000,38,38,4995581,1,2,178246,0,0,0,5,29,1305000
200202,50,013,1,1,Grand Isle County             ,2,2,210223,0,0,0,0,0,0,0,0,0, , , , , , , , , , , , 
200202,51,003,3,5,Albemarle County              ,51,51,9881937,1,2,143839,0,0,0,0,0,0, , , , , , , , , , , , 
200202,51,007,3,5,Amelia County                 ,8,8,1060355,0,0,0,0,0,0,0,0,0,8,8,1060355,0,0,0,0,0,0,0,0,0
200202,51,009,3,5,Amherst County                ,7,7,810100,0,0,0,0,0,0,0,0,0,7,7,810100,0,0,0,0,0,0,0,0,0
200202,51,013,3,5,Arlington County              ,8,8,992858,0,0,0,0,0,0,0,0,0,8,8,992858,0,0,0,0,0,0,0,0,0
200202,51,015,3,5,Augusta County                ,28,28,3617900,0,0,0,1,3,195000,0,0,0,28,28,3617900,0,0,0,1,3,195000,0,0,0
200202,51,019,3,5,Bedford County                ,0,0,0,0,0,0,0,0,0,0,0,0,0,0,0,0,0,0,0,0,0,0,0,0
200202,51,023,3,5,Botetourt County              ,13,13,1840973,0,0,0,0,0,0,0,0,0,13,13,1840973,0,0,0,0,0,0,0,0,0
200202,51,029,3,5,Buckingham County             ,5,5,393000,0,0,0,0,0,0,0,0,0,5,5,393000,0,0,0,0,0,0,0,0,0
200202,51,031,3,5,Campbell County               ,17,17,2150748,0,0,0,0,0,0,0,0,0, , , , , , , , , , , , 
200202,51,035,3,5,Carroll County                ,10,10,795000,0,0,0,0,0,0,0,0,0,10,10,795000,0,0,0,0,0,0,0,0,0
200202,51,036,3,5,Charles City County           ,2,2,325150,0,0,0,0,0,0,0,0,0,2,2,325150,0,0,0,0,0,0,0,0,0
200202,51,037,3,5,Charlotte County              ,5,5,528500,0,0,0,0,0,0,0,0,0,5,5,528500,0,0,0,0,0,0,0,0,0
200202,51,041,3,5,Chesterfield County           ,214,214,25112388,0,0,0,0,0,0,0,0,0,214,214,25112388,0,0,0,0,0,0,0,0,0
200202,51,043,3,5,Clarke County                 ,10,10,1551868,0,0,0,0,0,0,0,0,0, , , , , , , , , , , , 
200202,51,047,3,5,Culpeper County               ,28,28,3181534,0,0,0,0,0,0,1,5,211719, , , , , , , , , , , , 
200202,51,049,3,5,Cumberland County             ,4,4,390923,0,0,0,0,0,0,0,0,0,4,4,390923,0,0,0,0,0,0,0,0,0
200202,51,053,3,5,Dinwiddie County              ,13,13,1273600,0,0,0,0,0,0,0,0,0,13,13,1273600,0,0,0,0,0,0,0,0,0
200202,51,057,3,5,Essex County                  ,4,4,508872,0,0,0,0,0,0,0,0,0,4,4,508872,0,0,0,0,0,0,0,0,0
200202,51,059,3,5,Fairfax County                ,350,350,43424640,0,0,0,0,0,0,0,0,0,346,346,42941125,0,0,0,0,0,0,0,0,0
200202,51,061,3,5,Fauquier County               ,40,40,6354679,0,0,0,0,0,0,0,0,0,29,29,5238092,0,0,0,0,0,0,0,0,0
200202,51,063,3,5,Floyd County                  ,7,7,524000,0,0,0,0,0,0,0,0,0,7,7,524000,0,0,0,0,0,0,0,0,0
200202,51,065,3,5,Fluvanna County               ,41,41,5218304,0,0,0,0,0,0,0,0,0,41,41,5218304,0,0,0,0,0,0,0,0,0
200202,51,067,3,5,Franklin County               ,110,110,7945250,0,0,0,0,0,0,0,0,0,110,110,7945250,0,0,0,0,0,0,0,0,0
200202,51,069,3,5,Frederick County              ,50,50,6598900,0,0,0,0,0,0,0,0,0,50,50,6598900,0,0,0,0,0,0,0,0,0
200202,51,073,3,5,Gloucester County             ,14,14,1530500,0,0,0,0,0,0,0,0,0,14,14,1530500,0,0,0,0,0,0,0,0,0
200202,51,075,3,5,Goochland County              ,6,6,1338087,0,0,0,0,0,0,0,0,0,6,6,1338087,0,0,0,0,0,0,0,0,0
200202,51,077,3,5,Grayson County                ,11,11,734995,0,0,0,0,0,0,0,0,0, , , , , , , , , , , , 
200202,51,079,3,5,Greene County                 ,18,18,1519580,0,0,0,0,0,0,0,0,0, , , , , , , , , , , , 
200202,51,085,3,5,Hanover County                ,102,102,13232748,0,0,0,0,0,0,0,0,0,102,102,13232748,0,0,0,0,0,0,0,0,0
200202,51,087,3,5,Henrico County                ,124,124,15389305,0,0,0,0,0,0,0,0,0,124,124,15389305,0,0,0,0,0,0,0,0,0
200202,51,089,3,5,Henry County                  ,6,6,720000,0,0,0,0,0,0,0,0,0,6,6,720000,0,0,0,0,0,0,0,0,0
200202,51,093,3,5,Isle of Wight County          ,24,24,3019819,0,0,0,0,0,0,0,0,0, , , , , , , , , , , , 
200202,51,095,3,5,James City County             ,114,114,18968159,0,0,0,0,0,0,0,0,0,114,114,18968159,0,0,0,0,0,0,0,0,0
200202,51,099,3,5,King George County            ,21,21,2606253,0,0,0,0,0,0,0,0,0,21,21,2606253,0,0,0,0,0,0,0,0,0
200202,51,101,3,5,King William County           ,10,10,564000,0,0,0,0,0,0,0,0,0,10,10,564000,0,0,0,0,0,0,0,0,0
200202,51,103,3,5,Lancaster County              ,7,7,1425340,0,0,0,0,0,0,0,0,0,7,7,1425340,0,0,0,0,0,0,0,0,0
200202,51,105,3,5,Lee County                    ,6,6,500000,0,0,0,0,0,0,0,0,0,6,6,500000,0,0,0,0,0,0,0,0,0
200202,51,107,3,5,Loudoun County                ,289,289,34025917,0,0,0,0,0,0,1,12,900000,289,289,34025917,0,0,0,0,0,0,1,12,900000
200202,51,109,3,5,Louisa County                 ,25,25,2589295,0,0,0,0,0,0,0,0,0, , , , , , , , , , , , 
200202,51,111,3,5,Lunenburg County              ,8,8,738600,0,0,0,0,0,0,0,0,0,8,8,738600,0,0,0,0,0,0,0,0,0
200202,51,113,3,5,Madison County                ,15,15,1908600,0,0,0,0,0,0,0,0,0,15,15,1908600,0,0,0,0,0,0,0,0,0
200202,51,115,3,5,Mathews County                ,4,4,435000,0,0,0,0,0,0,0,0,0,4,4,435000,0,0,0,0,0,0,0,0,0
200202,51,119,3,5,Middlesex County              ,7,7,1061630,0,0,0,0,0,0,0,0,0, , , , , , , , , , , , 
200202,51,121,3,5,Montgomery County             ,83,83,6905400,0,0,0,0,0,0,0,0,0,83,83,6905400,0,0,0,0,0,0,0,0,0
200202,51,125,3,5,Nelson County                 ,8,8,1815860,0,0,0,0,0,0,0,0,0,8,8,1815860,0,0,0,0,0,0,0,0,0
200202,51,127,3,5,New Kent County               ,27,27,2999000,0,0,0,0,0,0,0,0,0,27,27,2999000,0,0,0,0,0,0,0,0,0
200202,51,131,3,5,Northampton County            ,8,8,990500,0,0,0,0,0,0,0,0,0,8,8,990500,0,0,0,0,0,0,0,0,0
200202,51,133,3,5,Northumberland County         ,12,12,1926531,0,0,0,0,0,0,0,0,0, , , , , , , , , , , , 
200202,51,137,3,5,Orange County                 ,20,20,2793188,0,0,0,0,0,0,1,5,112500, , , , , , , , , , , , 
200202,51,139,3,5,Page County                   ,5,5,637000,0,0,0,0,0,0,0,0,0,5,5,637000,0,0,0,0,0,0,0,0,0
200202,51,141,3,5,Patrick County                ,6,6,755500,0,0,0,0,0,0,0,0,0,6,6,755500,0,0,0,0,0,0,0,0,0
200202,51,143,3,5,Pittsylvania County           ,24,24,2329365,0,0,0,0,0,0,0,0,0, , , , , , , , , , , , 
200202,51,145,3,5,Powhatan County               ,23,23,2885847,0,0,0,0,0,0,0,0,0,23,23,2885847,0,0,0,0,0,0,0,0,0
200202,51,147,3,5,Prince Edward County          ,5,5,603503,1,2,69857,0,0,0,0,0,0, , , , , , , , , , , , 
200202,51,149,3,5,Prince George County          ,17,17,1922269,0,0,0,0,0,0,0,0,0, , , , , , , , , , , , 
200202,51,153,3,5,Prince William County         ,422,422,52356348,0,0,0,0,0,0,0,0,0,420,420,52125065,0,0,0,0,0,0,0,0,0
200202,51,157,3,5,Rappahannock County           ,1,1,160000,0,0,0,0,0,0,0,0,0,1,1,160000,0,0,0,0,0,0,0,0,0
200202,51,161,3,5,Roanoke County                ,37,37,2321367,0,0,0,0,0,0,0,0,0,37,37,2321367,0,0,0,0,0,0,0,0,0
200202,51,163,3,5,Rockbridge County             ,20,20,1532131,0,0,0,0,0,0,0,0,0, , , , , , , , , , , , 
200202,51,165,3,5,Rockingham County             ,37,37,4805035,0,0,0,1,3,115714,0,0,0,1,1,165000,0,0,0,0,0,0,0,0,0
200202,51,167,3,5,Russell County                ,7,7,665000,0,0,0,0,0,0,1,6,118000,7,7,665000,0,0,0,0,0,0,1,6,118000
200202,51,169,3,5,Scott County                  ,5,5,452000,0,0,0,0,0,0,0,0,0,5,5,452000,0,0,0,0,0,0,0,0,0
200202,51,171,3,5,Shenandoah County             ,24,24,2511460,0,0,0,0,0,0,4,32,1700000,24,24,2511460,0,0,0,0,0,0,4,32,1700000
200202,51,173,3,5,Smyth County                  ,5,5,586968,0,0,0,0,0,0,0,0,0,5,5,586968,0,0,0,0,0,0,0,0,0
200202,51,175,3,5,Southampton County            ,6,6,565204,1,2,93551,0,0,0,0,0,0, , , , , , , , , , , , 
200202,51,177,3,5,Spotsylvania County           ,135,135,19285986,0,0,0,0,0,0,0,0,0, , , , , , , , , , , , 
200202,51,179,3,5,Stafford County               ,161,161,19981275,0,0,0,0,0,0,0,0,0,161,161,19981275,0,0,0,0,0,0,0,0,0
200202,51,181,3,5,Surry County                  ,5,5,287566,0,0,0,0,0,0,0,0,0, , , , , , , , , , , , 
200202,51,185,3,5,Tazewell County               ,3,3,328956,1,2,98490,0,0,0,0,0,0,3,3,328956,1,2,98490,0,0,0,0,0,0
200202,51,187,3,5,Warren County                 ,25,25,3579805,0,0,0,0,0,0,0,0,0,25,25,3579805,0,0,0,0,0,0,0,0,0
200202,51,191,3,5,Washington County             ,26,26,1712504,0,0,0,0,0,0,0,0,0,2,2,145000,0,0,0,0,0,0,0,0,0
200202,51,193,3,5,Westmoreland County           ,9,9,225100,0,0,0,0,0,0,0,0,0,9,9,225100,0,0,0,0,0,0,0,0,0
200202,51,197,3,5,Wythe County                  ,7,7,735000,0,0,0,0,0,0,0,0,0,7,7,735000,0,0,0,0,0,0,0,0,0
200202,51,199,3,5,York County                   ,43,43,5863492,2,4,148000,0,0,0,0,0,0,43,43,5863492,2,4,148000,0,0,0,0,0,0
200202,51,510,3,5,Alexandria (Independent City) ,36,36,4531378,0,0,0,0,0,0,2,52,4419329, , , , , , , , , , , , 
200202,51,540,3,5,Charlottesville (Independent C,5,5,419858,0,0,0,0,0,0,0,0,0, , , , , , , , , , , , 
200202,51,550,3,5,Chesapeake(Independent City)  ,76,76,9254285,1,2,90000,0,0,0,0,0,0,76,76,9254285,1,2,90000,0,0,0,0,0,0
200202,51,570,3,5,Colonial Heights (Independent ,4,4,630500,0,0,0,0,0,0,0,0,0,4,4,630500,0,0,0,0,0,0,0,0,0
200202,51,590,3,5,Danville (Independent City)   ,1,1,53000,0,0,0,0,0,0,0,0,0,1,1,53000,0,0,0,0,0,0,0,0,0
200202,51,600,3,5,Fairfax (Independent City)    ,4,4,461800,0,0,0,0,0,0,0,0,0,4,4,461800,0,0,0,0,0,0,0,0,0
200202,51,610,3,5,Falls Church (Independent City,0,0,0,0,0,0,0,0,0,0,0,0, , , , , , , , , , , , 
200202,51,620,3,5,Franklin (Independent City)   ,1,1,134667,0,0,0,0,0,0,0,0,0, , , , , , , , , , , , 
200202,51,630,3,5,Fredericksburg(Independent Cit,6,6,676320,0,0,0,0,0,0,0,0,0,6,6,676320,0,0,0,0,0,0,0,0,0
200202,51,650,3,5,Hampton (Independent City)    ,30,30,1948199,0,0,0,0,0,0,0,0,0, , , , , , , , , , , , 
200202,51,660,3,5,Harrisonburg (Independent City,74,74,4345000,0,0,0,0,0,0,0,0,0,74,74,4345000,0,0,0,0,0,0,0,0,0
200202,51,670,3,5,Hopewell (Independent City)   ,6,6,448255,0,0,0,0,0,0,0,0,0, , , , , , , , , , , , 
200202,51,680,3,5,Lynchburg (Independent City)  ,12,12,1423465,2,4,200000,0,0,0,0,0,0,12,12,1423465,2,4,200000,0,0,0,0,0,0
200202,51,683,3,5,Manassas (Independent City)   ,8,8,930000,0,0,0,0,0,0,0,0,0,8,8,930000,0,0,0,0,0,0,0,0,0
200202,51,685,3,5,Manassas Park (Independent Cit,19,19,2090000,0,0,0,0,0,0,0,0,0, , , , , , , , , , , , 
200202,51,700,3,5,Newport News (Independent City,23,23,1489563,0,0,0,0,0,0,0,0,0,23,23,1489563,0,0,0,0,0,0,0,0,0
200202,51,710,3,5,Norfolk (Independent City)    ,37,37,4591970,0,0,0,0,0,0,1,5,297229,37,37,4591970,0,0,0,0,0,0,1,5,297229
200202,51,730,3,5,Petersburg (Independent City) ,1,1,50000,0,0,0,0,0,0,0,0,0,1,1,50000,0,0,0,0,0,0,0,0,0
200202,51,735,3,5,Poquoson (Independent City)   ,2,2,305400,0,0,0,0,0,0,0,0,0, , , , , , , , , , , , 
200202,51,740,3,5,Portsmouth (Independent City) ,36,36,4467863,0,0,0,0,0,0,0,0,0,36,36,4467863,0,0,0,0,0,0,0,0,0
200202,51,750,3,5,Radford (Independent City)    ,1,1,230000,0,0,0,0,0,0,0,0,0,1,1,230000,0,0,0,0,0,0,0,0,0
200202,51,760,3,5,Richmond (Independent City)   ,12,12,1779349,0,0,0,0,0,0,1,5,190000,12,12,1779349,0,0,0,0,0,0,1,5,190000
200202,51,770,3,5,Roanoke (Independent City)    ,16,16,1141677,0,0,0,0,0,0,1,10,650782, , , , , , , , , , , , 
200202,51,775,3,5,Salem (Independent City)      ,7,7,782974,0,0,0,0,0,0,0,0,0,7,7,782974,0,0,0,0,0,0,0,0,0
200202,51,790,3,5,Staunton (Independent City)   ,2,2,136000,0,0,0,0,0,0,0,0,0,2,2,136000,0,0,0,0,0,0,0,0,0
200202,51,800,3,5,Suffolk (Independent City)    ,59,59,6882380,2,4,244918,3,12,763483,0,0,0, , , , , , , , , , , , 
200202,51,810,3,5,Virginia Beach (Independent Ci,116,116,15681683,12,24,2208720,0,0,0,0,0,0,116,116,15681683,12,24,2208720,0,0,0,0,0,0
200202,51,820,3,5,Waynesboro (Independent City) ,8,8,207200,0,0,0,1,3,183200,0,0,0,8,8,207200,0,0,0,1,3,183200,0,0,0
200202,51,830,3,5,Williamsburg (Independent City,5,5,699810,0,0,0,0,0,0,0,0,0,5,5,699810,0,0,0,0,0,0,0,0,0
200202,51,840,3,5,Winchester (Independent City) ,14,14,1805000,0,0,0,0,0,0,0,0,0,14,14,1805000,0,0,0,0,0,0,0,0,0
200202,53,011,4,9,Clark County                  ,227,227,27457261,0,0,0,0,0,0,1,8,397074,212,212,25414868,0,0,0,0,0,0,1,8,397074
200202,53,029,4,9,Island County                 ,41,41,5862243,0,0,0,2,8,672096,0,0,0,40,40,5737309,0,0,0,2,8,672096,0,0,0
200202,53,031,4,9,Jefferson County              ,12,12,1806995,0,0,0,0,0,0,0,0,0,12,12,1806995,0,0,0,0,0,0,0,0,0
200202,53,033,4,9,King County                   ,377,377,69464265,6,12,1198872,14,50,4877867,3,92,6414140,347,347,61432032,6,12,1198872,13,47,4417012,3,92,6414140
200202,53,035,4,9,Kitsap County                 ,54,54,6701381,0,0,0,0,0,0,0,0,0,52,52,6524510,0,0,0,0,0,0,0,0,0
200202,53,053,4,9,Pierce County                 ,303,303,43874132,8,16,1403637,2,7,525792,0,0,0,296,296,43198011,8,16,1403637,1,4,248330,0,0,0
200202,53,061,4,9,Snohomish County              ,275,275,39031953,11,22,2016882,2,8,691546,4,22,1938996,172,172,26770010,9,18,1798307,2,8,691546,1,6,418313
200202,53,067,4,9,Thurston County               ,128,128,17381608,1,2,175130,6,24,1636764,0,0,0,123,123,16754291,0,0,0,6,24,1636764,0,0,0
200202,54,003,3,5,Berkeley County               ,66,66,7554508,1,2,162857,1,3,99375,0,0,0,1,1,97365,0,0,0,0,0,0,0,0,0
200202,54,011,3,5,Cabell County                 ,2,2,308226,0,0,0,0,0,0,0,0,0,0,0,0,0,0,0,0,0,0,0,0,0
200202,54,031,3,5,Hardy County                  ,9,9,668000,0,0,0,0,0,0,0,0,0,9,9,668000,0,0,0,0,0,0,0,0,0
200202,54,037,3,5,Jefferson County              ,35,35,4034017,0,0,0,0,0,0,1,5,245047,1,1,80000,0,0,0,0,0,0,0,0,0
200202,54,091,3,5,Taylor County                 ,0,0,0,0,0,0,0,0,0,0,0,0,0,0,0,0,0,0,0,0,0,0,0,0
200202,55,059,2,3,Kenosha County                ,43,43,6346444,0,0,0,0,0,0,1,5,238636,32,32,4695964,0,0,0,0,0,0,0,0,0
200202,55,078,2,3,Menominee County              ,2,2,170000,0,0,0,0,0,0,0,0,0,2,2,170000,0,0,0,0,0,0,0,0,0
200202,55,079,2,3,Milwaukee County              ,49,49,8404843,4,8,770000,1,4,500000,6,334,14450000,47,47,8167160,4,8,770000,1,4,500000,6,334,14450000
200202,55,089,2,3,Ozaukee County                ,26,26,5762272,0,0,0,0,0,0,2,13,652926,15,15,2595350,0,0,0,0,0,0,1,8,400000
200202,55,093,2,3,Pierce County                 ,23,23,3183896,0,0,0,0,0,0,0,0,0,23,23,3183896,0,0,0,0,0,0,0,0,0
200202,55,101,2,3,Racine County                 ,46,46,8563552,2,4,560469,0,0,0,1,7,242204,43,43,8212697,1,2,400000,0,0,0,0,0,0
200202,55,109,2,3,St. Croix County              ,50,50,7506549,1,2,150000,3,11,525500,1,5,125000,38,38,6195935,1,2,150000,2,8,440000,0,0,0
200202,55,131,2,3,Washington County             ,44,44,8514033,1,2,185833,4,16,1182000,0,0,0,33,33,6416563,0,0,0,4,16,1182000,0,0,0
200202,55,133,2,3,Waukesha County               ,148,148,30062750,4,8,925000,0,0,0,2,16,1600000,131,131,27262013,4,8,925000,0,0,0,2,16,1600000
200202,56,025,4,8,Natrona County                ,11,11,1681057,0,0,0,0,0,0,0,0,0,9,9,1393700,0,0,0,0,0,0,0,0,0
200202,56,039,4,8,Teton County                  ,9,9,6108356,1,2,201541,0,0,0,1,5,194403,6,6,5432000,0,0,0,0,0,0,0,0,0
