Survey,FIPS,FIPS,Region,Division,County,,1-unit,,,2-units,,,3-4 units,,,5+ units,,,1-unit rep,,,2-units rep,,,3-4 units rep,,, 5+units rep
Date,State,County,Code,Code,Name,Bldgs,Units,Value,Bldgs,Units,Value,Bldgs,Units,Value,Bldgs,Units,Value,Bldgs,Units,Value,Bldgs,Units,Value,Bldgs,Units,Value,Bldgs,Units,Value
 
200211,01,001,3,6,Autauga County                ,18,18,949175,0,0,0,0,0,0,0,0,0,18,18,949175,0,0,0,0,0,0,0,0,0
200211,01,081,3,6,Lee County                    ,47,47,6992526,1,2,106044,2,8,349450,6,42,2808578,47,47,6992526,1,2,106044,2,8,349450,6,42,2808578
200211,01,113,3,6,Russell County                ,12,12,1092544,16,32,2877904,0,0,0,0,0,0,12,12,1092544,16,32,2877904,0,0,0,0,0,0
200211,02,000,4,9,Alaska Balance of State       ,9,9,1716398,0,0,0,0,0,0,0,0,0,0,0,0,0,0,0,0,0,0,0,0,0
200211,02,013,4,9,Aleutians East Borough        ,1,1,151370,0,0,0,0,0,0,0,0,0,1,1,151370,0,0,0,0,0,0,0,0,0
200211,02,016,4,9,Aleutians West Census Area    ,0,0,0,0,0,0,0,0,0,0,0,0,0,0,0,0,0,0,0,0,0,0,0,0
200211,02,020,4,9,Anchorage Borough             ,40,40,8291723,21,42,6042185,2,7,871174,0,0,0,40,40,8291723,21,42,6042185,2,7,871174,0,0,0
200211,02,050,4,9,Bethel Census Area            ,0,0,0,0,0,0,0,0,0,0,0,0,0,0,0,0,0,0,0,0,0,0,0,0
200211,02,060,4,9,Bristol Bay Borough           ,0,0,0,0,0,0,0,0,0,0,0,0,0,0,0,0,0,0,0,0,0,0,0,0
200211,02,090,4,9,Fairbanks North Star Borough  ,4,4,686824,0,0,0,0,0,0,0,0,0,3,3,595000,0,0,0,0,0,0,0,0,0
200211,02,100,4,9,Haines Borough                ,1,1,95667,0,0,0,0,0,0,0,0,0,0,0,0,0,0,0,0,0,0,0,0,0
200211,02,110,4,9,Juneau Borough                ,6,6,1448769,0,0,0,0,0,0,0,0,0,6,6,1448769,0,0,0,0,0,0,0,0,0
200211,02,122,4,9,Kenai Peninsula Borough       ,0,0,0,0,0,0,0,0,0,0,0,0,0,0,0,0,0,0,0,0,0,0,0,0
200211,02,130,4,9,Ketchikan Gateway Borough     ,1,1,151370,1,2,195118,0,0,0,0,0,0,1,1,151370,1,2,195118,0,0,0,0,0,0
200211,02,150,4,9,Kodiak Island Borough         ,7,7,952248,2,4,409728,0,0,0,0,0,0,7,7,952248,2,4,409728,0,0,0,0,0,0
200211,02,170,4,9,Matanuska-Susitna Borough     ,3,3,454109,0,0,0,0,0,0,0,0,0,3,3,454109,0,0,0,0,0,0,0,0,0
200211,02,180,4,9,Nome Census Area              ,0,0,0,0,0,0,0,0,0,0,0,0,0,0,0,0,0,0,0,0,0,0,0,0
200211,02,185,4,9,North Slope Borough           ,2,2,247616,0,0,0,0,0,0,0,0,0,0,0,0,0,0,0,0,0,0,0,0,0
200211,02,201,4,9,Prince of Wales-Outer Ketchika,0,0,0,0,0,0,0,0,0,0,0,0,0,0,0,0,0,0,0,0,0,0,0,0
200211,02,220,4,9,Sitka Borough                 ,2,2,182356,1,2,145627,0,0,0,0,0,0,0,0,0,0,0,0,0,0,0,0,0,0
200211,02,232,4,9,Skagway-Hoonah-Angoon Census A,1,1,109000,0,0,0,0,0,0,0,0,0,1,1,109000,0,0,0,0,0,0,0,0,0
200211,02,261,4,9,Valdez-Cordova Census Area    ,3,3,452857,0,0,0,0,0,0,0,0,0,0,0,0,0,0,0,0,0,0,0,0,0
200211,02,280,4,9,Wrangell-Petersburg Census Are,1,1,238320,0,0,0,0,0,0,0,0,0,1,1,238320,0,0,0,0,0,0,0,0,0
200211,02,282,4,9,Yakutat Borough               ,0,0,0,0,0,0,0,0,0,0,0,0,0,0,0,0,0,0,0,0,0,0,0,0
200211,04,013,4,8,Maricopa County               ,2518,2518,395074590,0,0,0,7,26,2449523,35,454,33527079,2068,2068,336115967,0,0,0,7,26,2449523,34,441,32916680
200211,04,015,4,8,Mohave County                 ,202,202,19756649,7,14,848714,0,0,0,0,0,0,166,166,16920271,7,14,848714,0,0,0,0,0,0
200211,04,021,4,8,Pinal County                  ,282,282,30262352,0,0,0,2,8,469410,0,0,0,221,221,23653932,0,0,0,2,8,469410,0,0,0
200211,05,023,3,7,Cleburne County               ,0,0,0,0,0,0,0,0,0,0,0,0,0,0,0,0,0,0,0,0,0,0,0,0
200211,05,035,3,7,Crittenden County             ,11,11,1522630,0,0,0,0,0,0,0,0,0,11,11,1522630,0,0,0,0,0,0,0,0,0
200211,05,043,3,7,Drew County                   ,2,2,252630,0,0,0,0,0,0,0,0,0,2,2,252630,0,0,0,0,0,0,0,0,0
200211,05,055,3,7,Greene County                 ,11,11,670000,0,0,0,1,3,90000,0,0,0,11,11,670000,0,0,0,1,3,90000,0,0,0
200211,05,061,3,7,Howard County                 ,0,0,0,0,0,0,0,0,0,0,0,0,0,0,0,0,0,0,0,0,0,0,0,0
200211,05,071,3,7,Johnson County                ,2,2,92000,0,0,0,0,0,0,0,0,0,2,2,92000,0,0,0,0,0,0,0,0,0
200211,06,001,4,9,Alameda County                ,121,121,41917825,2,4,398884,1,4,375000,9,118,22185459,115,115,40036562,2,4,398884,1,4,375000,9,118,22185459
200211,06,003,4,9,Alpine County                 ,0,0,0,0,0,0,0,0,0,0,0,0,0,0,0,0,0,0,0,0,0,0,0,0
200211,06,013,4,9,Contra Costa County           ,244,244,43082115,1,2,206200,1,3,266029,1,10,717711,243,243,42778740,1,2,206200,1,3,266029,1,10,717711
200211,06,017,4,9,El Dorado County              ,101,101,25323311,0,0,0,0,0,0,0,0,0,101,101,25323311,0,0,0,0,0,0,0,0,0
200211,06,019,4,9,Fresno County                 ,338,338,52373451,1,2,116117,0,0,0,0,0,0,327,327,51467410,0,0,0,0,0,0,0,0,0
200211,06,027,4,9,Inyo County                   ,1,1,239127,0,0,0,0,0,0,0,0,0,1,1,239127,0,0,0,0,0,0,0,0,0
200211,06,033,4,9,Lake County                   ,22,22,4006468,1,2,204174,0,0,0,0,0,0,22,22,4006468,1,2,204174,0,0,0,0,0,0
200211,06,037,4,9,Los Angeles County            ,523,523,116948457,11,22,1820786,1,4,161024,34,882,113089778,477,477,104974577,10,20,1729420,0,0,0,24,799,107280486
200211,06,039,4,9,Madera County                 ,76,76,11448881,2,4,380371,1,3,166735,0,0,0,76,76,11448881,2,4,380371,1,3,166735,0,0,0
200211,06,041,4,9,Marin County                  ,52,52,15717780,3,6,721752,0,0,0,2,25,3343218,50,50,14596858,3,6,721752,0,0,0,2,25,3343218
200211,06,043,4,9,Mariposa County               ,7,7,1418991,0,0,0,0,0,0,0,0,0,7,7,1418991,0,0,0,0,0,0,0,0,0
200211,06,055,4,9,Napa County                   ,47,47,11445306,0,0,0,0,0,0,1,12,617304,38,38,9416370,0,0,0,0,0,0,0,0,0
200211,06,057,4,9,Nevada County                 ,50,50,9300149,0,0,0,0,0,0,0,0,0,50,50,9300149,0,0,0,0,0,0,0,0,0
200211,06,059,4,9,Orange County                 ,613,613,124775896,2,4,234083,1,3,212764,20,564,67864090,576,576,117284408,0,0,0,1,3,212764,19,547,66094305
200211,06,061,4,9,Placer County                 ,377,377,76230600,0,0,0,2,6,638518,1,9,638119,175,175,40655432,0,0,0,0,0,0,0,0,0
200211,06,063,4,9,Plumas County                 ,17,17,2530275,0,0,0,0,0,0,0,0,0,17,17,2530275,0,0,0,0,0,0,0,0,0
200211,06,065,4,9,Riverside County              ,1767,1767,311655835,2,4,407841,5,16,1148799,9,68,3427913,1694,1694,298684483,1,2,199442,4,12,866560,3,15,1004475
200211,06,067,4,9,Sacramento County             ,812,812,139189966,2,4,413862,0,0,0,47,693,50971122,812,812,139189966,2,4,413862,0,0,0,47,693,50971122
200211,06,069,4,9,San Benito County             ,2,2,347986,0,0,0,0,0,0,0,0,0,2,2,347986,0,0,0,0,0,0,0,0,0
200211,06,071,4,9,San Bernardino County         ,578,578,113690019,0,0,0,0,0,0,0,0,0,567,567,111840836,0,0,0,0,0,0,0,0,0
200211,06,073,4,9,San Diego County              ,585,585,148592560,4,8,1058346,7,21,2347843,12,344,34526998,412,412,104574486,3,6,827608,1,3,404508,0,0,0
200211,06,075,4,9,San Francisco County          ,2,2,317729,6,12,1196652,1,3,266029,0,0,0,2,2,317729,6,12,1196652,1,3,266029,0,0,0
200211,06,077,4,9,San Joaquin County            ,421,421,73341935,2,4,398884,2,6,532059,4,46,3310249,421,421,73341935,2,4,398884,2,6,532059,4,46,3310249
200211,06,079,4,9,San Luis Obispo County        ,76,76,13682754,1,2,288445,0,0,0,0,0,0,66,66,11838748,1,2,288445,0,0,0,0,0,0
200211,06,081,4,9,San Mateo County              ,71,71,20079864,0,0,0,0,0,0,6,179,12903678,60,60,15756136,0,0,0,0,0,0,6,179,12903678
200211,06,085,4,9,Santa Clara County            ,162,162,43206456,4,8,636970,0,0,0,3,61,10262683,153,153,41478513,4,8,636970,0,0,0,2,42,7720115
200211,06,087,4,9,Santa Cruz County             ,39,39,8298608,0,0,0,0,0,0,1,71,3630530,28,28,6334878,0,0,0,0,0,0,1,71,3630530
200211,06,089,4,9,Shasta County                 ,75,75,11439276,0,0,0,0,0,0,0,0,0,75,75,11439276,0,0,0,0,0,0,0,0,0
200211,06,095,4,9,Solano County                 ,152,152,25659527,0,0,0,1,3,239865,14,228,16497572,78,78,13208324,0,0,0,0,0,0,13,198,14800216
200211,06,097,4,9,Sonoma County                 ,90,90,19685647,1,2,279331,0,0,0,0,0,0,64,64,16266089,1,2,279331,0,0,0,0,0,0
200211,06,105,4,9,Trinity County                ,2,2,154959,0,0,0,0,0,0,0,0,0,2,2,154959,0,0,0,0,0,0,0,0,0
200211,06,111,4,9,Ventura County                ,183,183,55599681,0,0,0,1,3,432422,0,0,0,170,170,52770053,0,0,0,0,0,0,0,0,0
200211,06,113,4,9,Yolo County                   ,104,104,14858155,0,0,0,0,0,0,0,0,0,36,36,5861853,0,0,0,0,0,0,0,0,0
200211,08,001,4,8,Adams County                  ,313,313,45514721,26,52,5029101,0,0,0,3,49,3122017,283,283,42988995,26,52,5029101,0,0,0,2,28,2170908
200211,08,005,4,8,Arapahoe County               ,194,194,37897560,0,0,0,2,6,721976,24,584,38432649,194,194,37897560,0,0,0,2,6,721976,24,584,38432649
200211,08,013,4,8,Boulder County                ,71,71,13929146,0,0,0,0,0,0,0,0,0,71,71,13929146,0,0,0,0,0,0,0,0,0
200211,08,015,4,8,Chaffee County                ,18,18,2967474,0,0,0,0,0,0,0,0,0,18,18,2967474,0,0,0,0,0,0,0,0,0
200211,08,031,4,8,Denver County                 ,206,206,28695513,0,0,0,0,0,0,10,361,27529365,206,206,28695513,0,0,0,0,0,0,10,361,27529365
200211,08,035,4,8,Douglas County                ,229,229,42731925,0,0,0,1,3,137908,3,26,1150467,162,162,33257608,0,0,0,0,0,0,0,0,0
200211,08,059,4,8,Jefferson County              ,83,83,12815013,1,2,199442,0,0,0,0,0,0,83,83,12815013,1,2,199442,0,0,0,0,0,0
200211,08,069,4,8,Larimer County                ,184,184,22471510,0,0,0,2,6,705721,5,89,5003704,31,31,3648853,0,0,0,1,3,483228,0,0,0
200211,08,077,4,8,Mesa County                   ,92,92,11437668,0,0,0,0,0,0,0,0,0,92,92,11437668,0,0,0,0,0,0,0,0,0
200211,08,101,4,8,Pueblo County                 ,92,92,9326007,6,12,400773,0,0,0,0,0,0,92,92,9326007,6,12,400773,0,0,0,0,0,0
200211,08,107,4,8,Routt County                  ,12,12,4192926,0,0,0,0,0,0,1,16,1000050,12,12,4192926,0,0,0,0,0,0,1,16,1000050
200211,08,113,4,8,San Miguel County             ,7,7,5596083,1,2,400000,0,0,0,0,0,0,4,4,1009700,1,2,400000,0,0,0,0,0,0
200211,08,123,4,8,Weld County                   ,197,197,31368180,0,0,0,0,0,0,4,36,2910480,197,197,31368180,0,0,0,0,0,0,4,36,2910480
200211,09,001,1,1,Fairfield County              ,119,119,39751371,7,14,951256,1,3,229573,0,0,0,99,99,26379277,6,12,586256,1,3,229573,0,0,0
200211,09,009,1,1,New Haven County              ,102,102,15410122,0,0,0,0,0,0,1,5,307084,87,87,13596038,0,0,0,0,0,0,0,0,0
200211,09,013,1,1,Tolland County                ,48,48,6823044,1,2,148000,1,3,77550,0,0,0,42,42,5792418,1,2,148000,0,0,0,0,0,0
200211,10,001,3,5,Kent County                   ,125,125,13773869,0,0,0,0,0,0,0,0,0,123,123,13556240,0,0,0,0,0,0,0,0,0
200211,10,003,3,5,New Castle County             ,127,127,11143908,0,0,0,0,0,0,2,10,824160,1,1,215000,0,0,0,0,0,0,0,0,0
200211,10,005,3,5,Sussex County                 ,234,234,29151416,0,0,0,0,0,0,0,0,0,234,234,29151416,0,0,0,0,0,0,0,0,0
200211,11,001,3,5,Washington  DC                ,6,6,757889,1,2,138472,1,4,291398,0,0,0,6,6,757889,1,2,138472,1,4,291398,0,0,0
200211,12,003,3,5,Baker County                  ,14,14,1423250,0,0,0,0,0,0,0,0,0,14,14,1423250,0,0,0,0,0,0,0,0,0
200211,12,005,3,5,Bay County                    ,93,93,12021759,6,12,899601,1,3,218549,0,0,0,93,93,12021759,6,12,899601,1,3,218549,0,0,0
200211,12,007,3,5,Bradford County               ,2,2,190950,0,0,0,0,0,0,0,0,0,2,2,190950,0,0,0,0,0,0,0,0,0
200211,12,011,3,5,Broward County                ,440,440,63200614,6,12,1025391,3,10,700864,6,61,4794364,247,247,38205492,6,12,1025391,1,4,291398,2,16,1106024
200211,12,015,3,5,Charlotte County              ,105,105,15978263,1,2,105000,1,3,232031,1,6,2214000,105,105,15978263,1,2,105000,1,3,232031,1,6,2214000
200211,12,019,3,5,Clay County                   ,189,189,19382700,0,0,0,0,0,0,0,0,0,189,189,19382700,0,0,0,0,0,0,0,0,0
200211,12,027,3,5,DeSoto County                 ,4,4,439052,1,2,85748,0,0,0,1,7,591925,0,0,0,0,0,0,0,0,0,0,0,0
200211,12,029,3,5,Dixie County                  ,2,2,211416,0,0,0,0,0,0,0,0,0,2,2,211416,0,0,0,0,0,0,0,0,0
200211,12,031,3,5,Duval County                  ,552,552,67136341,0,0,0,0,0,0,3,40,6762000,552,552,67136341,0,0,0,0,0,0,3,40,6762000
200211,12,033,3,5,Escambia County               ,98,98,13148128,0,0,0,0,0,0,0,0,0,98,98,13148128,0,0,0,0,0,0,0,0,0
200211,12,039,3,5,Gadsden County                ,10,10,1424867,0,0,0,0,0,0,0,0,0,10,10,1424867,0,0,0,0,0,0,0,0,0
200211,12,041,3,5,Gilchrist County              ,5,5,393000,0,0,0,0,0,0,0,0,0,5,5,393000,0,0,0,0,0,0,0,0,0
200211,12,045,3,5,Gulf County                   ,11,11,1658807,0,0,0,0,0,0,0,0,0,0,0,0,0,0,0,0,0,0,0,0,0
200211,12,047,3,5,Hamilton County               ,2,2,122520,0,0,0,0,0,0,0,0,0,2,2,122520,0,0,0,0,0,0,0,0,0
200211,12,049,3,5,Hardee County                 ,2,2,91000,0,0,0,0,0,0,0,0,0,2,2,91000,0,0,0,0,0,0,0,0,0
200211,12,053,3,5,Hernando County               ,121,121,16244545,0,0,0,0,0,0,0,0,0,121,121,16244545,0,0,0,0,0,0,0,0,0
200211,12,057,3,5,Hillsborough County           ,711,711,89303988,14,28,1938612,0,0,0,0,0,0,696,696,87325534,14,28,1938612,0,0,0,0,0,0
200211,12,059,3,5,Holmes County                 ,4,4,348392,0,0,0,0,0,0,0,0,0,0,0,0,0,0,0,0,0,0,0,0,0
200211,12,063,3,5,Jackson County                ,7,7,512755,0,0,0,0,0,0,0,0,0,7,7,512755,0,0,0,0,0,0,0,0,0
200211,12,065,3,5,Jefferson County              ,3,3,184514,0,0,0,0,0,0,0,0,0,3,3,184514,0,0,0,0,0,0,0,0,0
200211,12,067,3,5,Lafayette County              ,1,1,172000,0,0,0,0,0,0,0,0,0,1,1,172000,0,0,0,0,0,0,0,0,0
200211,12,069,3,5,Lake County                   ,250,250,30586349,1,2,115442,1,4,340000,1,5,389003,33,33,3534038,0,0,0,1,4,340000,0,0,0
200211,12,071,3,5,Lee County                    ,585,585,81466908,22,44,3809001,26,100,12331580,19,313,39360674,585,585,81466908,22,44,3809001,26,100,12331580,19,313,39360674
200211,12,073,3,5,Leon County                   ,137,137,18669202,4,8,553889,0,0,0,7,168,10022598,137,137,18669202,4,8,553889,0,0,0,7,168,10022598
200211,12,077,3,5,Liberty County                ,1,1,70000,0,0,0,0,0,0,0,0,0,1,1,70000,0,0,0,0,0,0,0,0,0
200211,12,081,3,5,Manatee County                ,313,313,52504758,0,0,0,2,8,680000,14,348,3990000,313,313,52504758,0,0,0,2,8,680000,14,348,3990000
200211,12,086,3,5,Miami-Dade County             ,386,386,41109867,15,30,1576430,0,0,0,23,792,59928649,375,375,38472197,15,30,1576430,0,0,0,22,787,59583061
200211,12,089,3,5,Nassau County                 ,46,46,7901982,0,0,0,2,6,982000,0,0,0,45,45,7776982,0,0,0,2,6,982000,0,0,0
200211,12,091,3,5,Okaloosa County               ,80,80,10546867,0,0,0,0,0,0,1,20,896278,14,14,3101154,0,0,0,0,0,0,0,0,0
200211,12,093,3,5,Okeechobee County             ,9,9,824385,0,0,0,0,0,0,0,0,0,0,0,0,0,0,0,0,0,0,0,0,0
200211,12,095,3,5,Orange County                 ,609,609,89599490,3,6,1159000,1,4,465000,0,0,0,609,609,89599490,3,6,1159000,1,4,465000,0,0,0
200211,12,097,3,5,Osceola County                ,307,307,42202847,0,0,0,0,0,0,12,184,6981896,307,307,42202847,0,0,0,0,0,0,12,184,6981896
200211,12,099,3,5,Palm Beach County             ,680,680,113888457,0,0,0,1,4,200000,7,111,14863085,634,634,103348730,0,0,0,1,4,200000,6,101,13905293
200211,12,101,3,5,Pasco County                  ,400,400,50409920,14,28,1938612,1,3,218549,0,0,0,400,400,50409920,14,28,1938612,1,3,218549,0,0,0
200211,12,103,3,5,Pinellas County               ,95,95,16451011,1,2,182534,1,3,181000,2,11,723853,94,94,16116345,1,2,182534,1,3,181000,1,6,379620
200211,12,109,3,5,St. Johns County              ,185,185,43086823,0,0,0,0,0,0,0,0,0,182,182,42792436,0,0,0,0,0,0,0,0,0
200211,12,113,3,5,Santa Rosa County             ,86,86,10863073,0,0,0,0,0,0,0,0,0,86,86,10863073,0,0,0,0,0,0,0,0,0
200211,12,115,3,5,Sarasota County               ,293,293,50956141,1,2,307710,1,3,495242,5,49,7167404,114,114,18252670,0,0,0,0,0,0,3,24,3742656
200211,12,117,3,5,Seminole County               ,158,158,35338999,0,0,0,0,0,0,2,16,960000,138,138,32854354,0,0,0,0,0,0,2,16,960000
200211,12,119,3,5,Sumter County                 ,14,14,1852440,0,0,0,0,0,0,0,0,0,14,14,1852440,0,0,0,0,0,0,0,0,0
200211,12,123,3,5,Taylor County                 ,2,2,254000,0,0,0,0,0,0,0,0,0,2,2,254000,0,0,0,0,0,0,0,0,0
200211,12,125,3,5,Union County                  ,2,2,179640,0,0,0,0,0,0,0,0,0,2,2,179640,0,0,0,0,0,0,0,0,0
200211,12,129,3,5,Wakulla County                ,30,30,1880219,0,0,0,0,0,0,0,0,0,0,0,0,0,0,0,0,0,0,0,0,0
200211,12,131,3,5,Walton County                 ,95,95,26177664,0,0,0,0,0,0,0,0,0,95,95,26177664,0,0,0,0,0,0,0,0,0
200211,12,133,3,5,Washington County             ,11,11,576640,0,0,0,0,0,0,0,0,0,11,11,576640,0,0,0,0,0,0,0,0,0
200211,13,009,3,5,Baldwin County                ,7,7,775199,1,2,60000,0,0,0,0,0,0,0,0,0,1,2,60000,0,0,0,0,0,0
200211,13,013,3,5,Barrow County                 ,87,87,6373299,0,0,0,0,0,0,0,0,0,87,87,6373299,0,0,0,0,0,0,0,0,0
200211,13,015,3,5,Bartow County                 ,59,59,7370173,0,0,0,0,0,0,1,16,541906,47,47,5936795,0,0,0,0,0,0,0,0,0
200211,13,027,3,5,Brooks County                 ,1,1,108276,0,0,0,0,0,0,0,0,0,0,0,0,0,0,0,0,0,0,0,0,0
200211,13,029,3,5,Bryan County                  ,18,18,3647581,0,0,0,0,0,0,0,0,0,18,18,3647581,0,0,0,0,0,0,0,0,0
200211,13,035,3,5,Butts County                  ,21,21,1675000,0,0,0,0,0,0,0,0,0,21,21,1675000,0,0,0,0,0,0,0,0,0
200211,13,039,3,5,Camden County                 ,41,41,3253361,1,2,44500,0,0,0,0,0,0,15,15,1126031,0,0,0,0,0,0,0,0,0
200211,13,045,3,5,Carroll County                ,65,65,6077900,0,0,0,0,0,0,0,0,0,65,65,6077900,0,0,0,0,0,0,0,0,0
200211,13,047,3,5,Catoosa County                ,27,27,3290529,0,0,0,1,3,50455,1,5,247497,24,24,3031555,0,0,0,0,0,0,0,0,0
200211,13,057,3,5,Cherokee County               ,186,186,23533440,0,0,0,0,0,0,0,0,0,186,186,23533440,0,0,0,0,0,0,0,0,0
200211,13,063,3,5,Clayton County                ,148,148,19634078,0,0,0,0,0,0,0,0,0,148,148,19634078,0,0,0,0,0,0,0,0,0
200211,13,067,3,5,Cobb County                   ,277,277,36022703,0,0,0,0,0,0,13,251,13308686,264,264,34990588,0,0,0,0,0,0,13,251,13308686
200211,13,069,3,5,Coffee County                 ,10,10,1075618,0,0,0,0,0,0,0,0,0,0,0,0,0,0,0,0,0,0,0,0,0
200211,13,077,3,5,Coweta County                 ,96,96,11179686,0,0,0,0,0,0,0,0,0,82,82,9815548,0,0,0,0,0,0,0,0,0
200211,13,085,3,5,Dawson County                 ,20,20,2469000,0,0,0,0,0,0,0,0,0,20,20,2469000,0,0,0,0,0,0,0,0,0
200211,13,089,3,5,DeKalb County                 ,221,221,33210158,0,0,0,0,0,0,0,0,0,221,221,33210158,0,0,0,0,0,0,0,0,0
200211,13,091,3,5,Dodge County                  ,3,3,202500,0,0,0,0,0,0,0,0,0,3,3,202500,0,0,0,0,0,0,0,0,0
200211,13,095,3,5,Dougherty County              ,26,26,2317128,10,20,1331056,0,0,0,0,0,0,26,26,2317128,10,20,1331056,0,0,0,0,0,0
200211,13,097,3,5,Douglas County                ,94,94,5655850,0,0,0,0,0,0,0,0,0,94,94,5655850,0,0,0,0,0,0,0,0,0
200211,13,113,3,5,Fayette County                ,65,65,11633795,0,0,0,0,0,0,0,0,0,65,65,11633795,0,0,0,0,0,0,0,0,0
200211,13,115,3,5,Floyd County                  ,35,35,5076500,0,0,0,1,3,100000,0,0,0,35,35,5076500,0,0,0,1,3,100000,0,0,0
200211,13,117,3,5,Forsyth County                ,165,165,20924050,0,0,0,0,0,0,0,0,0,165,165,20924050,0,0,0,0,0,0,0,0,0
200211,13,121,3,5,Fulton County                 ,315,315,39051984,4,8,553889,2,7,509947,6,457,27257025,296,296,36282383,4,8,553889,2,7,509947,5,437,26070686
200211,13,123,3,5,Gilmer County                 ,43,43,4078281,0,0,0,0,0,0,0,0,0,0,0,0,0,0,0,0,0,0,0,0,0
200211,13,127,3,5,Glynn County                  ,49,49,6855447,0,0,0,0,0,0,0,0,0,0,0,0,0,0,0,0,0,0,0,0,0
200211,13,129,3,5,Gordon County                 ,21,21,2258000,0,0,0,1,4,130000,0,0,0,21,21,2258000,0,0,0,1,4,130000,0,0,0
200211,13,133,3,5,Greene County                 ,8,8,3055000,0,0,0,0,0,0,0,0,0,8,8,3055000,0,0,0,0,0,0,0,0,0
200211,13,135,3,5,Gwinnett County               ,725,725,69101522,0,0,0,0,0,0,2,43,1823221,709,709,67647232,0,0,0,0,0,0,1,6,498000
200211,13,143,3,5,Haralson County               ,4,4,487211,0,0,0,0,0,0,0,0,0,4,4,487211,0,0,0,0,0,0,0,0,0
200211,13,145,3,5,Harris County                 ,25,25,4449876,0,0,0,0,0,0,0,0,0,25,25,4449876,0,0,0,0,0,0,0,0,0
200211,13,151,3,5,Henry County                  ,258,258,27215209,3,6,364560,0,0,0,5,74,4938358,258,258,27215209,3,6,364560,0,0,0,5,74,4938358
200211,13,157,3,5,Jackson County                ,46,46,6977389,1,2,122000,0,0,0,0,0,0,37,37,5044200,0,0,0,0,0,0,0,0,0
200211,13,169,3,5,Jones County                  ,17,17,2307000,0,0,0,0,0,0,0,0,0,17,17,2307000,0,0,0,0,0,0,0,0,0
200211,13,173,3,5,Lanier County                 ,1,1,40000,0,0,0,0,0,0,0,0,0,1,1,40000,0,0,0,0,0,0,0,0,0
200211,13,177,3,5,Lee County                    ,23,23,2629016,0,0,0,0,0,0,0,0,0,0,0,0,0,0,0,0,0,0,0,0,0
200211,13,179,3,5,Liberty County                ,26,26,2227593,0,0,0,0,0,0,0,0,0,26,26,2227593,0,0,0,0,0,0,0,0,0
200211,13,211,3,5,Morgan County                 ,8,8,1345087,0,0,0,0,0,0,0,0,0,8,8,1345087,0,0,0,0,0,0,0,0,0
200211,13,213,3,5,Murray County                 ,12,12,1461634,0,0,0,4,16,679678,0,0,0,12,12,1461634,0,0,0,4,16,679678,0,0,0
200211,13,215,3,5,Muscogee County               ,27,27,3410500,0,0,0,3,12,874194,0,0,0,27,27,3410500,0,0,0,3,12,874194,0,0,0
200211,13,217,3,5,Newton County                 ,148,148,14689747,0,0,0,0,0,0,1,6,168124,29,29,1664916,0,0,0,0,0,0,0,0,0
200211,13,223,3,5,Paulding County               ,147,147,11293606,1,2,80000,0,0,0,0,0,0,147,147,11293606,1,2,80000,0,0,0,0,0,0
200211,13,227,3,5,Pickens County                ,35,35,4724809,0,0,0,0,0,0,0,0,0,0,0,0,0,0,0,0,0,0,0,0,0
200211,13,237,3,5,Putnam County                 ,11,11,2649106,0,0,0,0,0,0,0,0,0,11,11,2649106,0,0,0,0,0,0,0,0,0
200211,13,239,3,5,Quitman County                ,0,0,0,0,0,0,0,0,0,0,0,0,0,0,0,0,0,0,0,0,0,0,0,0
200211,13,247,3,5,Rockdale County               ,64,64,8515082,0,0,0,0,0,0,0,0,0,64,64,8515082,0,0,0,0,0,0,0,0,0
200211,13,255,3,5,Spalding County               ,36,36,3253500,0,0,0,0,0,0,0,0,0,36,36,3253500,0,0,0,0,0,0,0,0,0
200211,13,257,3,5,Stephens County               ,1,1,71000,0,0,0,0,0,0,0,0,0,1,1,71000,0,0,0,0,0,0,0,0,0
200211,13,291,3,5,Union County                  ,34,34,4141295,0,0,0,0,0,0,0,0,0,34,34,4141295,0,0,0,0,0,0,0,0,0
200211,13,293,3,5,Upson County                  ,9,9,940715,0,0,0,0,0,0,0,0,0,9,9,940715,0,0,0,0,0,0,0,0,0
200211,13,297,3,5,Walton County                 ,53,53,5150454,0,0,0,0,0,0,3,16,875803,42,42,4250750,0,0,0,0,0,0,0,0,0
200211,13,313,3,5,Whitfield County              ,25,25,1625282,0,0,0,1,4,278000,0,0,0,5,5,390000,0,0,0,1,4,278000,0,0,0
200211,15,001,4,9,Hawaii County                 ,92,92,17675519,0,0,0,0,0,0,1,11,880000,0,0,0,0,0,0,0,0,0,0,0,0
200211,15,003,4,9,Honolulu County               ,70,70,11120508,2,4,398884,0,0,0,1,108,7751280,70,70,11120508,2,4,398884,0,0,0,1,108,7751280
200211,15,007,4,9,Kauai County                  ,32,32,8580400,0,0,0,0,0,0,0,0,0,32,32,8580400,0,0,0,0,0,0,0,0,0
200211,15,009,4,9,Maui County                   ,59,59,9373000,0,0,0,0,0,0,1,12,861253,59,59,9373000,0,0,0,0,0,0,1,12,861253
200211,16,017,4,8,Bonner County                 ,0,0,0,0,0,0,0,0,0,0,0,0,0,0,0,0,0,0,0,0,0,0,0,0
200211,16,019,4,8,Bonneville County             ,52,52,5326056,1,2,116038,0,0,0,0,0,0,52,52,5326056,1,2,116038,0,0,0,0,0,0
200211,17,009,2,3,Brown County                  ,0,0,0,0,0,0,0,0,0,0,0,0,0,0,0,0,0,0,0,0,0,0,0,0
200211,17,023,2,3,Clark County                  ,0,0,0,0,0,0,0,0,0,0,0,0,0,0,0,0,0,0,0,0,0,0,0,0
200211,17,027,2,3,Clinton County                ,6,6,802558,0,0,0,0,0,0,0,0,0,4,4,520000,0,0,0,0,0,0,0,0,0
200211,17,031,2,3,Cook County                   ,407,407,86957236,7,14,1915764,18,59,4537672,21,401,26060485,317,317,73872205,3,6,1200000,1,4,277470,6,54,5716128
200211,17,037,2,3,DeKalb County                 ,51,51,7014788,0,0,0,0,0,0,1,8,300000,41,41,5754392,0,0,0,0,0,0,1,8,300000
200211,17,043,2,3,DuPage County                 ,211,211,46111638,0,0,0,0,0,0,1,21,1147774,164,164,34362594,0,0,0,0,0,0,0,0,0
200211,17,063,2,3,Grundy County                 ,18,18,3117594,0,0,0,0,0,0,2,17,1056410,6,6,1028000,0,0,0,0,0,0,1,12,800000
200211,17,083,2,3,Jersey County                 ,9,9,1025547,0,0,0,0,0,0,0,0,0,2,2,181016,0,0,0,0,0,0,0,0,0
200211,17,089,2,3,Kane County                   ,393,393,72177552,1,2,178000,6,23,1863355,1,5,681150,341,341,61036085,1,2,178000,6,23,1863355,1,5,681150
200211,17,091,2,3,Kankakee County               ,42,42,6217787,0,0,0,0,0,0,0,0,0,34,34,5295907,0,0,0,0,0,0,0,0,0
200211,17,093,2,3,Kendall County                ,62,62,10510369,1,2,166896,1,4,259400,1,8,454123,27,27,5347957,0,0,0,0,0,0,0,0,0
200211,17,097,2,3,Lake County                   ,265,265,51170431,0,0,0,0,0,0,3,31,1923977,226,226,43428829,0,0,0,0,0,0,0,0,0
200211,17,109,2,3,McDonough County              ,0,0,0,0,0,0,1,4,398000,0,0,0,0,0,0,0,0,0,1,4,398000,0,0,0
200211,17,111,2,3,McHenry County                ,273,273,42670478,2,4,490000,1,3,423360,4,77,7625990,145,145,26423134,1,2,240000,0,0,0,3,72,7200000
200211,17,119,2,3,Madison County                ,91,91,13491051,0,0,0,0,0,0,9,53,3985376,85,85,12815843,0,0,0,0,0,0,8,48,3715200
200211,17,133,2,3,Monroe County                 ,18,18,3229097,0,0,0,1,4,318514,0,0,0,18,18,3229097,0,0,0,1,4,318514,0,0,0
200211,17,163,2,3,St. Clair County              ,88,88,12906414,1,2,330000,0,0,0,1,62,3360000,62,62,9544075,1,2,330000,0,0,0,1,62,3360000
200211,17,197,2,3,Will County                   ,571,571,78089674,4,8,833150,1,3,268495,0,0,0,524,524,72540692,3,6,634150,1,3,268495,0,0,0
200211,18,003,2,3,Allen County                  ,148,148,22429178,0,0,0,0,0,0,9,68,4033674,148,148,22429178,0,0,0,0,0,0,9,68,4033674
200211,18,011,2,3,Boone County                  ,32,32,5750529,0,0,0,0,0,0,0,0,0,32,32,5750529,0,0,0,0,0,0,0,0,0
200211,18,013,2,3,Brown County                  ,10,10,598304,0,0,0,0,0,0,0,0,0,0,0,0,0,0,0,0,0,0,0,0,0
200211,18,019,2,3,Clark County                  ,63,63,6717527,0,0,0,0,0,0,0,0,0,15,15,1589460,0,0,0,0,0,0,0,0,0
200211,18,027,2,3,Daviess County                ,1,1,210202,0,0,0,0,0,0,0,0,0,1,1,210202,0,0,0,0,0,0,0,0,0
200211,18,029,2,3,Dearborn County               ,16,16,2224000,1,2,84583,0,0,0,0,0,0,16,16,2224000,0,0,0,0,0,0,0,0,0
200211,18,031,2,3,Decatur County                ,7,7,1064052,0,0,0,0,0,0,0,0,0,4,4,612000,0,0,0,0,0,0,0,0,0
200211,18,033,2,3,De Kalb County                ,18,18,2467851,0,0,0,0,0,0,0,0,0,13,13,1814000,0,0,0,0,0,0,0,0,0
200211,18,041,2,3,Fayette County                ,4,4,363000,0,0,0,0,0,0,0,0,0,4,4,363000,0,0,0,0,0,0,0,0,0
200211,18,043,2,3,Floyd County                  ,24,24,4287840,0,0,0,0,0,0,0,0,0,24,24,4287840,0,0,0,0,0,0,0,0,0
200211,18,047,2,3,Franklin County               ,6,6,642000,0,0,0,0,0,0,0,0,0,6,6,642000,0,0,0,0,0,0,0,0,0
200211,18,057,2,3,Hamilton County               ,270,270,52620498,4,8,675000,1,4,350000,1,10,504824,222,222,45590435,3,6,540000,1,4,350000,0,0,0
200211,18,059,2,3,Hancock County                ,60,60,8633267,1,2,160000,2,7,790000,0,0,0,59,59,8566600,1,2,160000,2,7,790000,0,0,0
200211,18,061,2,3,Harrison County               ,12,12,1907500,0,0,0,0,0,0,0,0,0,12,12,1907500,0,0,0,0,0,0,0,0,0
200211,18,063,2,3,Hendricks County              ,236,236,32520505,4,8,669604,0,0,0,0,0,0,193,193,27829570,3,6,510000,0,0,0,0,0,0
200211,18,069,2,3,Huntington County             ,14,14,1852398,0,0,0,0,0,0,0,0,0,14,14,1852398,0,0,0,0,0,0,0,0,0
200211,18,079,2,3,Jennings County               ,16,16,1209054,0,0,0,0,0,0,0,0,0,16,16,1209054,0,0,0,0,0,0,0,0,0
200211,18,081,2,3,Johnson County                ,101,101,18440162,1,2,97625,0,0,0,0,0,0,97,97,17994049,0,0,0,0,0,0,0,0,0
200211,18,087,2,3,Lagrange County               ,15,15,1166107,1,2,100000,0,0,0,0,0,0,0,0,0,0,0,0,0,0,0,0,0,0
200211,18,089,2,3,Lake County                   ,119,119,17828971,12,24,2710518,7,28,2095868,0,0,0,103,103,15842291,12,24,2710518,7,28,2095868,0,0,0
200211,18,095,2,3,Madison County                ,22,22,2579360,0,0,0,0,0,0,0,0,0,21,21,2529360,0,0,0,0,0,0,0,0,0
200211,18,097,2,3,Marion County                 ,335,335,44847796,4,8,1095000,2,8,360000,3,72,6404000,335,335,44847796,4,8,1095000,2,8,360000,3,72,6404000
200211,18,105,2,3,Monroe County                 ,39,39,5758356,2,4,360138,1,4,318514,1,5,296594,37,37,5607294,2,4,360138,1,4,318514,1,5,296594
200211,18,107,2,3,Montgomery County             ,11,11,1440981,0,0,0,0,0,0,0,0,0,2,2,196075,0,0,0,0,0,0,0,0,0
200211,18,109,2,3,Morgan County                 ,27,27,3897503,0,0,0,0,0,0,0,0,0,23,23,3547585,0,0,0,0,0,0,0,0,0
200211,18,115,2,3,Ohio County                   ,2,2,380000,0,0,0,0,0,0,0,0,0,2,2,380000,0,0,0,0,0,0,0,0,0
200211,18,127,2,3,Porter County                 ,70,70,11612896,2,4,400000,1,3,288000,2,16,1050000,69,69,11493169,2,4,400000,1,3,288000,2,16,1050000
200211,18,135,2,3,Randolph County               ,6,6,627341,1,2,273000,0,0,0,0,0,0,6,6,627341,1,2,273000,0,0,0,0,0,0
200211,18,143,2,3,Scott County                  ,7,7,408685,0,0,0,0,0,0,1,8,305881,0,0,0,0,0,0,0,0,0,0,0,0
200211,18,145,2,3,Shelby County                 ,5,5,365000,0,0,0,1,3,0,0,0,0,5,5,365000,0,0,0,0,0,0,0,0,0
200211,18,157,2,3,Tippecanoe County             ,79,79,11472642,3,6,430000,0,0,0,0,0,0,79,79,11472642,3,6,430000,0,0,0,0,0,0
200211,18,163,2,3,Vanderburgh County            ,45,45,4923425,0,0,0,0,0,0,0,0,0,45,45,4923425,0,0,0,0,0,0,0,0,0
200211,18,179,2,3,Wells County                  ,13,13,1970130,0,0,0,0,0,0,0,0,0,13,13,1970130,0,0,0,0,0,0,0,0,0
200211,18,181,2,3,White County                  ,7,7,1008570,0,0,0,0,0,0,0,0,0,7,7,1008570,0,0,0,0,0,0,0,0,0
200211,20,025,2,4,Clark County                  ,0,0,0,0,0,0,0,0,0,0,0,0,0,0,0,0,0,0,0,0,0,0,0,0
200211,20,063,2,4,Gove County                   ,0,0,0,0,0,0,0,0,0,0,0,0,0,0,0,0,0,0,0,0,0,0,0,0
200211,20,091,2,4,Johnson County                ,264,264,53572947,5,10,929960,1,4,445000,4,42,5790000,264,264,53572947,5,10,929960,1,4,445000,4,42,5790000
200211,20,103,2,4,Leavenworth County            ,58,58,7284199,4,8,561234,0,0,0,0,0,0,58,58,7284199,4,8,561234,0,0,0,0,0,0
200211,20,105,2,4,Lincoln County                ,0,0,0,0,0,0,0,0,0,0,0,0,0,0,0,0,0,0,0,0,0,0,0,0
200211,20,187,2,4,Stanton County                ,0,0,0,0,0,0,0,0,0,0,0,0,0,0,0,0,0,0,0,0,0,0,0,0
200211,20,209,2,4,Wyandotte County              ,23,23,2489031,0,0,0,0,0,0,0,0,0,10,10,1017573,0,0,0,0,0,0,0,0,0
200211,21,015,3,6,Boone County                  ,112,112,10576612,0,0,0,0,0,0,1,13,605511,0,0,0,0,0,0,0,0,0,0,0,0
200211,21,021,3,6,Boyle County                  ,8,8,1106000,0,0,0,0,0,0,0,0,0,8,8,1106000,0,0,0,0,0,0,0,0,0
200211,21,029,3,6,Bullitt County                ,47,47,6817387,0,0,0,3,12,750000,4,32,1700000,47,47,6817387,0,0,0,3,12,750000,4,32,1700000
200211,21,035,3,6,Calloway County               ,0,0,0,1,2,80000,0,0,0,0,0,0,0,0,0,1,2,80000,0,0,0,0,0,0
200211,21,037,3,6,Campbell County               ,19,19,2454553,0,0,0,0,0,0,1,5,309420,3,3,460000,0,0,0,0,0,0,0,0,0
200211,21,049,3,6,Clark County                  ,25,25,2309344,0,0,0,0,0,0,0,0,0,0,0,0,0,0,0,0,0,0,0,0,0
200211,21,067,3,6,Fayette County                ,147,147,21981500,0,0,0,0,0,0,0,0,0,147,147,21981500,0,0,0,0,0,0,0,0,0
200211,21,073,3,6,Franklin County               ,13,13,1606402,0,0,0,0,0,0,1,5,250000,0,0,0,0,0,0,0,0,0,0,0,0
200211,21,077,3,6,Gallatin County               ,0,0,0,0,0,0,0,0,0,0,0,0,0,0,0,0,0,0,0,0,0,0,0,0
200211,21,081,3,6,Grant County                  ,6,6,660000,0,0,0,0,0,0,0,0,0,6,6,660000,0,0,0,0,0,0,0,0,0
200211,21,097,3,6,Harrison County               ,5,5,350000,0,0,0,0,0,0,0,0,0,0,0,0,0,0,0,0,0,0,0,0,0
200211,21,099,3,6,Hart County                   ,3,3,204400,0,0,0,0,0,0,0,0,0,0,0,0,0,0,0,0,0,0,0,0,0
200211,21,111,3,6,Jefferson County              ,245,245,30399903,0,0,0,0,0,0,0,0,0,245,245,30399903,0,0,0,0,0,0,0,0,0
200211,21,113,3,6,Jessamine County              ,19,19,2421000,2,4,180000,0,0,0,0,0,0,19,19,2421000,2,4,180000,0,0,0,0,0,0
200211,21,117,3,6,Kenton County                 ,75,75,8918989,0,0,0,0,0,0,2,11,378111,53,53,6753019,0,0,0,0,0,0,0,0,0
200211,21,123,3,6,Larue County                  ,3,3,250000,0,0,0,0,0,0,0,0,0,3,3,250000,0,0,0,0,0,0,0,0,0
200211,21,125,3,6,Laurel County                 ,1,1,76000,0,0,0,0,0,0,0,0,0,1,1,76000,0,0,0,0,0,0,0,0,0
200211,21,157,3,6,Marshall County               ,9,9,1109150,0,0,0,0,0,0,0,0,0,0,0,0,0,0,0,0,0,0,0,0,0
200211,21,161,3,6,Mason County                  ,0,0,0,0,0,0,0,0,0,0,0,0,0,0,0,0,0,0,0,0,0,0,0,0
200211,21,167,3,6,Mercer County                 ,7,7,659792,1,2,78422,0,0,0,0,0,0,0,0,0,0,0,0,0,0,0,0,0,0
200211,21,179,3,6,Nelson County                 ,29,29,2552650,0,0,0,1,4,226000,0,0,0,29,29,2552650,0,0,0,1,4,226000,0,0,0
200211,21,185,3,6,Oldham County                 ,48,48,6063110,0,0,0,0,0,0,0,0,0,48,48,6063110,0,0,0,0,0,0,0,0,0
200211,21,191,3,6,Pendleton County              ,0,0,0,0,0,0,0,0,0,0,0,0,0,0,0,0,0,0,0,0,0,0,0,0
200211,21,209,3,6,Scott County                  ,15,15,1933059,1,2,68000,0,0,0,0,0,0,0,0,0,0,0,0,0,0,0,0,0,0
200211,21,211,3,6,Shelby County                 ,31,31,4547733,0,0,0,0,0,0,0,0,0,31,31,4547733,0,0,0,0,0,0,0,0,0
200211,21,213,3,6,Simpson County                ,5,5,588880,0,0,0,0,0,0,0,0,0,5,5,588880,0,0,0,0,0,0,0,0,0
200211,21,239,3,6,Woodford County               ,4,4,828000,0,0,0,0,0,0,0,0,0,4,4,828000,0,0,0,0,0,0,0,0,0
200211,22,007,3,7,Assumption Parish             ,13,13,1583436,0,0,0,0,0,0,0,0,0,13,13,1583436,0,0,0,0,0,0,0,0,0
200211,22,071,3,7,Orleans Parish                ,22,22,2778926,0,0,0,0,0,0,0,0,0,22,22,2778926,0,0,0,0,0,0,0,0,0
200211,22,087,3,7,St. Bernard Parish            ,7,7,459773,0,0,0,0,0,0,0,0,0,7,7,459773,0,0,0,0,0,0,0,0,0
200211,22,089,3,7,St. Charles Parish            ,17,17,2977000,0,0,0,0,0,0,0,0,0,17,17,2977000,0,0,0,0,0,0,0,0,0
200211,22,109,3,7,Terrebonne Parish             ,32,32,2620655,1,2,76440,0,0,0,0,0,0,0,0,0,0,0,0,0,0,0,0,0,0
200211,24,003,3,5,Anne Arundel County           ,158,158,19630987,0,0,0,0,0,0,1,5,309315,151,151,19073534,0,0,0,0,0,0,0,0,0
200211,24,005,3,5,Baltimore County              ,141,141,17810386,0,0,0,0,0,0,1,16,954533,141,141,17810386,0,0,0,0,0,0,1,16,954533
200211,24,009,3,5,Calvert County                ,57,57,8380000,0,0,0,0,0,0,1,73,10000000,57,57,8380000,0,0,0,0,0,0,1,73,10000000
200211,24,013,3,5,Carroll County                ,84,84,10241351,0,0,0,0,0,0,0,0,0,84,84,10241351,0,0,0,0,0,0,0,0,0
200211,24,015,3,5,Cecil County                  ,67,67,9066494,0,0,0,1,4,200000,0,0,0,67,67,9066494,0,0,0,1,4,200000,0,0,0
200211,24,017,3,5,Charles County                ,97,97,15919865,0,0,0,0,0,0,0,0,0,97,97,15919865,0,0,0,0,0,0,0,0,0
200211,24,021,3,5,Frederick County              ,94,94,11374707,0,0,0,0,0,0,0,0,0,92,92,11177543,0,0,0,0,0,0,0,0,0
200211,24,023,3,5,Garrett County                ,8,8,2968750,0,0,0,0,0,0,0,0,0,8,8,2968750,0,0,0,0,0,0,0,0,0
200211,24,025,3,5,Harford County                ,130,130,16622791,0,0,0,0,0,0,0,0,0,130,130,16622791,0,0,0,0,0,0,0,0,0
200211,24,027,3,5,Howard County                 ,77,77,9726239,0,0,0,0,0,0,2,28,1670433,77,77,9726239,0,0,0,0,0,0,2,28,1670433
200211,24,031,3,5,Montgomery County             ,245,245,83204753,0,0,0,0,0,0,3,160,10946791,66,66,61011027,0,0,0,0,0,0,2,79,6249100
200211,24,033,3,5,Prince George's County        ,161,161,20304246,0,0,0,0,0,0,0,0,0,158,158,19957738,0,0,0,0,0,0,0,0,0
200211,24,035,3,5,Queen Anne's County           ,15,15,3512000,0,0,0,0,0,0,0,0,0,15,15,3512000,0,0,0,0,0,0,0,0,0
200211,24,039,3,5,Somerset County               ,4,4,316431,0,0,0,0,0,0,0,0,0,2,2,107100,0,0,0,0,0,0,0,0,0
200211,24,043,3,5,Washington County             ,56,56,6911887,0,0,0,0,0,0,1,5,150000,56,56,6911887,0,0,0,0,0,0,0,0,0
200211,24,510,3,5,Baltimore (Independent City)  ,23,23,2905240,0,0,0,0,0,0,0,0,0,23,23,2905240,0,0,0,0,0,0,0,0,0
200211,25,009,1,1,Essex County                  ,75,75,12930212,2,4,505205,2,7,741500,1,21,1075000,38,38,6125246,1,2,311000,1,4,340000,1,21,1075000
200211,25,017,1,1,Middlesex County              ,154,154,27037153,4,8,531556,1,4,1416667,4,23,2279833,101,101,17081056,2,4,278256,0,0,0,0,0,0
200211,25,019,1,1,Nantucket County              ,17,17,3518000,0,0,0,0,0,0,0,0,0,17,17,3518000,0,0,0,0,0,0,0,0,0
200211,25,021,1,1,Norfolk County                ,89,89,19603350,1,2,188667,0,0,0,4,43,2934881,48,48,12540948,0,0,0,0,0,0,0,0,0
200211,25,023,1,1,Plymouth County               ,111,111,20543873,1,2,125667,0,0,0,0,0,0,71,71,14817781,0,0,0,0,0,0,0,0,0
200211,25,025,1,1,Suffolk County                ,1,1,147501,8,16,1328767,3,9,688718,1,16,1130000,1,1,147501,8,16,1328767,3,9,688718,1,16,1130000
200211,26,000,2,3,Michigan Balance of State     ,11,11,555578,0,0,0,0,0,0,0,0,0,0,0,0,0,0,0,0,0,0,0,0,0
200211,26,005,2,3,Allegan County                ,47,47,5459530,1,2,93500,0,0,0,1,7,238035,15,15,2079800,0,0,0,0,0,0,0,0,0
200211,26,009,2,3,Antrim County                 ,10,10,1322643,1,2,345000,0,0,0,0,0,0,10,10,1322643,1,2,345000,0,0,0,0,0,0
200211,26,019,2,3,Benzie County                 ,14,14,1804000,0,0,0,1,3,274000,0,0,0,14,14,1804000,0,0,0,1,3,274000,0,0,0
200211,26,029,2,3,Charlevoix County             ,33,33,3691994,0,0,0,0,0,0,0,0,0,0,0,0,0,0,0,0,0,0,0,0,0
200211,26,031,2,3,Cheboygan County              ,14,14,1470000,0,0,0,0,0,0,0,0,0,14,14,1470000,0,0,0,0,0,0,0,0,0
200211,26,043,2,3,Dickinson County              ,3,3,245000,0,0,0,0,0,0,0,0,0,3,3,245000,0,0,0,0,0,0,0,0,0
200211,26,049,2,3,Genesee County                ,114,114,16467341,1,2,329881,1,4,200000,1,29,1683297,106,106,15582150,0,0,0,1,4,200000,0,0,0
200211,26,051,2,3,Gladwin County                ,21,21,2339227,0,0,0,0,0,0,0,0,0,0,0,0,0,0,0,0,0,0,0,0,0
200211,26,055,2,3,Grand Traverse County         ,42,42,5142172,0,0,0,1,3,212366,0,0,0,42,42,5142172,0,0,0,1,3,212366,0,0,0
200211,26,059,2,3,Hillsdale County              ,24,24,2203065,1,2,165000,0,0,0,0,0,0,24,24,2203065,1,2,165000,0,0,0,0,0,0
200211,26,079,2,3,Kalkaska County               ,5,5,467000,0,0,0,0,0,0,0,0,0,5,5,467000,0,0,0,0,0,0,0,0,0
200211,26,081,2,3,Kent County                   ,214,214,30670797,0,0,0,0,0,0,0,0,0,174,174,26514678,0,0,0,0,0,0,0,0,0
200211,26,087,2,3,Lapeer County                 ,33,33,5478757,0,0,0,0,0,0,0,0,0,32,32,5366100,0,0,0,0,0,0,0,0,0
200211,26,089,2,3,Leelanau County               ,9,9,1305084,0,0,0,0,0,0,0,0,0,9,9,1305084,0,0,0,0,0,0,0,0,0
200211,26,091,2,3,Lenawee County                ,47,47,5882325,0,0,0,0,0,0,0,0,0,5,5,765000,0,0,0,0,0,0,0,0,0
200211,26,093,2,3,Livingston County             ,131,131,19247603,0,0,0,0,0,0,2,52,4002114,131,131,19247603,0,0,0,0,0,0,2,52,4002114
200211,26,099,2,3,Macomb County                 ,377,377,37383365,0,0,0,1,3,543895,4,38,2592507,350,350,32276074,0,0,0,0,0,0,4,38,2592507
200211,26,113,2,3,Missaukee County              ,4,4,465370,0,0,0,0,0,0,0,0,0,4,4,465370,0,0,0,0,0,0,0,0,0
200211,26,115,2,3,Monroe County                 ,85,85,10466013,0,0,0,0,0,0,0,0,0,72,72,9165429,0,0,0,0,0,0,0,0,0
200211,26,119,2,3,Montmorency County            ,3,3,135000,0,0,0,0,0,0,0,0,0,3,3,135000,0,0,0,0,0,0,0,0,0
200211,26,121,2,3,Muskegon County               ,56,56,7507224,0,0,0,0,0,0,0,0,0,42,42,6018626,0,0,0,0,0,0,0,0,0
200211,26,125,2,3,Oakland County                ,338,338,69205881,2,4,618450,0,0,0,5,150,12019250,241,241,51193534,1,2,363750,0,0,0,4,145,11540000
200211,26,129,2,3,Ogemaw County                 ,10,10,546795,0,0,0,0,0,0,0,0,0,0,0,0,0,0,0,0,0,0,0,0,0
200211,26,133,2,3,Osceola County                ,5,5,742750,0,0,0,0,0,0,0,0,0,5,5,742750,0,0,0,0,0,0,0,0,0
200211,26,135,2,3,Oscoda County                 ,3,3,345000,0,0,0,0,0,0,0,0,0,3,3,345000,0,0,0,0,0,0,0,0,0
200211,26,137,2,3,Otsego County                 ,23,23,2476538,0,0,0,0,0,0,0,0,0,0,0,0,0,0,0,0,0,0,0,0,0
200211,26,139,2,3,Ottawa County                 ,125,125,19235777,1,2,300000,0,0,0,4,21,558133,65,65,10652831,1,2,300000,0,0,0,0,0,0
200211,26,141,2,3,Presque Isle County           ,14,14,856720,0,0,0,0,0,0,0,0,0,14,14,856720,0,0,0,0,0,0,0,0,0
200211,26,147,2,3,St. Clair County              ,61,61,6607225,0,0,0,0,0,0,0,0,0,45,45,5077711,0,0,0,0,0,0,0,0,0
200211,26,153,2,3,Schoolcraft County            ,2,2,67140,0,0,0,0,0,0,0,0,0,2,2,67140,0,0,0,0,0,0,0,0,0
200211,26,161,2,3,Washtenaw County              ,116,116,19842871,1,2,339302,0,0,0,1,13,561680,69,69,14253708,0,0,0,0,0,0,0,0,0
200211,26,163,2,3,Wayne County                  ,222,222,34475161,1,2,180069,4,13,1035169,7,108,8970723,177,177,27825706,1,2,180069,4,13,1035169,3,87,6936627
200211,27,003,2,4,Anoka County                  ,192,192,30541539,1,2,312412,1,3,323067,0,0,0,167,167,26795583,0,0,0,0,0,0,0,0,0
200211,27,019,2,4,Carver County                 ,80,80,15816890,8,16,1568000,1,3,218831,2,13,965131,80,80,15816890,8,16,1568000,1,3,218831,2,13,965131
200211,27,025,2,4,Chisago County                ,42,42,5234843,2,4,384560,0,0,0,0,0,0,23,23,2728398,2,4,384560,0,0,0,0,0,0
200211,27,031,2,4,Cook County                   ,10,10,883455,0,0,0,1,3,350000,0,0,0,9,9,782500,0,0,0,1,3,350000,0,0,0
200211,27,037,2,4,Dakota County                 ,128,128,26091959,2,4,261392,12,47,4155954,14,95,9348109,95,95,21367727,2,4,261392,12,47,4155954,13,88,8520352
200211,27,053,2,4,Hennepin County               ,174,174,41627909,0,0,0,2,8,970210,8,205,29314123,168,168,40859792,0,0,0,2,8,970210,8,205,29314123
200211,27,059,2,4,Isanti County                 ,41,41,4031651,0,0,0,0,0,0,1,8,901000,41,41,4031651,0,0,0,0,0,0,1,8,901000
200211,27,109,2,4,Olmsted County                ,102,102,16435363,0,0,0,2,8,687634,0,0,0,101,101,16343829,0,0,0,2,8,687634,0,0,0
200211,27,123,2,4,Ramsey County                 ,47,47,8496775,4,8,1006717,3,11,997399,1,6,652500,44,44,7798528,3,6,710069,2,7,557399,0,0,0
200211,27,139,2,4,Scott County                  ,119,119,23934664,0,0,0,1,4,146640,1,48,3655000,119,119,23934664,0,0,0,1,4,146640,1,48,3655000
200211,27,141,2,4,Sherburne County              ,88,88,12013613,0,0,0,0,0,0,0,0,0,80,80,11075998,0,0,0,0,0,0,0,0,0
200211,27,163,2,4,Washington County             ,108,108,22744566,5,10,1304976,0,0,0,0,0,0,103,103,21247569,5,10,1304976,0,0,0,0,0,0
200211,27,171,2,4,Wright County                 ,148,148,22843182,2,4,621300,2,7,722164,0,0,0,112,112,18196804,2,4,621300,0,0,0,0,0,0
200211,28,025,3,6,Clay County                   ,1,1,70111,0,0,0,0,0,0,0,0,0,0,0,0,0,0,0,0,0,0,0,0,0
200211,28,033,3,6,DeSoto County                 ,144,144,15406775,0,0,0,2,8,410040,0,0,0,144,144,15406775,0,0,0,2,8,410040,0,0,0
200211,28,037,3,6,Franklin County               ,0,0,0,0,0,0,0,0,0,0,0,0,0,0,0,0,0,0,0,0,0,0,0,0
200211,28,043,3,6,Grenada County                ,0,0,0,0,0,0,0,0,0,0,0,0,0,0,0,0,0,0,0,0,0,0,0,0
200211,28,047,3,6,Harrison County               ,64,64,8730896,6,12,687534,0,0,0,0,0,0,64,64,8730896,6,12,687534,0,0,0,0,0,0
200211,28,071,3,6,Lafayette County              ,6,6,495000,0,0,0,0,0,0,0,0,0,6,6,495000,0,0,0,0,0,0,0,0,0
200211,28,085,3,6,Lincoln County                ,0,0,0,0,0,0,0,0,0,0,0,0,0,0,0,0,0,0,0,0,0,0,0,0
200211,28,131,3,6,Stone County                  ,1,1,66924,0,0,0,0,0,0,0,0,0,0,0,0,0,0,0,0,0,0,0,0,0
200211,28,149,3,6,Warren County                 ,1,1,119011,0,0,0,0,0,0,0,0,0,0,0,0,0,0,0,0,0,0,0,0,0
200211,28,159,3,6,Winston County                ,0,0,0,0,0,0,0,0,0,0,0,0,0,0,0,0,0,0,0,0,0,0,0,0
200211,28,163,3,6,Yazoo County                  ,0,0,0,0,0,0,0,0,0,0,0,0,0,0,0,0,0,0,0,0,0,0,0,0
200211,29,011,2,4,Barton County                 ,1,1,68551,0,0,0,0,0,0,0,0,0,0,0,0,0,0,0,0,0,0,0,0,0
200211,29,019,2,4,Boone County                  ,97,97,13025900,5,10,670000,0,0,0,0,0,0,97,97,13025900,5,10,670000,0,0,0,0,0,0
200211,29,031,2,4,Cape Girardeau County         ,16,16,1718804,0,0,0,0,0,0,0,0,0,9,9,1032500,0,0,0,0,0,0,0,0,0
200211,29,035,2,4,Carter County                 ,0,0,0,0,0,0,0,0,0,0,0,0,0,0,0,0,0,0,0,0,0,0,0,0
200211,29,037,2,4,Cass County                   ,34,34,5837476,0,0,0,0,0,0,1,5,194089,25,25,4911831,0,0,0,0,0,0,0,0,0
200211,29,047,2,4,Clay County                   ,33,33,3994246,0,0,0,1,3,0,0,0,0,33,33,3994246,0,0,0,0,0,0,0,0,0
200211,29,049,2,4,Clinton County                ,6,6,596958,0,0,0,0,0,0,0,0,0,5,5,491000,0,0,0,0,0,0,0,0,0
200211,29,071,2,4,Franklin County               ,45,45,7570364,2,4,230000,0,0,0,0,0,0,18,18,2073057,2,4,230000,0,0,0,0,0,0
200211,29,095,2,4,Jackson County                ,328,328,50523729,5,10,737334,3,11,674539,1,54,3203212,312,312,49403206,4,8,645755,1,4,308165,1,54,3203212
200211,29,099,2,4,Jefferson County              ,90,90,9797699,0,0,0,0,0,0,0,0,0,90,90,9797699,0,0,0,0,0,0,0,0,0
200211,29,105,2,4,Laclede County                ,5,5,454230,1,2,114675,0,0,0,0,0,0,0,0,0,0,0,0,0,0,0,0,0,0
200211,29,107,2,4,Lafayette County              ,2,2,238178,0,0,0,0,0,0,0,0,0,0,0,0,0,0,0,0,0,0,0,0,0
200211,29,111,2,4,Lewis County                  ,1,1,36112,0,0,0,0,0,0,0,0,0,0,0,0,0,0,0,0,0,0,0,0,0
200211,29,129,2,4,Mercer County                 ,0,0,0,0,0,0,0,0,0,0,0,0,0,0,0,0,0,0,0,0,0,0,0,0
200211,29,165,2,4,Platte County                 ,30,30,5565226,1,2,278000,0,0,0,0,0,0,29,29,5485967,1,2,278000,0,0,0,0,0,0
200211,29,167,2,4,Polk County                   ,3,3,207432,0,0,0,0,0,0,0,0,0,3,3,207432,0,0,0,0,0,0,0,0,0
200211,29,177,2,4,Ray County                    ,9,9,1490480,2,4,195000,0,0,0,0,0,0,7,7,1294000,2,4,195000,0,0,0,0,0,0
200211,29,189,2,4,St. Louis County              ,147,147,23817108,1,2,200000,0,0,0,4,33,6424180,138,138,21764866,1,2,200000,0,0,0,3,27,6196594
200211,29,510,2,4,St. Louis (Independent City)  ,10,10,1515485,0,0,0,0,0,0,2,10,593187,10,10,1515485,0,0,0,0,0,0,2,10,593187
200211,30,029,4,8,Flathead County               ,29,29,6082766,0,0,0,0,0,0,0,0,0,28,28,6020210,0,0,0,0,0,0,0,0,0
200211,30,093,4,8,Silver Bow County             ,0,0,0,0,0,0,0,0,0,0,0,0,0,0,0,0,0,0,0,0,0,0,0,0
200211,31,001,2,4,Adams County                  ,14,14,1270000,0,0,0,0,0,0,0,0,0,14,14,1270000,0,0,0,0,0,0,0,0,0
200211,31,077,2,4,Greeley County                ,0,0,0,0,0,0,0,0,0,0,0,0,0,0,0,0,0,0,0,0,0,0,0,0
200211,32,001,4,8,Churchill County              ,8,8,1144526,0,0,0,0,0,0,0,0,0,8,8,1144526,0,0,0,0,0,0,0,0,0
200211,32,003,4,8,Clark County                  ,1729,1729,223214719,0,0,0,9,27,1737117,82,1134,72531970,1729,1729,223214719,0,0,0,9,27,1737117,82,1134,72531970
200211,32,005,4,8,Douglas County                ,42,42,6941460,0,0,0,1,4,241598,0,0,0,0,0,0,0,0,0,0,0,0,0,0,0
200211,32,007,4,8,Elko County                   ,3,3,299883,0,0,0,0,0,0,0,0,0,3,3,299883,0,0,0,0,0,0,0,0,0
200211,32,013,4,8,Humboldt County               ,1,1,165603,0,0,0,0,0,0,0,0,0,1,1,165603,0,0,0,0,0,0,0,0,0
200211,32,015,4,8,Lander County                 ,0,0,0,0,0,0,0,0,0,0,0,0,0,0,0,0,0,0,0,0,0,0,0,0
200211,32,017,4,8,Lincoln County                ,1,1,68231,0,0,0,0,0,0,0,0,0,0,0,0,0,0,0,0,0,0,0,0,0
200211,32,019,4,8,Lyon County                   ,13,13,1194673,0,0,0,0,0,0,1,5,277008,1,1,80000,0,0,0,0,0,0,0,0,0
200211,32,021,4,8,Mineral County                ,1,1,28500,0,0,0,0,0,0,0,0,0,0,0,0,0,0,0,0,0,0,0,0,0
200211,32,023,4,8,Nye County                    ,0,0,0,0,0,0,0,0,0,0,0,0,0,0,0,0,0,0,0,0,0,0,0,0
200211,32,027,4,8,Pershing County               ,0,0,0,0,0,0,0,0,0,0,0,0,0,0,0,0,0,0,0,0,0,0,0,0
200211,32,029,4,8,Storey County                 ,0,0,0,0,0,0,0,0,0,0,0,0,0,0,0,0,0,0,0,0,0,0,0,0
200211,32,031,4,8,Washoe County                 ,342,342,50923358,0,0,0,0,0,0,3,43,2316335,228,228,37183890,0,0,0,0,0,0,0,0,0
200211,32,033,4,8,White Pine County             ,0,0,0,0,0,0,0,0,0,0,0,0,0,0,0,0,0,0,0,0,0,0,0,0
200211,32,510,4,8,Carson City (Independent City),29,29,4479980,0,0,0,0,0,0,0,0,0,29,29,4479980,0,0,0,0,0,0,0,0,0
200211,33,015,1,1,Rockingham County             ,84,84,14875716,7,14,1147511,1,4,640000,0,0,0,60,60,11365878,7,14,1147511,1,4,640000,0,0,0
200211,34,001,1,2,Atlantic County               ,143,143,12988249,0,0,0,0,0,0,2,29,601086,109,109,9818999,0,0,0,0,0,0,1,24,300000
200211,34,003,1,2,Bergen County                 ,89,89,25773923,6,12,1144428,1,3,199960,2,11,777991,54,54,19388436,3,6,522311,0,0,0,0,0,0
200211,34,005,1,2,Burlington County             ,102,102,12800102,0,0,0,0,0,0,0,0,0,63,63,8261323,0,0,0,0,0,0,0,0,0
200211,34,007,1,2,Camden County                 ,45,45,5092816,0,0,0,0,0,0,7,64,3253705,25,25,3142243,0,0,0,0,0,0,6,59,2984466
200211,34,009,1,2,Cape May County               ,70,70,8735217,9,18,2285400,0,0,0,2,13,2030000,64,64,7201740,8,16,1945400,0,0,0,2,13,2030000
200211,34,011,1,2,Cumberland County             ,19,19,1422231,0,0,0,0,0,0,0,0,0,16,16,1234453,0,0,0,0,0,0,0,0,0
200211,34,013,1,2,Essex County                  ,22,22,3956889,31,62,5160656,10,30,2295726,0,0,0,9,9,2347689,31,62,5160656,10,30,2295726,0,0,0
200211,34,015,1,2,Gloucester County             ,99,99,9677800,0,0,0,0,0,0,1,5,3391250,61,61,6574073,0,0,0,0,0,0,0,0,0
200211,34,017,1,2,Hudson County                 ,4,4,325115,12,24,1413964,1,4,116716,4,38,3756557,0,0,0,1,2,155000,0,0,0,0,0,0
200211,34,019,1,2,Hunterdon County              ,44,44,9074647,1,2,139000,1,3,21525,0,0,0,24,24,5893522,0,0,0,0,0,0,0,0,0
200211,34,021,1,2,Mercer County                 ,64,64,5858609,1,2,210316,1,3,60141,1,5,193343,22,22,2436978,0,0,0,0,0,0,0,0,0
200211,34,023,1,2,Middlesex County              ,97,97,14419961,1,2,166256,0,0,0,12,102,9499500,82,82,12428575,1,2,166256,0,0,0,12,102,9499500
200211,34,025,1,2,Monmouth County               ,165,165,27275498,0,0,0,0,0,0,0,0,0,134,134,20834884,0,0,0,0,0,0,0,0,0
200211,34,027,1,2,Morris County                 ,72,72,11886279,0,0,0,0,0,0,3,30,1286968,30,30,5592924,0,0,0,0,0,0,0,0,0
200211,34,029,1,2,Ocean County                  ,267,267,34203991,1,2,166256,1,3,39900,4,40,2065854,187,187,25065926,1,2,166256,0,0,0,3,24,1695000
200211,34,031,1,2,Passaic County                ,21,21,2023201,1,2,95000,0,0,0,3,29,1846780,0,0,0,1,2,95000,0,0,0,2,18,1271250
200211,34,033,1,2,Salem County                  ,9,9,785103,0,0,0,0,0,0,0,0,0,6,6,428502,0,0,0,0,0,0,0,0,0
200211,34,035,1,2,Somerset County               ,65,65,9536717,0,0,0,2,6,128563,2,10,56010,17,17,4107054,0,0,0,0,0,0,0,0,0
200211,34,037,1,2,Sussex County                 ,60,60,11180463,0,0,0,0,0,0,0,0,0,48,48,9452908,0,0,0,0,0,0,0,0,0
200211,34,039,1,2,Union County                  ,14,14,1389741,12,24,1284923,0,0,0,1,5,190887,6,6,445740,4,8,422902,0,0,0,0,0,0
200211,34,041,1,2,Warren County                 ,31,31,4901391,0,0,0,0,0,0,0,0,0,11,11,3175341,0,0,0,0,0,0,0,0,0
200211,35,000,4,8,New Mexico Balance of State   ,109,109,17555269,0,0,0,0,0,0,0,0,0,109,109,17555269,0,0,0,0,0,0,0,0,0
200211,35,001,4,8,Bernalillo County             ,336,336,37052688,0,0,0,1,3,169939,15,286,12800000,335,335,36832888,0,0,0,1,3,169939,15,286,12800000
200211,35,005,4,8,Chaves County                 ,2,2,231819,0,0,0,0,0,0,0,0,0,0,0,0,0,0,0,0,0,0,0,0,0
200211,35,009,4,8,Curry County                  ,3,3,451854,0,0,0,5,20,695528,0,0,0,3,3,451854,0,0,0,5,20,695528,0,0,0
200211,35,013,4,8,Dona Ana County               ,82,82,12403779,0,0,0,0,0,0,0,0,0,78,78,11967880,0,0,0,0,0,0,0,0,0
200211,35,015,4,8,Eddy County                   ,7,7,1069842,0,0,0,0,0,0,0,0,0,7,7,1069842,0,0,0,0,0,0,0,0,0
200211,35,025,4,8,Lea County                    ,0,0,0,0,0,0,0,0,0,0,0,0,0,0,0,0,0,0,0,0,0,0,0,0
200211,35,027,4,8,Lincoln County                ,13,13,2820681,0,0,0,0,0,0,0,0,0,13,13,2820681,0,0,0,0,0,0,0,0,0
200211,35,028,4,8,Los Alamos County             ,10,10,2683299,0,0,0,0,0,0,0,0,0,0,0,0,0,0,0,0,0,0,0,0,0
200211,35,029,4,8,Luna County                   ,2,2,168363,0,0,0,0,0,0,0,0,0,2,2,168363,0,0,0,0,0,0,0,0,0
200211,35,031,4,8,McKinley County               ,3,3,243000,0,0,0,0,0,0,0,0,0,3,3,243000,0,0,0,0,0,0,0,0,0
200211,35,035,4,8,Otero County                  ,7,7,1004797,0,0,0,0,0,0,0,0,0,7,7,1004797,0,0,0,0,0,0,0,0,0
200211,35,039,4,8,Rio Arriba County             ,0,0,0,0,0,0,0,0,0,0,0,0,0,0,0,0,0,0,0,0,0,0,0,0
200211,35,041,4,8,Roosevelt County              ,4,4,662733,0,0,0,1,4,150000,1,26,1244000,4,4,662733,0,0,0,1,4,150000,1,26,1244000
200211,35,043,4,8,Sandoval County               ,68,68,6401876,0,0,0,0,0,0,0,0,0,0,0,0,0,0,0,0,0,0,0,0,0
200211,35,045,4,8,San Juan County               ,20,20,2687660,0,0,0,0,0,0,0,0,0,20,20,2687660,0,0,0,0,0,0,0,0,0
200211,35,049,4,8,Santa Fe County               ,9,9,796671,0,0,0,0,0,0,0,0,0,9,9,796671,0,0,0,0,0,0,0,0,0
200211,35,053,4,8,Socorro County                ,0,0,0,0,0,0,2,8,360000,0,0,0,0,0,0,0,0,0,2,8,360000,0,0,0
200211,35,055,4,8,Taos County                   ,12,12,1341974,0,0,0,0,0,0,0,0,0,2,2,235000,0,0,0,0,0,0,0,0,0
200211,35,061,4,8,Valencia County               ,21,21,2149867,0,0,0,0,0,0,0,0,0,7,7,870818,0,0,0,0,0,0,0,0,0
200211,36,005,1,2,Bronx County                  ,0,0,0,3,6,498767,1,3,229573,1,90,6356250,0,0,0,3,6,498767,1,3,229573,1,90,6356250
200211,36,027,1,2,Dutchess County               ,70,70,16514368,0,0,0,1,3,120000,2,20,1373988,44,44,11734637,0,0,0,0,0,0,0,0,0
200211,36,047,1,2,Kings County                  ,4,4,590004,23,46,3823878,79,239,18289286,12,201,14195625,4,4,590004,23,46,3823878,79,239,18289286,12,201,14195625
200211,36,059,1,2,Nassau County                 ,66,66,16319328,5,10,593133,0,0,0,2,10,1643842,41,41,13235091,3,6,340000,0,0,0,0,0,0
200211,36,061,1,2,New York County               ,0,0,0,0,0,0,0,0,0,4,181,12783125,0,0,0,0,0,0,0,0,0,4,181,12783125
200211,36,071,1,2,Orange County                 ,102,102,16895726,1,2,100000,1,4,200000,3,15,1082396,80,80,13904296,1,2,100000,1,4,200000,0,0,0
200211,36,079,1,2,Putnam County                 ,21,21,3560437,0,0,0,0,0,0,0,0,0,9,9,1420000,0,0,0,0,0,0,0,0,0
200211,36,081,1,2,Queens County                 ,14,14,2065015,63,126,10474100,29,90,6887179,8,123,8686875,14,14,2065015,63,126,10474100,29,90,6887179,8,123,8686875
200211,36,085,1,2,Richmond County               ,56,56,8260061,41,82,6816478,6,18,1377436,0,0,0,56,56,8260061,41,82,6816478,6,18,1377436,0,0,0
200211,36,099,1,2,Seneca County                 ,3,3,306789,0,0,0,0,0,0,0,0,0,0,0,0,0,0,0,0,0,0,0,0,0
200211,36,103,1,2,Suffolk County                ,252,252,51347968,0,0,0,1,3,304142,4,29,2046476,190,190,41518112,0,0,0,0,0,0,0,0,0
200211,36,119,1,2,Westchester County            ,73,73,20303615,9,18,1465079,1,3,510000,4,34,833491,28,28,7355105,5,10,930000,0,0,0,1,19,200000
200211,37,001,3,5,Alamance County               ,87,87,8488234,0,0,0,1,4,170000,0,0,0,87,87,8488234,0,0,0,1,4,170000,0,0,0
200211,37,003,3,5,Alexander County              ,12,12,1735277,0,0,0,0,0,0,0,0,0,0,0,0,0,0,0,0,0,0,0,0,0
200211,37,005,3,5,Alleghany County              ,5,5,467627,0,0,0,0,0,0,0,0,0,5,5,467627,0,0,0,0,0,0,0,0,0
200211,37,009,3,5,Ashe County                   ,22,22,2380120,0,0,0,0,0,0,0,0,0,22,22,2380120,0,0,0,0,0,0,0,0,0
200211,37,011,3,5,Avery County                  ,8,8,2302000,0,0,0,1,4,100000,0,0,0,8,8,2302000,0,0,0,1,4,100000,0,0,0
200211,37,015,3,5,Bertie County                 ,1,1,48750,0,0,0,0,0,0,0,0,0,1,1,48750,0,0,0,0,0,0,0,0,0
200211,37,017,3,5,Bladen County                 ,11,11,925000,0,0,0,0,0,0,0,0,0,11,11,925000,0,0,0,0,0,0,0,0,0
200211,37,025,3,5,Cabarrus County               ,112,112,12556016,0,0,0,0,0,0,1,18,906030,112,112,12556016,0,0,0,0,0,0,1,18,906030
200211,37,027,3,5,Caldwell County               ,20,20,2700800,0,0,0,0,0,0,0,0,0,20,20,2700800,0,0,0,0,0,0,0,0,0
200211,37,029,3,5,Camden County                 ,14,14,1911300,0,0,0,0,0,0,0,0,0,14,14,1911300,0,0,0,0,0,0,0,0,0
200211,37,033,3,5,Caswell County                ,6,6,533400,0,0,0,0,0,0,0,0,0,6,6,533400,0,0,0,0,0,0,0,0,0
200211,37,037,3,5,Chatham County                ,37,37,10094291,0,0,0,0,0,0,0,0,0,37,37,10094291,0,0,0,0,0,0,0,0,0
200211,37,043,3,5,Clay County                   ,16,16,2670040,0,0,0,0,0,0,0,0,0,16,16,2670040,0,0,0,0,0,0,0,0,0
200211,37,053,3,5,Currituck County              ,32,32,6808071,0,0,0,0,0,0,0,0,0,0,0,0,0,0,0,0,0,0,0,0,0
200211,37,057,3,5,Davidson County               ,38,38,5284362,0,0,0,0,0,0,0,0,0,38,38,5284362,0,0,0,0,0,0,0,0,0
200211,37,059,3,5,Davie County                  ,21,21,3223776,0,0,0,0,0,0,0,0,0,21,21,3223776,0,0,0,0,0,0,0,0,0
200211,37,061,3,5,Duplin County                 ,12,12,1451000,0,0,0,0,0,0,4,24,4955000,12,12,1451000,0,0,0,0,0,0,4,24,4955000
200211,37,063,3,5,Durham County                 ,118,118,19065376,0,0,0,0,0,0,0,0,0,118,118,19065376,0,0,0,0,0,0,0,0,0
200211,37,067,3,5,Forsyth County                ,246,246,30796109,0,0,0,0,0,0,2,48,2863599,246,246,30796109,0,0,0,0,0,0,2,48,2863599
200211,37,069,3,5,Franklin County               ,21,21,2996950,0,0,0,0,0,0,0,0,0,21,21,2996950,0,0,0,0,0,0,0,0,0
200211,37,071,3,5,Gaston County                 ,89,89,12356794,0,0,0,0,0,0,2,41,3190914,89,89,12356794,0,0,0,0,0,0,2,41,3190914
200211,37,075,3,5,Graham County                 ,4,4,743625,0,0,0,0,0,0,0,0,0,4,4,743625,0,0,0,0,0,0,0,0,0
200211,37,081,3,5,Guilford County               ,336,336,41729992,2,4,161232,0,0,0,0,0,0,336,336,41729992,2,4,161232,0,0,0,0,0,0
200211,37,089,3,5,Henderson County              ,51,51,7230500,0,0,0,3,9,583500,0,0,0,51,51,7230500,0,0,0,3,9,583500,0,0,0
200211,37,091,3,5,Hertford County               ,3,3,365000,0,0,0,0,0,0,1,8,240000,3,3,365000,0,0,0,0,0,0,1,8,240000
200211,37,097,3,5,Iredell County                ,103,103,15747736,0,0,0,0,0,0,2,32,1947714,0,0,0,0,0,0,0,0,0,0,0,0
200211,37,099,3,5,Jackson County                ,30,30,7665122,1,2,107152,0,0,0,0,0,0,30,30,7665122,1,2,107152,0,0,0,0,0,0
200211,37,101,3,5,Johnston County               ,81,81,9732263,2,4,329100,0,0,0,0,0,0,81,81,9732263,2,4,329100,0,0,0,0,0,0
200211,37,105,3,5,Lee County                    ,16,16,1623530,12,24,738740,0,0,0,0,0,0,16,16,1623530,12,24,738740,0,0,0,0,0,0
200211,37,109,3,5,Lincoln County                ,47,47,5331583,1,2,80905,0,0,0,1,14,326449,0,0,0,0,0,0,0,0,0,0,0,0
200211,37,113,3,5,Macon County                  ,19,19,2858500,0,0,0,0,0,0,0,0,0,19,19,2858500,0,0,0,0,0,0,0,0,0
200211,37,115,3,5,Madison County                ,9,9,1003113,0,0,0,0,0,0,0,0,0,9,9,1003113,0,0,0,0,0,0,0,0,0
200211,37,117,3,5,Martin County                 ,2,2,325000,0,0,0,0,0,0,0,0,0,2,2,325000,0,0,0,0,0,0,0,0,0
200211,37,119,3,5,Mecklenburg County            ,596,596,75283619,1,2,138472,0,0,0,0,0,0,596,596,75283619,1,2,138472,0,0,0,0,0,0
200211,37,121,3,5,Mitchell County               ,2,2,198000,0,0,0,0,0,0,0,0,0,2,2,198000,0,0,0,0,0,0,0,0,0
200211,37,123,3,5,Montgomery County             ,4,4,541100,0,0,0,0,0,0,0,0,0,4,4,541100,0,0,0,0,0,0,0,0,0
200211,37,131,3,5,Northampton County            ,1,1,184400,0,0,0,0,0,0,0,0,0,1,1,184400,0,0,0,0,0,0,0,0,0
200211,37,135,3,5,Orange County                 ,111,111,21485402,0,0,0,0,0,0,0,0,24365620,61,61,14042301,0,0,0,0,0,0,0,0,24365620
200211,37,137,3,5,Pamlico County                ,4,4,612000,0,0,0,0,0,0,0,0,0,4,4,612000,0,0,0,0,0,0,0,0,0
200211,37,139,3,5,Pasquotank County             ,11,11,968383,0,0,0,0,0,0,0,0,0,6,6,556290,0,0,0,0,0,0,0,0,0
200211,37,145,3,5,Person County                 ,11,11,2173000,0,0,0,0,0,0,0,0,0,11,11,2173000,0,0,0,0,0,0,0,0,0
200211,37,149,3,5,Polk County                   ,10,10,1285289,0,0,0,0,0,0,0,0,0,10,10,1285289,0,0,0,0,0,0,0,0,0
200211,37,151,3,5,Randolph County               ,59,59,6180992,0,0,0,0,0,0,1,5,316960,10,10,848000,0,0,0,0,0,0,0,0,0
200211,37,159,3,5,Rowan County                  ,39,39,6084000,0,0,0,0,0,0,0,0,0,39,39,6084000,0,0,0,0,0,0,0,0,0
200211,37,163,3,5,Sampson County                ,13,13,1158700,0,0,0,0,0,0,0,0,0,13,13,1158700,0,0,0,0,0,0,0,0,0
200211,37,165,3,5,Scotland County               ,3,3,336000,0,0,0,0,0,0,0,0,0,3,3,336000,0,0,0,0,0,0,0,0,0
200211,37,167,3,5,Stanly County                 ,21,21,2202616,1,2,77939,0,0,0,1,5,267480,0,0,0,0,0,0,0,0,0,0,0,0
200211,37,169,3,5,Stokes County                 ,11,11,1571135,0,0,0,0,0,0,0,0,0,8,8,1166734,0,0,0,0,0,0,0,0,0
200211,37,171,3,5,Surry County                  ,13,13,1893711,0,0,0,0,0,0,0,0,0,13,13,1893711,0,0,0,0,0,0,0,0,0
200211,37,173,3,5,Swain County                  ,9,9,1024275,0,0,0,0,0,0,0,0,0,9,9,1024275,0,0,0,0,0,0,0,0,0
200211,37,175,3,5,Transylvania County           ,21,21,3943210,0,0,0,0,0,0,0,0,0,21,21,3943210,0,0,0,0,0,0,0,0,0
200211,37,179,3,5,Union County                  ,144,144,19889936,0,0,0,0,0,0,8,168,4814424,144,144,19889936,0,0,0,0,0,0,8,168,4814424
200211,37,181,3,5,Vance County                  ,10,10,828300,0,0,0,0,0,0,0,0,0,10,10,828300,0,0,0,0,0,0,0,0,0
200211,37,183,3,5,Wake County                   ,567,567,78245510,4,8,529332,0,0,0,7,190,9763747,251,251,40094066,0,0,0,0,0,0,1,17,1993580
200211,37,185,3,5,Warren County                 ,7,7,971347,0,0,0,0,0,0,0,0,0,0,0,0,0,0,0,0,0,0,0,0,0
200211,37,187,3,5,Washington County             ,1,1,117072,0,0,0,0,0,0,0,0,0,0,0,0,0,0,0,0,0,0,0,0,0
200211,37,191,3,5,Wayne County                  ,38,38,4765872,0,0,0,0,0,0,0,0,0,38,38,4765872,0,0,0,0,0,0,0,0,0
200211,37,195,3,5,Wilson County                 ,21,21,2036615,0,0,0,0,0,0,0,0,0,14,14,1389608,0,0,0,0,0,0,0,0,0
200211,37,197,3,5,Yadkin County                 ,13,13,2070700,0,0,0,0,0,0,0,0,0,13,13,2070700,0,0,0,0,0,0,0,0,0
200211,39,007,2,3,Ashtabula County              ,32,32,3167566,0,0,0,0,0,0,0,0,0,0,0,0,0,0,0,0,0,0,0,0,0
200211,39,015,2,3,Brown County                  ,5,5,459870,0,0,0,0,0,0,0,0,0,0,0,0,0,0,0,0,0,0,0,0,0
200211,39,017,2,3,Butler County                 ,182,182,25324620,1,2,128625,1,4,175000,0,0,0,182,182,25324620,1,2,128625,1,4,175000,0,0,0
200211,39,025,2,3,Clermont County               ,83,83,11386789,0,0,0,0,0,0,0,0,0,83,83,11386789,0,0,0,0,0,0,0,0,0
200211,39,035,2,3,Cuyahoga County               ,145,145,26106597,1,2,125000,4,13,2099408,1,15,610841,85,85,17970878,0,0,0,3,10,1963000,0,0,0
200211,39,041,2,3,Delaware County               ,188,188,36228562,0,0,0,0,0,0,1,21,306085,13,13,1336876,0,0,0,0,0,0,0,0,0
200211,39,045,2,3,Fairfield County              ,79,79,15172202,0,0,0,0,0,0,0,0,0,43,43,9317444,0,0,0,0,0,0,0,0,0
200211,39,049,2,3,Franklin County               ,405,405,72881363,2,4,257142,6,24,1927897,20,293,13233684,131,131,36395185,1,2,93000,0,0,0,1,40,2000000
200211,39,055,2,3,Geauga County                 ,21,21,4016200,0,0,0,0,0,0,0,0,0,21,21,4016200,0,0,0,0,0,0,0,0,0
200211,39,061,2,3,Hamilton County               ,76,76,12089296,2,4,288000,1,4,302000,4,49,2249825,73,73,11538764,2,4,288000,1,4,302000,4,49,2249825
200211,39,085,2,3,Lake County                   ,51,51,9838800,0,0,0,0,0,0,0,0,0,51,51,9838800,0,0,0,0,0,0,0,0,0
200211,39,089,2,3,Licking County                ,82,82,12360591,0,0,0,2,8,526481,1,5,164688,0,0,0,0,0,0,0,0,0,0,0,0
200211,39,093,2,3,Lorain County                 ,131,131,23617203,3,6,724056,2,6,363717,0,0,0,81,81,15055686,2,4,587100,0,0,0,0,0,0
200211,39,097,2,3,Madison County                ,13,13,1795104,9,18,720702,0,0,0,0,0,0,9,9,1363937,9,18,720702,0,0,0,0,0,0
200211,39,103,2,3,Medina County                 ,103,103,19077526,0,0,0,0,0,0,1,5,410714,90,90,17219214,0,0,0,0,0,0,0,0,0
200211,39,129,2,3,Pickaway County               ,12,12,1152884,0,0,0,0,0,0,0,0,0,9,9,762000,0,0,0,0,0,0,0,0,0
200211,39,133,2,3,Portage County                ,54,54,7999830,0,0,0,0,0,0,0,0,0,12,12,2253000,0,0,0,0,0,0,0,0,0
200211,39,135,2,3,Preble County                 ,9,9,1174000,0,0,0,0,0,0,0,0,0,9,9,1174000,0,0,0,0,0,0,0,0,0
200211,39,153,2,3,Summit County                 ,143,143,23221259,0,0,0,1,4,408000,2,48,1493136,119,119,20626174,0,0,0,1,4,408000,1,36,1125000
200211,39,165,2,3,Warren County                 ,206,206,29245624,3,6,255000,0,0,0,0,0,0,182,182,26516857,3,6,255000,0,0,0,0,0,0
200211,40,001,3,7,Adair County                  ,0,0,0,0,0,0,0,0,0,0,0,0,0,0,0,0,0,0,0,0,0,0,0,0
200211,40,013,3,7,Bryan County                  ,2,2,148000,0,0,0,0,0,0,0,0,0,2,2,148000,0,0,0,0,0,0,0,0,0
200211,40,085,3,7,Love County                   ,0,0,0,0,0,0,1,4,100000,0,0,0,0,0,0,0,0,0,1,4,100000,0,0,0
200211,41,000,4,9,Oregon Balance of State       ,12,12,1251740,0,0,0,0,0,0,1,5,238418,0,0,0,0,0,0,0,0,0,0,0,0
200211,41,001,4,9,Baker County                  ,2,2,339768,0,0,0,0,0,0,0,0,0,2,2,339768,0,0,0,0,0,0,0,0,0
200211,41,003,4,9,Benton County                 ,23,23,4181578,1,2,184524,0,0,0,3,39,2225644,7,7,1151458,0,0,0,0,0,0,0,0,0
200211,41,005,4,9,Clackamas County              ,75,75,18429713,12,24,3433243,3,12,2199735,0,0,0,63,63,15854025,12,24,3433243,3,12,2199735,0,0,0
200211,41,009,4,9,Columbia County               ,22,22,2861482,1,2,181132,1,3,75000,0,0,0,16,16,1869978,1,2,181132,0,0,0,0,0,0
200211,41,015,4,9,Curry County                  ,5,5,813963,1,2,275145,0,0,0,0,0,0,5,5,813963,1,2,275145,0,0,0,0,0,0
200211,41,017,4,9,Deschutes County              ,159,159,28214416,4,8,825118,0,0,0,0,0,0,159,159,28214416,4,8,825118,0,0,0,0,0,0
200211,41,019,4,9,Douglas County                ,15,15,2060063,0,0,0,0,0,0,0,0,0,15,15,2060063,0,0,0,0,0,0,0,0,0
200211,41,025,4,9,Harney County                 ,0,0,0,0,0,0,0,0,0,0,0,0,0,0,0,0,0,0,0,0,0,0,0,0
200211,41,027,4,9,Hood River County             ,11,11,1576139,0,0,0,0,0,0,0,0,0,11,11,1576139,0,0,0,0,0,0,0,0,0
200211,41,031,4,9,Jefferson County              ,10,10,888933,0,0,0,0,0,0,0,0,0,10,10,888933,0,0,0,0,0,0,0,0,0
200211,41,033,4,9,Josephine County              ,30,30,3776183,1,2,184934,0,0,0,0,0,0,0,0,0,0,0,0,0,0,0,0,0,0
200211,41,035,4,9,Klamath County                ,20,20,4157085,0,0,0,1,4,468972,0,0,0,20,20,4157085,0,0,0,1,4,468972,0,0,0
200211,41,041,4,9,Lincoln County                ,8,8,1361790,0,0,0,0,0,0,0,0,0,8,8,1361790,0,0,0,0,0,0,0,0,0
200211,41,045,4,9,Malheur County                ,1,1,189400,0,0,0,0,0,0,0,0,0,1,1,189400,0,0,0,0,0,0,0,0,0
200211,41,047,4,9,Marion County                 ,63,63,11475502,2,4,376131,0,0,0,0,0,0,54,54,10312241,0,0,0,0,0,0,0,0,0
200211,41,051,4,9,Multnomah County              ,134,134,21218255,4,8,797768,3,12,1064117,3,216,15502560,134,134,21218255,4,8,797768,3,12,1064117,3,216,15502560
200211,41,053,4,9,Polk County                   ,9,9,1645691,0,0,0,0,0,0,0,0,0,9,9,1645691,0,0,0,0,0,0,0,0,0
200211,41,061,4,9,Union County                  ,2,2,276675,0,0,0,0,0,0,0,0,0,2,2,276675,0,0,0,0,0,0,0,0,0
200211,41,067,4,9,Washington County             ,156,156,35328105,0,0,0,0,0,0,4,26,2284171,116,116,26501884,0,0,0,0,0,0,4,26,2284171
200211,41,071,4,9,Yamhill County                ,36,36,4822339,1,2,167225,0,0,0,1,9,270810,26,26,3665916,0,0,0,0,0,0,0,0,0
200211,42,001,1,2,Adams County                  ,56,56,7850980,0,0,0,0,0,0,0,0,0,56,56,7850980,0,0,0,0,0,0,0,0,0
200211,42,003,1,2,Allegheny County              ,132,132,22929763,4,8,774000,0,0,0,2,15,1033692,102,102,18310686,4,8,774000,0,0,0,0,0,0
200211,42,007,1,2,Beaver County                 ,21,21,2533917,0,0,0,0,0,0,0,0,0,16,16,2100695,0,0,0,0,0,0,0,0,0
200211,42,017,1,2,Bucks County                  ,185,185,24008175,0,0,0,7,22,1201530,4,69,2351909,143,143,15989684,0,0,0,7,22,1201530,3,64,2101366
200211,42,019,1,2,Butler County                 ,80,80,9368318,0,0,0,0,0,0,0,0,0,57,57,6434660,0,0,0,0,0,0,0,0,0
200211,42,029,1,2,Chester County                ,237,237,37003952,0,0,0,0,0,0,1,5,600000,157,157,25719978,0,0,0,0,0,0,0,0,0
200211,42,045,1,2,Delaware County               ,48,48,8727962,1,2,177774,0,0,0,3,15,1086541,21,21,5796083,0,0,0,0,0,0,0,0,0
200211,42,051,1,2,Fayette County                ,20,20,2474643,0,0,0,0,0,0,0,0,0,3,3,178000,0,0,0,0,0,0,0,0,0
200211,42,055,1,2,Franklin County               ,40,40,4614976,3,6,492621,1,4,309600,0,0,0,0,0,0,0,0,0,0,0,0,0,0,0
200211,42,065,1,2,Jefferson County              ,6,6,506000,0,0,0,0,0,0,0,0,0,6,6,506000,0,0,0,0,0,0,0,0,0
200211,42,091,1,2,Montgomery County             ,170,170,23158988,0,0,0,1,3,146000,0,0,0,95,95,14732799,0,0,0,0,0,0,0,0,0
200211,42,101,1,2,Philadelphia County           ,7,7,1032508,2,4,332511,2,7,535669,2,36,2542500,7,7,1032508,2,4,332511,2,7,535669,2,36,2542500
200211,42,103,1,2,Pike County                   ,78,78,12150453,0,0,0,0,0,0,0,0,0,75,75,11730717,0,0,0,0,0,0,0,0,0
200211,42,125,1,2,Washington County             ,39,39,5723492,2,4,411000,1,3,375000,1,5,177083,20,20,2443270,2,4,411000,0,0,0,0,0,0
200211,42,129,1,2,Westmoreland County           ,85,85,12497766,0,0,0,1,4,165000,1,5,125000,42,42,6625928,0,0,0,1,4,165000,0,0,0
200211,44,001,1,1,Bristol County                ,8,8,1489441,0,0,0,0,0,0,0,0,0,4,4,930830,0,0,0,0,0,0,0,0,0
200211,44,003,1,1,Kent County                   ,27,27,3590025,1,2,154880,1,3,292748,1,5,223590,15,15,1660926,0,0,0,0,0,0,0,0,0
200211,44,005,1,1,Newport County                ,23,23,3487130,0,0,0,0,0,0,0,0,0,19,19,3026200,0,0,0,0,0,0,0,0,0
200211,44,007,1,1,Providence County             ,64,64,7459472,2,4,209000,0,0,0,0,0,0,52,52,6510953,2,4,209000,0,0,0,0,0,0
200211,44,009,1,1,Washington County             ,53,53,7670149,0,0,0,0,0,0,0,0,0,24,24,3246484,0,0,0,0,0,0,0,0,0
200211,45,001,3,5,Abbeville County              ,4,4,370651,0,0,0,0,0,0,0,0,0,0,0,0,0,0,0,0,0,0,0,0,0
200211,45,003,3,5,Aiken County                  ,57,57,7643202,0,0,0,0,0,0,0,0,0,39,39,5683178,0,0,0,0,0,0,0,0,0
200211,45,007,3,5,Anderson County               ,63,63,8221720,3,6,180000,0,0,0,0,0,0,63,63,8221720,3,6,180000,0,0,0,0,0,0
200211,45,015,3,5,Berkeley County               ,28,28,4262828,0,0,0,0,0,0,0,0,0,7,7,1136034,0,0,0,0,0,0,0,0,0
200211,45,023,3,5,Chester County                ,7,7,846805,0,0,0,0,0,0,0,0,0,7,7,846805,0,0,0,0,0,0,0,0,0
200211,45,037,3,5,Edgefield County              ,7,7,671438,0,0,0,0,0,0,0,0,0,0,0,0,0,0,0,0,0,0,0,0,0
200211,45,045,3,5,Greenville County             ,176,176,15702670,0,0,0,0,0,0,0,0,0,171,171,14755015,0,0,0,0,0,0,0,0,0
200211,45,047,3,5,Greenwood County              ,15,15,1946899,0,0,0,0,0,0,0,0,0,15,15,1946899,0,0,0,0,0,0,0,0,0
200211,45,053,3,5,Jasper County                 ,9,9,752163,0,0,0,0,0,0,0,0,0,9,9,752163,0,0,0,0,0,0,0,0,0
200211,45,073,3,5,Oconee County                 ,41,41,7913543,0,0,0,0,0,0,0,0,0,41,41,7913543,0,0,0,0,0,0,0,0,0
200211,45,077,3,5,Pickens County                ,40,40,6340052,0,0,0,0,0,0,1,9,287300,4,4,638624,0,0,0,0,0,0,0,0,0
200211,45,081,3,5,Saluda County                 ,0,0,0,0,0,0,0,0,0,0,0,0,0,0,0,0,0,0,0,0,0,0,0,0
200211,45,085,3,5,Sumter County                 ,22,22,2201107,1,2,102464,0,0,0,0,0,0,0,0,0,0,0,0,0,0,0,0,0,0
200211,45,087,3,5,Union County                  ,7,7,801044,0,0,0,0,0,0,0,0,0,7,7,801044,0,0,0,0,0,0,0,0,0
200211,45,091,3,5,York County                   ,123,123,19468165,0,0,0,4,16,1033164,1,5,320892,123,123,19468165,0,0,0,4,16,1033164,1,5,320892
200211,46,007,2,4,Bennett County                ,0,0,0,0,0,0,0,0,0,0,0,0,0,0,0,0,0,0,0,0,0,0,0,0
200211,46,027,2,4,Clay County                   ,1,1,140000,0,0,0,0,0,0,0,0,0,1,1,140000,0,0,0,0,0,0,0,0,0
200211,46,079,2,4,Lake County                   ,4,4,456299,0,0,0,0,0,0,0,0,0,4,4,456299,0,0,0,0,0,0,0,0,0
200211,46,093,2,4,Meade County                  ,17,17,1757000,0,0,0,0,0,0,0,0,0,17,17,1757000,0,0,0,0,0,0,0,0,0
200211,46,095,2,4,Mellette County               ,0,0,0,0,0,0,0,0,0,0,0,0,0,0,0,0,0,0,0,0,0,0,0,0
200211,46,121,2,4,Todd County                   ,0,0,0,0,0,0,0,0,0,0,0,0,0,0,0,0,0,0,0,0,0,0,0,0
200211,47,011,3,6,Bradley County                ,24,24,2351200,1,2,70000,1,4,155000,0,0,0,24,24,2351200,1,2,70000,1,4,155000,0,0,0
200211,47,021,3,6,Cheatham County               ,10,10,819749,0,0,0,0,0,0,1,6,262645,8,8,710000,0,0,0,0,0,0,0,0,0
200211,47,025,3,6,Claiborne County              ,8,8,743000,0,0,0,0,0,0,0,0,0,8,8,743000,0,0,0,0,0,0,0,0,0
200211,47,031,3,6,Coffee County                 ,9,9,903823,0,0,0,0,0,0,0,0,0,5,5,434750,0,0,0,0,0,0,0,0,0
200211,47,037,3,6,Davidson County               ,232,232,40547207,2,4,437194,0,0,0,2,33,2937715,10,10,4788090,0,0,0,0,0,0,0,0,0
200211,47,043,3,6,Dickson County                ,22,22,2952713,0,0,0,0,0,0,10,68,3987765,20,20,2837016,0,0,0,0,0,0,10,68,3987765
200211,47,047,3,6,Fayette County                ,13,13,2811000,0,0,0,0,0,0,0,0,0,13,13,2811000,0,0,0,0,0,0,0,0,0
200211,47,063,3,6,Hamblen County                ,6,6,595000,0,0,0,0,0,0,0,0,0,6,6,595000,0,0,0,0,0,0,0,0,0
200211,47,081,3,6,Hickman County                ,1,1,65000,0,0,0,0,0,0,0,0,0,1,1,65000,0,0,0,0,0,0,0,0,0
200211,47,093,3,6,Knox County                   ,142,142,16142194,3,6,270000,5,15,550000,0,0,0,142,142,16142194,3,6,270000,5,15,550000,0,0,0
200211,47,113,3,6,Madison County                ,37,37,4108026,0,0,0,0,0,0,0,0,0,37,37,4108026,0,0,0,0,0,0,0,0,0
200211,47,125,3,6,Montgomery County             ,95,95,7951300,2,4,157872,0,0,0,2,16,500000,95,95,7951300,2,4,157872,0,0,0,2,16,500000
200211,47,127,3,6,Moore County                  ,3,3,260000,0,0,0,0,0,0,0,0,0,3,3,260000,0,0,0,0,0,0,0,0,0
200211,47,147,3,6,Robertson County              ,43,43,3891990,0,0,0,0,0,0,1,5,250000,23,23,2425386,0,0,0,0,0,0,0,0,0
200211,47,149,3,6,Rutherford County             ,216,216,20276826,0,0,0,0,0,0,0,0,0,216,216,20276826,0,0,0,0,0,0,0,0,0
200211,47,157,3,6,Shelby County                 ,234,234,35249683,0,0,0,0,0,0,0,0,0,205,205,27189624,0,0,0,0,0,0,0,0,0
200211,47,165,3,6,Sumner County                 ,79,79,7730784,0,0,0,0,0,0,0,0,0,70,70,6867414,0,0,0,0,0,0,0,0,0
200211,47,167,3,6,Tipton County                 ,45,45,4003870,0,0,0,0,0,0,0,0,0,34,34,3015030,0,0,0,0,0,0,0,0,0
200211,47,177,3,6,Warren County                 ,0,0,0,0,0,0,0,0,0,0,0,0,0,0,0,0,0,0,0,0,0,0,0,0
200211,47,187,3,6,Williamson County             ,103,103,23235686,0,0,0,0,0,0,0,0,0,7,7,478275,0,0,0,0,0,0,0,0,0
200211,47,189,3,6,Wilson County                 ,64,64,8642367,0,0,0,1,4,446396,0,0,0,63,63,8601453,0,0,0,1,4,446396,0,0,0
200211,48,039,3,7,Brazoria County               ,226,226,36520076,0,0,0,0,0,0,1,31,1849408,224,224,36302663,0,0,0,0,0,0,1,31,1849408
200211,48,041,3,7,Brazos County                 ,66,66,6503000,1,2,85600,0,0,0,0,0,0,48,48,4939308,0,0,0,0,0,0,0,0,0
200211,48,063,3,7,Camp County                   ,1,1,70000,0,0,0,0,0,0,0,0,0,1,1,70000,0,0,0,0,0,0,0,0,0
200211,48,071,3,7,Chambers County               ,10,10,892630,0,0,0,0,0,0,0,0,0,10,10,892630,0,0,0,0,0,0,0,0,0
200211,48,083,3,7,Coleman County                ,0,0,0,0,0,0,0,0,0,0,0,0,0,0,0,0,0,0,0,0,0,0,0,0
200211,48,085,3,7,Collin County                 ,685,685,120194466,0,0,0,0,0,0,0,0,0,670,670,116865376,0,0,0,0,0,0,0,0,0
200211,48,113,3,7,Dallas County                 ,605,605,99715964,4,8,430243,0,0,0,51,670,36360291,500,500,82245817,3,6,316944,0,0,0,51,670,36360291
200211,48,121,3,7,Denton County                 ,316,316,56905950,0,0,0,0,0,0,0,0,0,226,226,42748739,0,0,0,0,0,0,0,0,0
200211,48,135,3,7,Ector County                  ,10,10,1088000,0,0,0,0,0,0,1,68,3435000,10,10,1088000,0,0,0,0,0,0,1,68,3435000
200211,48,139,3,7,Ellis County                  ,60,60,6922047,1,2,245000,0,0,0,1,13,455103,48,48,5176921,1,2,245000,0,0,0,0,0,0
200211,48,157,3,7,Fort Bend County              ,58,58,8801559,0,0,0,0,0,0,0,0,0,58,58,8801559,0,0,0,0,0,0,0,0,0
200211,48,167,3,7,Galveston County              ,217,217,24657654,0,0,0,0,0,0,1,7,296148,212,212,24065463,0,0,0,0,0,0,0,0,0
200211,48,169,3,7,Garza County                  ,0,0,0,0,0,0,0,0,0,0,0,0,0,0,0,0,0,0,0,0,0,0,0,0
200211,48,201,3,7,Harris County                 ,1498,1498,180244335,1,2,138472,0,0,0,90,1642,83294117,1497,1497,180032202,1,2,138472,0,0,0,89,1636,83115546
200211,48,207,3,7,Haskell County                ,0,0,0,0,0,0,0,0,0,0,0,0,0,0,0,0,0,0,0,0,0,0,0,0
200211,48,211,3,7,Hemphill County               ,0,0,0,0,0,0,0,0,0,0,0,0,0,0,0,0,0,0,0,0,0,0,0,0
200211,48,213,3,7,Henderson County              ,10,10,975072,1,2,88750,0,0,0,0,0,0,6,6,641900,0,0,0,0,0,0,0,0,0
200211,48,221,3,7,Hood County                   ,7,7,536344,0,0,0,0,0,0,0,0,0,7,7,536344,0,0,0,0,0,0,0,0,0
200211,48,231,3,7,Hunt County                   ,4,4,350897,0,0,0,0,0,0,0,0,0,2,2,134000,0,0,0,0,0,0,0,0,0
200211,48,251,3,7,Johnson County                ,61,61,6028194,0,0,0,0,0,0,0,0,0,56,56,5462309,0,0,0,0,0,0,0,0,0
200211,48,257,3,7,Kaufman County                ,14,14,1348664,0,0,0,0,0,0,1,8,351298,8,8,861865,0,0,0,0,0,0,0,0,0
200211,48,265,3,7,Kerr County                   ,8,8,653628,0,0,0,0,0,0,0,0,0,8,8,653628,0,0,0,0,0,0,0,0,0
200211,48,291,3,7,Liberty County                ,18,18,1819556,0,0,0,0,0,0,0,0,0,17,17,1679638,0,0,0,0,0,0,0,0,0
200211,48,319,3,7,Mason County                  ,0,0,0,0,0,0,0,0,0,0,0,0,0,0,0,0,0,0,0,0,0,0,0,0
200211,48,323,3,7,Maverick County               ,22,22,1062046,0,0,0,0,0,0,0,0,0,22,22,1062046,0,0,0,0,0,0,0,0,0
200211,48,329,3,7,Midland County                ,13,13,1138200,0,0,0,0,0,0,0,0,0,13,13,1138200,0,0,0,0,0,0,0,0,0
200211,48,339,3,7,Montgomery County             ,295,295,48890354,0,0,0,0,0,0,8,196,9033387,286,286,47900510,0,0,0,0,0,0,8,196,9033387
200211,48,367,3,7,Parker County                 ,28,28,2918935,1,2,125000,0,0,0,0,0,0,12,12,1235229,0,0,0,0,0,0,0,0,0
200211,48,375,3,7,Potter County                 ,37,37,6109804,0,0,0,0,0,0,0,0,0,37,37,6109804,0,0,0,0,0,0,0,0,0
200211,48,397,3,7,Rockwall County               ,80,80,13228558,0,0,0,0,0,0,0,0,0,80,80,13228558,0,0,0,0,0,0,0,0,0
200211,48,437,3,7,Swisher County                ,0,0,0,0,0,0,0,0,0,0,0,0,0,0,0,0,0,0,0,0,0,0,0,0
200211,48,439,3,7,Tarrant County                ,926,926,131722067,6,12,587622,0,0,0,2,18,1030435,781,781,105702104,6,12,587622,0,0,0,0,0,0
200211,48,451,3,7,Tom Green County              ,12,12,1459400,0,0,0,0,0,0,0,0,0,12,12,1459400,0,0,0,0,0,0,0,0,0
200211,48,465,3,7,Val Verde County              ,3,3,265450,0,0,0,0,0,0,0,0,0,3,3,265450,0,0,0,0,0,0,0,0,0
200211,48,469,3,7,Victoria County               ,12,12,1350581,0,0,0,0,0,0,0,0,0,12,12,1350581,0,0,0,0,0,0,0,0,0
200211,48,473,3,7,Waller County                 ,0,0,0,0,0,0,0,0,0,1,11,251935,0,0,0,0,0,0,0,0,0,0,0,0
200211,48,479,3,7,Webb County                   ,114,114,8277689,0,0,0,1,3,112198,1,18,679023,0,0,0,0,0,0,0,0,0,0,0,0
200211,49,011,4,8,Davis County                  ,144,144,23326393,1,2,240481,2,8,857469,1,11,765387,128,128,21282600,1,2,240481,2,8,857469,0,0,0
200211,49,035,4,8,Salt Lake County              ,352,352,45323109,2,4,413296,7,22,2043173,4,38,2125107,266,266,35433138,1,2,218296,6,19,1786821,0,0,0
200211,49,039,4,8,Sanpete County                ,3,3,415209,0,0,0,0,0,0,0,0,0,1,1,279541,0,0,0,0,0,0,0,0,0
200211,49,057,4,8,Weber County                  ,83,83,9679663,0,0,0,1,4,309078,0,0,0,63,63,7900027,0,0,0,1,4,309078,0,0,0
200211,50,013,1,1,Grand Isle County             ,2,2,198343,0,0,0,0,0,0,0,0,0,0,0,0,0,0,0,0,0,0,0,0,0
200211,51,003,3,5,Albemarle County              ,44,44,7446859,0,0,0,0,0,0,0,0,0,44,44,7446859,0,0,0,0,0,0,0,0,0
200211,51,007,3,5,Amelia County                 ,5,5,559286,0,0,0,0,0,0,0,0,0,5,5,559286,0,0,0,0,0,0,0,0,0
200211,51,009,3,5,Amherst County                ,4,4,450300,0,0,0,0,0,0,0,0,0,4,4,450300,0,0,0,0,0,0,0,0,0
200211,51,013,3,5,Arlington County              ,1,1,126315,0,0,0,0,0,0,0,0,0,1,1,126315,0,0,0,0,0,0,0,0,0
200211,51,015,3,5,Augusta County                ,43,43,4296000,0,0,0,0,0,0,0,0,0,43,43,4296000,0,0,0,0,0,0,0,0,0
200211,51,019,3,5,Bedford County                ,37,37,5618500,0,0,0,0,0,0,0,0,0,37,37,5618500,0,0,0,0,0,0,0,0,0
200211,51,023,3,5,Botetourt County              ,10,10,1545000,0,0,0,0,0,0,0,0,0,10,10,1545000,0,0,0,0,0,0,0,0,0
200211,51,029,3,5,Buckingham County             ,5,5,647850,0,0,0,0,0,0,0,0,0,5,5,647850,0,0,0,0,0,0,0,0,0
200211,51,031,3,5,Campbell County               ,16,16,2128090,0,0,0,0,0,0,0,0,0,16,16,2128090,0,0,0,0,0,0,0,0,0
200211,51,035,3,5,Carroll County                ,8,8,747000,0,0,0,0,0,0,0,0,0,8,8,747000,0,0,0,0,0,0,0,0,0
200211,51,036,3,5,Charles City County           ,2,2,194248,0,0,0,0,0,0,0,0,0,2,2,194248,0,0,0,0,0,0,0,0,0
200211,51,037,3,5,Charlotte County              ,8,8,1099400,0,0,0,0,0,0,0,0,0,8,8,1099400,0,0,0,0,0,0,0,0,0
200211,51,041,3,5,Chesterfield County           ,202,202,25711437,0,0,0,0,0,0,0,0,0,202,202,25711437,0,0,0,0,0,0,0,0,0
200211,51,043,3,5,Clarke County                 ,8,8,1174903,0,0,0,0,0,0,0,0,0,8,8,1174903,0,0,0,0,0,0,0,0,0
200211,51,047,3,5,Culpeper County               ,32,32,4569067,1,2,100000,0,0,0,0,0,0,0,0,0,0,0,0,0,0,0,0,0,0
200211,51,049,3,5,Cumberland County             ,1,1,150000,0,0,0,0,0,0,0,0,0,1,1,150000,0,0,0,0,0,0,0,0,0
200211,51,053,3,5,Dinwiddie County              ,10,10,849000,1,2,200000,0,0,0,0,0,0,10,10,849000,1,2,200000,0,0,0,0,0,0
200211,51,057,3,5,Essex County                  ,2,2,78450,0,0,0,0,0,0,0,0,0,2,2,78450,0,0,0,0,0,0,0,0,0
200211,51,059,3,5,Fairfax County                ,169,169,30338493,0,0,0,0,0,0,13,744,13535000,169,169,30338493,0,0,0,0,0,0,13,744,13535000
200211,51,061,3,5,Fauquier County               ,46,46,9294462,0,0,0,0,0,0,0,0,0,32,32,7481500,0,0,0,0,0,0,0,0,0
200211,51,063,3,5,Floyd County                  ,2,2,134000,0,0,0,0,0,0,0,0,0,2,2,134000,0,0,0,0,0,0,0,0,0
200211,51,065,3,5,Fluvanna County               ,27,27,3146800,0,0,0,0,0,0,0,0,0,27,27,3146800,0,0,0,0,0,0,0,0,0
200211,51,067,3,5,Franklin County               ,22,22,5116300,0,0,0,0,0,0,0,0,0,22,22,5116300,0,0,0,0,0,0,0,0,0
200211,51,069,3,5,Frederick County              ,50,50,7852950,0,0,0,0,0,0,0,0,0,50,50,7852950,0,0,0,0,0,0,0,0,0
200211,51,073,3,5,Gloucester County             ,21,21,1964725,0,0,0,0,0,0,0,0,0,21,21,1964725,0,0,0,0,0,0,0,0,0
200211,51,075,3,5,Goochland County              ,12,12,2760103,0,0,0,0,0,0,0,0,0,12,12,2760103,0,0,0,0,0,0,0,0,0
200211,51,077,3,5,Grayson County                ,10,10,667931,0,0,0,0,0,0,0,0,0,0,0,0,0,0,0,0,0,0,0,0,0
200211,51,079,3,5,Greene County                 ,16,16,1350741,0,0,0,0,0,0,0,0,0,0,0,0,0,0,0,0,0,0,0,0,0
200211,51,085,3,5,Hanover County                ,63,63,10339929,0,0,0,0,0,0,0,0,0,63,63,10339929,0,0,0,0,0,0,0,0,0
200211,51,087,3,5,Henrico County                ,141,141,17810386,0,0,0,0,0,0,0,0,0,141,141,17810386,0,0,0,0,0,0,0,0,0
200211,51,089,3,5,Henry County                  ,8,8,870000,0,0,0,0,0,0,0,0,0,8,8,870000,0,0,0,0,0,0,0,0,0
200211,51,093,3,5,Isle of Wight County          ,21,21,2641756,0,0,0,0,0,0,0,0,0,0,0,0,0,0,0,0,0,0,0,0,0
200211,51,095,3,5,James City County             ,76,76,9599925,4,8,553889,0,0,0,0,0,0,76,76,9599925,4,8,553889,0,0,0,0,0,0
200211,51,099,3,5,King George County            ,26,26,3284185,0,0,0,0,0,0,0,0,0,26,26,3284185,0,0,0,0,0,0,0,0,0
200211,51,101,3,5,King William County           ,3,3,310000,0,0,0,0,0,0,0,0,0,3,3,310000,0,0,0,0,0,0,0,0,0
200211,51,103,3,5,Lancaster County              ,4,4,679913,0,0,0,0,0,0,0,0,0,0,0,0,0,0,0,0,0,0,0,0,0
200211,51,105,3,5,Lee County                    ,6,6,283000,0,0,0,0,0,0,0,0,0,6,6,283000,0,0,0,0,0,0,0,0,0
200211,51,107,3,5,Loudoun County                ,331,331,40473606,0,0,0,0,0,0,1,23,579240,331,331,40473606,0,0,0,0,0,0,1,23,579240
200211,51,109,3,5,Louisa County                 ,32,32,4584704,0,0,0,0,0,0,0,0,0,32,32,4584704,0,0,0,0,0,0,0,0,0
200211,51,111,3,5,Lunenburg County              ,2,2,233000,0,0,0,0,0,0,0,0,0,2,2,233000,0,0,0,0,0,0,0,0,0
200211,51,113,3,5,Madison County                ,6,6,1489000,0,0,0,1,4,100000,0,0,0,6,6,1489000,0,0,0,1,4,100000,0,0,0
200211,51,115,3,5,Mathews County                ,8,8,1217000,0,0,0,0,0,0,0,0,0,8,8,1217000,0,0,0,0,0,0,0,0,0
200211,51,119,3,5,Middlesex County              ,1,1,346000,0,0,0,0,0,0,0,0,0,1,1,346000,0,0,0,0,0,0,0,0,0
200211,51,121,3,5,Montgomery County             ,26,26,3124041,0,0,0,0,0,0,0,0,0,22,22,2491870,0,0,0,0,0,0,0,0,0
200211,51,125,3,5,Nelson County                 ,5,5,1035000,0,0,0,0,0,0,0,0,0,5,5,1035000,0,0,0,0,0,0,0,0,0
200211,51,127,3,5,New Kent County               ,14,14,1755719,0,0,0,0,0,0,0,0,0,0,0,0,0,0,0,0,0,0,0,0,0
200211,51,131,3,5,Northampton County            ,9,9,2241059,0,0,0,0,0,0,0,0,0,9,9,2241059,0,0,0,0,0,0,0,0,0
200211,51,133,3,5,Northumberland County         ,12,12,1918022,0,0,0,0,0,0,0,0,0,0,0,0,0,0,0,0,0,0,0,0,0
200211,51,137,3,5,Orange County                 ,22,22,3285237,0,0,0,0,0,0,1,50,1700000,22,22,3285237,0,0,0,0,0,0,1,50,1700000
200211,51,139,3,5,Page County                   ,2,2,102000,0,0,0,0,0,0,0,0,0,2,2,102000,0,0,0,0,0,0,0,0,0
200211,51,141,3,5,Patrick County                ,3,3,300000,0,0,0,0,0,0,0,0,0,3,3,300000,0,0,0,0,0,0,0,0,0
200211,51,143,3,5,Pittsylvania County           ,20,20,1946607,0,0,0,1,3,56250,0,0,0,0,0,0,0,0,0,0,0,0,0,0,0
200211,51,145,3,5,Powhatan County               ,23,23,3266567,0,0,0,0,0,0,0,0,0,23,23,3266567,0,0,0,0,0,0,0,0,0
200211,51,147,3,5,Prince Edward County          ,20,20,2375878,0,0,0,0,0,0,0,0,0,0,0,0,0,0,0,0,0,0,0,0,0
200211,51,149,3,5,Prince George County          ,16,16,1721309,0,0,0,0,0,0,0,0,0,0,0,0,0,0,0,0,0,0,0,0,0
200211,51,153,3,5,Prince William County         ,283,283,30963591,2,4,200000,0,0,0,0,0,0,282,282,30846940,2,4,200000,0,0,0,0,0,0
200211,51,157,3,5,Rappahannock County           ,5,5,827610,0,0,0,0,0,0,0,0,0,0,0,0,0,0,0,0,0,0,0,0,0
200211,51,161,3,5,Roanoke County                ,41,41,3003500,0,0,0,0,0,0,0,0,0,41,41,3003500,0,0,0,0,0,0,0,0,0
200211,51,163,3,5,Rockbridge County             ,16,16,1359666,0,0,0,1,3,963730,0,0,0,0,0,0,0,0,0,0,0,0,0,0,0
200211,51,165,3,5,Rockingham County             ,26,26,4054431,0,0,0,0,0,0,0,0,0,26,26,4054431,0,0,0,0,0,0,0,0,0
200211,51,167,3,5,Russell County                ,3,3,295000,0,0,0,0,0,0,0,0,0,3,3,295000,0,0,0,0,0,0,0,0,0
200211,51,169,3,5,Scott County                  ,3,3,378500,0,0,0,0,0,0,0,0,0,3,3,378500,0,0,0,0,0,0,0,0,0
200211,51,171,3,5,Shenandoah County             ,39,39,3826700,0,0,0,0,0,0,0,0,0,39,39,3826700,0,0,0,0,0,0,0,0,0
200211,51,173,3,5,Smyth County                  ,2,2,243606,2,4,210828,0,0,0,0,0,0,2,2,243606,2,4,210828,0,0,0,0,0,0
200211,51,175,3,5,Southampton County            ,5,5,471952,0,0,0,0,0,0,0,0,0,0,0,0,0,0,0,0,0,0,0,0,0
200211,51,177,3,5,Spotsylvania County           ,95,95,17930632,0,0,0,0,0,0,0,0,0,95,95,17930632,0,0,0,0,0,0,0,0,0
200211,51,179,3,5,Stafford County               ,135,135,17052498,0,0,0,0,0,0,0,0,0,135,135,17052498,0,0,0,0,0,0,0,0,0
200211,51,181,3,5,Surry County                  ,9,9,812880,0,0,0,0,0,0,0,0,0,9,9,812880,0,0,0,0,0,0,0,0,0
200211,51,185,3,5,Tazewell County               ,3,3,803097,0,0,0,0,0,0,0,0,0,3,3,803097,0,0,0,0,0,0,0,0,0
200211,51,187,3,5,Warren County                 ,17,17,2423024,0,0,0,0,0,0,0,0,0,17,17,2423024,0,0,0,0,0,0,0,0,0
200211,51,191,3,5,Washington County             ,17,17,1102304,0,0,0,0,0,0,0,0,0,1,1,55000,0,0,0,0,0,0,0,0,0
200211,51,193,3,5,Westmoreland County           ,2,2,227000,0,0,0,0,0,0,0,0,0,2,2,227000,0,0,0,0,0,0,0,0,0
200211,51,197,3,5,Wythe County                  ,7,7,700548,0,0,0,0,0,0,0,0,0,7,7,700548,0,0,0,0,0,0,0,0,0
200211,51,199,3,5,York County                   ,40,40,5371600,0,0,0,0,0,0,0,0,0,40,40,5371600,0,0,0,0,0,0,0,0,0
200211,51,510,3,5,Alexandria (Independent City) ,31,31,4787378,0,0,0,0,0,0,1,62,6229781,0,0,0,0,0,0,0,0,0,0,0,0
200211,51,540,3,5,Charlottesville (Independent C,0,0,0,1,2,125000,0,0,0,0,0,0,0,0,0,1,2,125000,0,0,0,0,0,0
200211,51,550,3,5,Chesapeake(Independent City)  ,87,87,10989387,1,2,138472,0,0,0,0,0,0,87,87,10989387,1,2,138472,0,0,0,0,0,0
200211,51,570,3,5,Colonial Heights (Independent ,4,4,460750,0,0,0,0,0,0,0,0,0,4,4,460750,0,0,0,0,0,0,0,0,0
200211,51,590,3,5,Danville (Independent City)   ,3,3,224000,0,0,0,1,4,100000,0,0,0,3,3,224000,0,0,0,1,4,100000,0,0,0
200211,51,600,3,5,Fairfax (Independent City)    ,1,1,210000,0,0,0,0,0,0,0,0,0,1,1,210000,0,0,0,0,0,0,0,0,0
200211,51,610,3,5,Falls Church (Independent City,0,0,0,0,0,0,0,0,0,0,0,0,0,0,0,0,0,0,0,0,0,0,0,0
200211,51,620,3,5,Franklin (Independent City)   ,2,2,201367,1,2,91788,0,0,0,0,0,0,0,0,0,0,0,0,0,0,0,0,0,0
200211,51,630,3,5,Fredericksburg(Independent Cit,1,1,230000,0,0,0,0,0,0,0,0,0,1,1,230000,0,0,0,0,0,0,0,0,0
200211,51,650,3,5,Hampton (Independent City)    ,27,27,1807571,0,0,0,0,0,0,0,0,0,0,0,0,0,0,0,0,0,0,0,0,0
200211,51,660,3,5,Harrisonburg (Independent City,5,5,680000,2,4,392000,0,0,0,1,10,320000,5,5,680000,2,4,392000,0,0,0,1,10,320000
200211,51,670,3,5,Hopewell (Independent City)   ,0,0,0,0,0,0,0,0,0,0,0,0,0,0,0,0,0,0,0,0,0,0,0,0
200211,51,680,3,5,Lynchburg (Independent City)  ,9,9,1199800,0,0,0,0,0,0,0,0,0,9,9,1199800,0,0,0,0,0,0,0,0,0
200211,51,683,3,5,Manassas (Independent City)   ,2,2,220000,0,0,0,0,0,0,0,0,0,2,2,220000,0,0,0,0,0,0,0,0,0
200211,51,685,3,5,Manassas Park (Independent Cit,3,3,450000,0,0,0,0,0,0,0,0,0,3,3,450000,0,0,0,0,0,0,0,0,0
200211,51,700,3,5,Newport News (Independent City,12,12,2117478,0,0,0,0,0,0,0,0,0,12,12,2117478,0,0,0,0,0,0,0,0,0
200211,51,710,3,5,Norfolk (Independent City)    ,20,20,2526296,1,2,138472,0,0,0,1,12,715900,20,20,2526296,1,2,138472,0,0,0,1,12,715900
200211,51,730,3,5,Petersburg (Independent City) ,0,0,0,0,0,0,0,0,0,0,0,0,0,0,0,0,0,0,0,0,0,0,0,0
200211,51,735,3,5,Poquoson (Independent City)   ,3,3,590644,0,0,0,0,0,0,0,0,0,0,0,0,0,0,0,0,0,0,0,0,0
200211,51,740,3,5,Portsmouth (Independent City) ,1,1,126315,0,0,0,0,0,0,0,0,0,1,1,126315,0,0,0,0,0,0,0,0,0
200211,51,750,3,5,Radford (Independent City)    ,0,0,0,0,0,0,0,0,0,0,0,0,0,0,0,0,0,0,0,0,0,0,0,0
200211,51,760,3,5,Richmond (Independent City)   ,11,11,1427308,0,0,0,0,0,0,0,0,0,11,11,1427308,0,0,0,0,0,0,0,0,0
200211,51,770,3,5,Roanoke (Independent City)    ,19,19,1631011,0,0,0,0,0,0,1,5,210553,0,0,0,0,0,0,0,0,0,0,0,0
200211,51,775,3,5,Salem (Independent City)      ,3,3,214213,0,0,0,0,0,0,0,0,0,3,3,214213,0,0,0,0,0,0,0,0,0
200211,51,790,3,5,Staunton (Independent City)   ,3,3,286760,0,0,0,0,0,0,0,0,0,3,3,286760,0,0,0,0,0,0,0,0,0
200211,51,800,3,5,Suffolk (Independent City)    ,77,77,8050247,0,0,0,0,0,0,2,22,1019512,0,0,0,0,0,0,0,0,0,0,0,0
200211,51,810,3,5,Virginia Beach (Independent Ci,129,129,16294609,1,2,138472,0,0,0,0,0,0,129,129,16294609,1,2,138472,0,0,0,0,0,0
200211,51,820,3,5,Waynesboro (Independent City) ,5,5,466000,0,0,0,0,0,0,0,0,0,5,5,466000,0,0,0,0,0,0,0,0,0
200211,51,830,3,5,Williamsburg (Independent City,3,3,735000,0,0,0,0,0,0,0,0,0,3,3,735000,0,0,0,0,0,0,0,0,0
200211,51,840,3,5,Winchester (Independent City) ,5,5,619000,0,0,0,0,0,0,0,0,0,5,5,619000,0,0,0,0,0,0,0,0,0
200211,53,011,4,9,Clark County                  ,198,198,25511230,1,2,111676,1,4,318773,1,17,1036568,151,151,21391461,0,0,0,0,0,0,0,0,0
200211,53,029,4,9,Island County                 ,35,35,5157030,0,0,0,0,0,0,0,0,0,35,35,5157030,0,0,0,0,0,0,0,0,0
200211,53,031,4,9,Jefferson County              ,12,12,1890281,0,0,0,0,0,0,0,0,0,12,12,1890281,0,0,0,0,0,0,0,0,0
200211,53,033,4,9,King County                   ,439,439,80585367,2,4,424962,5,17,1898544,14,315,34837342,424,424,76460324,2,4,424962,4,14,1421386,13,272,30336239
200211,53,035,4,9,Kitsap County                 ,94,94,12608617,0,0,0,0,0,0,0,0,0,94,94,12608617,0,0,0,0,0,0,0,0,0
200211,53,053,4,9,Pierce County                 ,372,372,50551747,13,26,2776829,1,4,376853,7,63,5462113,333,333,45492107,13,26,2776829,1,4,376853,7,63,5462113
200211,53,061,4,9,Snohomish County              ,296,296,38128694,8,16,1565815,0,0,0,17,161,12015210,189,189,25870476,6,12,1099685,0,0,0,12,132,9473786
200211,53,067,4,9,Thurston County               ,118,118,20557663,0,0,0,0,0,0,0,0,0,116,116,20210815,0,0,0,0,0,0,0,0,0
200211,54,003,3,5,Berkeley County               ,78,78,9270869,0,0,0,0,0,0,0,0,0,1,1,42000,0,0,0,0,0,0,0,0,0
200211,54,011,3,5,Cabell County                 ,2,2,173790,0,0,0,0,0,0,0,0,0,1,1,110000,0,0,0,0,0,0,0,0,0
200211,54,031,3,5,Hardy County                  ,8,8,530000,0,0,0,0,0,0,0,0,0,8,8,530000,0,0,0,0,0,0,0,0,0
200211,54,037,3,5,Jefferson County              ,45,45,5516686,2,4,265000,0,0,0,1,5,245047,11,11,1460000,2,4,265000,0,0,0,0,0,0
200211,54,091,3,5,Taylor County                 ,0,0,0,0,0,0,0,0,0,0,0,0,0,0,0,0,0,0,0,0,0,0,0,0
200211,55,059,2,3,Kenosha County                ,56,56,9644173,1,2,190000,0,0,0,1,8,600000,50,50,8740689,1,2,190000,0,0,0,1,8,600000
200211,55,078,2,3,Menominee County              ,0,0,0,0,0,0,0,0,0,0,0,0,0,0,0,0,0,0,0,0,0,0,0,0
200211,55,079,2,3,Milwaukee County              ,21,21,3655181,1,2,255000,0,0,0,2,21,973616,18,18,3124081,1,2,255000,0,0,0,1,13,610283
200211,55,089,2,3,Ozaukee County                ,20,20,5395418,0,0,0,0,0,0,2,24,2043974,6,6,1104600,0,0,0,0,0,0,0,0,0
200211,55,093,2,3,Pierce County                 ,21,21,3424545,0,0,0,0,0,0,6,48,2979000,6,6,1010000,0,0,0,0,0,0,6,48,2979000
200211,55,101,2,3,Racine County                 ,62,62,11819772,1,2,154453,1,3,221053,2,17,1261404,59,59,11474486,0,0,0,0,0,0,1,8,950000
200211,55,109,2,3,St. Croix County              ,78,78,11882337,3,6,581500,1,3,85500,2,13,595000,65,65,10348519,3,6,581500,0,0,0,1,6,420000
200211,55,131,2,3,Washington County             ,56,56,10711140,2,4,374486,0,0,0,0,0,0,44,44,8233100,1,2,175000,0,0,0,0,0,0
200211,55,133,2,3,Waukesha County               ,128,128,28447005,2,4,460000,1,3,377000,3,86,10600000,113,113,25509719,2,4,460000,1,3,377000,3,86,10600000
200211,56,025,4,8,Natrona County                ,11,11,2928217,0,0,0,0,0,0,0,0,0,9,9,2535000,0,0,0,0,0,0,0,0,0
200211,56,039,4,8,Teton County                  ,4,4,1333986,0,0,0,0,0,0,0,0,0,2,2,820000,0,0,0,0,0,0,0,0,0
