Survey,FIPS,FIPS,Region,Division,County,,1-unit,,,2-units,,,3-4 units,,,5+ units,,,1-unit rep,,,2-units rep,,,3-4 units rep,,, 5+units rep
Date,State,County,Code,Code,Name,Bldgs,Units,Value,Bldgs,Units,Value,Bldgs,Units,Value,Bldgs,Units,Value,Bldgs,Units,Value,Bldgs,Units,Value,Bldgs,Units,Value,Bldgs,Units,Value
 
200307,01,001,3,6,Autauga County                ,32,32,1682450,0,0,0,0,0,0,0,0,0,32,32,1682450,0,0,0,0,0,0,0,0,0
200307,01,081,3,6,Lee County                    ,36,36,5873274,0,0,0,0,0,0,5,56,2408000,36,36,5873274,0,0,0,0,0,0,5,56,2408000
200307,01,113,3,6,Russell County                ,27,27,2603534,0,0,0,0,0,0,0,0,0,27,27,2603534,0,0,0,0,0,0,0,0,0
200307,02,000,4,9,Alaska Balance of State       ,16,16,3084332,0,0,0,0,0,0,0,0,0,0,0,0,0,0,0,0,0,0,0,0,0
200307,02,013,4,9,Aleutians East Borough        ,1,1,151370,0,0,0,0,0,0,0,0,0,0,0,0,0,0,0,0,0,0,0,0,0
200307,02,016,4,9,Aleutians West Census Area    ,1,1,85645,0,0,0,0,0,0,0,0,0,0,0,0,0,0,0,0,0,0,0,0,0
200307,02,020,4,9,Anchorage Borough             ,62,62,13135823,11,22,3447746,0,0,0,6,36,5479584,62,62,13135823,11,22,3447746,0,0,0,6,36,5479584
200307,02,050,4,9,Bethel Census Area            ,5,5,750000,0,0,0,0,0,0,0,0,0,5,5,750000,0,0,0,0,0,0,0,0,0
200307,02,060,4,9,Bristol Bay Borough           ,0,0,0,0,0,0,0,0,0,0,0,0,0,0,0,0,0,0,0,0,0,0,0,0
200307,02,090,4,9,Fairbanks North Star Borough  ,38,38,6329634,1,2,250000,0,0,0,0,0,0,37,37,6237810,1,2,250000,0,0,0,0,0,0
200307,02,100,4,9,Haines Borough                ,0,0,0,0,0,0,0,0,0,0,0,0,0,0,0,0,0,0,0,0,0,0,0,0
200307,02,110,4,9,Juneau Borough                ,11,11,2776116,3,6,1074793,0,0,0,0,0,0,11,11,2776116,3,6,1074793,0,0,0,0,0,0
200307,02,122,4,9,Kenai Peninsula Borough       ,7,7,994669,1,2,150000,0,0,0,0,0,0,7,7,994669,1,2,150000,0,0,0,0,0,0
200307,02,130,4,9,Ketchikan Gateway Borough     ,3,3,473322,0,0,0,0,0,0,0,0,0,3,3,473322,0,0,0,0,0,0,0,0,0
200307,02,150,4,9,Kodiak Island Borough         ,3,3,427626,0,0,0,0,0,0,0,0,0,3,3,427626,0,0,0,0,0,0,0,0,0
200307,02,170,4,9,Matanuska-Susitna Borough     ,10,10,1510769,0,0,0,3,9,663997,0,0,0,10,10,1510769,0,0,0,3,9,663997,0,0,0
200307,02,180,4,9,Nome Census Area              ,0,0,0,0,0,0,0,0,0,0,0,0,0,0,0,0,0,0,0,0,0,0,0,0
200307,02,185,4,9,North Slope Borough           ,2,2,252329,0,0,0,0,0,0,0,0,0,0,0,0,0,0,0,0,0,0,0,0,0
200307,02,188,4,9,Northwest Arctic Borough      ,0,0,0,0,0,0,0,0,0,0,0,0,0,0,0,0,0,0,0,0,0,0,0,0
200307,02,201,4,9,Prince of Wales-Outer Ketchika,0,0,0,0,0,0,0,0,0,0,0,0,0,0,0,0,0,0,0,0,0,0,0,0
200307,02,220,4,9,Sitka Borough                 ,3,3,299717,1,2,145627,0,0,0,0,0,0,0,0,0,0,0,0,0,0,0,0,0,0
200307,02,232,4,9,Skagway-Hoonah-Angoon Census A,2,2,238857,0,0,0,0,0,0,0,0,0,0,0,0,0,0,0,0,0,0,0,0,0
200307,02,261,4,9,Valdez-Cordova Census Area    ,1,1,142352,0,0,0,0,0,0,0,0,0,0,0,0,0,0,0,0,0,0,0,0,0
200307,02,280,4,9,Wrangell-Petersburg Census Are,4,4,291360,0,0,0,0,0,0,0,0,0,4,4,291360,0,0,0,0,0,0,0,0,0
200307,02,282,4,9,Yakutat Borough               ,1,1,110500,0,0,0,0,0,0,0,0,0,0,0,0,0,0,0,0,0,0,0,0,0
200307,02,290,4,9,Yukon-Koyukuk Census Area     ,0,0,0,0,0,0,0,0,0,0,0,0,0,0,0,0,0,0,0,0,0,0,0,0
200307,04,013,4,8,Maricopa County               ,3606,3606,566727929,3,6,324492,5,16,1191150,19,333,20352054,2880,2880,476558376,3,6,324492,5,16,1191150,17,305,18836951
200307,04,015,4,8,Mohave County                 ,271,271,26066956,13,26,1405014,1,4,187743,0,0,0,211,211,20757949,13,26,1405014,1,4,187743,0,0,0
200307,04,021,4,8,Pinal County                  ,633,633,71475064,1,2,102000,1,4,201000,0,0,0,570,570,64186275,1,2,102000,1,4,201000,0,0,0
200307,05,023,3,7,Cleburne County               ,2,2,240000,0,0,0,1,4,285000,0,0,0,2,2,240000,0,0,0,1,4,285000,0,0,0
200307,05,035,3,7,Crittenden County             ,11,11,1236448,0,0,0,0,0,0,0,0,0,11,11,1236448,0,0,0,0,0,0,0,0,0
200307,05,043,3,7,Drew County                   ,1,1,130362,1,2,145953,0,0,0,0,0,0,1,1,130362,1,2,145953,0,0,0,0,0,0
200307,05,055,3,7,Greene County                 ,6,6,817000,0,0,0,0,0,0,0,0,0,6,6,817000,0,0,0,0,0,0,0,0,0
200307,05,061,3,7,Howard County                 ,1,1,68188,0,0,0,0,0,0,0,0,0,0,0,0,0,0,0,0,0,0,0,0,0
200307,05,071,3,7,Johnson County                ,7,7,428928,0,0,0,0,0,0,0,0,0,0,0,0,0,0,0,0,0,0,0,0,0
200307,06,001,4,9,Alameda County                ,172,172,44785383,3,6,1067379,2,7,820416,10,283,38167708,172,172,44785383,3,6,1067379,2,7,820416,10,283,38167708
200307,06,003,4,9,Alpine County                 ,6,6,3815753,0,0,0,0,0,0,0,0,0,6,6,3815753,0,0,0,0,0,0,0,0,0
200307,06,009,4,9,Calaveras County              ,58,58,12314890,0,0,0,0,0,0,0,0,0,6,6,874164,0,0,0,0,0,0,0,0,0
200307,06,013,4,9,Contra Costa County           ,597,597,129735035,0,0,0,3,11,966574,25,213,16761255,567,567,123525539,0,0,0,3,11,966574,24,208,16261255
200307,06,017,4,9,El Dorado County              ,166,166,42726993,1,2,278554,0,0,0,0,0,0,161,161,41648590,0,0,0,0,0,0,0,0,0
200307,06,019,4,9,Fresno County                 ,423,423,63718642,0,0,0,5,15,665518,3,39,3260006,400,400,61433861,0,0,0,5,15,665518,3,39,3260006
200307,06,025,4,9,Imperial County               ,107,107,13082470,0,0,0,0,0,0,1,7,495907,60,60,7381358,0,0,0,0,0,0,0,0,0
200307,06,027,4,9,Inyo County                   ,2,2,448148,0,0,0,0,0,0,0,0,0,2,2,448148,0,0,0,0,0,0,0,0,0
200307,06,033,4,9,Lake County                   ,41,41,7362697,0,0,0,0,0,0,0,0,0,41,41,7362697,0,0,0,0,0,0,0,0,0
200307,06,037,4,9,Los Angeles County            ,961,961,194557358,29,58,5670481,4,15,1090597,33,815,66217776,910,910,184049413,27,54,5454115,2,8,702962,29,789,64378214
200307,06,039,4,9,Madera County                 ,95,95,13755735,0,0,0,0,0,0,0,0,0,95,95,13755735,0,0,0,0,0,0,0,0,0
200307,06,041,4,9,Marin County                  ,58,58,10880503,0,0,0,0,0,0,0,0,0,46,46,6334180,0,0,0,0,0,0,0,0,0
200307,06,043,4,9,Mariposa County               ,17,17,3010575,0,0,0,0,0,0,0,0,0,17,17,3010575,0,0,0,0,0,0,0,0,0
200307,06,049,4,9,Modoc County                  ,5,5,475988,0,0,0,0,0,0,0,0,0,5,5,475988,0,0,0,0,0,0,0,0,0
200307,06,051,4,9,Mono County                   ,11,11,4369760,0,0,0,0,0,0,0,0,0,7,7,3814546,0,0,0,0,0,0,0,0,0
200307,06,055,4,9,Napa County                   ,79,79,24951694,0,0,0,0,0,0,0,0,0,79,79,24951694,0,0,0,0,0,0,0,0,0
200307,06,057,4,9,Nevada County                 ,76,76,12763542,0,0,0,5,17,2178448,0,0,0,63,63,11202961,0,0,0,4,14,1999962,0,0,0
200307,06,059,4,9,Orange County                 ,485,485,103329914,6,12,1354935,7,28,3033148,3,30,2161969,449,449,96802196,3,6,948072,7,28,3033148,2,17,1615083
200307,06,061,4,9,Placer County                 ,460,460,94605198,5,10,995254,2,8,654912,5,57,4112051,222,222,49552882,5,10,995254,0,0,0,0,0,0
200307,06,063,4,9,Plumas County                 ,35,35,5596496,0,0,0,0,0,0,0,0,0,35,35,5596496,0,0,0,0,0,0,0,0,0
200307,06,065,4,9,Riverside County              ,2226,2226,399266038,8,16,1321126,2,6,644043,32,580,41375424,2144,2144,385284819,8,16,1321126,1,3,231517,32,580,41375424
200307,06,067,4,9,Sacramento County             ,751,751,130535936,2,4,227854,0,0,0,22,319,25749606,751,751,130535936,2,4,227854,0,0,0,22,319,25749606
200307,06,069,4,9,San Benito County             ,14,14,1908985,0,0,0,0,0,0,0,0,0,14,14,1908985,0,0,0,0,0,0,0,0,0
200307,06,071,4,9,San Bernardino County         ,895,895,171143060,2,4,335418,0,0,0,1,7,459022,677,677,127741234,1,2,163512,0,0,0,0,0,0
200307,06,073,4,9,San Diego County              ,731,731,135611041,9,18,1782075,34,118,10714514,24,435,34052556,730,730,135277358,9,18,1782075,33,115,10476845,23,430,33617017
200307,06,075,4,9,San Francisco County          ,9,9,1494338,0,0,0,0,0,0,4,382,29864420,9,9,1494338,0,0,0,0,0,0,4,382,29864420
200307,06,077,4,9,San Joaquin County            ,672,672,113500950,0,0,0,0,0,0,1,5,299116,534,534,90626286,0,0,0,0,0,0,0,0,0
200307,06,079,4,9,San Luis Obispo County        ,131,131,25380102,0,0,0,1,3,248149,1,5,319715,39,39,7943914,0,0,0,0,0,0,0,0,0
200307,06,081,4,9,San Mateo County              ,62,62,27220467,0,0,0,0,0,0,1,5,363281,35,35,14097352,0,0,0,0,0,0,0,0,0
200307,06,085,4,9,Santa Clara County            ,220,220,58921392,12,24,3910406,0,0,0,8,102,9175864,214,214,56249873,12,24,3910406,0,0,0,8,102,9175864
200307,06,087,4,9,Santa Cruz County             ,38,38,8705625,0,0,0,0,0,0,1,5,183170,6,6,908108,0,0,0,0,0,0,0,0,0
200307,06,089,4,9,Shasta County                 ,102,102,16151465,1,2,220711,0,0,0,1,57,3103355,63,63,10142413,1,2,220711,0,0,0,1,57,3103355
200307,06,095,4,9,Solano County                 ,99,99,19939256,2,4,318890,5,19,1572924,3,36,1744128,86,86,16586914,2,4,318890,5,19,1572924,3,36,1744128
200307,06,097,4,9,Sonoma County                 ,108,108,21926811,3,6,536503,2,6,579640,1,18,1191983,53,53,12983798,0,0,0,1,3,288662,0,0,0
200307,06,105,4,9,Trinity County                ,9,9,970582,0,0,0,0,0,0,0,0,0,9,9,970582,0,0,0,0,0,0,0,0,0
200307,06,111,4,9,Ventura County                ,171,171,51042978,0,0,0,0,0,0,1,5,638913,156,156,47182228,0,0,0,0,0,0,0,0,0
200307,06,113,4,9,Yolo County                   ,91,91,15812812,0,0,0,0,0,0,0,0,0,91,91,15812812,0,0,0,0,0,0,0,0,0
200307,08,001,4,8,Adams County                  ,294,294,49127587,9,18,1883703,0,0,0,3,35,2489086,294,294,49127587,9,18,1883703,0,0,0,3,35,2489086
200307,08,005,4,8,Arapahoe County               ,208,208,40433205,0,0,0,1,4,351044,2,16,2064857,208,208,40433205,0,0,0,1,4,351044,2,16,2064857
200307,08,013,4,8,Boulder County                ,112,112,18107301,1,2,207486,2,8,702963,3,18,1407224,112,112,18107301,1,2,207486,2,8,702963,3,18,1407224
200307,08,015,4,8,Chaffee County                ,19,19,2472764,0,0,0,0,0,0,0,0,0,19,19,2472764,0,0,0,0,0,0,0,0,0
200307,08,031,4,8,Denver County                 ,166,166,27562241,0,0,0,0,0,0,8,208,16261255,166,166,27562241,0,0,0,0,0,0,8,208,16261255
200307,08,035,4,8,Douglas County                ,392,392,85532415,0,0,0,0,0,0,0,0,0,392,392,85532415,0,0,0,0,0,0,0,0,0
200307,08,059,4,8,Jefferson County              ,75,75,16958535,0,0,0,0,0,0,3,28,3021158,75,75,16958535,0,0,0,0,0,0,3,28,3021158
200307,08,069,4,8,Larimer County                ,269,269,39839004,3,6,692095,2,6,496082,2,15,1033004,95,95,13333206,2,4,523692,0,0,0,0,0,0
200307,08,077,4,8,Mesa County                   ,160,160,19239484,2,4,290020,4,16,1318784,0,0,0,160,160,19239484,2,4,290020,4,16,1318784,0,0,0
200307,08,101,4,8,Pueblo County                 ,113,113,11859189,6,12,371425,1,4,199000,0,0,0,113,113,11859189,6,12,371425,1,4,199000,0,0,0
200307,08,107,4,8,Routt County                  ,25,25,9041540,0,0,0,0,0,0,0,0,0,25,25,9041540,0,0,0,0,0,0,0,0,0
200307,08,113,4,8,San Miguel County             ,18,18,18108309,1,2,446444,0,0,0,0,0,0,15,15,14838005,0,0,0,0,0,0,0,0,0
200307,08,123,4,8,Weld County                   ,356,356,55967051,0,0,0,0,0,0,0,0,0,318,318,48788543,0,0,0,0,0,0,0,0,0
200307,09,001,1,1,Fairfield County              ,145,145,51405867,3,6,765448,4,15,901169,0,0,0,129,129,40325707,2,4,400448,4,15,901169,0,0,0
200307,09,003,1,1,Hartford County               ,198,198,28961489,2,4,160000,0,0,0,2,10,1212000,170,170,25578701,2,4,160000,0,0,0,2,10,1212000
200307,09,005,1,1,Litchfield County             ,68,68,11893558,0,0,0,0,0,0,0,0,0,52,52,9180426,0,0,0,0,0,0,0,0,0
200307,09,007,1,1,Middlesex County              ,64,64,9371050,0,0,0,0,0,0,3,15,439026,44,44,6944026,0,0,0,0,0,0,0,0,0
200307,09,009,1,1,New Haven County              ,141,141,21836727,3,6,300000,0,0,0,2,13,250000,125,125,18811112,3,6,300000,0,0,0,2,13,250000
200307,09,011,1,1,New London County             ,86,86,14857104,0,0,0,0,0,0,3,35,1731232,53,53,10394220,0,0,0,0,0,0,2,30,1500438
200307,09,013,1,1,Tolland County                ,57,57,7190092,1,2,148000,0,0,0,1,7,329212,47,47,5889465,0,0,0,0,0,0,0,0,0
200307,09,015,1,1,Windham County                ,56,56,7803519,0,0,0,0,0,0,0,0,0,50,50,7307552,0,0,0,0,0,0,0,0,0
200307,10,001,3,5,Kent County                   ,150,150,18064254,0,0,0,0,0,0,0,0,0,147,147,17739331,0,0,0,0,0,0,0,0,0
200307,10,003,3,5,New Castle County             ,153,153,13455935,0,0,0,0,0,0,1,5,80000,140,140,12480392,0,0,0,0,0,0,0,0,0
200307,10,005,3,5,Sussex County                 ,318,318,41289821,0,0,0,0,0,0,2,42,2241960,318,318,41289821,0,0,0,0,0,0,2,42,2241960
200307,11,001,3,5,Washington  DC                ,9,9,1173259,0,0,0,0,0,0,1,69,4220275,9,9,1173259,0,0,0,0,0,0,1,69,4220275
200307,12,001,3,5,Alachua County                ,109,109,12366580,6,12,1334934,0,0,0,2,15,805552,109,109,12366580,6,12,1334934,0,0,0,2,15,805552
200307,12,003,3,5,Baker County                  ,13,13,1672374,0,0,0,0,0,0,0,0,0,13,13,1672374,0,0,0,0,0,0,0,0,0
200307,12,005,3,5,Bay County                    ,134,134,20559160,0,0,0,1,3,181758,8,112,5115879,134,134,20559160,0,0,0,1,3,181758,8,112,5115879
200307,12,007,3,5,Bradford County               ,8,8,664020,0,0,0,0,0,0,0,0,0,8,8,664020,0,0,0,0,0,0,0,0,0
200307,12,009,3,5,Brevard County                ,511,511,81202192,0,0,0,0,0,0,2,64,13437980,511,511,81202192,0,0,0,0,0,0,2,64,13437980
200307,12,011,3,5,Broward County                ,318,318,56758014,3,6,612773,6,23,3469697,7,222,58498903,315,315,56430753,2,4,291906,5,20,3267197,5,205,57145917
200307,12,013,3,5,Calhoun County                ,4,4,139000,0,0,0,0,0,0,0,0,0,4,4,139000,0,0,0,0,0,0,0,0,0
200307,12,015,3,5,Charlotte County              ,190,190,30482646,2,4,210000,9,35,3482995,1,12,3681596,190,190,30482646,2,4,210000,9,35,3482995,1,12,3681596
200307,12,017,3,5,Citrus County                 ,129,129,12821836,0,0,0,0,0,0,0,0,0,5,5,416648,0,0,0,0,0,0,0,0,0
200307,12,019,3,5,Clay County                   ,157,157,18480340,0,0,0,0,0,0,0,0,0,157,157,18480340,0,0,0,0,0,0,0,0,0
200307,12,021,3,5,Collier County                ,262,262,55174809,0,0,0,22,88,12306000,22,162,13138615,262,262,55174809,0,0,0,22,88,12306000,22,162,13138615
200307,12,023,3,5,Columbia County               ,22,22,1345998,0,0,0,0,0,0,0,0,0,0,0,0,0,0,0,0,0,0,0,0,0
200307,12,027,3,5,DeSoto County                 ,11,11,1147315,0,0,0,0,0,0,0,0,0,11,11,1147315,0,0,0,0,0,0,0,0,0
200307,12,029,3,5,Dixie County                  ,5,5,601957,0,0,0,0,0,0,0,0,0,5,5,601957,0,0,0,0,0,0,0,0,0
200307,12,031,3,5,Duval County                  ,514,514,66159113,0,0,0,0,0,0,32,336,18244720,514,514,66159113,0,0,0,0,0,0,32,336,18244720
200307,12,033,3,5,Escambia County               ,133,133,16931376,1,2,145953,0,0,0,2,10,611634,133,133,16931376,1,2,145953,0,0,0,2,10,611634
200307,12,037,3,5,Franklin County               ,17,17,3298895,0,0,0,0,0,0,0,0,0,0,0,0,0,0,0,0,0,0,0,0,0
200307,12,039,3,5,Gadsden County                ,7,7,1724415,0,0,0,0,0,0,0,0,0,7,7,1724415,0,0,0,0,0,0,0,0,0
200307,12,045,3,5,Gulf County                   ,23,23,3566077,0,0,0,0,0,0,0,0,0,23,23,3566077,0,0,0,0,0,0,0,0,0
200307,12,047,3,5,Hamilton County               ,7,7,553900,0,0,0,0,0,0,0,0,0,7,7,553900,0,0,0,0,0,0,0,0,0
200307,12,049,3,5,Hardee County                 ,9,9,898747,0,0,0,0,0,0,0,0,0,9,9,898747,0,0,0,0,0,0,0,0,0
200307,12,051,3,5,Hendry County                 ,6,6,625545,0,0,0,0,0,0,0,0,0,0,0,0,0,0,0,0,0,0,0,0,0
200307,12,053,3,5,Hernando County               ,187,187,25153586,2,4,281160,0,0,0,2,18,903052,186,186,25034618,2,4,281160,0,0,0,2,18,903052
200307,12,055,3,5,Highlands County              ,65,65,6267815,1,2,131180,0,0,0,0,0,0,65,65,6267815,1,2,131180,0,0,0,0,0,0
200307,12,057,3,5,Hillsborough County           ,885,885,140472580,9,18,1439402,0,0,0,3,28,3233297,879,879,139807312,9,18,1439402,0,0,0,3,28,3233297
200307,12,059,3,5,Holmes County                 ,11,11,796000,0,0,0,0,0,0,0,0,0,11,11,796000,0,0,0,0,0,0,0,0,0
200307,12,061,3,5,Indian River County           ,147,147,27250783,1,2,147700,1,3,647872,1,18,2703414,48,48,6105930,1,2,147700,0,0,0,0,0,0
200307,12,063,3,5,Jackson County                ,9,9,1165960,0,0,0,0,0,0,0,0,0,9,9,1165960,0,0,0,0,0,0,0,0,0
200307,12,065,3,5,Jefferson County              ,6,6,663273,0,0,0,0,0,0,0,0,0,0,0,0,0,0,0,0,0,0,0,0,0
200307,12,067,3,5,Lafayette County              ,4,4,339750,0,0,0,0,0,0,0,0,0,4,4,339750,0,0,0,0,0,0,0,0,0
200307,12,069,3,5,Lake County                   ,393,393,55213896,4,8,298865,2,6,308978,10,183,8471781,384,384,54150599,4,8,298865,2,6,308978,10,183,8471781
200307,12,071,3,5,Lee County                    ,664,664,94232119,31,62,6999632,22,88,10495022,8,70,6687716,659,659,91315579,31,62,6999632,22,88,10495022,8,70,6687716
200307,12,073,3,5,Leon County                   ,79,79,10298606,1,2,145953,1,3,208678,0,0,0,79,79,10298606,1,2,145953,1,3,208678,0,0,0
200307,12,075,3,5,Levy County                   ,20,20,2739738,0,0,0,0,0,0,0,0,0,19,19,2317475,0,0,0,0,0,0,0,0,0
200307,12,077,3,5,Liberty County                ,2,2,188312,0,0,0,0,0,0,0,0,0,0,0,0,0,0,0,0,0,0,0,0,0
200307,12,079,3,5,Madison County                ,6,6,594475,0,0,0,0,0,0,0,0,0,5,5,559734,0,0,0,0,0,0,0,0,0
200307,12,081,3,5,Manatee County                ,296,296,55007946,3,6,640000,1,4,900000,0,0,0,292,292,54435210,3,6,640000,1,4,900000,0,0,0
200307,12,083,3,5,Marion County                 ,539,539,74729581,5,10,465080,5,20,584793,0,0,0,539,539,74729581,5,10,465080,5,20,584793,0,0,0
200307,12,085,3,5,Martin County                 ,151,151,29573973,0,0,0,0,0,0,0,0,0,151,151,29573973,0,0,0,0,0,0,0,0,0
200307,12,086,3,5,Miami-Dade County             ,1078,1078,117616592,6,12,712701,0,0,0,31,994,77003736,1077,1077,117447773,6,12,712701,0,0,0,31,994,77003736
200307,12,089,3,5,Nassau County                 ,71,71,11254161,0,0,0,1,4,234380,0,0,0,71,71,11254161,0,0,0,1,4,234380,0,0,0
200307,12,091,3,5,Okaloosa County               ,118,118,21065314,0,0,0,2,6,324000,0,0,0,95,95,19183942,0,0,0,2,6,324000,0,0,0
200307,12,093,3,5,Okeechobee County             ,16,16,1382407,0,0,0,0,0,0,0,0,0,3,3,257000,0,0,0,0,0,0,0,0,0
200307,12,095,3,5,Orange County                 ,918,918,127372110,3,6,663853,1,4,375208,5,50,4759759,918,918,127372110,3,6,663853,1,4,375208,5,50,4759759
200307,12,097,3,5,Osceola County                ,478,478,71851970,0,0,0,1,4,265678,1,5,169388,449,449,68169061,0,0,0,1,4,265678,0,0,0
200307,12,099,3,5,Palm Beach County             ,959,959,158621356,0,0,0,2,8,540833,10,172,9955975,953,953,157046709,0,0,0,2,8,540833,9,162,9592800
200307,12,101,3,5,Pasco County                  ,510,510,66879798,12,24,2575400,6,20,1361550,6,38,2965000,508,508,66657526,12,24,2575400,6,20,1361550,6,38,2965000
200307,12,103,3,5,Pinellas County               ,119,119,21062401,2,4,196930,3,12,1226099,1,6,379620,119,119,21062401,2,4,196930,3,12,1226099,1,6,379620
200307,12,105,3,5,Polk County                   ,592,592,52240948,3,6,315168,0,0,0,4,58,3604000,592,592,52240948,3,6,315168,0,0,0,4,58,3604000
200307,12,107,3,5,Putnam County                 ,17,17,1465863,0,0,0,0,0,0,0,0,0,0,0,0,0,0,0,0,0,0,0,0,0
200307,12,109,3,5,St. Johns County              ,310,310,73535918,0,0,0,0,0,0,7,96,8201036,307,307,73191910,0,0,0,0,0,0,7,96,8201036
200307,12,111,3,5,St. Lucie County              ,657,657,69370195,2,4,416232,2,7,933195,0,0,0,657,657,69370195,2,4,416232,2,7,933195,0,0,0
200307,12,113,3,5,Santa Rosa County             ,191,191,24899161,0,0,0,0,0,0,0,0,0,191,191,24899161,0,0,0,0,0,0,0,0,0
200307,12,115,3,5,Sarasota County               ,424,424,68306520,0,0,0,2,8,1080000,3,22,2661000,424,424,68306520,0,0,0,2,8,1080000,3,22,2661000
200307,12,117,3,5,Seminole County               ,261,261,51825675,0,0,0,0,0,0,1,24,720000,234,234,48473596,0,0,0,0,0,0,1,24,720000
200307,12,119,3,5,Sumter County                 ,141,141,12465884,0,0,0,0,0,0,0,0,0,141,141,12465884,0,0,0,0,0,0,0,0,0
200307,12,121,3,5,Suwannee County               ,27,27,2518674,0,0,0,0,0,0,0,0,0,27,27,2518674,0,0,0,0,0,0,0,0,0
200307,12,123,3,5,Taylor County                 ,2,2,253000,0,0,0,0,0,0,0,0,0,2,2,253000,0,0,0,0,0,0,0,0,0
200307,12,125,3,5,Union County                  ,4,4,399930,0,0,0,0,0,0,0,0,0,4,4,399930,0,0,0,0,0,0,0,0,0
200307,12,127,3,5,Volusia County                ,470,470,77684163,1,2,250250,0,0,0,20,313,17014514,351,351,60067732,1,2,250250,0,0,0,19,296,15386854
200307,12,129,3,5,Wakulla County                ,43,43,2679325,0,0,0,0,0,0,0,0,0,0,0,0,0,0,0,0,0,0,0,0,0
200307,12,131,3,5,Walton County                 ,70,70,15611056,1,2,480000,0,0,0,0,0,0,70,70,15611056,1,2,480000,0,0,0,0,0,0
200307,12,133,3,5,Washington County             ,8,8,665184,0,0,0,0,0,0,0,0,0,8,8,665184,0,0,0,0,0,0,0,0,0
200307,13,009,3,5,Baldwin County                ,15,15,1645664,0,0,0,0,0,0,0,0,0,3,3,315000,0,0,0,0,0,0,0,0,0
200307,13,013,3,5,Barrow County                 ,109,109,7535377,0,0,0,0,0,0,0,0,0,109,109,7535377,0,0,0,0,0,0,0,0,0
200307,13,015,3,5,Bartow County                 ,69,69,9021162,0,0,0,0,0,0,0,0,0,62,62,8002088,0,0,0,0,0,0,0,0,0
200307,13,027,3,5,Brooks County                 ,2,2,210673,0,0,0,0,0,0,0,0,0,0,0,0,0,0,0,0,0,0,0,0,0
200307,13,029,3,5,Bryan County                  ,32,32,5776343,0,0,0,1,4,300000,0,0,0,32,32,5776343,0,0,0,1,4,300000,0,0,0
200307,13,035,3,5,Butts County                  ,21,21,1920441,0,0,0,0,0,0,0,0,0,0,0,0,0,0,0,0,0,0,0,0,0
200307,13,039,3,5,Camden County                 ,50,50,4196277,0,0,0,0,0,0,0,0,0,22,22,2231557,0,0,0,0,0,0,0,0,0
200307,13,045,3,5,Carroll County                ,140,140,13364186,1,2,3450000,0,0,0,0,0,0,52,52,5421832,0,0,0,0,0,0,0,0,0
200307,13,047,3,5,Catoosa County                ,28,28,3474064,0,0,0,1,3,50462,1,5,247426,24,24,3128690,0,0,0,0,0,0,0,0,0
200307,13,057,3,5,Cherokee County               ,255,255,34005090,0,0,0,0,0,0,0,0,0,255,255,34005090,0,0,0,0,0,0,0,0,0
200307,13,063,3,5,Clayton County                ,242,242,18419909,0,0,0,0,0,0,0,0,0,235,235,17523803,0,0,0,0,0,0,0,0,0
200307,13,067,3,5,Cobb County                   ,445,445,60640750,0,0,0,0,0,0,5,58,2702941,445,445,60640750,0,0,0,0,0,0,5,58,2702941
200307,13,069,3,5,Coffee County                 ,16,16,1422474,0,0,0,0,0,0,0,0,0,3,3,180605,0,0,0,0,0,0,0,0,0
200307,13,077,3,5,Coweta County                 ,169,169,21050278,0,0,0,0,0,0,0,0,0,158,158,19752623,0,0,0,0,0,0,0,0,0
200307,13,085,3,5,Dawson County                 ,18,18,3263000,0,0,0,0,0,0,0,0,0,18,18,3263000,0,0,0,0,0,0,0,0,0
200307,13,087,3,5,Decatur County                ,6,6,608724,0,0,0,0,0,0,0,0,0,6,6,608724,0,0,0,0,0,0,0,0,0
200307,13,089,3,5,DeKalb County                 ,427,427,67639408,0,0,0,0,0,0,3,92,6407520,427,427,67639408,0,0,0,0,0,0,3,92,6407520
200307,13,091,3,5,Dodge County                  ,1,1,67500,0,0,0,0,0,0,0,0,0,1,1,67500,0,0,0,0,0,0,0,0,0
200307,13,095,3,5,Dougherty County              ,21,21,2502932,0,0,0,0,0,0,0,0,0,21,21,2502932,0,0,0,0,0,0,0,0,0
200307,13,097,3,5,Douglas County                ,232,232,14551680,0,0,0,0,0,0,0,0,0,232,232,14551680,0,0,0,0,0,0,0,0,0
200307,13,113,3,5,Fayette County                ,84,84,15703728,0,0,0,0,0,0,0,0,0,84,84,15703728,0,0,0,0,0,0,0,0,0
200307,13,115,3,5,Floyd County                  ,68,68,6843956,1,2,92412,0,0,0,0,0,0,0,0,0,0,0,0,0,0,0,0,0,0
200307,13,117,3,5,Forsyth County                ,236,236,27170920,0,0,0,0,0,0,0,0,0,236,236,27170920,0,0,0,0,0,0,0,0,0
200307,13,121,3,5,Fulton County                 ,473,473,59980177,8,16,1167624,2,7,486915,4,854,52233552,468,468,59463377,8,16,1167624,2,7,486915,4,854,52233552
200307,13,123,3,5,Gilmer County                 ,63,63,5786076,0,0,0,0,0,0,0,0,0,1,1,98000,0,0,0,0,0,0,0,0,0
200307,13,127,3,5,Glynn County                  ,75,75,11522211,0,0,0,0,0,0,0,0,0,75,75,11522211,0,0,0,0,0,0,0,0,0
200307,13,129,3,5,Gordon County                 ,37,37,4164530,0,0,0,1,3,93971,1,6,198680,26,26,2936700,0,0,0,0,0,0,0,0,0
200307,13,133,3,5,Greene County                 ,11,11,3585500,0,0,0,0,0,0,0,0,0,11,11,3585500,0,0,0,0,0,0,0,0,0
200307,13,135,3,5,Gwinnett County               ,703,703,71436118,0,0,0,0,0,0,1,15,537252,677,677,69361161,0,0,0,0,0,0,0,0,0
200307,13,143,3,5,Haralson County               ,10,10,1183895,0,0,0,0,0,0,0,0,0,8,8,983895,0,0,0,0,0,0,0,0,0
200307,13,145,3,5,Harris County                 ,50,50,10399710,0,0,0,0,0,0,0,0,0,50,50,10399710,0,0,0,0,0,0,0,0,0
200307,13,151,3,5,Henry County                  ,331,331,36932333,0,0,0,0,0,0,11,242,14801545,331,331,36932333,0,0,0,0,0,0,11,242,14801545
200307,13,157,3,5,Jackson County                ,90,90,13762479,0,0,0,0,0,0,0,0,0,77,77,10855800,0,0,0,0,0,0,0,0,0
200307,13,169,3,5,Jones County                  ,31,31,4689000,0,0,0,0,0,0,0,0,0,31,31,4689000,0,0,0,0,0,0,0,0,0
200307,13,173,3,5,Lanier County                 ,4,4,292167,0,0,0,0,0,0,0,0,0,3,3,242000,0,0,0,0,0,0,0,0,0
200307,13,177,3,5,Lee County                    ,32,32,3656985,0,0,0,0,0,0,0,0,0,0,0,0,0,0,0,0,0,0,0,0,0
200307,13,179,3,5,Liberty County                ,25,25,2261536,0,0,0,0,0,0,0,0,0,25,25,2261536,0,0,0,0,0,0,0,0,0
200307,13,189,3,5,McDuffie County               ,3,3,340000,0,0,0,0,0,0,0,0,0,3,3,340000,0,0,0,0,0,0,0,0,0
200307,13,211,3,5,Morgan County                 ,17,17,2586100,1,2,75000,0,0,0,0,0,0,0,0,0,0,0,0,0,0,0,0,0,0
200307,13,213,3,5,Murray County                 ,20,20,2477160,0,0,0,0,0,0,1,8,427040,20,20,2477160,0,0,0,0,0,0,1,8,427040
200307,13,215,3,5,Muscogee County               ,71,71,9255709,0,0,0,1,4,278237,0,0,0,71,71,9255709,0,0,0,1,4,278237,0,0,0
200307,13,217,3,5,Newton County                 ,207,207,27686357,0,0,0,0,0,0,0,0,0,7,7,705460,0,0,0,0,0,0,0,0,0
200307,13,223,3,5,Paulding County               ,293,293,25730126,0,0,0,0,0,0,0,0,0,293,293,25730126,0,0,0,0,0,0,0,0,0
200307,13,227,3,5,Pickens County                ,31,31,5537200,0,0,0,0,0,0,0,0,0,31,31,5537200,0,0,0,0,0,0,0,0,0
200307,13,237,3,5,Putnam County                 ,20,20,3058075,0,0,0,0,0,0,1,10,508987,0,0,0,0,0,0,0,0,0,0,0,0
200307,13,239,3,5,Quitman County                ,0,0,0,0,0,0,0,0,0,0,0,0,0,0,0,0,0,0,0,0,0,0,0,0
200307,13,247,3,5,Rockdale County               ,72,72,10183124,0,0,0,0,0,0,0,0,0,72,72,10183124,0,0,0,0,0,0,0,0,0
200307,13,255,3,5,Spalding County               ,55,55,5709105,0,0,0,0,0,0,0,0,0,55,55,5709105,0,0,0,0,0,0,0,0,0
200307,13,257,3,5,Stephens County               ,7,7,697000,0,0,0,0,0,0,0,0,0,7,7,697000,0,0,0,0,0,0,0,0,0
200307,13,291,3,5,Union County                  ,42,42,5453373,0,0,0,0,0,0,0,0,0,42,42,5453373,0,0,0,0,0,0,0,0,0
200307,13,313,3,5,Whitfield County              ,32,32,3252012,0,0,0,0,0,0,13,130,5838188,7,7,394000,0,0,0,0,0,0,13,130,5838188
200307,15,001,4,9,Hawaii County                 ,143,143,32994062,0,0,0,0,0,0,1,10,973077,0,0,0,0,0,0,0,0,0,0,0,0
200307,15,003,4,9,Honolulu County               ,191,191,27798132,0,0,0,3,12,1728000,0,0,0,191,191,27798132,0,0,0,3,12,1728000,0,0,0
200307,15,007,4,9,Kauai County                  ,63,63,22997500,0,0,0,0,0,0,0,0,0,63,63,22997500,0,0,0,0,0,0,0,0,0
200307,15,009,4,9,Maui County                   ,80,80,13283008,1,2,198008,0,0,0,0,0,0,80,80,13283008,1,2,198008,0,0,0,0,0,0
200307,16,017,4,8,Bonner County                 ,11,11,738157,0,0,0,0,0,0,0,0,0,10,10,659995,0,0,0,0,0,0,0,0,0
200307,16,019,4,8,Bonneville County             ,79,79,7851372,1,2,135691,10,40,2084248,2,22,638776,61,61,5956250,1,2,135691,10,40,2084248,1,16,420000
200307,17,009,2,3,Brown County                  ,0,0,0,0,0,0,0,0,0,0,0,0,0,0,0,0,0,0,0,0,0,0,0,0
200307,17,023,2,3,Clark County                  ,0,0,0,0,0,0,0,0,0,0,0,0,0,0,0,0,0,0,0,0,0,0,0,0
200307,17,027,2,3,Clinton County                ,9,9,1307443,1,2,70000,0,0,0,2,16,500000,4,4,575000,0,0,0,0,0,0,2,16,500000
200307,17,031,2,3,Cook County                   ,493,493,113718641,14,28,3370345,26,97,16429783,34,618,65184054,290,290,70408381,1,2,160000,0,0,0,6,73,8144000
200307,17,037,2,3,DeKalb County                 ,61,61,8111964,0,0,0,0,0,0,1,5,203889,29,29,3966508,0,0,0,0,0,0,0,0,0
200307,17,043,2,3,DuPage County                 ,265,265,67424836,0,0,0,0,0,0,1,8,478998,175,175,48343239,0,0,0,0,0,0,1,8,478998
200307,17,063,2,3,Grundy County                 ,24,24,4391219,1,2,248100,0,0,0,1,5,256410,2,2,355000,0,0,0,0,0,0,0,0,0
200307,17,083,2,3,Jersey County                 ,14,14,1460925,0,0,0,0,0,0,0,0,0,13,13,1358092,0,0,0,0,0,0,0,0,0
200307,17,089,2,3,Kane County                   ,432,432,86947172,0,0,0,11,44,3663553,10,57,5338582,364,364,69255024,0,0,0,11,44,3663553,9,52,4586309
200307,17,091,2,3,Kankakee County               ,32,32,4260386,0,0,0,2,8,560000,0,0,0,30,30,4003429,0,0,0,2,8,560000,0,0,0
200307,17,093,2,3,Kendall County                ,94,94,13106351,0,0,0,2,6,474900,1,15,803510,54,54,6939120,0,0,0,0,0,0,0,0,0
200307,17,097,2,3,Lake County                   ,307,307,56233771,2,4,399147,3,10,1103236,4,67,11701831,231,231,38446834,0,0,0,2,7,846290,2,57,10660000
200307,17,109,2,3,McDonough County              ,1,1,123375,0,0,0,0,0,0,1,5,251210,0,0,0,0,0,0,0,0,0,0,0,0
200307,17,111,2,3,McHenry County                ,359,359,57657939,3,6,663742,1,4,340864,1,9,400000,141,141,27440530,0,0,0,1,4,340864,0,0,0
200307,17,119,2,3,Madison County                ,132,132,19629204,1,2,159142,2,8,603335,0,0,0,95,95,14660578,0,0,0,1,4,353970,0,0,0
200307,17,133,2,3,Monroe County                 ,27,27,3608354,1,2,191767,0,0,0,0,0,0,27,27,3608354,1,2,191767,0,0,0,0,0,0
200307,17,163,2,3,St. Clair County              ,139,139,21541145,4,8,949959,0,0,0,1,15,871901,108,108,17206317,2,4,715000,0,0,0,0,0,0
200307,17,197,2,3,Will County                   ,829,829,132481926,5,10,904700,3,12,1305000,2,21,626136,656,656,105744291,5,10,904700,3,12,1305000,1,8,50000
200307,18,003,2,3,Allen County                  ,188,188,33113574,1,2,170275,0,0,0,0,0,0,188,188,33113574,1,2,170275,0,0,0,0,0,0
200307,18,011,2,3,Boone County                  ,66,66,15496085,0,0,0,0,0,0,0,0,0,55,55,13045889,0,0,0,0,0,0,0,0,0
200307,18,013,2,3,Brown County                  ,16,16,957305,0,0,0,0,0,0,0,0,0,0,0,0,0,0,0,0,0,0,0,0,0
200307,18,019,2,3,Clark County                  ,78,78,10272542,0,0,0,0,0,0,1,17,555565,20,20,2338304,0,0,0,0,0,0,0,0,0
200307,18,027,2,3,Daviess County                ,1,1,121346,0,0,0,0,0,0,0,0,0,1,1,121346,0,0,0,0,0,0,0,0,0
200307,18,029,2,3,Dearborn County               ,33,33,4729000,0,0,0,0,0,0,0,0,0,33,33,4729000,0,0,0,0,0,0,0,0,0
200307,18,031,2,3,Decatur County                ,15,15,1484923,1,2,105875,0,0,0,1,5,237981,11,11,975000,0,0,0,0,0,0,0,0,0
200307,18,033,2,3,De Kalb County                ,20,20,2684213,6,12,534000,0,0,0,0,0,0,5,5,689500,6,12,534000,0,0,0,0,0,0
200307,18,041,2,3,Fayette County                ,9,9,729596,0,0,0,0,0,0,0,0,0,9,9,729596,0,0,0,0,0,0,0,0,0
200307,18,043,2,3,Floyd County                  ,55,55,10071078,0,0,0,0,0,0,1,6,450000,55,55,10071078,0,0,0,0,0,0,1,6,450000
200307,18,047,2,3,Franklin County               ,12,12,1516500,0,0,0,0,0,0,0,0,0,12,12,1516500,0,0,0,0,0,0,0,0,0
200307,18,057,2,3,Hamilton County               ,378,378,71608527,1,2,135000,2,7,566667,1,8,415652,308,308,61418265,0,0,0,1,4,350000,0,0,0
200307,18,059,2,3,Hancock County                ,70,70,10931994,0,0,0,0,0,0,0,0,0,70,70,10931994,0,0,0,0,0,0,0,0,0
200307,18,061,2,3,Harrison County               ,18,18,3161767,0,0,0,0,0,0,0,0,0,18,18,3161767,0,0,0,0,0,0,0,0,0
200307,18,063,2,3,Hendricks County              ,221,221,28648611,2,4,319208,0,0,0,0,0,0,160,160,22036775,0,0,0,0,0,0,0,0,0
200307,18,069,2,3,Huntington County             ,22,22,3131927,0,0,0,0,0,0,0,0,0,22,22,3131927,0,0,0,0,0,0,0,0,0
200307,18,079,2,3,Jennings County               ,19,19,1672981,0,0,0,0,0,0,0,0,0,19,19,1672981,0,0,0,0,0,0,0,0,0
200307,18,081,2,3,Johnson County                ,96,96,17593937,1,2,97625,0,0,0,0,0,0,69,69,14577118,0,0,0,0,0,0,0,0,0
200307,18,083,2,3,Knox County                   ,5,5,614591,0,0,0,0,0,0,0,0,0,5,5,614591,0,0,0,0,0,0,0,0,0
200307,18,087,2,3,Lagrange County               ,19,19,1567500,0,0,0,0,0,0,0,0,0,0,0,0,0,0,0,0,0,0,0,0,0
200307,18,089,2,3,Lake County                   ,227,227,37248992,10,20,2212790,6,24,1536220,5,65,3217813,215,215,34310097,10,20,2212790,6,24,1536220,4,56,1980000
200307,18,095,2,3,Madison County                ,34,34,4565000,0,0,0,0,0,0,0,0,0,34,34,4565000,0,0,0,0,0,0,0,0,0
200307,18,097,2,3,Marion County                 ,354,354,52011593,6,12,1453565,2,8,878240,2,12,765000,354,354,52011593,6,12,1453565,2,8,878240,2,12,765000
200307,18,105,2,3,Monroe County                 ,67,67,9487119,9,18,1619089,1,3,235835,2,16,889122,7,7,452779,0,0,0,0,0,0,0,0,0
200307,18,107,2,3,Montgomery County             ,21,21,2588239,3,6,486000,0,0,0,0,0,0,7,7,720000,3,6,486000,0,0,0,0,0,0
200307,18,109,2,3,Morgan County                 ,29,29,4435256,0,0,0,0,0,0,0,0,0,24,24,3883790,0,0,0,0,0,0,0,0,0
200307,18,115,2,3,Ohio County                   ,4,4,570000,0,0,0,0,0,0,3,32,1700000,4,4,570000,0,0,0,0,0,0,3,32,1700000
200307,18,127,2,3,Porter County                 ,92,92,14070828,4,8,616408,0,0,0,2,16,1050000,75,75,12093568,3,6,543741,0,0,0,2,16,1050000
200307,18,135,2,3,Randolph County               ,6,6,940025,0,0,0,0,0,0,0,0,0,6,6,940025,0,0,0,0,0,0,0,0,0
200307,18,143,2,3,Scott County                  ,19,19,2689162,0,0,0,0,0,0,0,0,0,2,2,112838,0,0,0,0,0,0,0,0,0
200307,18,145,2,3,Shelby County                 ,16,16,2525575,0,0,0,0,0,0,0,0,0,16,16,2525575,0,0,0,0,0,0,0,0,0
200307,18,157,2,3,Tippecanoe County             ,88,88,12394988,13,26,2451208,0,0,0,1,7,269000,88,88,12394988,13,26,2451208,0,0,0,1,7,269000
200307,18,163,2,3,Vanderburgh County            ,104,104,11306623,0,0,0,0,0,0,0,0,0,104,104,11306623,0,0,0,0,0,0,0,0,0
200307,18,179,2,3,Wells County                  ,7,7,1089335,1,2,191767,0,0,0,0,0,0,7,7,1089335,1,2,191767,0,0,0,0,0,0
200307,18,181,2,3,White County                  ,8,8,1026000,0,0,0,0,0,0,0,0,0,8,8,1026000,0,0,0,0,0,0,0,0,0
200307,20,025,2,4,Clark County                  ,0,0,0,0,0,0,0,0,0,0,0,0,0,0,0,0,0,0,0,0,0,0,0,0
200307,20,063,2,4,Gove County                   ,0,0,0,0,0,0,0,0,0,0,0,0,0,0,0,0,0,0,0,0,0,0,0,0
200307,20,091,2,4,Johnson County                ,412,412,72847404,20,40,4076980,1,3,138000,1,5,297547,381,381,70141533,20,40,4076980,0,0,0,0,0,0
200307,20,103,2,4,Leavenworth County            ,55,55,6413766,0,0,0,0,0,0,0,0,0,55,55,6413766,0,0,0,0,0,0,0,0,0
200307,20,105,2,4,Lincoln County                ,0,0,0,0,0,0,0,0,0,0,0,0,0,0,0,0,0,0,0,0,0,0,0,0
200307,20,187,2,4,Stanton County                ,0,0,0,0,0,0,0,0,0,0,0,0,0,0,0,0,0,0,0,0,0,0,0,0
200307,20,209,2,4,Wyandotte County              ,32,32,3981173,0,0,0,0,0,0,0,0,0,12,12,1583731,0,0,0,0,0,0,0,0,0
200307,21,015,3,6,Boone County                  ,147,147,15940975,0,0,0,0,0,0,3,30,2049161,147,147,15940975,0,0,0,0,0,0,3,30,2049161
200307,21,021,3,6,Boyle County                  ,13,13,1729000,0,0,0,0,0,0,0,0,0,13,13,1729000,0,0,0,0,0,0,0,0,0
200307,21,029,3,6,Bullitt County                ,97,97,17971870,0,0,0,0,0,0,1,18,750000,97,97,17971870,0,0,0,0,0,0,1,18,750000
200307,21,035,3,6,Calloway County               ,3,3,532000,0,0,0,0,0,0,0,0,0,3,3,532000,0,0,0,0,0,0,0,0,0
200307,21,037,3,6,Campbell County               ,25,25,3366127,0,0,0,0,0,0,1,5,309420,0,0,0,0,0,0,0,0,0,0,0,0
200307,21,049,3,6,Clark County                  ,31,31,2984842,0,0,0,0,0,0,0,0,0,0,0,0,0,0,0,0,0,0,0,0,0
200307,21,067,3,6,Fayette County                ,217,217,30864869,0,0,0,0,0,0,6,61,3213000,217,217,30864869,0,0,0,0,0,0,6,61,3213000
200307,21,073,3,6,Franklin County               ,20,20,2765752,0,0,0,1,3,216018,1,5,250000,0,0,0,0,0,0,0,0,0,0,0,0
200307,21,077,3,6,Gallatin County               ,0,0,0,0,0,0,0,0,0,0,0,0,0,0,0,0,0,0,0,0,0,0,0,0
200307,21,081,3,6,Grant County                  ,12,12,1403186,0,0,0,0,0,0,0,0,0,0,0,0,0,0,0,0,0,0,0,0,0
200307,21,097,3,6,Harrison County               ,7,7,490001,0,0,0,0,0,0,0,0,0,0,0,0,0,0,0,0,0,0,0,0,0
200307,21,099,3,6,Hart County                   ,2,2,130000,0,0,0,0,0,0,0,0,0,0,0,0,0,0,0,0,0,0,0,0,0
200307,21,107,3,6,Hopkins County                ,13,13,1334000,2,4,240000,0,0,0,0,0,0,13,13,1334000,2,4,240000,0,0,0,0,0,0
200307,21,111,3,6,Jefferson County              ,258,258,33703698,0,0,0,0,0,0,0,0,0,258,258,33703698,0,0,0,0,0,0,0,0,0
200307,21,113,3,6,Jessamine County              ,55,55,9063946,0,0,0,1,3,210167,0,0,0,18,18,6250000,0,0,0,0,0,0,0,0,0
200307,21,117,3,6,Kenton County                 ,111,111,11886783,0,0,0,0,0,0,2,10,348311,81,81,9052300,0,0,0,0,0,0,0,0,0
200307,21,123,3,6,Larue County                  ,6,6,498109,1,2,85333,0,0,0,0,0,0,0,0,0,0,0,0,0,0,0,0,0,0
200307,21,125,3,6,Laurel County                 ,0,0,0,0,0,0,0,0,0,0,0,0,0,0,0,0,0,0,0,0,0,0,0,0
200307,21,157,3,6,Marshall County               ,14,14,1778000,1,2,120000,0,0,0,0,0,0,14,14,1778000,1,2,120000,0,0,0,0,0,0
200307,21,161,3,6,Mason County                  ,2,2,171000,0,0,0,0,0,0,0,0,0,2,2,171000,0,0,0,0,0,0,0,0,0
200307,21,167,3,6,Mercer County                 ,19,19,2182430,0,0,0,0,0,0,0,0,0,19,19,2182430,0,0,0,0,0,0,0,0,0
200307,21,179,3,6,Nelson County                 ,28,28,2920200,0,0,0,0,0,0,0,0,0,28,28,2920200,0,0,0,0,0,0,0,0,0
200307,21,185,3,6,Oldham County                 ,67,67,8734261,0,0,0,0,0,0,1,24,1467922,67,67,8734261,0,0,0,0,0,0,1,24,1467922
200307,21,191,3,6,Pendleton County              ,0,0,0,0,0,0,0,0,0,0,0,0,0,0,0,0,0,0,0,0,0,0,0,0
200307,21,209,3,6,Scott County                  ,48,48,7675758,0,0,0,0,0,0,0,0,0,48,48,7675758,0,0,0,0,0,0,0,0,0
200307,21,211,3,6,Shelby County                 ,34,34,6190634,2,4,60000,0,0,0,2,12,700000,34,34,6190634,2,4,60000,0,0,0,2,12,700000
200307,21,213,3,6,Simpson County                ,10,10,902150,0,0,0,0,0,0,0,0,0,10,10,902150,0,0,0,0,0,0,0,0,0
200307,21,239,3,6,Woodford County               ,7,7,1340000,0,0,0,0,0,0,1,5,200000,7,7,1340000,0,0,0,0,0,0,1,5,200000
200307,22,007,3,7,Assumption Parish             ,6,6,779053,0,0,0,0,0,0,0,0,0,6,6,779053,0,0,0,0,0,0,0,0,0
200307,22,071,3,7,Orleans Parish                ,53,53,6909191,0,0,0,0,0,0,0,0,0,53,53,6909191,0,0,0,0,0,0,0,0,0
200307,22,087,3,7,St. Bernard Parish            ,15,15,1562000,1,2,55000,0,0,0,0,0,0,15,15,1562000,1,2,55000,0,0,0,0,0,0
200307,22,089,3,7,St. Charles Parish            ,24,24,3553948,0,0,0,0,0,0,0,0,0,24,24,3553948,0,0,0,0,0,0,0,0,0
200307,22,109,3,7,Terrebonne Parish             ,37,37,3342542,0,0,0,0,0,0,0,0,0,37,37,3342542,0,0,0,0,0,0,0,0,0
200307,24,003,3,5,Anne Arundel County           ,247,247,31922406,0,0,0,0,0,0,3,55,3363988,236,236,30765456,0,0,0,0,0,0,3,55,3363988
200307,24,005,3,5,Baltimore County              ,87,87,11341503,0,0,0,0,0,0,0,0,0,87,87,11341503,0,0,0,0,0,0,0,0,0
200307,24,009,3,5,Calvert County                ,30,30,4590000,0,0,0,0,0,0,0,0,0,30,30,4590000,0,0,0,0,0,0,0,0,0
200307,24,013,3,5,Carroll County                ,113,113,14105079,0,0,0,0,0,0,0,0,0,113,113,14105079,0,0,0,0,0,0,0,0,0
200307,24,015,3,5,Cecil County                  ,90,90,11817434,1,2,213864,1,4,315390,1,5,279506,22,22,1809996,0,0,0,0,0,0,0,0,0
200307,24,017,3,5,Charles County                ,150,150,24008662,0,0,0,0,0,0,0,0,0,137,137,21921049,0,0,0,0,0,0,0,0,0
200307,24,021,3,5,Frederick County              ,153,153,20603854,0,0,0,0,0,0,2,22,478750,153,153,20603854,0,0,0,0,0,0,2,22,478750
200307,24,023,3,5,Garrett County                ,34,34,7085200,0,0,0,0,0,0,0,0,0,34,34,7085200,0,0,0,0,0,0,0,0,0
200307,24,025,3,5,Harford County                ,186,186,24488634,0,0,0,0,0,0,0,0,0,186,186,24488634,0,0,0,0,0,0,0,0,0
200307,24,027,3,5,Howard County                 ,77,77,10037882,0,0,0,0,0,0,0,0,0,77,77,10037882,0,0,0,0,0,0,0,0,0
200307,24,031,3,5,Montgomery County             ,281,281,35294356,0,0,0,0,0,0,3,92,5463807,39,39,4952000,0,0,0,0,0,0,0,0,0
200307,24,033,3,5,Prince George's County        ,26,26,3394053,0,0,0,0,0,0,1,32,1957229,26,26,3394053,0,0,0,0,0,0,1,32,1957229
200307,24,035,3,5,Queen Anne's County           ,13,13,1694707,0,0,0,0,0,0,0,0,0,13,13,1694707,0,0,0,0,0,0,0,0,0
200307,24,039,3,5,Somerset County               ,10,10,617364,0,0,0,0,0,0,0,0,0,4,4,86000,0,0,0,0,0,0,0,0,0
200307,24,043,3,5,Washington County             ,111,111,14513743,0,0,0,0,0,0,0,0,0,111,111,14513743,0,0,0,0,0,0,0,0,0
200307,24,510,3,5,Baltimore (Independent City)  ,0,0,0,0,0,0,0,0,0,0,0,0,0,0,0,0,0,0,0,0,0,0,0,0
200307,25,009,1,1,Essex County                  ,97,97,18058001,9,18,1662537,1,3,428572,4,66,4469900,52,52,9701657,6,12,1094896,0,0,0,2,56,3580614
200307,25,017,1,1,Middlesex County              ,177,177,40848557,6,12,1019889,2,8,883900,3,16,1682714,128,128,32289720,2,4,440000,2,8,883900,1,6,750000
200307,25,019,1,1,Nantucket County              ,14,14,7359000,0,0,0,0,0,0,0,0,0,14,14,7359000,0,0,0,0,0,0,0,0,0
200307,25,021,1,1,Norfolk County                ,80,80,22727559,0,0,0,0,0,0,2,19,2068135,47,47,16079058,0,0,0,0,0,0,0,0,0
200307,25,023,1,1,Plymouth County               ,172,172,28239864,5,10,1115576,1,3,195000,0,0,0,127,127,21801167,4,8,922396,0,0,0,0,0,0
200307,25,025,1,1,Suffolk County                ,5,5,736716,4,8,701792,8,27,1950921,5,199,13032185,5,5,736716,4,8,701792,8,27,1950921,5,199,13032185
200307,26,000,2,3,Michigan Balance of State     ,30,30,1303738,0,0,0,0,0,0,0,0,0,0,0,0,0,0,0,0,0,0,0,0,0
200307,26,001,2,3,Alcona County                 ,5,5,350000,0,0,0,0,0,0,0,0,0,5,5,350000,0,0,0,0,0,0,0,0,0
200307,26,005,2,3,Allegan County                ,70,70,10178883,1,2,179000,0,0,0,0,0,0,28,28,4331235,1,2,179000,0,0,0,0,0,0
200307,26,009,2,3,Antrim County                 ,44,44,4136332,0,0,0,0,0,0,2,11,740000,44,44,4136332,0,0,0,0,0,0,2,11,740000
200307,26,019,2,3,Benzie County                 ,26,26,4911000,0,0,0,0,0,0,0,0,0,26,26,4911000,0,0,0,0,0,0,0,0,0
200307,26,029,2,3,Charlevoix County             ,24,24,2160000,2,4,200000,0,0,0,0,0,0,0,0,0,0,0,0,0,0,0,0,0,0
200307,26,031,2,3,Cheboygan County              ,22,22,3568329,0,0,0,0,0,0,0,0,0,22,22,3568329,0,0,0,0,0,0,0,0,0
200307,26,043,2,3,Dickinson County              ,13,13,1630500,0,0,0,0,0,0,0,0,0,13,13,1630500,0,0,0,0,0,0,0,0,0
200307,26,049,2,3,Genesee County                ,224,224,34477973,0,0,0,0,0,0,0,0,0,204,204,31543025,0,0,0,0,0,0,0,0,0
200307,26,051,2,3,Gladwin County                ,37,37,4547974,0,0,0,0,0,0,0,0,0,37,37,4547974,0,0,0,0,0,0,0,0,0
200307,26,055,2,3,Grand Traverse County         ,83,83,8851855,0,0,0,0,0,0,0,0,0,83,83,8851855,0,0,0,0,0,0,0,0,0
200307,26,059,2,3,Hillsdale County              ,21,21,2440068,0,0,0,0,0,0,0,0,0,21,21,2440068,0,0,0,0,0,0,0,0,0
200307,26,079,2,3,Kalkaska County               ,26,26,1751400,0,0,0,1,4,100000,0,0,0,26,26,1751400,0,0,0,1,4,100000,0,0,0
200307,26,081,2,3,Kent County                   ,294,294,47262622,0,0,0,0,0,0,0,0,0,260,260,43340636,0,0,0,0,0,0,0,0,0
200307,26,087,2,3,Lapeer County                 ,45,45,6149087,0,0,0,0,0,0,0,0,0,43,43,5937462,0,0,0,0,0,0,0,0,0
200307,26,089,2,3,Leelanau County               ,28,28,3906197,0,0,0,0,0,0,0,0,0,28,28,3906197,0,0,0,0,0,0,0,0,0
200307,26,091,2,3,Lenawee County                ,56,56,7213118,1,2,300000,0,0,0,0,0,0,10,10,2054600,0,0,0,0,0,0,0,0,0
200307,26,093,2,3,Livingston County             ,209,209,30365017,1,2,211044,0,0,0,0,0,0,199,199,28874972,1,2,211044,0,0,0,0,0,0
200307,26,099,2,3,Macomb County                 ,455,455,60300966,4,8,1062750,0,0,0,4,35,1304886,425,425,53385822,3,6,774096,0,0,0,2,24,650000
200307,26,113,2,3,Missaukee County              ,13,13,1597937,0,0,0,0,0,0,0,0,0,13,13,1597937,0,0,0,0,0,0,0,0,0
200307,26,115,2,3,Monroe County                 ,81,81,11673744,0,0,0,0,0,0,2,70,3215742,46,46,7159554,0,0,0,0,0,0,1,64,3000000
200307,26,119,2,3,Montmorency County            ,13,13,1009000,0,0,0,0,0,0,0,0,0,13,13,1009000,0,0,0,0,0,0,0,0,0
200307,26,121,2,3,Muskegon County               ,78,78,9783275,0,0,0,0,0,0,0,0,0,60,60,7539987,0,0,0,0,0,0,0,0,0
200307,26,125,2,3,Oakland County                ,522,522,104980269,0,0,0,2,8,530000,8,51,3614347,361,361,72450096,0,0,0,2,8,530000,3,24,1061592
200307,26,129,2,3,Ogemaw County                 ,17,17,930134,0,0,0,0,0,0,0,0,0,0,0,0,0,0,0,0,0,0,0,0,0
200307,26,133,2,3,Osceola County                ,8,8,869000,0,0,0,0,0,0,0,0,0,8,8,869000,0,0,0,0,0,0,0,0,0
200307,26,135,2,3,Oscoda County                 ,8,8,442022,0,0,0,0,0,0,0,0,0,8,8,442022,0,0,0,0,0,0,0,0,0
200307,26,137,2,3,Otsego County                 ,21,21,2516598,0,0,0,0,0,0,1,5,299655,0,0,0,0,0,0,0,0,0,0,0,0
200307,26,139,2,3,Ottawa County                 ,197,197,29981004,4,8,514575,1,3,300000,3,15,444147,92,92,12792137,0,0,0,1,3,300000,0,0,0
200307,26,141,2,3,Presque Isle County           ,16,16,1389380,0,0,0,0,0,0,0,0,0,0,0,0,0,0,0,0,0,0,0,0,0
200307,26,147,2,3,St. Clair County              ,92,92,12642314,0,0,0,0,0,0,0,0,0,62,62,9596732,0,0,0,0,0,0,0,0,0
200307,26,153,2,3,Schoolcraft County            ,10,10,633844,0,0,0,0,0,0,0,0,0,10,10,633844,0,0,0,0,0,0,0,0,0
200307,26,161,2,3,Washtenaw County              ,264,264,39293466,1,2,173333,0,0,0,0,0,0,82,82,15455377,0,0,0,0,0,0,0,0,0
200307,26,163,2,3,Wayne County                  ,329,329,54115131,1,2,169037,8,27,2801320,6,43,2648163,224,224,39462714,0,0,0,7,24,2588320,5,38,2285224
200307,27,003,2,4,Anoka County                  ,240,240,40274557,0,0,0,0,0,0,0,0,0,212,212,36409405,0,0,0,0,0,0,0,0,0
200307,27,019,2,4,Carver County                 ,101,101,20619941,0,0,0,1,4,461988,2,15,1332164,74,74,15337075,0,0,0,1,4,461988,1,6,716435
200307,27,025,2,4,Chisago County                ,82,82,18636349,0,0,0,0,0,0,0,0,0,73,73,17263190,0,0,0,0,0,0,0,0,0
200307,27,031,2,4,Cook County                   ,14,14,1192877,0,0,0,0,0,0,0,0,0,0,0,0,0,0,0,0,0,0,0,0,0
200307,27,037,2,4,Dakota County                 ,281,281,48818510,0,0,0,2,8,1100000,2,61,7253800,276,276,47866105,0,0,0,2,8,1100000,2,61,7253800
200307,27,053,2,4,Hennepin County               ,265,265,63951009,3,6,644911,3,11,1112473,22,259,18482661,243,243,60304471,2,4,383535,3,11,1112473,22,259,18482661
200307,27,059,2,4,Isanti County                 ,64,64,7245519,0,0,0,0,0,0,0,0,0,60,60,6761166,0,0,0,0,0,0,0,0,0
200307,27,109,2,4,Olmsted County                ,150,150,23429429,0,0,0,0,0,0,1,18,3853090,42,42,8154389,0,0,0,0,0,0,0,0,0
200307,27,123,2,4,Ramsey County                 ,37,37,8701731,9,18,2255383,4,14,1785000,2,85,6443750,29,29,6645495,8,16,1959178,1,3,575000,1,80,5900000
200307,27,139,2,4,Scott County                  ,222,222,39537098,0,0,0,1,3,322375,2,140,10360068,142,142,22761212,0,0,0,0,0,0,1,123,8976085
200307,27,141,2,4,Sherburne County              ,141,141,21301111,0,0,0,0,0,0,0,0,0,135,135,20520234,0,0,0,0,0,0,0,0,0
200307,27,163,2,4,Washington County             ,256,256,48427089,7,14,1972692,0,0,0,2,10,990085,237,237,44348866,7,14,1972692,0,0,0,0,0,0
200307,27,171,2,4,Wright County                 ,160,160,26972266,0,0,0,0,0,0,0,0,0,127,127,22870037,0,0,0,0,0,0,0,0,0
200307,28,025,3,6,Clay County                   ,2,2,250381,0,0,0,0,0,0,0,0,0,0,0,0,0,0,0,0,0,0,0,0,0
200307,28,033,3,6,DeSoto County                 ,222,222,23942054,0,0,0,0,0,0,0,0,0,222,222,23942054,0,0,0,0,0,0,0,0,0
200307,28,037,3,6,Franklin County               ,1,1,235000,0,0,0,0,0,0,0,0,0,0,0,0,0,0,0,0,0,0,0,0,0
200307,28,039,3,6,George County                 ,0,0,0,0,0,0,0,0,0,0,0,0,0,0,0,0,0,0,0,0,0,0,0,0
200307,28,043,3,6,Grenada County                ,2,2,170000,0,0,0,0,0,0,0,0,0,2,2,170000,0,0,0,0,0,0,0,0,0
200307,28,047,3,6,Harrison County               ,103,103,14432274,0,0,0,1,3,181133,2,20,2140000,103,103,14432274,0,0,0,1,3,181133,2,20,2140000
200307,28,071,3,6,Lafayette County              ,12,12,1671000,0,0,0,0,0,0,6,192,12000000,12,12,1671000,0,0,0,0,0,0,6,192,12000000
200307,28,085,3,6,Lincoln County                ,2,2,111000,0,0,0,0,0,0,0,0,0,2,2,111000,0,0,0,0,0,0,0,0,0
200307,28,131,3,6,Stone County                  ,6,6,112392,0,0,0,0,0,0,0,0,0,0,0,0,0,0,0,0,0,0,0,0,0
200307,28,149,3,6,Warren County                 ,2,2,280638,0,0,0,0,0,0,0,0,0,0,0,0,0,0,0,0,0,0,0,0,0
200307,28,153,3,6,Wayne County                  ,0,0,0,0,0,0,0,0,0,0,0,0,0,0,0,0,0,0,0,0,0,0,0,0
200307,28,159,3,6,Winston County                ,0,0,0,0,0,0,0,0,0,0,0,0,0,0,0,0,0,0,0,0,0,0,0,0
200307,28,163,3,6,Yazoo County                  ,0,0,0,0,0,0,0,0,0,0,0,0,0,0,0,0,0,0,0,0,0,0,0,0
200307,29,019,2,4,Boone County                  ,106,106,15751600,6,12,760000,0,0,0,0,0,0,106,106,15751600,6,12,760000,0,0,0,0,0,0
200307,29,035,2,4,Carter County                 ,0,0,0,0,0,0,0,0,0,0,0,0,0,0,0,0,0,0,0,0,0,0,0,0
200307,29,037,2,4,Cass County                   ,76,76,8186201,1,2,175000,0,0,0,0,0,0,66,66,7116684,1,2,175000,0,0,0,0,0,0
200307,29,047,2,4,Clay County                   ,95,95,13051349,0,0,0,0,0,0,0,0,0,95,95,13051349,0,0,0,0,0,0,0,0,0
200307,29,049,2,4,Clinton County                ,20,20,2533579,0,0,0,1,3,147750,0,0,0,18,18,2360670,0,0,0,0,0,0,0,0,0
200307,29,051,2,4,Cole County                   ,40,40,5508867,0,0,0,2,8,466928,1,6,346071,0,0,0,0,0,0,0,0,0,0,0,0
200307,29,071,2,4,Franklin County               ,49,49,7475857,3,6,418285,0,0,0,0,0,0,40,40,6223390,0,0,0,0,0,0,0,0,0
200307,29,077,2,4,Greene County                 ,156,156,24952913,2,4,400000,0,0,0,1,11,458333,42,42,6290600,2,4,400000,0,0,0,0,0,0
200307,29,095,2,4,Jackson County                ,460,460,64893740,2,4,297703,12,48,3021664,20,358,22543300,452,452,63991126,2,4,297703,12,48,3021664,20,358,22543300
200307,29,099,2,4,Jefferson County              ,210,210,24112142,4,8,390455,0,0,0,0,0,0,210,210,24112142,4,8,390455,0,0,0,0,0,0
200307,29,105,2,4,Laclede County                ,7,7,814398,1,2,146976,0,0,0,0,0,0,0,0,0,0,0,0,0,0,0,0,0,0
200307,29,107,2,4,Lafayette County              ,13,13,1825485,0,0,0,0,0,0,0,0,0,3,3,310000,0,0,0,0,0,0,0,0,0
200307,29,111,2,4,Lewis County                  ,0,0,0,0,0,0,0,0,0,0,0,0,0,0,0,0,0,0,0,0,0,0,0,0
200307,29,129,2,4,Mercer County                 ,0,0,0,0,0,0,0,0,0,0,0,0,0,0,0,0,0,0,0,0,0,0,0,0
200307,29,165,2,4,Platte County                 ,37,37,7282329,1,2,116000,0,0,0,0,0,0,35,35,7068418,0,0,0,0,0,0,0,0,0
200307,29,167,2,4,Polk County                   ,2,2,183430,8,16,821773,0,0,0,0,0,0,2,2,183430,8,16,821773,0,0,0,0,0,0
200307,29,175,2,4,Randolph County               ,1,1,150000,0,0,0,0,0,0,0,0,0,1,1,150000,0,0,0,0,0,0,0,0,0
200307,29,177,2,4,Ray County                    ,12,12,1255805,0,0,0,0,0,0,0,0,0,9,9,914686,0,0,0,0,0,0,0,0,0
200307,29,189,2,4,St. Louis County              ,218,218,37533478,0,0,0,0,0,0,2,23,2000000,207,207,35130609,0,0,0,0,0,0,2,23,2000000
200307,29,510,2,4,St. Louis (Independent City)  ,33,33,5135437,0,0,0,0,0,0,0,0,0,33,33,5135437,0,0,0,0,0,0,0,0,0
200307,30,029,4,8,Flathead County               ,36,36,8160711,3,6,578727,7,27,2074168,0,0,0,35,35,8094266,3,6,578727,7,27,2074168,0,0,0
200307,30,093,4,8,Silver Bow County             ,6,6,563126,0,0,0,0,0,0,0,0,0,6,6,563126,0,0,0,0,0,0,0,0,0
200307,31,001,2,4,Adams County                  ,10,10,1180552,0,0,0,0,0,0,0,0,0,0,0,0,0,0,0,0,0,0,0,0,0
200307,31,077,2,4,Greeley County                ,0,0,0,0,0,0,0,0,0,0,0,0,0,0,0,0,0,0,0,0,0,0,0,0
200307,32,001,4,8,Churchill County              ,11,11,1397311,0,0,0,0,0,0,0,0,0,11,11,1397311,0,0,0,0,0,0,0,0,0
200307,32,003,4,8,Clark County                  ,2736,2736,323475101,0,0,0,12,40,2873683,87,1064,56985159,2736,2736,323475101,0,0,0,12,40,2873683,87,1064,56985159
200307,32,005,4,8,Douglas County                ,35,35,7852687,0,0,0,0,0,0,0,0,0,35,35,7852687,0,0,0,0,0,0,0,0,0
200307,32,007,4,8,Elko County                   ,4,4,567324,0,0,0,0,0,0,0,0,0,4,4,567324,0,0,0,0,0,0,0,0,0
200307,32,013,4,8,Humboldt County               ,4,4,596501,0,0,0,0,0,0,0,0,0,4,4,596501,0,0,0,0,0,0,0,0,0
200307,32,015,4,8,Lander County                 ,1,1,25500,0,0,0,0,0,0,0,0,0,1,1,25500,0,0,0,0,0,0,0,0,0
200307,32,017,4,8,Lincoln County                ,2,2,135982,0,0,0,0,0,0,0,0,0,0,0,0,0,0,0,0,0,0,0,0,0
200307,32,021,4,8,Mineral County                ,1,1,30262,0,0,0,0,0,0,0,0,0,0,0,0,0,0,0,0,0,0,0,0,0
200307,32,027,4,8,Pershing County               ,0,0,0,0,0,0,0,0,0,0,0,0,0,0,0,0,0,0,0,0,0,0,0,0
200307,32,029,4,8,Storey County                 ,2,2,193891,0,0,0,0,0,0,0,0,0,2,2,193891,0,0,0,0,0,0,0,0,0
200307,32,031,4,8,Washoe County                 ,330,330,54059150,0,0,0,0,0,0,1,8,595984,330,330,54059150,0,0,0,0,0,0,1,8,595984
200307,32,033,4,8,White Pine County             ,1,1,145828,0,0,0,0,0,0,0,0,0,0,0,0,0,0,0,0,0,0,0,0,0
200307,32,510,4,8,Carson City (Independent City),25,25,5112435,0,0,0,0,0,0,0,0,0,25,25,5112435,0,0,0,0,0,0,0,0,0
200307,33,015,1,1,Rockingham County             ,119,119,21647247,5,10,845000,4,15,1347076,2,16,1280000,72,72,14355564,5,10,845000,4,15,1347076,2,16,1280000
200307,34,001,1,2,Atlantic County               ,145,145,15123154,0,0,0,0,0,0,0,0,0,125,125,12700884,0,0,0,0,0,0,0,0,0
200307,34,003,1,2,Bergen County                 ,88,88,21063410,15,30,2973229,0,0,0,1,5,73417,33,33,9727966,14,28,2871671,0,0,0,0,0,0
200307,34,005,1,2,Burlington County             ,146,146,17196551,0,0,0,1,3,106471,0,0,0,68,68,9569543,0,0,0,0,0,0,0,0,0
200307,34,007,1,2,Camden County                 ,75,75,9400551,0,0,0,0,0,0,3,20,1026599,41,41,6024027,0,0,0,0,0,0,0,0,0
200307,34,009,1,2,Cape May County               ,49,49,8293732,20,40,5588571,1,3,229610,2,10,944683,41,41,7169620,17,34,5053030,0,0,0,0,0,0
200307,34,011,1,2,Cumberland County             ,34,34,3375764,0,0,0,0,0,0,0,0,0,14,14,1497702,0,0,0,0,0,0,0,0,0
200307,34,013,1,2,Essex County                  ,13,13,3170487,26,52,4561649,13,39,2817997,1,12,1449500,6,6,1180860,26,52,4561649,13,39,2817997,1,12,1449500
200307,34,015,1,2,Gloucester County             ,123,123,12793737,0,0,0,1,3,2200,1,10,292540,38,38,4602349,0,0,0,0,0,0,0,0,0
200307,34,017,1,2,Hudson County                 ,9,9,1614663,24,48,2801186,4,12,451914,5,82,8368670,0,0,0,6,12,719400,0,0,0,0,0,0
200307,34,019,1,2,Hunterdon County              ,72,72,11480862,0,0,0,0,0,0,0,0,0,52,52,8841202,0,0,0,0,0,0,0,0,0
200307,34,021,1,2,Mercer County                 ,84,84,7943360,0,0,0,0,0,0,1,16,791050,40,40,5018771,0,0,0,0,0,0,1,16,791050
200307,34,023,1,2,Middlesex County              ,118,118,14301291,2,4,220856,1,3,244097,2,14,1167355,74,74,9700982,0,0,0,0,0,0,0,0,0
200307,34,025,1,2,Monmouth County               ,179,179,26371749,1,2,125000,2,7,456000,7,39,684686,78,78,12262560,1,2,125000,2,7,456000,6,30,92500
200307,34,027,1,2,Morris County                 ,76,76,12823509,0,0,0,0,0,0,4,31,1810439,27,27,3413186,0,0,0,0,0,0,0,0,0
200307,34,029,1,2,Ocean County                  ,382,382,53437258,1,2,175448,1,3,5055000,2,28,1031823,312,312,45298062,1,2,175448,1,3,5055000,2,28,1031823
200307,34,031,1,2,Passaic County                ,33,33,3364856,1,2,67220,0,0,0,2,16,1679846,3,3,406210,0,0,0,0,0,0,1,10,693878
200307,34,033,1,2,Salem County                  ,17,17,2002974,0,0,0,0,0,0,0,0,0,10,10,1073050,0,0,0,0,0,0,0,0,0
200307,34,035,1,2,Somerset County               ,83,83,12686482,0,0,0,1,3,1000,1,20,1934429,39,39,5908709,0,0,0,1,3,1000,0,0,0
200307,34,037,1,2,Sussex County                 ,49,49,9032128,0,0,0,0,0,0,0,0,0,23,23,5282542,0,0,0,0,0,0,0,0,0
200307,34,039,1,2,Union County                  ,26,26,3023587,12,24,1368299,0,0,0,3,151,4493929,10,10,1357675,0,0,0,0,0,0,2,140,4050000
200307,34,041,1,2,Warren County                 ,32,32,3544237,0,0,0,0,0,0,0,0,0,17,17,2309114,0,0,0,0,0,0,0,0,0
200307,35,000,4,8,New Mexico Balance of State   ,152,152,27183700,0,0,0,0,0,0,0,0,0,152,152,27183700,0,0,0,0,0,0,0,0,0
200307,35,001,4,8,Bernalillo County             ,469,469,51057658,0,0,0,3,11,548856,5,95,3900847,0,0,0,0,0,0,0,0,0,0,0,0
200307,35,005,4,8,Chaves County                 ,6,6,859259,0,0,0,0,0,0,0,0,0,3,3,508000,0,0,0,0,0,0,0,0,0
200307,35,007,4,8,Colfax County                 ,9,9,2242919,0,0,0,0,0,0,0,0,0,9,9,2242919,0,0,0,0,0,0,0,0,0
200307,35,009,4,8,Curry County                  ,14,14,2122781,0,0,0,0,0,0,0,0,0,14,14,2122781,0,0,0,0,0,0,0,0,0
200307,35,013,4,8,Dona Ana County               ,121,121,18395021,0,0,0,0,0,0,0,0,0,116,116,17860100,0,0,0,0,0,0,0,0,0
200307,35,015,4,8,Eddy County                   ,3,3,520972,0,0,0,0,0,0,0,0,0,3,3,520972,0,0,0,0,0,0,0,0,0
200307,35,025,4,8,Lea County                    ,2,2,99500,0,0,0,0,0,0,0,0,0,2,2,99500,0,0,0,0,0,0,0,0,0
200307,35,027,4,8,Lincoln County                ,14,14,2378253,0,0,0,0,0,0,0,0,0,14,14,2378253,0,0,0,0,0,0,0,0,0
200307,35,028,4,8,Los Alamos County             ,8,8,2742349,0,0,0,0,0,0,0,0,0,8,8,2742349,0,0,0,0,0,0,0,0,0
200307,35,029,4,8,Luna County                   ,5,5,577551,0,0,0,0,0,0,0,0,0,5,5,577551,0,0,0,0,0,0,0,0,0
200307,35,031,4,8,McKinley County               ,3,3,498113,0,0,0,0,0,0,0,0,0,3,3,498113,0,0,0,0,0,0,0,0,0
200307,35,035,4,8,Otero County                  ,18,18,2670251,0,0,0,0,0,0,0,0,0,18,18,2670251,0,0,0,0,0,0,0,0,0
200307,35,039,4,8,Rio Arriba County             ,1,1,105610,0,0,0,0,0,0,0,0,0,0,0,0,0,0,0,0,0,0,0,0,0
200307,35,041,4,8,Roosevelt County              ,1,1,131195,0,0,0,0,0,0,1,5,239231,0,0,0,0,0,0,0,0,0,0,0,0
200307,35,043,4,8,Sandoval County               ,88,88,8409622,0,0,0,0,0,0,0,0,0,0,0,0,0,0,0,0,0,0,0,0,0
200307,35,045,4,8,San Juan County               ,28,28,3999183,0,0,0,0,0,0,0,0,0,28,28,3999183,0,0,0,0,0,0,0,0,0
200307,35,049,4,8,Santa Fe County               ,47,47,5549284,0,0,0,0,0,0,0,0,0,47,47,5549284,0,0,0,0,0,0,0,0,0
200307,35,051,4,8,Sierra County                 ,1,1,125000,0,0,0,0,0,0,0,0,0,1,1,125000,0,0,0,0,0,0,0,0,0
200307,35,053,4,8,Socorro County                ,1,1,76000,0,0,0,0,0,0,0,0,0,1,1,76000,0,0,0,0,0,0,0,0,0
200307,35,055,4,8,Taos County                   ,21,21,2510669,0,0,0,0,0,0,0,0,0,0,0,0,0,0,0,0,0,0,0,0,0
200307,35,061,4,8,Valencia County               ,36,36,4022131,0,0,0,0,0,0,0,0,0,15,15,2103018,0,0,0,0,0,0,0,0,0
200307,36,005,1,2,Bronx County                  ,4,4,612421,24,48,4210753,18,54,3901843,1,16,1110205,4,4,612421,24,48,4210753,18,54,3901843,1,16,1110205
200307,36,027,1,2,Dutchess County               ,91,91,18980062,0,0,0,1,3,450000,1,5,358295,40,40,8405106,0,0,0,0,0,0,0,0,0
200307,36,047,1,2,Kings County                  ,35,35,5358682,93,186,16316668,36,111,8020454,22,238,16514294,35,35,5358682,93,186,16316668,36,111,8020454,22,238,16514294
200307,36,059,1,2,Nassau County                 ,51,51,11087941,2,4,270644,0,0,0,2,10,1643842,22,22,6164316,0,0,0,0,0,0,0,0,0
200307,36,061,1,2,New York County               ,0,0,0,0,0,0,0,0,0,8,279,19359193,0,0,0,0,0,0,0,0,0,8,279,19359193
200307,36,071,1,2,Orange County                 ,129,129,20850284,0,0,0,11,37,2598111,1,6,140000,54,54,9437560,0,0,0,2,6,433538,0,0,0
200307,36,079,1,2,Putnam County                 ,22,22,3917513,0,0,0,0,0,0,0,0,0,4,4,845000,0,0,0,0,0,0,0,0,0
200307,36,081,1,2,Queens County                 ,10,10,1531052,69,138,12105915,26,80,5780508,9,172,11934700,10,10,1531052,69,138,12105915,26,80,5780508,9,172,11934700
200307,36,085,1,2,Richmond County               ,97,97,14851205,34,68,5965234,0,0,0,1,11,763266,97,97,14851205,34,68,5965234,0,0,0,1,11,763266
200307,36,099,1,2,Seneca County                 ,3,3,264883,0,0,0,0,0,0,0,0,0,0,0,0,0,0,0,0,0,0,0,0,0
200307,36,103,1,2,Suffolk County                ,229,229,41825759,10,20,10324958,2,8,3909482,1,5,1721382,164,164,29636625,0,0,0,0,0,0,0,0,0
200307,36,119,1,2,Westchester County            ,103,103,29297821,9,18,2053690,0,0,0,2,15,1816161,44,44,13023350,5,10,1125000,0,0,0,0,0,0
200307,37,001,3,5,Alamance County               ,124,124,14415843,0,0,0,0,0,0,0,0,0,124,124,14415843,0,0,0,0,0,0,0,0,0
200307,37,003,3,5,Alexander County              ,11,11,2391290,0,0,0,0,0,0,0,0,0,11,11,2391290,0,0,0,0,0,0,0,0,0
200307,37,005,3,5,Alleghany County              ,11,11,1526000,0,0,0,0,0,0,0,0,0,11,11,1526000,0,0,0,0,0,0,0,0,0
200307,37,009,3,5,Ashe County                   ,20,20,2739500,0,0,0,0,0,0,0,0,0,20,20,2739500,0,0,0,0,0,0,0,0,0
200307,37,011,3,5,Avery County                  ,22,22,4425000,0,0,0,0,0,0,0,0,0,22,22,4425000,0,0,0,0,0,0,0,0,0
200307,37,015,3,5,Bertie County                 ,4,4,425450,0,0,0,0,0,0,0,0,0,4,4,425450,0,0,0,0,0,0,0,0,0
200307,37,017,3,5,Bladen County                 ,6,6,848928,0,0,0,0,0,0,0,0,0,6,6,848928,0,0,0,0,0,0,0,0,0
200307,37,025,3,5,Cabarrus County               ,146,146,17191309,0,0,0,3,11,895040,0,0,0,146,146,17191309,0,0,0,3,11,895040,0,0,0
200307,37,027,3,5,Caldwell County               ,31,31,3884215,0,0,0,0,0,0,0,0,0,31,31,3884215,0,0,0,0,0,0,0,0,0
200307,37,029,3,5,Camden County                 ,12,12,1495000,0,0,0,0,0,0,0,0,0,12,12,1495000,0,0,0,0,0,0,0,0,0
200307,37,033,3,5,Caswell County                ,11,11,1693527,0,0,0,0,0,0,0,0,0,11,11,1693527,0,0,0,0,0,0,0,0,0
200307,37,037,3,5,Chatham County                ,45,45,9686324,0,0,0,0,0,0,0,0,0,45,45,9686324,0,0,0,0,0,0,0,0,0
200307,37,043,3,5,Clay County                   ,14,14,1864000,0,0,0,0,0,0,0,0,0,14,14,1864000,0,0,0,0,0,0,0,0,0
200307,37,053,3,5,Currituck County              ,52,52,11286970,0,0,0,0,0,0,0,0,0,0,0,0,0,0,0,0,0,0,0,0,0
200307,37,057,3,5,Davidson County               ,51,51,6882308,0,0,0,0,0,0,0,0,0,51,51,6882308,0,0,0,0,0,0,0,0,0
200307,37,059,3,5,Davie County                  ,50,50,7055464,0,0,0,0,0,0,0,0,0,50,50,7055464,0,0,0,0,0,0,0,0,0
200307,37,061,3,5,Duplin County                 ,9,9,1771000,0,0,0,0,0,0,0,0,0,9,9,1771000,0,0,0,0,0,0,0,0,0
200307,37,063,3,5,Durham County                 ,143,143,22081283,0,0,0,0,0,0,2,352,18247470,143,143,22081283,0,0,0,0,0,0,2,352,18247470
200307,37,067,3,5,Forsyth County                ,237,237,29492330,0,0,0,0,0,0,0,0,0,237,237,29492330,0,0,0,0,0,0,0,0,0
200307,37,069,3,5,Franklin County               ,27,27,3709000,0,0,0,0,0,0,0,0,0,27,27,3709000,0,0,0,0,0,0,0,0,0
200307,37,071,3,5,Gaston County                 ,97,97,13167258,0,0,0,0,0,0,1,5,372537,29,29,3610724,0,0,0,0,0,0,0,0,0
200307,37,075,3,5,Graham County                 ,5,5,695860,0,0,0,0,0,0,0,0,0,5,5,695860,0,0,0,0,0,0,0,0,0
200307,37,081,3,5,Guilford County               ,327,327,49510625,0,0,0,0,0,0,0,0,0,327,327,49510625,0,0,0,0,0,0,0,0,0
200307,37,089,3,5,Henderson County              ,84,84,14779850,3,6,844000,0,0,0,0,0,0,84,84,14779850,3,6,844000,0,0,0,0,0,0
200307,37,091,3,5,Hertford County               ,7,7,616069,0,0,0,0,0,0,0,0,0,7,7,616069,0,0,0,0,0,0,0,0,0
200307,37,097,3,5,Iredell County                ,150,150,22936125,0,0,0,0,0,0,2,31,1900781,0,0,0,0,0,0,0,0,0,0,0,0
200307,37,099,3,5,Jackson County                ,38,38,8637925,0,0,0,0,0,0,0,0,0,38,38,8637925,0,0,0,0,0,0,0,0,0
200307,37,101,3,5,Johnston County               ,134,134,15351650,0,0,0,0,0,0,0,0,0,134,134,15351650,0,0,0,0,0,0,0,0,0
200307,37,105,3,5,Lee County                    ,36,36,3852193,0,0,0,0,0,0,0,0,0,36,36,3852193,0,0,0,0,0,0,0,0,0
200307,37,109,3,5,Lincoln County                ,64,64,8016829,1,2,72533,0,0,0,0,0,0,0,0,0,0,0,0,0,0,0,0,0,0
200307,37,113,3,5,Macon County                  ,27,27,5990700,0,0,0,0,0,0,0,0,0,27,27,5990700,0,0,0,0,0,0,0,0,0
200307,37,115,3,5,Madison County                ,11,11,1525479,0,0,0,0,0,0,0,0,0,11,11,1525479,0,0,0,0,0,0,0,0,0
200307,37,117,3,5,Martin County                 ,5,5,618636,0,0,0,0,0,0,0,0,0,0,0,0,0,0,0,0,0,0,0,0,0
200307,37,119,3,5,Mecklenburg County            ,523,523,68179379,1,2,145953,0,0,0,5,132,8073570,523,523,68179379,1,2,145953,0,0,0,5,132,8073570
200307,37,121,3,5,Mitchell County               ,8,8,782000,0,0,0,0,0,0,0,0,0,8,8,782000,0,0,0,0,0,0,0,0,0
200307,37,123,3,5,Montgomery County             ,9,9,1785800,0,0,0,0,0,0,0,0,0,9,9,1785800,0,0,0,0,0,0,0,0,0
200307,37,131,3,5,Northampton County            ,0,0,0,0,0,0,0,0,0,0,0,0,0,0,0,0,0,0,0,0,0,0,0,0
200307,37,135,3,5,Orange County                 ,102,102,17185337,1,2,174916,0,0,0,0,0,0,4,4,1590000,0,0,0,0,0,0,0,0,0
200307,37,137,3,5,Pamlico County                ,11,11,1796012,0,0,0,0,0,0,0,0,0,11,11,1796012,0,0,0,0,0,0,0,0,0
200307,37,139,3,5,Pasquotank County             ,29,29,3640190,0,0,0,0,0,0,0,0,0,29,29,3640190,0,0,0,0,0,0,0,0,0
200307,37,145,3,5,Person County                 ,18,18,3056000,0,0,0,0,0,0,0,0,0,18,18,3056000,0,0,0,0,0,0,0,0,0
200307,37,149,3,5,Polk County                   ,17,17,2200022,0,0,0,0,0,0,0,0,0,17,17,2200022,0,0,0,0,0,0,0,0,0
200307,37,151,3,5,Randolph County               ,68,68,7920025,3,6,175000,0,0,0,1,8,1673685,68,68,7920025,3,6,175000,0,0,0,1,8,1673685
200307,37,159,3,5,Rowan County                  ,39,39,5130000,1,2,172000,0,0,0,0,0,0,39,39,5130000,1,2,172000,0,0,0,0,0,0
200307,37,163,3,5,Sampson County                ,8,8,1204900,1,2,70000,0,0,0,0,0,0,8,8,1204900,1,2,70000,0,0,0,0,0,0
200307,37,165,3,5,Scotland County               ,7,7,597946,0,0,0,0,0,0,0,0,0,7,7,597946,0,0,0,0,0,0,0,0,0
200307,37,167,3,5,Stanly County                 ,31,31,3249776,1,2,78463,0,0,0,1,5,267480,0,0,0,0,0,0,0,0,0,0,0,0
200307,37,169,3,5,Stokes County                 ,20,20,3300914,1,2,133000,0,0,0,0,0,0,18,18,3035244,0,0,0,0,0,0,0,0,0
200307,37,171,3,5,Surry County                  ,29,29,3650561,0,0,0,0,0,0,0,0,0,29,29,3650561,0,0,0,0,0,0,0,0,0
200307,37,173,3,5,Swain County                  ,13,13,862055,3,6,194485,0,0,0,0,0,0,13,13,862055,3,6,194485,0,0,0,0,0,0
200307,37,175,3,5,Transylvania County           ,37,37,8480442,0,0,0,0,0,0,0,0,0,37,37,8480442,0,0,0,0,0,0,0,0,0
200307,37,179,3,5,Union County                  ,261,261,37858631,0,0,0,0,0,0,0,0,0,261,261,37858631,0,0,0,0,0,0,0,0,0
200307,37,181,3,5,Vance County                  ,11,11,2011140,0,0,0,0,0,0,0,0,0,11,11,2011140,0,0,0,0,0,0,0,0,0
200307,37,183,3,5,Wake County                   ,786,786,117674498,13,26,1050720,0,0,0,0,0,0,647,647,91681485,13,26,1050720,0,0,0,0,0,0
200307,37,185,3,5,Warren County                 ,11,11,1490411,0,0,0,0,0,0,0,0,0,0,0,0,0,0,0,0,0,0,0,0,0
200307,37,187,3,5,Washington County             ,1,1,134786,0,0,0,0,0,0,0,0,0,0,0,0,0,0,0,0,0,0,0,0,0
200307,37,191,3,5,Wayne County                  ,48,48,4948820,0,0,0,0,0,0,0,0,0,48,48,4948820,0,0,0,0,0,0,0,0,0
200307,37,195,3,5,Wilson County                 ,36,36,4049660,0,0,0,0,0,0,0,0,0,23,23,2690089,0,0,0,0,0,0,0,0,0
200307,37,197,3,5,Yadkin County                 ,12,12,2211600,0,0,0,0,0,0,0,0,0,12,12,2211600,0,0,0,0,0,0,0,0,0
200307,39,007,2,3,Ashtabula County              ,47,47,5110428,0,0,0,0,0,0,0,0,0,0,0,0,0,0,0,0,0,0,0,0,0
200307,39,015,2,3,Brown County                  ,0,0,0,0,0,0,0,0,0,0,0,0,0,0,0,0,0,0,0,0,0,0,0,0
200307,39,025,2,3,Clermont County               ,101,101,15385691,0,0,0,0,0,0,2,13,828854,101,101,15385691,0,0,0,0,0,0,2,13,828854
200307,39,035,2,3,Cuyahoga County               ,194,194,35545216,0,0,0,4,16,1414878,6,36,2780000,95,95,21923799,0,0,0,2,8,834000,6,36,2780000
200307,39,041,2,3,Delaware County               ,264,264,51536147,3,6,730000,0,0,0,1,11,160330,41,41,6532507,3,6,730000,0,0,0,0,0,0
200307,39,045,2,3,Fairfield County              ,90,90,15250537,0,0,0,0,0,0,4,24,1812868,17,17,3548174,0,0,0,0,0,0,0,0,0
200307,39,049,2,3,Franklin County               ,554,554,92335108,3,6,529462,10,40,2795439,24,298,12067731,153,153,36366353,0,0,0,0,0,0,0,0,0
200307,39,055,2,3,Geauga County                 ,45,45,10948000,0,0,0,0,0,0,0,0,0,45,45,10948000,0,0,0,0,0,0,0,0,0
200307,39,061,2,3,Hamilton County               ,151,151,21182683,3,6,443992,4,15,1424192,15,187,15525397,147,147,20416796,3,6,443992,4,15,1424192,15,187,15525397
200307,39,085,2,3,Lake County                   ,127,127,27372812,4,8,1040000,1,3,150000,0,0,0,123,123,26862579,4,8,1040000,0,0,0,0,0,0
200307,39,093,2,3,Lorain County                 ,328,328,39611563,0,0,0,1,4,243750,0,0,0,267,267,31519325,0,0,0,0,0,0,0,0,0
200307,39,097,2,3,Madison County                ,14,14,1841223,1,2,153000,0,0,0,0,0,0,8,8,1144001,0,0,0,0,0,0,0,0,0
200307,39,103,2,3,Medina County                 ,140,140,25326206,0,0,0,0,0,0,0,0,0,124,124,22726005,0,0,0,0,0,0,0,0,0
200307,39,129,2,3,Pickaway County               ,19,19,2680546,0,0,0,0,0,0,0,0,0,13,13,1792559,0,0,0,0,0,0,0,0,0
200307,39,133,2,3,Portage County                ,53,53,8900852,0,0,0,0,0,0,0,0,0,13,13,2810350,0,0,0,0,0,0,0,0,0
200307,39,135,2,3,Preble County                 ,19,19,2113718,0,0,0,0,0,0,0,0,0,3,3,341000,0,0,0,0,0,0,0,0,0
200307,39,153,2,3,Summit County                 ,154,154,27226330,0,0,0,2,7,593759,4,23,1087500,123,123,23836446,0,0,0,2,7,593759,3,18,825000
200307,39,165,2,3,Warren County                 ,197,197,30733676,0,0,0,2,8,580000,2,18,1495000,193,193,30203054,0,0,0,2,8,580000,2,18,1495000
200307,40,001,3,7,Adair County                  ,3,3,302450,0,0,0,0,0,0,0,0,0,3,3,302450,0,0,0,0,0,0,0,0,0
200307,40,013,3,7,Bryan County                  ,8,8,1118400,1,2,80000,0,0,0,0,0,0,8,8,1118400,1,2,80000,0,0,0,0,0,0
200307,40,085,3,7,Love County                   ,0,0,0,0,0,0,0,0,0,0,0,0,0,0,0,0,0,0,0,0,0,0,0,0
200307,41,000,4,9,Oregon Balance of State       ,28,28,4238354,0,0,0,0,0,0,0,0,0,0,0,0,0,0,0,0,0,0,0,0,0
200307,41,001,4,9,Baker County                  ,3,3,576505,0,0,0,0,0,0,0,0,0,3,3,576505,0,0,0,0,0,0,0,0,0
200307,41,003,4,9,Benton County                 ,27,27,5806914,1,2,249712,0,0,0,1,9,1157805,27,27,5806914,1,2,249712,0,0,0,1,9,1157805
200307,41,005,4,9,Clackamas County              ,130,130,33243032,1,2,233016,0,0,0,0,0,0,130,130,33243032,1,2,233016,0,0,0,0,0,0
200307,41,007,4,9,Clatsop County                ,14,14,2278507,0,0,0,0,0,0,0,0,0,4,4,911530,0,0,0,0,0,0,0,0,0
200307,41,009,4,9,Columbia County               ,56,56,7187820,1,2,243759,0,0,0,0,0,0,48,48,5565630,1,2,243759,0,0,0,0,0,0
200307,41,011,4,9,Coos County                   ,5,5,719673,0,0,0,0,0,0,0,0,0,2,2,330872,0,0,0,0,0,0,0,0,0
200307,41,013,4,9,Crook County                  ,24,24,3634003,0,0,0,0,0,0,0,0,0,24,24,3634003,0,0,0,0,0,0,0,0,0
200307,41,015,4,9,Curry County                  ,27,27,6261444,1,2,178247,0,0,0,0,0,0,27,27,6261444,1,2,178247,0,0,0,0,0,0
200307,41,017,4,9,Deschutes County              ,241,241,47158284,3,6,574194,3,12,1010270,8,96,5183280,241,241,47158284,3,6,574194,3,12,1010270,8,96,5183280
200307,41,019,4,9,Douglas County                ,6,6,1073474,0,0,0,0,0,0,0,0,0,6,6,1073474,0,0,0,0,0,0,0,0,0
200307,41,025,4,9,Harney County                 ,1,1,91100,0,0,0,0,0,0,0,0,0,1,1,91100,0,0,0,0,0,0,0,0,0
200307,41,027,4,9,Hood River County             ,26,26,4265156,0,0,0,0,0,0,0,0,0,26,26,4265156,0,0,0,0,0,0,0,0,0
200307,41,029,4,9,Jackson County                ,155,155,20342108,1,2,181147,2,7,629287,1,16,922036,85,85,10398933,1,2,181147,2,7,629287,1,16,922036
200307,41,031,4,9,Jefferson County              ,11,11,1130311,0,0,0,0,0,0,0,0,0,0,0,0,0,0,0,0,0,0,0,0,0
200307,41,033,4,9,Josephine County              ,44,44,7201288,1,2,161437,2,6,365762,1,5,469719,0,0,0,0,0,0,0,0,0,0,0,0
200307,41,035,4,9,Klamath County                ,23,23,5363596,0,0,0,2,8,599000,0,0,0,23,23,5363596,0,0,0,2,8,599000,0,0,0
200307,41,037,4,9,Lake County                   ,0,0,0,0,0,0,0,0,0,0,0,0,0,0,0,0,0,0,0,0,0,0,0,0
200307,41,039,4,9,Lane County                   ,135,135,25521428,4,8,771509,0,0,0,0,0,0,110,110,22414939,2,4,478772,0,0,0,0,0,0
200307,41,041,4,9,Lincoln County                ,19,19,2609514,0,0,0,0,0,0,0,0,0,19,19,2609514,0,0,0,0,0,0,0,0,0
200307,41,043,4,9,Linn County                   ,63,63,8703655,1,2,196522,0,0,0,0,0,0,18,18,3629609,0,0,0,0,0,0,0,0,0
200307,41,045,4,9,Malheur County                ,4,4,816967,0,0,0,0,0,0,0,0,0,4,4,816967,0,0,0,0,0,0,0,0,0
200307,41,047,4,9,Marion County                 ,98,98,16875646,0,0,0,0,0,0,0,0,0,94,94,16189949,0,0,0,0,0,0,0,0,0
200307,41,049,4,9,Morrow County                 ,1,1,166904,0,0,0,0,0,0,0,0,0,1,1,166904,0,0,0,0,0,0,0,0,0
200307,41,051,4,9,Multnomah County              ,135,135,21781970,11,22,2325494,14,56,4920739,3,142,11101433,135,135,21781970,11,22,2325494,14,56,4920739,3,142,11101433
200307,41,053,4,9,Polk County                   ,18,18,3050294,1,2,253000,0,0,0,0,0,0,13,13,2243242,1,2,253000,0,0,0,0,0,0
200307,41,057,4,9,Tillamook County              ,7,7,1316835,1,2,249406,0,0,0,0,0,0,6,6,1211749,1,2,249406,0,0,0,0,0,0
200307,41,059,4,9,Umatilla County               ,18,18,2621870,0,0,0,0,0,0,0,0,0,18,18,2621870,0,0,0,0,0,0,0,0,0
200307,41,061,4,9,Union County                  ,3,3,499773,0,0,0,0,0,0,0,0,0,0,0,0,0,0,0,0,0,0,0,0,0
200307,41,065,4,9,Wasco County                  ,1,1,166038,0,0,0,0,0,0,0,0,0,1,1,166038,0,0,0,0,0,0,0,0,0
200307,41,067,4,9,Washington County             ,254,254,55651084,2,4,468059,0,0,0,0,0,0,220,220,47391086,2,4,468059,0,0,0,0,0,0
200307,41,071,4,9,Yamhill County                ,57,57,8230402,3,6,501572,1,3,149727,1,7,210625,29,29,3982048,1,2,167513,1,3,149727,0,0,0
200307,42,001,1,2,Adams County                  ,47,47,8024255,0,0,0,0,0,0,0,0,0,47,47,8024255,0,0,0,0,0,0,0,0,0
200307,42,003,1,2,Allegheny County              ,156,156,29414982,4,8,918000,0,0,0,4,21,1891944,120,120,23264114,3,6,702000,0,0,0,0,0,0
200307,42,007,1,2,Beaver County                 ,36,36,5439874,2,4,440000,1,4,440000,0,0,0,30,30,4669964,2,4,440000,1,4,440000,0,0,0
200307,42,017,1,2,Bucks County                  ,176,176,26583804,1,2,143000,11,40,2843975,8,60,3210028,126,126,18949649,1,2,143000,7,25,1940000,7,44,2755548
200307,42,019,1,2,Butler County                 ,78,78,11787920,2,4,400000,1,3,321000,1,5,180089,52,52,8391337,2,4,400000,0,0,0,0,0,0
200307,42,029,1,2,Chester County                ,346,346,48693513,0,0,0,1,3,175000,0,0,0,252,252,37350215,0,0,0,0,0,0,0,0,0
200307,42,045,1,2,Delaware County               ,49,49,10478136,1,2,185097,2,6,747500,1,5,400744,27,27,7667126,0,0,0,0,0,0,0,0,0
200307,42,051,1,2,Fayette County                ,21,21,1210400,0,0,0,0,0,0,0,0,0,19,19,1086000,0,0,0,0,0,0,0,0,0
200307,42,055,1,2,Franklin County               ,93,93,11826744,3,6,487000,1,4,235000,1,6,318000,93,93,11826744,3,6,487000,1,4,235000,1,6,318000
200307,42,065,1,2,Jefferson County              ,6,6,757000,3,6,362000,0,0,0,0,0,0,6,6,757000,3,6,362000,0,0,0,0,0,0
200307,42,091,1,2,Montgomery County             ,237,237,29847745,0,0,0,2,8,578051,1,5,187057,173,173,21857726,0,0,0,2,8,578051,0,0,0
200307,42,101,1,2,Philadelphia County           ,13,13,1990368,8,16,1403584,3,9,650307,3,60,4163267,13,13,1990368,8,16,1403584,3,9,650307,3,60,4163267
200307,42,103,1,2,Pike County                   ,77,77,12823837,0,0,0,0,0,0,0,0,0,73,73,12210389,0,0,0,0,0,0,0,0,0
200307,42,125,1,2,Washington County             ,88,88,14679195,1,2,229500,0,0,0,1,7,320000,52,52,8693946,0,0,0,0,0,0,1,7,320000
200307,42,129,1,2,Westmoreland County           ,115,115,17513153,1,2,200000,0,0,0,1,5,125000,77,77,12497311,1,2,200000,0,0,0,0,0,0
200307,44,001,1,1,Bristol County                ,9,9,1386794,0,0,0,0,0,0,1,10,300000,9,9,1386794,0,0,0,0,0,0,1,10,300000
200307,44,003,1,1,Kent County                   ,23,23,3311558,0,0,0,0,0,0,0,0,0,5,5,807700,0,0,0,0,0,0,0,0,0
200307,44,005,1,1,Newport County                ,15,15,3781279,1,2,170000,0,0,0,0,0,0,11,11,3279100,0,0,0,0,0,0,0,0,0
200307,44,007,1,1,Providence County             ,64,64,8530179,4,8,417964,0,0,0,1,22,131526,44,44,6256904,2,4,180000,0,0,0,0,0,0
200307,44,009,1,1,Washington County             ,61,61,9180847,0,0,0,0,0,0,0,0,0,26,26,3519244,0,0,0,0,0,0,0,0,0
200307,45,001,3,5,Abbeville County              ,6,6,553257,0,0,0,0,0,0,0,0,0,0,0,0,0,0,0,0,0,0,0,0,0
200307,45,003,3,5,Aiken County                  ,80,80,9592058,0,0,0,0,0,0,0,0,0,55,55,6773984,0,0,0,0,0,0,0,0,0
200307,45,007,3,5,Anderson County               ,84,84,10685753,0,0,0,0,0,0,0,0,0,84,84,10685753,0,0,0,0,0,0,0,0,0
200307,45,015,3,5,Berkeley County               ,91,91,11533669,0,0,0,0,0,0,0,0,0,46,46,5812200,0,0,0,0,0,0,0,0,0
200307,45,023,3,5,Chester County                ,4,4,526446,0,0,0,0,0,0,0,0,0,4,4,526446,0,0,0,0,0,0,0,0,0
200307,45,027,3,5,Clarendon County              ,7,7,720099,0,0,0,0,0,0,0,0,0,7,7,720099,0,0,0,0,0,0,0,0,0
200307,45,037,3,5,Edgefield County              ,13,13,1371632,0,0,0,0,0,0,0,0,0,13,13,1371632,0,0,0,0,0,0,0,0,0
200307,45,045,3,5,Greenville County             ,311,311,30839801,1,2,86000,1,3,162471,1,5,836625,307,307,30038571,1,2,86000,0,0,0,0,0,0
200307,45,047,3,5,Greenwood County              ,12,12,1397168,1,2,213200,0,0,0,0,0,0,12,12,1397168,1,2,213200,0,0,0,0,0,0
200307,45,053,3,5,Jasper County                 ,6,6,592427,0,0,0,0,0,0,0,0,0,5,5,490094,0,0,0,0,0,0,0,0,0
200307,45,073,3,5,Oconee County                 ,54,54,9040849,0,0,0,1,4,375000,1,5,258227,2,2,175296,0,0,0,1,4,375000,0,0,0
200307,45,077,3,5,Pickens County                ,36,36,6769158,0,0,0,0,0,0,0,0,0,29,29,5560439,0,0,0,0,0,0,0,0,0
200307,45,081,3,5,Saluda County                 ,3,3,606000,0,0,0,0,0,0,0,0,0,3,3,606000,0,0,0,0,0,0,0,0,0
200307,45,085,3,5,Sumter County                 ,33,33,3179385,2,4,232134,0,0,0,0,0,0,0,0,0,0,0,0,0,0,0,0,0,0
200307,45,087,3,5,Union County                  ,2,2,304240,0,0,0,0,0,0,0,0,0,2,2,304240,0,0,0,0,0,0,0,0,0
200307,45,091,3,5,York County                   ,199,199,28903322,0,0,0,2,8,568455,6,40,2472706,126,126,20259848,0,0,0,2,8,568455,5,29,2137072
200307,46,007,2,4,Bennett County                ,0,0,0,0,0,0,0,0,0,0,0,0,0,0,0,0,0,0,0,0,0,0,0,0
200307,46,027,2,4,Clay County                   ,3,3,366262,0,0,0,0,0,0,0,0,0,0,0,0,0,0,0,0,0,0,0,0,0
200307,46,079,2,4,Lake County                   ,10,10,1579264,0,0,0,0,0,0,0,0,0,5,5,924866,0,0,0,0,0,0,0,0,0
200307,46,093,2,4,Meade County                  ,8,8,876476,0,0,0,0,0,0,0,0,0,6,6,668000,0,0,0,0,0,0,0,0,0
200307,46,095,2,4,Mellette County               ,0,0,0,0,0,0,0,0,0,0,0,0,0,0,0,0,0,0,0,0,0,0,0,0
200307,46,121,2,4,Todd County                   ,0,0,0,0,0,0,0,0,0,0,0,0,0,0,0,0,0,0,0,0,0,0,0,0
200307,47,011,3,6,Bradley County                ,45,45,3869618,0,0,0,0,0,0,0,0,0,32,32,2281195,0,0,0,0,0,0,0,0,0
200307,47,021,3,6,Cheatham County               ,15,15,1916342,0,0,0,0,0,0,1,6,265505,12,12,1752500,0,0,0,0,0,0,0,0,0
200307,47,025,3,6,Claiborne County              ,10,10,1438800,0,0,0,0,0,0,0,0,0,10,10,1438800,0,0,0,0,0,0,0,0,0
200307,47,031,3,6,Coffee County                 ,15,15,2317312,0,0,0,0,0,0,0,0,0,15,15,2317312,0,0,0,0,0,0,0,0,0
200307,47,037,3,6,Davidson County               ,289,289,45183498,5,10,1528739,0,0,0,2,29,2210765,13,13,3292425,0,0,0,0,0,0,0,0,0
200307,47,043,3,6,Dickson County                ,27,27,3761757,0,0,0,0,0,0,1,7,412624,19,19,3005768,0,0,0,0,0,0,0,0,0
200307,47,047,3,6,Fayette County                ,29,29,4502448,0,0,0,0,0,0,0,0,0,29,29,4502448,0,0,0,0,0,0,0,0,0
200307,47,063,3,6,Hamblen County                ,20,20,1919700,1,2,80000,0,0,0,1,8,480000,20,20,1919700,1,2,80000,0,0,0,1,8,480000
200307,47,081,3,6,Hickman County                ,1,1,39790,0,0,0,0,0,0,0,0,0,1,1,39790,0,0,0,0,0,0,0,0,0
200307,47,093,3,6,Knox County                   ,251,251,31749650,4,8,416951,3,10,660283,1,8,519370,218,218,29228636,0,0,0,1,4,220000,0,0,0
200307,47,113,3,6,Madison County                ,58,58,5452700,0,0,0,0,0,0,0,0,0,58,58,5452700,0,0,0,0,0,0,0,0,0
200307,47,125,3,6,Montgomery County             ,147,147,11939880,3,6,210000,0,0,0,0,0,0,147,147,11939880,3,6,210000,0,0,0,0,0,0
200307,47,127,3,6,Moore County                  ,9,9,1183000,0,0,0,0,0,0,0,0,0,9,9,1183000,0,0,0,0,0,0,0,0,0
200307,47,147,3,6,Robertson County              ,49,49,5180708,0,0,0,0,0,0,0,0,0,42,42,4406864,0,0,0,0,0,0,0,0,0
200307,47,149,3,6,Rutherford County             ,321,321,34075038,1,2,160000,0,0,0,5,37,1929481,260,260,28772445,1,2,160000,0,0,0,5,37,1929481
200307,47,157,3,6,Shelby County                 ,312,312,47572324,1,2,145953,0,0,0,0,0,0,312,312,47572324,1,2,145953,0,0,0,0,0,0
200307,47,165,3,6,Sumner County                 ,115,115,12066545,0,0,0,0,0,0,0,0,0,115,115,12066545,0,0,0,0,0,0,0,0,0
200307,47,167,3,6,Tipton County                 ,43,43,4824833,0,0,0,0,0,0,0,0,0,26,26,3224350,0,0,0,0,0,0,0,0,0
200307,47,177,3,6,Warren County                 ,2,2,128000,0,0,0,0,0,0,0,0,0,2,2,128000,0,0,0,0,0,0,0,0,0
200307,47,187,3,6,Williamson County             ,139,139,29770876,0,0,0,0,0,0,0,0,0,25,25,8376088,0,0,0,0,0,0,0,0,0
200307,47,189,3,6,Wilson County                 ,113,113,14703707,0,0,0,0,0,0,1,115,6527668,113,113,14703707,0,0,0,0,0,0,1,115,6527668
200307,48,039,3,7,Brazoria County               ,319,319,53292397,0,0,0,0,0,0,11,158,7552874,318,318,53226647,0,0,0,0,0,0,11,158,7552874
200307,48,041,3,7,Brazos County                 ,97,97,9655344,6,12,683114,0,0,0,2,40,2142909,0,0,0,0,0,0,0,0,0,0,0,0
200307,48,063,3,7,Camp County                   ,1,1,22000,0,0,0,0,0,0,0,0,0,1,1,22000,0,0,0,0,0,0,0,0,0
200307,48,071,3,7,Chambers County               ,29,29,3770139,0,0,0,0,0,0,0,0,0,29,29,3770139,0,0,0,0,0,0,0,0,0
200307,48,083,3,7,Coleman County                ,0,0,0,0,0,0,0,0,0,0,0,0,0,0,0,0,0,0,0,0,0,0,0,0
200307,48,085,3,7,Collin County                 ,1033,1033,185999534,0,0,0,1,4,360000,0,0,0,1010,1010,180398527,0,0,0,1,4,360000,0,0,0
200307,48,113,3,7,Dallas County                 ,969,969,161874820,3,6,807130,2,6,540000,12,452,21080000,847,847,142747821,3,6,807130,2,6,540000,12,452,21080000
200307,48,121,3,7,Denton County                 ,391,391,65538489,0,0,0,0,0,0,11,166,12622585,339,339,57074812,0,0,0,0,0,0,9,137,10714114
200307,48,135,3,7,Ector County                  ,14,14,2080450,0,0,0,0,0,0,0,0,0,14,14,2080450,0,0,0,0,0,0,0,0,0
200307,48,139,3,7,Ellis County                  ,76,76,8821700,0,0,0,0,0,0,1,5,175706,53,53,6043847,0,0,0,0,0,0,0,0,0
200307,48,151,3,7,Fisher County                 ,0,0,0,0,0,0,0,0,0,0,0,0,0,0,0,0,0,0,0,0,0,0,0,0
200307,48,157,3,7,Fort Bend County              ,90,90,13731212,0,0,0,0,0,0,0,0,0,88,88,13509306,0,0,0,0,0,0,0,0,0
200307,48,167,3,7,Galveston County              ,187,187,25444489,0,0,0,0,0,0,0,0,0,182,182,24941962,0,0,0,0,0,0,0,0,0
200307,48,169,3,7,Garza County                  ,0,0,0,0,0,0,0,0,0,0,0,0,0,0,0,0,0,0,0,0,0,0,0,0
200307,48,201,3,7,Harris County                 ,2398,2398,257192482,6,12,631906,0,0,0,8,196,11988028,2396,2396,256447930,6,12,631906,0,0,0,8,196,11988028
200307,48,207,3,7,Haskell County                ,0,0,0,0,0,0,0,0,0,0,0,0,0,0,0,0,0,0,0,0,0,0,0,0
200307,48,211,3,7,Hemphill County               ,0,0,0,0,0,0,0,0,0,0,0,0,0,0,0,0,0,0,0,0,0,0,0,0
200307,48,213,3,7,Henderson County              ,10,10,851086,0,0,0,0,0,0,0,0,0,4,4,374000,0,0,0,0,0,0,0,0,0
200307,48,221,3,7,Hood County                   ,11,11,833700,0,0,0,0,0,0,0,0,0,11,11,833700,0,0,0,0,0,0,0,0,0
200307,48,231,3,7,Hunt County                   ,4,4,379000,0,0,0,0,0,0,0,0,0,4,4,379000,0,0,0,0,0,0,0,0,0
200307,48,251,3,7,Johnson County                ,107,107,10682587,0,0,0,0,0,0,0,0,0,107,107,10682587,0,0,0,0,0,0,0,0,0
200307,48,257,3,7,Kaufman County                ,96,96,21251222,1,2,100000,1,4,440000,0,0,0,91,91,20701090,1,2,100000,1,4,440000,0,0,0
200307,48,265,3,7,Kerr County                   ,10,10,976935,0,0,0,0,0,0,0,0,0,10,10,976935,0,0,0,0,0,0,0,0,0
200307,48,291,3,7,Liberty County                ,35,35,3134516,0,0,0,0,0,0,0,0,0,35,35,3134516,0,0,0,0,0,0,0,0,0
200307,48,319,3,7,Mason County                  ,0,0,0,0,0,0,0,0,0,0,0,0,0,0,0,0,0,0,0,0,0,0,0,0
200307,48,323,3,7,Maverick County               ,13,13,813028,0,0,0,0,0,0,0,0,0,13,13,813028,0,0,0,0,0,0,0,0,0
200307,48,329,3,7,Midland County                ,28,28,3544284,0,0,0,0,0,0,0,0,0,28,28,3544284,0,0,0,0,0,0,0,0,0
200307,48,339,3,7,Montgomery County             ,497,497,69267264,0,0,0,0,0,0,0,0,0,483,483,67680702,0,0,0,0,0,0,0,0,0
200307,48,367,3,7,Parker County                 ,35,35,4134814,0,0,0,0,0,0,0,0,0,11,11,1625477,0,0,0,0,0,0,0,0,0
200307,48,375,3,7,Potter County                 ,76,76,11904133,0,0,0,0,0,0,0,0,0,76,76,11904133,0,0,0,0,0,0,0,0,0
200307,48,397,3,7,Rockwall County               ,105,105,20459508,0,0,0,0,0,0,0,0,0,105,105,20459508,0,0,0,0,0,0,0,0,0
200307,48,437,3,7,Swisher County                ,0,0,0,0,0,0,0,0,0,0,0,0,0,0,0,0,0,0,0,0,0,0,0,0
200307,48,439,3,7,Tarrant County                ,1166,1166,159368001,2,4,190600,3,12,600000,2,20,680376,1042,1042,135045544,2,4,190600,3,12,600000,2,20,680376
200307,48,451,3,7,Tom Green County              ,27,27,3438300,0,0,0,0,0,0,0,0,0,27,27,3438300,0,0,0,0,0,0,0,0,0
200307,48,465,3,7,Val Verde County              ,7,7,411280,0,0,0,0,0,0,0,0,0,7,7,411280,0,0,0,0,0,0,0,0,0
200307,48,469,3,7,Victoria County               ,8,8,977077,0,0,0,0,0,0,0,0,0,8,8,977077,0,0,0,0,0,0,0,0,0
200307,48,473,3,7,Waller County                 ,4,4,160000,0,0,0,0,0,0,1,8,176013,4,4,160000,0,0,0,0,0,0,0,0,0
200307,48,479,3,7,Webb County                   ,145,145,11832325,0,0,0,2,6,233220,1,19,821931,0,0,0,0,0,0,0,0,0,0,0,0
200307,49,011,4,8,Davis County                  ,288,288,40786129,3,6,757855,2,8,880178,2,12,1264959,273,273,38449474,3,6,757855,2,8,880178,2,12,1264959
200307,49,035,4,8,Salt Lake County              ,455,455,68272155,4,8,844311,7,23,1912556,6,103,6574790,340,340,54613313,2,4,500008,5,16,1420444,4,83,5336046
200307,49,039,4,8,Sanpete County                ,9,9,779436,1,2,106005,0,0,0,0,0,0,7,7,620600,0,0,0,0,0,0,0,0,0
200307,49,057,4,8,Weber County                  ,113,113,14062720,0,0,0,2,6,621498,0,0,0,75,75,10134381,0,0,0,2,6,621498,0,0,0
200307,50,013,1,1,Grand Isle County             ,4,4,512766,0,0,0,0,0,0,0,0,0,0,0,0,0,0,0,0,0,0,0,0,0
200307,51,003,3,5,Albemarle County              ,49,49,9304569,1,2,136250,0,0,0,0,0,0,49,49,9304569,1,2,136250,0,0,0,0,0,0
200307,51,007,3,5,Amelia County                 ,11,11,1525100,0,0,0,0,0,0,0,0,0,11,11,1525100,0,0,0,0,0,0,0,0,0
200307,51,009,3,5,Amherst County                ,9,9,1344445,0,0,0,0,0,0,0,0,0,9,9,1344445,0,0,0,0,0,0,0,0,0
200307,51,013,3,5,Arlington County              ,0,0,0,0,0,0,0,0,0,0,0,0,0,0,0,0,0,0,0,0,0,0,0,0
200307,51,015,3,5,Augusta County                ,49,49,5783900,0,0,0,0,0,0,0,0,0,49,49,5783900,0,0,0,0,0,0,0,0,0
200307,51,019,3,5,Bedford County                ,45,45,7248020,0,0,0,0,0,0,0,0,0,45,45,7248020,0,0,0,0,0,0,0,0,0
200307,51,023,3,5,Botetourt County              ,21,21,3043795,0,0,0,0,0,0,0,0,0,21,21,3043795,0,0,0,0,0,0,0,0,0
200307,51,029,3,5,Buckingham County             ,10,10,1034183,0,0,0,0,0,0,0,0,0,10,10,1034183,0,0,0,0,0,0,0,0,0
200307,51,031,3,5,Campbell County               ,16,16,2194400,0,0,0,0,0,0,0,0,0,16,16,2194400,0,0,0,0,0,0,0,0,0
200307,51,035,3,5,Carroll County                ,23,23,2148667,0,0,0,0,0,0,0,0,0,22,22,2062000,0,0,0,0,0,0,0,0,0
200307,51,036,3,5,Charles City County           ,4,4,824708,0,0,0,0,0,0,0,0,0,4,4,824708,0,0,0,0,0,0,0,0,0
200307,51,037,3,5,Charlotte County              ,8,8,637155,0,0,0,0,0,0,0,0,0,8,8,637155,0,0,0,0,0,0,0,0,0
200307,51,041,3,5,Chesterfield County           ,148,148,19293591,0,0,0,0,0,0,0,0,0,148,148,19293591,0,0,0,0,0,0,0,0,0
200307,51,043,3,5,Clarke County                 ,8,8,1352435,0,0,0,0,0,0,0,0,0,8,8,1352435,0,0,0,0,0,0,0,0,0
200307,51,047,3,5,Culpeper County               ,52,52,7231736,0,0,0,0,0,0,0,0,0,0,0,0,0,0,0,0,0,0,0,0,0
200307,51,049,3,5,Cumberland County             ,1,1,80000,0,0,0,0,0,0,0,0,0,1,1,80000,0,0,0,0,0,0,0,0,0
200307,51,053,3,5,Dinwiddie County              ,16,16,1667527,0,0,0,0,0,0,0,0,0,16,16,1667527,0,0,0,0,0,0,0,0,0
200307,51,057,3,5,Essex County                  ,8,8,1345520,1,2,80000,0,0,0,2,12,583224,8,8,1345520,1,2,80000,0,0,0,2,12,583224
200307,51,059,3,5,Fairfax County                ,274,274,35719216,0,0,0,0,0,0,2,109,6666812,274,274,35719216,0,0,0,0,0,0,2,109,6666812
200307,51,061,3,5,Fauquier County               ,80,80,13294840,0,0,0,0,0,0,0,0,0,61,61,10055795,0,0,0,0,0,0,0,0,0
200307,51,063,3,5,Floyd County                  ,10,10,1056000,0,0,0,0,0,0,0,0,0,10,10,1056000,0,0,0,0,0,0,0,0,0
200307,51,065,3,5,Fluvanna County               ,45,45,7050391,0,0,0,0,0,0,0,0,0,45,45,7050391,0,0,0,0,0,0,0,0,0
200307,51,067,3,5,Franklin County               ,50,50,9193617,0,0,0,0,0,0,0,0,0,50,50,9193617,0,0,0,0,0,0,0,0,0
200307,51,069,3,5,Frederick County              ,101,101,14221900,0,0,0,0,0,0,0,0,0,101,101,14221900,0,0,0,0,0,0,0,0,0
200307,51,073,3,5,Gloucester County             ,39,39,4157000,0,0,0,0,0,0,0,0,0,39,39,4157000,0,0,0,0,0,0,0,0,0
200307,51,075,3,5,Goochland County              ,18,18,4155225,0,0,0,0,0,0,0,0,0,18,18,4155225,0,0,0,0,0,0,0,0,0
200307,51,077,3,5,Grayson County                ,13,13,868385,0,0,0,0,0,0,0,0,0,0,0,0,0,0,0,0,0,0,0,0,0
200307,51,079,3,5,Greene County                 ,18,18,2797000,0,0,0,0,0,0,0,0,0,18,18,2797000,0,0,0,0,0,0,0,0,0
200307,51,083,3,5,Halifax County                ,8,8,796500,0,0,0,0,0,0,0,0,0,8,8,796500,0,0,0,0,0,0,0,0,0
200307,51,085,3,5,Hanover County                ,74,74,11159332,0,0,0,0,0,0,0,0,0,74,74,11159332,0,0,0,0,0,0,0,0,0
200307,51,087,3,5,Henrico County                ,171,171,22291919,0,0,0,0,0,0,0,0,0,171,171,22291919,0,0,0,0,0,0,0,0,0
200307,51,089,3,5,Henry County                  ,14,14,2170800,0,0,0,0,0,0,0,0,0,14,14,2170800,0,0,0,0,0,0,0,0,0
200307,51,093,3,5,Isle of Wight County          ,45,45,6350319,0,0,0,0,0,0,0,0,0,45,45,6350319,0,0,0,0,0,0,0,0,0
200307,51,095,3,5,James City County             ,85,85,11080779,2,4,291906,0,0,0,0,0,0,85,85,11080779,2,4,291906,0,0,0,0,0,0
200307,51,099,3,5,King George County            ,34,34,4432311,0,0,0,0,0,0,0,0,0,34,34,4432311,0,0,0,0,0,0,0,0,0
200307,51,101,3,5,King William County           ,15,15,1341427,0,0,0,0,0,0,0,0,0,15,15,1341427,0,0,0,0,0,0,0,0,0
200307,51,103,3,5,Lancaster County              ,9,9,1163800,0,0,0,0,0,0,0,0,0,9,9,1163800,0,0,0,0,0,0,0,0,0
200307,51,105,3,5,Lee County                    ,2,2,305000,0,0,0,0,0,0,0,0,0,2,2,305000,0,0,0,0,0,0,0,0,0
200307,51,107,3,5,Loudoun County                ,428,428,55794979,0,0,0,0,0,0,5,72,4403766,428,428,55794979,0,0,0,0,0,0,5,72,4403766
200307,51,109,3,5,Louisa County                 ,46,46,5483170,0,0,0,0,0,0,0,0,0,46,46,5483170,0,0,0,0,0,0,0,0,0
200307,51,111,3,5,Lunenburg County              ,2,2,266000,0,0,0,0,0,0,0,0,0,2,2,266000,0,0,0,0,0,0,0,0,0
200307,51,113,3,5,Madison County                ,6,6,1078000,0,0,0,0,0,0,0,0,0,6,6,1078000,0,0,0,0,0,0,0,0,0
200307,51,115,3,5,Mathews County                ,8,8,763000,0,0,0,0,0,0,0,0,0,8,8,763000,0,0,0,0,0,0,0,0,0
200307,51,119,3,5,Middlesex County              ,10,10,1692553,0,0,0,0,0,0,0,0,0,10,10,1692553,0,0,0,0,0,0,0,0,0
200307,51,121,3,5,Montgomery County             ,54,54,5772237,0,0,0,1,4,360000,1,9,426000,16,16,1185900,0,0,0,1,4,360000,1,9,426000
200307,51,125,3,5,Nelson County                 ,14,14,2786431,0,0,0,0,0,0,0,0,0,14,14,2786431,0,0,0,0,0,0,0,0,0
200307,51,127,3,5,New Kent County               ,39,39,5120780,0,0,0,0,0,0,0,0,0,39,39,5120780,0,0,0,0,0,0,0,0,0
200307,51,131,3,5,Northampton County            ,9,9,1146800,0,0,0,0,0,0,0,0,0,9,9,1146800,0,0,0,0,0,0,0,0,0
200307,51,133,3,5,Northumberland County         ,16,16,2559744,0,0,0,0,0,0,0,0,0,0,0,0,0,0,0,0,0,0,0,0,0
200307,51,137,3,5,Orange County                 ,43,43,6842326,0,0,0,0,0,0,0,0,0,43,43,6842326,0,0,0,0,0,0,0,0,0
200307,51,139,3,5,Page County                   ,12,12,1443500,0,0,0,0,0,0,0,0,0,12,12,1443500,0,0,0,0,0,0,0,0,0
200307,51,141,3,5,Patrick County                ,9,9,1105159,0,0,0,0,0,0,0,0,0,9,9,1105159,0,0,0,0,0,0,0,0,0
200307,51,143,3,5,Pittsylvania County           ,19,19,2393017,0,0,0,0,0,0,1,5,295125,0,0,0,0,0,0,0,0,0,0,0,0
200307,51,145,3,5,Powhatan County               ,39,39,6864604,0,0,0,0,0,0,0,0,0,39,39,6864604,0,0,0,0,0,0,0,0,0
200307,51,147,3,5,Prince Edward County          ,7,7,799483,1,2,74495,0,0,0,1,5,284028,0,0,0,0,0,0,0,0,0,0,0,0
200307,51,149,3,5,Prince George County          ,25,25,2796162,0,0,0,0,0,0,0,0,0,0,0,0,0,0,0,0,0,0,0,0,0
200307,51,153,3,5,Prince William County         ,565,565,74063501,0,0,0,0,0,0,0,0,0,563,563,73363501,0,0,0,0,0,0,0,0,0
200307,51,157,3,5,Rappahannock County           ,6,6,1160766,0,0,0,0,0,0,0,0,0,0,0,0,0,0,0,0,0,0,0,0,0
200307,51,161,3,5,Roanoke County                ,42,42,2968241,0,0,0,0,0,0,0,0,0,42,42,2968241,0,0,0,0,0,0,0,0,0
200307,51,163,3,5,Rockbridge County             ,23,23,1905747,0,0,0,0,0,0,0,0,0,0,0,0,0,0,0,0,0,0,0,0,0
200307,51,165,3,5,Rockingham County             ,32,32,3604100,0,0,0,0,0,0,0,0,0,32,32,3604100,0,0,0,0,0,0,0,0,0
200307,51,167,3,5,Russell County                ,12,12,1416968,0,0,0,0,0,0,0,0,0,12,12,1416968,0,0,0,0,0,0,0,0,0
200307,51,169,3,5,Scott County                  ,12,12,1154080,0,0,0,0,0,0,0,0,0,12,12,1154080,0,0,0,0,0,0,0,0,0
200307,51,171,3,5,Shenandoah County             ,44,44,5273000,0,0,0,0,0,0,0,0,0,44,44,5273000,0,0,0,0,0,0,0,0,0
200307,51,173,3,5,Smyth County                  ,4,4,519369,0,0,0,0,0,0,0,0,0,4,4,519369,0,0,0,0,0,0,0,0,0
200307,51,175,3,5,Southampton County            ,7,7,660419,0,0,0,0,0,0,0,0,0,0,0,0,0,0,0,0,0,0,0,0,0
200307,51,177,3,5,Spotsylvania County           ,101,101,11339265,0,0,0,0,0,0,0,0,0,101,101,11339265,0,0,0,0,0,0,0,0,0
200307,51,179,3,5,Stafford County               ,78,78,14506055,0,0,0,0,0,0,0,0,0,78,78,14506055,0,0,0,0,0,0,0,0,0
200307,51,181,3,5,Surry County                  ,6,6,544398,0,0,0,0,0,0,0,0,0,0,0,0,0,0,0,0,0,0,0,0,0
200307,51,185,3,5,Tazewell County               ,8,8,920545,0,0,0,0,0,0,0,0,0,8,8,920545,0,0,0,0,0,0,0,0,0
200307,51,187,3,5,Warren County                 ,33,33,4896792,0,0,0,0,0,0,0,0,0,0,0,0,0,0,0,0,0,0,0,0,0
200307,51,191,3,5,Washington County             ,24,24,1641803,0,0,0,0,0,0,1,5,149739,0,0,0,0,0,0,0,0,0,0,0,0
200307,51,193,3,5,Westmoreland County           ,13,13,1508731,0,0,0,0,0,0,0,0,0,9,9,1021520,0,0,0,0,0,0,0,0,0
200307,51,197,3,5,Wythe County                  ,4,4,492483,0,0,0,0,0,0,0,0,0,1,1,250000,0,0,0,0,0,0,0,0,0
200307,51,199,3,5,York County                   ,39,39,6858134,4,8,646000,0,0,0,0,0,0,39,39,6858134,4,8,646000,0,0,0,0,0,0
200307,51,510,3,5,Alexandria (Independent City) ,1,1,200000,0,0,0,0,0,0,0,0,0,1,1,200000,0,0,0,0,0,0,0,0,0
200307,51,540,3,5,Charlottesville (Independent C,6,6,1315000,1,2,120000,0,0,0,0,0,0,6,6,1315000,1,2,120000,0,0,0,0,0,0
200307,51,550,3,5,Chesapeake(Independent City)  ,97,97,17118750,0,0,0,0,0,0,2,45,1605587,97,97,17118750,0,0,0,0,0,0,2,45,1605587
200307,51,570,3,5,Colonial Heights (Independent ,3,3,440000,0,0,0,0,0,0,0,0,0,3,3,440000,0,0,0,0,0,0,0,0,0
200307,51,590,3,5,Danville (Independent City)   ,14,14,1217800,2,4,313970,0,0,0,0,0,0,14,14,1217800,2,4,313970,0,0,0,0,0,0
200307,51,600,3,5,Fairfax (Independent City)    ,0,0,0,0,0,0,0,0,0,0,0,0,0,0,0,0,0,0,0,0,0,0,0,0
200307,51,610,3,5,Falls Church (Independent City,0,0,0,0,0,0,0,0,0,0,0,0,0,0,0,0,0,0,0,0,0,0,0,0
200307,51,620,3,5,Franklin (Independent City)   ,1,1,82256,1,2,120000,0,0,0,0,0,0,0,0,0,0,0,0,0,0,0,0,0,0
200307,51,630,3,5,Fredericksburg(Independent Cit,2,2,2200000,0,0,0,0,0,0,0,0,0,2,2,2200000,0,0,0,0,0,0,0,0,0
200307,51,650,3,5,Hampton (Independent City)    ,28,28,2387753,0,0,0,0,0,0,0,0,0,0,0,0,0,0,0,0,0,0,0,0,0
200307,51,660,3,5,Harrisonburg (Independent City,15,15,1566000,0,0,0,0,0,0,0,0,0,15,15,1566000,0,0,0,0,0,0,0,0,0
200307,51,670,3,5,Hopewell (Independent City)   ,1,1,80000,0,0,0,0,0,0,0,0,0,1,1,80000,0,0,0,0,0,0,0,0,0
200307,51,680,3,5,Lynchburg (Independent City)  ,29,29,4768080,0,0,0,0,0,0,0,0,0,29,29,4768080,0,0,0,0,0,0,0,0,0
200307,51,683,3,5,Manassas (Independent City)   ,14,14,1465940,0,0,0,0,0,0,0,0,0,0,0,0,0,0,0,0,0,0,0,0,0
200307,51,685,3,5,Manassas Park (Independent Cit,7,7,883077,0,0,0,0,0,0,1,8,351351,0,0,0,0,0,0,0,0,0,0,0,0
200307,51,700,3,5,Newport News (Independent City,22,22,1597130,0,0,0,0,0,0,0,0,0,22,22,1597130,0,0,0,0,0,0,0,0,0
200307,51,710,3,5,Norfolk (Independent City)    ,37,37,4823398,0,0,0,0,0,0,0,0,0,37,37,4823398,0,0,0,0,0,0,0,0,0
200307,51,730,3,5,Petersburg (Independent City) ,1,1,58750,0,0,0,0,0,0,0,0,0,0,0,0,0,0,0,0,0,0,0,0,0
200307,51,735,3,5,Poquoson (Independent City)   ,7,7,1545000,0,0,0,0,0,0,0,0,0,7,7,1545000,0,0,0,0,0,0,0,0,0
200307,51,740,3,5,Portsmouth (Independent City) ,10,10,1303621,0,0,0,0,0,0,0,0,0,10,10,1303621,0,0,0,0,0,0,0,0,0
200307,51,750,3,5,Radford (Independent City)    ,5,5,369727,0,0,0,0,0,0,1,5,227875,0,0,0,0,0,0,0,0,0,0,0,0
200307,51,760,3,5,Richmond (Independent City)   ,16,16,2240891,0,0,0,0,0,0,0,0,0,16,16,2240891,0,0,0,0,0,0,0,0,0
200307,51,770,3,5,Roanoke (Independent City)    ,15,15,1237931,1,2,59571,0,0,0,0,0,0,15,15,1237931,1,2,59571,0,0,0,0,0,0
200307,51,775,3,5,Salem (Independent City)      ,3,3,491543,0,0,0,0,0,0,0,0,0,3,3,491543,0,0,0,0,0,0,0,0,0
200307,51,790,3,5,Staunton (Independent City)   ,5,5,396339,0,0,0,0,0,0,0,0,0,0,0,0,0,0,0,0,0,0,0,0,0
200307,51,800,3,5,Suffolk (Independent City)    ,99,99,10563658,1,2,91230,1,3,190871,1,17,787805,0,0,0,0,0,0,0,0,0,0,0,0
200307,51,810,3,5,Virginia Beach (Independent Ci,153,153,19945402,1,2,145953,1,3,208678,0,0,0,153,153,19945402,1,2,145953,1,3,208678,0,0,0
200307,51,820,3,5,Waynesboro (Independent City) ,7,7,477549,0,0,0,0,0,0,0,0,0,0,0,0,0,0,0,0,0,0,0,0,0
200307,51,830,3,5,Williamsburg (Independent City,2,2,65000,0,0,0,0,0,0,0,0,0,2,2,65000,0,0,0,0,0,0,0,0,0
200307,51,840,3,5,Winchester (Independent City) ,17,17,2081290,0,0,0,0,0,0,0,0,0,17,17,2081290,0,0,0,0,0,0,0,0,0
200307,53,011,4,9,Clark County                  ,310,310,45126387,1,2,178555,0,0,0,8,84,5662831,298,298,42839622,1,2,178555,0,0,0,8,84,5662831
200307,53,029,4,9,Island County                 ,74,74,11672948,0,0,0,0,0,0,0,0,0,74,74,11672948,0,0,0,0,0,0,0,0,0
200307,53,031,4,9,Jefferson County              ,30,30,4038808,0,0,0,0,0,0,0,0,0,30,30,4038808,0,0,0,0,0,0,0,0,0
200307,53,033,4,9,King County                   ,545,545,114095753,2,4,554468,0,0,0,16,555,44947200,516,516,106470160,1,2,238000,0,0,0,14,545,43608138
200307,53,035,4,9,Kitsap County                 ,114,114,17819974,1,2,225000,0,0,0,0,0,0,110,110,17398948,1,2,225000,0,0,0,0,0,0
200307,53,053,4,9,Pierce County                 ,366,366,54075783,21,42,3634940,2,8,693535,1,10,585555,340,340,50611134,20,40,3448349,2,8,693535,0,0,0
200307,53,061,4,9,Snohomish County              ,411,411,62755614,5,10,934986,2,6,763228,3,16,1507238,278,278,44786649,3,6,643994,1,3,263611,0,0,0
200307,53,067,4,9,Thurston County               ,137,137,26388194,4,8,867016,0,0,0,1,26,1300000,136,136,26181997,2,4,315776,0,0,0,1,26,1300000
200307,54,003,3,5,Berkeley County               ,143,143,18038935,3,6,218750,0,0,0,0,0,0,11,11,739461,2,4,160000,0,0,0,0,0,0
200307,54,011,3,5,Cabell County                 ,5,5,691617,0,0,0,1,3,200000,0,0,0,4,4,629707,0,0,0,0,0,0,0,0,0
200307,54,031,3,5,Hardy County                  ,11,11,768222,0,0,0,0,0,0,0,0,0,0,0,0,0,0,0,0,0,0,0,0,0
200307,54,037,3,5,Jefferson County              ,61,61,11383317,0,0,0,0,0,0,0,0,0,3,3,345900,0,0,0,0,0,0,0,0,0
200307,54,091,3,5,Taylor County                 ,0,0,0,0,0,0,0,0,0,0,0,0,0,0,0,0,0,0,0,0,0,0,0,0
200307,55,059,2,3,Kenosha County                ,86,86,13240606,4,8,953000,0,0,0,5,43,3128164,33,33,5798877,3,6,693000,0,0,0,2,24,2000000
200307,55,078,2,3,Menominee County              ,2,2,110000,0,0,0,0,0,0,0,0,0,2,2,110000,0,0,0,0,0,0,0,0,0
200307,55,079,2,3,Milwaukee County              ,78,78,15862138,3,6,547667,0,0,0,4,106,11200000,77,77,15606182,2,4,390000,0,0,0,4,106,11200000
200307,55,089,2,3,Ozaukee County                ,37,37,8761590,3,6,670000,0,0,0,1,5,187500,15,15,2658176,1,2,150000,0,0,0,0,0,0
200307,55,093,2,3,Pierce County                 ,30,30,5320419,0,0,0,0,0,0,1,5,187500,8,8,1481000,0,0,0,0,0,0,0,0,0
200307,55,101,2,3,Racine County                 ,73,73,14219409,2,4,455656,0,0,0,1,10,390625,67,67,13368936,1,2,300000,0,0,0,0,0,0
200307,55,109,2,3,St. Croix County              ,99,99,15931406,3,6,817000,3,12,1090000,3,20,1407700,83,83,14183016,3,6,817000,3,12,1090000,3,20,1407700
200307,55,131,2,3,Washington County             ,80,80,15308868,4,8,668765,0,0,0,1,5,265152,52,52,10502410,3,6,465000,0,0,0,0,0,0
200307,55,133,2,3,Waukesha County               ,147,147,32270149,3,6,930000,0,0,0,5,32,2080000,126,126,27489197,3,6,930000,0,0,0,5,32,2080000
200307,56,025,4,8,Natrona County                ,19,19,3297749,0,0,0,0,0,0,0,0,0,16,16,2675270,0,0,0,0,0,0,0,0,0
200307,56,039,4,8,Teton County                  ,22,22,8544098,0,0,0,1,3,832950,1,5,222893,19,19,7972000,0,0,0,0,0,0,0,0,0
