Survey,FIPS,FIPS,Region,Division,County,,1-unit,,,2-units,,,3-4 units,,,5+ units,,,1-unit rep,,,2-units rep,,,3-4 units rep,,, 5+units rep
Date,State,County,Code,Code,Name,Bldgs,Units,Value,Bldgs,Units,Value,Bldgs,Units,Value,Bldgs,Units,Value,Bldgs,Units,Value,Bldgs,Units,Value,Bldgs,Units,Value,Bldgs,Units,Value
 
200301,01,001,3,6,Autauga County                ,25,25,1376175,0,0,0,0,0,0,0,0,0,25,25,1376175,0,0,0,0,0,0,0,0,0
200301,01,081,3,6,Lee County                    ,35,35,5192155,5,10,595980,2,8,487056,1,5,381610,35,35,5192155,5,10,595980,2,8,487056,1,5,381610
200301,01,113,3,6,Russell County                ,33,33,2330970,0,0,0,0,0,0,1,12,700000,33,33,2330970,0,0,0,0,0,0,1,12,700000
200301,02,000,4,9,Alaska Balance of State       ,9,9,1716398,0,0,0,0,0,0,0,0,0,0,0,0,0,0,0,0,0,0,0,0,0
200301,02,013,4,9,Aleutians East Borough        ,0,0,0,0,0,0,0,0,0,0,0,0,0,0,0,0,0,0,0,0,0,0,0,0
200301,02,016,4,9,Aleutians West Census Area    ,0,0,0,0,0,0,0,0,0,0,0,0,0,0,0,0,0,0,0,0,0,0,0,0
200301,02,020,4,9,Anchorage Borough             ,24,24,4638506,13,26,3529969,1,4,465629,0,0,0,24,24,4638506,13,26,3529969,1,4,465629,0,0,0
200301,02,050,4,9,Bethel Census Area            ,1,1,150000,0,0,0,0,0,0,0,0,0,1,1,150000,0,0,0,0,0,0,0,0,0
200301,02,060,4,9,Bristol Bay Borough           ,0,0,0,0,0,0,0,0,0,0,0,0,0,0,0,0,0,0,0,0,0,0,0,0
200301,02,090,4,9,Fairbanks North Star Borough  ,2,2,103824,0,0,0,0,0,0,0,0,0,1,1,12000,0,0,0,0,0,0,0,0,0
200301,02,100,4,9,Haines Borough                ,0,0,0,0,0,0,0,0,0,0,0,0,0,0,0,0,0,0,0,0,0,0,0,0
200301,02,110,4,9,Juneau Borough                ,3,3,703697,0,0,0,0,0,0,0,0,0,3,3,703697,0,0,0,0,0,0,0,0,0
200301,02,122,4,9,Kenai Peninsula Borough       ,0,0,0,0,0,0,0,0,0,0,0,0,0,0,0,0,0,0,0,0,0,0,0,0
200301,02,130,4,9,Ketchikan Gateway Borough     ,1,1,151370,0,0,0,0,0,0,0,0,0,1,1,151370,0,0,0,0,0,0,0,0,0
200301,02,150,4,9,Kodiak Island Borough         ,1,1,168605,0,0,0,0,0,0,0,0,0,1,1,168605,0,0,0,0,0,0,0,0,0
200301,02,170,4,9,Matanuska-Susitna Borough     ,1,1,151370,0,0,0,0,0,0,0,0,0,1,1,151370,0,0,0,0,0,0,0,0,0
200301,02,180,4,9,Nome Census Area              ,0,0,0,0,0,0,0,0,0,0,0,0,0,0,0,0,0,0,0,0,0,0,0,0
200301,02,185,4,9,North Slope Borough           ,1,1,123808,0,0,0,0,0,0,0,0,0,0,0,0,0,0,0,0,0,0,0,0,0
200301,02,201,4,9,Prince of Wales-Outer Ketchika,0,0,0,0,0,0,0,0,0,0,0,0,0,0,0,0,0,0,0,0,0,0,0,0
200301,02,220,4,9,Sitka Borough                 ,2,2,182356,1,2,145627,0,0,0,0,0,0,0,0,0,0,0,0,0,0,0,0,0,0
200301,02,232,4,9,Skagway-Hoonah-Angoon Census A,0,0,0,0,0,0,0,0,0,0,0,0,0,0,0,0,0,0,0,0,0,0,0,0
200301,02,261,4,9,Valdez-Cordova Census Area    ,0,0,0,0,0,0,0,0,0,0,0,0,0,0,0,0,0,0,0,0,0,0,0,0
200301,02,280,4,9,Wrangell-Petersburg Census Are,0,0,0,0,0,0,0,0,0,0,0,0,0,0,0,0,0,0,0,0,0,0,0,0
200301,02,282,4,9,Yakutat Borough               ,0,0,0,0,0,0,0,0,0,0,0,0,0,0,0,0,0,0,0,0,0,0,0,0
200301,04,013,4,8,Maricopa County               ,2437,2437,398967683,1,2,199442,5,20,1530317,14,95,6879547,2432,2432,398284458,1,2,199442,5,20,1530317,14,95,6879547
200301,04,015,4,8,Mohave County                 ,222,222,22506504,12,24,1442632,5,17,1133812,0,0,0,180,180,19148148,12,24,1442632,5,17,1133812,0,0,0
200301,04,021,4,8,Pinal County                  ,498,498,55202910,3,6,465000,1,4,133144,0,0,0,430,430,47828304,3,6,465000,1,4,133144,0,0,0
200301,05,023,3,7,Cleburne County               ,3,3,265026,0,0,0,0,0,0,0,0,0,0,0,0,0,0,0,0,0,0,0,0,0
200301,05,035,3,7,Crittenden County             ,9,9,1318315,0,0,0,0,0,0,0,0,0,9,9,1318315,0,0,0,0,0,0,0,0,0
200301,05,043,3,7,Drew County                   ,0,0,0,0,0,0,0,0,0,0,0,0,0,0,0,0,0,0,0,0,0,0,0,0
200301,05,055,3,7,Greene County                 ,13,13,785500,0,0,0,0,0,0,0,0,0,13,13,785500,0,0,0,0,0,0,0,0,0
200301,05,061,3,7,Howard County                 ,1,1,74400,0,0,0,0,0,0,0,0,0,0,0,0,0,0,0,0,0,0,0,0,0
200301,05,071,3,7,Johnson County                ,0,0,0,0,0,0,0,0,0,0,0,0,0,0,0,0,0,0,0,0,0,0,0,0
200301,06,001,4,9,Alameda County                ,156,156,34624814,0,0,0,0,0,0,4,107,15720131,156,156,34624814,0,0,0,0,0,0,4,107,15720131
200301,06,003,4,9,Alpine County                 ,0,0,0,0,0,0,0,0,0,0,0,0,0,0,0,0,0,0,0,0,0,0,0,0
200301,06,009,4,9,Calaveras County              ,36,36,8591922,0,0,0,0,0,0,0,0,0,36,36,8591922,0,0,0,0,0,0,0,0,0
200301,06,013,4,9,Contra Costa County           ,351,351,81456810,0,0,0,1,3,351857,3,158,15715462,326,326,75592792,0,0,0,0,0,0,3,158,15715462
200301,06,017,4,9,El Dorado County              ,127,127,34100742,0,0,0,0,0,0,0,0,0,127,127,34100742,0,0,0,0,0,0,0,0,0
200301,06,019,4,9,Fresno County                 ,301,301,48554470,3,6,434496,5,20,1489085,4,24,1783868,266,266,44846524,2,4,299338,5,20,1489085,4,24,1783868
200301,06,027,4,9,Inyo County                   ,1,1,212581,0,0,0,0,0,0,0,0,0,0,0,0,0,0,0,0,0,0,0,0,0
200301,06,033,4,9,Lake County                   ,29,29,4170597,1,2,208545,0,0,0,0,0,0,29,29,4170597,1,2,208545,0,0,0,0,0,0
200301,06,037,4,9,Los Angeles County            ,877,877,173038191,12,24,2618352,2,8,515730,47,792,58918730,812,812,157728274,11,22,2426309,1,4,354706,41,743,55445762
200301,06,039,4,9,Madera County                 ,86,86,11551418,0,0,0,0,0,0,0,0,0,83,83,11062592,0,0,0,0,0,0,0,0,0
200301,06,041,4,9,Marin County                  ,26,26,9399203,2,4,573648,0,0,0,2,25,3343218,23,23,7113911,2,4,573648,0,0,0,2,25,3343218
200301,06,043,4,9,Mariposa County               ,10,10,1055712,0,0,0,0,0,0,0,0,0,10,10,1055712,0,0,0,0,0,0,0,0,0
200301,06,049,4,9,Modoc County                  ,0,0,0,0,0,0,0,0,0,0,0,0,0,0,0,0,0,0,0,0,0,0,0,0
200301,06,051,4,9,Mono County                   ,2,2,277609,0,0,0,0,0,0,0,0,0,0,0,0,0,0,0,0,0,0,0,0,0
200301,06,055,4,9,Napa County                   ,16,16,3224587,0,0,0,0,0,0,0,0,0,16,16,3224587,0,0,0,0,0,0,0,0,0
200301,06,057,4,9,Nevada County                 ,30,30,5278008,0,0,0,0,0,0,0,0,0,30,30,5278008,0,0,0,0,0,0,0,0,0
200301,06,059,4,9,Orange County                 ,438,438,88375128,10,20,2431973,14,44,6161966,14,94,9802085,414,414,84369693,7,14,2080848,13,41,5870449,14,94,9802085
200301,06,061,4,9,Placer County                 ,366,366,72224437,0,0,0,2,6,638518,1,5,354510,134,134,31632207,0,0,0,0,0,0,0,0,0
200301,06,063,4,9,Plumas County                 ,4,4,539517,0,0,0,0,0,0,0,0,0,4,4,539517,0,0,0,0,0,0,0,0,0
200301,06,065,4,9,Riverside County              ,2554,2554,464974098,2,4,407841,8,24,2128234,4,23,1631967,2392,2392,429074052,1,2,199442,8,24,2128234,3,18,1291880
200301,06,067,4,9,Sacramento County             ,993,993,188690415,3,6,598326,0,0,0,1,8,678000,993,993,188690415,3,6,598326,0,0,0,1,8,678000
200301,06,069,4,9,San Benito County             ,2,2,541514,0,0,0,0,0,0,0,0,0,2,2,541514,0,0,0,0,0,0,0,0,0
200301,06,071,4,9,San Bernardino County         ,1005,1005,186895047,0,0,0,0,0,0,3,95,4916438,985,985,183197182,0,0,0,0,0,0,3,95,4916438
200301,06,073,4,9,San Diego County              ,785,785,191146663,7,14,1544126,24,74,6842720,16,163,16735583,783,783,190803307,7,14,1544126,24,74,6842720,16,163,16735583
200301,06,075,4,9,San Francisco County          ,1,1,158864,1,2,199442,1,3,266029,2,61,4378038,1,1,158864,1,2,199442,1,3,266029,2,61,4378038
200301,06,077,4,9,San Joaquin County            ,584,584,98049617,0,0,0,0,0,0,0,0,0,584,584,98049617,0,0,0,0,0,0,0,0,0
200301,06,079,4,9,San Luis Obispo County        ,179,179,31177901,0,0,0,0,0,0,2,56,3855164,167,167,28965093,0,0,0,0,0,0,2,56,3855164
200301,06,081,4,9,San Mateo County              ,36,36,10670900,0,0,0,0,0,0,2,29,3417556,28,28,8790818,0,0,0,0,0,0,1,6,775293
200301,06,085,4,9,Santa Clara County            ,176,176,40369580,0,0,0,0,0,0,2,137,25202067,176,176,40369580,0,0,0,0,0,0,2,137,25202067
200301,06,087,4,9,Santa Cruz County             ,39,39,8028381,0,0,0,0,0,0,2,12,833292,4,4,399858,0,0,0,0,0,0,1,7,347142
200301,06,089,4,9,Shasta County                 ,96,96,14102099,0,0,0,0,0,0,0,0,0,91,91,13682370,0,0,0,0,0,0,0,0,0
200301,06,095,4,9,Solano County                 ,81,81,14230039,0,0,0,0,0,0,0,0,0,71,71,11645850,0,0,0,0,0,0,0,0,0
200301,06,097,4,9,Sonoma County                 ,98,98,19358148,0,0,0,1,3,194172,0,0,0,68,68,15412504,0,0,0,1,3,194172,0,0,0
200301,06,105,4,9,Trinity County                ,2,2,215633,0,0,0,0,0,0,0,0,0,2,2,215633,0,0,0,0,0,0,0,0,0
200301,06,111,4,9,Ventura County                ,217,217,62982824,0,0,0,0,0,0,5,48,5719586,217,217,62982824,0,0,0,0,0,0,5,48,5719586
200301,06,113,4,9,Yolo County                   ,102,102,17684243,0,0,0,0,0,0,0,0,0,98,98,17163037,0,0,0,0,0,0,0,0,0
200301,08,001,4,8,Adams County                  ,300,300,41390288,1,2,276723,0,0,0,0,0,0,247,247,35619156,1,2,276723,0,0,0,0,0,0
200301,08,005,4,8,Arapahoe County               ,195,195,38084243,0,0,0,2,7,734936,5,60,4051366,195,195,38084243,0,0,0,2,7,734936,5,60,4051366
200301,08,013,4,8,Boulder County                ,72,72,12677118,0,0,0,0,0,0,8,59,4129689,72,72,12677118,0,0,0,0,0,0,8,59,4129689
200301,08,015,4,8,Chaffee County                ,14,14,1603059,0,0,0,1,4,316072,0,0,0,14,14,1603059,0,0,0,1,4,316072,0,0,0
200301,08,031,4,8,Denver County                 ,110,110,17475085,0,0,0,0,0,0,2,48,3445013,110,110,17475085,0,0,0,0,0,0,2,48,3445013
200301,08,035,4,8,Douglas County                ,271,271,55696873,0,0,0,2,8,1031815,0,0,0,271,271,55696873,0,0,0,2,8,1031815,0,0,0
200301,08,059,4,8,Jefferson County              ,138,138,22858414,2,4,612270,0,0,0,0,0,0,138,138,22858414,2,4,612270,0,0,0,0,0,0
200301,08,069,4,8,Larimer County                ,240,240,34087060,0,0,0,1,4,296657,3,46,2575443,3,3,965890,0,0,0,0,0,0,0,0,0
200301,08,077,4,8,Mesa County                   ,89,89,11598354,1,2,272269,0,0,0,0,0,0,89,89,11598354,1,2,272269,0,0,0,0,0,0
200301,08,101,4,8,Pueblo County                 ,85,85,8483533,0,0,0,3,12,742500,0,0,0,85,85,8483533,0,0,0,3,12,742500,0,0,0
200301,08,107,4,8,Routt County                  ,8,8,1675945,1,2,1798216,0,0,0,0,0,0,8,8,1675945,1,2,1798216,0,0,0,0,0,0
200301,08,113,4,8,San Miguel County             ,5,5,5438974,0,0,0,0,0,0,0,0,0,2,2,852591,0,0,0,0,0,0,0,0,0
200301,08,123,4,8,Weld County                   ,238,238,39320854,0,0,0,5,20,1872200,1,8,621432,219,219,36326144,0,0,0,5,20,1872200,1,8,621432
200301,09,001,1,1,Fairfield County              ,82,82,31300023,2,4,465000,0,0,0,11,88,5535000,73,73,25794796,1,2,100000,0,0,0,11,88,5535000
200301,09,003,1,1,Hartford County               ,68,68,9405415,1,2,180000,2,8,924392,1,100,9264801,56,56,8184122,1,2,180000,2,8,924392,1,100,9264801
200301,09,005,1,1,Litchfield County             ,41,41,6026282,0,0,0,0,0,0,0,0,0,33,33,4673472,0,0,0,0,0,0,0,0,0
200301,09,007,1,1,Middlesex County              ,44,44,6560710,0,0,0,0,0,0,1,5,64306,38,38,6168971,0,0,0,0,0,0,0,0,0
200301,09,009,1,1,New Haven County              ,67,67,10683447,0,0,0,0,0,0,1,5,307084,55,55,9115903,0,0,0,0,0,0,0,0,0
200301,09,011,1,1,New London County             ,49,49,6508028,1,2,138125,0,0,0,0,0,91200,35,35,4389144,1,2,138125,0,0,0,0,0,91200
200301,09,013,1,1,Tolland County                ,35,35,5410449,0,0,0,0,0,0,1,5,303158,29,29,4578821,0,0,0,0,0,0,0,0,0
200301,09,015,1,1,Windham County                ,24,24,2767071,0,0,0,0,0,0,0,0,0,19,19,2349833,0,0,0,0,0,0,0,0,0
200301,10,001,3,5,Kent County                   ,96,96,11503666,0,0,0,2,8,582796,0,0,0,93,93,11177223,0,0,0,2,8,582796,0,0,0
200301,10,003,3,5,New Castle County             ,158,158,13001716,0,0,0,0,0,0,1,5,80000,149,149,12291099,0,0,0,0,0,0,0,0,0
200301,10,005,3,5,Sussex County                 ,113,113,34978331,0,0,0,0,0,0,0,0,0,113,113,34978331,0,0,0,0,0,0,0,0,0
200301,11,001,3,5,Washington  DC                ,7,7,884204,0,0,0,0,0,0,2,573,34184218,7,7,884204,0,0,0,0,0,0,2,573,34184218
200301,12,001,3,5,Alachua County                ,86,86,10945848,0,0,0,0,0,0,0,0,0,86,86,10945848,0,0,0,0,0,0,0,0,0
200301,12,003,3,5,Baker County                  ,5,5,520973,0,0,0,0,0,0,0,0,0,5,5,520973,0,0,0,0,0,0,0,0,0
200301,12,005,3,5,Bay County                    ,115,115,14807932,1,2,204336,0,0,0,5,301,26295830,115,115,14807932,1,2,204336,0,0,0,5,301,26295830
200301,12,007,3,5,Bradford County               ,7,7,587820,0,0,0,0,0,0,0,0,0,7,7,587820,0,0,0,0,0,0,0,0,0
200301,12,009,3,5,Brevard County                ,413,413,61951137,0,0,0,2,6,570000,2,22,5279912,218,218,34748155,0,0,0,1,3,320000,1,12,3360800
200301,12,011,3,5,Broward County                ,403,403,62749775,1,2,138472,23,91,6825371,7,87,6843983,187,187,34770604,1,2,138472,22,88,6618405,4,45,2632600
200301,12,013,3,5,Calhoun County                ,2,2,149580,0,0,0,0,0,0,0,0,0,2,2,149580,0,0,0,0,0,0,0,0,0
200301,12,015,3,5,Charlotte County              ,121,121,19250095,0,0,0,0,0,0,1,6,629000,121,121,19250095,0,0,0,0,0,0,1,6,629000
200301,12,017,3,5,Citrus County                 ,90,90,6268365,1,2,33905,0,0,0,0,0,0,5,5,755864,0,0,0,0,0,0,0,0,0
200301,12,019,3,5,Clay County                   ,179,179,18347518,0,0,0,0,0,0,0,0,0,179,179,18347518,0,0,0,0,0,0,0,0,0
200301,12,021,3,5,Collier County                ,354,354,60402639,3,6,341000,6,24,3043000,5,34,2892000,354,354,60402639,3,6,341000,6,24,3043000,5,34,2892000
200301,12,023,3,5,Columbia County               ,22,22,1250874,0,0,0,0,0,0,0,0,0,3,3,208600,0,0,0,0,0,0,0,0,0
200301,12,027,3,5,DeSoto County                 ,5,5,548815,0,0,0,0,0,0,1,8,676485,0,0,0,0,0,0,0,0,0,0,0,0
200301,12,029,3,5,Dixie County                  ,5,5,765756,0,0,0,0,0,0,0,0,0,5,5,765756,0,0,0,0,0,0,0,0,0
200301,12,031,3,5,Duval County                  ,538,538,64013402,0,0,0,0,0,0,0,0,0,538,538,64013402,0,0,0,0,0,0,0,0,0
200301,12,033,3,5,Escambia County               ,142,142,17637053,10,20,612250,1,3,98000,4,80,4772666,142,142,17637053,10,20,612250,1,3,98000,4,80,4772666
200301,12,037,3,5,Franklin County               ,23,23,5653442,0,0,0,0,0,0,0,0,0,22,22,5542042,0,0,0,0,0,0,0,0,0
200301,12,039,3,5,Gadsden County                ,7,7,999732,0,0,0,0,0,0,0,0,0,7,7,999732,0,0,0,0,0,0,0,0,0
200301,12,045,3,5,Gulf County                   ,11,11,1658807,0,0,0,0,0,0,0,0,0,0,0,0,0,0,0,0,0,0,0,0,0
200301,12,047,3,5,Hamilton County               ,2,2,129507,0,0,0,0,0,0,0,0,0,0,0,0,0,0,0,0,0,0,0,0,0
200301,12,049,3,5,Hardee County                 ,5,5,456740,1,2,78000,0,0,0,0,0,0,5,5,456740,1,2,78000,0,0,0,0,0,0
200301,12,051,3,5,Hendry County                 ,4,4,416490,0,0,0,0,0,0,0,0,0,4,4,416490,0,0,0,0,0,0,0,0,0
200301,12,053,3,5,Hernando County               ,141,141,17079378,0,0,0,0,0,0,13,192,7961945,141,141,17079378,0,0,0,0,0,0,13,192,7961945
200301,12,055,3,5,Highlands County              ,50,50,4979894,4,8,417620,0,0,0,0,0,0,50,50,4979894,4,8,417620,0,0,0,0,0,0
200301,12,057,3,5,Hillsborough County           ,778,778,114044588,1,2,200267,0,0,0,18,302,26888290,761,761,111802340,1,2,200267,0,0,0,18,302,26888290
200301,12,059,3,5,Holmes County                 ,7,7,601000,0,0,0,0,0,0,0,0,0,7,7,601000,0,0,0,0,0,0,0,0,0
200301,12,061,3,5,Indian River County           ,132,132,26808042,1,2,120000,3,9,2157260,0,0,0,57,57,10407452,1,2,120000,0,0,0,0,0,0
200301,12,063,3,5,Jackson County                ,5,5,349920,0,0,0,0,0,0,0,0,0,5,5,349920,0,0,0,0,0,0,0,0,0
200301,12,065,3,5,Jefferson County              ,6,6,628350,0,0,0,0,0,0,0,0,0,6,6,628350,0,0,0,0,0,0,0,0,0
200301,12,067,3,5,Lafayette County              ,0,0,0,0,0,0,0,0,0,0,0,0,0,0,0,0,0,0,0,0,0,0,0,0
200301,12,069,3,5,Lake County                   ,288,288,35062478,3,6,310442,0,0,0,2,10,720609,44,44,4644530,2,4,195000,0,0,0,1,5,331606
200301,12,071,3,5,Lee County                    ,687,687,98818719,21,42,3991541,13,50,4379449,20,382,47896200,687,687,98818719,21,42,3991541,13,50,4379449,20,382,47896200
200301,12,073,3,5,Leon County                   ,189,189,26039219,1,2,138472,0,0,0,0,0,0,189,189,26039219,1,2,138472,0,0,0,0,0,0
200301,12,075,3,5,Levy County                   ,11,11,1276870,0,0,0,0,0,0,0,0,0,0,0,0,0,0,0,0,0,0,0,0,0
200301,12,077,3,5,Liberty County                ,1,1,100000,0,0,0,0,0,0,0,0,0,1,1,100000,0,0,0,0,0,0,0,0,0
200301,12,079,3,5,Madison County                ,1,1,34741,0,0,0,0,0,0,0,0,0,0,0,0,0,0,0,0,0,0,0,0,0
200301,12,081,3,5,Manatee County                ,285,285,48358498,1,2,110000,7,28,4069234,0,0,0,279,279,47511219,1,2,110000,7,28,4069234,0,0,0
200301,12,083,3,5,Marion County                 ,447,447,53258432,0,0,0,3,11,499740,2,11,406800,447,447,53258432,0,0,0,3,11,499740,2,11,406800
200301,12,085,3,5,Martin County                 ,116,116,26400528,0,0,0,0,0,0,0,0,0,116,116,26400528,0,0,0,0,0,0,0,0,0
200301,12,086,3,5,Miami-Dade County             ,466,466,54964586,1,2,138472,67,256,12231308,29,367,24506559,456,456,53719326,1,2,138472,67,256,12231308,28,362,24160971
200301,12,089,3,5,Nassau County                 ,35,35,5087523,0,0,0,0,0,0,0,0,0,34,34,4962523,0,0,0,0,0,0,0,0,0
200301,12,091,3,5,Okaloosa County               ,124,124,17427380,1,2,120750,2,6,330470,6,107,4550200,63,63,10196967,1,2,120750,2,6,330470,5,84,3519480
200301,12,093,3,5,Okeechobee County             ,9,9,797355,0,0,0,0,0,0,0,0,0,0,0,0,0,0,0,0,0,0,0,0,0
200301,12,095,3,5,Orange County                 ,672,672,93321620,1,2,138472,0,0,0,14,362,22244965,671,671,93026438,1,2,138472,0,0,0,14,362,22244965
200301,12,097,3,5,Osceola County                ,357,357,48184647,1,2,153192,0,0,0,19,394,24318522,357,357,48184647,1,2,153192,0,0,0,19,394,24318522
200301,12,099,3,5,Palm Beach County             ,754,754,134362425,6,12,667959,1,3,257940,14,171,21771091,747,747,130984428,6,12,667959,1,3,257940,13,166,21172020
200301,12,101,3,5,Pasco County                  ,333,333,38265922,10,20,1905512,3,10,1220000,4,44,4077150,332,332,38166860,10,20,1905512,3,10,1220000,4,44,4077150
200301,12,103,3,5,Pinellas County               ,129,129,25946412,0,0,0,1,4,267090,2,36,2193641,128,128,25611746,0,0,0,1,4,267090,1,31,1849408
200301,12,105,3,5,Polk County                   ,382,382,31973592,1,2,170000,0,0,0,9,216,7569000,376,376,31611071,1,2,170000,0,0,0,9,216,7569000
200301,12,107,3,5,Putnam County                 ,15,15,1204268,0,0,0,0,0,0,1,10,463000,0,0,0,0,0,0,0,0,0,0,0,0
200301,12,109,3,5,St. Johns County              ,232,232,56121420,0,0,0,1,3,72000,2,16,1651544,228,228,55728904,0,0,0,0,0,0,2,16,1651544
200301,12,111,3,5,St. Lucie County              ,167,167,17906372,1,2,252990,0,0,0,3,74,8038620,24,24,3621252,1,2,252990,0,0,0,1,48,7476500
200301,12,113,3,5,Santa Rosa County             ,111,111,14020942,0,0,0,0,0,0,0,0,0,111,111,14020942,0,0,0,0,0,0,0,0,0
200301,12,115,3,5,Sarasota County               ,490,490,83744765,0,0,0,3,12,1585854,2,40,5788170,490,490,83744765,0,0,0,3,12,1585854,2,40,5788170
200301,12,117,3,5,Seminole County               ,238,238,52298755,3,6,256848,0,0,0,0,0,0,205,205,47463873,3,6,256848,0,0,0,0,0,0
200301,12,119,3,5,Sumter County                 ,25,25,2339026,0,0,0,0,0,0,0,0,0,25,25,2339026,0,0,0,0,0,0,0,0,0
200301,12,121,3,5,Suwannee County               ,9,9,1031335,0,0,0,0,0,0,0,0,0,9,9,1031335,0,0,0,0,0,0,0,0,0
200301,12,123,3,5,Taylor County                 ,2,2,114000,0,0,0,0,0,0,0,0,0,2,2,114000,0,0,0,0,0,0,0,0,0
200301,12,125,3,5,Union County                  ,1,1,48000,0,0,0,0,0,0,0,0,0,1,1,48000,0,0,0,0,0,0,0,0,0
200301,12,127,3,5,Volusia County                ,305,305,41634720,0,0,0,0,0,0,3,41,3787026,97,97,15515676,0,0,0,0,0,0,0,0,0
200301,12,129,3,5,Wakulla County                ,31,31,1942893,0,0,0,0,0,0,0,0,0,0,0,0,0,0,0,0,0,0,0,0,0
200301,12,131,3,5,Walton County                 ,71,71,17571788,0,0,0,0,0,0,0,0,0,71,71,17571788,0,0,0,0,0,0,0,0,0
200301,12,133,3,5,Washington County             ,5,5,367824,0,0,0,0,0,0,0,0,0,5,5,367824,0,0,0,0,0,0,0,0,0
200301,13,009,3,5,Baldwin County                ,11,11,1572942,0,0,0,0,0,0,0,0,0,3,3,687000,0,0,0,0,0,0,0,0,0
200301,13,013,3,5,Barrow County                 ,137,137,9374755,0,0,0,0,0,0,0,0,0,137,137,9374755,0,0,0,0,0,0,0,0,0
200301,13,015,3,5,Bartow County                 ,80,80,9976356,0,0,0,0,0,0,0,0,0,80,80,9976356,0,0,0,0,0,0,0,0,0
200301,13,027,3,5,Brooks County                 ,3,3,447000,0,0,0,0,0,0,0,0,0,3,3,447000,0,0,0,0,0,0,0,0,0
200301,13,029,3,5,Bryan County                  ,36,36,5866932,0,0,0,0,0,0,0,0,0,36,36,5866932,0,0,0,0,0,0,0,0,0
200301,13,035,3,5,Butts County                  ,45,45,2842000,0,0,0,0,0,0,0,0,0,45,45,2842000,0,0,0,0,0,0,0,0,0
200301,13,039,3,5,Camden County                 ,39,39,3360863,1,2,44500,0,0,0,0,0,0,19,19,1956630,0,0,0,0,0,0,0,0,0
200301,13,045,3,5,Carroll County                ,85,85,7904839,0,0,0,1,3,108000,1,12,511163,78,78,7295030,0,0,0,0,0,0,0,0,0
200301,13,047,3,5,Catoosa County                ,61,61,7545241,0,0,0,1,3,50455,1,5,247497,57,57,7199943,0,0,0,0,0,0,0,0,0
200301,13,057,3,5,Cherokee County               ,237,237,30664691,2,4,260000,0,0,0,0,0,0,237,237,30664691,2,4,260000,0,0,0,0,0,0
200301,13,063,3,5,Clayton County                ,244,244,32444791,0,0,0,0,0,0,0,0,0,244,244,32444791,0,0,0,0,0,0,0,0,0
200301,13,067,3,5,Cobb County                   ,351,351,52639797,0,0,0,0,0,0,1,16,991605,299,299,48229447,0,0,0,0,0,0,0,0,0
200301,13,069,3,5,Coffee County                 ,9,9,934890,0,0,0,0,0,0,0,0,0,9,9,934890,0,0,0,0,0,0,0,0,0
200301,13,077,3,5,Coweta County                 ,109,109,12233147,0,0,0,0,0,0,0,0,0,92,92,10585507,0,0,0,0,0,0,0,0,0
200301,13,085,3,5,Dawson County                 ,31,31,4761481,0,0,0,0,0,0,0,0,0,0,0,0,0,0,0,0,0,0,0,0,0
200301,13,087,3,5,Decatur County                ,6,6,651259,0,0,0,0,0,0,0,0,0,6,6,651259,0,0,0,0,0,0,0,0,0
200301,13,089,3,5,DeKalb County                 ,255,255,42732479,0,0,0,0,0,0,1,5,971015,245,245,40802087,0,0,0,0,0,0,0,0,0
200301,13,091,3,5,Dodge County                  ,9,9,607500,0,0,0,0,0,0,0,0,0,9,9,607500,0,0,0,0,0,0,0,0,0
200301,13,095,3,5,Dougherty County              ,23,23,2330960,2,4,331656,0,0,0,3,24,1556100,23,23,2330960,2,4,331656,0,0,0,3,24,1556100
200301,13,097,3,5,Douglas County                ,199,199,12289380,0,0,0,0,0,0,0,0,0,199,199,12289380,0,0,0,0,0,0,0,0,0
200301,13,113,3,5,Fayette County                ,61,61,11470179,0,0,0,0,0,0,0,0,0,61,61,11470179,0,0,0,0,0,0,0,0,0
200301,13,115,3,5,Floyd County                  ,25,25,4660000,1,2,200000,0,0,0,0,0,0,25,25,4660000,1,2,200000,0,0,0,0,0,0
200301,13,117,3,5,Forsyth County                ,218,218,25668158,0,0,0,1,4,450000,0,0,0,0,0,0,0,0,0,1,4,450000,0,0,0
200301,13,121,3,5,Fulton County                 ,231,231,27188389,5,10,692361,1,3,218549,4,387,23079919,208,208,23859986,5,10,692361,1,3,218549,2,364,21715629
200301,13,123,3,5,Gilmer County                 ,45,45,4267969,0,0,0,0,0,0,0,0,0,0,0,0,0,0,0,0,0,0,0,0,0
200301,13,127,3,5,Glynn County                  ,51,51,7135261,0,0,0,0,0,0,0,0,0,0,0,0,0,0,0,0,0,0,0,0,0
200301,13,129,3,5,Gordon County                 ,44,44,3345944,1,2,91250,1,4,140235,1,10,243879,37,37,2653155,0,0,0,0,0,0,0,0,0
200301,13,133,3,5,Greene County                 ,10,10,3557468,0,0,0,0,0,0,0,0,0,10,10,3557468,0,0,0,0,0,0,0,0,0
200301,13,135,3,5,Gwinnett County               ,742,742,72908358,0,0,0,0,0,0,2,44,1575939,725,725,71352233,0,0,0,0,0,0,0,0,0
200301,13,143,3,5,Haralson County               ,13,13,1583436,1,2,105414,0,0,0,0,0,0,13,13,1583436,1,2,105414,0,0,0,0,0,0
200301,13,145,3,5,Harris County                 ,33,33,6853848,0,0,0,0,0,0,0,0,0,33,33,6853848,0,0,0,0,0,0,0,0,0
200301,13,151,3,5,Henry County                  ,344,344,37878461,0,0,0,0,0,0,10,244,18722028,344,344,37878461,0,0,0,0,0,0,10,244,18722028
200301,13,157,3,5,Jackson County                ,58,58,7768299,0,0,0,0,0,0,0,0,0,0,0,0,0,0,0,0,0,0,0,0,0
200301,13,169,3,5,Jones County                  ,15,15,3199000,2,4,190000,0,0,0,0,0,0,15,15,3199000,2,4,190000,0,0,0,0,0,0
200301,13,173,3,5,Lanier County                 ,3,3,293000,0,0,0,0,0,0,0,0,0,3,3,293000,0,0,0,0,0,0,0,0,0
200301,13,177,3,5,Lee County                    ,25,25,2857626,0,0,0,0,0,0,0,0,0,0,0,0,0,0,0,0,0,0,0,0,0
200301,13,179,3,5,Liberty County                ,28,28,2577085,0,0,0,0,0,0,0,0,0,28,28,2577085,0,0,0,0,0,0,0,0,0
200301,13,211,3,5,Morgan County                 ,12,12,2102000,0,0,0,0,0,0,0,0,0,12,12,2102000,0,0,0,0,0,0,0,0,0
200301,13,213,3,5,Murray County                 ,19,19,2227450,0,0,0,0,0,0,0,0,0,19,19,2227450,0,0,0,0,0,0,0,0,0
200301,13,215,3,5,Muscogee County               ,32,32,4042074,0,0,0,6,24,1748389,0,0,0,32,32,4042074,0,0,0,6,24,1748389,0,0,0
200301,13,217,3,5,Newton County                 ,136,136,14950216,0,0,0,0,0,0,1,7,196145,3,3,393052,0,0,0,0,0,0,0,0,0
200301,13,223,3,5,Paulding County               ,197,197,15289474,0,0,0,0,0,0,0,0,0,197,197,15289474,0,0,0,0,0,0,0,0,0
200301,13,227,3,5,Pickens County                ,41,41,3276500,0,0,0,0,0,0,0,0,0,41,41,3276500,0,0,0,0,0,0,0,0,0
200301,13,237,3,5,Putnam County                 ,13,13,1915934,0,0,0,0,0,0,0,0,0,0,0,0,0,0,0,0,0,0,0,0,0
200301,13,239,3,5,Quitman County                ,0,0,0,0,0,0,0,0,0,0,0,0,0,0,0,0,0,0,0,0,0,0,0,0
200301,13,247,3,5,Rockdale County               ,87,87,11902762,0,0,0,0,0,0,0,0,0,87,87,11902762,0,0,0,0,0,0,0,0,0
200301,13,255,3,5,Spalding County               ,32,32,3164680,0,0,0,0,0,0,0,0,0,32,32,3164680,0,0,0,0,0,0,0,0,0
200301,13,257,3,5,Stephens County               ,4,4,521000,0,0,0,0,0,0,0,0,0,4,4,521000,0,0,0,0,0,0,0,0,0
200301,13,291,3,5,Union County                  ,37,37,4506703,0,0,0,0,0,0,0,0,0,37,37,4506703,0,0,0,0,0,0,0,0,0
200301,13,313,3,5,Whitfield County              ,27,27,2122046,0,0,0,1,4,75000,1,6,428000,6,6,825000,0,0,0,1,4,75000,1,6,428000
200301,15,001,4,9,Hawaii County                 ,156,156,42277531,0,0,0,0,0,0,4,27,3250000,156,156,42277531,0,0,0,0,0,0,4,27,3250000
200301,15,003,4,9,Honolulu County               ,125,125,19858051,1,2,199442,0,0,0,2,278,19952368,125,125,19858051,1,2,199442,0,0,0,2,278,19952368
200301,15,007,4,9,Kauai County                  ,42,42,13477400,0,0,0,0,0,0,0,0,0,42,42,13477400,0,0,0,0,0,0,0,0,0
200301,15,009,4,9,Maui County                   ,74,74,14839143,0,0,0,1,3,242688,2,16,946440,74,74,14839143,0,0,0,1,3,242688,2,16,946440
200301,16,017,4,8,Bonner County                 ,2,2,150000,0,0,0,0,0,0,0,0,0,2,2,150000,0,0,0,0,0,0,0,0,0
200301,16,019,4,8,Bonneville County             ,31,31,2690932,2,4,350215,0,0,0,0,0,0,31,31,2690932,2,4,350215,0,0,0,0,0,0
200301,17,009,2,3,Brown County                  ,0,0,0,0,0,0,0,0,0,0,0,0,0,0,0,0,0,0,0,0,0,0,0,0
200301,17,023,2,3,Clark County                  ,1,1,90000,0,0,0,0,0,0,0,0,0,1,1,90000,0,0,0,0,0,0,0,0,0
200301,17,027,2,3,Clinton County                ,6,6,747279,0,0,0,0,0,0,0,0,0,5,5,606000,0,0,0,0,0,0,0,0,0
200301,17,031,2,3,Cook County                   ,309,309,67576072,6,12,1254706,25,83,6534158,15,422,32076532,235,235,56148047,0,0,0,0,0,0,5,178,17487000
200301,17,037,2,3,DeKalb County                 ,57,57,7272056,2,4,488000,0,0,0,0,0,0,48,48,5996772,2,4,488000,0,0,0,0,0,0
200301,17,043,2,3,DuPage County                 ,152,152,39889730,0,0,0,0,0,0,0,0,0,129,129,33650131,0,0,0,0,0,0,0,0,0
200301,17,063,2,3,Grundy County                 ,9,9,1597150,1,2,185000,0,0,0,2,10,860577,0,0,0,0,0,0,0,0,0,0,0,0
200301,17,083,2,3,Jersey County                 ,9,9,796786,0,0,0,0,0,0,0,0,0,9,9,796786,0,0,0,0,0,0,0,0,0
200301,17,089,2,3,Kane County                   ,247,247,45951503,1,2,300000,4,16,1294088,9,52,3987127,216,216,41175244,1,2,300000,4,16,1294088,9,52,3987127
200301,17,091,2,3,Kankakee County               ,25,25,3555979,1,2,183259,0,0,0,0,0,0,22,22,3180486,0,0,0,0,0,0,0,0,0
200301,17,093,2,3,Kendall County                ,55,55,9269654,0,0,0,0,0,0,1,5,283827,28,28,5287222,0,0,0,0,0,0,0,0,0
200301,17,097,2,3,Lake County                   ,146,146,28485782,0,0,0,0,0,0,0,0,0,129,129,25891912,0,0,0,0,0,0,0,0,0
200301,17,109,2,3,McDonough County              ,2,2,230000,0,0,0,0,0,0,0,0,0,2,2,230000,0,0,0,0,0,0,0,0,0
200301,17,111,2,3,McHenry County                ,185,185,28851845,2,4,500000,1,3,293510,0,0,0,87,87,16716844,0,0,0,0,0,0,0,0,0
200301,17,119,2,3,Madison County                ,59,59,10318063,1,2,176000,0,0,0,1,5,270176,55,55,9869520,1,2,176000,0,0,0,0,0,0
200301,17,133,2,3,Monroe County                 ,18,18,3470440,1,2,180069,0,0,0,0,0,0,18,18,3470440,1,2,180069,0,0,0,0,0,0
200301,17,163,2,3,St. Clair County              ,78,78,12025572,5,10,1140207,0,0,0,0,0,0,59,59,9682582,5,10,1140207,0,0,0,0,0,0
200301,17,197,2,3,Will County                   ,460,460,59733026,0,0,0,0,0,0,0,0,0,426,426,52462856,0,0,0,0,0,0,0,0,0
200301,18,003,2,3,Allen County                  ,93,93,16110612,1,2,180069,0,0,0,0,0,0,93,93,16110612,1,2,180069,0,0,0,0,0,0
200301,18,011,2,3,Boone County                  ,24,24,4124606,0,0,0,0,0,0,0,0,0,23,23,4041206,0,0,0,0,0,0,0,0,0
200301,18,013,2,3,Brown County                  ,5,5,299152,0,0,0,0,0,0,0,0,0,0,0,0,0,0,0,0,0,0,0,0,0
200301,18,019,2,3,Clark County                  ,53,53,5760521,1,2,101375,0,0,0,0,0,0,14,14,1611403,0,0,0,0,0,0,0,0,0
200301,18,027,2,3,Daviess County                ,1,1,107725,0,0,0,0,0,0,0,0,0,1,1,107725,0,0,0,0,0,0,0,0,0
200301,18,029,2,3,Dearborn County               ,10,10,1394000,1,2,84583,3,10,385000,0,0,0,10,10,1394000,0,0,0,3,10,385000,0,0,0
200301,18,031,2,3,Decatur County                ,2,2,325684,0,0,0,0,0,0,0,0,0,1,1,175000,0,0,0,0,0,0,0,0,0
200301,18,033,2,3,De Kalb County                ,13,13,1606140,0,0,0,0,0,0,0,0,0,13,13,1606140,0,0,0,0,0,0,0,0,0
200301,18,041,2,3,Fayette County                ,5,5,358700,0,0,0,0,0,0,0,0,0,5,5,358700,0,0,0,0,0,0,0,0,0
200301,18,043,2,3,Floyd County                  ,23,23,4663834,1,2,100000,0,0,0,0,0,0,22,22,4480340,1,2,100000,0,0,0,0,0,0
200301,18,047,2,3,Franklin County               ,8,8,923310,0,0,0,0,0,0,0,0,0,8,8,923310,0,0,0,0,0,0,0,0,0
200301,18,057,2,3,Hamilton County               ,217,217,38734299,1,2,209613,0,0,0,1,5,252412,96,96,21319403,1,2,209613,0,0,0,0,0,0
200301,18,059,2,3,Hancock County                ,73,73,11228415,0,0,0,0,0,0,0,0,0,73,73,11228415,0,0,0,0,0,0,0,0,0
200301,18,061,2,3,Harrison County               ,7,7,1163000,0,0,0,0,0,0,0,0,0,7,7,1163000,0,0,0,0,0,0,0,0,0
200301,18,063,2,3,Hendricks County              ,115,115,15839185,5,10,779209,0,0,0,0,0,0,81,81,12109650,3,6,460000,0,0,0,0,0,0
200301,18,069,2,3,Huntington County             ,11,11,1722950,0,0,0,0,0,0,0,0,0,11,11,1722950,0,0,0,0,0,0,0,0,0
200301,18,079,2,3,Jennings County               ,3,3,147504,0,0,0,0,0,0,0,0,0,3,3,147504,0,0,0,0,0,0,0,0,0
200301,18,081,2,3,Johnson County                ,73,73,10299553,1,2,265770,0,0,0,1,5,157898,33,33,5376180,0,0,0,0,0,0,0,0,0
200301,18,087,2,3,Lagrange County               ,7,7,544183,0,0,0,0,0,0,0,0,0,0,0,0,0,0,0,0,0,0,0,0,0
200301,18,089,2,3,Lake County                   ,83,83,10409035,3,6,635048,0,0,0,0,0,0,83,83,10409035,3,6,635048,0,0,0,0,0,0
200301,18,095,2,3,Madison County                ,38,38,4381800,0,0,0,0,0,0,0,0,0,38,38,4381800,0,0,0,0,0,0,0,0,0
200301,18,097,2,3,Marion County                 ,194,194,29873340,4,8,968200,3,12,720000,1,6,397000,194,194,29873340,4,8,968200,3,12,720000,1,6,397000
200301,18,105,2,3,Monroe County                 ,31,31,4621986,0,0,0,0,0,0,4,32,1898200,30,30,4546455,0,0,0,0,0,0,4,32,1898200
200301,18,107,2,3,Montgomery County             ,8,8,861969,0,0,0,0,0,0,0,0,0,5,5,447000,0,0,0,0,0,0,0,0,0
200301,18,109,2,3,Morgan County                 ,15,15,1938903,0,0,0,0,0,0,0,0,0,12,12,1676464,0,0,0,0,0,0,0,0,0
200301,18,115,2,3,Ohio County                   ,2,2,325000,0,0,0,0,0,0,0,0,0,2,2,325000,0,0,0,0,0,0,0,0,0
200301,18,127,2,3,Porter County                 ,32,32,5168471,0,0,0,0,0,0,0,0,0,29,29,4734149,0,0,0,0,0,0,0,0,0
200301,18,135,2,3,Randolph County               ,1,1,99000,0,0,0,0,0,0,0,0,0,1,1,99000,0,0,0,0,0,0,0,0,0
200301,18,143,2,3,Scott County                  ,8,8,478937,0,0,0,0,0,0,1,5,191176,0,0,0,0,0,0,0,0,0,0,0,0
200301,18,145,2,3,Shelby County                 ,10,10,1937000,0,0,0,1,3,0,0,0,0,10,10,1937000,0,0,0,0,0,0,0,0,0
200301,18,157,2,3,Tippecanoe County             ,27,27,4029282,0,0,0,1,3,175000,0,0,0,27,27,4029282,0,0,0,1,3,175000,0,0,0
200301,18,163,2,3,Vanderburgh County            ,52,52,6392000,0,0,0,0,0,0,0,0,0,52,52,6392000,0,0,0,0,0,0,0,0,0
200301,18,179,2,3,Wells County                  ,6,6,909291,0,0,0,0,0,0,0,0,0,6,6,909291,0,0,0,0,0,0,0,0,0
200301,18,181,2,3,White County                  ,5,5,488809,0,0,0,0,0,0,0,0,0,5,5,488809,0,0,0,0,0,0,0,0,0
200301,20,025,2,4,Clark County                  ,0,0,0,0,0,0,0,0,0,0,0,0,0,0,0,0,0,0,0,0,0,0,0,0
200301,20,063,2,4,Gove County                   ,0,0,0,0,0,0,0,0,0,0,0,0,0,0,0,0,0,0,0,0,0,0,0,0
200301,20,091,2,4,Johnson County                ,285,285,50400839,4,8,661100,4,14,1459950,33,267,8149355,284,284,49982541,4,8,661100,4,14,1459950,33,267,8149355
200301,20,103,2,4,Leavenworth County            ,21,21,2319522,0,0,0,0,0,0,0,0,0,19,19,2145489,0,0,0,0,0,0,0,0,0
200301,20,105,2,4,Lincoln County                ,0,0,0,0,0,0,0,0,0,0,0,0,0,0,0,0,0,0,0,0,0,0,0,0
200301,20,187,2,4,Stanton County                ,1,1,225000,0,0,0,0,0,0,0,0,0,1,1,225000,0,0,0,0,0,0,0,0,0
200301,20,209,2,4,Wyandotte County              ,14,14,1538885,0,0,0,0,0,0,0,0,0,3,3,292000,0,0,0,0,0,0,0,0,0
200301,21,015,3,6,Boone County                  ,106,106,9345551,0,0,0,0,0,0,0,0,0,106,106,9345551,0,0,0,0,0,0,0,0,0
200301,21,021,3,6,Boyle County                  ,9,9,1097225,0,0,0,0,0,0,1,5,250000,0,0,0,0,0,0,0,0,0,0,0,0
200301,21,029,3,6,Bullitt County                ,40,40,5896400,0,0,0,0,0,0,0,0,0,40,40,5896400,0,0,0,0,0,0,0,0,0
200301,21,035,3,6,Calloway County               ,1,1,40000,0,0,0,0,0,0,0,0,0,1,1,40000,0,0,0,0,0,0,0,0,0
200301,21,037,3,6,Campbell County               ,20,20,2583034,0,0,0,0,0,0,6,58,2981790,2,2,205000,0,0,0,0,0,0,4,48,2242740
200301,21,049,3,6,Clark County                  ,29,29,2678839,0,0,0,0,0,0,0,0,0,0,0,0,0,0,0,0,0,0,0,0,0
200301,21,067,3,6,Fayette County                ,151,151,17065130,1,2,120000,0,0,0,0,0,0,151,151,17065130,1,2,120000,0,0,0,0,0,0
200301,21,073,3,6,Franklin County               ,14,14,1739627,0,0,0,0,0,0,0,0,0,0,0,0,0,0,0,0,0,0,0,0,0
200301,21,077,3,6,Gallatin County               ,0,0,0,0,0,0,0,0,0,0,0,0,0,0,0,0,0,0,0,0,0,0,0,0
200301,21,081,3,6,Grant County                  ,2,2,455000,0,0,0,0,0,0,0,0,0,2,2,455000,0,0,0,0,0,0,0,0,0
200301,21,097,3,6,Harrison County               ,5,5,350000,1,2,48750,0,0,0,0,0,0,0,0,0,0,0,0,0,0,0,0,0,0
200301,21,099,3,6,Hart County                   ,3,3,204400,0,0,0,0,0,0,0,0,0,0,0,0,0,0,0,0,0,0,0,0,0
200301,21,107,3,6,Hopkins County                ,4,4,474000,0,0,0,0,0,0,0,0,0,4,4,474000,0,0,0,0,0,0,0,0,0
200301,21,111,3,6,Jefferson County              ,191,191,27276494,2,4,150000,2,8,230000,6,78,2845300,191,191,27276494,2,4,150000,2,8,230000,6,78,2845300
200301,21,113,3,6,Jessamine County              ,22,22,3049585,0,0,0,0,0,0,0,0,0,22,22,3049585,0,0,0,0,0,0,0,0,0
200301,21,117,3,6,Kenton County                 ,88,88,10073010,0,0,0,1,3,96924,2,11,372289,62,62,7160906,0,0,0,0,0,0,0,0,0
200301,21,123,3,6,Larue County                  ,2,2,270000,0,0,0,0,0,0,0,0,0,2,2,270000,0,0,0,0,0,0,0,0,0
200301,21,125,3,6,Laurel County                 ,1,1,65000,0,0,0,0,0,0,0,0,0,1,1,65000,0,0,0,0,0,0,0,0,0
200301,21,157,3,6,Marshall County               ,6,6,741000,0,0,0,0,0,0,0,0,0,6,6,741000,0,0,0,0,0,0,0,0,0
200301,21,161,3,6,Mason County                  ,2,2,295000,0,0,0,0,0,0,0,0,0,2,2,295000,0,0,0,0,0,0,0,0,0
200301,21,167,3,6,Mercer County                 ,16,16,1105090,0,0,0,0,0,0,0,0,0,16,16,1105090,0,0,0,0,0,0,0,0,0
200301,21,179,3,6,Nelson County                 ,28,28,2312500,0,0,0,0,0,0,0,0,0,28,28,2312500,0,0,0,0,0,0,0,0,0
200301,21,185,3,6,Oldham County                 ,50,50,6315740,0,0,0,0,0,0,0,0,0,50,50,6315740,0,0,0,0,0,0,0,0,0
200301,21,191,3,6,Pendleton County              ,0,0,0,0,0,0,0,0,0,0,0,0,0,0,0,0,0,0,0,0,0,0,0,0
200301,21,209,3,6,Scott County                  ,36,36,4816866,1,2,150000,0,0,0,0,0,0,36,36,4816866,1,2,150000,0,0,0,0,0,0
200301,21,211,3,6,Shelby County                 ,30,30,4733000,0,0,0,0,0,0,0,0,0,30,30,4733000,0,0,0,0,0,0,0,0,0
200301,21,213,3,6,Simpson County                ,1,1,100000,0,0,0,0,0,0,0,0,0,1,1,100000,0,0,0,0,0,0,0,0,0
200301,21,239,3,6,Woodford County               ,8,8,1078500,0,0,0,0,0,0,0,0,0,8,8,1078500,0,0,0,0,0,0,0,0,0
200301,22,007,3,7,Assumption Parish             ,4,4,487211,0,0,0,0,0,0,0,0,0,4,4,487211,0,0,0,0,0,0,0,0,0
200301,22,071,3,7,Orleans Parish                ,42,42,5305221,2,4,276945,0,0,0,0,0,0,42,42,5305221,2,4,276945,0,0,0,0,0,0
200301,22,087,3,7,St. Bernard Parish            ,7,7,413000,0,0,0,0,0,0,0,0,0,7,7,413000,0,0,0,0,0,0,0,0,0
200301,22,089,3,7,St. Charles Parish            ,22,22,2778700,0,0,0,0,0,0,0,0,0,22,22,2778700,0,0,0,0,0,0,0,0,0
200301,22,109,3,7,Terrebonne Parish             ,37,37,3030132,1,2,76440,0,0,0,0,0,0,0,0,0,0,0,0,0,0,0,0,0,0
200301,24,003,3,5,Anne Arundel County           ,177,177,21984290,0,0,0,0,0,0,10,228,13613120,169,169,21347201,0,0,0,0,0,0,9,223,13303805
200301,24,005,3,5,Baltimore County              ,119,119,15031461,0,0,0,0,0,0,0,0,0,119,119,15031461,0,0,0,0,0,0,0,0,0
200301,24,009,3,5,Calvert County                ,67,67,10393360,0,0,0,0,0,0,0,0,0,67,67,10393360,0,0,0,0,0,0,0,0,0
200301,24,013,3,5,Carroll County                ,59,59,7342055,0,0,0,0,0,0,0,0,0,59,59,7342055,0,0,0,0,0,0,0,0,0
200301,24,015,3,5,Cecil County                  ,90,90,9719158,1,2,350000,0,0,0,3,28,961940,90,90,9719158,1,2,350000,0,0,0,3,28,961940
200301,24,017,3,5,Charles County                ,79,79,12233851,0,0,0,1,3,245000,0,0,0,79,79,12233851,0,0,0,1,3,245000,0,0,0
200301,24,021,3,5,Frederick County              ,108,108,12628267,0,0,0,0,0,0,1,10,400000,108,108,12628267,0,0,0,0,0,0,1,10,400000
200301,24,023,3,5,Garrett County                ,9,9,2129825,0,0,0,0,0,0,0,0,0,9,9,2129825,0,0,0,0,0,0,0,0,0
200301,24,025,3,5,Harford County                ,120,120,15677257,0,0,0,0,0,0,0,0,0,120,120,15677257,0,0,0,0,0,0,0,0,0
200301,24,027,3,5,Howard County                 ,90,90,11368332,0,0,0,0,0,0,0,0,0,90,90,11368332,0,0,0,0,0,0,0,0,0
200301,24,031,3,5,Montgomery County             ,267,267,33326137,0,0,0,0,0,0,3,107,6228861,67,67,8528678,0,0,0,0,0,0,1,14,835216
200301,24,033,3,5,Prince George's County        ,138,138,17388194,0,0,0,0,0,0,1,24,1431800,134,134,16926183,0,0,0,0,0,0,1,24,1431800
200301,24,035,3,5,Queen Anne's County           ,10,10,1210518,0,0,0,0,0,0,0,0,0,10,10,1210518,0,0,0,0,0,0,0,0,0
200301,24,039,3,5,Somerset County               ,3,3,280431,0,0,0,0,0,0,0,0,0,0,0,0,0,0,0,0,0,0,0,0,0
200301,24,043,3,5,Washington County             ,80,80,9386990,0,0,0,0,0,0,1,5,150000,79,79,9265594,0,0,0,0,0,0,0,0,0
200301,24,510,3,5,Baltimore (Independent City)  ,0,0,0,0,0,0,0,0,0,1,9,536925,0,0,0,0,0,0,0,0,0,1,9,536925
200301,25,009,1,1,Essex County                  ,60,60,11842691,6,12,1131445,0,0,0,1,5,97167,37,37,7904325,5,10,937240,0,0,0,0,0,0
200301,25,017,1,1,Middlesex County              ,81,81,21411560,3,6,449300,1,3,181000,2,10,1499714,56,56,17677541,2,4,336000,0,0,0,0,0,220000
200301,25,019,1,1,Nantucket County              ,16,16,10028000,0,0,0,0,0,0,0,0,0,16,16,10028000,0,0,0,0,0,0,0,0,0
200301,25,021,1,1,Norfolk County                ,66,66,14367814,0,0,0,1,3,520000,1,5,671323,41,41,10610378,0,0,0,1,3,520000,0,0,0
200301,25,023,1,1,Plymouth County               ,93,93,18207165,2,4,357273,1,3,344000,0,0,0,61,61,13604794,0,0,0,0,0,0,0,0,0
200301,25,025,1,1,Suffolk County                ,11,11,1527510,13,26,2130044,3,10,765242,1,30,2118750,11,11,1527510,13,26,2130044,3,10,765242,1,30,2118750
200301,26,000,2,3,Michigan Balance of State     ,5,5,252536,0,0,0,0,0,0,0,0,0,0,0,0,0,0,0,0,0,0,0,0,0
200301,26,005,2,3,Allegan County                ,38,38,4802947,0,0,0,1,3,268000,1,7,238035,11,11,1960300,0,0,0,1,3,268000,0,0,0
200301,26,009,2,3,Antrim County                 ,5,5,400000,0,0,0,0,0,0,0,0,0,5,5,400000,0,0,0,0,0,0,0,0,0
200301,26,019,2,3,Benzie County                 ,9,9,1155000,0,0,0,0,0,0,0,0,0,9,9,1155000,0,0,0,0,0,0,0,0,0
200301,26,029,2,3,Charlevoix County             ,14,14,1566300,0,0,0,0,0,0,0,0,0,0,0,0,0,0,0,0,0,0,0,0,0
200301,26,031,2,3,Cheboygan County              ,2,2,120000,0,0,0,0,0,0,0,0,0,2,2,120000,0,0,0,0,0,0,0,0,0
200301,26,043,2,3,Dickinson County              ,0,0,0,0,0,0,0,0,0,0,0,0,0,0,0,0,0,0,0,0,0,0,0,0
200301,26,049,2,3,Genesee County                ,71,71,10034123,1,2,207000,0,0,0,3,34,1964253,45,45,6595745,0,0,0,0,0,0,1,24,1242000
200301,26,051,2,3,Gladwin County                ,9,9,1002526,0,0,0,0,0,0,0,0,0,0,0,0,0,0,0,0,0,0,0,0,0
200301,26,055,2,3,Grand Traverse County         ,24,24,2966006,0,0,0,0,0,0,0,0,0,24,24,2966006,0,0,0,0,0,0,0,0,0
200301,26,059,2,3,Hillsdale County              ,8,8,728383,0,0,0,0,0,0,0,0,0,8,8,728383,0,0,0,0,0,0,0,0,0
200301,26,079,2,3,Kalkaska County               ,4,4,488000,0,0,0,0,0,0,0,0,0,4,4,488000,0,0,0,0,0,0,0,0,0
200301,26,081,2,3,Kent County                   ,173,173,25926490,0,0,0,2,6,540000,2,10,475120,140,140,22484495,0,0,0,1,3,300000,1,5,389182
200301,26,087,2,3,Lapeer County                 ,19,19,1915332,0,0,0,0,0,0,0,0,0,17,17,1594554,0,0,0,0,0,0,0,0,0
200301,26,089,2,3,Leelanau County               ,10,10,1193117,0,0,0,0,0,0,0,0,0,10,10,1193117,0,0,0,0,0,0,0,0,0
200301,26,091,2,3,Lenawee County                ,30,30,3795567,0,0,0,0,0,0,0,0,0,0,0,0,0,0,0,0,0,0,0,0,0
200301,26,093,2,3,Livingston County             ,95,95,14107719,0,0,0,0,0,0,8,89,7488351,95,95,14107719,0,0,0,0,0,0,8,89,7488351
200301,26,099,2,3,Macomb County                 ,265,265,33754753,1,2,397000,0,0,0,1,75,5200000,248,248,30203201,0,0,0,0,0,0,1,75,5200000
200301,26,113,2,3,Missaukee County              ,5,5,581713,0,0,0,0,0,0,0,0,0,5,5,581713,0,0,0,0,0,0,0,0,0
200301,26,115,2,3,Monroe County                 ,60,60,8139380,0,0,0,0,0,0,2,38,1695800,52,52,7264844,0,0,0,0,0,0,2,38,1695800
200301,26,119,2,3,Montmorency County            ,1,1,109000,0,0,0,0,0,0,0,0,0,1,1,109000,0,0,0,0,0,0,0,0,0
200301,26,121,2,3,Muskegon County               ,31,31,4175067,0,0,0,0,0,0,0,0,0,25,25,3523675,0,0,0,0,0,0,0,0,0
200301,26,125,2,3,Oakland County                ,222,222,43366925,3,6,807562,0,0,0,2,13,639251,156,156,30624880,1,2,298162,0,0,0,1,8,455680
200301,26,129,2,3,Ogemaw County                 ,4,4,218718,0,0,0,0,0,0,0,0,0,0,0,0,0,0,0,0,0,0,0,0,0
200301,26,133,2,3,Osceola County                ,1,1,24000,0,0,0,0,0,0,0,0,0,1,1,24000,0,0,0,0,0,0,0,0,0
200301,26,135,2,3,Oscoda County                 ,3,3,273000,0,0,0,0,0,0,0,0,0,3,3,273000,0,0,0,0,0,0,0,0,0
200301,26,137,2,3,Otsego County                 ,10,10,1076756,1,2,125804,0,0,0,0,0,0,0,0,0,0,0,0,0,0,0,0,0,0
200301,26,139,2,3,Ottawa County                 ,106,106,17093931,3,6,548520,1,3,300000,2,10,265778,63,63,10931447,2,4,330270,1,3,300000,0,0,0
200301,26,141,2,3,Presque Isle County           ,4,4,359306,0,0,0,0,0,0,0,0,0,0,0,0,0,0,0,0,0,0,0,0,0
200301,26,147,2,3,St. Clair County              ,40,40,4667436,0,0,0,0,0,0,0,0,0,31,31,3860083,0,0,0,0,0,0,0,0,0
200301,26,153,2,3,Schoolcraft County            ,2,2,276806,0,0,0,0,0,0,0,0,0,2,2,276806,0,0,0,0,0,0,0,0,0
200301,26,161,2,3,Washtenaw County              ,114,114,18141879,2,4,678603,0,0,0,2,14,718195,48,48,8665939,0,0,0,0,0,0,0,0,0
200301,26,163,2,3,Wayne County                  ,171,171,26645823,5,10,889313,6,21,1888771,5,37,2800547,132,132,21203964,4,8,720276,5,18,1596284,4,30,1779562
200301,27,003,2,4,Anoka County                  ,121,121,19659425,0,0,0,0,0,0,1,6,520800,112,112,18244549,0,0,0,0,0,0,1,6,520800
200301,27,019,2,4,Carver County                 ,76,76,16175295,0,0,0,0,0,0,2,48,3302000,71,71,15172557,0,0,0,0,0,0,2,48,3302000
200301,27,025,2,4,Chisago County                ,28,28,3512944,0,0,0,0,0,0,0,0,0,22,22,2708349,0,0,0,0,0,0,0,0,0
200301,27,031,2,4,Cook County                   ,0,0,0,0,0,0,0,0,0,0,0,0,0,0,0,0,0,0,0,0,0,0,0,0
200301,27,037,2,4,Dakota County                 ,217,217,38100566,0,0,0,2,8,1100000,1,60,4320000,216,216,37844947,0,0,0,2,8,1100000,1,60,4320000
200301,27,053,2,4,Hennepin County               ,190,190,51302252,0,0,0,2,8,1291841,1,24,2665056,187,187,50361847,0,0,0,2,8,1291841,1,24,2665056
200301,27,059,2,4,Isanti County                 ,13,13,1426507,0,0,0,0,0,0,0,0,0,12,12,1313840,0,0,0,0,0,0,0,0,0
200301,27,109,2,4,Olmsted County                ,100,100,16513889,0,0,0,0,0,0,0,0,0,99,99,16422355,0,0,0,0,0,0,0,0,0
200301,27,123,2,4,Ramsey County                 ,25,25,5192065,2,4,606648,2,8,880000,1,79,8105100,15,15,3226435,1,2,310000,0,0,0,1,79,8105100
200301,27,139,2,4,Scott County                  ,190,190,31565741,0,0,0,0,0,0,0,0,0,172,172,26600239,0,0,0,0,0,0,0,0,0
200301,27,141,2,4,Sherburne County              ,99,99,13815878,0,0,0,0,0,0,0,0,0,59,59,8879331,0,0,0,0,0,0,0,0,0
200301,27,163,2,4,Washington County             ,97,97,16506206,0,0,0,0,0,0,0,0,0,81,81,13336397,0,0,0,0,0,0,0,0,0
200301,27,171,2,4,Wright County                 ,91,91,14997225,1,2,187967,2,7,716370,0,0,0,71,71,12619453,0,0,0,1,4,439920,0,0,0
200301,28,025,3,6,Clay County                   ,1,1,70111,0,0,0,0,0,0,0,0,0,0,0,0,0,0,0,0,0,0,0,0,0
200301,28,033,3,6,DeSoto County                 ,228,228,25482181,4,8,391680,0,0,0,0,0,0,228,228,25482181,4,8,391680,0,0,0,0,0,0
200301,28,037,3,6,Franklin County               ,0,0,0,0,0,0,0,0,0,0,0,0,0,0,0,0,0,0,0,0,0,0,0,0
200301,28,039,3,6,George County                 ,0,0,0,0,0,0,0,0,0,0,0,0,0,0,0,0,0,0,0,0,0,0,0,0
200301,28,043,3,6,Grenada County                ,2,2,186244,0,0,0,0,0,0,1,5,244920,0,0,0,0,0,0,0,0,0,0,0,0
200301,28,047,3,6,Harrison County               ,86,86,11429368,1,2,125048,0,0,0,0,0,0,86,86,11429368,1,2,125048,0,0,0,0,0,0
200301,28,071,3,6,Lafayette County              ,1,1,75000,0,0,0,0,0,0,0,0,0,1,1,75000,0,0,0,0,0,0,0,0,0
200301,28,085,3,6,Lincoln County                ,2,2,174500,0,0,0,0,0,0,0,0,0,2,2,174500,0,0,0,0,0,0,0,0,0
200301,28,131,3,6,Stone County                  ,1,1,66924,0,0,0,0,0,0,0,0,0,0,0,0,0,0,0,0,0,0,0,0,0
200301,28,149,3,6,Warren County                 ,2,2,238021,0,0,0,0,0,0,0,0,0,0,0,0,0,0,0,0,0,0,0,0,0
200301,28,153,3,6,Wayne County                  ,0,0,0,0,0,0,0,0,0,0,0,0,0,0,0,0,0,0,0,0,0,0,0,0
200301,28,159,3,6,Winston County                ,1,1,83750,0,0,0,0,0,0,0,0,0,0,0,0,0,0,0,0,0,0,0,0,0
200301,28,163,3,6,Yazoo County                  ,0,0,0,0,0,0,0,0,0,0,0,0,0,0,0,0,0,0,0,0,0,0,0,0
200301,29,019,2,4,Boone County                  ,62,62,8022797,26,52,4560000,0,0,0,0,0,0,62,62,8022797,26,52,4560000,0,0,0,0,0,0
200301,29,031,2,4,Cape Girardeau County         ,5,5,745000,0,0,0,0,0,0,0,0,0,5,5,745000,0,0,0,0,0,0,0,0,0
200301,29,035,2,4,Carter County                 ,0,0,0,0,0,0,0,0,0,0,0,0,0,0,0,0,0,0,0,0,0,0,0,0
200301,29,037,2,4,Cass County                   ,57,57,6823977,1,2,108397,0,0,0,1,5,194089,52,52,6343773,0,0,0,0,0,0,0,0,0
200301,29,047,2,4,Clay County                   ,37,37,4905339,0,0,0,0,0,0,0,0,0,37,37,4905339,0,0,0,0,0,0,0,0,0
200301,29,049,2,4,Clinton County                ,21,21,2303647,0,0,0,0,0,0,0,0,0,21,21,2303647,0,0,0,0,0,0,0,0,0
200301,29,071,2,4,Franklin County               ,31,31,4383381,1,2,205013,0,0,0,0,0,0,27,27,3829701,0,0,0,0,0,0,0,0,0
200301,29,095,2,4,Jackson County                ,272,272,38828651,8,16,1295028,9,33,2562342,0,0,0,271,271,38666868,8,16,1295028,9,33,2562342,0,0,0
200301,29,099,2,4,Jefferson County              ,119,119,13814909,1,2,139180,0,0,0,0,0,0,118,118,13759909,1,2,139180,0,0,0,0,0,0
200301,29,105,2,4,Laclede County                ,6,6,590000,0,0,0,0,0,0,0,0,0,6,6,590000,0,0,0,0,0,0,0,0,0
200301,29,107,2,4,Lafayette County              ,4,4,389089,0,0,0,0,0,0,0,0,0,3,3,270000,0,0,0,0,0,0,0,0,0
200301,29,111,2,4,Lewis County                  ,1,1,36112,0,0,0,0,0,0,0,0,0,0,0,0,0,0,0,0,0,0,0,0,0
200301,29,129,2,4,Mercer County                 ,0,0,0,0,0,0,0,0,0,0,0,0,0,0,0,0,0,0,0,0,0,0,0,0
200301,29,165,2,4,Platte County                 ,30,30,6634082,1,2,220000,0,0,0,0,0,0,29,29,6534082,1,2,220000,0,0,0,0,0,0
200301,29,167,2,4,Polk County                   ,0,0,0,3,6,314188,0,0,0,0,0,0,0,0,0,3,6,314188,0,0,0,0,0,0
200301,29,175,2,4,Randolph County               ,0,0,0,0,0,0,0,0,0,0,0,0,0,0,0,0,0,0,0,0,0,0,0,0
200301,29,177,2,4,Ray County                    ,4,4,327975,0,0,0,0,0,0,0,0,0,3,3,249000,0,0,0,0,0,0,0,0,0
200301,29,189,2,4,St. Louis County              ,135,135,23526662,5,10,750714,1,3,375000,1,5,189655,129,129,21834072,5,10,750714,1,3,375000,0,0,0
200301,29,510,2,4,St. Louis (Independent City)  ,8,8,1212388,0,0,0,0,0,0,0,0,0,8,8,1212388,0,0,0,0,0,0,0,0,0
200301,30,029,4,8,Flathead County               ,21,21,3120687,1,2,8333,2,6,552054,0,0,0,21,21,3120687,0,0,0,2,6,552054,0,0,0
200301,30,093,4,8,Silver Bow County             ,2,2,191252,0,0,0,0,0,0,0,0,0,0,0,0,0,0,0,0,0,0,0,0,0
200301,31,001,2,4,Adams County                  ,5,5,342287,1,2,237455,0,0,0,0,0,0,5,5,342287,1,2,237455,0,0,0,0,0,0
200301,31,077,2,4,Greeley County                ,0,0,0,0,0,0,0,0,0,0,0,0,0,0,0,0,0,0,0,0,0,0,0,0
200301,32,001,4,8,Churchill County              ,9,9,962929,0,0,0,0,0,0,0,0,0,5,5,417698,0,0,0,0,0,0,0,0,0
200301,32,003,4,8,Clark County                  ,1724,1724,265858847,1,2,199442,18,72,6384703,29,346,18785589,1724,1724,265858847,1,2,199442,18,72,6384703,29,346,18785589
200301,32,005,4,8,Douglas County                ,44,44,8340070,0,0,0,0,0,0,0,0,0,44,44,8340070,0,0,0,0,0,0,0,0,0
200301,32,007,4,8,Elko County                   ,8,8,919665,0,0,0,0,0,0,0,0,0,3,3,399003,0,0,0,0,0,0,0,0,0
200301,32,013,4,8,Humboldt County               ,2,2,276158,0,0,0,0,0,0,0,0,0,2,2,276158,0,0,0,0,0,0,0,0,0
200301,32,015,4,8,Lander County                 ,0,0,0,0,0,0,0,0,0,0,0,0,0,0,0,0,0,0,0,0,0,0,0,0
200301,32,017,4,8,Lincoln County                ,0,0,0,0,0,0,0,0,0,0,0,0,0,0,0,0,0,0,0,0,0,0,0,0
200301,32,019,4,8,Lyon County                   ,12,12,1114673,1,2,120000,0,0,0,0,0,0,0,0,0,1,2,120000,0,0,0,0,0,0
200301,32,021,4,8,Mineral County                ,0,0,0,0,0,0,0,0,0,0,0,0,0,0,0,0,0,0,0,0,0,0,0,0
200301,32,023,4,8,Nye County                    ,0,0,0,0,0,0,0,0,0,0,0,0,0,0,0,0,0,0,0,0,0,0,0,0
200301,32,027,4,8,Pershing County               ,0,0,0,0,0,0,0,0,0,0,0,0,0,0,0,0,0,0,0,0,0,0,0,0
200301,32,029,4,8,Storey County                 ,0,0,0,0,0,0,0,0,0,0,0,0,0,0,0,0,0,0,0,0,0,0,0,0
200301,32,031,4,8,Washoe County                 ,319,319,51087238,0,0,0,1,3,112863,5,120,7516800,319,319,51087238,0,0,0,1,3,112863,5,120,7516800
200301,32,033,4,8,White Pine County             ,1,1,145828,0,0,0,0,0,0,0,0,0,0,0,0,0,0,0,0,0,0,0,0,0
200301,32,510,4,8,Carson City (Independent City),15,15,2613957,0,0,0,0,0,0,0,0,0,15,15,2613957,0,0,0,0,0,0,0,0,0
200301,33,015,1,1,Rockingham County             ,79,79,15096686,1,2,360000,0,0,0,0,0,0,48,48,10053723,1,2,360000,0,0,0,0,0,0
200301,34,001,1,2,Atlantic County               ,214,214,19910053,1,2,129000,0,0,0,1,5,301086,167,167,16870819,0,0,0,0,0,0,0,0,0
200301,34,003,1,2,Bergen County                 ,56,56,13162869,5,10,911156,1,3,199960,1,5,293520,20,20,6756584,5,10,911156,0,0,0,0,0,0
200301,34,005,1,2,Burlington County             ,106,106,11346790,0,0,0,0,0,0,0,0,0,84,84,8893274,0,0,0,0,0,0,0,0,0
200301,34,007,1,2,Camden County                 ,51,51,5123216,0,0,0,0,0,0,0,0,0,40,40,3809662,0,0,0,0,0,0,0,0,0
200301,34,009,1,2,Cape May County               ,68,68,10286037,17,34,3941924,1,4,315792,0,0,0,56,56,7862082,0,0,0,0,0,0,0,0,0
200301,34,011,1,2,Cumberland County             ,17,17,1620646,0,0,0,0,0,0,0,0,0,15,15,1470551,0,0,0,0,0,0,0,0,0
200301,34,013,1,2,Essex County                  ,14,14,2631929,41,82,6816478,11,33,2525299,1,5,437500,3,3,1373285,41,82,6816478,11,33,2525299,0,0,35000
200301,34,015,1,2,Gloucester County             ,78,78,8904367,0,0,0,0,0,0,0,0,0,52,52,6371785,0,0,0,0,0,0,0,0,0
200301,34,017,1,2,Hudson County                 ,1,1,101400,9,18,1407076,0,0,0,3,28,1952377,1,1,101400,7,14,1112500,0,0,0,1,12,749800
200301,34,019,1,2,Hunterdon County              ,46,46,6701210,0,0,0,0,0,0,0,0,0,35,35,5370236,0,0,0,0,0,0,0,0,0
200301,34,021,1,2,Mercer County                 ,45,45,5555645,1,2,210316,0,0,0,0,0,0,21,21,3474306,0,0,0,0,0,0,0,0,0
200301,34,023,1,2,Middlesex County              ,88,88,10912557,3,6,294400,0,0,0,1,12,750000,79,79,9683127,3,6,294400,0,0,0,1,12,750000
200301,34,025,1,2,Monmouth County               ,143,143,23407104,1,2,300000,0,0,0,0,0,0,118,118,18713183,1,2,300000,0,0,0,0,0,0
200301,34,027,1,2,Morris County                 ,56,56,9727568,0,0,0,0,0,0,2,49,3041787,25,25,5402366,0,0,0,0,0,0,1,42,2500000
200301,34,029,1,2,Ocean County                  ,332,332,40892728,0,0,0,0,0,0,2,23,1624375,295,295,35677041,0,0,0,0,0,0,2,23,1624375
200301,34,031,1,2,Passaic County                ,32,32,3414762,0,0,1800,0,0,0,0,0,0,16,16,2176028,0,0,1800,0,0,0,0,0,0
200301,34,033,1,2,Salem County                  ,9,9,1149148,0,0,0,0,0,0,0,0,0,8,8,1023000,0,0,0,0,0,0,0,0,0
200301,34,035,1,2,Somerset County               ,52,52,7135077,0,0,0,2,6,128563,2,10,56010,10,10,2166938,0,0,0,0,0,0,0,0,0
200301,34,037,1,2,Sussex County                 ,37,37,6189873,0,0,0,0,0,0,2,10,923637,16,16,3341758,0,0,0,0,0,0,0,0,0
200301,34,039,1,2,Union County                  ,11,11,1591998,9,18,1895402,0,0,0,2,33,1136177,9,9,1296101,9,18,1895402,0,0,0,2,33,1136177
200301,34,041,1,2,Warren County                 ,23,23,2757146,0,0,0,0,0,0,0,0,0,10,10,1677750,0,0,0,0,0,0,0,0,0
200301,35,000,4,8,New Mexico Balance of State   ,124,124,21622330,0,0,0,0,0,0,0,0,0,124,124,21622330,0,0,0,0,0,0,0,0,0
200301,35,001,4,8,Bernalillo County             ,369,369,39467927,0,0,0,0,0,0,1,38,1636350,0,0,0,0,0,0,0,0,0,0,0,0
200301,35,005,4,8,Chaves County                 ,2,2,231819,0,0,0,0,0,0,0,0,0,0,0,0,0,0,0,0,0,0,0,0,0
200301,35,009,4,8,Curry County                  ,4,4,657400,0,0,0,0,0,0,0,0,0,4,4,657400,0,0,0,0,0,0,0,0,0
200301,35,013,4,8,Dona Ana County               ,68,68,9728858,0,0,0,0,0,0,0,0,0,63,63,9183985,0,0,0,0,0,0,0,0,0
200301,35,015,4,8,Eddy County                   ,4,4,479907,0,0,0,0,0,0,0,0,0,2,2,230000,0,0,0,0,0,0,0,0,0
200301,35,025,4,8,Lea County                    ,3,3,662362,0,0,0,0,0,0,0,0,0,3,3,662362,0,0,0,0,0,0,0,0,0
200301,35,027,4,8,Lincoln County                ,19,19,3451941,0,0,0,0,0,0,0,0,0,19,19,3451941,0,0,0,0,0,0,0,0,0
200301,35,028,4,8,Los Alamos County             ,8,8,3151120,0,0,0,0,0,0,0,0,0,8,8,3151120,0,0,0,0,0,0,0,0,0
200301,35,029,4,8,Luna County                   ,2,2,134004,0,0,0,0,0,0,0,0,0,2,2,134004,0,0,0,0,0,0,0,0,0
200301,35,031,4,8,McKinley County               ,2,2,172000,0,0,0,0,0,0,0,0,0,2,2,172000,0,0,0,0,0,0,0,0,0
200301,35,035,4,8,Otero County                  ,6,6,771015,0,0,0,0,0,0,0,0,0,6,6,771015,0,0,0,0,0,0,0,0,0
200301,35,039,4,8,Rio Arriba County             ,1,1,108581,0,0,0,0,0,0,0,0,0,1,1,108581,0,0,0,0,0,0,0,0,0
200301,35,041,4,8,Roosevelt County              ,2,2,69000,0,0,0,0,0,0,0,0,0,2,2,69000,0,0,0,0,0,0,0,0,0
200301,35,043,4,8,Sandoval County               ,79,79,7437474,0,0,0,0,0,0,0,0,0,0,0,0,0,0,0,0,0,0,0,0,0
200301,35,045,4,8,San Juan County               ,23,23,3096697,0,0,0,0,0,0,0,0,0,23,23,3096697,0,0,0,0,0,0,0,0,0
200301,35,049,4,8,Santa Fe County               ,35,35,3609690,0,0,0,0,0,0,0,0,0,35,35,3609690,0,0,0,0,0,0,0,0,0
200301,35,053,4,8,Socorro County                ,1,1,96800,0,0,0,0,0,0,0,0,0,0,0,0,0,0,0,0,0,0,0,0,0
200301,35,055,4,8,Taos County                   ,10,10,1157561,0,0,0,0,0,0,0,0,0,0,0,0,0,0,0,0,0,0,0,0,0
200301,35,061,4,8,Valencia County               ,33,33,3314340,0,0,0,0,0,0,0,0,0,1,1,133069,0,0,0,0,0,0,0,0,0
200301,36,005,1,2,Bronx County                  ,0,0,0,17,34,2826345,8,24,1836581,6,74,5226250,0,0,0,17,34,2826345,8,24,1836581,6,74,5226250
200301,36,027,1,2,Dutchess County               ,47,47,10111561,0,0,0,0,0,0,1,5,358295,32,32,7234287,0,0,0,0,0,0,0,0,0
200301,36,047,1,2,Kings County                  ,2,2,295002,64,128,10640356,28,85,6504558,10,101,7133125,2,2,295002,64,128,10640356,28,85,6504558,10,101,7133125
200301,36,059,1,2,Nassau County                 ,49,49,13863679,0,0,0,0,0,0,1,5,821921,27,27,9970601,0,0,0,0,0,0,0,0,0
200301,36,061,1,2,New York County               ,1,1,147501,0,0,0,1,3,229573,5,277,19563125,1,1,147501,0,0,0,1,3,229573,5,277,19563125
200301,36,071,1,2,Orange County                 ,63,63,9110664,0,0,0,0,0,0,2,12,760326,23,23,3541503,0,0,0,0,0,0,0,0,0
200301,36,079,1,2,Putnam County                 ,14,14,2327529,0,0,0,0,0,0,0,0,0,2,2,410000,0,0,0,0,0,0,0,0,0
200301,36,081,1,2,Queens County                 ,12,12,1770013,34,68,5652689,23,70,5356695,0,0,0,12,12,1770013,34,68,5652689,23,70,5356695,0,0,0
200301,36,085,1,2,Richmond County               ,101,101,14897610,33,66,5486434,0,0,0,0,0,0,101,101,14897610,33,66,5486434,0,0,0,0,0,0
200301,36,099,1,2,Seneca County                 ,3,3,230000,0,0,0,0,0,0,0,0,0,3,3,230000,0,0,0,0,0,0,0,0,0
200301,36,103,1,2,Suffolk County                ,238,238,40253592,7,14,7227470,2,7,3420796,0,0,0,199,199,34250223,0,0,0,0,0,0,0,0,0
200301,36,119,1,2,Westchester County            ,57,57,17096305,6,12,943689,1,3,510000,1,7,631280,23,23,4958984,1,2,175000,0,0,0,1,7,631280
200301,37,001,3,5,Alamance County               ,80,80,8194278,0,0,0,0,0,0,0,0,0,80,80,8194278,0,0,0,0,0,0,0,0,0
200301,37,003,3,5,Alexander County              ,0,0,0,0,0,0,0,0,0,0,0,0,0,0,0,0,0,0,0,0,0,0,0,0
200301,37,005,3,5,Alleghany County              ,3,3,270000,0,0,0,0,0,0,0,0,0,3,3,270000,0,0,0,0,0,0,0,0,0
200301,37,009,3,5,Ashe County                   ,6,6,491800,0,0,0,0,0,0,0,0,0,6,6,491800,0,0,0,0,0,0,0,0,0
200301,37,011,3,5,Avery County                  ,4,4,434000,0,0,0,0,0,0,0,0,0,4,4,434000,0,0,0,0,0,0,0,0,0
200301,37,015,3,5,Bertie County                 ,3,3,411425,0,0,0,0,0,0,0,0,0,3,3,411425,0,0,0,0,0,0,0,0,0
200301,37,017,3,5,Bladen County                 ,7,7,669000,0,0,0,0,0,0,0,0,0,7,7,669000,0,0,0,0,0,0,0,0,0
200301,37,025,3,5,Cabarrus County               ,180,180,20429265,0,0,0,0,0,0,0,0,0,180,180,20429265,0,0,0,0,0,0,0,0,0
200301,37,027,3,5,Caldwell County               ,25,25,3666500,0,0,0,0,0,0,0,0,0,25,25,3666500,0,0,0,0,0,0,0,0,0
200301,37,029,3,5,Camden County                 ,30,30,3145000,0,0,0,0,0,0,0,0,0,30,30,3145000,0,0,0,0,0,0,0,0,0
200301,37,033,3,5,Caswell County                ,3,3,358190,0,0,0,0,0,0,0,0,0,3,3,358190,0,0,0,0,0,0,0,0,0
200301,37,037,3,5,Chatham County                ,43,43,8717650,0,0,0,0,0,0,0,0,0,43,43,8717650,0,0,0,0,0,0,0,0,0
200301,37,043,3,5,Clay County                   ,12,12,1838200,0,0,0,0,0,0,0,0,0,12,12,1838200,0,0,0,0,0,0,0,0,0
200301,37,053,3,5,Currituck County              ,46,46,12333482,0,0,0,0,0,0,0,0,0,46,46,12333482,0,0,0,0,0,0,0,0,0
200301,37,057,3,5,Davidson County               ,80,80,5487247,1,2,85120,0,0,0,0,0,0,80,80,5487247,1,2,85120,0,0,0,0,0,0
200301,37,059,3,5,Davie County                  ,21,21,2931373,0,0,0,0,0,0,0,0,0,21,21,2931373,0,0,0,0,0,0,0,0,0
200301,37,061,3,5,Duplin County                 ,5,5,543000,0,0,0,0,0,0,0,0,0,5,5,543000,0,0,0,0,0,0,0,0,0
200301,37,063,3,5,Durham County                 ,156,156,19544721,0,0,0,0,0,0,13,278,6487000,156,156,19544721,0,0,0,0,0,0,13,278,6487000
200301,37,067,3,5,Forsyth County                ,166,166,18675730,0,0,0,0,0,0,0,0,0,166,166,18675730,0,0,0,0,0,0,0,0,0
200301,37,069,3,5,Franklin County               ,29,29,3535444,0,0,0,0,0,0,0,0,0,29,29,3535444,0,0,0,0,0,0,0,0,0
200301,37,071,3,5,Gaston County                 ,75,75,8968863,1,2,142758,0,0,0,1,7,347373,17,17,2233868,1,2,142758,0,0,0,0,0,0
200301,37,075,3,5,Graham County                 ,4,4,556570,0,0,0,0,0,0,0,0,0,4,4,556570,0,0,0,0,0,0,0,0,0
200301,37,081,3,5,Guilford County               ,190,190,27247746,0,0,0,0,0,0,5,72,4295399,190,190,27247746,0,0,0,0,0,0,5,72,4295399
200301,37,089,3,5,Henderson County              ,42,42,8050748,1,2,120000,0,0,0,0,0,0,42,42,8050748,1,2,120000,0,0,0,0,0,0
200301,37,091,3,5,Hertford County               ,3,3,317000,0,0,0,0,0,0,0,0,0,3,3,317000,0,0,0,0,0,0,0,0,0
200301,37,097,3,5,Iredell County                ,107,107,16359299,0,0,0,0,0,0,3,34,2069446,0,0,0,0,0,0,0,0,0,0,0,0
200301,37,099,3,5,Jackson County                ,27,27,7259555,0,0,0,0,0,0,0,0,0,27,27,7259555,0,0,0,0,0,0,0,0,0
200301,37,101,3,5,Johnston County               ,60,60,7702728,1,2,231000,0,0,0,2,24,822000,60,60,7702728,1,2,231000,0,0,0,2,24,822000
200301,37,105,3,5,Lee County                    ,16,16,1790825,0,0,0,0,0,0,0,0,0,16,16,1790825,0,0,0,0,0,0,0,0,0
200301,37,109,3,5,Lincoln County                ,53,53,6012210,2,4,161810,0,0,0,1,13,303132,0,0,0,0,0,0,0,0,0,0,0,0
200301,37,113,3,5,Macon County                  ,16,16,4991400,0,0,0,0,0,0,6,48,1297530,16,16,4991400,0,0,0,0,0,0,6,48,1297530
200301,37,115,3,5,Madison County                ,18,18,1604336,0,0,0,0,0,0,0,0,0,18,18,1604336,0,0,0,0,0,0,0,0,0
200301,37,117,3,5,Martin County                 ,2,2,238100,0,0,0,0,0,0,0,0,0,2,2,238100,0,0,0,0,0,0,0,0,0
200301,37,119,3,5,Mecklenburg County            ,555,555,70104712,3,6,415417,3,12,874194,10,264,15749797,555,555,70104712,3,6,415417,3,12,874194,10,264,15749797
200301,37,121,3,5,Mitchell County               ,1,1,100000,0,0,0,0,0,0,0,0,0,1,1,100000,0,0,0,0,0,0,0,0,0
200301,37,123,3,5,Montgomery County             ,4,4,520000,0,0,0,0,0,0,0,0,0,4,4,520000,0,0,0,0,0,0,0,0,0
200301,37,131,3,5,Northampton County            ,5,5,629311,0,0,0,1,3,441000,0,0,0,0,0,0,0,0,0,0,0,0,0,0,0
200301,37,135,3,5,Orange County                 ,171,171,21199851,0,0,0,0,0,0,0,0,0,115,115,12873346,0,0,0,0,0,0,0,0,0
200301,37,137,3,5,Pamlico County                ,6,6,1344315,2,4,280200,0,0,0,0,0,0,6,6,1344315,2,4,280200,0,0,0,0,0,0
200301,37,139,3,5,Pasquotank County             ,11,11,973093,0,0,0,0,0,0,0,0,0,6,6,561000,0,0,0,0,0,0,0,0,0
200301,37,145,3,5,Person County                 ,20,20,3166000,0,0,0,0,0,0,0,0,0,20,20,3166000,0,0,0,0,0,0,0,0,0
200301,37,149,3,5,Polk County                   ,15,15,1343134,0,0,0,0,0,0,0,0,0,15,15,1343134,0,0,0,0,0,0,0,0,0
200301,37,151,3,5,Randolph County               ,49,49,4195945,0,0,0,0,0,0,0,0,0,49,49,4195945,0,0,0,0,0,0,0,0,0
200301,37,159,3,5,Rowan County                  ,55,55,7554000,1,2,285000,0,0,0,0,0,0,55,55,7554000,1,2,285000,0,0,0,0,0,0
200301,37,163,3,5,Sampson County                ,12,12,1259754,0,0,0,0,0,0,0,0,0,0,0,0,0,0,0,0,0,0,0,0,0
200301,37,165,3,5,Scotland County               ,3,3,286898,0,0,0,0,0,0,0,0,0,3,3,286898,0,0,0,0,0,0,0,0,0
200301,37,167,3,5,Stanly County                 ,22,22,2307502,1,2,77939,0,0,0,1,6,320976,0,0,0,0,0,0,0,0,0,0,0,0
200301,37,169,3,5,Stokes County                 ,9,9,1055328,0,0,0,1,4,222000,0,0,0,5,5,516126,0,0,0,1,4,222000,0,0,0
200301,37,171,3,5,Surry County                  ,12,12,1396120,0,0,0,0,0,0,0,0,0,12,12,1396120,0,0,0,0,0,0,0,0,0
200301,37,173,3,5,Swain County                  ,10,10,720020,0,0,0,0,0,0,0,0,0,10,10,720020,0,0,0,0,0,0,0,0,0
200301,37,175,3,5,Transylvania County           ,12,12,3170784,0,0,0,0,0,0,0,0,0,12,12,3170784,0,0,0,0,0,0,0,0,0
200301,37,179,3,5,Union County                  ,208,208,29917889,0,0,0,0,0,0,0,0,0,208,208,29917889,0,0,0,0,0,0,0,0,0
200301,37,181,3,5,Vance County                  ,9,9,1127336,0,0,0,0,0,0,0,0,0,0,0,0,0,0,0,0,0,0,0,0,0
200301,37,183,3,5,Wake County                   ,581,581,86050035,0,0,0,2,7,399650,13,157,12611020,543,543,81183802,0,0,0,2,7,399650,13,157,12611020
200301,37,185,3,5,Warren County                 ,8,8,1110111,0,0,0,0,0,0,0,0,0,0,0,0,0,0,0,0,0,0,0,0,0
200301,37,187,3,5,Washington County             ,0,0,0,0,0,0,0,0,0,0,0,0,0,0,0,0,0,0,0,0,0,0,0,0
200301,37,191,3,5,Wayne County                  ,49,49,3165537,0,0,0,0,0,0,0,0,0,49,49,3165537,0,0,0,0,0,0,0,0,0
200301,37,195,3,5,Wilson County                 ,24,24,2940884,2,4,193590,0,0,0,0,0,0,24,24,2940884,2,4,193590,0,0,0,0,0,0
200301,37,197,3,5,Yadkin County                 ,12,12,1330522,0,0,0,0,0,0,0,0,0,12,12,1330522,0,0,0,0,0,0,0,0,0
200301,39,007,2,3,Ashtabula County              ,26,26,2573648,0,0,0,0,0,0,0,0,0,0,0,0,0,0,0,0,0,0,0,0,0
200301,39,015,2,3,Brown County                  ,5,5,504837,0,0,0,0,0,0,0,0,0,0,0,0,0,0,0,0,0,0,0,0,0
200301,39,017,2,3,Butler County                 ,111,111,13826484,1,2,115410,1,3,189689,1,5,236317,19,19,1928941,0,0,0,0,0,0,0,0,0
200301,39,025,2,3,Clermont County               ,88,88,13095446,1,2,261624,2,8,731672,0,0,0,88,88,13095446,1,2,261624,2,8,731672,0,0,0
200301,39,035,2,3,Cuyahoga County               ,117,117,22754125,1,2,125000,1,3,136408,1,10,407227,72,72,15844522,0,0,0,0,0,0,0,0,0
200301,39,041,2,3,Delaware County               ,187,187,33456509,2,4,388000,0,0,0,1,16,233208,49,49,5921747,2,4,388000,0,0,0,0,0,0
200301,39,045,2,3,Fairfield County              ,64,64,12368798,0,0,0,0,0,0,0,0,0,28,28,6690891,0,0,0,0,0,0,0,0,0
200301,39,049,2,3,Franklin County               ,313,313,49515135,2,4,328285,12,43,3475914,14,169,7919964,88,88,18163688,0,0,0,2,6,558000,1,6,454500
200301,39,055,2,3,Geauga County                 ,19,19,4418530,0,0,0,0,0,0,0,0,0,19,19,4418530,0,0,0,0,0,0,0,0,0
200301,39,061,2,3,Hamilton County               ,138,138,21172337,0,0,0,0,0,0,4,45,2393650,138,138,21172337,0,0,0,0,0,0,4,45,2393650
200301,39,085,2,3,Lake County                   ,29,29,6421629,0,0,0,1,3,150000,0,0,0,26,26,5801000,0,0,0,0,0,0,0,0,0
200301,39,089,2,3,Licking County                ,96,96,12589329,1,2,240000,2,8,600000,0,0,0,96,96,12589329,1,2,240000,2,8,600000,0,0,0
200301,39,093,2,3,Lorain County                 ,103,103,16877901,0,0,0,1,3,178500,0,0,0,77,77,11934147,0,0,0,0,0,0,0,0,0
200301,39,097,2,3,Madison County                ,19,19,1637724,0,0,0,0,0,0,0,0,0,15,15,1206557,0,0,0,0,0,0,0,0,0
200301,39,103,2,3,Medina County                 ,71,71,11320904,0,0,0,0,0,0,0,0,0,71,71,11320904,0,0,0,0,0,0,0,0,0
200301,39,129,2,3,Pickaway County               ,9,9,1226961,0,0,0,0,0,0,0,0,0,8,8,1103645,0,0,0,0,0,0,0,0,0
200301,39,133,2,3,Portage County                ,29,29,4791158,0,0,0,0,0,0,0,0,0,24,24,4021202,0,0,0,0,0,0,0,0,0
200301,39,135,2,3,Preble County                 ,5,5,660000,0,0,0,0,0,0,0,0,0,5,5,660000,0,0,0,0,0,0,0,0,0
200301,39,153,2,3,Summit County                 ,98,98,18613247,0,0,0,3,10,565994,1,8,245424,84,84,17179618,0,0,0,2,7,483494,0,0,0
200301,39,165,2,3,Warren County                 ,160,160,24107461,1,2,92000,1,3,223646,0,0,0,160,160,24107461,1,2,92000,1,3,223646,0,0,0
200301,40,001,3,7,Adair County                  ,0,0,0,0,0,0,0,0,0,0,0,0,0,0,0,0,0,0,0,0,0,0,0,0
200301,40,013,3,7,Bryan County                  ,4,4,445000,1,2,50000,0,0,0,0,0,0,4,4,445000,1,2,50000,0,0,0,0,0,0
200301,40,085,3,7,Love County                   ,0,0,0,0,0,0,0,0,0,0,0,0,0,0,0,0,0,0,0,0,0,0,0,0
200301,41,000,4,9,Oregon Balance of State       ,12,12,1251740,0,0,0,0,0,0,1,5,238418,0,0,0,0,0,0,0,0,0,0,0,0
200301,41,001,4,9,Baker County                  ,1,1,171310,0,0,0,0,0,0,0,0,0,1,1,171310,0,0,0,0,0,0,0,0,0
200301,41,003,4,9,Benton County                 ,29,29,5065847,0,0,0,0,0,0,0,0,0,29,29,5065847,0,0,0,0,0,0,0,0,0
200301,41,005,4,9,Clackamas County              ,154,154,33502769,0,0,0,0,0,0,0,0,0,154,154,33502769,0,0,0,0,0,0,0,0,0
200301,41,007,4,9,Clatsop County                ,14,14,2235264,1,2,310000,0,0,0,0,0,0,11,11,1832832,1,2,310000,0,0,0,0,0,0
200301,41,009,4,9,Columbia County               ,18,18,2689656,0,0,0,0,0,0,0,0,0,11,11,1489916,0,0,0,0,0,0,0,0,0
200301,41,011,4,9,Coos County                   ,2,2,239785,0,0,0,0,0,0,0,0,0,0,0,0,0,0,0,0,0,0,0,0,0
200301,41,013,4,9,Crook County                  ,13,13,1481198,0,0,0,0,0,0,0,0,0,0,0,0,0,0,0,0,0,0,0,0,0
200301,41,015,4,9,Curry County                  ,4,4,978237,0,0,0,0,0,0,0,0,0,4,4,978237,0,0,0,0,0,0,0,0,0
200301,41,017,4,9,Deschutes County              ,159,159,24811950,4,8,709117,1,3,258653,5,58,2324796,159,159,24811950,4,8,709117,1,3,258653,5,58,2324796
200301,41,019,4,9,Douglas County                ,27,27,4226802,1,2,158399,0,0,0,0,0,0,27,27,4226802,1,2,158399,0,0,0,0,0,0
200301,41,021,4,9,Gilliam County                ,0,0,0,0,0,0,0,0,0,0,0,0,0,0,0,0,0,0,0,0,0,0,0,0
200301,41,025,4,9,Harney County                 ,0,0,0,0,0,0,0,0,0,0,0,0,0,0,0,0,0,0,0,0,0,0,0,0
200301,41,027,4,9,Hood River County             ,22,22,2631859,0,0,0,0,0,0,0,0,0,22,22,2631859,0,0,0,0,0,0,0,0,0
200301,41,029,4,9,Jackson County                ,153,153,21501613,1,2,163540,1,3,562500,2,71,4829578,138,138,19621983,1,2,163540,0,0,0,1,66,4068652
200301,41,031,4,9,Jefferson County              ,4,4,455171,0,0,0,0,0,0,0,0,0,4,4,455171,0,0,0,0,0,0,0,0,0
200301,41,033,4,9,Josephine County              ,27,27,3391250,1,2,184934,0,0,0,0,0,0,0,0,0,0,0,0,0,0,0,0,0,0
200301,41,035,4,9,Klamath County                ,11,11,1907233,0,0,0,1,4,365610,0,0,0,0,0,0,0,0,0,0,0,0,0,0,0
200301,41,037,4,9,Lake County                   ,2,2,267824,0,0,0,0,0,0,0,0,0,0,0,0,0,0,0,0,0,0,0,0,0
200301,41,039,4,9,Lane County                   ,94,94,16229834,3,6,665319,0,0,0,0,0,0,68,68,12906515,2,4,518699,0,0,0,0,0,0
200301,41,041,4,9,Lincoln County                ,19,19,3418813,0,0,0,0,0,0,0,0,0,19,19,3418813,0,0,0,0,0,0,0,0,0
200301,41,043,4,9,Linn County                   ,29,29,3184393,0,0,0,0,0,0,1,5,268421,5,5,679832,0,0,0,0,0,0,0,0,0
200301,41,045,4,9,Malheur County                ,2,2,398133,0,0,0,0,0,0,0,0,0,2,2,398133,0,0,0,0,0,0,0,0,0
200301,41,047,4,9,Marion County                 ,120,120,17409545,3,6,474581,0,0,0,15,178,10976131,102,102,15089912,1,2,200000,0,0,0,15,178,10976131
200301,41,051,4,9,Multnomah County              ,102,102,17359667,9,18,1794979,3,11,975441,31,539,42098103,102,102,17359667,9,18,1794979,3,11,975441,31,539,42098103
200301,41,053,4,9,Polk County                   ,24,24,3832853,3,6,653976,0,0,0,0,0,0,24,24,3832853,3,6,653976,0,0,0,0,0,0
200301,41,055,4,9,Sherman County                ,0,0,0,0,0,0,0,0,0,0,0,0,0,0,0,0,0,0,0,0,0,0,0,0
200301,41,057,4,9,Tillamook County              ,11,11,1928970,1,2,167600,0,0,0,0,0,0,2,2,532975,1,2,167600,0,0,0,0,0,0
200301,41,059,4,9,Umatilla County               ,10,10,1531138,0,0,0,0,0,0,0,0,0,10,10,1531138,0,0,0,0,0,0,0,0,0
200301,41,061,4,9,Union County                  ,6,6,893850,0,0,0,0,0,0,0,0,0,6,6,893850,0,0,0,0,0,0,0,0,0
200301,41,065,4,9,Wasco County                  ,0,0,0,0,0,0,0,0,0,0,0,0,0,0,0,0,0,0,0,0,0,0,0,0
200301,41,067,4,9,Washington County             ,200,200,43846938,3,6,705354,0,0,0,12,206,18037495,180,180,39711797,3,6,705354,0,0,0,12,206,18037495
200301,41,069,4,9,Wheeler County                ,0,0,0,0,0,0,0,0,0,0,0,0,0,0,0,0,0,0,0,0,0,0,0,0
200301,41,071,4,9,Yamhill County                ,51,51,6900043,0,0,0,0,0,0,1,5,150450,38,38,5407497,0,0,0,0,0,0,0,0,0
200301,42,001,1,2,Adams County                  ,33,33,4787798,0,0,0,0,0,0,0,0,0,33,33,4787798,0,0,0,0,0,0,0,0,0
200301,42,003,1,2,Allegheny County              ,114,114,20374467,1,2,291060,0,0,0,3,19,1011850,70,70,13796090,0,0,0,0,0,0,0,0,0
200301,42,007,1,2,Beaver County                 ,21,21,2301394,0,0,0,1,3,45000,0,0,0,12,12,1292332,0,0,0,0,0,0,0,0,0
200301,42,017,1,2,Bucks County                  ,191,191,21480690,0,0,0,0,0,0,1,19,464000,159,159,15513176,0,0,0,0,0,0,1,19,464000
200301,42,019,1,2,Butler County                 ,53,53,7103772,0,0,0,0,0,0,0,0,0,35,35,4818618,0,0,0,0,0,0,0,0,0
200301,42,029,1,2,Chester County                ,218,218,31159602,0,0,0,0,0,0,0,0,0,142,142,20669313,0,0,0,0,0,0,0,0,0
200301,42,045,1,2,Delaware County               ,68,68,15490272,0,0,0,0,0,0,2,10,685797,52,52,13642242,0,0,0,0,0,0,0,0,0
200301,42,051,1,2,Fayette County                ,14,14,1918032,0,0,0,0,0,0,0,0,0,1,1,180000,0,0,0,0,0,0,0,0,0
200301,42,055,1,2,Franklin County               ,31,31,3330519,0,0,0,0,0,0,0,0,0,31,31,3330519,0,0,0,0,0,0,0,0,0
200301,42,065,1,2,Jefferson County              ,5,5,302000,0,0,0,0,0,0,1,6,235000,5,5,302000,0,0,0,0,0,0,1,6,235000
200301,42,091,1,2,Montgomery County             ,153,153,19814926,1,2,95000,0,0,0,1,5,323184,98,98,13681326,1,2,95000,0,0,0,0,0,0
200301,42,101,1,2,Philadelphia County           ,8,8,1180009,2,4,332511,0,0,0,6,108,7627500,8,8,1180009,2,4,332511,0,0,0,6,108,7627500
200301,42,103,1,2,Pike County                   ,35,35,5020734,0,0,0,0,0,0,0,0,0,33,33,4777884,0,0,0,0,0,0,0,0,0
200301,42,125,1,2,Washington County             ,38,38,6402216,2,4,585000,0,0,0,0,0,0,25,25,3961655,2,4,585000,0,0,0,0,0,0
200301,42,129,1,2,Westmoreland County           ,51,51,7227402,1,2,90000,2,6,600000,1,5,125000,29,29,4352951,1,2,90000,2,6,600000,0,0,0
200301,44,001,1,1,Bristol County                ,7,7,2036578,0,0,0,0,0,0,0,0,0,4,4,1617620,0,0,0,0,0,0,0,0,0
200301,44,003,1,1,Kent County                   ,9,9,1030785,0,0,0,1,3,292748,0,0,0,3,3,387700,0,0,0,0,0,0,0,0,0
200301,44,005,1,1,Newport County                ,10,10,1369700,0,0,0,0,0,0,0,0,0,10,10,1369700,0,0,0,0,0,0,0,0,0
200301,44,007,1,1,Providence County             ,48,48,6437649,1,2,58600,0,0,0,0,0,0,42,42,5940881,0,0,0,0,0,0,0,0,0
200301,44,009,1,1,Washington County             ,32,32,4979296,0,0,0,0,0,0,0,0,0,13,13,2128079,0,0,0,0,0,0,0,0,0
200301,45,001,3,5,Abbeville County              ,4,4,370651,0,0,0,0,0,0,0,0,0,0,0,0,0,0,0,0,0,0,0,0,0
200301,45,003,3,5,Aiken County                  ,82,82,9124929,0,0,0,0,0,0,0,0,0,62,62,6947124,0,0,0,0,0,0,0,0,0
200301,45,007,3,5,Anderson County               ,77,77,9157699,4,8,200000,0,0,0,9,184,5400000,77,77,9157699,4,8,200000,0,0,0,9,184,5400000
200301,45,015,3,5,Berkeley County               ,67,67,7480552,0,0,0,0,0,0,0,0,0,9,9,966941,0,0,0,0,0,0,0,0,0
200301,45,023,3,5,Chester County                ,9,9,1331999,0,0,0,0,0,0,0,0,0,9,9,1331999,0,0,0,0,0,0,0,0,0
200301,45,027,3,5,Clarendon County              ,11,11,1028926,0,0,0,0,0,0,0,0,0,11,11,1028926,0,0,0,0,0,0,0,0,0
200301,45,037,3,5,Edgefield County              ,7,7,820107,0,0,0,0,0,0,0,0,0,7,7,820107,0,0,0,0,0,0,0,0,0
200301,45,045,3,5,Greenville County             ,251,251,22775474,2,4,207800,0,0,0,0,0,0,251,251,22775474,2,4,207800,0,0,0,0,0,0
200301,45,047,3,5,Greenwood County              ,23,23,2550932,0,0,0,0,0,0,0,0,0,23,23,2550932,0,0,0,0,0,0,0,0,0
200301,45,053,3,5,Jasper County                 ,2,2,354111,0,0,0,0,0,0,0,0,0,2,2,354111,0,0,0,0,0,0,0,0,0
200301,45,073,3,5,Oconee County                 ,45,45,8221306,0,0,0,0,0,0,6,144,5000000,45,45,8221306,0,0,0,0,0,0,6,144,5000000
200301,45,077,3,5,Pickens County                ,79,79,10673925,0,0,0,0,0,0,1,11,351144,39,39,4343717,0,0,0,0,0,0,0,0,0
200301,45,081,3,5,Saluda County                 ,3,3,541800,0,0,0,0,0,0,0,0,0,3,3,541800,0,0,0,0,0,0,0,0,0
200301,45,085,3,5,Sumter County                 ,56,56,1906385,1,2,115200,0,0,0,0,0,0,56,56,1906385,1,2,115200,0,0,0,0,0,0
200301,45,087,3,5,Union County                  ,4,4,559563,0,0,0,0,0,0,0,0,0,4,4,559563,0,0,0,0,0,0,0,0,0
200301,45,091,3,5,York County                   ,168,168,21350641,0,0,0,0,0,0,1,6,357950,168,168,21350641,0,0,0,0,0,0,1,6,357950
200301,46,007,2,4,Bennett County                ,0,0,0,0,0,0,0,0,0,0,0,0,0,0,0,0,0,0,0,0,0,0,0,0
200301,46,027,2,4,Clay County                   ,2,2,309439,0,0,0,0,0,0,0,0,0,1,1,167000,0,0,0,0,0,0,0,0,0
200301,46,079,2,4,Lake County                   ,2,2,109005,0,0,0,0,0,0,0,0,0,0,0,0,0,0,0,0,0,0,0,0,0
200301,46,093,2,4,Meade County                  ,17,17,1930913,0,0,0,0,0,0,0,0,0,17,17,1930913,0,0,0,0,0,0,0,0,0
200301,46,095,2,4,Mellette County               ,0,0,0,0,0,0,0,0,0,0,0,0,0,0,0,0,0,0,0,0,0,0,0,0
200301,46,121,2,4,Todd County                   ,0,0,0,0,0,0,0,0,0,0,0,0,0,0,0,0,0,0,0,0,0,0,0,0
200301,47,011,3,6,Bradley County                ,30,30,3102245,0,0,0,1,4,100000,0,0,0,30,30,3102245,0,0,0,1,4,100000,0,0,0
200301,47,021,3,6,Cheatham County               ,12,12,854749,1,2,80000,0,0,0,1,5,218871,10,10,745000,1,2,80000,0,0,0,0,0,0
200301,47,025,3,6,Claiborne County              ,8,8,639000,0,0,0,0,0,0,0,0,0,8,8,639000,0,0,0,0,0,0,0,0,0
200301,47,031,3,6,Coffee County                 ,10,10,836342,0,0,0,0,0,0,0,0,0,5,5,250000,0,0,0,0,0,0,0,0,0
200301,47,037,3,6,Davidson County               ,254,254,43113102,2,4,437194,0,0,0,3,39,3471845,7,7,3372033,0,0,0,0,0,0,0,0,0
200301,47,043,3,6,Dickson County                ,9,9,973927,0,0,0,0,0,0,0,0,0,7,7,858230,0,0,0,0,0,0,0,0,0
200301,47,047,3,6,Fayette County                ,12,12,2070000,0,0,0,0,0,0,0,0,0,12,12,2070000,0,0,0,0,0,0,0,0,0
200301,47,063,3,6,Hamblen County                ,9,9,781400,1,2,70000,1,3,185000,0,0,0,9,9,781400,1,2,70000,1,3,185000,0,0,0
200301,47,081,3,6,Hickman County                ,0,0,0,0,0,0,0,0,0,0,0,0,0,0,0,0,0,0,0,0,0,0,0,0
200301,47,093,3,6,Knox County                   ,172,172,20402044,1,2,100429,1,4,242862,2,21,959063,143,143,17876368,0,0,0,0,0,0,1,10,550000
200301,47,113,3,6,Madison County                ,56,56,6659200,0,0,0,0,0,0,0,0,0,56,56,6659200,0,0,0,0,0,0,0,0,0
200301,47,125,3,6,Montgomery County             ,74,74,6199892,0,0,0,0,0,0,0,0,0,74,74,6199892,0,0,0,0,0,0,0,0,0
200301,47,127,3,6,Moore County                  ,3,3,327000,0,0,0,0,0,0,0,0,0,3,3,327000,0,0,0,0,0,0,0,0,0
200301,47,147,3,6,Robertson County              ,38,38,3766945,0,0,0,0,0,0,0,0,0,15,15,2003110,0,0,0,0,0,0,0,0,0
200301,47,149,3,6,Rutherford County             ,258,258,24667109,0,0,0,1,3,156818,0,0,0,199,199,20127904,0,0,0,0,0,0,0,0,0
200301,47,157,3,6,Shelby County                 ,351,351,56899293,0,0,0,0,0,0,1,88,5249932,351,351,56899293,0,0,0,0,0,0,1,88,5249932
200301,47,165,3,6,Sumner County                 ,68,68,6882744,1,2,60000,0,0,0,0,0,0,68,68,6882744,1,2,60000,0,0,0,0,0,0
200301,47,167,3,6,Tipton County                 ,33,33,3304220,0,0,0,0,0,0,0,0,0,33,33,3304220,0,0,0,0,0,0,0,0,0
200301,47,177,3,6,Warren County                 ,1,1,100000,0,0,0,0,0,0,0,0,0,1,1,100000,0,0,0,0,0,0,0,0,0
200301,47,187,3,6,Williamson County             ,115,115,27024639,0,0,0,0,0,0,0,0,0,30,30,6349129,0,0,0,0,0,0,0,0,0
200301,47,189,3,6,Wilson County                 ,69,69,10181510,0,0,0,0,0,0,0,0,0,68,68,10140596,0,0,0,0,0,0,0,0,0
200301,48,039,3,7,Brazoria County               ,202,202,33339594,0,0,0,0,0,0,0,0,0,202,202,33339594,0,0,0,0,0,0,0,0,0
200301,48,041,3,7,Brazos County                 ,78,78,9141016,2,4,220900,0,0,0,0,0,0,58,58,7403580,1,2,135300,0,0,0,0,0,0
200301,48,063,3,7,Camp County                   ,1,1,75000,0,0,0,0,0,0,0,0,0,1,1,75000,0,0,0,0,0,0,0,0,0
200301,48,071,3,7,Chambers County               ,37,37,4554444,0,0,0,0,0,0,0,0,0,37,37,4554444,0,0,0,0,0,0,0,0,0
200301,48,083,3,7,Coleman County                ,0,0,0,0,0,0,0,0,0,0,0,0,0,0,0,0,0,0,0,0,0,0,0,0
200301,48,085,3,7,Collin County                 ,747,747,141697185,1,2,304483,0,0,0,2,280,10600000,724,724,137450021,1,2,304483,0,0,0,2,280,10600000
200301,48,113,3,7,Dallas County                 ,600,600,104082178,1,2,425000,0,0,0,0,0,0,581,581,99945668,1,2,425000,0,0,0,0,0,0
200301,48,121,3,7,Denton County                 ,431,431,79204286,0,0,0,0,0,0,1,208,7500000,264,264,44043567,0,0,0,0,0,0,1,208,7500000
200301,48,135,3,7,Ector County                  ,6,6,1174000,0,0,0,0,0,0,0,0,0,6,6,1174000,0,0,0,0,0,0,0,0,0
200301,48,139,3,7,Ellis County                  ,60,60,8356997,0,0,0,0,0,0,2,38,2224009,42,42,5781442,0,0,0,0,0,0,0,0,0
200301,48,151,3,7,Fisher County                 ,0,0,0,0,0,0,0,0,0,0,0,0,0,0,0,0,0,0,0,0,0,0,0,0
200301,48,157,3,7,Fort Bend County              ,123,123,14927139,0,0,0,0,0,0,0,0,0,123,123,14927139,0,0,0,0,0,0,0,0,0
200301,48,167,3,7,Galveston County              ,200,200,26240627,7,14,969306,0,0,0,1,8,338454,195,195,25648436,7,14,969306,0,0,0,0,0,0
200301,48,169,3,7,Garza County                  ,0,0,0,0,0,0,0,0,0,0,0,0,0,0,0,0,0,0,0,0,0,0,0,0
200301,48,201,3,7,Harris County                 ,1887,1887,230811519,1,2,138472,0,0,0,80,1333,72696152,1887,1887,230811519,1,2,138472,0,0,0,80,1333,72696152
200301,48,207,3,7,Haskell County                ,0,0,0,0,0,0,0,0,0,0,0,0,0,0,0,0,0,0,0,0,0,0,0,0
200301,48,211,3,7,Hemphill County               ,0,0,0,0,0,0,0,0,0,0,0,0,0,0,0,0,0,0,0,0,0,0,0,0
200301,48,213,3,7,Henderson County              ,11,11,1010758,1,2,88750,0,0,0,0,0,0,5,5,511000,0,0,0,0,0,0,0,0,0
200301,48,221,3,7,Hood County                   ,2,2,140224,0,0,0,0,0,0,0,0,0,2,2,140224,0,0,0,0,0,0,0,0,0
200301,48,231,3,7,Hunt County                   ,2,2,277000,1,2,132444,0,0,0,0,0,0,2,2,277000,1,2,132444,0,0,0,0,0,0
200301,48,251,3,7,Johnson County                ,76,76,7318222,0,0,0,0,0,0,0,0,0,76,76,7318222,0,0,0,0,0,0,0,0,0
200301,48,257,3,7,Kaufman County                ,36,36,4238239,0,0,0,0,0,0,1,7,313696,34,34,4035654,0,0,0,0,0,0,0,0,0
200301,48,265,3,7,Kerr County                   ,5,5,429744,0,0,0,0,0,0,0,0,0,5,5,429744,0,0,0,0,0,0,0,0,0
200301,48,291,3,7,Liberty County                ,25,25,2586868,0,0,0,0,0,0,0,0,0,24,24,2446950,0,0,0,0,0,0,0,0,0
200301,48,319,3,7,Mason County                  ,0,0,0,0,0,0,0,0,0,0,0,0,0,0,0,0,0,0,0,0,0,0,0,0
200301,48,323,3,7,Maverick County               ,14,14,771218,0,0,0,0,0,0,1,8,217005,14,14,771218,0,0,0,0,0,0,1,8,217005
200301,48,329,3,7,Midland County                ,18,18,1500433,0,0,0,0,0,0,0,0,0,18,18,1500433,0,0,0,0,0,0,0,0,0
200301,48,339,3,7,Montgomery County             ,442,442,69289399,0,0,0,0,0,0,0,0,0,432,432,68188659,0,0,0,0,0,0,0,0,0
200301,48,367,3,7,Parker County                 ,31,31,3393299,1,2,125000,0,0,0,0,0,0,13,13,1499130,0,0,0,0,0,0,0,0,0
200301,48,375,3,7,Potter County                 ,46,46,7518496,0,0,0,0,0,0,0,0,0,46,46,7518496,0,0,0,0,0,0,0,0,0
200301,48,397,3,7,Rockwall County               ,78,78,12474197,0,0,0,0,0,0,0,0,0,78,78,12474197,0,0,0,0,0,0,0,0,0
200301,48,437,3,7,Swisher County                ,0,0,0,0,0,0,0,0,0,0,0,0,0,0,0,0,0,0,0,0,0,0,0,0
200301,48,439,3,7,Tarrant County                ,999,999,141465961,7,14,971391,0,0,0,32,280,16704330,881,881,122685200,6,12,851391,0,0,0,32,280,16704330
200301,48,451,3,7,Tom Green County              ,21,21,1854860,0,0,0,0,0,0,0,0,0,21,21,1854860,0,0,0,0,0,0,0,0,0
200301,48,465,3,7,Val Verde County              ,9,9,500946,0,0,0,0,0,0,1,5,190860,0,0,0,0,0,0,0,0,0,0,0,0
200301,48,469,3,7,Victoria County               ,8,8,660449,0,0,0,0,0,0,0,0,0,8,8,660449,0,0,0,0,0,0,0,0,0
200301,48,473,3,7,Waller County                 ,2,2,183256,0,0,0,0,0,0,1,11,251935,0,0,0,0,0,0,0,0,0,0,0,0
200301,48,479,3,7,Webb County                   ,127,127,9221636,0,0,0,1,4,149597,2,20,754470,0,0,0,0,0,0,0,0,0,0,0,0
200301,49,011,4,8,Davis County                  ,175,175,26645812,2,4,676000,1,4,220906,1,12,816259,156,156,22947451,2,4,676000,1,4,220906,1,12,816259
200301,49,035,4,8,Salt Lake County              ,371,371,51686910,2,4,423000,2,7,598505,4,24,1810527,370,370,51610035,1,2,228000,2,7,598505,4,24,1810527
200301,49,039,4,8,Sanpete County                ,2,2,135668,0,0,0,0,0,0,0,0,0,0,0,0,0,0,0,0,0,0,0,0,0
200301,49,057,4,8,Weber County                  ,107,107,12472277,0,0,0,2,8,655347,0,0,0,76,76,9118984,0,0,0,2,8,655347,0,0,0
200301,50,013,1,1,Grand Isle County             ,1,1,124066,0,0,0,0,0,0,0,0,0,0,0,0,0,0,0,0,0,0,0,0,0
200301,51,003,3,5,Albemarle County              ,30,30,4874213,0,0,0,0,0,0,2,56,2093380,30,30,4874213,0,0,0,0,0,0,2,56,2093380
200301,51,007,3,5,Amelia County                 ,6,6,730880,0,0,0,0,0,0,0,0,0,6,6,730880,0,0,0,0,0,0,0,0,0
200301,51,009,3,5,Amherst County                ,7,7,810100,0,0,0,0,0,0,0,0,0,7,7,810100,0,0,0,0,0,0,0,0,0
200301,51,013,3,5,Arlington County              ,0,0,0,0,0,0,0,0,0,0,0,0,0,0,0,0,0,0,0,0,0,0,0,0
200301,51,015,3,5,Augusta County                ,39,39,4906000,0,0,0,0,0,0,0,0,0,39,39,4906000,0,0,0,0,0,0,0,0,0
200301,51,019,3,5,Bedford County                ,42,42,8139200,0,0,0,0,0,0,0,0,0,42,42,8139200,0,0,0,0,0,0,0,0,0
200301,51,023,3,5,Botetourt County              ,16,16,2524762,0,0,0,0,0,0,0,0,0,16,16,2524762,0,0,0,0,0,0,0,0,0
200301,51,029,3,5,Buckingham County             ,3,3,200000,0,0,0,0,0,0,0,0,0,3,3,200000,0,0,0,0,0,0,0,0,0
200301,51,031,3,5,Campbell County               ,21,21,2647708,0,0,0,0,0,0,1,5,227083,0,0,0,0,0,0,0,0,0,0,0,0
200301,51,035,3,5,Carroll County                ,7,7,511000,0,0,0,0,0,0,0,0,0,7,7,511000,0,0,0,0,0,0,0,0,0
200301,51,036,3,5,Charles City County           ,2,2,102100,0,0,0,0,0,0,0,0,0,2,2,102100,0,0,0,0,0,0,0,0,0
200301,51,037,3,5,Charlotte County              ,7,7,510271,0,0,0,0,0,0,0,0,0,0,0,0,0,0,0,0,0,0,0,0,0
200301,51,041,3,5,Chesterfield County           ,187,187,24543328,0,0,0,0,0,0,0,0,0,187,187,24543328,0,0,0,0,0,0,0,0,0
200301,51,043,3,5,Clarke County                 ,13,13,2145573,0,0,0,0,0,0,0,0,0,13,13,2145573,0,0,0,0,0,0,0,0,0
200301,51,047,3,5,Culpeper County               ,36,36,5096093,1,2,100000,0,0,0,0,0,0,0,0,0,0,0,0,0,0,0,0,0,0
200301,51,049,3,5,Cumberland County             ,5,5,749000,0,0,0,0,0,0,0,0,0,5,5,749000,0,0,0,0,0,0,0,0,0
200301,51,053,3,5,Dinwiddie County              ,16,16,1546442,0,0,0,0,0,0,0,0,0,0,0,0,0,0,0,0,0,0,0,0,0
200301,51,057,3,5,Essex County                  ,3,3,553000,0,0,0,0,0,0,0,0,0,3,3,553000,0,0,0,0,0,0,0,0,0
200301,51,059,3,5,Fairfax County                ,228,228,33784108,0,0,0,0,0,0,2,62,1839765,227,227,33736416,0,0,0,0,0,0,1,56,1466000
200301,51,061,3,5,Fauquier County               ,65,65,7857356,0,0,0,0,0,0,0,0,0,49,49,5785400,0,0,0,0,0,0,0,0,0
200301,51,063,3,5,Floyd County                  ,4,4,409900,0,0,0,0,0,0,0,0,0,4,4,409900,0,0,0,0,0,0,0,0,0
200301,51,065,3,5,Fluvanna County               ,37,37,4343500,0,0,0,0,0,0,0,0,0,37,37,4343500,0,0,0,0,0,0,0,0,0
200301,51,067,3,5,Franklin County               ,29,29,6071765,0,0,0,0,0,0,0,0,0,29,29,6071765,0,0,0,0,0,0,0,0,0
200301,51,069,3,5,Frederick County              ,48,48,7843973,0,0,0,0,0,0,0,0,0,48,48,7843973,0,0,0,0,0,0,0,0,0
200301,51,073,3,5,Gloucester County             ,22,22,2284045,0,0,0,0,0,0,0,0,0,22,22,2284045,0,0,0,0,0,0,0,0,0
200301,51,075,3,5,Goochland County              ,12,12,3313337,0,0,0,0,0,0,0,0,0,12,12,3313337,0,0,0,0,0,0,0,0,0
200301,51,077,3,5,Grayson County                ,10,10,667931,0,0,0,0,0,0,0,0,0,0,0,0,0,0,0,0,0,0,0,0,0
200301,51,079,3,5,Greene County                 ,19,19,1604005,0,0,0,0,0,0,0,0,0,0,0,0,0,0,0,0,0,0,0,0,0
200301,51,085,3,5,Hanover County                ,59,59,9750798,0,0,0,0,0,0,0,0,0,59,59,9750798,0,0,0,0,0,0,0,0,0
200301,51,087,3,5,Henrico County                ,138,138,17431442,0,0,0,3,12,874194,35,245,14616288,138,138,17431442,0,0,0,3,12,874194,35,245,14616288
200301,51,089,3,5,Henry County                  ,3,3,463300,0,0,0,0,0,0,1,6,250000,3,3,463300,0,0,0,0,0,0,1,6,250000
200301,51,093,3,5,Isle of Wight County          ,23,23,2893352,0,0,0,0,0,0,0,0,0,0,0,0,0,0,0,0,0,0,0,0,0
200301,51,095,3,5,James City County             ,85,85,10736758,3,6,415417,0,0,0,0,0,0,85,85,10736758,3,6,415417,0,0,0,0,0,0
200301,51,099,3,5,King George County            ,25,25,3157870,0,0,0,0,0,0,0,0,0,25,25,3157870,0,0,0,0,0,0,0,0,0
200301,51,101,3,5,King William County           ,7,7,804000,0,0,0,0,0,0,0,0,0,7,7,804000,0,0,0,0,0,0,0,0,0
200301,51,103,3,5,Lancaster County              ,5,5,969870,6,12,1546000,0,0,0,0,0,0,5,5,969870,6,12,1546000,0,0,0,0,0,0
200301,51,105,3,5,Lee County                    ,5,5,295000,0,0,0,0,0,0,0,0,0,5,5,295000,0,0,0,0,0,0,0,0,0
200301,51,107,3,5,Loudoun County                ,356,356,46385564,0,0,0,0,0,0,3,106,3408750,356,356,46385564,0,0,0,0,0,0,3,106,3408750
200301,51,109,3,5,Louisa County                 ,26,26,3084408,0,0,0,0,0,0,0,0,0,0,0,0,0,0,0,0,0,0,0,0,0
200301,51,111,3,5,Lunenburg County              ,2,2,320000,0,0,0,0,0,0,0,0,0,2,2,320000,0,0,0,0,0,0,0,0,0
200301,51,113,3,5,Madison County                ,12,12,2850572,0,0,0,0,0,0,0,0,0,12,12,2850572,0,0,0,0,0,0,0,0,0
200301,51,115,3,5,Mathews County                ,5,5,623900,0,0,0,0,0,0,0,0,0,5,5,623900,0,0,0,0,0,0,0,0,0
200301,51,119,3,5,Middlesex County              ,7,7,1702788,0,0,0,0,0,0,0,0,0,7,7,1702788,0,0,0,0,0,0,0,0,0
200301,51,121,3,5,Montgomery County             ,19,19,2274432,0,0,0,0,0,0,0,0,0,14,14,1484218,0,0,0,0,0,0,0,0,0
200301,51,125,3,5,Nelson County                 ,5,5,630250,0,0,0,0,0,0,0,0,0,5,5,630250,0,0,0,0,0,0,0,0,0
200301,51,127,3,5,New Kent County               ,17,17,2131945,0,0,0,0,0,0,0,0,0,0,0,0,0,0,0,0,0,0,0,0,0
200301,51,131,3,5,Northampton County            ,4,4,670000,0,0,0,0,0,0,0,0,0,4,4,670000,0,0,0,0,0,0,0,0,0
200301,51,133,3,5,Northumberland County         ,12,12,1918022,0,0,0,0,0,0,0,0,0,0,0,0,0,0,0,0,0,0,0,0,0
200301,51,137,3,5,Orange County                 ,26,26,4283396,0,0,0,0,0,0,0,0,0,26,26,4283396,0,0,0,0,0,0,0,0,0
200301,51,139,3,5,Page County                   ,3,3,567000,0,0,0,0,0,0,0,0,0,3,3,567000,0,0,0,0,0,0,0,0,0
200301,51,141,3,5,Patrick County                ,6,6,626400,0,0,0,0,0,0,0,0,0,6,6,626400,0,0,0,0,0,0,0,0,0
200301,51,143,3,5,Pittsylvania County           ,23,23,2238598,0,0,0,0,0,0,0,0,0,0,0,0,0,0,0,0,0,0,0,0,0
200301,51,145,3,5,Powhatan County               ,25,25,3761268,0,0,0,0,0,0,0,0,0,25,25,3761268,0,0,0,0,0,0,0,0,0
200301,51,147,3,5,Prince Edward County          ,21,21,2494671,1,2,77587,0,0,0,1,5,284028,0,0,0,0,0,0,0,0,0,0,0,0
200301,51,149,3,5,Prince George County          ,17,17,1828891,0,0,0,0,0,0,0,0,0,0,0,0,0,0,0,0,0,0,0,0,0
200301,51,153,3,5,Prince William County         ,399,399,42627731,0,0,0,0,0,0,0,0,0,399,399,42627731,0,0,0,0,0,0,0,0,0
200301,51,157,3,5,Rappahannock County           ,0,0,0,0,0,0,0,0,0,0,0,0,0,0,0,0,0,0,0,0,0,0,0,0
200301,51,161,3,5,Roanoke County                ,53,53,3382244,0,0,0,0,0,0,0,0,0,53,53,3382244,0,0,0,0,0,0,0,0,0
200301,51,163,3,5,Rockbridge County             ,17,17,1444645,0,0,0,0,0,0,0,0,0,0,0,0,0,0,0,0,0,0,0,0,0
200301,51,165,3,5,Rockingham County             ,30,30,4359000,0,0,0,0,0,0,0,0,0,30,30,4359000,0,0,0,0,0,0,0,0,0
200301,51,167,3,5,Russell County                ,3,3,433000,0,0,0,0,0,0,0,0,0,3,3,433000,0,0,0,0,0,0,0,0,0
200301,51,169,3,5,Scott County                  ,5,5,500000,0,0,0,0,0,0,0,0,0,5,5,500000,0,0,0,0,0,0,0,0,0
200301,51,171,3,5,Shenandoah County             ,13,13,1343500,0,0,0,0,0,0,0,0,0,13,13,1343500,0,0,0,0,0,0,0,0,0
200301,51,173,3,5,Smyth County                  ,1,1,121803,0,0,0,0,0,0,0,0,0,1,1,121803,0,0,0,0,0,0,0,0,0
200301,51,175,3,5,Southampton County            ,5,5,471952,0,0,0,0,0,0,0,0,0,0,0,0,0,0,0,0,0,0,0,0,0
200301,51,177,3,5,Spotsylvania County           ,125,125,24726259,0,0,0,0,0,0,0,0,0,125,125,24726259,0,0,0,0,0,0,0,0,0
200301,51,179,3,5,Stafford County               ,109,109,13768313,0,0,0,0,0,0,0,0,0,109,109,13768313,0,0,0,0,0,0,0,0,0
200301,51,181,3,5,Surry County                  ,3,3,212382,0,0,0,0,0,0,0,0,0,0,0,0,0,0,0,0,0,0,0,0,0
200301,51,185,3,5,Tazewell County               ,2,2,221431,0,0,0,0,0,0,0,0,0,2,2,221431,0,0,0,0,0,0,0,0,0
200301,51,187,3,5,Warren County                 ,19,19,2632500,0,0,0,0,0,0,0,0,0,19,19,2632500,0,0,0,0,0,0,0,0,0
200301,51,191,3,5,Washington County             ,18,18,1178217,0,0,0,0,0,0,0,0,0,0,0,0,0,0,0,0,0,0,0,0,0
200301,51,193,3,5,Westmoreland County           ,4,4,439000,0,0,0,0,0,0,0,0,0,4,4,439000,0,0,0,0,0,0,0,0,0
200301,51,197,3,5,Wythe County                  ,6,6,636773,1,2,110000,0,0,0,0,0,0,1,1,246000,1,2,110000,0,0,0,0,0,0
200301,51,199,3,5,York County                   ,41,41,5515322,0,0,0,0,0,0,0,0,0,41,41,5515322,0,0,0,0,0,0,0,0,0
200301,51,510,3,5,Alexandria (Independent City) ,9,9,1233000,0,0,0,0,0,0,1,52,10946100,9,9,1233000,0,0,0,0,0,0,1,52,10946100
200301,51,540,3,5,Charlottesville (Independent C,8,8,320000,0,0,0,0,0,0,1,21,2983395,8,8,320000,0,0,0,0,0,0,1,21,2983395
200301,51,550,3,5,Chesapeake(Independent City)  ,90,90,11368332,0,0,0,0,0,0,0,0,0,90,90,11368332,0,0,0,0,0,0,0,0,0
200301,51,570,3,5,Colonial Heights (Independent ,6,6,854600,0,0,0,0,0,0,0,0,0,6,6,854600,0,0,0,0,0,0,0,0,0
200301,51,590,3,5,Danville (Independent City)   ,2,2,690000,0,0,0,0,0,0,0,0,0,2,2,690000,0,0,0,0,0,0,0,0,0
200301,51,600,3,5,Fairfax (Independent City)    ,0,0,0,0,0,0,0,0,0,0,0,0,0,0,0,0,0,0,0,0,0,0,0,0
200301,51,610,3,5,Falls Church (Independent City,1,1,187276,0,0,0,0,0,0,0,0,0,0,0,0,0,0,0,0,0,0,0,0,0
200301,51,620,3,5,Franklin (Independent City)   ,2,2,250975,0,0,0,1,3,203500,0,0,0,2,2,250975,0,0,0,1,3,203500,0,0,0
200301,51,630,3,5,Fredericksburg(Independent Cit,4,4,1048250,0,0,0,0,0,0,0,0,0,4,4,1048250,0,0,0,0,0,0,0,0,0
200301,51,650,3,5,Hampton (Independent City)    ,30,30,2008412,0,0,0,0,0,0,0,0,0,0,0,0,0,0,0,0,0,0,0,0,0
200301,51,660,3,5,Harrisonburg (Independent City,16,16,1490000,0,0,0,0,0,0,0,0,0,16,16,1490000,0,0,0,0,0,0,0,0,0
200301,51,670,3,5,Hopewell (Independent City)   ,4,4,238180,0,0,0,0,0,0,0,0,0,0,0,0,0,0,0,0,0,0,0,0,0
200301,51,680,3,5,Lynchburg (Independent City)  ,20,20,2712612,0,0,0,0,0,0,0,0,0,20,20,2712612,0,0,0,0,0,0,0,0,0
200301,51,683,3,5,Manassas (Independent City)   ,14,14,1512680,0,0,0,0,0,0,0,0,0,0,0,0,0,0,0,0,0,0,0,0,0
200301,51,685,3,5,Manassas Park (Independent Cit,2,2,255333,0,0,0,0,0,0,0,0,0,0,0,0,0,0,0,0,0,0,0,0,0
200301,51,700,3,5,Newport News (Independent City,13,13,1082257,0,0,0,0,0,0,2,175,7000000,13,13,1082257,0,0,0,0,0,0,2,175,7000000
200301,51,710,3,5,Norfolk (Independent City)    ,22,22,2778926,0,0,0,0,0,0,0,0,0,22,22,2778926,0,0,0,0,0,0,0,0,0
200301,51,730,3,5,Petersburg (Independent City) ,0,0,0,0,0,0,0,0,0,0,0,0,0,0,0,0,0,0,0,0,0,0,0,0
200301,51,735,3,5,Poquoson (Independent City)   ,5,5,984406,0,0,0,0,0,0,0,0,0,0,0,0,0,0,0,0,0,0,0,0,0
200301,51,740,3,5,Portsmouth (Independent City) ,4,4,505259,0,0,0,0,0,0,0,0,0,4,4,505259,0,0,0,0,0,0,0,0,0
200301,51,750,3,5,Radford (Independent City)    ,1,1,140000,0,0,0,0,0,0,0,0,0,1,1,140000,0,0,0,0,0,0,0,0,0
200301,51,760,3,5,Richmond (Independent City)   ,13,13,1052329,0,0,0,0,0,0,0,0,0,13,13,1052329,0,0,0,0,0,0,0,0,0
200301,51,770,3,5,Roanoke (Independent City)    ,20,20,1716854,0,0,0,0,0,0,1,5,210553,0,0,0,0,0,0,0,0,0,0,0,0
200301,51,775,3,5,Salem (Independent City)      ,4,4,127600,0,0,0,0,0,0,0,0,0,4,4,127600,0,0,0,0,0,0,0,0,0
200301,51,790,3,5,Staunton (Independent City)   ,1,1,145000,0,0,0,0,0,0,0,0,0,1,1,145000,0,0,0,0,0,0,0,0,0
200301,51,800,3,5,Suffolk (Independent City)    ,86,86,8991184,0,0,0,0,0,0,2,25,1158537,0,0,0,0,0,0,0,0,0,0,0,0
200301,51,810,3,5,Virginia Beach (Independent Ci,150,150,18947220,3,6,415417,0,0,0,2,92,5488565,150,150,18947220,3,6,415417,0,0,0,2,92,5488565
200301,51,820,3,5,Waynesboro (Independent City) ,6,6,854900,0,0,0,0,0,0,0,0,0,6,6,854900,0,0,0,0,0,0,0,0,0
200301,51,830,3,5,Williamsburg (Independent City,2,2,250000,0,0,0,1,4,272600,0,0,0,2,2,250000,0,0,0,1,4,272600,0,0,0
200301,51,840,3,5,Winchester (Independent City) ,15,15,1856433,0,0,0,0,0,0,0,0,0,15,15,1856433,0,0,0,0,0,0,0,0,0
200301,53,011,4,9,Clark County                  ,206,206,27229224,0,0,0,0,0,0,12,150,17186188,194,194,25257981,0,0,0,0,0,0,12,150,17186188
200301,53,029,4,9,Island County                 ,40,40,5782603,1,2,197660,2,8,448000,0,0,0,40,40,5782603,1,2,197660,2,8,448000,0,0,0
200301,53,031,4,9,Jefferson County              ,19,19,2967466,0,0,0,0,0,0,0,0,0,19,19,2967466,0,0,0,0,0,0,0,0,0
200301,53,033,4,9,King County                   ,428,428,89218612,6,12,1179233,10,33,3100398,7,181,13774764,409,409,83876830,6,12,1179233,9,30,2623240,6,157,11262521
200301,53,035,4,9,Kitsap County                 ,104,104,15138454,0,0,0,0,0,0,1,18,2500000,101,101,14851095,0,0,0,0,0,0,1,18,2500000
200301,53,053,4,9,Pierce County                 ,367,367,50011564,4,8,647186,0,0,0,8,55,4644376,349,349,47486585,4,8,647186,0,0,0,8,55,4644376
200301,53,061,4,9,Snohomish County              ,326,326,43237826,12,24,2267498,2,6,532059,5,25,2020578,202,202,29022096,10,20,1977986,2,6,532059,1,5,358856
200301,53,067,4,9,Thurston County               ,135,135,22007181,0,0,0,0,0,0,0,0,0,132,132,21486908,0,0,0,0,0,0,0,0,0
200301,54,003,3,5,Berkeley County               ,86,86,10307568,0,0,0,1,3,28125,0,0,0,0,0,0,0,0,0,0,0,0,0,0,0
200301,54,011,3,5,Cabell County                 ,1,1,85000,0,0,0,0,0,0,0,0,0,1,1,85000,0,0,0,0,0,0,0,0,0
200301,54,031,3,5,Hardy County                  ,5,5,387000,0,0,0,0,0,0,0,0,0,5,5,387000,0,0,0,0,0,0,0,0,0
200301,54,037,3,5,Jefferson County              ,37,37,4272573,0,0,0,0,0,0,1,5,245047,3,3,320000,0,0,0,0,0,0,0,0,0
200301,54,091,3,5,Taylor County                 ,0,0,0,0,0,0,0,0,0,0,0,0,0,0,0,0,0,0,0,0,0,0,0,0
200301,55,059,2,3,Kenosha County                ,66,66,10815097,0,0,0,0,0,0,2,14,1340000,60,60,9869711,0,0,0,0,0,0,2,14,1340000
200301,55,078,2,3,Menominee County              ,0,0,0,0,0,0,0,0,0,0,0,0,0,0,0,0,0,0,0,0,0,0,0,0
200301,55,079,2,3,Milwaukee County              ,79,79,15406079,1,2,98500,0,0,0,3,150,11481669,66,66,13022000,1,2,98500,0,0,0,2,144,11025000
200301,55,089,2,3,Ozaukee County                ,46,46,8741120,3,6,781917,0,0,0,2,17,1445313,32,32,4786323,2,4,550000,0,0,0,0,0,0
200301,55,093,2,3,Pierce County                 ,9,9,1967038,0,0,0,0,0,0,0,0,0,9,9,1967038,0,0,0,0,0,0,0,0,0
200301,55,101,2,3,Racine County                 ,57,57,9784331,1,2,154453,1,3,221053,1,8,276803,55,55,9555290,0,0,0,0,0,0,0,0,0
200301,55,109,2,3,St. Croix County              ,66,66,10127860,4,8,890789,2,8,405922,1,5,365530,36,36,6068011,1,2,230745,0,0,0,0,0,0
200301,55,131,2,3,Washington County             ,65,65,11579458,3,6,659486,0,0,0,0,0,0,56,56,9854729,2,4,460000,0,0,0,0,0,0
200301,55,133,2,3,Waukesha County               ,125,125,26365064,3,6,906410,0,0,0,2,143,10100000,109,109,22949190,2,4,750000,0,0,0,2,143,10100000
200301,56,025,4,8,Natrona County                ,9,9,1251550,0,0,0,0,0,0,0,0,0,9,9,1251550,0,0,0,0,0,0,0,0,0
200301,56,039,4,8,Teton County                  ,5,5,3494979,0,0,0,0,0,0,1,5,293997,2,2,2724000,0,0,0,0,0,0,0,0,0
