Survey,FIPS,FIPS,Region,Division,County,,1-unit,,,2-units,,,3-4 units,,,5+ units,,,1-unit rep,,,2-units rep,,,3-4 units rep,,, 5+units rep
Date,State,County,Code,Code,Name,Bldgs,Units,Value,Bldgs,Units,Value,Bldgs,Units,Value,Bldgs,Units,Value,Bldgs,Units,Value,Bldgs,Units,Value,Bldgs,Units,Value,Bldgs,Units,Value
 
200311,01,001,3,6,Autauga County                ,27,27,1371225,0,0,0,0,0,0,0,0,0,27,27,1371225,0,0,0,0,0,0,0,0,0
200311,01,081,3,6,Lee County                    ,31,31,4387833,4,8,523872,1,4,275790,3,37,1922434,7,7,740188,1,2,190572,0,0,0,0,0,0
200311,01,113,3,6,Russell County                ,29,29,2352821,1,2,98882,0,0,0,0,0,0,29,29,2352821,1,2,98882,0,0,0,0,0,0
200311,02,000,4,9,Alaska Balance of State       ,12,12,2313250,0,0,0,0,0,0,0,0,0,0,0,0,0,0,0,0,0,0,0,0,0
200311,02,013,4,9,Aleutians East Borough        ,0,0,0,0,0,0,0,0,0,0,0,0,0,0,0,0,0,0,0,0,0,0,0,0
200311,02,016,4,9,Aleutians West Census Area    ,1,1,85645,0,0,0,0,0,0,0,0,0,0,0,0,0,0,0,0,0,0,0,0,0
200311,02,020,4,9,Anchorage Borough             ,45,45,10343663,0,0,0,8,30,4658316,0,0,0,45,45,10343663,0,0,0,8,30,4658316,0,0,0
200311,02,050,4,9,Bethel Census Area            ,1,1,150000,0,0,0,0,0,0,0,0,0,1,1,150000,0,0,0,0,0,0,0,0,0
200311,02,060,4,9,Bristol Bay Borough           ,0,0,0,0,0,0,0,0,0,0,0,0,0,0,0,0,0,0,0,0,0,0,0,0
200311,02,090,4,9,Fairbanks North Star Borough  ,5,5,451824,0,0,0,0,0,0,0,0,0,4,4,360000,0,0,0,0,0,0,0,0,0
200311,02,100,4,9,Haines Borough                ,1,1,150000,0,0,0,0,0,0,0,0,0,1,1,150000,0,0,0,0,0,0,0,0,0
200311,02,110,4,9,Juneau Borough                ,5,5,1281573,3,6,1318408,0,0,0,0,0,0,5,5,1281573,3,6,1318408,0,0,0,0,0,0
200311,02,122,4,9,Kenai Peninsula Borough       ,3,3,402000,0,0,0,0,0,0,0,0,0,3,3,402000,0,0,0,0,0,0,0,0,0
200311,02,130,4,9,Ketchikan Gateway Borough     ,3,3,473322,0,0,0,0,0,0,0,0,0,3,3,473322,0,0,0,0,0,0,0,0,0
200311,02,150,4,9,Kodiak Island Borough         ,4,4,1103087,0,0,0,0,0,0,0,0,0,4,4,1103087,0,0,0,0,0,0,0,0,0
200311,02,170,4,9,Matanuska-Susitna Borough     ,3,3,439894,0,0,0,0,0,0,0,0,0,3,3,439894,0,0,0,0,0,0,0,0,0
200311,02,180,4,9,Nome Census Area              ,0,0,0,0,0,0,0,0,0,0,0,0,0,0,0,0,0,0,0,0,0,0,0,0
200311,02,185,4,9,North Slope Borough           ,2,2,252329,0,0,0,0,0,0,0,0,0,0,0,0,0,0,0,0,0,0,0,0,0
200311,02,188,4,9,Northwest Arctic Borough      ,0,0,0,0,0,0,0,0,0,0,0,0,0,0,0,0,0,0,0,0,0,0,0,0
200311,02,201,4,9,Prince of Wales-Outer Ketchika,0,0,0,0,0,0,0,0,0,0,0,0,0,0,0,0,0,0,0,0,0,0,0,0
200311,02,220,4,9,Sitka Borough                 ,3,3,299717,1,2,145627,0,0,0,0,0,0,0,0,0,0,0,0,0,0,0,0,0,0
200311,02,232,4,9,Skagway-Hoonah-Angoon Census A,1,1,119429,0,0,0,0,0,0,0,0,0,0,0,0,0,0,0,0,0,0,0,0,0
200311,02,261,4,9,Valdez-Cordova Census Area    ,1,1,142352,0,0,0,0,0,0,0,0,0,0,0,0,0,0,0,0,0,0,0,0,0
200311,02,280,4,9,Wrangell-Petersburg Census Are,1,1,109800,0,0,0,0,0,0,0,0,0,1,1,109800,0,0,0,0,0,0,0,0,0
200311,02,282,4,9,Yakutat Borough               ,0,0,0,0,0,0,0,0,0,0,0,0,0,0,0,0,0,0,0,0,0,0,0,0
200311,02,290,4,9,Yukon-Koyukuk Census Area     ,0,0,0,0,0,0,0,0,0,0,0,0,0,0,0,0,0,0,0,0,0,0,0,0
200311,04,013,4,8,Maricopa County               ,2487,2487,406526857,14,28,2716329,6,21,2280927,45,803,36151286,2112,2112,357422866,14,28,2716329,6,21,2280927,43,766,34540687
200311,04,015,4,8,Mohave County                 ,197,197,20139674,4,8,728097,0,0,0,4,26,1420986,153,153,16256691,4,8,728097,0,0,0,4,26,1420986
200311,04,021,4,8,Pinal County                  ,440,440,52441977,0,0,0,0,0,0,0,0,0,393,393,47064651,0,0,0,0,0,0,0,0,0
200311,05,023,3,7,Cleburne County               ,2,2,220000,0,0,0,0,0,0,0,0,0,2,2,220000,0,0,0,0,0,0,0,0,0
200311,05,035,3,7,Crittenden County             ,14,14,1955724,0,0,0,0,0,0,0,0,0,14,14,1955724,0,0,0,0,0,0,0,0,0
200311,05,043,3,7,Drew County                   ,0,0,0,0,0,0,0,0,0,0,0,0,0,0,0,0,0,0,0,0,0,0,0,0
200311,05,055,3,7,Greene County                 ,14,14,1228000,0,0,0,0,0,0,0,0,0,14,14,1228000,0,0,0,0,0,0,0,0,0
200311,05,061,3,7,Howard County                 ,1,1,95833,0,0,0,0,0,0,0,0,0,0,0,0,0,0,0,0,0,0,0,0,0
200311,05,071,3,7,Johnson County                ,2,2,140000,0,0,0,0,0,0,0,0,0,2,2,140000,0,0,0,0,0,0,0,0,0
200311,06,001,4,9,Alameda County                ,177,177,44189733,4,8,1421430,0,0,0,2,50,1950000,157,157,40056844,4,8,1421430,0,0,0,2,50,1950000
200311,06,003,4,9,Alpine County                 ,0,0,82220,0,0,0,0,0,0,0,0,0,0,0,82220,0,0,0,0,0,0,0,0,0
200311,06,009,4,9,Calaveras County              ,42,42,9372676,0,0,0,0,0,0,0,0,0,3,3,792132,0,0,0,0,0,0,0,0,0
200311,06,013,4,9,Contra Costa County           ,265,265,73720545,0,0,0,5,20,4819865,20,400,39085667,242,242,68921958,0,0,0,5,20,4819865,20,400,39085667
200311,06,017,4,9,El Dorado County              ,155,155,25698835,1,2,198008,0,0,0,0,0,0,155,155,25698835,1,2,198008,0,0,0,0,0,0
200311,06,019,4,9,Fresno County                 ,313,313,56126888,7,14,1271570,4,16,1405925,3,20,1563582,289,289,53659436,6,12,1188050,4,16,1405925,3,20,1563582
200311,06,025,4,9,Imperial County               ,91,91,12855821,0,0,0,0,0,0,2,12,511040,30,30,5312252,0,0,0,0,0,0,0,0,0
200311,06,027,4,9,Inyo County                   ,1,1,249040,0,0,0,0,0,0,0,0,0,0,0,0,0,0,0,0,0,0,0,0,0
200311,06,033,4,9,Lake County                   ,23,23,4212539,0,0,0,0,0,0,0,0,0,23,23,4212539,0,0,0,0,0,0,0,0,0
200311,06,037,4,9,Los Angeles County            ,760,760,155423006,20,40,3864165,6,23,1843531,25,892,69253544,712,712,143460874,18,36,3564149,4,16,1550556,18,853,66686780
200311,06,039,4,9,Madera County                 ,74,74,11781378,0,0,0,0,0,0,0,0,0,74,74,11781378,0,0,0,0,0,0,0,0,0
200311,06,041,4,9,Marin County                  ,56,56,14024783,0,0,0,0,0,0,0,0,0,55,55,13197093,0,0,0,0,0,0,0,0,0
200311,06,043,4,9,Mariposa County               ,9,9,1282303,0,0,0,0,0,0,0,0,0,9,9,1282303,0,0,0,0,0,0,0,0,0
200311,06,049,4,9,Modoc County                  ,0,0,0,0,0,0,0,0,0,0,0,0,0,0,0,0,0,0,0,0,0,0,0,0
200311,06,051,4,9,Mono County                   ,3,3,416410,3,6,513536,2,8,1338460,0,0,0,0,0,0,3,6,513536,2,8,1338460,0,0,0
200311,06,055,4,9,Napa County                   ,59,59,19205710,0,0,0,0,0,0,0,0,0,59,59,19205710,0,0,0,0,0,0,0,0,0
200311,06,057,4,9,Nevada County                 ,51,51,6513391,1,2,303490,1,3,404486,1,8,1021153,42,42,5432989,1,2,303490,1,3,404486,1,8,1021153
200311,06,059,4,9,Orange County                 ,418,418,83590057,6,12,1295841,9,29,3331122,27,470,38885365,385,385,74649653,4,8,795844,7,23,2446460,25,458,38245913
200311,06,061,4,9,Placer County                 ,393,393,93677134,2,4,396017,0,0,0,32,230,19957346,389,389,92709132,2,4,396017,0,0,0,32,230,19957346
200311,06,063,4,9,Plumas County                 ,16,16,2976553,0,0,0,0,0,0,0,0,0,16,16,2976553,0,0,0,0,0,0,0,0,0
200311,06,065,4,9,Riverside County              ,1425,1425,241524218,1,2,220067,0,0,0,15,309,32055483,1337,1337,226883621,0,0,0,0,0,0,14,304,31715396
200311,06,067,4,9,Sacramento County             ,749,749,131143717,5,10,573432,1,4,231269,1,10,1254867,749,749,131143717,5,10,573432,1,4,231269,1,10,1254867
200311,06,069,4,9,San Benito County             ,3,3,162118,0,0,0,0,0,0,0,0,0,3,3,162118,0,0,0,0,0,0,0,0,0
200311,06,071,4,9,San Bernardino County         ,641,641,119343234,0,0,0,1,3,222468,0,0,0,639,639,118736687,0,0,0,1,3,222468,0,0,0
200311,06,073,4,9,San Diego County              ,726,726,156193157,17,34,3459296,15,47,4625622,11,315,26605706,462,462,97904939,15,30,2970124,12,37,3701696,4,35,2736269
200311,06,075,4,9,San Francisco County          ,5,5,830188,5,10,990041,1,3,263611,1,37,2892627,5,5,830188,5,10,990041,1,3,263611,1,37,2892627
200311,06,077,4,9,San Joaquin County            ,480,480,92751753,0,0,0,0,0,0,0,0,0,480,480,92751753,0,0,0,0,0,0,0,0,0
200311,06,079,4,9,San Luis Obispo County        ,117,117,24704197,0,0,0,0,0,0,0,0,0,101,101,21823614,0,0,0,0,0,0,0,0,0
200311,06,081,4,9,San Mateo County              ,45,45,16558954,0,0,0,0,0,0,3,140,27856008,31,31,8797209,0,0,0,0,0,0,1,112,24734708
200311,06,085,4,9,Santa Clara County            ,170,170,37877959,0,0,0,0,0,0,1,5,658518,133,133,30444543,0,0,0,0,0,0,0,0,221194
200311,06,087,4,9,Santa Cruz County             ,24,24,5789509,1,2,321945,0,0,0,0,0,0,7,7,1307292,1,2,321945,0,0,0,0,0,0
200311,06,089,4,9,Shasta County                 ,81,81,13897669,1,2,125597,0,0,0,0,0,0,81,81,13897669,1,2,125597,0,0,0,0,0,0
200311,06,095,4,9,Solano County                 ,169,169,30136741,3,6,710069,0,0,0,1,5,348583,101,101,17865244,3,6,710069,0,0,0,0,0,0
200311,06,097,4,9,Sonoma County                 ,110,110,24659712,0,0,0,2,8,315365,1,23,2100000,82,82,20950454,0,0,0,2,8,315365,1,23,2100000
200311,06,105,4,9,Trinity County                ,2,2,202341,0,0,0,0,0,0,0,0,0,2,2,202341,0,0,0,0,0,0,0,0,0
200311,06,111,4,9,Ventura County                ,74,74,15371737,1,2,243000,0,0,0,3,131,8536922,55,55,11482668,1,2,243000,0,0,0,2,120,7592242
200311,06,113,4,9,Yolo County                   ,62,62,13784651,1,2,168522,0,0,0,0,0,0,58,58,13173072,1,2,168522,0,0,0,0,0,0
200311,08,001,4,8,Adams County                  ,195,195,32300604,2,4,396017,0,0,0,3,56,2816158,189,189,31687753,2,4,396017,0,0,0,3,56,2816158
200311,08,005,4,8,Arapahoe County               ,145,145,36779230,0,0,0,0,0,0,3,169,9221156,142,142,35609656,0,0,0,0,0,0,3,169,9221156
200311,08,013,4,8,Boulder County                ,60,60,12066308,1,2,235867,0,0,0,0,0,0,59,59,11870433,1,2,235867,0,0,0,0,0,0
200311,08,015,4,8,Chaffee County                ,18,18,2771195,0,0,0,0,0,0,0,0,0,18,18,2771195,0,0,0,0,0,0,0,0,0
200311,08,031,4,8,Denver County                 ,178,178,3409067,0,0,0,0,0,0,5,86,5238319,178,178,3409067,0,0,0,0,0,0,5,86,5238319
200311,08,035,4,8,Douglas County                ,241,241,53786408,1,2,211776,1,4,496134,2,46,2235583,177,177,44973589,0,0,0,0,0,0,0,0,0
200311,08,059,4,8,Jefferson County              ,92,92,20250842,0,0,0,0,0,0,2,20,2241560,92,92,20250842,0,0,0,0,0,0,2,20,2241560
200311,08,069,4,8,Larimer County                ,202,202,32048466,2,4,551083,1,4,330721,3,30,2032229,48,48,11620218,0,0,0,0,0,0,0,0,0
200311,08,077,4,8,Mesa County                   ,97,97,11030475,1,2,151739,1,3,263361,1,5,240894,0,0,0,0,0,0,0,0,0,0,0,0
200311,08,101,4,8,Pueblo County                 ,82,82,8521470,0,0,0,0,0,0,0,0,0,82,82,8521470,0,0,0,0,0,0,0,0,0
200311,08,107,4,8,Routt County                  ,20,20,3730576,0,0,0,0,0,0,1,6,561680,20,20,3730576,0,0,0,0,0,0,1,6,561680
200311,08,113,4,8,San Miguel County             ,8,8,5587874,0,0,0,0,0,0,0,0,0,2,2,684391,0,0,0,0,0,0,0,0,0
200311,08,123,4,8,Weld County                   ,222,222,38379216,8,16,1740544,0,0,0,1,12,990000,194,194,33085013,8,16,1740544,0,0,0,1,12,990000
200311,09,001,1,1,Fairfield County              ,83,83,28339707,4,8,794000,0,0,0,2,32,3624000,72,72,21310760,3,6,429000,0,0,0,2,32,3624000
200311,09,003,1,1,Hartford County               ,131,131,19553003,3,6,699700,1,3,411000,0,0,0,128,128,18941763,3,6,699700,1,3,411000,0,0,0
200311,09,005,1,1,Litchfield County             ,50,50,9373287,0,0,0,1,3,208715,5,30,2000000,44,44,7992595,0,0,0,1,3,208715,5,30,2000000
200311,09,007,1,1,Middlesex County              ,50,50,7613555,0,0,0,0,0,0,1,9,116686,34,34,5532610,0,0,0,0,0,0,0,0,0
200311,09,009,1,1,New Haven County              ,94,94,15680507,0,0,0,0,0,0,3,84,5268394,80,80,13189093,0,0,0,0,0,0,3,84,5268394
200311,09,011,1,1,New London County             ,66,66,13415558,0,0,0,0,0,0,0,0,0,53,53,11539613,0,0,0,0,0,0,0,0,0
200311,09,013,1,1,Tolland County                ,58,58,9387056,1,2,148000,0,0,0,1,9,423273,46,46,7849578,0,0,0,0,0,0,0,0,0
200311,09,015,1,1,Windham County                ,48,48,5841577,0,0,0,0,0,0,0,0,0,44,44,5490404,0,0,0,0,0,0,0,0,0
200311,10,001,3,5,Kent County                   ,150,150,18624591,0,0,0,0,0,0,0,0,0,148,148,18407976,0,0,0,0,0,0,0,0,0
200311,10,003,3,5,New Castle County             ,160,160,13045353,0,0,0,0,0,0,13,149,4400000,151,151,12339447,0,0,0,0,0,0,12,144,4320000
200311,10,005,3,5,Sussex County                 ,303,303,30867035,0,0,0,0,0,0,0,0,0,303,303,30867035,0,0,0,0,0,0,0,0,0
200311,11,001,3,5,Washington  DC                ,6,6,782173,0,0,0,0,0,0,0,0,0,6,6,782173,0,0,0,0,0,0,0,0,0
200311,12,001,3,5,Alachua County                ,86,86,10064579,0,0,0,0,0,0,0,0,0,77,77,9187536,0,0,0,0,0,0,0,0,0
200311,12,003,3,5,Baker County                  ,8,8,1125443,1,2,64520,0,0,0,0,0,0,8,8,1125443,1,2,64520,0,0,0,0,0,0
200311,12,005,3,5,Bay County                    ,127,127,18241343,0,0,0,0,0,0,0,0,0,127,127,18241343,0,0,0,0,0,0,0,0,0
200311,12,007,3,5,Bradford County               ,10,10,737580,0,0,0,0,0,0,0,0,0,10,10,737580,0,0,0,0,0,0,0,0,0
200311,12,009,3,5,Brevard County                ,435,435,74582612,0,0,0,1,4,464000,5,73,9329445,251,251,48586221,0,0,0,1,4,464000,2,28,6593750
200311,12,011,3,5,Broward County                ,187,187,37673018,3,6,426696,1,3,202500,7,221,19430315,183,183,34552057,3,6,426696,0,0,0,5,207,18196079
200311,12,013,3,5,Calhoun County                ,3,3,222037,0,0,0,0,0,0,0,0,0,0,0,0,0,0,0,0,0,0,0,0,0
200311,12,015,3,5,Charlotte County              ,152,152,24556557,2,4,299064,1,4,600000,1,12,818000,152,152,24556557,2,4,299064,1,4,600000,1,12,818000
200311,12,017,3,5,Citrus County                 ,94,94,9423454,0,0,0,0,0,0,0,0,0,0,0,0,0,0,0,0,0,0,0,0,0
200311,12,019,3,5,Clay County                   ,132,132,15829362,0,0,0,0,0,0,0,0,0,132,132,15829362,0,0,0,0,0,0,0,0,0
200311,12,021,3,5,Collier County                ,241,241,56799380,3,6,727000,4,16,2244000,6,73,13985000,241,241,56799380,3,6,727000,4,16,2244000,6,73,13985000
200311,12,023,3,5,Columbia County               ,15,15,1213600,0,0,0,0,0,0,0,0,0,15,15,1213600,0,0,0,0,0,0,0,0,0
200311,12,027,3,5,DeSoto County                 ,3,3,250001,0,0,0,0,0,0,0,0,0,3,3,250001,0,0,0,0,0,0,0,0,0
200311,12,029,3,5,Dixie County                  ,2,2,207504,0,0,0,0,0,0,0,0,0,2,2,207504,0,0,0,0,0,0,0,0,0
200311,12,031,3,5,Duval County                  ,387,387,54167007,0,0,0,0,0,0,10,226,11654675,387,387,54167007,0,0,0,0,0,0,10,226,11654675
200311,12,033,3,5,Escambia County               ,141,141,18937359,0,0,0,0,0,0,0,0,0,141,141,18937359,0,0,0,0,0,0,0,0,0
200311,12,037,3,5,Franklin County               ,14,14,2606342,0,0,0,0,0,0,0,0,0,0,0,0,0,0,0,0,0,0,0,0,0
200311,12,039,3,5,Gadsden County                ,10,10,1718232,0,0,0,0,0,0,0,0,0,10,10,1718232,0,0,0,0,0,0,0,0,0
200311,12,045,3,5,Gulf County                   ,26,26,5580362,0,0,0,0,0,0,0,0,0,26,26,5580362,0,0,0,0,0,0,0,0,0
200311,12,047,3,5,Hamilton County               ,3,3,277932,0,0,0,0,0,0,0,0,0,0,0,0,0,0,0,0,0,0,0,0,0
200311,12,049,3,5,Hardee County                 ,5,5,475000,0,0,0,0,0,0,0,0,0,5,5,475000,0,0,0,0,0,0,0,0,0
200311,12,051,3,5,Hendry County                 ,5,5,567572,0,0,0,0,0,0,0,0,0,4,4,473780,0,0,0,0,0,0,0,0,0
200311,12,053,3,5,Hernando County               ,169,169,21814080,0,0,0,0,0,0,0,0,0,169,169,21814080,0,0,0,0,0,0,0,0,0
200311,12,055,3,5,Highlands County              ,55,55,9501180,1,2,267680,0,0,0,0,0,0,51,51,9103290,1,2,267680,0,0,0,0,0,0
200311,12,057,3,5,Hillsborough County           ,565,565,90090930,106,212,3506603,0,0,0,1,5,576813,560,560,89536540,106,212,3506603,0,0,0,1,5,576813
200311,12,059,3,5,Holmes County                 ,6,6,420000,0,0,0,0,0,0,0,0,0,6,6,420000,0,0,0,0,0,0,0,0,0
200311,12,061,3,5,Indian River County           ,115,115,26574240,0,0,0,3,11,1227872,1,16,2403034,38,38,10354603,0,0,0,2,8,580000,0,0,0
200311,12,063,3,5,Jackson County                ,9,9,965615,0,0,0,0,0,0,0,0,0,9,9,965615,0,0,0,0,0,0,0,0,0
200311,12,065,3,5,Jefferson County              ,12,12,1272034,0,0,0,0,0,0,0,0,0,12,12,1272034,0,0,0,0,0,0,0,0,0
200311,12,067,3,5,Lafayette County              ,2,2,225600,0,0,0,0,0,0,0,0,0,0,0,0,0,0,0,0,0,0,0,0,0
200311,12,069,3,5,Lake County                   ,293,293,35652241,0,0,0,0,0,0,2,38,1859834,57,57,6668328,0,0,0,0,0,0,0,0,0
200311,12,071,3,5,Lee County                    ,790,790,105498179,38,76,6030142,10,37,6165480,12,427,63138537,787,787,103748255,38,76,6030142,10,37,6165480,12,427,63138537
200311,12,073,3,5,Leon County                   ,84,84,10950416,0,0,0,0,0,0,1,9,550471,84,84,10950416,0,0,0,0,0,0,1,9,550471
200311,12,075,3,5,Levy County                   ,8,8,1038738,0,0,0,0,0,0,0,0,0,8,8,1038738,0,0,0,0,0,0,0,0,0
200311,12,077,3,5,Liberty County                ,1,1,94156,0,0,0,0,0,0,0,0,0,0,0,0,0,0,0,0,0,0,0,0,0
200311,12,079,3,5,Madison County                ,1,1,34741,0,0,0,0,0,0,0,0,0,0,0,0,0,0,0,0,0,0,0,0,0
200311,12,081,3,5,Manatee County                ,190,190,37244638,4,8,540000,5,20,1710000,0,0,0,190,190,37244638,4,8,540000,5,20,1710000,0,0,0
200311,12,083,3,5,Marion County                 ,405,405,55368604,0,0,0,0,0,0,0,0,0,405,405,55368604,0,0,0,0,0,0,0,0,0
200311,12,085,3,5,Martin County                 ,67,67,17794663,0,0,0,0,0,0,9,72,6961116,67,67,17794663,0,0,0,0,0,0,9,72,6961116
200311,12,086,3,5,Miami-Dade County             ,593,593,76778117,7,14,1421430,1,4,202800,16,147,13132544,590,590,76244337,7,14,1421430,1,4,202800,15,131,12071320
200311,12,089,3,5,Nassau County                 ,54,54,8983729,0,0,0,0,0,0,0,0,0,47,47,8067284,0,0,0,0,0,0,0,0,0
200311,12,091,3,5,Okaloosa County               ,112,112,19211963,0,0,0,0,0,0,1,13,1267496,44,44,6524305,0,0,0,0,0,0,0,0,0
200311,12,093,3,5,Okeechobee County             ,15,15,1394128,4,8,412000,0,0,0,0,0,0,6,6,615000,4,8,412000,0,0,0,0,0,0
200311,12,095,3,5,Orange County                 ,822,822,121840835,9,18,1923566,6,24,2945296,1,173,33124717,766,766,113239990,9,18,1923566,6,24,2945296,1,173,33124717
200311,12,097,3,5,Osceola County                ,402,402,59113031,0,0,0,0,0,0,2,17,1411715,381,381,56446097,0,0,0,0,0,0,1,12,1242327
200311,12,099,3,5,Palm Beach County             ,557,557,124297062,3,6,1476097,5,20,1391187,11,164,13807362,548,548,120593955,2,4,270597,5,20,1391187,7,141,9394517
200311,12,101,3,5,Pasco County                  ,431,431,55916025,6,12,1251580,2,7,632000,5,39,3900000,431,431,55916025,6,12,1251580,2,7,632000,5,39,3900000
200311,12,103,3,5,Pinellas County               ,114,114,22602202,1,2,504013,3,10,998840,5,67,9944579,114,114,22602202,1,2,504013,3,10,998840,5,67,9944579
200311,12,105,3,5,Polk County                   ,451,451,59388463,1,2,182448,0,0,0,0,0,0,449,449,59211545,0,0,0,0,0,0,0,0,0
200311,12,107,3,5,Putnam County                 ,13,13,1120954,0,0,0,0,0,0,0,0,0,0,0,0,0,0,0,0,0,0,0,0,0
200311,12,109,3,5,St. Johns County              ,234,234,58926694,0,0,0,0,0,0,1,8,825772,233,233,58812025,0,0,0,0,0,0,1,8,825772
200311,12,111,3,5,St. Lucie County              ,286,286,32047915,0,0,0,1,3,251625,1,28,1473836,83,83,11242502,0,0,0,0,0,0,0,0,0
200311,12,113,3,5,Santa Rosa County             ,160,160,20857936,4,8,583812,0,0,0,0,0,0,160,160,20857936,4,8,583812,0,0,0,0,0,0
200311,12,115,3,5,Sarasota County               ,263,263,45595573,0,0,0,10,40,4037958,3,67,46955890,263,263,45595573,0,0,0,10,40,4037958,3,67,46955890
200311,12,117,3,5,Seminole County               ,217,217,41167877,0,0,0,0,0,0,4,55,4662688,182,182,35407157,0,0,0,0,0,0,4,55,4662688
200311,12,119,3,5,Sumter County                 ,303,303,43831788,0,0,0,0,0,0,0,0,0,303,303,43831788,0,0,0,0,0,0,0,0,0
200311,12,121,3,5,Suwannee County               ,11,11,1061870,0,0,0,0,0,0,0,0,0,11,11,1061870,0,0,0,0,0,0,0,0,0
200311,12,123,3,5,Taylor County                 ,3,3,240000,0,0,0,0,0,0,0,0,0,3,3,240000,0,0,0,0,0,0,0,0,0
200311,12,125,3,5,Union County                  ,2,2,156390,0,0,0,0,0,0,0,0,0,2,2,156390,0,0,0,0,0,0,0,0,0
200311,12,127,3,5,Volusia County                ,327,327,53087152,3,6,465560,2,8,709760,2,18,1281095,212,212,35797318,3,6,465560,2,8,709760,1,8,323648
200311,12,129,3,5,Wakulla County                ,33,33,2056226,0,0,0,0,0,0,0,0,0,0,0,0,0,0,0,0,0,0,0,0,0
200311,12,131,3,5,Walton County                 ,127,127,23608110,3,6,308419,0,0,0,8,136,35600000,127,127,23608110,3,6,308419,0,0,0,8,136,35600000
200311,12,133,3,5,Washington County             ,11,11,675232,0,0,0,0,0,0,0,0,0,11,11,675232,0,0,0,0,0,0,0,0,0
200311,13,009,3,5,Baldwin County                ,10,10,1067998,0,0,0,0,0,0,0,0,0,1,1,70000,0,0,0,0,0,0,0,0,0
200311,13,013,3,5,Barrow County                 ,114,114,9627978,0,0,0,1,4,99000,2,14,198000,114,114,9627978,0,0,0,1,4,99000,2,14,198000
200311,13,015,3,5,Bartow County                 ,38,38,5069317,1,2,145953,0,0,0,0,0,0,33,33,4301949,1,2,145953,0,0,0,0,0,0
200311,13,027,3,5,Brooks County                 ,2,2,210673,0,0,0,0,0,0,0,0,0,0,0,0,0,0,0,0,0,0,0,0,0
200311,13,029,3,5,Bryan County                  ,27,27,3984729,0,0,0,0,0,0,0,0,0,14,14,1859964,0,0,0,0,0,0,0,0,0
200311,13,035,3,5,Butts County                  ,19,19,1829000,0,0,0,0,0,0,0,0,0,19,19,1829000,0,0,0,0,0,0,0,0,0
200311,13,039,3,5,Camden County                 ,48,48,3766449,1,2,45279,0,0,0,0,0,0,20,20,1454945,0,0,0,0,0,0,0,0,0
200311,13,045,3,5,Carroll County                ,88,88,8322900,1,2,3450000,0,0,0,0,0,0,25,25,2636897,0,0,0,0,0,0,0,0,0
200311,13,047,3,5,Catoosa County                ,27,27,3387721,0,0,0,1,4,67282,1,5,247426,24,24,3128690,0,0,0,0,0,0,0,0,0
200311,13,057,3,5,Cherokee County               ,196,196,30566788,0,0,0,0,0,0,0,0,0,196,196,30566788,0,0,0,0,0,0,0,0,0
200311,13,063,3,5,Clayton County                ,144,144,18462299,0,0,0,0,0,0,0,0,0,143,143,18335984,0,0,0,0,0,0,0,0,0
200311,13,067,3,5,Cobb County                   ,345,345,44450658,0,0,0,0,0,0,5,30,1834902,345,345,44450658,0,0,0,0,0,0,5,30,1834902
200311,13,069,3,5,Coffee County                 ,10,10,1135000,0,0,0,0,0,0,0,0,0,10,10,1135000,0,0,0,0,0,0,0,0,0
200311,13,077,3,5,Coweta County                 ,102,102,14675815,0,0,0,0,0,0,0,0,0,96,96,14031685,0,0,0,0,0,0,0,0,0
200311,13,085,3,5,Dawson County                 ,36,36,6576000,0,0,0,0,0,0,0,0,0,36,36,6576000,0,0,0,0,0,0,0,0,0
200311,13,087,3,5,Decatur County                ,7,7,796811,0,0,0,0,0,0,0,0,0,7,7,796811,0,0,0,0,0,0,0,0,0
200311,13,089,3,5,DeKalb County                 ,193,193,32261023,0,0,0,0,0,0,0,0,0,193,193,32261023,0,0,0,0,0,0,0,0,0
200311,13,091,3,5,Dodge County                  ,2,2,125000,0,0,0,0,0,0,0,0,0,2,2,125000,0,0,0,0,0,0,0,0,0
200311,13,095,3,5,Dougherty County              ,10,10,1440618,5,10,396880,0,0,0,0,0,0,10,10,1440618,5,10,396880,0,0,0,0,0,0
200311,13,097,3,5,Douglas County                ,81,81,5072460,0,0,0,0,0,0,0,0,0,81,81,5072460,0,0,0,0,0,0,0,0,0
200311,13,113,3,5,Fayette County                ,73,73,14567045,0,0,0,0,0,0,0,0,0,73,73,14567045,0,0,0,0,0,0,0,0,0
200311,13,115,3,5,Floyd County                  ,53,53,5378613,1,2,92412,0,0,0,0,0,0,1,1,145000,0,0,0,0,0,0,0,0,0
200311,13,117,3,5,Forsyth County                ,257,257,31264770,0,0,0,0,0,0,0,0,0,257,257,31264770,0,0,0,0,0,0,0,0,0
200311,13,121,3,5,Fulton County                 ,469,469,55024196,4,8,583812,2,7,486915,6,657,40184360,447,447,52341089,4,8,583812,2,7,486915,6,657,40184360
200311,13,123,3,5,Gilmer County                 ,47,47,4583186,0,0,0,0,0,0,0,0,0,1,1,363000,0,0,0,0,0,0,0,0,0
200311,13,127,3,5,Glynn County                  ,41,41,6734934,2,4,247655,0,0,0,1,13,633713,0,0,0,0,0,0,0,0,0,0,0,0
200311,13,129,3,5,Gordon County                 ,30,30,4367066,0,0,0,2,8,400000,0,0,0,30,30,4367066,0,0,0,2,8,400000,0,0,0
200311,13,133,3,5,Greene County                 ,11,11,5009570,0,0,0,0,0,0,0,0,0,11,11,5009570,0,0,0,0,0,0,0,0,0
200311,13,135,3,5,Gwinnett County               ,581,581,74380390,0,0,0,0,0,0,7,136,8014065,562,562,72864075,0,0,0,0,0,0,6,124,7584263
200311,13,143,3,5,Haralson County               ,13,13,1643106,0,0,0,0,0,0,0,0,0,13,13,1643106,0,0,0,0,0,0,0,0,0
200311,13,145,3,5,Harris County                 ,27,27,6938362,0,0,0,0,0,0,0,0,0,27,27,6938362,0,0,0,0,0,0,0,0,0
200311,13,151,3,5,Henry County                  ,262,262,27196191,0,0,0,0,0,0,0,0,0,262,262,27196191,0,0,0,0,0,0,0,0,0
200311,13,157,3,5,Jackson County                ,113,113,16474518,0,0,0,0,0,0,0,0,0,103,103,14273486,0,0,0,0,0,0,0,0,0
200311,13,169,3,5,Jones County                  ,15,15,2252000,0,0,0,0,0,0,0,0,0,15,15,2252000,0,0,0,0,0,0,0,0,0
200311,13,173,3,5,Lanier County                 ,0,0,0,0,0,0,0,0,0,0,0,0,0,0,0,0,0,0,0,0,0,0,0,0
200311,13,177,3,5,Lee County                    ,23,23,2628458,0,0,0,0,0,0,0,0,0,0,0,0,0,0,0,0,0,0,0,0,0
200311,13,179,3,5,Liberty County                ,28,28,2654902,0,0,0,0,0,0,1,8,290000,28,28,2654902,0,0,0,0,0,0,1,8,290000
200311,13,189,3,5,McDuffie County               ,2,2,307000,0,0,0,0,0,0,0,0,0,2,2,307000,0,0,0,0,0,0,0,0,0
200311,13,211,3,5,Morgan County                 ,12,12,1641000,0,0,0,0,0,0,0,0,0,12,12,1641000,0,0,0,0,0,0,0,0,0
200311,13,213,3,5,Murray County                 ,0,0,0,0,0,0,0,0,0,0,0,0,0,0,0,0,0,0,0,0,0,0,0,0
200311,13,215,3,5,Muscogee County               ,44,44,5735932,0,0,0,0,0,0,0,0,0,44,44,5735932,0,0,0,0,0,0,0,0,0
200311,13,217,3,5,Newton County                 ,148,148,20083788,0,0,0,0,0,0,0,0,0,3,3,522638,0,0,0,0,0,0,0,0,0
200311,13,223,3,5,Paulding County               ,186,186,14818853,0,0,0,0,0,0,1,8,59371,11,11,1653980,0,0,0,0,0,0,0,0,0
200311,13,227,3,5,Pickens County                ,25,25,4280000,0,0,0,0,0,0,0,0,0,25,25,4280000,0,0,0,0,0,0,0,0,0
200311,13,237,3,5,Putnam County                 ,16,16,2446460,0,0,0,0,0,0,1,9,458088,0,0,0,0,0,0,0,0,0,0,0,0
200311,13,239,3,5,Quitman County                ,0,0,0,0,0,0,0,0,0,0,0,0,0,0,0,0,0,0,0,0,0,0,0,0
200311,13,247,3,5,Rockdale County               ,69,69,8994985,0,0,0,0,0,0,0,0,0,69,69,8994985,0,0,0,0,0,0,0,0,0
200311,13,255,3,5,Spalding County               ,19,19,1585876,0,0,0,0,0,0,0,0,0,11,11,895000,0,0,0,0,0,0,0,0,0
200311,13,257,3,5,Stephens County               ,7,7,824924,0,0,0,0,0,0,0,0,0,3,3,428056,0,0,0,0,0,0,0,0,0
200311,13,291,3,5,Union County                  ,40,40,5193688,0,0,0,0,0,0,0,0,0,40,40,5193688,0,0,0,0,0,0,0,0,0
200311,13,313,3,5,Whitfield County              ,20,20,2340768,0,0,0,0,0,0,0,0,0,2,2,283000,0,0,0,0,0,0,0,0,0
200311,15,001,4,9,Hawaii County                 ,107,107,24687864,0,0,0,0,0,0,1,7,681154,0,0,0,0,0,0,0,0,0,0,0,0
200311,15,003,4,9,Honolulu County               ,161,161,26840716,4,8,1105000,0,0,0,5,30,2489450,161,161,26840716,4,8,1105000,0,0,0,5,30,2489450
200311,15,007,4,9,Kauai County                  ,42,42,13236241,0,0,0,0,0,0,1,7,916198,0,0,0,0,0,0,0,0,0,0,0,0
200311,15,009,4,9,Maui County                   ,66,66,10958481,1,2,198008,0,0,0,0,0,0,66,66,10958481,1,2,198008,0,0,0,0,0,0
200311,16,017,4,8,Bonner County                 ,4,4,292532,0,0,0,0,0,0,0,0,0,3,3,214370,0,0,0,0,0,0,0,0,0
200311,16,019,4,8,Bonneville County             ,63,63,5263033,0,0,0,0,0,0,0,0,0,63,63,5263033,0,0,0,0,0,0,0,0,0
200311,17,009,2,3,Brown County                  ,0,0,0,0,0,0,0,0,0,0,0,0,0,0,0,0,0,0,0,0,0,0,0,0
200311,17,023,2,3,Clark County                  ,0,0,0,0,0,0,0,0,0,0,0,0,0,0,0,0,0,0,0,0,0,0,0,0
200311,17,027,2,3,Clinton County                ,8,8,1287102,0,0,0,0,0,0,0,0,0,5,5,850000,0,0,0,0,0,0,0,0,0
200311,17,031,2,3,Cook County                   ,387,387,101740789,14,28,4405889,35,114,9714624,37,1167,79487411,321,321,89802771,13,26,4234139,35,114,9714624,32,1071,73409892
200311,17,037,2,3,DeKalb County                 ,48,48,6970568,0,0,0,4,14,922850,1,5,203889,29,29,4804738,0,0,0,2,8,496850,0,0,0
200311,17,043,2,3,DuPage County                 ,169,169,49317602,2,4,800000,0,0,0,1,70,5500000,142,142,40610856,2,4,800000,0,0,0,1,70,5500000
200311,17,063,2,3,Grundy County                 ,26,26,3892926,1,2,248100,0,0,0,2,10,756031,10,10,997000,0,0,0,0,0,0,0,0,0
200311,17,083,2,3,Jersey County                 ,6,6,772641,0,0,0,0,0,0,0,0,0,5,5,669808,0,0,0,0,0,0,0,0,0
200311,17,089,2,3,Kane County                   ,423,423,65960481,0,0,0,4,15,1056000,0,0,0,389,389,57232026,0,0,0,4,15,1056000,0,0,0
200311,17,091,2,3,Kankakee County               ,37,37,5436603,1,2,183259,0,0,0,0,0,0,31,31,4425542,0,0,0,0,0,0,0,0,0
200311,17,093,2,3,Kendall County                ,78,78,12403026,0,0,0,0,0,0,1,13,696376,50,50,8081766,0,0,0,0,0,0,0,0,0
200311,17,097,2,3,Lake County                   ,305,305,57991611,2,4,399147,1,3,256946,4,206,13538399,256,256,46163267,0,0,0,0,0,0,2,196,12496568
200311,17,109,2,3,McDonough County              ,0,0,0,0,0,0,1,3,298500,0,0,0,0,0,0,0,0,0,1,3,298500,0,0,0
200311,17,111,2,3,McHenry County                ,202,202,34987227,2,4,442495,1,4,340864,2,16,770139,144,144,25663124,0,0,0,1,4,340864,0,0,0
200311,17,119,2,3,Madison County                ,97,97,15120940,0,0,0,2,7,407024,0,0,0,73,73,11967380,0,0,0,1,4,220000,0,0,0
200311,17,133,2,3,Monroe County                 ,34,34,5664969,2,4,383535,0,0,0,0,0,0,26,26,4367670,2,4,383535,0,0,0,0,0,0
200311,17,163,2,3,St. Clair County              ,73,73,11208851,2,4,234959,0,0,0,1,18,1046281,51,51,8066492,0,0,0,0,0,0,0,0,0
200311,17,197,2,3,Will County                   ,509,509,88251768,4,8,729350,3,10,758532,4,38,2518055,410,410,72754131,4,8,729350,2,7,537282,3,24,1897600
200311,18,003,2,3,Allen County                  ,145,145,26618172,4,8,606000,0,0,0,6,74,2960000,145,145,26618172,4,8,606000,0,0,0,6,74,2960000
200311,18,011,2,3,Boone County                  ,32,32,6694557,0,0,0,0,0,0,0,0,0,13,13,2297000,0,0,0,0,0,0,0,0,0
200311,18,013,2,3,Brown County                  ,9,9,538484,0,0,0,0,0,0,0,0,0,0,0,0,0,0,0,0,0,0,0,0,0
200311,18,019,2,3,Clark County                  ,49,49,6453958,1,2,101000,0,0,0,1,12,392163,8,8,800526,0,0,0,0,0,0,0,0,0
200311,18,027,2,3,Daviess County                ,1,1,184082,0,0,0,0,0,0,0,0,0,1,1,184082,0,0,0,0,0,0,0,0,0
200311,18,029,2,3,Dearborn County               ,23,23,3535000,2,4,300000,0,0,0,1,12,450000,23,23,3535000,2,4,300000,0,0,0,1,12,450000
200311,18,031,2,3,Decatur County                ,4,4,399962,1,2,105875,0,0,0,1,6,285577,2,2,145000,0,0,0,0,0,0,0,0,0
200311,18,033,2,3,De Kalb County                ,18,18,2316000,0,0,0,0,0,0,0,0,0,18,18,2316000,0,0,0,0,0,0,0,0,0
200311,18,041,2,3,Fayette County                ,2,2,171000,0,0,0,0,0,0,0,0,0,2,2,171000,0,0,0,0,0,0,0,0,0
200311,18,043,2,3,Floyd County                  ,54,54,8982868,0,0,0,0,0,0,0,0,0,54,54,8982868,0,0,0,0,0,0,0,0,0
200311,18,047,2,3,Franklin County               ,4,4,654000,0,0,0,0,0,0,0,0,0,4,4,654000,0,0,0,0,0,0,0,0,0
200311,18,057,2,3,Hamilton County               ,305,305,54974441,1,2,135000,0,0,0,10,156,7888859,150,150,31962786,0,0,0,0,0,0,9,144,7265381
200311,18,059,2,3,Hancock County                ,48,48,6340960,1,2,80000,0,0,0,0,0,0,48,48,6340960,1,2,80000,0,0,0,0,0,0
200311,18,061,2,3,Harrison County               ,15,15,2159576,1,2,180000,0,0,0,0,0,0,0,0,0,0,0,0,0,0,0,0,0,0
200311,18,063,2,3,Hendricks County              ,129,129,21497292,7,14,1041180,0,0,0,0,0,0,109,109,18842921,7,14,1041180,0,0,0,0,0,0
200311,18,069,2,3,Huntington County             ,9,9,1332507,0,0,0,0,0,0,0,0,0,9,9,1332507,0,0,0,0,0,0,0,0,0
200311,18,079,2,3,Jennings County               ,8,8,648652,0,0,0,0,0,0,0,0,0,8,8,648652,0,0,0,0,0,0,0,0,0
200311,18,081,2,3,Johnson County                ,59,59,9728666,0,0,0,2,8,620000,0,0,0,58,58,9605166,0,0,0,2,8,620000,0,0,0
200311,18,083,2,3,Knox County                   ,2,2,245836,0,0,0,0,0,0,0,0,0,2,2,245836,0,0,0,0,0,0,0,0,0
200311,18,087,2,3,Lagrange County               ,10,10,825000,0,0,0,0,0,0,0,0,0,0,0,0,0,0,0,0,0,0,0,0,0
200311,18,089,2,3,Lake County                   ,156,156,24361896,7,14,1342372,3,11,1385503,1,24,1423000,136,136,21502638,7,14,1342372,2,8,1158000,1,24,1423000
200311,18,095,2,3,Madison County                ,30,30,4829304,0,0,0,0,0,0,0,0,0,28,28,4592500,0,0,0,0,0,0,0,0,0
200311,18,097,2,3,Marion County                 ,205,205,32991160,10,20,4344620,0,0,0,8,49,3650000,205,205,32991160,10,20,4344620,0,0,0,8,49,3650000
200311,18,105,2,3,Monroe County                 ,46,46,6717625,9,18,1619089,1,3,235835,1,20,1111403,0,0,0,0,0,0,0,0,0,0,0,0
200311,18,107,2,3,Montgomery County             ,9,9,1148619,0,0,0,0,0,0,0,0,0,2,2,214500,0,0,0,0,0,0,0,0,0
200311,18,109,2,3,Morgan County                 ,23,23,3796855,0,0,0,0,0,0,0,0,0,19,19,3355682,0,0,0,0,0,0,0,0,0
200311,18,115,2,3,Ohio County                   ,3,3,360000,0,0,0,0,0,0,0,0,0,3,3,360000,0,0,0,0,0,0,0,0,0
200311,18,127,2,3,Porter County                 ,79,79,14617907,4,8,814293,0,0,0,0,0,0,78,78,14465842,4,8,814293,0,0,0,0,0,0
200311,18,135,2,3,Randolph County               ,1,1,71000,0,0,0,0,0,0,0,0,0,1,1,71000,0,0,0,0,0,0,0,0,0
200311,18,143,2,3,Scott County                  ,6,6,375450,0,0,0,0,0,0,0,0,0,6,6,375450,0,0,0,0,0,0,0,0,0
200311,18,145,2,3,Shelby County                 ,6,6,1962530,0,0,0,0,0,0,0,0,0,6,6,1962530,0,0,0,0,0,0,0,0,0
200311,18,157,2,3,Tippecanoe County             ,96,96,13638356,5,10,907069,0,0,0,0,0,0,96,96,13638356,5,10,907069,0,0,0,0,0,0
200311,18,163,2,3,Vanderburgh County            ,52,52,5658576,0,0,0,0,0,0,2,16,220000,52,52,5658576,0,0,0,0,0,0,2,16,220000
200311,18,179,2,3,Wells County                  ,12,12,1867432,0,0,0,0,0,0,0,0,0,12,12,1867432,0,0,0,0,0,0,0,0,0
200311,18,181,2,3,White County                  ,6,6,642000,0,0,0,0,0,0,0,0,0,6,6,642000,0,0,0,0,0,0,0,0,0
200311,20,025,2,4,Clark County                  ,0,0,0,0,0,0,0,0,0,0,0,0,0,0,0,0,0,0,0,0,0,0,0,0
200311,20,063,2,4,Gove County                   ,0,0,0,0,0,0,0,0,0,0,0,0,0,0,0,0,0,0,0,0,0,0,0,0
200311,20,091,2,4,Johnson County                ,276,276,56443928,0,0,0,6,22,2091490,1,5,297547,248,248,53556284,0,0,0,6,22,2091490,0,0,0
200311,20,103,2,4,Leavenworth County            ,40,40,5530031,6,12,713836,0,0,0,1,7,127445,40,40,5530031,6,12,713836,0,0,0,1,7,127445
200311,20,105,2,4,Lincoln County                ,0,0,0,0,0,0,0,0,0,0,0,0,0,0,0,0,0,0,0,0,0,0,0,0
200311,20,187,2,4,Stanton County                ,0,0,0,0,0,0,0,0,0,0,0,0,0,0,0,0,0,0,0,0,0,0,0,0
200311,20,209,2,4,Wyandotte County              ,16,16,2655942,0,0,0,0,0,0,0,0,0,1,1,857861,0,0,0,0,0,0,0,0,0
200311,21,015,3,6,Boone County                  ,157,157,13499702,0,0,0,0,0,0,0,0,0,157,157,13499702,0,0,0,0,0,0,0,0,0
200311,21,021,3,6,Boyle County                  ,9,9,1621500,0,0,0,0,0,0,0,0,0,9,9,1621500,0,0,0,0,0,0,0,0,0
200311,21,029,3,6,Bullitt County                ,65,65,8497389,0,0,0,0,0,0,2,12,700000,65,65,8497389,0,0,0,0,0,0,2,12,700000
200311,21,035,3,6,Calloway County               ,1,1,275000,0,0,0,0,0,0,0,0,0,1,1,275000,0,0,0,0,0,0,0,0,0
200311,21,037,3,6,Campbell County               ,18,18,2479121,0,0,0,0,0,0,0,0,0,0,0,0,0,0,0,0,0,0,0,0,0
200311,21,049,3,6,Clark County                  ,23,23,2214560,0,0,0,0,0,0,0,0,0,0,0,0,0,0,0,0,0,0,0,0,0
200311,21,067,3,6,Fayette County                ,143,143,18641781,7,14,1021671,0,0,0,0,0,0,143,143,18641781,7,14,1021671,0,0,0,0,0,0
200311,21,073,3,6,Franklin County               ,15,15,2034585,0,0,0,0,0,0,0,0,0,0,0,0,0,0,0,0,0,0,0,0,0
200311,21,077,3,6,Gallatin County               ,0,0,0,0,0,0,0,0,0,0,0,0,0,0,0,0,0,0,0,0,0,0,0,0
200311,21,081,3,6,Grant County                  ,10,10,1004000,0,0,0,0,0,0,0,0,0,10,10,1004000,0,0,0,0,0,0,0,0,0
200311,21,097,3,6,Harrison County               ,2,2,259684,0,0,0,0,0,0,0,0,0,2,2,259684,0,0,0,0,0,0,0,0,0
200311,21,099,3,6,Hart County                   ,2,2,130000,0,0,0,0,0,0,0,0,0,0,0,0,0,0,0,0,0,0,0,0,0
200311,21,107,3,6,Hopkins County                ,12,12,1721082,0,0,0,0,0,0,0,0,0,6,6,1107000,0,0,0,0,0,0,0,0,0
200311,21,111,3,6,Jefferson County              ,200,200,26109480,0,0,0,0,0,0,1,9,550471,196,196,25550972,0,0,0,0,0,0,1,9,550471
200311,21,113,3,6,Jessamine County              ,15,15,1922000,0,0,0,0,0,0,0,0,0,15,15,1922000,0,0,0,0,0,0,0,0,0
200311,21,117,3,6,Kenton County                 ,92,92,9145211,1,2,130000,0,0,0,1,5,228014,72,72,7438777,1,2,130000,0,0,0,0,0,0
200311,21,123,3,6,Larue County                  ,4,4,332073,0,0,0,0,0,0,0,0,0,0,0,0,0,0,0,0,0,0,0,0,0
200311,21,125,3,6,Laurel County                 ,0,0,0,0,0,0,0,0,0,0,0,0,0,0,0,0,0,0,0,0,0,0,0,0
200311,21,157,3,6,Marshall County               ,8,8,997310,0,0,0,0,0,0,1,5,225000,0,0,0,0,0,0,0,0,0,0,0,0
200311,21,161,3,6,Mason County                  ,3,3,530000,0,0,0,0,0,0,0,0,0,3,3,530000,0,0,0,0,0,0,0,0,0
200311,21,167,3,6,Mercer County                 ,7,7,591506,0,0,0,0,0,0,0,0,0,7,7,591506,0,0,0,0,0,0,0,0,0
200311,21,179,3,6,Nelson County                 ,22,22,2871800,0,0,0,0,0,0,0,0,0,22,22,2871800,0,0,0,0,0,0,0,0,0
200311,21,185,3,6,Oldham County                 ,50,50,6518105,0,0,0,0,0,0,1,24,1467922,50,50,6518105,0,0,0,0,0,0,1,24,1467922
200311,21,191,3,6,Pendleton County              ,0,0,0,0,0,0,0,0,0,0,0,0,0,0,0,0,0,0,0,0,0,0,0,0
200311,21,209,3,6,Scott County                  ,22,22,3396555,0,0,0,0,0,0,0,0,0,22,22,3396555,0,0,0,0,0,0,0,0,0
200311,21,211,3,6,Shelby County                 ,20,20,2892000,0,0,0,1,4,301000,0,0,0,20,20,2892000,0,0,0,1,4,301000,0,0,0
200311,21,213,3,6,Simpson County                ,6,6,654900,0,0,0,0,0,0,0,0,0,6,6,654900,0,0,0,0,0,0,0,0,0
200311,21,239,3,6,Woodford County               ,6,6,1317000,0,0,0,0,0,0,0,0,0,6,6,1317000,0,0,0,0,0,0,0,0,0
200311,22,007,3,7,Assumption Parish             ,11,11,1428264,0,0,0,0,0,0,0,0,0,11,11,1428264,0,0,0,0,0,0,0,0,0
200311,22,071,3,7,Orleans Parish                ,24,24,3128690,2,4,291906,0,0,0,0,0,0,24,24,3128690,2,4,291906,0,0,0,0,0,0
200311,22,087,3,7,St. Bernard Parish            ,7,7,629500,0,0,0,1,4,150000,0,0,0,7,7,629500,0,0,0,1,4,150000,0,0,0
200311,22,089,3,7,St. Charles Parish            ,19,19,2476880,0,0,0,0,0,0,0,0,0,19,19,2476880,0,0,0,0,0,0,0,0,0
200311,22,109,3,7,Terrebonne Parish             ,51,51,3751690,0,0,0,0,0,0,0,0,0,51,51,3751690,0,0,0,0,0,0,0,0,0
200311,24,003,3,5,Anne Arundel County           ,119,119,15336796,0,0,0,0,0,0,1,5,309315,112,112,14600555,0,0,0,0,0,0,0,0,0
200311,24,005,3,5,Baltimore County              ,122,122,15904176,1,2,145953,0,0,0,2,28,1712575,122,122,15904176,1,2,145953,0,0,0,2,28,1712575
200311,24,009,3,5,Calvert County                ,41,41,5799189,0,0,0,0,0,0,0,0,0,41,41,5799189,0,0,0,0,0,0,0,0,0
200311,24,013,3,5,Carroll County                ,31,31,4159053,0,0,0,0,0,0,0,0,0,31,31,4159053,0,0,0,0,0,0,0,0,0
200311,24,015,3,5,Cecil County                  ,66,66,10545447,0,0,0,0,0,0,1,8,680000,66,66,10545447,0,0,0,0,0,0,1,8,680000
200311,24,017,3,5,Charles County                ,60,60,9708550,0,0,0,0,0,0,0,0,0,60,60,9708550,0,0,0,0,0,0,0,0,0
200311,24,021,3,5,Frederick County              ,97,97,13457512,0,0,0,0,0,0,3,36,236250,97,97,13457512,0,0,0,0,0,0,3,36,236250
200311,24,023,3,5,Garrett County                ,18,18,3115673,0,0,0,0,0,0,0,0,0,18,18,3115673,0,0,0,0,0,0,0,0,0
200311,24,025,3,5,Harford County                ,189,189,25404909,0,0,0,0,0,0,0,0,0,189,189,25404909,0,0,0,0,0,0,0,0,0
200311,24,027,3,5,Howard County                 ,109,109,14209469,0,0,0,0,0,0,2,225,13761767,109,109,14209469,0,0,0,0,0,0,2,225,13761767
200311,24,031,3,5,Montgomery County             ,195,195,26123240,0,0,0,0,0,0,1,120,7339609,195,195,26123240,0,0,0,0,0,0,1,120,7339609
200311,24,033,3,5,Prince George's County        ,32,32,4171587,0,0,0,0,0,0,0,0,0,32,32,4171587,0,0,0,0,0,0,0,0,0
200311,24,035,3,5,Queen Anne's County           ,44,44,6589461,0,0,0,0,0,0,0,0,0,44,44,6589461,0,0,0,0,0,0,0,0,0
200311,24,039,3,5,Somerset County               ,6,6,485467,0,0,0,0,0,0,0,0,0,4,4,355000,0,0,0,0,0,0,0,0,0
200311,24,043,3,5,Washington County             ,68,68,8517660,21,42,2380000,0,0,0,1,5,150000,67,67,8467660,21,42,2380000,0,0,0,0,0,0
200311,24,510,3,5,Baltimore (Independent City)  ,1,1,130362,0,0,0,0,0,0,0,0,0,1,1,130362,0,0,0,0,0,0,0,0,0
200311,25,009,1,1,Essex County                  ,86,86,16387592,5,10,836924,3,10,1988572,2,10,613686,54,54,9773075,4,8,623680,2,7,1560000,0,0,0
200311,25,017,1,1,Middlesex County              ,166,166,35898121,4,8,673522,5,19,2038520,2,10,1279714,122,122,27380677,2,4,430000,4,16,1792520,0,0,0
200311,25,019,1,1,Nantucket County              ,9,9,2961800,0,0,0,2,8,880000,0,0,0,9,9,2961800,0,0,0,2,8,880000,0,0,0
200311,25,021,1,1,Norfolk County                ,66,66,16877590,2,4,516875,0,0,0,6,187,16995098,42,42,11924421,1,2,279000,0,0,0,3,153,13650000
200311,25,023,1,1,Plymouth County               ,144,144,29974149,5,10,1127054,0,0,0,1,5,316406,98,98,22929938,4,8,895448,0,0,0,0,0,0
200311,25,025,1,1,Suffolk County                ,5,5,684316,13,26,2464480,10,33,2384459,11,345,23938787,5,5,684316,13,26,2464480,10,33,2384459,11,345,23938787
200311,26,000,2,3,Michigan Balance of State     ,16,16,695327,0,0,0,0,0,0,0,0,0,0,0,0,0,0,0,0,0,0,0,0,0
200311,26,001,2,3,Alcona County                 ,6,6,573000,0,0,0,0,0,0,0,0,0,6,6,573000,0,0,0,0,0,0,0,0,0
200311,26,005,2,3,Allegan County                ,49,49,7741604,4,8,1200000,0,0,0,1,9,1525000,30,30,5875021,4,8,1200000,0,0,0,1,9,1525000
200311,26,009,2,3,Antrim County                 ,18,18,2711112,0,0,0,0,0,0,0,0,0,18,18,2711112,0,0,0,0,0,0,0,0,0
200311,26,019,2,3,Benzie County                 ,16,16,2147000,0,0,0,0,0,0,0,0,0,16,16,2147000,0,0,0,0,0,0,0,0,0
200311,26,029,2,3,Charlevoix County             ,13,13,1170000,2,4,200000,0,0,0,0,0,0,0,0,0,0,0,0,0,0,0,0,0,0
200311,26,031,2,3,Cheboygan County              ,13,13,1788500,0,0,0,0,0,0,0,0,0,13,13,1788500,0,0,0,0,0,0,0,0,0
200311,26,043,2,3,Dickinson County              ,2,2,223000,0,0,0,0,0,0,0,0,0,2,2,223000,0,0,0,0,0,0,0,0,0
200311,26,049,2,3,Genesee County                ,149,149,22853294,4,8,861472,2,6,561337,1,24,1241531,129,129,20036814,4,8,861472,1,3,324000,1,24,1241531
200311,26,051,2,3,Gladwin County                ,15,15,1843773,0,0,0,0,0,0,0,0,0,15,15,1843773,0,0,0,0,0,0,0,0,0
200311,26,055,2,3,Grand Traverse County         ,46,46,5860717,0,0,0,0,0,0,0,0,0,46,46,5860717,0,0,0,0,0,0,0,0,0
200311,26,059,2,3,Hillsdale County              ,18,18,1971705,0,0,0,0,0,0,0,0,0,18,18,1971705,0,0,0,0,0,0,0,0,0
200311,26,079,2,3,Kalkaska County               ,8,8,1163000,0,0,0,0,0,0,0,0,0,8,8,1163000,0,0,0,0,0,0,0,0,0
200311,26,081,2,3,Kent County                   ,190,190,28416810,1,2,107000,0,0,0,1,16,1121978,165,165,25532221,0,0,0,0,0,0,1,16,1121978
200311,26,087,2,3,Lapeer County                 ,37,37,4726825,0,0,0,0,0,0,0,0,0,32,32,4063850,0,0,0,0,0,0,0,0,0
200311,26,089,2,3,Leelanau County               ,24,24,3938463,0,0,0,0,0,0,0,0,0,24,24,3938463,0,0,0,0,0,0,0,0,0
200311,26,091,2,3,Lenawee County                ,37,37,4268760,1,2,300000,0,0,0,0,0,0,2,2,355000,0,0,0,0,0,0,0,0,0
200311,26,093,2,3,Livingston County             ,181,181,22287535,0,0,0,0,0,0,0,0,0,181,181,22287535,0,0,0,0,0,0,0,0,0
200311,26,099,2,3,Macomb County                 ,251,251,37988654,2,4,577308,12,47,5029809,2,21,1807329,226,226,32710244,0,0,0,12,47,5029809,1,12,1200000
200311,26,113,2,3,Missaukee County              ,3,3,368755,0,0,0,0,0,0,0,0,0,3,3,368755,0,0,0,0,0,0,0,0,0
200311,26,115,2,3,Monroe County                 ,57,57,8755370,0,0,0,0,0,0,1,6,283242,51,51,8123731,0,0,0,0,0,0,0,0,67500
200311,26,119,2,3,Montmorency County            ,6,6,526000,0,0,0,0,0,0,0,0,0,6,6,526000,0,0,0,0,0,0,0,0,0
200311,26,121,2,3,Muskegon County               ,60,60,7452957,0,0,0,0,0,0,1,5,340683,49,49,5969845,0,0,0,0,0,0,0,0,0
200311,26,125,2,3,Oakland County                ,328,328,61083248,1,2,350000,1,4,275000,16,119,8461037,261,261,49391529,0,0,0,0,0,0,15,114,7917516
200311,26,129,2,3,Ogemaw County                 ,9,9,492424,0,0,0,0,0,0,0,0,0,0,0,0,0,0,0,0,0,0,0,0,0
200311,26,133,2,3,Osceola County                ,2,2,220000,0,0,0,0,0,0,0,0,0,2,2,220000,0,0,0,0,0,0,0,0,0
200311,26,135,2,3,Oscoda County                 ,1,1,102000,0,0,0,0,0,0,0,0,0,1,1,102000,0,0,0,0,0,0,0,0,0
200311,26,137,2,3,Otsego County                 ,12,12,1438056,0,0,0,0,0,0,0,0,0,0,0,0,0,0,0,0,0,0,0,0,0
200311,26,139,2,3,Ottawa County                 ,125,125,21934537,5,10,646100,2,7,532800,6,77,3150166,74,74,13560481,1,2,200000,2,7,532800,4,60,2646800
200311,26,141,2,3,Presque Isle County           ,8,8,694690,0,0,0,0,0,0,0,0,0,0,0,0,0,0,0,0,0,0,0,0,0
200311,26,147,2,3,St. Clair County              ,50,50,6080625,0,0,0,0,0,0,0,0,0,34,34,4586851,0,0,0,0,0,0,0,0,0
200311,26,153,2,3,Schoolcraft County            ,2,2,120328,0,0,0,0,0,0,0,0,0,2,2,120328,0,0,0,0,0,0,0,0,0
200311,26,161,2,3,Washtenaw County              ,153,153,23637559,0,0,0,0,0,0,0,0,0,87,87,16960080,0,0,0,0,0,0,0,0,0
200311,26,163,2,3,Wayne County                  ,285,285,42595950,0,0,0,4,14,1872938,6,62,3952996,261,261,38479689,0,0,0,3,11,1659938,6,62,3952996
200311,27,003,2,4,Anoka County                  ,248,248,37888233,0,0,0,1,3,323067,0,0,0,236,236,36356957,0,0,0,0,0,0,0,0,0
200311,27,019,2,4,Carver County                 ,79,79,17020002,0,0,0,0,0,0,2,14,1692350,73,73,15662919,0,0,0,0,0,0,2,14,1692350
200311,27,025,2,4,Chisago County                ,34,34,5081825,0,0,0,0,0,0,0,0,0,28,28,4166386,0,0,0,0,0,0,0,0,0
200311,27,031,2,4,Cook County                   ,5,5,330000,0,0,0,0,0,0,0,0,0,5,5,330000,0,0,0,0,0,0,0,0,0
200311,27,037,2,4,Dakota County                 ,204,204,37823794,2,4,610000,5,18,2661010,5,171,12812918,159,159,31434077,2,4,610000,5,18,2661010,5,171,12812918
200311,27,053,2,4,Hennepin County               ,207,207,50543289,1,2,213931,3,10,776600,3,122,17844500,205,205,50087169,1,2,213931,3,10,776600,2,95,15233045
200311,27,059,2,4,Isanti County                 ,27,27,2960893,0,0,0,0,0,0,0,0,0,25,25,2718717,0,0,0,0,0,0,0,0,0
200311,27,109,2,4,Olmsted County                ,104,104,15994387,0,0,0,0,0,0,1,20,4281211,25,25,4903227,0,0,0,0,0,0,0,0,0
200311,27,123,2,4,Ramsey County                 ,33,33,6987851,3,6,911371,3,11,1210000,2,102,9552500,30,30,6266271,1,2,318960,0,0,0,1,96,8900000
200311,27,139,2,4,Scott County                  ,169,169,33969933,2,4,616000,0,0,0,3,30,1867432,169,169,33969933,2,4,616000,0,0,0,3,30,1867432
200311,27,141,2,4,Sherburne County              ,93,93,14153839,0,0,0,0,0,0,0,0,0,87,87,13350365,0,0,0,0,0,0,0,0,0
200311,27,163,2,4,Washington County             ,209,209,36079344,2,4,673342,1,4,336972,1,6,505458,205,205,34721204,2,4,673342,1,4,336972,1,6,505458
200311,27,171,2,4,Wright County                 ,152,152,25844590,2,4,600000,5,20,2882000,0,0,0,133,133,23703243,2,4,600000,5,20,2882000,0,0,0
200311,28,025,3,6,Clay County                   ,2,2,250381,0,0,0,0,0,0,0,0,0,0,0,0,0,0,0,0,0,0,0,0,0
200311,28,033,3,6,DeSoto County                 ,144,144,17058217,0,0,0,0,0,0,4,45,2136960,144,144,17058217,0,0,0,0,0,0,4,45,2136960
200311,28,037,3,6,Franklin County               ,0,0,0,0,0,0,0,0,0,0,0,0,0,0,0,0,0,0,0,0,0,0,0,0
200311,28,039,3,6,George County                 ,0,0,0,0,0,0,0,0,0,0,0,0,0,0,0,0,0,0,0,0,0,0,0,0
200311,28,043,3,6,Grenada County                ,4,4,255000,0,0,0,0,0,0,0,0,0,4,4,255000,0,0,0,0,0,0,0,0,0
200311,28,047,3,6,Harrison County               ,89,89,11016745,0,0,0,0,0,0,0,0,0,89,89,11016745,0,0,0,0,0,0,0,0,0
200311,28,071,3,6,Lafayette County              ,9,9,1040000,0,0,0,0,0,0,0,0,0,9,9,1040000,0,0,0,0,0,0,0,0,0
200311,28,085,3,6,Lincoln County                ,0,0,0,0,0,0,0,0,0,0,0,0,0,0,0,0,0,0,0,0,0,0,0,0
200311,28,131,3,6,Stone County                  ,4,4,74928,0,0,0,0,0,0,0,0,0,0,0,0,0,0,0,0,0,0,0,0,0
200311,28,149,3,6,Warren County                 ,2,2,280638,0,0,0,0,0,0,0,0,0,0,0,0,0,0,0,0,0,0,0,0,0
200311,28,153,3,6,Wayne County                  ,1,1,68000,0,0,0,0,0,0,0,0,0,1,1,68000,0,0,0,0,0,0,0,0,0
200311,28,159,3,6,Winston County                ,0,0,0,0,0,0,0,0,0,0,0,0,0,0,0,0,0,0,0,0,0,0,0,0
200311,28,163,3,6,Yazoo County                  ,0,0,0,0,0,0,0,0,0,0,0,0,0,0,0,0,0,0,0,0,0,0,0,0
200311,29,019,2,4,Boone County                  ,102,102,12903357,0,0,0,0,0,0,2,16,1110000,102,102,12903357,0,0,0,0,0,0,2,16,1110000
200311,29,035,2,4,Carter County                 ,0,0,0,0,0,0,0,0,0,0,0,0,0,0,0,0,0,0,0,0,0,0,0,0
200311,29,037,2,4,Cass County                   ,60,60,8060420,1,2,109958,0,0,0,0,0,0,53,53,7314075,0,0,0,0,0,0,0,0,0
200311,29,047,2,4,Clay County                   ,47,47,6685034,0,0,0,0,0,0,2,114,7200000,47,47,6685034,0,0,0,0,0,0,2,114,7200000
200311,29,049,2,4,Clinton County                ,18,18,2114512,0,0,0,0,0,0,0,0,0,17,17,2024603,0,0,0,0,0,0,0,0,0
200311,29,051,2,4,Cole County                   ,20,20,2661635,0,0,0,2,6,367783,0,0,0,8,8,1186617,0,0,0,0,0,0,0,0,0
200311,29,071,2,4,Franklin County               ,38,38,6969078,2,4,308835,0,0,0,1,5,280625,6,6,821500,0,0,0,0,0,0,0,0,0
200311,29,077,2,4,Greene County                 ,113,113,20066816,10,20,1344000,0,0,0,5,120,4864420,113,113,20066816,10,20,1344000,0,0,0,5,120,4864420
200311,29,095,2,4,Jackson County                ,295,295,45855964,14,28,1849993,8,31,2550259,0,0,0,293,293,45587845,14,28,1849993,8,31,2550259,0,0,0
200311,29,099,2,4,Jefferson County              ,108,108,12370387,0,0,0,0,0,0,0,0,0,108,108,12370387,0,0,0,0,0,0,0,0,0
200311,29,105,2,4,Laclede County                ,4,4,465370,2,4,293951,0,0,0,0,0,0,0,0,0,0,0,0,0,0,0,0,0,0
200311,29,107,2,4,Lafayette County              ,11,11,1525840,0,0,0,0,0,0,0,0,0,4,4,465000,0,0,0,0,0,0,0,0,0
200311,29,111,2,4,Lewis County                  ,0,0,0,0,0,0,0,0,0,0,0,0,0,0,0,0,0,0,0,0,0,0,0,0
200311,29,129,2,4,Mercer County                 ,0,0,0,0,0,0,0,0,0,0,0,0,0,0,0,0,0,0,0,0,0,0,0,0
200311,29,165,2,4,Platte County                 ,24,24,5096398,0,0,0,0,0,0,0,0,0,17,17,2537858,0,0,0,0,0,0,0,0,0
200311,29,167,2,4,Polk County                   ,5,5,376220,3,6,327831,0,0,0,0,0,0,5,5,376220,3,6,327831,0,0,0,0,0,0
200311,29,175,2,4,Randolph County               ,1,1,145000,0,0,0,0,0,0,0,0,0,1,1,145000,0,0,0,0,0,0,0,0,0
200311,29,177,2,4,Ray County                    ,8,8,932464,0,0,0,0,0,0,0,0,0,5,5,645000,0,0,0,0,0,0,0,0,0
200311,29,189,2,4,St. Louis County              ,161,161,32310546,0,0,0,0,0,0,0,0,0,153,153,29910941,0,0,0,0,0,0,0,0,0
200311,29,510,2,4,St. Louis (Independent City)  ,19,19,2956767,0,0,0,0,0,0,0,0,0,19,19,2956767,0,0,0,0,0,0,0,0,0
200311,30,029,4,8,Flathead County               ,21,21,4158791,3,6,765708,2,6,400000,0,0,0,21,21,4158791,3,6,765708,2,6,400000,0,0,0
200311,30,093,4,8,Silver Bow County             ,4,4,488409,0,0,0,0,0,0,0,0,0,4,4,488409,0,0,0,0,0,0,0,0,0
200311,31,001,2,4,Adams County                  ,5,5,590276,0,0,0,0,0,0,0,0,0,0,0,0,0,0,0,0,0,0,0,0,0
200311,31,077,2,4,Greeley County                ,0,0,0,0,0,0,0,0,0,0,0,0,0,0,0,0,0,0,0,0,0,0,0,0
200311,32,001,4,8,Churchill County              ,6,6,1015498,0,0,0,0,0,0,0,0,0,6,6,1015498,0,0,0,0,0,0,0,0,0
200311,32,003,4,8,Clark County                  ,1612,1612,218045733,0,0,0,13,41,2929032,15,460,21043721,1612,1612,218045733,0,0,0,13,41,2929032,15,460,21043721
200311,32,005,4,8,Douglas County                ,41,41,7970634,0,0,0,0,0,0,5,27,1385009,41,41,7970634,0,0,0,0,0,0,5,27,1385009
200311,32,007,4,8,Elko County                   ,5,5,464618,0,0,0,0,0,0,0,0,0,5,5,464618,0,0,0,0,0,0,0,0,0
200311,32,013,4,8,Humboldt County               ,3,3,298349,0,0,0,0,0,0,0,0,0,3,3,298349,0,0,0,0,0,0,0,0,0
200311,32,015,4,8,Lander County                 ,0,0,0,0,0,0,0,0,0,0,0,0,0,0,0,0,0,0,0,0,0,0,0,0
200311,32,017,4,8,Lincoln County                ,1,1,67991,0,0,0,0,0,0,0,0,0,0,0,0,0,0,0,0,0,0,0,0,0
200311,32,021,4,8,Mineral County                ,1,1,30262,0,0,0,0,0,0,0,0,0,0,0,0,0,0,0,0,0,0,0,0,0
200311,32,027,4,8,Pershing County               ,0,0,0,0,0,0,0,0,0,0,0,0,0,0,0,0,0,0,0,0,0,0,0,0
200311,32,029,4,8,Storey County                 ,2,2,214000,0,0,0,0,0,0,0,0,0,0,0,0,0,0,0,0,0,0,0,0,0
200311,32,031,4,8,Washoe County                 ,373,373,61858973,0,0,0,0,0,0,6,48,2771472,373,373,61858973,0,0,0,0,0,0,6,48,2771472
200311,32,033,4,8,White Pine County             ,1,1,145828,0,0,0,0,0,0,0,0,0,0,0,0,0,0,0,0,0,0,0,0,0
200311,32,510,4,8,Carson City (Independent City),6,6,1137650,0,0,0,0,0,0,0,0,0,6,6,1137650,0,0,0,0,0,0,0,0,0
200311,33,015,1,1,Rockingham County             ,87,87,16472297,4,8,1153000,1,3,300000,1,5,325000,53,53,11005616,4,8,1153000,0,0,0,0,0,0
200311,34,001,1,2,Atlantic County               ,94,94,11435197,2,4,227500,0,0,0,0,0,0,68,68,8755252,0,0,0,0,0,0,0,0,0
200311,34,003,1,2,Bergen County                 ,96,96,19727300,10,20,2199168,6,20,1141291,2,19,1770000,40,40,8308434,6,12,1425248,2,8,709025,0,0,0
200311,34,005,1,2,Burlington County             ,165,165,18139616,0,0,0,0,0,0,1,5,287833,87,87,8856132,0,0,0,0,0,0,0,0,0
200311,34,007,1,2,Camden County                 ,85,85,7810339,0,0,0,0,0,0,2,10,621292,56,56,5735691,0,0,0,0,0,0,0,0,0
200311,34,009,1,2,Cape May County               ,175,175,23452122,19,38,5168541,1,3,254314,2,10,628750,157,157,21754158,16,32,4633000,0,0,0,0,0,0
200311,34,011,1,2,Cumberland County             ,31,31,3074131,0,0,0,0,0,0,0,0,0,27,27,2893401,0,0,0,0,0,0,0,0,0
200311,34,013,1,2,Essex County                  ,38,38,8754979,24,48,4021439,9,28,2023178,4,79,2948000,27,27,6775394,22,44,3790109,9,28,2023178,3,74,2640000
200311,34,015,1,2,Gloucester County             ,89,89,8726506,0,0,0,1,3,2200,1,6,175524,33,33,3282917,0,0,0,0,0,0,0,0,0
200311,34,017,1,2,Hudson County                 ,7,7,1260972,21,42,2453506,4,13,537530,4,83,8777500,0,0,0,1,2,110600,0,0,0,0,0,0
200311,34,019,1,2,Hunterdon County              ,38,38,7162406,0,0,0,1,3,21525,0,0,0,13,13,2982466,0,0,0,0,0,0,0,0,0
200311,34,021,1,2,Mercer County                 ,72,72,5887166,0,0,0,0,0,0,1,18,1251090,33,33,2506565,0,0,0,0,0,0,0,0,0
200311,34,023,1,2,Middlesex County              ,124,124,15824279,0,0,0,0,0,0,1,9,937355,88,88,12133319,0,0,0,0,0,0,0,0,0
200311,34,025,1,2,Monmouth County               ,168,168,24886274,0,0,0,0,0,0,4,21,769190,99,99,15465313,0,0,0,0,0,0,3,15,374400
200311,34,027,1,2,Morris County                 ,80,80,17881534,1,2,77000,0,0,0,6,61,2706135,16,16,8795502,0,0,0,0,0,0,0,0,0
200311,34,029,1,2,Ocean County                  ,268,268,33694584,2,4,350896,0,0,0,1,5,177519,204,204,26460286,2,4,350896,0,0,0,0,0,0
200311,34,031,1,2,Passaic County                ,39,39,4653045,1,2,67220,1,3,87462,0,0,0,18,18,2719505,0,0,0,0,0,0,0,0,0
200311,34,033,1,2,Salem County                  ,18,18,1630785,0,0,0,0,0,0,0,0,0,12,12,987905,0,0,0,0,0,0,0,0,0
200311,34,035,1,2,Somerset County               ,38,38,7888551,0,0,0,0,0,0,2,11,404300,11,11,3083998,0,0,0,0,0,0,0,0,0
200311,34,037,1,2,Sussex County                 ,45,45,7981952,0,0,0,0,0,0,0,0,0,24,24,4954581,0,0,0,0,0,0,0,0,0
200311,34,039,1,2,Union County                  ,19,19,2092585,14,28,1685817,0,0,0,2,17,891036,3,3,305500,5,10,642252,0,0,0,0,0,0
200311,34,041,1,2,Warren County                 ,46,46,6153511,0,0,0,0,0,0,0,0,0,21,21,3570305,0,0,0,0,0,0,0,0,0
200311,35,000,4,8,New Mexico Balance of State   ,155,155,29652871,0,0,0,0,0,0,0,0,0,0,0,0,0,0,0,0,0,0,0,0,0
200311,35,001,4,8,Bernalillo County             ,321,321,37528793,0,0,0,1,4,296433,0,0,0,321,321,37528793,0,0,0,1,4,296433,0,0,0
200311,35,005,4,8,Chaves County                 ,5,5,729173,0,0,0,0,0,0,0,0,0,3,3,495000,0,0,0,0,0,0,0,0,0
200311,35,007,4,8,Colfax County                 ,4,4,845653,0,0,0,0,0,0,0,0,0,4,4,845653,0,0,0,0,0,0,0,0,0
200311,35,009,4,8,Curry County                  ,21,21,2922654,0,0,0,0,0,0,0,0,0,21,21,2922654,0,0,0,0,0,0,0,0,0
200311,35,013,4,8,Dona Ana County               ,98,98,18480877,0,0,0,0,0,0,0,0,0,94,94,18052940,0,0,0,0,0,0,0,0,0
200311,35,015,4,8,Eddy County                   ,4,4,501839,0,0,0,0,0,0,0,0,0,0,0,0,0,0,0,0,0,0,0,0,0
200311,35,025,4,8,Lea County                    ,1,1,183176,0,0,0,0,0,0,1,9,1343000,1,1,183176,0,0,0,0,0,0,1,9,1343000
200311,35,027,4,8,Lincoln County                ,4,4,895362,0,0,0,0,0,0,0,0,0,4,4,895362,0,0,0,0,0,0,0,0,0
200311,35,028,4,8,Los Alamos County             ,9,9,2487320,0,0,0,0,0,0,0,0,0,9,9,2487320,0,0,0,0,0,0,0,0,0
200311,35,029,4,8,Luna County                   ,6,6,558776,0,0,0,0,0,0,0,0,0,6,6,558776,0,0,0,0,0,0,0,0,0
200311,35,031,4,8,McKinley County               ,6,6,834297,0,0,0,0,0,0,0,0,0,6,6,834297,0,0,0,0,0,0,0,0,0
200311,35,035,4,8,Otero County                  ,29,29,4539340,0,0,0,0,0,0,0,0,0,29,29,4539340,0,0,0,0,0,0,0,0,0
200311,35,039,4,8,Rio Arriba County             ,1,1,105610,0,0,0,0,0,0,0,0,0,0,0,0,0,0,0,0,0,0,0,0,0
200311,35,041,4,8,Roosevelt County              ,2,2,110000,0,0,0,1,3,96000,0,0,0,2,2,110000,0,0,0,1,3,96000,0,0,0
200311,35,043,4,8,Sandoval County               ,64,64,6116088,0,0,0,0,0,0,0,0,0,0,0,0,0,0,0,0,0,0,0,0,0
200311,35,045,4,8,San Juan County               ,22,22,3217415,0,0,0,0,0,0,0,0,0,22,22,3217415,0,0,0,0,0,0,0,0,0
200311,35,049,4,8,Santa Fe County               ,35,35,4655770,0,0,0,0,0,0,0,0,0,35,35,4655770,0,0,0,0,0,0,0,0,0
200311,35,051,4,8,Sierra County                 ,1,1,80000,0,0,0,0,0,0,0,0,0,1,1,80000,0,0,0,0,0,0,0,0,0
200311,35,053,4,8,Socorro County                ,2,2,525000,0,0,0,0,0,0,0,0,0,2,2,525000,0,0,0,0,0,0,0,0,0
200311,35,055,4,8,Taos County                   ,16,16,1910369,0,0,0,0,0,0,0,0,0,0,0,0,0,0,0,0,0,0,0,0,0
200311,35,061,4,8,Valencia County               ,22,22,2320492,0,0,0,0,0,0,0,0,0,7,7,949697,0,0,0,0,0,0,0,0,0
200311,36,005,1,2,Bronx County                  ,0,0,0,13,26,2280825,9,27,1950921,4,213,14779599,0,0,0,13,26,2280825,9,27,1950921,4,213,14779599
200311,36,027,1,2,Dutchess County               ,73,73,13586250,0,0,0,0,0,0,2,11,889443,28,28,4219386,0,0,0,0,0,0,0,0,0
200311,36,047,1,2,Kings County                  ,4,4,612421,48,96,8421506,47,147,10621683,12,130,9020413,4,4,612421,48,96,8421506,47,147,10621683,12,130,9020413
200311,36,059,1,2,Nassau County                 ,48,48,18477779,1,2,154644,0,0,0,0,0,0,27,27,15389865,0,0,0,0,0,0,0,0,0
200311,36,061,1,2,New York County               ,0,0,0,0,0,0,0,0,0,5,109,7563269,0,0,0,0,0,0,0,0,0,5,109,7563269
200311,36,071,1,2,Orange County                 ,126,126,18910327,0,0,0,9,29,2110097,0,0,0,84,84,12608675,0,0,0,0,0,0,0,0,0
200311,36,079,1,2,Putnam County                 ,17,17,3662430,0,0,0,0,0,0,0,0,0,4,4,1417000,0,0,0,0,0,0,0,0,0
200311,36,081,1,2,Queens County                 ,14,14,2143473,65,130,11404123,24,73,5274713,3,64,4440818,14,14,2143473,65,130,11404123,24,73,5274713,3,64,4440818
200311,36,085,1,2,Richmond County               ,137,137,20975413,147,294,25790863,4,13,939332,1,27,1873470,137,137,20975413,147,294,25790863,4,13,939332,1,27,1873470
200311,36,099,1,2,Seneca County                 ,2,2,176589,0,0,0,0,0,0,0,0,0,0,0,0,0,0,0,0,0,0,0,0,0
200311,36,103,1,2,Suffolk County                ,252,252,50799603,11,22,11357453,2,8,3909482,2,13,2286382,171,171,37533904,0,0,0,0,0,0,0,0,0
200311,36,119,1,2,Westchester County            ,69,69,19378197,9,18,1749118,0,0,0,1,12,1204393,27,27,8440705,5,10,895000,0,0,0,0,0,0
200311,37,001,3,5,Alamance County               ,74,74,8878215,0,0,0,0,0,0,0,0,0,74,74,8878215,0,0,0,0,0,0,0,0,0
200311,37,003,3,5,Alexander County              ,15,15,3403690,0,0,0,0,0,0,0,0,0,15,15,3403690,0,0,0,0,0,0,0,0,0
200311,37,005,3,5,Alleghany County              ,5,5,707822,0,0,0,0,0,0,0,0,0,5,5,707822,0,0,0,0,0,0,0,0,0
200311,37,009,3,5,Ashe County                   ,21,21,2325453,0,0,0,0,0,0,0,0,0,21,21,2325453,0,0,0,0,0,0,0,0,0
200311,37,011,3,5,Avery County                  ,14,14,3754000,0,0,0,0,0,0,0,0,0,14,14,3754000,0,0,0,0,0,0,0,0,0
200311,37,015,3,5,Bertie County                 ,6,6,520161,0,0,0,0,0,0,0,0,0,0,0,0,0,0,0,0,0,0,0,0,0
200311,37,017,3,5,Bladen County                 ,5,5,532500,0,0,0,0,0,0,0,0,0,5,5,532500,0,0,0,0,0,0,0,0,0
200311,37,025,3,5,Cabarrus County               ,127,127,16294875,1,2,74000,1,3,175000,1,6,644000,127,127,16294875,1,2,74000,1,3,175000,1,6,644000
200311,37,027,3,5,Caldwell County               ,26,26,2722700,0,0,0,0,0,0,0,0,0,26,26,2722700,0,0,0,0,0,0,0,0,0
200311,37,029,3,5,Camden County                 ,13,13,1590000,0,0,0,0,0,0,0,0,0,13,13,1590000,0,0,0,0,0,0,0,0,0
200311,37,033,3,5,Caswell County                ,10,10,1317638,0,0,0,0,0,0,0,0,0,10,10,1317638,0,0,0,0,0,0,0,0,0
200311,37,037,3,5,Chatham County                ,49,49,12445921,0,0,0,0,0,0,0,0,0,49,49,12445921,0,0,0,0,0,0,0,0,0
200311,37,043,3,5,Clay County                   ,16,16,1891800,0,0,0,0,0,0,0,0,0,16,16,1891800,0,0,0,0,0,0,0,0,0
200311,37,053,3,5,Currituck County              ,37,37,8031113,0,0,0,0,0,0,0,0,0,0,0,0,0,0,0,0,0,0,0,0,0
200311,37,057,3,5,Davidson County               ,48,48,7496963,1,2,90280,0,0,0,1,6,253680,48,48,7496963,1,2,90280,0,0,0,1,6,253680
200311,37,059,3,5,Davie County                  ,0,0,0,0,0,0,0,0,0,0,0,0,0,0,0,0,0,0,0,0,0,0,0,0
200311,37,061,3,5,Duplin County                 ,9,9,1798000,0,0,0,0,0,0,0,0,0,9,9,1798000,0,0,0,0,0,0,0,0,0
200311,37,063,3,5,Durham County                 ,121,121,21075872,0,0,0,0,0,0,0,0,0,121,121,21075872,0,0,0,0,0,0,0,0,0
200311,37,067,3,5,Forsyth County                ,172,172,18953720,0,0,0,0,0,0,5,120,7811250,172,172,18953720,0,0,0,0,0,0,5,120,7811250
200311,37,069,3,5,Franklin County               ,31,31,4183993,0,0,0,0,0,0,0,0,0,31,31,4183993,0,0,0,0,0,0,0,0,0
200311,37,071,3,5,Gaston County                 ,85,85,13102451,0,0,0,0,0,0,1,40,3656235,85,85,13102451,0,0,0,0,0,0,1,40,3656235
200311,37,075,3,5,Graham County                 ,3,3,488135,0,0,0,0,0,0,0,0,0,3,3,488135,0,0,0,0,0,0,0,0,0
200311,37,081,3,5,Guilford County               ,224,224,35525857,7,14,824880,0,0,0,16,128,2773392,224,224,35525857,7,14,824880,0,0,0,16,128,2773392
200311,37,089,3,5,Henderson County              ,58,58,8846600,1,2,184000,1,4,600000,2,12,1800000,58,58,8846600,1,2,184000,1,4,600000,2,12,1800000
200311,37,091,3,5,Hertford County               ,4,4,526502,0,0,0,0,0,0,0,0,0,0,0,0,0,0,0,0,0,0,0,0,0
200311,37,097,3,5,Iredell County                ,114,114,17431455,0,0,0,0,0,0,1,23,1410257,0,0,0,0,0,0,0,0,0,0,0,0
200311,37,099,3,5,Jackson County                ,29,29,8174249,0,0,0,0,0,0,0,0,0,29,29,8174249,0,0,0,0,0,0,0,0,0
200311,37,101,3,5,Johnston County               ,103,103,11980849,2,4,383250,0,0,0,0,0,0,103,103,11980849,2,4,383250,0,0,0,0,0,0
200311,37,105,3,5,Lee County                    ,35,35,3555145,0,0,0,0,0,0,0,0,0,35,35,3555145,0,0,0,0,0,0,0,0,0
200311,37,109,3,5,Lincoln County                ,47,47,5887359,1,2,72533,0,0,0,0,0,0,0,0,0,0,0,0,0,0,0,0,0,0
200311,37,113,3,5,Macon County                  ,16,16,3399790,0,0,0,0,0,0,0,0,0,16,16,3399790,0,0,0,0,0,0,0,0,0
200311,37,115,3,5,Madison County                ,13,13,1915500,0,0,0,0,0,0,0,0,0,13,13,1915500,0,0,0,0,0,0,0,0,0
200311,37,117,3,5,Martin County                 ,4,4,494908,0,0,0,0,0,0,0,0,0,0,0,0,0,0,0,0,0,0,0,0,0
200311,37,119,3,5,Mecklenburg County            ,455,455,59314756,4,8,583812,2,8,556475,5,42,2568863,455,455,59314756,4,8,583812,2,8,556475,5,42,2568863
200311,37,121,3,5,Mitchell County               ,2,2,110000,0,0,0,0,0,0,0,0,0,2,2,110000,0,0,0,0,0,0,0,0,0
200311,37,123,3,5,Montgomery County             ,7,7,1001646,0,0,0,0,0,0,0,0,0,7,7,1001646,0,0,0,0,0,0,0,0,0
200311,37,131,3,5,Northampton County            ,0,0,0,0,0,0,0,0,0,0,0,0,0,0,0,0,0,0,0,0,0,0,0,0
200311,37,135,3,5,Orange County                 ,79,79,13486384,0,0,0,0,0,0,0,0,0,34,34,6466240,0,0,0,0,0,0,0,0,0
200311,37,137,3,5,Pamlico County                ,3,3,549500,0,0,0,0,0,0,0,0,0,3,3,549500,0,0,0,0,0,0,0,0,0
200311,37,139,3,5,Pasquotank County             ,15,15,1722758,0,0,0,0,0,0,0,0,0,9,9,1292191,0,0,0,0,0,0,0,0,0
200311,37,145,3,5,Person County                 ,15,15,2423000,0,0,0,0,0,0,0,0,0,15,15,2423000,0,0,0,0,0,0,0,0,0
200311,37,149,3,5,Polk County                   ,10,10,1013999,0,0,0,0,0,0,0,0,0,10,10,1013999,0,0,0,0,0,0,0,0,0
200311,37,151,3,5,Randolph County               ,40,40,4465125,0,0,0,0,0,0,0,0,0,40,40,4465125,0,0,0,0,0,0,0,0,0
200311,37,159,3,5,Rowan County                  ,35,35,5147000,2,4,232000,0,0,0,0,0,0,35,35,5147000,2,4,232000,0,0,0,0,0,0
200311,37,163,3,5,Sampson County                ,8,8,920500,0,0,0,0,0,0,0,0,0,8,8,920500,0,0,0,0,0,0,0,0,0
200311,37,165,3,5,Scotland County               ,7,7,776000,0,0,0,0,0,0,0,0,0,7,7,776000,0,0,0,0,0,0,0,0,0
200311,37,167,3,5,Stanly County                 ,23,23,2411124,1,2,78463,0,0,0,1,5,267480,0,0,0,0,0,0,0,0,0,0,0,0
200311,37,169,3,5,Stokes County                 ,14,14,1762032,0,0,0,0,0,0,0,0,0,11,11,1385100,0,0,0,0,0,0,0,0,0
200311,37,171,3,5,Surry County                  ,17,17,2171157,0,0,0,0,0,0,0,0,0,0,0,0,0,0,0,0,0,0,0,0,0
200311,37,173,3,5,Swain County                  ,9,9,1356850,0,0,0,0,0,0,0,0,0,9,9,1356850,0,0,0,0,0,0,0,0,0
200311,37,175,3,5,Transylvania County           ,27,27,7484247,0,0,0,0,0,0,0,0,0,27,27,7484247,0,0,0,0,0,0,0,0,0
200311,37,179,3,5,Union County                  ,159,159,25558387,0,0,0,0,0,0,0,0,0,159,159,25558387,0,0,0,0,0,0,0,0,0
200311,37,181,3,5,Vance County                  ,22,22,2376000,0,0,0,0,0,0,0,0,0,22,22,2376000,0,0,0,0,0,0,0,0,0
200311,37,183,3,5,Wake County                   ,602,602,92716893,35,70,1755000,0,0,0,4,54,2784202,602,602,92716893,35,70,1755000,0,0,0,4,54,2784202
200311,37,185,3,5,Warren County                 ,9,9,1219427,0,0,0,0,0,0,0,0,0,0,0,0,0,0,0,0,0,0,0,0,0
200311,37,187,3,5,Washington County             ,2,2,135000,0,0,0,0,0,0,0,0,0,2,2,135000,0,0,0,0,0,0,0,0,0
200311,37,191,3,5,Wayne County                  ,28,28,3375000,0,0,0,2,8,617000,6,48,2356000,28,28,3375000,0,0,0,2,8,617000,6,48,2356000
200311,37,195,3,5,Wilson County                 ,22,22,2550231,0,0,0,0,0,0,0,0,0,22,22,2550231,0,0,0,0,0,0,0,0,0
200311,37,197,3,5,Yadkin County                 ,8,8,1549395,0,0,0,0,0,0,0,0,0,8,8,1549395,0,0,0,0,0,0,0,0,0
200311,39,007,2,3,Ashtabula County              ,34,34,3696905,0,0,0,0,0,0,0,0,0,0,0,0,0,0,0,0,0,0,0,0,0
200311,39,015,2,3,Brown County                  ,14,14,2500000,0,0,0,0,0,0,0,0,0,14,14,2500000,0,0,0,0,0,0,0,0,0
200311,39,025,2,3,Clermont County               ,84,84,13644879,0,0,0,2,8,408000,3,24,1064000,84,84,13644879,0,0,0,2,8,408000,3,24,1064000
200311,39,035,2,3,Cuyahoga County               ,146,146,31062800,0,0,0,3,11,1050878,1,5,1326667,93,93,23627150,0,0,0,1,3,470000,0,0,0
200311,39,041,2,3,Delaware County               ,220,220,42548247,1,2,181000,0,0,0,1,9,131179,59,59,10056829,1,2,181000,0,0,0,0,0,0
200311,39,045,2,3,Fairfield County              ,204,204,39046757,0,0,0,0,0,0,0,0,0,190,190,36854818,0,0,0,0,0,0,0,0,0
200311,39,049,2,3,Franklin County               ,335,335,56055495,1,2,110000,31,121,14404567,2,12,1020000,299,299,49592366,1,2,110000,29,115,13885315,2,12,1020000
200311,39,055,2,3,Geauga County                 ,21,21,4202050,0,0,0,0,0,0,0,0,0,21,21,4202050,0,0,0,0,0,0,0,0,0
200311,39,061,2,3,Hamilton County               ,77,77,13089472,0,0,0,6,21,2479864,3,48,3060384,77,77,13089472,0,0,0,6,21,2479864,3,48,3060384
200311,39,085,2,3,Lake County                   ,55,55,11813743,0,0,0,0,0,0,0,0,0,7,7,1705000,0,0,0,0,0,0,0,0,0
200311,39,093,2,3,Lorain County                 ,131,131,23442124,3,6,919300,1,3,120000,4,32,2184000,104,104,20160007,3,6,919300,0,0,0,4,32,2184000
200311,39,097,2,3,Madison County                ,6,6,610698,0,0,0,0,0,0,0,0,0,2,2,145883,0,0,0,0,0,0,0,0,0
200311,39,103,2,3,Medina County                 ,93,93,19046017,0,0,0,0,0,0,0,0,0,81,81,17095866,0,0,0,0,0,0,0,0,0
200311,39,129,2,3,Pickaway County               ,11,11,1623621,0,0,0,0,0,0,0,0,0,8,8,1170858,0,0,0,0,0,0,0,0,0
200311,39,133,2,3,Portage County                ,41,41,6565826,0,0,0,0,0,0,0,0,0,13,13,2303000,0,0,0,0,0,0,0,0,0
200311,39,135,2,3,Preble County                 ,12,12,1566254,0,0,0,0,0,0,0,0,0,3,3,569100,0,0,0,0,0,0,0,0,0
200311,39,153,2,3,Summit County                 ,136,136,25150692,3,6,420000,1,3,270000,1,5,262500,102,102,20119278,3,6,420000,1,3,270000,0,0,0
200311,39,165,2,3,Warren County                 ,188,188,29567142,1,2,104544,0,0,0,0,0,0,185,185,29169175,1,2,104544,0,0,0,0,0,0
200311,40,001,3,7,Adair County                  ,0,0,0,0,0,0,0,0,0,0,0,0,0,0,0,0,0,0,0,0,0,0,0,0
200311,40,013,3,7,Bryan County                  ,5,5,440000,0,0,0,0,0,0,0,0,0,5,5,440000,0,0,0,0,0,0,0,0,0
200311,40,085,3,7,Love County                   ,1,1,25000,0,0,0,0,0,0,0,0,0,0,0,0,0,0,0,0,0,0,0,0,0
200311,41,000,4,9,Oregon Balance of State       ,21,21,3178766,0,0,0,0,0,0,0,0,0,0,0,0,0,0,0,0,0,0,0,0,0
200311,41,001,4,9,Baker County                  ,0,0,0,0,0,0,0,0,0,0,0,0,0,0,0,0,0,0,0,0,0,0,0,0
200311,41,003,4,9,Benton County                 ,13,13,2422722,1,2,195405,0,0,0,0,0,0,13,13,2422722,1,2,195405,0,0,0,0,0,0
200311,41,005,4,9,Clackamas County              ,100,100,26386990,0,0,0,0,0,0,0,0,0,97,97,25899234,0,0,0,0,0,0,0,0,0
200311,41,007,4,9,Clatsop County                ,11,11,1883482,1,2,230000,0,0,0,0,0,0,4,4,931274,1,2,230000,0,0,0,0,0,0
200311,41,009,4,9,Columbia County               ,15,15,2383981,1,2,191757,0,0,0,0,0,0,4,4,618958,0,0,0,0,0,0,0,0,0
200311,41,011,4,9,Coos County                   ,1,1,131820,0,0,0,0,0,0,0,0,0,0,0,0,0,0,0,0,0,0,0,0,0
200311,41,013,4,9,Crook County                  ,13,13,1661601,0,0,0,0,0,0,0,0,0,0,0,0,0,0,0,0,0,0,0,0,0
200311,41,015,4,9,Curry County                  ,8,8,1676239,0,0,0,0,0,0,0,0,0,8,8,1676239,0,0,0,0,0,0,0,0,0
200311,41,017,4,9,Deschutes County              ,183,183,30701921,4,8,810813,0,0,0,1,15,1512068,85,85,17360137,1,2,270166,0,0,0,0,0,0
200311,41,019,4,9,Douglas County                ,8,8,1412707,0,0,0,0,0,0,0,0,0,8,8,1412707,0,0,0,0,0,0,0,0,0
200311,41,025,4,9,Harney County                 ,1,1,95300,0,0,0,0,0,0,0,0,0,1,1,95300,0,0,0,0,0,0,0,0,0
200311,41,027,4,9,Hood River County             ,7,7,974926,0,0,0,2,6,665205,0,0,0,7,7,974926,0,0,0,2,6,665205,0,0,0
200311,41,029,4,9,Jackson County                ,120,120,18133004,1,2,170260,0,0,0,8,64,3074133,112,112,16878653,1,2,170260,0,0,0,8,64,3074133
200311,41,031,4,9,Jefferson County              ,4,4,247557,0,0,0,0,0,0,0,0,0,4,4,247557,0,0,0,0,0,0,0,0,0
200311,41,033,4,9,Josephine County              ,33,33,5402096,1,2,161437,1,4,243841,1,5,469719,0,0,0,0,0,0,0,0,0,0,0,0
200311,41,035,4,9,Klamath County                ,17,17,3192816,0,0,0,0,0,0,0,0,0,17,17,3192816,0,0,0,0,0,0,0,0,0
200311,41,037,4,9,Lake County                   ,2,2,201451,0,0,0,0,0,0,0,0,0,2,2,201451,0,0,0,0,0,0,0,0,0
200311,41,039,4,9,Lane County                   ,69,69,11257596,3,6,573479,0,0,0,0,0,0,51,51,9020924,2,4,427110,0,0,0,0,0,0
200311,41,041,4,9,Lincoln County                ,28,28,4576821,0,0,0,0,0,0,0,0,0,28,28,4576821,0,0,0,0,0,0,0,0,0
200311,41,043,4,9,Linn County                   ,29,29,4095005,3,6,644168,0,0,0,0,0,0,21,21,2843683,3,6,644168,0,0,0,0,0,0
200311,41,045,4,9,Malheur County                ,5,5,1301737,0,0,0,0,0,0,0,0,0,5,5,1301737,0,0,0,0,0,0,0,0,0
200311,41,047,4,9,Marion County                 ,73,73,10799796,1,2,110000,0,0,0,0,0,0,69,69,10114099,1,2,110000,0,0,0,0,0,0
200311,41,049,4,9,Morrow County                 ,1,1,248395,0,0,0,0,0,0,0,0,0,1,1,248395,0,0,0,0,0,0,0,0,0
200311,41,051,4,9,Multnomah County              ,43,43,7358817,3,6,594025,1,3,263611,1,9,703612,43,43,7358817,3,6,594025,1,3,263611,1,9,703612
200311,41,053,4,9,Polk County                   ,17,17,2805156,0,0,0,0,0,0,0,0,0,13,13,2159515,0,0,0,0,0,0,0,0,0
200311,41,057,4,9,Tillamook County              ,11,11,1694027,0,0,0,1,3,498500,0,0,0,10,10,1588941,0,0,0,1,3,498500,0,0,0
200311,41,059,4,9,Umatilla County               ,10,10,1591620,0,0,0,0,0,0,0,0,0,10,10,1591620,0,0,0,0,0,0,0,0,0
200311,41,061,4,9,Union County                  ,3,3,424368,0,0,0,0,0,0,0,0,0,0,0,0,0,0,0,0,0,0,0,0,0
200311,41,065,4,9,Wasco County                  ,0,0,0,0,0,0,0,0,0,0,0,0,0,0,0,0,0,0,0,0,0,0,0,0
200311,41,067,4,9,Washington County             ,168,168,33452074,0,0,0,0,0,0,2,25,2351905,129,129,23731136,0,0,0,0,0,0,1,5,703047
200311,41,071,4,9,Yamhill County                ,39,39,5596433,0,0,0,0,0,0,1,6,180536,28,28,4323998,0,0,0,0,0,0,0,0,0
200311,42,001,1,2,Adams County                  ,36,36,4280712,0,0,0,0,0,0,0,0,0,36,36,4280712,0,0,0,0,0,0,0,0,0
200311,42,003,1,2,Allegheny County              ,124,124,21526635,0,0,0,2,6,720000,3,25,1880579,101,101,18069376,0,0,0,2,6,720000,0,0,0
200311,42,007,1,2,Beaver County                 ,33,33,5086144,0,0,0,2,7,415000,0,0,0,28,28,4413050,0,0,0,1,4,370000,0,0,0
200311,42,017,1,2,Bucks County                  ,144,144,21033746,1,2,355048,3,9,469017,2,22,742007,111,111,15009646,0,0,0,0,0,0,0,0,0
200311,42,019,1,2,Butler County                 ,61,61,8907658,0,0,0,7,28,1820000,0,0,0,42,42,6347873,0,0,0,7,28,1820000,0,0,0
200311,42,029,1,2,Chester County                ,206,206,33725138,1,2,108000,0,0,0,1,70,5273938,133,133,24847631,0,0,0,0,0,0,1,70,5273938
200311,42,045,1,2,Delaware County               ,75,75,13057217,2,4,370193,0,0,0,1,5,400744,52,52,9973640,0,0,0,0,0,0,0,0,0
200311,42,051,1,2,Fayette County                ,23,23,3174176,0,0,0,0,0,0,0,0,0,7,7,1125000,0,0,0,0,0,0,0,0,0
200311,42,055,1,2,Franklin County               ,36,36,4292000,0,0,0,1,4,310000,0,0,0,36,36,4292000,0,0,0,1,4,310000,0,0,0
200311,42,065,1,2,Jefferson County              ,10,10,800000,0,0,0,0,0,0,0,0,0,10,10,800000,0,0,0,0,0,0,0,0,0
200311,42,091,1,2,Montgomery County             ,145,145,24182274,0,0,0,0,0,0,1,5,227273,93,93,17193417,0,0,0,0,0,0,0,0,0
200311,42,101,1,2,Philadelphia County           ,5,5,765526,0,0,0,1,3,216769,4,569,39481652,5,5,765526,0,0,0,1,3,216769,4,569,39481652
200311,42,103,1,2,Pike County                   ,76,76,13662535,0,0,0,0,0,0,0,0,0,71,71,12899942,0,0,0,0,0,0,0,0,0
200311,42,125,1,2,Washington County             ,55,55,9946746,3,6,887660,0,0,0,3,21,960000,41,41,7119150,3,6,887660,0,0,0,3,21,960000
200311,42,129,1,2,Westmoreland County           ,62,62,10296530,1,2,160000,2,6,523750,0,0,0,29,29,5842380,1,2,160000,0,0,0,0,0,0
200311,44,001,1,1,Bristol County                ,9,9,1355955,0,0,0,1,3,153000,0,0,0,9,9,1355955,0,0,0,1,3,153000,0,0,0
200311,44,003,1,1,Kent County                   ,25,25,3485342,0,0,0,0,0,0,1,6,357223,9,9,1111386,0,0,0,0,0,0,0,0,0
200311,44,005,1,1,Newport County                ,24,24,6584994,0,0,0,0,0,0,0,0,0,24,24,6584994,0,0,0,0,0,0,0,0,0
200311,44,007,1,1,Providence County             ,85,85,11542684,2,4,129818,1,3,225000,2,29,503545,56,56,8632441,1,2,63840,0,0,0,1,6,366040
200311,44,009,1,1,Washington County             ,49,49,8202644,2,4,310200,2,8,224632,0,0,0,20,20,3658528,2,4,310200,0,0,0,0,0,0
200311,45,001,3,5,Abbeville County              ,4,4,368838,0,0,0,0,0,0,0,0,0,0,0,0,0,0,0,0,0,0,0,0,0
200311,45,003,3,5,Aiken County                  ,82,82,10232782,0,0,0,0,0,0,0,0,0,64,64,8203768,0,0,0,0,0,0,0,0,0
200311,45,007,3,5,Anderson County               ,57,57,8341102,2,4,120000,0,0,0,0,0,0,57,57,8341102,2,4,120000,0,0,0,0,0,0
200311,45,015,3,5,Berkeley County               ,68,68,9067276,0,0,0,0,0,0,0,0,0,35,35,4871532,0,0,0,0,0,0,0,0,0
200311,45,023,3,5,Chester County                ,4,4,641260,0,0,0,0,0,0,0,0,0,4,4,641260,0,0,0,0,0,0,0,0,0
200311,45,027,3,5,Clarendon County              ,5,5,491566,0,0,0,0,0,0,0,0,0,5,5,491566,0,0,0,0,0,0,0,0,0
200311,45,037,3,5,Edgefield County              ,9,9,944024,0,0,0,0,0,0,0,0,0,0,0,0,0,0,0,0,0,0,0,0,0
200311,45,045,3,5,Greenville County             ,184,184,16261222,0,0,0,1,4,216629,1,5,836625,180,180,15459992,0,0,0,0,0,0,0,0,0
200311,45,047,3,5,Greenwood County              ,13,13,1493164,0,0,0,0,0,0,0,0,0,13,13,1493164,0,0,0,0,0,0,0,0,0
200311,45,053,3,5,Jasper County                 ,5,5,461091,0,0,0,0,0,0,0,0,0,5,5,461091,0,0,0,0,0,0,0,0,0
200311,45,073,3,5,Oconee County                 ,55,55,10041810,1,2,449000,0,0,0,1,5,449000,55,55,10041810,1,2,449000,0,0,0,1,5,449000
200311,45,077,3,5,Pickens County                ,39,39,7209094,0,0,0,0,0,0,0,0,0,35,35,6518397,0,0,0,0,0,0,0,0,0
200311,45,081,3,5,Saluda County                 ,0,0,0,0,0,0,0,0,0,0,0,0,0,0,0,0,0,0,0,0,0,0,0,0
200311,45,085,3,5,Sumter County                 ,36,36,3673861,3,6,366600,0,0,0,0,0,0,36,36,3673861,3,6,366600,0,0,0,0,0,0
200311,45,087,3,5,Union County                  ,2,2,213500,0,0,0,0,0,0,0,0,0,2,2,213500,0,0,0,0,0,0,0,0,0
200311,45,091,3,5,York County                   ,119,119,16171829,0,0,0,1,4,278237,4,22,1345595,119,119,16171829,0,0,0,1,4,278237,4,22,1345595
200311,46,007,2,4,Bennett County                ,0,0,0,0,0,0,0,0,0,0,0,0,0,0,0,0,0,0,0,0,0,0,0,0
200311,46,027,2,4,Clay County                   ,2,2,250000,0,0,0,0,0,0,0,0,0,2,2,250000,0,0,0,0,0,0,0,0,0
200311,46,079,2,4,Lake County                   ,1,1,48802,0,0,0,0,0,0,0,0,0,1,1,48802,0,0,0,0,0,0,0,0,0
200311,46,093,2,4,Meade County                  ,15,15,2864095,0,0,0,0,0,0,0,0,0,15,15,2864095,0,0,0,0,0,0,0,0,0
200311,46,095,2,4,Mellette County               ,0,0,0,0,0,0,0,0,0,0,0,0,0,0,0,0,0,0,0,0,0,0,0,0
200311,46,121,2,4,Todd County                   ,0,0,0,0,0,0,0,0,0,0,0,0,0,0,0,0,0,0,0,0,0,0,0,0
200311,47,011,3,6,Bradley County                ,28,28,2505810,2,4,173120,1,4,418000,1,12,625909,28,28,2505810,2,4,173120,1,4,418000,1,12,625909
200311,47,021,3,6,Cheatham County               ,10,10,1023842,0,0,0,0,0,0,1,5,221254,7,7,860000,0,0,0,0,0,0,0,0,0
200311,47,025,3,6,Claiborne County              ,11,11,1580000,0,0,0,0,0,0,1,5,400000,11,11,1580000,0,0,0,0,0,0,1,5,400000
200311,47,031,3,6,Coffee County                 ,9,9,969585,0,0,0,0,0,0,0,0,0,1,1,100000,0,0,0,0,0,0,0,0,0
200311,47,037,3,6,Davidson County               ,221,221,36225014,5,10,1528739,0,0,0,1,22,1677132,20,20,5256165,0,0,0,0,0,0,0,0,0
200311,47,043,3,6,Dickson County                ,15,15,1887934,1,2,50000,0,0,0,0,0,0,13,13,1767934,0,0,0,0,0,0,0,0,0
200311,47,047,3,6,Fayette County                ,8,8,2257348,0,0,0,0,0,0,0,0,0,7,7,2154000,0,0,0,0,0,0,0,0,0
200311,47,063,3,6,Hamblen County                ,5,5,550000,0,0,0,0,0,0,0,0,0,5,5,550000,0,0,0,0,0,0,0,0,0
200311,47,081,3,6,Hickman County                ,0,0,0,0,0,0,0,0,0,0,0,0,0,0,0,0,0,0,0,0,0,0,0,0
200311,47,093,3,6,Knox County                   ,197,197,22848647,5,10,760000,0,0,0,0,0,0,197,197,22848647,5,10,760000,0,0,0,0,0,0
200311,47,113,3,6,Madison County                ,37,37,4326605,1,2,64100,0,0,0,1,5,276700,5,5,718532,0,0,0,0,0,0,0,0,0
200311,47,125,3,6,Montgomery County             ,89,89,8345000,1,2,20000,4,14,420000,3,24,585000,89,89,8345000,1,2,20000,4,14,420000,3,24,585000
200311,47,127,3,6,Moore County                  ,4,4,312000,0,0,0,0,0,0,0,0,0,4,4,312000,0,0,0,0,0,0,0,0,0
200311,47,147,3,6,Robertson County              ,25,25,3403737,0,0,0,0,0,0,0,0,0,20,20,2840455,0,0,0,0,0,0,0,0,0
200311,47,149,3,6,Rutherford County             ,197,197,24344362,0,0,0,1,4,193936,0,0,0,197,197,24344362,0,0,0,1,4,193936,0,0,0
200311,47,157,3,6,Shelby County                 ,299,299,43648466,0,0,0,0,0,0,0,0,0,299,299,43648466,0,0,0,0,0,0,0,0,0
200311,47,165,3,6,Sumner County                 ,95,95,14340149,0,0,0,0,0,0,0,0,0,95,95,14340149,0,0,0,0,0,0,0,0,0
200311,47,167,3,6,Tipton County                 ,39,39,4297740,0,0,0,0,0,0,0,0,0,34,34,3951190,0,0,0,0,0,0,0,0,0
200311,47,177,3,6,Warren County                 ,0,0,0,0,0,0,0,0,0,0,0,0,0,0,0,0,0,0,0,0,0,0,0,0
200311,47,187,3,6,Williamson County             ,156,156,31145726,0,0,0,0,0,0,0,0,0,123,123,24249496,0,0,0,0,0,0,0,0,0
200311,47,189,3,6,Wilson County                 ,24,24,3847891,0,0,0,0,0,0,0,0,0,24,24,3847891,0,0,0,0,0,0,0,0,0
200311,48,039,3,7,Brazoria County               ,173,173,30432666,0,0,0,0,0,0,0,0,0,173,173,30432666,0,0,0,0,0,0,0,0,0
200311,48,041,3,7,Brazos County                 ,93,93,11322950,0,0,0,0,0,0,0,0,0,93,93,11322950,0,0,0,0,0,0,0,0,0
200311,48,063,3,7,Camp County                   ,0,0,0,0,0,0,0,0,0,0,0,0,0,0,0,0,0,0,0,0,0,0,0,0
200311,48,071,3,7,Chambers County               ,18,18,2366156,0,0,0,0,0,0,0,0,0,18,18,2366156,0,0,0,0,0,0,0,0,0
200311,48,083,3,7,Coleman County                ,0,0,0,0,0,0,0,0,0,0,0,0,0,0,0,0,0,0,0,0,0,0,0,0
200311,48,085,3,7,Collin County                 ,607,607,94922762,0,0,0,0,0,0,0,0,0,590,590,90905151,0,0,0,0,0,0,0,0,0
200311,48,113,3,7,Dallas County                 ,532,532,89408596,2,4,291906,0,0,0,12,300,14890300,477,477,79332763,2,4,291906,0,0,0,12,300,14890300
200311,48,121,3,7,Denton County                 ,258,258,47619322,0,0,0,1,4,377813,2,30,2117500,161,161,27358172,0,0,0,1,4,377813,1,5,472267
200311,48,135,3,7,Ector County                  ,9,9,1123496,0,0,0,0,0,0,0,0,0,9,9,1123496,0,0,0,0,0,0,0,0,0
200311,48,139,3,7,Ellis County                  ,51,51,6016351,0,0,0,0,0,0,1,5,175706,35,35,4325537,0,0,0,0,0,0,0,0,0
200311,48,151,3,7,Fisher County                 ,0,0,0,0,0,0,0,0,0,0,0,0,0,0,0,0,0,0,0,0,0,0,0,0
200311,48,157,3,7,Fort Bend County              ,61,61,7878027,0,0,0,0,0,0,0,0,0,58,58,7561916,0,0,0,0,0,0,0,0,0
200311,48,167,3,7,Galveston County              ,181,181,26670637,0,0,0,0,0,0,0,0,0,176,176,26169940,0,0,0,0,0,0,0,0,0
200311,48,169,3,7,Garza County                  ,0,0,0,0,0,0,0,0,0,0,0,0,0,0,0,0,0,0,0,0,0,0,0,0
200311,48,201,3,7,Harris County                 ,1682,1682,204901553,0,0,0,3,12,834712,52,1230,66311473,1679,1679,202266076,0,0,0,3,12,834712,52,1230,66311473
200311,48,207,3,7,Haskell County                ,0,0,0,0,0,0,0,0,0,0,0,0,0,0,0,0,0,0,0,0,0,0,0,0
200311,48,211,3,7,Hemphill County               ,0,0,0,0,0,0,0,0,0,0,0,0,0,0,0,0,0,0,0,0,0,0,0,0
200311,48,213,3,7,Henderson County              ,10,10,857901,0,0,0,0,0,0,0,0,0,3,3,201902,0,0,0,0,0,0,0,0,0
200311,48,221,3,7,Hood County                   ,4,4,866000,0,0,0,0,0,0,0,0,0,4,4,866000,0,0,0,0,0,0,0,0,0
200311,48,231,3,7,Hunt County                   ,4,4,443570,0,0,0,0,0,0,0,0,0,1,1,138440,0,0,0,0,0,0,0,0,0
200311,48,251,3,7,Johnson County                ,67,67,7265943,0,0,0,0,0,0,0,0,0,67,67,7265943,0,0,0,0,0,0,0,0,0
200311,48,257,3,7,Kaufman County                ,48,48,4817128,0,0,0,0,0,0,0,0,0,40,40,3838508,0,0,0,0,0,0,0,0,0
200311,48,265,3,7,Kerr County                   ,11,11,2321149,0,0,0,0,0,0,0,0,0,11,11,2321149,0,0,0,0,0,0,0,0,0
200311,48,291,3,7,Liberty County                ,19,19,1572512,0,0,0,0,0,0,0,0,0,17,17,1315557,0,0,0,0,0,0,0,0,0
200311,48,319,3,7,Mason County                  ,0,0,0,0,0,0,0,0,0,0,0,0,0,0,0,0,0,0,0,0,0,0,0,0
200311,48,323,3,7,Maverick County               ,14,14,858802,0,0,0,2,6,122540,0,0,0,14,14,858802,0,0,0,2,6,122540,0,0,0
200311,48,329,3,7,Midland County                ,21,21,2597236,0,0,0,0,0,0,0,0,0,21,21,2597236,0,0,0,0,0,0,0,0,0
200311,48,339,3,7,Montgomery County             ,321,321,46587061,0,0,0,0,0,0,0,0,0,311,311,45455396,0,0,0,0,0,0,0,0,0
200311,48,367,3,7,Parker County                 ,25,25,2769443,0,0,0,0,0,0,0,0,0,8,8,990592,0,0,0,0,0,0,0,0,0
200311,48,375,3,7,Potter County                 ,47,47,6066857,0,0,0,0,0,0,0,0,0,47,47,6066857,0,0,0,0,0,0,0,0,0
200311,48,397,3,7,Rockwall County               ,59,59,10897649,0,0,0,0,0,0,0,0,0,59,59,10897649,0,0,0,0,0,0,0,0,0
200311,48,437,3,7,Swisher County                ,0,0,0,0,0,0,0,0,0,0,0,0,0,0,0,0,0,0,0,0,0,0,0,0
200311,48,439,3,7,Tarrant County                ,787,787,109353058,7,14,735859,0,0,0,11,245,11306433,692,692,90707081,6,12,615859,0,0,0,10,240,11127862
200311,48,451,3,7,Tom Green County              ,20,20,2253120,0,0,0,0,0,0,0,0,0,20,20,2253120,0,0,0,0,0,0,0,0,0
200311,48,465,3,7,Val Verde County              ,8,8,690010,0,0,0,0,0,0,0,0,0,8,8,690010,0,0,0,0,0,0,0,0,0
200311,48,469,3,7,Victoria County               ,8,8,1072046,0,0,0,0,0,0,0,0,0,8,8,1072046,0,0,0,0,0,0,0,0,0
200311,48,473,3,7,Waller County                 ,1,1,50000,0,0,0,0,0,0,1,11,242017,1,1,50000,0,0,0,0,0,0,0,0,0
200311,48,479,3,7,Webb County                   ,104,104,8486633,0,0,0,1,4,155480,1,15,648893,0,0,0,0,0,0,0,0,0,0,0,0
200311,49,011,4,8,Davis County                  ,175,175,30049378,5,10,1833175,1,4,321564,3,26,2001952,150,150,27236204,5,10,1833175,0,0,0,2,21,1586000
200311,49,035,4,8,Salt Lake County              ,318,318,47907976,2,4,344303,1,4,340870,10,97,7353739,240,240,39237441,0,0,0,0,0,0,9,83,6621141
200311,49,039,4,8,Sanpete County                ,0,0,0,0,0,0,0,0,0,0,0,0,0,0,0,0,0,0,0,0,0,0,0,0
200311,49,057,4,8,Weber County                  ,85,85,11278583,0,0,0,2,8,653808,0,0,0,62,62,9175954,0,0,0,2,8,653808,0,0,0
200311,50,013,1,1,Grand Isle County             ,5,5,683754,0,0,0,0,0,0,0,0,0,3,3,459316,0,0,0,0,0,0,0,0,0
200311,51,003,3,5,Albemarle County              ,31,31,9130351,2,4,700000,0,0,0,0,0,0,31,31,9130351,2,4,700000,0,0,0,0,0,0
200311,51,007,3,5,Amelia County                 ,3,3,475200,0,0,0,0,0,0,0,0,0,3,3,475200,0,0,0,0,0,0,0,0,0
200311,51,009,3,5,Amherst County                ,10,10,1102000,0,0,0,0,0,0,0,0,0,10,10,1102000,0,0,0,0,0,0,0,0,0
200311,51,013,3,5,Arlington County              ,0,0,0,0,0,0,0,0,0,0,0,0,0,0,0,0,0,0,0,0,0,0,0,0
200311,51,015,3,5,Augusta County                ,34,34,5396160,0,0,0,1,3,278400,0,0,0,34,34,5396160,0,0,0,1,3,278400,0,0,0
200311,51,019,3,5,Bedford County                ,64,64,11289900,0,0,0,0,0,0,0,0,0,64,64,11289900,0,0,0,0,0,0,0,0,0
200311,51,023,3,5,Botetourt County              ,16,16,2287221,0,0,0,0,0,0,0,0,0,16,16,2287221,0,0,0,0,0,0,0,0,0
200311,51,029,3,5,Buckingham County             ,3,3,534000,0,0,0,0,0,0,0,0,0,3,3,534000,0,0,0,0,0,0,0,0,0
200311,51,031,3,5,Campbell County               ,16,16,3053900,0,0,0,0,0,0,0,0,0,16,16,3053900,0,0,0,0,0,0,0,0,0
200311,51,035,3,5,Carroll County                ,10,10,1019000,0,0,0,0,0,0,0,0,0,10,10,1019000,0,0,0,0,0,0,0,0,0
200311,51,036,3,5,Charles City County           ,5,5,742340,0,0,0,0,0,0,0,0,0,5,5,742340,0,0,0,0,0,0,0,0,0
200311,51,037,3,5,Charlotte County              ,2,2,133000,0,0,0,0,0,0,0,0,0,2,2,133000,0,0,0,0,0,0,0,0,0
200311,51,041,3,5,Chesterfield County           ,164,164,21379385,2,4,291906,4,16,1112950,2,12,733961,164,164,21379385,2,4,291906,4,16,1112950,2,12,733961
200311,51,043,3,5,Clarke County                 ,15,15,2379540,0,0,0,0,0,0,0,0,0,15,15,2379540,0,0,0,0,0,0,0,0,0
200311,51,047,3,5,Culpeper County               ,38,38,5262490,0,0,0,0,0,0,0,0,0,0,0,0,0,0,0,0,0,0,0,0,0
200311,51,049,3,5,Cumberland County             ,3,3,405000,0,0,0,0,0,0,0,0,0,3,3,405000,0,0,0,0,0,0,0,0,0
200311,51,053,3,5,Dinwiddie County              ,12,12,1232755,1,2,200000,0,0,0,0,0,0,0,0,0,0,0,0,0,0,0,0,0,0
200311,51,057,3,5,Essex County                  ,5,5,504000,0,0,0,0,0,0,0,0,0,5,5,504000,0,0,0,0,0,0,0,0,0
200311,51,059,3,5,Fairfax County                ,168,168,22229747,0,0,0,0,0,0,3,56,3425151,168,168,22229747,0,0,0,0,0,0,3,56,3425151
200311,51,061,3,5,Fauquier County               ,50,50,9359929,0,0,0,0,0,0,0,0,0,36,36,6973264,0,0,0,0,0,0,0,0,0
200311,51,063,3,5,Floyd County                  ,3,3,365000,0,0,0,0,0,0,0,0,0,3,3,365000,0,0,0,0,0,0,0,0,0
200311,51,065,3,5,Fluvanna County               ,20,20,3393285,0,0,0,0,0,0,0,0,0,20,20,3393285,0,0,0,0,0,0,0,0,0
200311,51,067,3,5,Franklin County               ,33,33,6092920,0,0,0,0,0,0,0,0,0,33,33,6092920,0,0,0,0,0,0,0,0,0
200311,51,069,3,5,Frederick County              ,40,40,6168041,0,0,0,0,0,0,0,0,0,40,40,6168041,0,0,0,0,0,0,0,0,0
200311,51,073,3,5,Gloucester County             ,17,17,2176000,0,0,0,0,0,0,0,0,0,17,17,2176000,0,0,0,0,0,0,0,0,0
200311,51,075,3,5,Goochland County              ,34,34,11239176,0,0,0,0,0,0,0,0,0,34,34,11239176,0,0,0,0,0,0,0,0,0
200311,51,077,3,5,Grayson County                ,11,11,734788,0,0,0,0,0,0,0,0,0,0,0,0,0,0,0,0,0,0,0,0,0
200311,51,079,3,5,Greene County                 ,13,13,3013500,0,0,0,0,0,0,0,0,0,13,13,3013500,0,0,0,0,0,0,0,0,0
200311,51,083,3,5,Halifax County                ,5,5,519000,0,0,0,0,0,0,0,0,0,0,0,0,0,0,0,0,0,0,0,0,0
200311,51,085,3,5,Hanover County                ,43,43,6509945,0,0,0,0,0,0,0,0,0,43,43,6509945,0,0,0,0,0,0,0,0,0
200311,51,087,3,5,Henrico County                ,100,100,13036210,0,0,0,16,48,3338848,0,0,0,100,100,13036210,0,0,0,16,48,3338848,0,0,0
200311,51,089,3,5,Henry County                  ,6,6,698000,0,0,0,0,0,0,0,0,0,6,6,698000,0,0,0,0,0,0,0,0,0
200311,51,093,3,5,Isle of Wight County          ,21,21,2739280,0,0,0,0,0,0,0,0,0,0,0,0,0,0,0,0,0,0,0,0,0
200311,51,095,3,5,James City County             ,85,85,11080779,0,0,0,0,0,0,0,0,0,85,85,11080779,0,0,0,0,0,0,0,0,0
200311,51,099,3,5,King George County            ,43,43,5605570,0,0,0,0,0,0,0,0,0,43,43,5605570,0,0,0,0,0,0,0,0,0
200311,51,101,3,5,King William County           ,11,11,1197554,0,0,0,1,4,330000,0,0,0,11,11,1197554,0,0,0,1,4,330000,0,0,0
200311,51,103,3,5,Lancaster County              ,4,4,475000,0,0,0,0,0,0,0,0,0,4,4,475000,0,0,0,0,0,0,0,0,0
200311,51,105,3,5,Lee County                    ,4,4,629000,0,0,0,0,0,0,0,0,0,4,4,629000,0,0,0,0,0,0,0,0,0
200311,51,107,3,5,Loudoun County                ,259,259,31739004,0,0,0,0,0,0,1,44,614000,259,259,31739004,0,0,0,0,0,0,1,44,614000
200311,51,109,3,5,Louisa County                 ,31,31,4506120,0,0,0,0,0,0,0,0,0,31,31,4506120,0,0,0,0,0,0,0,0,0
200311,51,111,3,5,Lunenburg County              ,2,2,297000,0,0,0,0,0,0,0,0,0,2,2,297000,0,0,0,0,0,0,0,0,0
200311,51,113,3,5,Madison County                ,6,6,1024000,0,0,0,0,0,0,0,0,0,6,6,1024000,0,0,0,0,0,0,0,0,0
200311,51,115,3,5,Mathews County                ,8,8,1196350,0,0,0,0,0,0,0,0,0,8,8,1196350,0,0,0,0,0,0,0,0,0
200311,51,119,3,5,Middlesex County              ,8,8,1120840,0,0,0,0,0,0,0,0,0,0,0,0,0,0,0,0,0,0,0,0,0
200311,51,121,3,5,Montgomery County             ,37,37,4270149,1,2,50000,0,0,0,1,5,208333,8,8,800000,0,0,0,0,0,0,0,0,0
200311,51,125,3,5,Nelson County                 ,9,9,1777593,0,0,0,0,0,0,0,0,0,9,9,1777593,0,0,0,0,0,0,0,0,0
200311,51,127,3,5,New Kent County               ,14,14,1478600,0,0,0,0,0,0,0,0,0,14,14,1478600,0,0,0,0,0,0,0,0,0
200311,51,131,3,5,Northampton County            ,18,18,2519860,0,0,0,0,0,0,0,0,0,18,18,2519860,0,0,0,0,0,0,0,0,0
200311,51,133,3,5,Northumberland County         ,12,12,1919808,0,0,0,0,0,0,0,0,0,0,0,0,0,0,0,0,0,0,0,0,0
200311,51,137,3,5,Orange County                 ,30,30,4827085,0,0,0,0,0,0,0,0,0,30,30,4827085,0,0,0,0,0,0,0,0,0
200311,51,139,3,5,Page County                   ,9,9,1005000,0,0,0,0,0,0,0,0,0,9,9,1005000,0,0,0,0,0,0,0,0,0
200311,51,141,3,5,Patrick County                ,6,6,550397,0,0,0,0,0,0,0,0,0,0,0,0,0,0,0,0,0,0,0,0,0
200311,51,143,3,5,Pittsylvania County           ,14,14,1763276,0,0,0,0,0,0,0,0,0,0,0,0,0,0,0,0,0,0,0,0,0
200311,51,145,3,5,Powhatan County               ,14,14,2470906,0,0,0,0,0,0,0,0,0,14,14,2470906,0,0,0,0,0,0,0,0,0
200311,51,147,3,5,Prince Edward County          ,4,4,451859,0,0,0,0,0,0,0,0,0,0,0,0,0,0,0,0,0,0,0,0,0
200311,51,149,3,5,Prince George County          ,18,18,2013237,0,0,0,0,0,0,0,0,0,0,0,0,0,0,0,0,0,0,0,0,0
200311,51,153,3,5,Prince William County         ,305,305,38283652,1,2,150000,0,0,0,0,0,0,304,304,37933652,1,2,150000,0,0,0,0,0,0
200311,51,157,3,5,Rappahannock County           ,1,1,94252,0,0,0,0,0,0,0,0,0,1,1,94252,0,0,0,0,0,0,0,0,0
200311,51,161,3,5,Roanoke County                ,37,37,2351425,0,0,0,0,0,0,0,0,0,37,37,2351425,0,0,0,0,0,0,0,0,0
200311,51,163,3,5,Rockbridge County             ,18,18,1491454,0,0,0,0,0,0,0,0,0,0,0,0,0,0,0,0,0,0,0,0,0
200311,51,165,3,5,Rockingham County             ,34,34,4370642,0,0,0,0,0,0,0,0,0,0,0,0,0,0,0,0,0,0,0,0,0
200311,51,167,3,5,Russell County                ,1,1,60000,0,0,0,0,0,0,0,0,0,1,1,60000,0,0,0,0,0,0,0,0,0
200311,51,169,3,5,Scott County                  ,6,6,411350,0,0,0,0,0,0,0,0,0,6,6,411350,0,0,0,0,0,0,0,0,0
200311,51,171,3,5,Shenandoah County             ,14,14,2541181,0,0,0,0,0,0,6,48,5529390,14,14,2541181,0,0,0,0,0,0,6,48,5529390
200311,51,173,3,5,Smyth County                  ,3,3,389527,0,0,0,0,0,0,0,0,0,3,3,389527,0,0,0,0,0,0,0,0,0
200311,51,175,3,5,Southampton County            ,5,5,471728,0,0,0,0,0,0,0,0,0,0,0,0,0,0,0,0,0,0,0,0,0
200311,51,177,3,5,Spotsylvania County           ,120,120,20248496,0,0,0,0,0,0,0,0,0,0,0,0,0,0,0,0,0,0,0,0,0
200311,51,179,3,5,Stafford County               ,59,59,7691364,0,0,0,0,0,0,0,0,0,59,59,7691364,0,0,0,0,0,0,0,0,0
200311,51,181,3,5,Surry County                  ,10,10,1068441,0,0,0,0,0,0,0,0,0,10,10,1068441,0,0,0,0,0,0,0,0,0
200311,51,185,3,5,Tazewell County               ,4,4,603529,0,0,0,0,0,0,0,0,0,4,4,603529,0,0,0,0,0,0,0,0,0
200311,51,187,3,5,Warren County                 ,27,27,4022740,0,0,0,0,0,0,0,0,0,27,27,4022740,0,0,0,0,0,0,0,0,0
200311,51,191,3,5,Washington County             ,17,17,1145459,0,0,0,0,0,0,2,10,292539,0,0,0,0,0,0,0,0,0,0,0,0
200311,51,193,3,5,Westmoreland County           ,6,6,725408,0,0,0,0,0,0,0,0,0,3,3,360000,0,0,0,0,0,0,0,0,0
200311,51,197,3,5,Wythe County                  ,10,10,972483,0,0,0,0,0,0,0,0,0,7,7,730000,0,0,0,0,0,0,0,0,0
200311,51,199,3,5,York County                   ,33,33,4871488,0,0,0,0,0,0,2,15,654808,0,0,0,0,0,0,0,0,0,0,0,0
200311,51,510,3,5,Alexandria (Independent City) ,0,0,0,0,0,0,0,0,0,0,0,0,0,0,0,0,0,0,0,0,0,0,0,0
200311,51,540,3,5,Charlottesville (Independent C,9,9,1300000,0,0,0,0,0,0,0,0,0,9,9,1300000,0,0,0,0,0,0,0,0,0
200311,51,550,3,5,Chesapeake(Independent City)  ,85,85,13032950,0,0,0,0,0,0,4,117,7000000,85,85,13032950,0,0,0,0,0,0,4,117,7000000
200311,51,570,3,5,Colonial Heights (Independent ,5,5,733150,0,0,0,0,0,0,0,0,0,5,5,733150,0,0,0,0,0,0,0,0,0
200311,51,590,3,5,Danville (Independent City)   ,0,0,0,1,2,156985,0,0,0,0,0,0,0,0,0,1,2,156985,0,0,0,0,0,0
200311,51,600,3,5,Fairfax (Independent City)    ,3,3,660000,0,0,0,0,0,0,0,0,0,3,3,660000,0,0,0,0,0,0,0,0,0
200311,51,610,3,5,Falls Church (Independent City,0,0,0,0,0,0,0,0,0,0,0,0,0,0,0,0,0,0,0,0,0,0,0,0
200311,51,620,3,5,Franklin (Independent City)   ,1,1,82256,0,0,0,0,0,0,0,0,0,0,0,0,0,0,0,0,0,0,0,0,0
200311,51,630,3,5,Fredericksburg(Independent Cit,8,8,970068,0,0,0,0,0,0,0,0,0,0,0,0,0,0,0,0,0,0,0,0,0
200311,51,650,3,5,Hampton (Independent City)    ,20,20,1705538,0,0,0,0,0,0,0,0,0,0,0,0,0,0,0,0,0,0,0,0,0
200311,51,660,3,5,Harrisonburg (Independent City,4,4,350900,0,0,0,0,0,0,2,24,860000,4,4,350900,0,0,0,0,0,0,2,24,860000
200311,51,670,3,5,Hopewell (Independent City)   ,6,6,348000,0,0,0,0,0,0,0,0,0,6,6,348000,0,0,0,0,0,0,0,0,0
200311,51,680,3,5,Lynchburg (Independent City)  ,15,15,2019000,0,0,0,0,0,0,0,0,0,15,15,2019000,0,0,0,0,0,0,0,0,0
200311,51,683,3,5,Manassas (Independent City)   ,10,10,1047100,0,0,0,0,0,0,0,0,0,0,0,0,0,0,0,0,0,0,0,0,0
200311,51,685,3,5,Manassas Park (Independent Cit,5,5,630769,0,0,0,0,0,0,1,7,307432,0,0,0,0,0,0,0,0,0,0,0,0
200311,51,700,3,5,Newport News (Independent City,8,8,611837,0,0,0,0,0,0,0,0,0,8,8,611837,0,0,0,0,0,0,0,0,0
200311,51,710,3,5,Norfolk (Independent City)    ,23,23,2998328,3,6,437859,0,0,0,0,0,0,23,23,2998328,3,6,437859,0,0,0,0,0,0
200311,51,730,3,5,Petersburg (Independent City) ,0,0,0,0,0,0,0,0,0,0,0,0,0,0,0,0,0,0,0,0,0,0,0,0
200311,51,735,3,5,Poquoson (Independent City)   ,4,4,791881,0,0,0,0,0,0,0,0,0,0,0,0,0,0,0,0,0,0,0,0,0
200311,51,740,3,5,Portsmouth (Independent City) ,6,6,782173,0,0,0,0,0,0,0,0,0,6,6,782173,0,0,0,0,0,0,0,0,0
200311,51,750,3,5,Radford (Independent City)    ,4,4,295782,0,0,0,0,0,0,0,0,0,0,0,0,0,0,0,0,0,0,0,0,0
200311,51,760,3,5,Richmond (Independent City)   ,37,37,3809522,0,0,0,0,0,0,1,88,5301451,37,37,3809522,0,0,0,0,0,0,1,88,5301451
200311,51,770,3,5,Roanoke (Independent City)    ,19,19,1038494,0,0,0,0,0,0,0,0,0,19,19,1038494,0,0,0,0,0,0,0,0,0
200311,51,775,3,5,Salem (Independent City)      ,3,3,324934,0,0,0,0,0,0,0,0,0,3,3,324934,0,0,0,0,0,0,0,0,0
200311,51,790,3,5,Staunton (Independent City)   ,1,1,65000,0,0,0,0,0,0,0,0,0,1,1,65000,0,0,0,0,0,0,0,0,0
200311,51,800,3,5,Suffolk (Independent City)    ,72,72,7682660,1,2,91230,0,0,0,1,13,602439,0,0,0,0,0,0,0,0,0,0,0,0
200311,51,810,3,5,Virginia Beach (Independent Ci,185,185,24116989,0,0,0,0,0,0,0,0,0,185,185,24116989,0,0,0,0,0,0,0,0,0
200311,51,820,3,5,Waynesboro (Independent City) ,9,9,532710,0,0,0,0,0,0,0,0,0,9,9,532710,0,0,0,0,0,0,0,0,0
200311,51,830,3,5,Williamsburg (Independent City,4,4,599000,3,6,560000,0,0,0,0,0,0,4,4,599000,3,6,560000,0,0,0,0,0,0
200311,51,840,3,5,Winchester (Independent City) ,6,6,685189,0,0,0,0,0,0,0,0,0,6,6,685189,0,0,0,0,0,0,0,0,0
200311,53,011,4,9,Clark County                  ,166,166,25064037,1,2,216984,0,0,0,0,0,0,166,166,25064037,1,2,216984,0,0,0,0,0,0
200311,53,029,4,9,Island County                 ,41,41,6493931,0,0,0,0,0,0,0,0,0,41,41,6493931,0,0,0,0,0,0,0,0,0
200311,53,031,4,9,Jefferson County              ,28,28,4597564,0,0,0,0,0,0,0,0,0,28,28,4597564,0,0,0,0,0,0,0,0,0
200311,53,033,4,9,King County                   ,397,397,85120277,6,12,1188050,6,24,3010501,11,75,6977840,370,370,78058081,6,12,1188050,6,24,3010501,8,60,5171637
200311,53,035,4,9,Kitsap County                 ,85,85,14500977,0,0,0,1,3,307000,0,0,0,82,82,14185208,0,0,0,1,3,307000,0,0,0
200311,53,053,4,9,Pierce County                 ,232,232,34215172,1,2,163589,0,0,0,1,5,292777,216,216,32157825,1,2,163589,0,0,0,0,0,0
200311,53,061,4,9,Snohomish County              ,309,309,50760621,14,28,2487820,6,22,1489709,8,50,3385068,211,211,37731536,10,20,1979704,5,19,990092,4,30,1590217
200311,53,067,4,9,Thurston County               ,110,110,18878909,1,2,275620,0,0,0,0,0,0,109,109,18672712,0,0,0,0,0,0,0,0,0
200311,54,003,3,5,Berkeley County               ,104,104,13294955,2,4,128750,1,4,237310,0,0,0,9,9,844576,1,2,70000,0,0,0,0,0,0
200311,54,011,3,5,Cabell County                 ,2,2,189393,1,2,96000,0,0,0,0,0,0,0,0,0,1,2,96000,0,0,0,0,0,0
200311,54,031,3,5,Hardy County                  ,9,9,628545,0,0,0,0,0,0,0,0,0,0,0,0,0,0,0,0,0,0,0,0,0
200311,54,037,3,5,Jefferson County              ,49,49,8659336,0,0,0,0,0,0,0,0,0,0,0,0,0,0,0,0,0,0,0,0,0
200311,54,091,3,5,Taylor County                 ,1,1,60000,0,0,0,0,0,0,0,0,0,1,1,60000,0,0,0,0,0,0,0,0,0
200311,55,059,2,3,Kenosha County                ,63,63,12012592,1,2,203508,0,0,0,0,0,0,60,60,11561984,1,2,203508,0,0,0,0,0,0
200311,55,078,2,3,Menominee County              ,3,3,545000,0,0,0,0,0,0,0,0,0,3,3,545000,0,0,0,0,0,0,0,0,0
200311,55,079,2,3,Milwaukee County              ,60,60,10482602,3,6,610000,2,8,950000,1,114,10900000,58,58,9526646,3,6,610000,2,8,950000,1,114,10900000
200311,55,089,2,3,Ozaukee County                ,31,31,8344182,3,6,750000,0,0,0,0,0,0,16,16,3791607,1,2,230000,0,0,0,0,0,0
200311,55,093,2,3,Pierce County                 ,34,34,5540424,0,0,0,0,0,0,0,0,0,17,17,2573600,0,0,0,0,0,0,0,0,0
200311,55,101,2,3,Racine County                 ,73,73,15301569,2,4,405656,0,0,0,0,0,0,71,71,15067920,1,2,250000,0,0,0,0,0,0
200311,55,109,2,3,St. Croix County              ,94,94,15472781,1,2,200000,1,3,300000,1,35,1600000,86,86,14583946,1,2,200000,1,3,300000,1,35,1600000
200311,55,131,2,3,Washington County             ,62,62,12630075,2,4,438765,0,0,0,2,10,502652,42,42,9265032,0,0,0,0,0,0,0,0,0
200311,55,133,2,3,Waukesha County               ,123,123,30451182,1,2,250000,0,0,0,0,0,0,116,116,28964818,1,2,250000,0,0,0,0,0,0
200311,56,025,4,8,Natrona County                ,8,8,1133986,0,0,0,0,0,0,0,0,0,6,6,719000,0,0,0,0,0,0,0,0,0
200311,56,039,4,8,Teton County                  ,4,4,4331398,0,0,0,1,3,832950,1,5,222893,2,2,3950000,0,0,0,0,0,0,0,0,0
