Survey,FIPS,FIPS,Region,Division,County,,1-unit,,,2-units,,,3-4 units,,,5+ units,,,1-unit rep,,,2-units rep,,,3-4 units rep,,, 5+units rep
Date,State,County,Code,Code,Name,Bldgs,Units,Value,Bldgs,Units,Value,Bldgs,Units,Value,Bldgs,Units,Value,Bldgs,Units,Value,Bldgs,Units,Value,Bldgs,Units,Value,Bldgs,Units,Value
 
200501,01,001,3,6,Autauga County                ,12,12,679625,0,0,0,0,0,0,0,0,0,12,12,679625,0,0,0,0,0,0,0,0,0
200501,01,007,3,6,Bibb County                   ,0,0,0,0,0,0,0,0,0,0,0,0,0,0,0,0,0,0,0,0,0,0,0,0
200501,01,009,3,6,Blount County                 ,6,6,872505,0,0,0,0,0,0,0,0,0,6,6,872505,0,0,0,0,0,0,0,0,0
200501,01,021,3,6,Chilton County                ,2,2,325000,0,0,0,0,0,0,0,0,0,2,2,325000,0,0,0,0,0,0,0,0,0
200501,01,037,3,6,Coosa County                  ,0,0,0,0,0,0,0,0,0,3,44,2200000,0,0,0,0,0,0,0,0,0,3,44,2200000
200501,01,073,3,6,Jefferson County              ,269,269,46381283,0,0,0,0,0,0,0,0,0,239,239,43253314,0,0,0,0,0,0,0,0,0
200501,01,081,3,6,Lee County                    ,109,109,15041923,1,2,120537,0,0,0,0,0,0,109,109,15041923,1,2,120537,0,0,0,0,0,0
200501,01,115,3,6,St. Clair County              ,21,21,2812951,0,0,0,0,0,0,20,160,7950000,18,18,2362951,0,0,0,0,0,0,20,160,7950000
200501,01,117,3,6,Shelby County                 ,206,206,32480158,0,0,0,0,0,0,0,0,0,107,107,17968403,0,0,0,0,0,0,0,0,0
200501,01,127,3,6,Walker County                 ,7,7,874142,0,0,0,0,0,0,0,0,0,6,6,764000,0,0,0,0,0,0,0,0,0
200501,02,000,4,9,Alaska Balance of State       ,12,12,2313250,0,0,0,0,0,0,0,0,0,0,0,0,0,0,0,0,0,0,0,0,0
200501,02,013,4,9,Aleutians East Borough        ,0,0,0,0,0,0,0,0,0,0,0,0,0,0,0,0,0,0,0,0,0,0,0,0
200501,02,016,4,9,Aleutians West Census Area    ,1,1,101630,0,0,0,0,0,0,0,0,0,0,0,0,0,0,0,0,0,0,0,0,0
200501,02,020,4,9,Anchorage Borough             ,21,21,5676924,5,10,1637717,2,8,1269622,0,0,0,21,21,5676924,5,10,1637717,2,8,1269622,0,0,0
200501,02,050,4,9,Bethel Census Area            ,0,0,0,0,0,0,0,0,0,0,0,0,0,0,0,0,0,0,0,0,0,0,0,0
200501,02,060,4,9,Bristol Bay Borough           ,0,0,0,0,0,0,0,0,0,0,0,0,0,0,0,0,0,0,0,0,0,0,0,0
200501,02,090,4,9,Fairbanks North Star Borough  ,6,6,746824,0,0,0,0,0,0,0,0,0,5,5,655000,0,0,0,0,0,0,0,0,0
200501,02,100,4,9,Haines Borough                ,0,0,0,0,0,0,0,0,0,0,0,0,0,0,0,0,0,0,0,0,0,0,0,0
200501,02,110,4,9,Juneau Borough                ,1,1,272230,0,0,0,0,0,0,0,0,0,1,1,272230,0,0,0,0,0,0,0,0,0
200501,02,122,4,9,Kenai Peninsula Borough       ,4,4,723878,0,0,0,0,0,0,0,0,0,0,0,0,0,0,0,0,0,0,0,0,0
200501,02,130,4,9,Ketchikan Gateway Borough     ,1,1,163714,0,0,0,1,3,212488,0,0,0,1,1,163714,0,0,0,1,3,212488,0,0,0
200501,02,150,4,9,Kodiak Island Borough         ,2,2,551784,0,0,0,0,0,0,0,0,0,2,2,551784,0,0,0,0,0,0,0,0,0
200501,02,170,4,9,Matanuska-Susitna Borough     ,12,12,1541581,0,0,0,0,0,0,0,0,0,2,2,327427,0,0,0,0,0,0,0,0,0
200501,02,180,4,9,Nome Census Area              ,0,0,0,0,0,0,0,0,0,0,0,0,0,0,0,0,0,0,0,0,0,0,0,0
200501,02,185,4,9,North Slope Borough           ,0,0,0,0,0,0,0,0,0,0,0,0,0,0,0,0,0,0,0,0,0,0,0,0
200501,02,188,4,9,Northwest Arctic Borough      ,0,0,0,0,0,0,0,0,0,0,0,0,0,0,0,0,0,0,0,0,0,0,0,0
200501,02,201,4,9,Prince of Wales-Outer Ketchika,0,0,0,0,0,0,0,0,0,0,0,0,0,0,0,0,0,0,0,0,0,0,0,0
200501,02,220,4,9,Sitka Borough                 ,2,2,196509,1,2,145627,0,0,0,0,0,0,0,0,0,0,0,0,0,0,0,0,0,0
200501,02,232,4,9,Skagway-Hoonah-Angoon Census A,0,0,0,0,0,0,0,0,0,0,0,0,0,0,0,0,0,0,0,0,0,0,0,0
200501,02,261,4,9,Valdez-Cordova Census Area    ,3,3,743789,0,0,0,0,0,0,0,0,0,2,2,550000,0,0,0,0,0,0,0,0,0
200501,02,280,4,9,Wrangell-Petersburg Census Are,2,2,218980,0,0,0,0,0,0,0,0,0,2,2,218980,0,0,0,0,0,0,0,0,0
200501,02,282,4,9,Yakutat Borough               ,0,0,0,0,0,0,0,0,0,0,0,0,0,0,0,0,0,0,0,0,0,0,0,0
200501,02,290,4,9,Yukon-Koyukuk Census Area     ,0,0,0,0,0,0,0,0,0,0,0,0,0,0,0,0,0,0,0,0,0,0,0,0
200501,04,013,4,8,Maricopa County               ,3245,3245,566356314,6,12,1597591,18,63,5970340,30,485,40264385,3153,3153,556392047,6,12,1597591,18,63,5970340,29,480,39965142
200501,04,019,4,8,Pima County                   ,705,705,124884091,0,0,0,2,8,778010,0,0,0,704,704,124819680,0,0,0,2,8,778010,0,0,0
200501,04,021,4,8,Pinal County                  ,481,481,54710602,2,4,255739,1,3,104431,1,20,1342839,19,19,1328624,0,0,0,0,0,0,0,0,0
200501,05,023,3,7,Cleburne County               ,5,5,359500,0,0,0,0,0,0,0,0,0,5,5,359500,0,0,0,0,0,0,0,0,0
200501,05,025,3,7,Cleveland County              ,0,0,0,0,0,0,0,0,0,0,0,0,0,0,0,0,0,0,0,0,0,0,0,0
200501,05,027,3,7,Columbia County               ,0,0,0,0,0,0,0,0,0,0,0,0,0,0,0,0,0,0,0,0,0,0,0,0
200501,05,035,3,7,Crittenden County             ,15,15,2518972,0,0,0,0,0,0,0,0,0,15,15,2518972,0,0,0,0,0,0,0,0,0
200501,05,059,3,7,Hot Spring County             ,0,0,0,0,0,0,0,0,0,0,0,0,0,0,0,0,0,0,0,0,0,0,0,0
200501,05,061,3,7,Howard County                 ,1,1,92666,0,0,0,0,0,0,0,0,0,0,0,0,0,0,0,0,0,0,0,0,0
200501,05,099,3,7,Nevada County                 ,21,21,3287486,0,0,0,0,0,0,0,0,0,0,0,0,0,0,0,0,0,0,0,0,0
200501,06,001,4,9,Alameda County                ,46,46,16873969,0,0,0,1,3,564740,1,22,1686294,43,43,16350049,0,0,0,1,3,564740,0,0,0
200501,06,003,4,9,Alpine County                 ,0,0,0,0,0,0,0,0,0,0,0,0,0,0,0,0,0,0,0,0,0,0,0,0
200501,06,009,4,9,Calaveras County              ,55,55,13533568,0,0,0,0,0,0,0,0,0,55,55,13533568,0,0,0,0,0,0,0,0,0
200501,06,013,4,9,Contra Costa County           ,307,307,88680508,1,2,259715,0,0,0,2,22,1897021,235,235,69551301,1,2,259715,0,0,0,0,0,0
200501,06,017,4,9,El Dorado County              ,71,71,18447440,0,0,0,0,0,0,0,0,0,71,71,18447440,0,0,0,0,0,0,0,0,0
200501,06,033,4,9,Lake County                   ,38,38,6486832,0,0,0,0,0,0,0,0,0,38,38,6486832,0,0,0,0,0,0,0,0,0
200501,06,037,4,9,Los Angeles County            ,785,785,190307702,23,46,4902886,7,22,3032408,44,1057,130108118,670,670,160784067,22,44,4754172,3,10,1851176,39,1004,125910398
200501,06,041,4,9,Marin County                  ,9,9,3556768,0,0,0,0,0,0,4,56,6238600,6,6,2556919,0,0,0,0,0,0,4,56,6238600
200501,06,045,4,9,Mendocino County              ,17,17,1429715,0,0,0,0,0,0,0,0,0,15,15,1228324,0,0,0,0,0,0,0,0,0
200501,06,049,4,9,Modoc County                  ,1,1,229988,0,0,0,0,0,0,0,0,0,1,1,229988,0,0,0,0,0,0,0,0,0
200501,06,051,4,9,Mono County                   ,4,4,961783,0,0,0,0,0,0,0,0,0,1,1,545372,0,0,0,0,0,0,0,0,0
200501,06,059,4,9,Orange County                 ,166,166,38559495,8,16,1914342,5,19,1941447,3,18,1395958,152,152,32661748,8,16,1914342,5,19,1941447,3,18,1395958
200501,06,061,4,9,Placer County                 ,389,389,88844444,0,0,0,0,0,0,1,20,1963634,381,381,87018594,0,0,0,0,0,0,1,20,1963634
200501,06,063,4,9,Plumas County                 ,8,8,1169413,0,0,0,0,0,0,0,0,0,8,8,1169413,0,0,0,0,0,0,0,0,0
200501,06,065,4,9,Riverside County              ,1481,1481,269753157,0,0,0,4,12,1102353,22,250,14126737,1441,1441,264100084,0,0,0,4,12,1102353,21,245,13786650
200501,06,067,4,9,Sacramento County             ,683,683,134945458,3,6,608121,0,0,0,12,87,6747132,683,683,134945458,3,6,608121,0,0,0,12,87,6747132
200501,06,069,4,9,San Benito County             ,6,6,1105270,0,0,0,0,0,0,0,0,0,6,6,1105270,0,0,0,0,0,0,0,0,0
200501,06,071,4,9,San Bernardino County         ,921,921,167088731,0,0,0,0,0,0,6,358,24349212,921,921,167088731,0,0,0,0,0,0,6,358,24349212
200501,06,073,4,9,San Diego County              ,604,604,141335385,8,16,1570585,12,46,3258154,48,1545,120051776,602,602,140990836,8,16,1570585,12,46,3258154,48,1545,120051776
200501,06,075,4,9,San Francisco County          ,3,3,515884,1,2,202707,5,16,1469803,3,31,2404151,3,3,515884,1,2,202707,5,16,1469803,3,31,2404151
200501,06,077,4,9,San Joaquin County            ,542,542,111727241,1,2,346757,0,0,0,1,6,513681,542,542,111727241,1,2,346757,0,0,0,1,6,513681
200501,06,081,4,9,San Mateo County              ,36,36,14311518,0,0,0,0,0,0,3,26,3947033,24,24,7667480,0,0,0,0,0,0,2,21,3130936
200501,06,085,4,9,Santa Clara County            ,115,115,31646101,2,4,648097,4,13,2043014,8,207,26694217,90,90,26717585,1,2,269777,4,13,2043014,7,139,19219937
200501,06,091,4,9,Sierra County                 ,0,0,0,0,0,0,0,0,0,0,0,0,0,0,0,0,0,0,0,0,0,0,0,0
200501,06,113,4,9,Yolo County                   ,85,85,20490249,1,2,192087,0,0,0,0,0,0,85,85,20490249,1,2,192087,0,0,0,0,0,0
200501,08,001,4,8,Adams County                  ,219,219,38397146,0,0,0,0,0,0,7,132,5148644,218,218,38307988,0,0,0,0,0,0,7,132,5148644
200501,08,005,4,8,Arapahoe County               ,192,192,42072546,0,0,0,2,8,900000,10,69,6634503,191,191,41498303,0,0,0,2,8,900000,10,69,6634503
200501,08,014,4,8,Broomfield County             ,27,27,6915558,0,0,0,0,0,0,0,0,0,27,27,6915558,0,0,0,0,0,0,0,0,0
200501,08,015,4,8,Chaffee County                ,6,6,1154641,0,0,0,0,0,0,0,0,0,6,6,1154641,0,0,0,0,0,0,0,0,0
200501,08,019,4,8,Clear Creek County            ,2,2,303125,0,0,0,0,0,0,0,0,0,1,1,204651,0,0,0,0,0,0,0,0,0
200501,08,023,4,8,Costilla County               ,0,0,0,0,0,0,0,0,0,0,0,0,0,0,0,0,0,0,0,0,0,0,0,0
200501,08,031,4,8,Denver County                 ,137,137,23558685,0,0,0,3,11,1010490,6,199,15433095,137,137,23558685,0,0,0,3,11,1010490,6,199,15433095
200501,08,033,4,8,Dolores County                ,1,1,163714,0,0,0,0,0,0,0,0,0,1,1,163714,0,0,0,0,0,0,0,0,0
200501,08,035,4,8,Douglas County                ,489,489,99284647,0,0,0,1,3,275588,0,0,0,489,489,99284647,0,0,0,1,3,275588,0,0,0
200501,08,039,4,8,Elbert County                 ,16,16,2596561,0,0,0,0,0,0,0,0,0,16,16,2596561,0,0,0,0,0,0,0,0,0
200501,08,041,4,8,El Paso County                ,486,486,66008204,1,2,429986,1,4,872539,2,20,2312879,486,486,66008204,1,2,429986,1,4,872539,2,20,2312879
200501,08,047,4,8,Gilpin County                 ,6,6,872924,0,0,0,0,0,0,0,0,0,2,2,370270,0,0,0,0,0,0,0,0,0
200501,08,049,4,8,Grand County                  ,26,26,6164223,1,2,216781,1,3,243397,1,5,552045,0,0,0,0,0,0,0,0,0,0,0,0
200501,08,059,4,8,Jefferson County              ,73,73,20958237,1,2,205066,4,12,1574947,0,0,0,71,71,20670095,0,0,0,4,12,1574947,0,0,0
200501,08,069,4,8,Larimer County                ,155,155,29540845,1,2,202707,5,18,1892309,2,14,1085745,153,153,29200915,1,2,202707,5,18,1892309,2,14,1085745
200501,08,077,4,8,Mesa County                   ,85,85,14266845,0,0,0,0,0,0,0,0,0,85,85,14266845,0,0,0,0,0,0,0,0,0
200501,08,093,4,8,Park County                   ,14,14,1697398,0,0,0,0,0,0,0,0,0,14,14,1697398,0,0,0,0,0,0,0,0,0
200501,08,101,4,8,Pueblo County                 ,85,85,13810378,2,4,199098,0,0,0,0,0,0,85,85,13810378,2,4,199098,0,0,0,0,0,0
200501,08,107,4,8,Routt County                  ,3,3,1082500,0,0,0,0,0,0,0,0,0,3,3,1082500,0,0,0,0,0,0,0,0,0
200501,08,113,4,8,San Miguel County             ,1,1,335904,0,0,0,0,0,0,0,0,0,1,1,335904,0,0,0,0,0,0,0,0,0
200501,08,119,4,8,Teller County                 ,11,11,2660616,0,0,0,0,0,0,0,0,0,11,11,2660616,0,0,0,0,0,0,0,0,0
200501,08,123,4,8,Weld County                   ,269,269,46789118,0,0,0,0,0,0,1,5,415833,174,174,31959081,0,0,0,0,0,0,0,0,0
200501,10,001,3,5,Kent County                   ,160,160,18177617,0,0,0,0,0,0,0,0,0,157,157,17852260,0,0,0,0,0,0,0,0,0
200501,10,003,3,5,New Castle County             ,121,121,11880116,0,0,0,0,0,0,2,10,160000,113,113,11240628,0,0,0,0,0,0,0,0,0
200501,10,005,3,5,Sussex County                 ,281,281,34677079,0,0,0,0,0,0,0,0,0,281,281,34677079,0,0,0,0,0,0,0,0,0
200501,11,001,3,5,Washington  DC                ,7,7,2026000,0,0,0,1,4,201000,1,126,8346492,7,7,2026000,0,0,0,1,4,201000,1,126,8346492
200501,12,003,3,5,Baker County                  ,14,14,1541859,0,0,0,0,0,0,0,0,0,14,14,1541859,0,0,0,0,0,0,0,0,0
200501,12,009,3,5,Brevard County                ,445,445,72804187,0,0,0,0,0,0,8,55,13280238,128,128,23596139,0,0,0,0,0,0,7,45,12200074
200501,12,011,3,5,Broward County                ,191,191,35234409,4,8,684411,1,3,202500,9,112,11213323,173,173,32190859,4,8,684411,0,0,0,7,44,3483612
200501,12,013,3,5,Calhoun County                ,3,3,257000,0,0,0,0,0,0,0,0,0,3,3,257000,0,0,0,0,0,0,0,0,0
200501,12,015,3,5,Charlotte County              ,222,222,38787920,2,4,490000,1,4,421429,5,60,4973618,209,209,36709515,2,4,490000,0,0,0,4,50,3249000
200501,12,019,3,5,Clay County                   ,297,297,30653250,0,0,0,0,0,0,0,0,0,297,297,30653250,0,0,0,0,0,0,0,0,0
200501,12,021,3,5,Collier County                ,385,385,91326595,4,8,1167000,8,32,6050000,8,109,11755000,385,385,91326595,4,8,1167000,8,32,6050000,8,109,11755000
200501,12,023,3,5,Columbia County               ,38,38,3467980,0,0,0,0,0,0,0,0,0,38,38,3467980,0,0,0,0,0,0,0,0,0
200501,12,031,3,5,Duval County                  ,566,566,83924842,0,0,0,0,0,0,12,231,11384360,566,566,83924842,0,0,0,0,0,0,12,231,11384360
200501,12,033,3,5,Escambia County               ,224,224,30931360,0,0,0,0,0,0,1,13,861146,224,224,30931360,0,0,0,0,0,0,1,13,861146
200501,12,041,3,5,Gilchrist County              ,6,6,722238,0,0,0,0,0,0,0,0,0,0,0,0,0,0,0,0,0,0,0,0,0
200501,12,047,3,5,Hamilton County               ,3,3,209500,0,0,0,0,0,0,0,0,0,3,3,209500,0,0,0,0,0,0,0,0,0
200501,12,049,3,5,Hardee County                 ,5,5,519518,0,0,0,0,0,0,1,13,445792,0,0,0,0,0,0,0,0,0,0,0,0
200501,12,053,3,5,Hernando County               ,352,352,47824860,1,2,144045,0,0,0,1,7,420000,352,352,47824860,1,2,144045,0,0,0,1,7,420000
200501,12,055,3,5,Highlands County              ,74,74,9209756,1,2,144804,0,0,0,3,15,993630,73,73,9134484,1,2,144804,0,0,0,3,15,993630
200501,12,057,3,5,Hillsborough County           ,1085,1085,164854557,30,60,7067718,8,32,6562364,3,72,10022163,1084,1084,164614829,30,60,7067718,8,32,6562364,3,72,10022163
200501,12,061,3,5,Indian River County           ,176,176,34939892,0,0,0,1,3,408322,3,42,4118562,75,75,13881259,0,0,0,0,0,0,0,0,0
200501,12,063,3,5,Jackson County                ,19,19,2075641,0,0,0,0,0,0,0,0,0,19,19,2075641,0,0,0,0,0,0,0,0,0
200501,12,065,3,5,Jefferson County              ,13,13,1420489,4,8,658880,0,0,0,0,0,0,13,13,1420489,4,8,658880,0,0,0,0,0,0
200501,12,067,3,5,Lafayette County              ,2,2,219309,0,0,0,0,0,0,0,0,0,0,0,0,0,0,0,0,0,0,0,0,0
200501,12,069,3,5,Lake County                   ,382,382,49247548,1,2,82250,0,0,0,2,35,1685576,31,31,4267487,0,0,0,0,0,0,0,0,0
200501,12,071,3,5,Lee County                    ,1823,1823,288409250,8,16,976176,6,24,1272408,33,318,35425997,1823,1823,288409250,8,16,976176,6,24,1272408,33,318,35425997
200501,12,073,3,5,Leon County                   ,69,69,9430672,5,10,724018,2,8,598465,1,6,397452,69,69,9430672,5,10,724018,2,8,598465,1,6,397452
200501,12,077,3,5,Liberty County                ,0,0,0,0,0,0,0,0,0,0,0,0,0,0,0,0,0,0,0,0,0,0,0,0
200501,12,081,3,5,Manatee County                ,363,363,66334296,0,0,0,0,0,0,9,174,9922574,360,360,65596511,0,0,0,0,0,0,9,174,9922574
200501,12,083,3,5,Marion County                 ,481,481,59730677,6,12,590000,1,4,175000,0,0,0,481,481,59730677,6,12,590000,1,4,175000,0,0,0
200501,12,085,3,5,Martin County                 ,61,61,13227335,0,0,0,0,0,0,0,0,0,61,61,13227335,0,0,0,0,0,0,0,0,0
200501,12,086,3,5,Miami-Dade County             ,735,735,94602960,19,38,1969055,4,15,842360,29,1164,89421074,729,729,93514903,19,38,1969055,4,15,842360,29,1164,89421074
200501,12,089,3,5,Nassau County                 ,72,72,12438480,0,0,0,0,0,0,0,0,0,72,72,12438480,0,0,0,0,0,0,0,0,0
200501,12,095,3,5,Orange County                 ,681,681,103137483,0,0,0,7,28,2094627,52,959,98031018,681,681,103137483,0,0,0,7,28,2094627,52,959,98031018
200501,12,097,3,5,Osceola County                ,624,624,91164539,3,6,434411,0,0,0,1,18,1192356,624,624,91164539,3,6,434411,0,0,0,1,18,1192356
200501,12,099,3,5,Palm Beach County             ,749,749,157361490,0,0,0,7,25,2194497,9,384,46562991,740,740,153533471,0,0,0,7,25,2194497,8,347,43289689
200501,12,101,3,5,Pasco County                  ,446,446,62480448,2,4,200000,21,67,5264516,11,65,5080802,445,445,62346614,2,4,200000,21,67,5264516,11,65,5080802
200501,12,103,3,5,Pinellas County               ,152,152,28367413,0,0,0,1,4,783360,3,97,7427874,152,152,28367413,0,0,0,1,4,783360,2,92,7083580
200501,12,105,3,5,Polk County                   ,472,472,62851384,3,6,366066,0,0,0,17,264,13371784,470,470,62690498,3,6,366066,0,0,0,17,264,13371784
200501,12,109,3,5,St. Johns County              ,338,338,94132343,1,2,127218,0,0,0,3,40,3000000,335,335,93697728,1,2,127218,0,0,0,3,40,3000000
200501,12,111,3,5,St. Lucie County              ,628,628,78070541,2,4,413543,2,6,638396,2,39,2714896,564,564,69274229,0,0,0,0,0,0,0,0,0
200501,12,113,3,5,Santa Rosa County             ,75,75,10250730,1,2,144804,0,0,0,0,0,0,75,75,10250730,1,2,144804,0,0,0,0,0,0
200501,12,115,3,5,Sarasota County               ,430,430,72525197,0,0,0,1,3,637500,9,213,39912231,430,430,72525197,0,0,0,1,3,637500,9,213,39912231
200501,12,117,3,5,Seminole County               ,373,373,37927176,0,0,0,1,4,299232,0,0,0,373,373,37927176,0,0,0,1,4,299232,0,0,0
200501,12,119,3,5,Sumter County                 ,164,164,32344105,0,0,0,0,0,0,0,0,0,164,164,32344105,0,0,0,0,0,0,0,0,0
200501,12,123,3,5,Taylor County                 ,6,6,995000,0,0,0,0,0,0,0,0,0,6,6,995000,0,0,0,0,0,0,0,0,0
200501,12,125,3,5,Union County                  ,3,3,183780,0,0,0,0,0,0,0,0,0,3,3,183780,0,0,0,0,0,0,0,0,0
200501,12,127,3,5,Volusia County                ,429,429,70830693,2,4,236458,0,0,0,7,93,8387390,180,180,30199634,1,2,145109,0,0,0,0,0,0
200501,12,129,3,5,Wakulla County                ,15,15,1705390,0,0,0,0,0,0,0,0,0,15,15,1705390,0,0,0,0,0,0,0,0,0
200501,12,131,3,5,Walton County                 ,181,181,93669479,0,0,0,0,0,0,7,102,10457240,181,181,93669479,0,0,0,0,0,0,7,102,10457240
200501,13,005,3,5,Bacon County                  ,1,1,204000,0,0,0,0,0,0,0,0,0,1,1,204000,0,0,0,0,0,0,0,0,0
200501,13,013,3,5,Barrow County                 ,157,157,13169945,0,0,0,0,0,0,0,0,0,157,157,13169945,0,0,0,0,0,0,0,0,0
200501,13,015,3,5,Bartow County                 ,84,84,10854835,2,4,289607,3,12,897697,0,0,0,80,80,10352482,2,4,289607,3,12,897697,0,0,0
200501,13,029,3,5,Bryan County                  ,30,30,11949927,0,0,0,0,0,0,0,0,0,13,13,8704528,0,0,0,0,0,0,0,0,0
200501,13,035,3,5,Butts County                  ,19,19,1890000,0,0,0,0,0,0,0,0,0,18,18,1810000,0,0,0,0,0,0,0,0,0
200501,13,045,3,5,Carroll County                ,104,104,12898628,1,2,90000,0,0,0,0,0,0,104,104,12898628,1,2,90000,0,0,0,0,0,0
200501,13,057,3,5,Cherokee County               ,297,297,41775940,0,0,0,1,3,164000,0,0,0,297,297,41775940,0,0,0,1,3,164000,0,0,0
200501,13,059,3,5,Clarke County                 ,79,79,7871466,0,0,0,0,0,0,0,0,0,79,79,7871466,0,0,0,0,0,0,0,0,0
200501,13,063,3,5,Clayton County                ,86,86,11871097,0,0,0,0,0,0,0,0,0,82,82,11270789,0,0,0,0,0,0,0,0,0
200501,13,067,3,5,Cobb County                   ,370,370,51929058,0,0,0,0,0,0,0,0,0,370,370,51929058,0,0,0,0,0,0,0,0,0
200501,13,077,3,5,Coweta County                 ,193,193,27920422,0,0,0,0,0,0,0,0,0,193,193,27920422,0,0,0,0,0,0,0,0,0
200501,13,085,3,5,Dawson County                 ,37,37,5446000,0,0,0,0,0,0,0,0,0,37,37,5446000,0,0,0,0,0,0,0,0,0
200501,13,089,3,5,DeKalb County                 ,246,246,32049247,0,0,0,0,0,0,3,227,14067797,246,246,32049247,0,0,0,0,0,0,3,227,14067797
200501,13,097,3,5,Douglas County                ,120,120,8795730,0,0,0,0,0,0,0,0,0,120,120,8795730,0,0,0,0,0,0,0,0,0
200501,13,113,3,5,Fayette County                ,52,52,11859025,0,0,0,0,0,0,0,0,0,52,52,11859025,0,0,0,0,0,0,0,0,0
200501,13,117,3,5,Forsyth County                ,274,274,33857560,0,0,0,0,0,0,0,0,0,274,274,33857560,0,0,0,0,0,0,0,0,0
200501,13,121,3,5,Fulton County                 ,682,682,82886388,8,16,1158429,0,0,0,7,181,11989802,682,682,82886388,8,16,1158429,0,0,0,7,181,11989802
200501,13,127,3,5,Glynn County                  ,52,52,12456935,0,0,0,0,0,0,0,0,0,52,52,12456935,0,0,0,0,0,0,0,0,0
200501,13,129,3,5,Gordon County                 ,52,52,5997800,0,0,0,3,12,440000,0,0,0,52,52,5997800,0,0,0,3,12,440000,0,0,0
200501,13,133,3,5,Greene County                 ,11,11,4468500,0,0,0,0,0,0,0,0,0,11,11,4468500,0,0,0,0,0,0,0,0,0
200501,13,135,3,5,Gwinnett County               ,796,796,106771278,0,0,0,0,0,0,0,0,0,787,787,105772905,0,0,0,0,0,0,0,0,0
200501,13,143,3,5,Haralson County               ,15,15,2026561,0,0,0,0,0,0,0,0,0,14,14,1913470,0,0,0,0,0,0,0,0,0
200501,13,145,3,5,Harris County                 ,43,43,9055435,0,0,0,0,0,0,0,0,0,43,43,9055435,0,0,0,0,0,0,0,0,0
200501,13,149,3,5,Heard County                  ,6,6,737544,0,0,0,0,0,0,0,0,0,0,0,0,0,0,0,0,0,0,0,0,0
200501,13,151,3,5,Henry County                  ,295,295,57466525,0,0,0,0,0,0,0,0,0,295,295,57466525,0,0,0,0,0,0,0,0,0
200501,13,157,3,5,Jackson County                ,77,77,14373850,0,0,0,0,0,0,0,0,0,77,77,14373850,0,0,0,0,0,0,0,0,0
200501,13,159,3,5,Jasper County                 ,10,10,991800,0,0,0,0,0,0,0,0,0,10,10,991800,0,0,0,0,0,0,0,0,0
200501,13,169,3,5,Jones County                  ,35,35,4315000,0,0,0,0,0,0,0,0,0,35,35,4315000,0,0,0,0,0,0,0,0,0
200501,13,171,3,5,Lamar County                  ,11,11,1207119,0,0,0,0,0,0,0,0,0,11,11,1207119,0,0,0,0,0,0,0,0,0
200501,13,177,3,5,Lee County                    ,30,30,3428588,0,0,0,0,0,0,0,0,0,0,0,0,0,0,0,0,0,0,0,0,0
200501,13,189,3,5,McDuffie County               ,4,4,566000,0,0,0,0,0,0,0,0,0,4,4,566000,0,0,0,0,0,0,0,0,0
200501,13,199,3,5,Meriwether County             ,13,13,1682682,0,0,0,0,0,0,0,0,0,1,1,120000,0,0,0,0,0,0,0,0,0
200501,13,211,3,5,Morgan County                 ,26,26,4088000,0,0,0,0,0,0,0,0,0,26,26,4088000,0,0,0,0,0,0,0,0,0
200501,13,215,3,5,Muscogee County               ,74,74,9041588,0,0,0,1,4,193344,0,0,0,74,74,9041588,0,0,0,1,4,193344,0,0,0
200501,13,217,3,5,Newton County                 ,165,165,21199988,0,0,0,0,0,0,0,0,0,165,165,21199988,0,0,0,0,0,0,0,0,0
200501,13,223,3,5,Paulding County               ,237,237,32560632,0,0,0,0,0,0,0,0,0,237,237,32560632,0,0,0,0,0,0,0,0,0
200501,13,227,3,5,Pickens County                ,32,32,6864900,0,0,0,0,0,0,1,17,676136,30,30,6670000,0,0,0,0,0,0,0,0,0
200501,13,231,3,5,Pike County                   ,17,17,1883896,0,0,0,0,0,0,0,0,0,0,0,0,0,0,0,0,0,0,0,0,0
200501,13,237,3,5,Putnam County                 ,19,19,4000000,0,0,0,0,0,0,0,0,0,19,19,4000000,0,0,0,0,0,0,0,0,0
200501,13,239,3,5,Quitman County                ,0,0,0,0,0,0,0,0,0,0,0,0,0,0,0,0,0,0,0,0,0,0,0,0
200501,13,247,3,5,Rockdale County               ,45,45,6423837,0,0,0,0,0,0,0,0,0,45,45,6423837,0,0,0,0,0,0,0,0,0
200501,13,255,3,5,Spalding County               ,70,70,8109588,0,0,0,0,0,0,0,0,0,70,70,8109588,0,0,0,0,0,0,0,0,0
200501,13,291,3,5,Union County                  ,46,46,6024721,0,0,0,0,0,0,0,0,0,46,46,6024721,0,0,0,0,0,0,0,0,0
200501,13,297,3,5,Walton County                 ,164,164,21760399,0,0,0,0,0,0,0,0,0,159,159,21319329,0,0,0,0,0,0,0,0,0
200501,13,313,3,5,Whitfield County              ,32,32,3833898,0,0,0,1,3,164460,2,18,889242,0,0,0,0,0,0,0,0,0,0,0,0
200501,13,321,3,5,Worth County                  ,6,6,702400,0,0,0,0,0,0,0,0,0,6,6,702400,0,0,0,0,0,0,0,0,0
200501,15,001,4,9,Hawaii County                 ,166,166,36417617,0,0,0,0,0,0,0,0,0,166,166,36417617,0,0,0,0,0,0,0,0,0
200501,15,003,4,9,Honolulu County               ,157,157,25703034,6,12,1177939,0,0,0,0,0,0,157,157,25703034,6,12,1177939,0,0,0,0,0,0
200501,15,007,4,9,Kauai County                  ,35,35,10211626,0,0,0,0,0,0,0,0,0,0,0,0,0,0,0,0,0,0,0,0,0
200501,15,009,4,9,Maui County                   ,61,61,10489633,4,8,810828,0,0,0,0,0,0,61,61,10489633,4,8,810828,0,0,0,0,0,0
200501,16,001,4,8,Ada County                    ,375,375,76508849,10,20,2653519,0,0,0,0,0,0,292,292,62302871,10,20,2653519,0,0,0,0,0,0
200501,16,015,4,8,Boise County                  ,6,6,703473,0,0,0,0,0,0,0,0,0,6,6,703473,0,0,0,0,0,0,0,0,0
200501,16,027,4,8,Canyon County                 ,191,191,27204728,2,4,265318,4,16,774620,0,0,0,191,191,27204728,2,4,265318,4,16,774620,0,0,0
200501,16,045,4,8,Gem County                    ,7,7,995835,0,0,0,0,0,0,0,0,0,7,7,995835,0,0,0,0,0,0,0,0,0
200501,16,073,4,8,Owyhee County                 ,4,4,362688,0,0,0,0,0,0,0,0,0,2,2,173030,0,0,0,0,0,0,0,0,0
200501,17,005,2,3,Bond County                   ,0,0,0,1,2,280000,0,0,0,0,0,0,0,0,0,1,2,280000,0,0,0,0,0,0
200501,17,013,2,3,Calhoun County                ,1,1,75000,0,0,0,0,0,0,0,0,0,1,1,75000,0,0,0,0,0,0,0,0,0
200501,17,027,2,3,Clinton County                ,9,9,1357418,0,0,0,0,0,0,0,0,0,6,6,965700,0,0,0,0,0,0,0,0,0
200501,17,031,2,3,Cook County                   ,225,225,53191775,4,8,793130,42,143,13000249,25,355,24556918,206,206,47819724,4,8,793130,42,143,13000249,23,328,22714656
200501,17,037,2,3,DeKalb County                 ,38,38,6618245,0,0,0,3,12,745275,1,5,203889,27,27,5079075,0,0,0,3,12,745275,0,0,0
200501,17,039,2,3,De Witt County                ,1,1,261500,0,0,0,0,0,0,0,0,0,1,1,261500,0,0,0,0,0,0,0,0,0
200501,17,043,2,3,DuPage County                 ,248,248,58711410,2,4,720000,1,3,399252,1,24,2000016,232,232,53220280,2,4,720000,1,3,399252,1,24,2000016
200501,17,063,2,3,Grundy County                 ,15,15,2872074,1,2,185000,0,0,0,0,0,0,10,10,1893254,0,0,0,0,0,0,0,0,0
200501,17,083,2,3,Jersey County                 ,5,5,701335,0,0,0,0,0,0,0,0,0,3,3,488060,0,0,0,0,0,0,0,0,0
200501,17,089,2,3,Kane County                   ,341,341,67789088,1,2,277786,1,4,342604,3,25,2023776,282,282,58734098,1,2,277786,0,0,0,0,0,0
200501,17,093,2,3,Kendall County                ,57,57,10539705,1,2,320000,2,8,909694,0,0,0,57,57,10539705,1,2,320000,2,8,909694,0,0,0
200501,17,097,2,3,Lake County                   ,140,140,38338186,4,8,793130,2,7,860000,4,102,10623200,98,98,31807220,4,8,793130,2,7,860000,4,102,10623200
200501,17,111,2,3,McHenry County                ,78,78,14710294,1,2,225355,1,4,338442,2,14,707250,65,65,12203994,0,0,0,1,4,338442,0,0,0
200501,17,117,2,3,Macoupin County               ,1,1,25000,0,0,0,0,0,0,0,0,0,1,1,25000,0,0,0,0,0,0,0,0,0
200501,17,119,2,3,Madison County                ,60,60,10812262,0,0,0,1,3,178234,0,0,0,54,54,10221904,0,0,0,0,0,0,0,0,0
200501,17,133,2,3,Monroe County                 ,16,16,2570852,0,0,0,0,0,0,0,0,0,10,10,1765434,0,0,0,0,0,0,0,0,0
200501,17,163,2,3,St. Clair County              ,76,76,12595006,0,0,0,0,0,0,1,5,250000,58,58,10098038,0,0,0,0,0,0,0,0,0
200501,17,197,2,3,Will County                   ,432,432,85058085,0,0,0,0,0,0,0,0,0,395,395,81807743,0,0,0,0,0,0,0,0,0
200501,18,001,2,3,Adams County                  ,6,6,781100,0,0,0,0,0,0,0,0,0,6,6,781100,0,0,0,0,0,0,0,0,0
200501,18,003,2,3,Allen County                  ,93,93,16369131,0,0,0,0,0,0,0,0,0,93,93,16369131,0,0,0,0,0,0,0,0,0
200501,18,011,2,3,Boone County                  ,30,30,6697591,0,0,0,0,0,0,0,0,0,30,30,6697591,0,0,0,0,0,0,0,0,0
200501,18,013,2,3,Brown County                  ,6,6,358988,0,0,0,0,0,0,0,0,0,0,0,0,0,0,0,0,0,0,0,0,0
200501,18,019,2,3,Clark County                  ,66,66,9833404,1,2,198283,0,0,0,0,0,0,66,66,9833404,1,2,198283,0,0,0,0,0,0
200501,18,029,2,3,Dearborn County               ,10,10,1334400,0,0,0,0,0,0,0,0,0,10,10,1334400,0,0,0,0,0,0,0,0,0
200501,18,043,2,3,Floyd County                  ,12,12,1903667,0,0,0,0,0,0,0,0,0,12,12,1903667,0,0,0,0,0,0,0,0,0
200501,18,047,2,3,Franklin County               ,1,1,160000,0,0,0,0,0,0,0,0,0,1,1,160000,0,0,0,0,0,0,0,0,0
200501,18,057,2,3,Hamilton County               ,200,200,42921607,0,0,0,1,4,338442,0,0,0,199,199,42884732,0,0,0,1,4,338442,0,0,0
200501,18,059,2,3,Hancock County                ,52,52,9164796,0,0,0,0,0,0,0,0,0,40,40,7662533,0,0,0,0,0,0,0,0,0
200501,18,061,2,3,Harrison County               ,9,9,1193960,0,0,0,0,0,0,0,0,0,9,9,1193960,0,0,0,0,0,0,0,0,0
200501,18,063,2,3,Hendricks County              ,98,98,17057899,0,0,0,0,0,0,0,0,0,96,96,16746660,0,0,0,0,0,0,0,0,0
200501,18,065,2,3,Henry County                  ,10,10,1377974,4,8,560000,1,3,86000,1,50,2352700,10,10,1377974,4,8,560000,1,3,86000,1,50,2352700
200501,18,069,2,3,Huntington County             ,6,6,668200,0,0,0,0,0,0,0,0,0,6,6,668200,0,0,0,0,0,0,0,0,0
200501,18,073,2,3,Jasper County                 ,8,8,1183060,0,0,0,0,0,0,0,0,0,4,4,650747,0,0,0,0,0,0,0,0,0
200501,18,079,2,3,Jennings County               ,3,3,351250,0,0,0,0,0,0,0,0,0,3,3,351250,0,0,0,0,0,0,0,0,0
200501,18,081,2,3,Johnson County                ,86,86,13596989,1,2,97625,0,0,0,0,0,0,83,83,13229097,0,0,0,0,0,0,0,0,0
200501,18,087,2,3,Lagrange County               ,6,6,490160,0,0,0,0,0,0,0,0,0,0,0,0,0,0,0,0,0,0,0,0,0
200501,18,089,2,3,Lake County                   ,84,84,15578866,6,12,1545517,7,27,1770652,0,0,0,79,79,14852370,6,12,1545517,5,20,1250000,0,0,0
200501,18,097,2,3,Marion County                 ,143,143,21493998,4,8,881800,0,0,0,3,283,14439264,143,143,21493998,4,8,881800,0,0,0,3,283,14439264
200501,18,109,2,3,Morgan County                 ,9,9,2429814,0,0,0,0,0,0,0,0,0,9,9,2429814,0,0,0,0,0,0,0,0,0
200501,18,111,2,3,Newton County                 ,2,2,248000,0,0,0,0,0,0,0,0,0,2,2,248000,0,0,0,0,0,0,0,0,0
200501,18,115,2,3,Ohio County                   ,2,2,175000,0,0,0,0,0,0,0,0,0,2,2,175000,0,0,0,0,0,0,0,0,0
200501,18,125,2,3,Pike County                   ,1,1,99612,0,0,0,0,0,0,0,0,0,0,0,0,0,0,0,0,0,0,0,0,0
200501,18,127,2,3,Porter County                 ,49,49,8878158,1,2,120000,0,0,0,0,0,0,25,25,4274044,1,2,120000,0,0,0,0,0,0
200501,18,133,2,3,Putnam County                 ,7,7,899591,1,2,260000,0,0,0,0,0,0,2,2,285000,1,2,260000,0,0,0,0,0,0
200501,18,145,2,3,Shelby County                 ,31,31,4023652,1,2,86000,0,0,0,0,0,0,31,31,4023652,1,2,86000,0,0,0,0,0,0
200501,18,155,2,3,Switzerland County            ,4,4,233065,0,0,0,0,0,0,0,0,0,0,0,0,0,0,0,0,0,0,0,0,0
200501,18,157,2,3,Tippecanoe County             ,45,45,6639864,0,0,0,0,0,0,0,0,0,45,45,6639864,0,0,0,0,0,0,0,0,0
200501,18,163,2,3,Vanderburgh County            ,43,43,5447900,0,0,0,5,20,757185,0,0,0,43,43,5447900,0,0,0,5,20,757185,0,0,0
200501,18,167,2,3,Vigo County                   ,15,15,1693215,0,0,0,0,0,0,0,0,0,8,8,608220,0,0,0,0,0,0,0,0,0
200501,18,175,2,3,Washington County             ,4,4,516000,0,0,0,0,0,0,0,0,0,1,1,120000,0,0,0,0,0,0,0,0,0
200501,18,179,2,3,Wells County                  ,1,1,162687,0,0,0,0,0,0,0,0,0,1,1,162687,0,0,0,0,0,0,0,0,0
200501,18,181,2,3,White County                  ,2,2,242492,0,0,0,0,0,0,0,0,0,2,2,242492,0,0,0,0,0,0,0,0,0
200501,19,049,2,4,Dallas County                 ,11,11,2368672,0,0,0,0,0,0,0,0,0,10,10,2243672,0,0,0,0,0,0,0,0,0
200501,19,077,2,4,Guthrie County                ,2,2,720000,0,0,0,0,0,0,0,0,0,2,2,720000,0,0,0,0,0,0,0,0,0
200501,19,085,2,4,Harrison County               ,2,2,325373,0,0,0,0,0,0,0,0,0,2,2,325373,0,0,0,0,0,0,0,0,0
200501,19,121,2,4,Madison County                ,4,4,669101,0,0,0,0,0,0,0,0,0,0,0,0,0,0,0,0,0,0,0,0,0
200501,19,129,2,4,Mills County                  ,1,1,200000,0,0,0,0,0,0,0,0,0,1,1,200000,0,0,0,0,0,0,0,0,0
200501,19,153,2,4,Polk County                   ,189,189,30623055,0,0,0,0,0,0,1,18,1913047,183,183,29382119,0,0,0,0,0,0,1,18,1913047
200501,19,155,2,4,Pottawattamie County          ,14,14,1974723,0,0,0,0,0,0,1,8,487227,5,5,813434,0,0,0,0,0,0,0,0,0
200501,19,181,2,4,Warren County                 ,8,8,1308747,0,0,0,0,0,0,0,0,0,8,8,1308747,0,0,0,0,0,0,0,0,0
200501,20,055,2,4,Finney County                 ,0,0,0,0,0,0,0,0,0,0,0,0,0,0,0,0,0,0,0,0,0,0,0,0
200501,20,059,2,4,Franklin County               ,5,5,733704,0,0,0,1,4,165000,0,0,0,4,4,669954,0,0,0,1,4,165000,0,0,0
200501,20,063,2,4,Gove County                   ,0,0,0,0,0,0,0,0,0,0,0,0,0,0,0,0,0,0,0,0,0,0,0,0
200501,20,091,2,4,Johnson County                ,180,180,43310180,0,0,0,4,12,1196200,0,0,0,180,180,43310180,0,0,0,4,12,1196200,0,0,0
200501,20,103,2,4,Leavenworth County            ,13,13,1799604,1,2,190220,0,0,0,0,0,0,13,13,1799604,1,2,190220,0,0,0,0,0,0
200501,20,121,2,4,Miami County                  ,8,8,1300642,0,0,0,0,0,0,0,0,0,2,2,294302,0,0,0,0,0,0,0,0,0
200501,20,129,2,4,Morton County                 ,0,0,0,0,0,0,0,0,0,0,0,0,0,0,0,0,0,0,0,0,0,0,0,0
200501,20,151,2,4,Pratt County                  ,0,0,0,0,0,0,0,0,0,0,0,0,0,0,0,0,0,0,0,0,0,0,0,0
200501,20,183,2,4,Smith County                  ,0,0,0,0,0,0,0,0,0,0,0,0,0,0,0,0,0,0,0,0,0,0,0,0
200501,20,209,2,4,Wyandotte County              ,40,40,5197790,0,0,0,0,0,0,0,0,0,40,40,5197790,0,0,0,0,0,0,0,0,0
200501,21,005,3,6,Anderson County               ,20,20,1712330,0,0,0,0,0,0,0,0,0,20,20,1712330,0,0,0,0,0,0,0,0,0
200501,21,015,3,6,Boone County                  ,78,78,10061914,0,0,0,0,0,0,0,0,0,78,78,10061914,0,0,0,0,0,0,0,0,0
200501,21,021,3,6,Boyle County                  ,4,4,535500,0,0,0,0,0,0,0,0,0,4,4,535500,0,0,0,0,0,0,0,0,0
200501,21,029,3,6,Bullitt County                ,80,80,9328300,0,0,0,0,0,0,0,0,0,80,80,9328300,0,0,0,0,0,0,0,0,0
200501,21,037,3,6,Campbell County               ,16,16,2347336,0,0,0,0,0,0,1,8,382578,3,3,410029,0,0,0,0,0,0,0,0,0
200501,21,049,3,6,Clark County                  ,31,31,2954187,0,0,0,0,0,0,0,0,0,0,0,0,0,0,0,0,0,0,0,0,0
200501,21,059,3,6,Daviess County                ,13,13,1298278,2,4,172120,0,0,0,0,0,0,13,13,1298278,2,4,172120,0,0,0,0,0,0
200501,21,067,3,6,Fayette County                ,144,144,20820700,0,0,0,0,0,0,0,0,0,144,144,20820700,0,0,0,0,0,0,0,0,0
200501,21,077,3,6,Gallatin County               ,0,0,0,0,0,0,0,0,0,0,0,0,0,0,0,0,0,0,0,0,0,0,0,0
200501,21,081,3,6,Grant County                  ,10,10,1274304,1,2,101250,0,0,0,0,0,0,0,0,0,0,0,0,0,0,0,0,0,0
200501,21,103,3,6,Henry County                  ,0,0,0,0,0,0,0,0,0,0,0,0,0,0,0,0,0,0,0,0,0,0,0,0
200501,21,111,3,6,Jefferson County              ,196,196,26847799,0,0,0,0,0,0,0,0,0,193,193,26378546,0,0,0,0,0,0,0,0,0
200501,21,113,3,6,Jessamine County              ,48,48,7113255,2,4,232000,0,0,0,0,0,0,48,48,7113255,2,4,232000,0,0,0,0,0,0
200501,21,117,3,6,Kenton County                 ,59,59,7791154,0,0,0,0,0,0,3,18,651583,39,39,6073909,0,0,0,0,0,0,0,0,0
200501,21,137,3,6,Lincoln County                ,8,8,1047778,0,0,0,0,0,0,0,0,0,8,8,1047778,0,0,0,0,0,0,0,0,0
200501,21,151,3,6,Madison County                ,28,28,2657393,2,4,249755,1,4,160000,1,6,205792,7,7,726000,0,0,0,1,4,160000,0,0,0
200501,21,157,3,6,Marshall County               ,7,7,848463,0,0,0,0,0,0,0,0,0,0,0,0,0,0,0,0,0,0,0,0,0
200501,21,163,3,6,Meade County                  ,9,9,835000,0,0,0,0,0,0,0,0,0,9,9,835000,0,0,0,0,0,0,0,0,0
200501,21,167,3,6,Mercer County                 ,10,10,898485,0,0,0,0,0,0,0,0,0,10,10,898485,0,0,0,0,0,0,0,0,0
200501,21,179,3,6,Nelson County                 ,70,70,6236000,0,0,0,0,0,0,0,0,0,70,70,6236000,0,0,0,0,0,0,0,0,0
200501,21,185,3,6,Oldham County                 ,22,22,3006881,0,0,0,0,0,0,0,0,0,22,22,3006881,0,0,0,0,0,0,0,0,0
200501,21,191,3,6,Pendleton County              ,0,0,0,0,0,0,0,0,0,0,0,0,0,0,0,0,0,0,0,0,0,0,0,0
200501,21,209,3,6,Scott County                  ,42,42,6221000,1,2,156900,0,0,0,0,0,0,42,42,6221000,1,2,156900,0,0,0,0,0,0
200501,21,211,3,6,Shelby County                 ,34,34,5464338,0,0,0,2,8,440000,0,0,0,34,34,5464338,0,0,0,2,8,440000,0,0,0
200501,21,213,3,6,Simpson County                ,9,9,707246,0,0,0,0,0,0,0,0,0,9,9,707246,0,0,0,0,0,0,0,0,0
200501,21,215,3,6,Spencer County                ,0,0,0,0,0,0,0,0,0,0,0,0,0,0,0,0,0,0,0,0,0,0,0,0
200501,21,221,3,6,Trigg County                  ,2,2,153123,0,0,0,0,0,0,0,0,0,0,0,0,0,0,0,0,0,0,0,0,0
200501,21,239,3,6,Woodford County               ,11,11,2142647,1,2,126000,0,0,0,0,0,0,0,0,0,0,0,0,0,0,0,0,0,0
200501,22,051,3,7,Jefferson Parish              ,115,115,15803334,0,0,0,0,0,0,0,0,0,112,112,15600110,0,0,0,0,0,0,0,0,0
200501,22,071,3,7,Orleans Parish                ,41,41,5603733,6,12,868821,0,0,0,0,0,0,41,41,5603733,6,12,868821,0,0,0,0,0,0
200501,22,075,3,7,Plaquemines Parish            ,8,8,754590,0,0,0,0,0,0,0,0,0,8,8,754590,0,0,0,0,0,0,0,0,0
200501,22,087,3,7,St. Bernard Parish            ,7,7,1275000,0,0,0,0,0,0,0,0,0,7,7,1275000,0,0,0,0,0,0,0,0,0
200501,22,089,3,7,St. Charles Parish            ,20,20,2733528,1,2,144804,0,0,0,0,0,0,20,20,2733528,1,2,144804,0,0,0,0,0,0
200501,22,095,3,7,St. John the Baptist Parish   ,9,9,1107075,0,0,0,0,0,0,0,0,0,9,9,1107075,0,0,0,0,0,0,0,0,0
200501,22,103,3,7,St. Tammany Parish            ,493,493,74647342,0,0,0,0,0,0,0,0,0,482,482,72561232,0,0,0,0,0,0,0,0,0
200501,22,109,3,7,Terrebonne Parish             ,37,37,2437881,0,0,0,0,0,0,0,0,0,37,37,2437881,0,0,0,0,0,0,0,0,0
200501,23,000,1,1,Maine Unorganized Territory   ,11,11,1460802,0,0,0,0,0,0,0,0,0,0,0,0,0,0,0,0,0,0,0,0,0
200501,24,003,3,5,Anne Arundel County           ,169,169,23030122,0,0,0,0,0,0,0,0,0,157,157,21458196,0,0,0,0,0,0,0,0,0
200501,24,005,3,5,Baltimore County              ,64,64,8747290,0,0,0,1,4,299232,1,16,1059872,64,64,8747290,0,0,0,1,4,299232,1,16,1059872
200501,24,009,3,5,Calvert County                ,53,53,9090180,0,0,0,0,0,0,0,0,0,53,53,9090180,0,0,0,0,0,0,0,0,0
200501,24,013,3,5,Carroll County                ,45,45,6760321,0,0,0,2,6,448849,0,0,0,45,45,6760321,0,0,0,2,6,448849,0,0,0
200501,24,015,3,5,Cecil County                  ,63,63,11242481,0,0,0,1,3,270000,1,12,586054,2,2,158000,0,0,0,0,0,0,0,0,0
200501,24,017,3,5,Charles County                ,64,64,13811109,0,0,0,0,0,0,1,30,1900000,64,64,13811109,0,0,0,0,0,0,1,30,1900000
200501,24,021,3,5,Frederick County              ,79,79,9503105,0,0,0,0,0,0,0,0,0,79,79,9503105,0,0,0,0,0,0,0,0,0
200501,24,023,3,5,Garrett County                ,5,5,803000,0,0,0,0,0,0,0,0,0,5,5,803000,0,0,0,0,0,0,0,0,0
200501,24,025,3,5,Harford County                ,85,85,13185396,0,0,0,0,0,0,2,17,1140000,85,85,13185396,0,0,0,0,0,0,2,17,1140000
200501,24,027,3,5,Howard County                 ,95,95,12984259,0,0,0,0,0,0,0,0,0,95,95,12984259,0,0,0,0,0,0,0,0,0
200501,24,031,3,5,Montgomery County             ,114,114,28658215,0,0,0,0,0,0,0,0,0,114,114,28658215,0,0,0,0,0,0,0,0,0
200501,24,033,3,5,Prince George's County        ,234,234,41253380,0,0,0,0,0,0,0,0,0,234,234,41253380,0,0,0,0,0,0,0,0,0
200501,24,035,3,5,Queen Anne's County           ,17,17,4149200,0,0,0,0,0,0,0,0,0,16,16,3934600,0,0,0,0,0,0,0,0,0
200501,24,510,3,5,Baltimore (Independent City)  ,22,22,3006881,0,0,0,0,0,0,0,0,0,22,22,3006881,0,0,0,0,0,0,0,0,0
200501,25,009,1,1,Essex County                  ,48,48,13053856,3,6,677204,0,0,0,4,28,2282775,29,29,9431278,0,0,0,0,0,0,1,7,300000
200501,25,017,1,1,Middlesex County              ,163,163,34721682,9,18,2419181,4,15,1576578,5,360,37800277,131,131,28745026,7,14,1993997,3,12,1373800,3,349,36751020
200501,25,019,1,1,Nantucket County              ,17,17,5620200,0,0,0,0,0,0,0,0,0,17,17,5620200,0,0,0,0,0,0,0,0,0
200501,25,021,1,1,Norfolk County                ,71,71,21009832,0,0,0,1,4,421000,3,79,8695770,57,57,17423956,0,0,0,1,4,421000,1,15,1737000
200501,25,023,1,1,Plymouth County               ,101,101,18691291,1,2,178081,1,4,371200,1,5,316406,76,76,14858266,1,2,178081,1,4,371200,0,0,0
200501,25,025,1,1,Suffolk County                ,6,6,911234,9,18,1591781,4,13,945391,3,89,6187701,0,0,0,2,4,375000,0,0,0,0,0,0
200501,26,000,2,3,Michigan Balance of State     ,8,8,352308,0,0,0,0,0,0,0,0,0,0,0,0,0,0,0,0,0,0,0,0,0
200501,26,001,2,3,Alcona County                 ,2,2,195000,0,0,0,0,0,0,0,0,0,2,2,195000,0,0,0,0,0,0,0,0,0
200501,26,015,2,3,Barry County                  ,12,12,1555370,0,0,0,0,0,0,0,0,0,10,10,1379000,0,0,0,0,0,0,0,0,0
200501,26,019,2,3,Benzie County                 ,11,11,1918000,0,0,0,0,0,0,0,0,0,11,11,1918000,0,0,0,0,0,0,0,0,0
200501,26,029,2,3,Charlevoix County             ,8,8,1000000,0,0,0,1,3,431250,0,0,0,0,0,0,0,0,0,0,0,0,0,0,0
200501,26,031,2,3,Cheboygan County              ,8,8,725000,0,0,0,0,0,0,0,0,0,8,8,725000,0,0,0,0,0,0,0,0,0
200501,26,047,2,3,Emmet County                  ,7,7,1072473,0,0,0,0,0,0,0,0,0,1,1,305500,0,0,0,0,0,0,0,0,0
200501,26,051,2,3,Gladwin County                ,8,8,1036473,0,0,0,0,0,0,0,0,0,8,8,1036473,0,0,0,0,0,0,0,0,0
200501,26,067,2,3,Ionia County                  ,24,24,2670937,0,0,0,0,0,0,1,16,600000,11,11,1073000,0,0,0,0,0,0,1,16,600000
200501,26,079,2,3,Kalkaska County               ,3,3,274000,0,0,0,0,0,0,0,0,0,3,3,274000,0,0,0,0,0,0,0,0,0
200501,26,081,2,3,Kent County                   ,170,170,29072523,1,2,102000,0,0,0,0,0,0,132,132,23980935,1,2,102000,0,0,0,0,0,0
200501,26,087,2,3,Lapeer County                 ,17,17,2662195,0,0,0,0,0,0,0,0,0,16,16,2551500,0,0,0,0,0,0,0,0,0
200501,26,089,2,3,Leelanau County               ,6,6,936616,0,0,0,0,0,0,0,0,0,6,6,936616,0,0,0,0,0,0,0,0,0
200501,26,093,2,3,Livingston County             ,103,103,19254076,0,0,0,0,0,0,1,16,1255362,103,103,19254076,0,0,0,0,0,0,1,16,1255362
200501,26,099,2,3,Macomb County                 ,150,150,21097024,0,0,0,0,0,0,1,12,925344,129,129,16438789,0,0,0,0,0,0,0,0,0
200501,26,103,2,3,Marquette County              ,1,1,150000,0,0,0,0,0,0,0,0,0,1,1,150000,0,0,0,0,0,0,0,0,0
200501,26,113,2,3,Missaukee County              ,1,1,129559,0,0,0,0,0,0,0,0,0,1,1,129559,0,0,0,0,0,0,0,0,0
200501,26,123,2,3,Newaygo County                ,15,15,1632620,0,0,0,0,0,0,0,0,0,9,9,1078000,0,0,0,0,0,0,0,0,0
200501,26,125,2,3,Oakland County                ,250,250,54370887,1,2,400000,5,18,2237064,6,46,3617048,211,211,47259617,1,2,400000,5,18,2237064,5,41,3115798
200501,26,129,2,3,Ogemaw County                 ,5,5,273548,0,0,0,0,0,0,0,0,0,0,0,0,0,0,0,0,0,0,0,0,0
200501,26,133,2,3,Osceola County                ,1,1,62000,0,0,0,0,0,0,0,0,0,1,1,62000,0,0,0,0,0,0,0,0,0
200501,26,137,2,3,Otsego County                 ,6,6,718059,0,0,0,0,0,0,0,0,0,0,0,0,0,0,0,0,0,0,0,0,0
200501,26,141,2,3,Presque Isle County           ,4,4,383672,0,0,0,0,0,0,0,0,0,0,0,0,0,0,0,0,0,0,0,0,0
200501,26,147,2,3,St. Clair County              ,80,80,11068811,1,2,156900,0,0,0,0,0,0,64,64,9399680,1,2,156900,0,0,0,0,0,0
200501,26,163,2,3,Wayne County                  ,219,219,36588845,4,8,772944,10,38,3984713,7,100,4684747,213,213,35972601,4,8,772944,10,38,3984713,7,100,4684747
200501,27,003,2,4,Anoka County                  ,93,93,17746477,0,0,0,0,0,0,0,0,0,70,70,14733779,0,0,0,0,0,0,0,0,0
200501,27,019,2,4,Carver County                 ,54,54,14988231,0,0,0,0,0,0,0,0,0,44,44,13069795,0,0,0,0,0,0,0,0,0
200501,27,025,2,4,Chisago County                ,14,14,2275137,0,0,0,0,0,0,1,5,232031,7,7,922901,0,0,0,0,0,0,0,0,0
200501,27,037,2,4,Dakota County                 ,57,57,14259145,2,4,587225,4,14,2441507,5,44,6274000,55,55,13771206,2,4,587225,4,14,2441507,5,44,6274000
200501,27,053,2,4,Hennepin County               ,112,112,37393043,0,0,0,0,0,0,4,95,7468375,110,110,36981590,0,0,0,0,0,0,3,88,6792061
200501,27,059,2,4,Isanti County                 ,18,18,3045016,0,0,0,0,0,0,0,0,0,18,18,3045016,0,0,0,0,0,0,0,0,0
200501,27,123,2,4,Ramsey County                 ,34,34,5377295,0,0,0,0,0,0,0,0,0,34,34,5377295,0,0,0,0,0,0,0,0,0
200501,27,139,2,4,Scott County                  ,77,77,15505479,0,0,0,0,0,0,0,0,0,35,35,6878551,0,0,0,0,0,0,0,0,0
200501,27,141,2,4,Sherburne County              ,47,47,7808910,0,0,0,0,0,0,0,0,0,47,47,7808910,0,0,0,0,0,0,0,0,0
200501,27,163,2,4,Washington County             ,91,91,27273855,1,2,262220,0,0,0,1,76,11272000,88,88,26618416,1,2,262220,0,0,0,1,76,11272000
200501,27,171,2,4,Wright County                 ,84,84,13044126,0,0,0,1,4,419968,0,0,0,74,74,11727288,0,0,0,0,0,0,0,0,0
200501,28,021,3,6,Claiborne County              ,0,0,0,0,0,0,0,0,0,0,0,0,0,0,0,0,0,0,0,0,0,0,0,0
200501,28,029,3,6,Copiah County                 ,1,1,75000,0,0,0,0,0,0,0,0,0,1,1,75000,0,0,0,0,0,0,0,0,0
200501,28,033,3,6,DeSoto County                 ,155,155,16855648,0,0,0,0,0,0,0,0,0,155,155,16855648,0,0,0,0,0,0,0,0,0
200501,28,039,3,6,George County                 ,0,0,0,0,0,0,0,0,0,0,0,0,0,0,0,0,0,0,0,0,0,0,0,0
200501,28,071,3,6,Lafayette County              ,10,10,1635000,0,0,0,0,0,0,0,0,0,10,10,1635000,0,0,0,0,0,0,0,0,0
200501,28,091,3,6,Marion County                 ,0,0,0,0,0,0,0,0,0,0,0,0,0,0,0,0,0,0,0,0,0,0,0,0
200501,28,093,3,6,Marshall County               ,14,14,1494487,0,0,0,0,0,0,0,0,0,2,2,110000,0,0,0,0,0,0,0,0,0
200501,28,137,3,6,Tate County                   ,14,14,1236171,0,0,0,0,0,0,0,0,0,1,1,70000,0,0,0,0,0,0,0,0,0
200501,28,143,3,6,Tunica County                 ,7,7,437490,0,0,0,0,0,0,0,0,0,7,7,437490,0,0,0,0,0,0,0,0,0
200501,28,153,3,6,Wayne County                  ,0,0,0,0,0,0,0,0,0,0,0,0,0,0,0,0,0,0,0,0,0,0,0,0
200501,29,001,2,4,Adair County                  ,0,0,0,0,0,0,0,0,0,0,0,0,0,0,0,0,0,0,0,0,0,0,0,0
200501,29,013,2,4,Bates County                  ,0,0,0,0,0,0,0,0,0,0,0,0,0,0,0,0,0,0,0,0,0,0,0,0
200501,29,019,2,4,Boone County                  ,98,98,13073000,0,0,0,0,0,0,3,24,768000,98,98,13073000,0,0,0,0,0,0,3,24,768000
200501,29,025,2,4,Caldwell County               ,2,2,245836,0,0,0,0,0,0,0,0,0,0,0,0,0,0,0,0,0,0,0,0,0
200501,29,037,2,4,Cass County                   ,61,61,10300941,13,26,2914047,0,0,0,0,0,0,57,57,9872898,13,26,2914047,0,0,0,0,0,0
200501,29,047,2,4,Clay County                   ,42,42,6794830,0,0,0,0,0,0,0,0,0,42,42,6794830,0,0,0,0,0,0,0,0,0
200501,29,049,2,4,Clinton County                ,6,6,812000,0,0,0,0,0,0,0,0,0,6,6,812000,0,0,0,0,0,0,0,0,0
200501,29,065,2,4,Dent County                   ,0,0,0,0,0,0,0,0,0,0,0,0,0,0,0,0,0,0,0,0,0,0,0,0
200501,29,071,2,4,Franklin County               ,36,36,5829801,0,0,0,0,0,0,0,0,0,17,17,2362961,0,0,0,0,0,0,0,0,0
200501,29,077,2,4,Greene County                 ,140,140,23138945,0,0,0,0,0,0,0,0,0,140,140,23138945,0,0,0,0,0,0,0,0,0
200501,29,079,2,4,Grundy County                 ,1,1,79580,0,0,0,0,0,0,0,0,0,0,0,0,0,0,0,0,0,0,0,0,0
200501,29,095,2,4,Jackson County                ,295,295,44368179,7,14,1387978,0,0,0,1,29,2008308,294,294,44258094,7,14,1387978,0,0,0,1,29,2008308
200501,29,099,2,4,Jefferson County              ,92,92,12687660,1,2,207000,0,0,0,0,0,0,92,92,12687660,1,2,207000,0,0,0,0,0,0
200501,29,105,2,4,Laclede County                ,2,2,193636,1,2,110000,0,0,0,0,0,0,0,0,0,0,0,0,0,0,0,0,0,0
200501,29,107,2,4,Lafayette County              ,6,6,667555,0,0,0,0,0,0,0,0,0,2,2,80000,0,0,0,0,0,0,0,0,0
200501,29,113,2,4,Lincoln County                ,19,19,2010487,0,0,0,0,0,0,0,0,0,19,19,2010487,0,0,0,0,0,0,0,0,0
200501,29,141,2,4,Morgan County                 ,0,0,0,0,0,0,0,0,0,0,0,0,0,0,0,0,0,0,0,0,0,0,0,0
200501,29,161,2,4,Phelps County                 ,4,4,679210,1,2,190120,0,0,0,0,0,0,4,4,679210,1,2,190120,0,0,0,0,0,0
200501,29,165,2,4,Platte County                 ,18,18,3645188,0,0,0,0,0,0,0,0,0,17,17,3545188,0,0,0,0,0,0,0,0,0
200501,29,177,2,4,Ray County                    ,8,8,838375,0,0,0,0,0,0,0,0,0,6,6,613000,0,0,0,0,0,0,0,0,0
200501,29,183,2,4,St. Charles County            ,264,264,37393422,2,4,413000,2,8,680000,0,0,0,264,264,37393422,2,4,413000,2,8,680000,0,0,0
200501,29,189,2,4,St. Louis County              ,139,139,32547243,2,4,270000,1,3,450000,1,14,4472000,136,136,32250493,2,4,270000,1,3,450000,1,14,4472000
200501,29,219,2,4,Warren County                 ,21,21,3098819,1,2,228231,0,0,0,0,0,0,19,19,2598819,1,2,228231,0,0,0,0,0,0
200501,29,221,2,4,Washington County             ,0,0,0,0,0,0,0,0,0,0,0,0,0,0,0,0,0,0,0,0,0,0,0,0
200501,29,510,2,4,St. Louis (Independent City)  ,32,32,5205974,0,0,0,2,7,592274,2,16,1108032,32,32,5205974,0,0,0,2,7,592274,2,16,1108032
200501,30,023,4,8,Deer Lodge County             ,0,0,18000,0,0,0,0,0,0,0,0,0,0,0,18000,0,0,0,0,0,0,0,0,0
200501,30,063,4,8,Missoula County               ,81,81,9782262,0,0,0,0,0,0,2,32,2481704,81,81,9782262,0,0,0,0,0,0,2,32,2481704
200501,31,025,2,4,Cass County                   ,7,7,874746,0,0,0,0,0,0,0,0,0,7,7,874746,0,0,0,0,0,0,0,0,0
200501,31,033,2,4,Cheyenne County               ,1,1,131000,0,0,0,0,0,0,0,0,0,1,1,131000,0,0,0,0,0,0,0,0,0
200501,31,055,2,4,Douglas County                ,125,125,15254996,3,6,539726,1,3,172908,0,0,0,121,121,14759471,3,6,539726,1,3,172908,0,0,0
200501,31,077,2,4,Greeley County                ,0,0,0,0,0,0,0,0,0,0,0,0,0,0,0,0,0,0,0,0,0,0,0,0
200501,31,105,2,4,Kimball County                ,0,0,0,0,0,0,0,0,0,0,0,0,0,0,0,0,0,0,0,0,0,0,0,0
200501,31,153,2,4,Sarpy County                  ,88,88,15120091,0,0,0,0,0,0,0,0,0,88,88,15120091,0,0,0,0,0,0,0,0,0
200501,31,155,2,4,Saunders County               ,4,4,969199,0,0,0,0,0,0,0,0,0,4,4,969199,0,0,0,0,0,0,0,0,0
200501,31,177,2,4,Washington County             ,1,1,185366,0,0,0,0,0,0,0,0,0,1,1,185366,0,0,0,0,0,0,0,0,0
200501,32,001,4,8,Churchill County              ,13,13,1732094,0,0,0,0,0,0,0,0,0,13,13,1732094,0,0,0,0,0,0,0,0,0
200501,32,003,4,8,Clark County                  ,1387,1387,221645619,0,0,0,13,40,3674509,7,242,18767884,1387,1387,221645619,0,0,0,13,40,3674509,7,242,18767884
200501,32,005,4,8,Douglas County                ,96,96,17669205,0,0,0,0,0,0,0,0,0,96,96,17669205,0,0,0,0,0,0,0,0,0
200501,32,007,4,8,Elko County                   ,7,7,155810,0,0,0,0,0,0,0,0,0,7,7,155810,0,0,0,0,0,0,0,0,0
200501,32,013,4,8,Humboldt County               ,3,3,434641,0,0,0,0,0,0,0,0,0,3,3,434641,0,0,0,0,0,0,0,0,0
200501,32,015,4,8,Lander County                 ,0,0,0,0,0,0,0,0,0,0,0,0,0,0,0,0,0,0,0,0,0,0,0,0
200501,32,017,4,8,Lincoln County                ,1,1,75000,0,0,0,0,0,0,0,0,0,1,1,75000,0,0,0,0,0,0,0,0,0
200501,32,019,4,8,Lyon County                   ,32,32,6024914,0,0,0,0,0,0,0,0,0,32,32,6024914,0,0,0,0,0,0,0,0,0
200501,32,021,4,8,Mineral County                ,0,0,0,0,0,0,0,0,0,0,0,0,0,0,0,0,0,0,0,0,0,0,0,0
200501,32,027,4,8,Pershing County               ,0,0,0,0,0,0,0,0,0,0,0,0,0,0,0,0,0,0,0,0,0,0,0,0
200501,32,029,4,8,Storey County                 ,5,5,668105,0,0,0,0,0,0,0,0,0,5,5,668105,0,0,0,0,0,0,0,0,0
200501,32,031,4,8,Washoe County                 ,138,138,24923220,0,0,0,1,3,260000,0,0,0,138,138,24923220,0,0,0,1,3,260000,0,0,0
200501,32,033,4,8,White Pine County             ,1,1,145828,0,0,0,0,0,0,0,0,0,0,0,0,0,0,0,0,0,0,0,0,0
200501,32,510,4,8,Carson City (Independent City),4,4,646664,0,0,0,0,0,0,1,24,1525904,4,4,646664,0,0,0,0,0,0,1,24,1525904
200501,33,015,1,1,Rockingham County             ,66,66,12765256,6,12,1411250,0,0,0,1,9,375000,47,47,9827350,6,12,1411250,0,0,0,0,0,0
200501,33,017,1,1,Strafford County              ,33,33,4653486,1,2,186875,0,0,0,1,5,153846,22,22,3589474,0,0,0,0,0,0,0,0,0
200501,34,001,1,2,Atlantic County               ,102,102,12749027,0,0,0,0,0,0,1,5,12300,75,75,8269229,0,0,0,0,0,0,0,0,0
200501,34,003,1,2,Bergen County                 ,43,43,16377982,9,18,2707572,1,4,128000,2,167,10695860,25,25,11088908,5,10,1896850,1,4,128000,1,160,10609440
200501,34,005,1,2,Burlington County             ,80,80,9956746,0,0,0,0,0,0,1,5,287833,31,31,4763998,0,0,0,0,0,0,0,0,0
200501,34,007,1,2,Camden County                 ,95,95,32643631,0,0,0,0,0,0,3,21,2162871,92,92,32399337,0,0,0,0,0,0,2,11,1450000
200501,34,009,1,2,Cape May County               ,81,81,19464078,31,62,9720000,5,20,1903100,8,132,23446540,79,79,19221899,31,62,9720000,5,20,1903100,8,132,23446540
200501,34,011,1,2,Cumberland County             ,19,19,2131685,0,0,0,0,0,0,0,0,0,16,16,1734049,0,0,0,0,0,0,0,0,0
200501,34,013,1,2,Essex County                  ,64,64,52257455,25,50,4187180,10,30,2148043,2,233,15820266,58,58,51203678,24,48,4082850,9,27,2134168,1,226,14986500
200501,34,015,1,2,Gloucester County             ,94,94,11839675,0,0,0,0,0,0,2,18,993448,56,56,8114304,0,0,0,0,0,0,0,0,0
200501,34,017,1,2,Hudson County                 ,8,8,1195456,20,40,2454548,3,10,526987,3,75,7672524,0,0,0,1,2,182200,0,0,0,0,0,0
200501,34,019,1,2,Hunterdon County              ,34,34,4781609,0,0,0,0,0,0,1,60,3085000,11,11,1881868,0,0,0,0,0,0,1,60,3085000
200501,34,021,1,2,Mercer County                 ,41,41,4388651,0,0,0,1,3,600,1,5,856312,26,26,2969900,0,0,0,1,3,600,0,0,0
200501,34,023,1,2,Middlesex County              ,158,158,24897117,0,0,0,0,0,0,2,13,1033269,150,150,24063049,0,0,0,0,0,0,0,0,0
200501,34,025,1,2,Monmouth County               ,131,131,23320401,0,0,0,0,0,0,3,44,2519043,94,94,17579087,0,0,0,0,0,0,0,0,0
200501,34,027,1,2,Morris County                 ,50,50,12193116,0,0,0,0,0,0,2,12,1066580,24,24,8105943,0,0,0,0,0,0,0,0,0
200501,34,029,1,2,Ocean County                  ,206,206,33939799,4,8,551356,0,0,0,0,0,0,193,193,31881479,4,8,551356,0,0,0,0,0,0
200501,34,031,1,2,Passaic County                ,18,18,2644180,0,0,0,0,0,0,0,0,0,6,6,1273279,0,0,0,0,0,0,0,0,0
200501,34,033,1,2,Salem County                  ,8,8,698463,0,0,0,0,0,0,1,10,663090,7,7,521884,0,0,0,0,0,0,1,10,663090
200501,34,035,1,2,Somerset County               ,59,59,10149925,0,0,0,1,3,1000,1,8,530472,57,57,9919709,0,0,0,0,0,0,1,8,530472
200501,34,037,1,2,Sussex County                 ,28,28,5631173,0,0,0,0,0,0,0,0,0,20,20,4235345,0,0,0,0,0,0,0,0,0
200501,34,039,1,2,Union County                  ,26,26,5401186,16,32,1941850,0,0,0,2,36,1783498,20,20,4497090,0,0,0,0,0,0,0,0,0
200501,34,041,1,2,Warren County                 ,30,30,3557699,0,0,0,0,0,0,0,0,0,3,3,462235,0,0,0,0,0,0,0,0,0
200501,35,000,4,8,New Mexico Balance of State   ,113,113,26383625,0,0,0,0,0,0,0,0,0,113,113,26383625,0,0,0,0,0,0,0,0,0
200501,35,001,4,8,Bernalillo County             ,403,403,47132753,9,18,1128294,2,7,394407,2,53,1849444,0,0,0,0,0,0,0,0,0,0,0,0
200501,35,005,4,8,Chaves County                 ,5,5,939673,0,0,0,0,0,0,0,0,0,3,3,706000,0,0,0,0,0,0,0,0,0
200501,35,007,4,8,Colfax County                 ,5,5,1102532,0,0,0,0,0,0,0,0,0,0,0,0,0,0,0,0,0,0,0,0,0
200501,35,009,4,8,Curry County                  ,7,7,1098546,1,2,180207,0,0,0,1,5,160000,0,0,0,0,0,0,0,0,0,0,0,0
200501,35,013,4,8,Dona Ana County               ,111,111,22202342,0,0,0,0,0,0,3,35,1373403,47,47,13146588,0,0,0,0,0,0,0,0,0
200501,35,015,4,8,Eddy County                   ,5,5,499593,0,0,0,0,0,0,0,0,0,0,0,0,0,0,0,0,0,0,0,0,0
200501,35,025,4,8,Lea County                    ,3,3,665450,0,0,0,0,0,0,0,0,0,3,3,665450,0,0,0,0,0,0,0,0,0
200501,35,027,4,8,Lincoln County                ,13,13,2224972,0,0,0,0,0,0,0,0,0,0,0,0,0,0,0,0,0,0,0,0,0
200501,35,028,4,8,Los Alamos County             ,7,7,2024821,0,0,0,1,3,343732,0,0,0,0,0,0,0,0,0,0,0,0,0,0,0
200501,35,029,4,8,Luna County                   ,4,4,378767,0,0,0,0,0,0,0,0,0,4,4,378767,0,0,0,0,0,0,0,0,0
200501,35,031,4,8,McKinley County               ,0,0,0,0,0,0,0,0,0,0,0,0,0,0,0,0,0,0,0,0,0,0,0,0
200501,35,035,4,8,Otero County                  ,21,21,3334251,3,6,507303,7,26,1793142,6,30,2069010,21,21,3334251,3,6,507303,7,26,1793142,6,30,2069010
200501,35,039,4,8,Rio Arriba County             ,1,1,147950,0,0,0,0,0,0,0,0,0,0,0,0,0,0,0,0,0,0,0,0,0
200501,35,041,4,8,Roosevelt County              ,4,4,500000,2,4,224000,0,0,0,0,0,0,4,4,500000,2,4,224000,0,0,0,0,0,0
200501,35,043,4,8,Sandoval County               ,75,75,7115781,0,0,0,0,0,0,0,0,0,0,0,0,0,0,0,0,0,0,0,0,0
200501,35,045,4,8,San Juan County               ,24,24,4071269,0,0,0,0,0,0,0,0,0,24,24,4071269,0,0,0,0,0,0,0,0,0
200501,35,049,4,8,Santa Fe County               ,41,41,5168417,0,0,0,0,0,0,0,0,0,0,0,0,0,0,0,0,0,0,0,0,0
200501,35,051,4,8,Sierra County                 ,0,0,0,0,0,0,0,0,0,0,0,0,0,0,0,0,0,0,0,0,0,0,0,0
200501,35,053,4,8,Socorro County                ,1,1,55000,0,0,0,0,0,0,0,0,0,1,1,55000,0,0,0,0,0,0,0,0,0
200501,35,055,4,8,Taos County                   ,14,14,1726052,0,0,0,0,0,0,0,0,0,1,1,300000,0,0,0,0,0,0,0,0,0
200501,35,061,4,8,Valencia County               ,24,24,2553704,0,0,0,0,0,0,0,0,0,0,0,0,0,0,0,0,0,0,0,0,0
200501,36,005,1,2,Bronx County                  ,6,6,981473,15,30,2551781,28,84,6639635,7,119,7890771,6,6,981473,15,30,2551781,28,84,6639635,7,119,7890771
200501,36,047,1,2,Kings County                  ,1,1,163579,35,70,5954155,26,84,6639635,31,666,44161794,1,1,163579,35,70,5954155,26,84,6639635,31,666,44161794
200501,36,059,1,2,Nassau County                 ,38,38,13116959,0,0,0,0,0,0,0,0,0,24,24,11600523,0,0,0,0,0,0,0,0,0
200501,36,061,1,2,New York County               ,0,0,0,0,0,0,2,8,632346,6,437,28977033,0,0,0,0,0,0,2,8,632346,6,437,28977033
200501,36,079,1,2,Putnam County                 ,13,13,3092661,0,0,0,0,0,0,0,0,0,5,5,1165000,0,0,0,0,0,0,0,0,0
200501,36,081,1,2,Queens County                 ,19,19,3107999,41,82,6974867,54,166,13121183,5,52,3448068,19,19,3107999,41,82,6974867,54,166,13121183,5,52,3448068
200501,36,085,1,2,Richmond County               ,24,24,3925894,17,34,2892018,0,0,0,0,0,0,24,24,3925894,17,34,2892018,0,0,0,0,0,0
200501,36,087,1,2,Rockland County               ,11,11,3200186,0,0,0,1,4,183888,2,11,865545,9,9,2873000,0,0,0,0,0,0,1,5,331545
200501,36,103,1,2,Suffolk County                ,264,264,46232729,0,0,0,1,3,329490,4,28,1957231,235,235,40582912,0,0,0,0,0,0,2,16,1060944
200501,36,119,1,2,Westchester County            ,48,48,13215941,5,10,958075,0,0,0,3,18,2025429,20,20,5449530,2,4,479000,0,0,0,0,0,0
200501,37,003,3,5,Alexander County              ,12,12,2335600,0,0,0,0,0,0,0,0,0,12,12,2335600,0,0,0,0,0,0,0,0,0
200501,37,007,3,5,Anson County                  ,5,5,781605,0,0,0,0,0,0,0,0,0,5,5,781605,0,0,0,0,0,0,0,0,0
200501,37,009,3,5,Ashe County                   ,19,19,2814580,0,0,0,0,0,0,0,0,0,19,19,2814580,0,0,0,0,0,0,0,0,0
200501,37,019,3,5,Brunswick County              ,259,259,37534415,0,0,0,0,0,0,6,36,4154400,86,86,14798224,0,0,0,0,0,0,6,36,4154400
200501,37,025,3,5,Cabarrus County               ,149,149,20524476,0,0,0,0,0,0,1,18,100520,149,149,20524476,0,0,0,0,0,0,1,18,100520
200501,37,027,3,5,Caldwell County               ,29,29,3521400,0,0,0,0,0,0,0,0,0,29,29,3521400,0,0,0,0,0,0,0,0,0
200501,37,037,3,5,Chatham County                ,53,53,12129326,0,0,0,0,0,0,0,0,0,2,2,235000,0,0,0,0,0,0,0,0,0
200501,37,039,3,5,Cherokee County               ,53,53,6029802,0,0,0,0,0,0,0,0,0,53,53,6029802,0,0,0,0,0,0,0,0,0
200501,37,049,3,5,Craven County                 ,56,56,6473999,0,0,0,0,0,0,1,6,578182,8,8,1215180,0,0,0,0,0,0,0,0,0
200501,37,053,3,5,Currituck County              ,30,30,8479369,0,0,0,0,0,0,0,0,0,30,30,8479369,0,0,0,0,0,0,0,0,0
200501,37,059,3,5,Davie County                  ,33,33,6200218,0,0,0,0,0,0,0,0,0,33,33,6200218,0,0,0,0,0,0,0,0,0
200501,37,063,3,5,Durham County                 ,158,158,23476243,0,0,0,0,0,0,0,0,0,158,158,23476243,0,0,0,0,0,0,0,0,0
200501,37,067,3,5,Forsyth County                ,225,225,26749173,0,0,0,0,0,0,0,0,0,225,225,26749173,0,0,0,0,0,0,0,0,0
200501,37,069,3,5,Franklin County               ,59,59,9567187,0,0,0,0,0,0,0,0,0,59,59,9567187,0,0,0,0,0,0,0,0,0
200501,37,071,3,5,Gaston County                 ,98,98,13788604,3,6,435344,0,0,0,4,32,3425601,98,98,13788604,3,6,435344,0,0,0,4,32,3425601
200501,37,081,3,5,Guilford County               ,260,260,46690312,1,2,75500,0,0,0,1,12,705639,260,260,46690312,1,2,75500,0,0,0,1,12,705639
200501,37,089,3,5,Henderson County              ,63,63,10989740,1,2,90000,0,0,0,0,0,0,63,63,10989740,1,2,90000,0,0,0,0,0,0
200501,37,097,3,5,Iredell County                ,141,141,21559457,0,0,0,0,0,0,4,43,2631936,0,0,0,0,0,0,0,0,0,0,0,0
200501,37,099,3,5,Jackson County                ,36,36,11028203,0,0,0,1,4,1000000,0,0,0,36,36,11028203,0,0,0,1,4,1000000,0,0,0
200501,37,101,3,5,Johnston County               ,113,113,15071446,0,0,0,0,0,0,1,5,171250,90,90,12579414,0,0,0,0,0,0,0,0,0
200501,37,109,3,5,Lincoln County                ,51,51,6784414,1,2,86846,1,3,166667,0,0,0,0,0,0,0,0,0,0,0,0,0,0,0
200501,37,113,3,5,Macon County                  ,25,25,4601275,0,0,0,0,0,0,0,0,0,25,25,4601275,0,0,0,0,0,0,0,0,0
200501,37,119,3,5,Mecklenburg County            ,524,524,71618437,1,2,144804,0,0,0,4,40,2649680,524,524,71618437,1,2,144804,0,0,0,4,40,2649680
200501,37,129,3,5,New Hanover County            ,187,187,29287511,2,4,431491,0,0,0,0,0,0,172,172,27863279,1,2,185232,0,0,0,0,0,0
200501,37,135,3,5,Orange County                 ,89,89,18573728,1,2,213514,0,0,0,0,0,0,33,33,9938975,0,0,0,0,0,0,0,0,0
200501,37,137,3,5,Pamlico County                ,6,6,1086282,1,2,140100,0,0,0,0,0,0,0,0,0,0,0,0,0,0,0,0,0,0
200501,37,141,3,5,Pender County                 ,69,69,9182005,5,10,1366392,0,0,0,0,0,0,68,68,9062730,5,10,1366392,0,0,0,0,0,0
200501,37,145,3,5,Person County                 ,22,22,3588000,0,0,0,0,0,0,0,0,0,22,22,3588000,0,0,0,0,0,0,0,0,0
200501,37,149,3,5,Polk County                   ,16,16,2662571,0,0,0,0,0,0,0,0,0,16,16,2662571,0,0,0,0,0,0,0,0,0
200501,37,151,3,5,Randolph County               ,33,33,3968100,5,10,267000,0,0,0,0,0,0,33,33,3968100,5,10,267000,0,0,0,0,0,0
200501,37,157,3,5,Rockingham County             ,25,25,3878242,0,0,0,0,0,0,0,0,0,24,24,3761813,0,0,0,0,0,0,0,0,0
200501,37,159,3,5,Rowan County                  ,62,62,10573000,0,0,0,0,0,0,0,0,0,62,62,10573000,0,0,0,0,0,0,0,0,0
200501,37,163,3,5,Sampson County                ,15,15,1913000,0,0,0,0,0,0,0,0,0,15,15,1913000,0,0,0,0,0,0,0,0,0
200501,37,167,3,5,Stanly County                 ,29,29,3040446,0,0,0,0,0,0,1,5,267480,0,0,0,0,0,0,0,0,0,0,0,0
200501,37,171,3,5,Surry County                  ,19,19,2481913,0,0,0,0,0,0,0,0,0,0,0,0,0,0,0,0,0,0,0,0,0
200501,37,175,3,5,Transylvania County           ,10,10,2041650,0,0,0,0,0,0,0,0,0,10,10,2041650,0,0,0,0,0,0,0,0,0
200501,37,179,3,5,Union County                  ,254,254,44582381,0,0,0,0,0,0,0,0,0,254,254,44582381,0,0,0,0,0,0,0,0,0
200501,37,183,3,5,Wake County                   ,811,811,147284545,13,26,1760420,0,0,0,0,0,0,811,811,147284545,13,26,1760420,0,0,0,0,0,0
200501,37,195,3,5,Wilson County                 ,25,25,2779113,0,0,0,0,0,0,0,0,0,25,25,2779113,0,0,0,0,0,0,0,0,0
200501,39,015,2,3,Brown County                  ,4,4,628000,0,0,0,0,0,0,0,0,0,4,4,628000,0,0,0,0,0,0,0,0,0
200501,39,017,2,3,Butler County                 ,114,114,21468017,0,0,0,0,0,0,2,16,1000000,107,107,20466486,0,0,0,0,0,0,2,16,1000000
200501,39,025,2,3,Clermont County               ,76,76,12241474,0,0,0,2,8,454836,0,0,0,76,76,12241474,0,0,0,2,8,454836,0,0,0
200501,39,035,2,3,Cuyahoga County               ,87,87,17266994,0,0,0,0,0,0,1,5,203614,44,44,10960445,0,0,0,0,0,0,0,0,0
200501,39,041,2,3,Delaware County               ,113,113,20930697,0,0,0,0,0,0,0,0,0,113,113,20930697,0,0,0,0,0,0,0,0,0
200501,39,045,2,3,Fairfield County              ,32,32,6178778,0,0,0,0,0,0,0,0,0,13,13,2046103,0,0,0,0,0,0,0,0,0
200501,39,049,2,3,Franklin County               ,238,238,49897735,0,0,0,0,0,0,11,119,7065512,228,228,48224895,0,0,0,0,0,0,11,119,7065512
200501,39,055,2,3,Geauga County                 ,20,20,6378297,0,0,0,0,0,0,0,0,0,20,20,6378297,0,0,0,0,0,0,0,0,0
200501,39,061,2,3,Hamilton County               ,120,120,24804461,0,0,0,1,4,327000,0,0,0,119,119,24635650,0,0,0,1,4,327000,0,0,0
200501,39,085,2,3,Lake County                   ,30,30,6342793,0,0,0,1,3,280000,0,0,0,28,28,6065373,0,0,0,0,0,0,0,0,0
200501,39,089,2,3,Licking County                ,48,48,9818328,0,0,0,0,0,0,0,0,0,48,48,9818328,0,0,0,0,0,0,0,0,0
200501,39,093,2,3,Lorain County                 ,118,118,23693166,3,6,608000,0,0,0,1,14,518000,111,111,22708228,3,6,608000,0,0,0,1,14,518000
200501,39,097,2,3,Madison County                ,6,6,787599,0,0,0,0,0,0,0,0,0,2,2,325373,0,0,0,0,0,0,0,0,0
200501,39,103,2,3,Medina County                 ,93,93,15908396,0,0,0,0,0,0,1,6,415512,93,93,15908396,0,0,0,0,0,0,1,6,415512
200501,39,117,2,3,Morrow County                 ,7,7,1085055,0,0,0,0,0,0,0,0,0,6,6,992747,0,0,0,0,0,0,0,0,0
200501,39,129,2,3,Pickaway County               ,8,8,1430586,0,0,0,0,0,0,0,0,0,7,7,1275374,0,0,0,0,0,0,0,0,0
200501,39,159,2,3,Union County                  ,25,25,4473827,0,0,0,0,0,0,0,0,0,25,25,4473827,0,0,0,0,0,0,0,0,0
200501,39,165,2,3,Warren County                 ,139,139,24010279,1,2,114624,3,11,1234869,0,0,0,137,137,23761313,1,2,114624,3,11,1234869,0,0,0
200501,39,169,2,3,Wayne County                  ,15,15,2448495,0,0,0,0,0,0,0,0,0,15,15,2448495,0,0,0,0,0,0,0,0,0
200501,40,017,3,7,Canadian County               ,33,33,4510400,0,0,0,0,0,0,0,0,0,32,32,4411900,0,0,0,0,0,0,0,0,0
200501,40,021,3,7,Cherokee County               ,6,6,580006,0,0,0,0,0,0,1,15,1064674,0,0,0,0,0,0,0,0,0,0,0,0
200501,40,027,3,7,Cleveland County              ,93,93,13105092,0,0,0,0,0,0,7,128,8479000,91,91,12972878,0,0,0,0,0,0,7,128,8479000
200501,40,029,3,7,Coal County                   ,0,0,0,0,0,0,0,0,0,0,0,0,0,0,0,0,0,0,0,0,0,0,0,0
200501,40,037,3,7,Creek County                  ,10,10,1017864,0,0,0,0,0,0,0,0,0,8,8,794900,0,0,0,0,0,0,0,0,0
200501,40,051,3,7,Grady County                  ,6,6,921881,0,0,0,0,0,0,0,0,0,1,1,103000,0,0,0,0,0,0,0,0,0
200501,40,081,3,7,Lincoln County                ,2,2,148000,0,0,0,0,0,0,0,0,0,2,2,148000,0,0,0,0,0,0,0,0,0
200501,40,083,3,7,Logan County                  ,0,0,0,0,0,0,0,0,0,0,0,0,0,0,0,0,0,0,0,0,0,0,0,0
200501,40,087,3,7,McClain County                ,22,22,2598108,0,0,0,0,0,0,0,0,0,19,19,2375406,0,0,0,0,0,0,0,0,0
200501,40,099,3,7,Murray County                 ,3,3,251176,0,0,0,0,0,0,0,0,0,1,1,80000,0,0,0,0,0,0,0,0,0
200501,40,109,3,7,Oklahoma County               ,354,354,60042045,1,2,144804,0,0,0,1,103,10800000,353,353,59842045,1,2,144804,0,0,0,1,103,10800000
200501,40,111,3,7,Okmulgee County               ,0,0,0,0,0,0,0,0,0,0,0,0,0,0,0,0,0,0,0,0,0,0,0,0
200501,40,113,3,7,Osage County                  ,12,12,1632000,0,0,0,0,0,0,0,0,0,12,12,1632000,0,0,0,0,0,0,0,0,0
200501,40,117,3,7,Pawnee County                 ,0,0,0,0,0,0,0,0,0,0,0,0,0,0,0,0,0,0,0,0,0,0,0,0
200501,40,131,3,7,Rogers County                 ,28,28,5041438,6,12,631170,0,0,0,0,0,0,27,27,4943105,6,12,631170,0,0,0,0,0,0
200501,40,143,3,7,Tulsa County                  ,198,198,32148801,0,0,0,0,0,0,0,0,0,196,196,31964878,0,0,0,0,0,0,0,0,0
200501,40,145,3,7,Wagoner County                ,37,37,5064441,0,0,0,0,0,0,0,0,0,37,37,5064441,0,0,0,0,0,0,0,0,0
200501,41,000,4,9,Oregon Balance of State       ,13,13,2188379,0,0,0,0,0,0,0,0,0,13,13,2188379,0,0,0,0,0,0,0,0,0
200501,41,001,4,9,Baker County                  ,0,0,0,0,0,0,0,0,0,0,0,0,0,0,0,0,0,0,0,0,0,0,0,0
200501,41,005,4,9,Clackamas County              ,125,125,26147822,0,0,0,0,0,0,0,0,0,92,92,17553531,0,0,0,0,0,0,0,0,0
200501,41,009,4,9,Columbia County               ,29,29,4744346,0,0,0,3,10,350860,0,0,0,19,19,3057258,0,0,0,3,10,350860,0,0,0
200501,41,017,4,9,Deschutes County              ,224,224,45782449,5,10,1299092,1,3,292124,0,0,0,224,224,45782449,5,10,1299092,1,3,292124,0,0,0
200501,41,019,4,9,Douglas County                ,30,30,4707442,1,2,223605,3,11,916225,0,0,0,30,30,4707442,1,2,223605,3,11,916225,0,0,0
200501,41,025,4,9,Harney County                 ,1,1,106583,0,0,0,0,0,0,0,0,0,0,0,0,0,0,0,0,0,0,0,0,0
200501,41,033,4,9,Josephine County              ,36,36,6114250,6,12,1111664,0,0,0,0,0,0,19,19,3514503,6,12,1111664,0,0,0,0,0,0
200501,41,035,4,9,Klamath County                ,21,21,5119773,6,12,1533420,0,0,0,0,0,0,21,21,5119773,6,12,1533420,0,0,0,0,0,0
200501,41,045,4,9,Malheur County                ,2,2,476003,0,0,0,0,0,0,0,0,0,0,0,0,0,0,0,0,0,0,0,0,0
200501,41,051,4,9,Multnomah County              ,137,137,22752240,9,18,1979482,18,69,6084068,8,58,4585130,137,137,22752240,9,18,1979482,18,69,6084068,8,58,4585130
200501,41,059,4,9,Umatilla County               ,5,5,788846,0,0,0,0,0,0,0,0,0,5,5,788846,0,0,0,0,0,0,0,0,0
200501,41,061,4,9,Union County                  ,2,2,143904,0,0,0,0,0,0,0,0,0,2,2,143904,0,0,0,0,0,0,0,0,0
200501,41,067,4,9,Washington County             ,228,228,47896817,2,4,481826,11,44,4351920,10,66,5688566,225,225,47329355,2,4,481826,11,44,4351920,10,66,5688566
200501,41,071,4,9,Yamhill County                ,50,50,7975997,2,4,340322,0,0,0,1,7,210626,28,28,4438592,1,2,173097,0,0,0,0,0,0
200501,42,001,1,2,Adams County                  ,39,39,7191534,0,0,0,0,0,0,0,0,0,39,39,7191534,0,0,0,0,0,0,0,0,0
200501,42,003,1,2,Allegheny County              ,75,75,13820500,0,0,0,2,7,220782,2,20,1437893,51,51,10160273,0,0,0,0,0,0,0,0,0
200501,42,005,1,2,Armstrong County              ,3,3,252122,0,0,0,1,3,131250,0,0,0,0,0,0,0,0,0,0,0,0,0,0,0
200501,42,007,1,2,Beaver County                 ,23,23,4211219,0,0,0,1,3,45000,0,0,0,20,20,3837050,0,0,0,0,0,0,0,0,0
200501,42,017,1,2,Bucks County                  ,110,110,21852233,0,0,0,0,0,0,1,32,1259832,83,83,17613787,0,0,0,0,0,0,0,0,0
200501,42,019,1,2,Butler County                 ,39,39,8174604,0,0,0,2,8,425000,1,5,180089,26,26,6284320,0,0,0,2,8,425000,0,0,0
200501,42,025,1,2,Carbon County                 ,14,14,1723226,0,0,0,0,0,0,0,0,0,11,11,1244958,0,0,0,0,0,0,0,0,0
200501,42,029,1,2,Chester County                ,172,172,32319831,0,0,0,0,0,0,1,6,452052,138,138,26470480,0,0,0,0,0,0,0,0,0
200501,42,045,1,2,Delaware County               ,36,36,8373645,2,4,380000,1,3,410000,0,0,0,26,26,6506838,2,4,380000,0,0,0,0,0,0
200501,42,051,1,2,Fayette County                ,13,13,1491685,0,0,0,1,3,100000,0,0,0,2,2,205000,0,0,0,0,0,0,0,0,0
200501,42,055,1,2,Franklin County               ,35,35,5729000,0,0,0,0,0,0,0,0,0,35,35,5729000,0,0,0,0,0,0,0,0,0
200501,42,065,1,2,Jefferson County              ,3,3,205870,0,0,0,0,0,0,0,0,0,3,3,205870,0,0,0,0,0,0,0,0,0
200501,42,077,1,2,Lehigh County                 ,84,84,12593639,1,2,100000,0,0,0,0,0,0,72,72,10698517,1,2,100000,0,0,0,0,0,0
200501,42,091,1,2,Montgomery County             ,157,157,28596714,0,0,0,0,0,0,0,0,0,125,125,23702149,0,0,0,0,0,0,0,0,0
200501,42,095,1,2,Northampton County            ,89,89,15743701,0,0,0,1,3,292100,1,6,468000,68,68,12510312,0,0,0,1,3,292100,0,0,0
200501,42,101,1,2,Philadelphia County           ,18,18,2944420,4,8,680475,2,7,553303,6,83,5503647,18,18,2944420,4,8,680475,2,7,553303,6,83,5503647
200501,42,103,1,2,Pike County                   ,29,29,4915364,0,0,0,0,0,0,0,0,0,21,21,3648352,0,0,0,0,0,0,0,0,0
200501,42,125,1,2,Washington County             ,33,33,6243738,1,2,279740,0,0,0,1,5,603582,23,23,4689000,0,0,0,0,0,0,0,0,0
200501,42,129,1,2,Westmoreland County           ,46,46,7786534,0,0,0,0,0,0,1,5,125000,21,21,3792214,0,0,0,0,0,0,0,0,0
200501,44,001,1,1,Bristol County                ,3,3,415000,0,0,0,1,4,246000,0,0,0,3,3,415000,0,0,0,1,4,246000,0,0,0
200501,44,003,1,1,Kent County                   ,13,13,2400756,0,0,0,0,0,0,1,5,266955,6,6,944442,0,0,0,0,0,0,0,0,0
200501,44,005,1,1,Newport County                ,11,11,1871000,0,0,0,0,0,0,0,0,0,11,11,1871000,0,0,0,0,0,0,0,0,0
200501,44,007,1,1,Providence County             ,47,47,6920061,6,12,624633,0,0,0,1,8,573728,38,38,6067611,5,10,494400,0,0,0,0,0,0
200501,44,009,1,1,Washington County             ,25,25,4441107,0,0,0,0,0,0,0,0,0,19,19,3491721,0,0,0,0,0,0,0,0,0
200501,45,009,3,5,Bamberg County                ,1,1,136676,0,0,0,0,0,0,0,0,0,1,1,136676,0,0,0,0,0,0,0,0,0
200501,45,015,3,5,Berkeley County               ,110,110,14556680,0,0,0,1,3,265141,3,24,1372700,42,42,5343421,0,0,0,0,0,0,0,0,0
200501,45,017,3,5,Calhoun County                ,3,3,538450,0,0,0,0,0,0,0,0,0,3,3,538450,0,0,0,0,0,0,0,0,0
200501,45,019,3,5,Charleston County             ,267,267,40933692,0,0,0,0,0,0,8,98,4075682,178,178,30177431,0,0,0,0,0,0,3,24,720000
200501,45,035,3,5,Dorchester County             ,89,89,12540424,0,0,0,0,0,0,5,120,8398536,59,59,7951985,0,0,0,0,0,0,5,120,8398536
200501,45,039,3,5,Fairfield County              ,10,10,1072871,0,0,0,0,0,0,0,0,0,3,3,261000,0,0,0,0,0,0,0,0,0
200501,45,045,3,5,Greenville County             ,321,321,32841610,2,4,219214,0,0,0,0,0,0,264,264,26874118,0,0,0,0,0,0,0,0,0
200501,45,047,3,5,Greenwood County              ,17,17,1797099,1,2,311100,0,0,0,0,0,0,17,17,1797099,1,2,311100,0,0,0,0,0,0
200501,45,055,3,5,Kershaw County                ,43,43,4346536,0,0,0,0,0,0,0,0,0,42,42,4237598,0,0,0,0,0,0,0,0,0
200501,45,059,3,5,Laurens County                ,11,11,1127827,0,0,0,0,0,0,0,0,0,9,9,964812,0,0,0,0,0,0,0,0,0
200501,45,063,3,5,Lexington County              ,157,157,20608686,0,0,0,1,3,126000,0,0,0,154,154,19986322,0,0,0,1,3,126000,0,0,0
200501,45,077,3,5,Pickens County                ,52,52,7934512,2,4,318000,0,0,0,1,5,156667,40,40,6632272,2,4,318000,0,0,0,0,0,0
200501,45,079,3,5,Richland County               ,252,252,31173825,0,0,0,0,0,0,5,71,4020563,44,44,7338338,0,0,0,0,0,0,0,0,0
200501,45,081,3,5,Saluda County                 ,4,4,618792,0,0,0,0,0,0,0,0,0,4,4,618792,0,0,0,0,0,0,0,0,0
200501,45,091,3,5,York County                   ,291,291,40261133,0,0,0,0,0,0,0,0,0,291,291,40261133,0,0,0,0,0,0,0,0,0
200501,46,005,2,4,Beadle County                 ,0,0,0,0,0,0,0,0,0,0,0,0,0,0,0,0,0,0,0,0,0,0,0,0
200501,46,069,2,4,Hyde County                   ,0,0,0,0,0,0,0,0,0,0,0,0,0,0,0,0,0,0,0,0,0,0,0,0
200501,46,121,2,4,Todd County                   ,0,0,0,0,0,0,0,0,0,0,0,0,0,0,0,0,0,0,0,0,0,0,0,0
200501,47,011,3,6,Bradley County                ,43,43,6151700,2,4,340000,0,0,0,0,0,0,43,43,6151700,2,4,340000,0,0,0,0,0,0
200501,47,015,3,6,Cannon County                 ,0,0,0,0,0,0,0,0,0,0,0,0,0,0,0,0,0,0,0,0,0,0,0,0
200501,47,021,3,6,Cheatham County               ,9,9,1498500,0,0,0,1,4,483000,0,0,0,5,5,798500,0,0,0,0,0,0,0,0,0
200501,47,025,3,6,Claiborne County              ,15,15,1378852,0,0,0,0,0,0,0,0,0,0,0,0,0,0,0,0,0,0,0,0,0
200501,47,037,3,6,Davidson County               ,290,290,41154100,8,16,1158429,0,0,0,0,0,0,289,289,40636832,8,16,1158429,0,0,0,0,0,0
200501,47,039,3,6,Decatur County                ,0,0,0,0,0,0,0,0,0,0,0,0,0,0,0,0,0,0,0,0,0,0,0,0
200501,47,043,3,6,Dickson County                ,5,5,580622,1,2,50000,0,0,0,0,0,0,4,4,520622,0,0,0,0,0,0,0,0,0
200501,47,047,3,6,Fayette County                ,20,20,7010621,0,0,0,0,0,0,0,0,0,10,10,5707000,0,0,0,0,0,0,0,0,0
200501,47,049,3,6,Fentress County               ,0,0,0,1,2,25000,0,0,0,0,0,0,0,0,0,0,0,0,0,0,0,0,0,0
200501,47,063,3,6,Hamblen County                ,21,21,2618910,1,2,240000,0,0,0,0,0,0,21,21,2618910,1,2,240000,0,0,0,0,0,0
200501,47,071,3,6,Hardin County                 ,0,0,0,0,0,0,0,0,0,0,0,0,0,0,0,0,0,0,0,0,0,0,0,0
200501,47,081,3,6,Hickman County                ,0,0,0,0,0,0,0,0,0,0,0,0,0,0,0,0,0,0,0,0,0,0,0,0
200501,47,091,3,6,Johnson County                ,0,0,0,0,0,0,0,0,0,0,0,0,0,0,0,0,0,0,0,0,0,0,0,0
200501,47,093,3,6,Knox County                   ,245,245,27589911,1,2,95300,1,3,563508,0,0,0,245,245,27589911,1,2,95300,1,3,563508,0,0,0
200501,47,111,3,6,Macon County                  ,0,0,0,0,0,0,0,0,0,0,0,0,0,0,0,0,0,0,0,0,0,0,0,0
200501,47,113,3,6,Madison County                ,48,48,5825060,0,0,0,0,0,0,0,0,0,48,48,5825060,0,0,0,0,0,0,0,0,0
200501,47,125,3,6,Montgomery County             ,153,153,13947977,0,0,0,0,0,0,0,0,0,153,153,13947977,0,0,0,0,0,0,0,0,0
200501,47,141,3,6,Putnam County                 ,28,28,3022400,3,6,193014,0,0,0,8,99,4016299,28,28,3022400,3,6,193014,0,0,0,8,99,4016299
200501,47,147,3,6,Robertson County              ,32,32,3462303,0,0,0,0,0,0,0,0,0,32,32,3462303,0,0,0,0,0,0,0,0,0
200501,47,149,3,6,Rutherford County             ,277,277,34170012,1,2,174266,0,0,0,10,219,15934752,277,277,34170012,1,2,174266,0,0,0,10,219,15934752
200501,47,157,3,6,Shelby County                 ,458,458,83208597,0,0,0,0,0,0,0,0,0,458,458,83208597,0,0,0,0,0,0,0,0,0
200501,47,159,3,6,Smith County                  ,6,6,722132,0,0,0,0,0,0,1,72,4769424,5,5,683382,0,0,0,0,0,0,1,72,4769424
200501,47,165,3,6,Sumner County                 ,81,81,12259200,2,4,55760,2,6,605436,0,0,0,81,81,12259200,2,4,55760,2,6,605436,0,0,0
200501,47,167,3,6,Tipton County                 ,37,37,3821972,0,0,0,0,0,0,0,0,0,23,23,2485630,0,0,0,0,0,0,0,0,0
200501,47,169,3,6,Trousdale County              ,1,1,94000,0,0,0,0,0,0,0,0,0,1,1,94000,0,0,0,0,0,0,0,0,0
200501,47,179,3,6,Washington County             ,61,61,9204431,0,0,0,0,0,0,0,0,0,27,27,4961601,0,0,0,0,0,0,0,0,0
200501,47,187,3,6,Williamson County             ,122,122,31849767,0,0,0,0,0,0,0,0,0,122,122,31849767,0,0,0,0,0,0,0,0,0
200501,47,189,3,6,Wilson County                 ,123,123,18726576,3,6,390000,0,0,0,0,0,0,122,122,18667276,3,6,390000,0,0,0,0,0,0
200501,48,013,3,7,Atascosa County               ,5,5,520093,0,0,0,0,0,0,0,0,0,3,3,375000,0,0,0,0,0,0,0,0,0
200501,48,015,3,7,Austin County                 ,0,0,0,0,0,0,0,0,0,0,0,0,0,0,0,0,0,0,0,0,0,0,0,0
200501,48,019,3,7,Bandera County                ,0,0,0,0,0,0,0,0,0,0,0,0,0,0,0,0,0,0,0,0,0,0,0,0
200501,48,021,3,7,Bastrop County                ,15,15,1057228,0,0,0,1,4,138525,0,0,0,1,1,120000,0,0,0,0,0,0,0,0,0
200501,48,029,3,7,Bexar County                  ,727,727,98037350,4,8,488088,10,40,2130873,13,278,20369060,704,704,95472633,4,8,488088,10,40,2130873,13,278,20369060
200501,48,039,3,7,Brazoria County               ,285,285,47661880,0,0,0,0,0,0,25,588,19968463,285,285,47661880,0,0,0,0,0,0,25,588,19968463
200501,48,041,3,7,Brazos County                 ,62,62,9629365,2,4,370524,25,100,3875000,10,204,10811532,62,62,9629365,2,4,370524,25,100,3875000,10,204,10811532
200501,48,055,3,7,Caldwell County               ,4,4,393364,0,0,0,0,0,0,0,0,0,4,4,393364,0,0,0,0,0,0,0,0,0
200501,48,063,3,7,Camp County                   ,2,2,95000,0,0,0,0,0,0,0,0,0,2,2,95000,0,0,0,0,0,0,0,0,0
200501,48,071,3,7,Chambers County               ,36,36,4716969,0,0,0,0,0,0,0,0,0,36,36,4716969,0,0,0,0,0,0,0,0,0
200501,48,085,3,7,Collin County                 ,863,863,170700156,0,0,0,0,0,0,7,62,1884872,789,789,158431768,0,0,0,0,0,0,7,62,1884872
200501,48,091,3,7,Comal County                  ,131,131,24927137,3,6,292685,0,0,0,0,0,0,130,130,24785110,3,6,292685,0,0,0,0,0,0
200501,48,113,3,7,Dallas County                 ,665,665,112537218,1,2,144804,0,0,0,81,588,26761200,654,654,111191796,1,2,144804,0,0,0,81,588,26761200
200501,48,117,3,7,Deaf Smith County             ,1,1,80000,0,0,0,0,0,0,0,0,0,1,1,80000,0,0,0,0,0,0,0,0,0
200501,48,119,3,7,Delta County                  ,0,0,0,0,0,0,0,0,0,0,0,0,0,0,0,0,0,0,0,0,0,0,0,0
200501,48,121,3,7,Denton County                 ,271,271,42146616,3,6,238800,0,0,0,1,16,1052949,229,229,35397004,3,6,238800,0,0,0,0,0,0
200501,48,133,3,7,Eastland County               ,0,0,0,0,0,0,0,0,0,0,0,0,0,0,0,0,0,0,0,0,0,0,0,0
200501,48,135,3,7,Ector County                  ,13,13,1836949,0,0,0,0,0,0,0,0,0,13,13,1836949,0,0,0,0,0,0,0,0,0
200501,48,139,3,7,Ellis County                  ,108,108,14515141,0,0,0,0,0,0,0,0,0,62,62,9639507,0,0,0,0,0,0,0,0,0
200501,48,151,3,7,Fisher County                 ,0,0,0,0,0,0,0,0,0,0,0,0,0,0,0,0,0,0,0,0,0,0,0,0
200501,48,157,3,7,Fort Bend County              ,300,300,40678084,0,0,0,0,0,0,1,13,650000,298,298,40476319,0,0,0,0,0,0,0,0,0
200501,48,167,3,7,Galveston County              ,207,207,29494715,0,0,0,0,0,0,0,0,0,203,203,29160520,0,0,0,0,0,0,0,0,0
200501,48,187,3,7,Guadalupe County              ,68,68,10136440,0,0,0,0,0,0,0,0,0,68,68,10136440,0,0,0,0,0,0,0,0,0
200501,48,201,3,7,Harris County                 ,2230,2230,314846442,9,18,1303233,3,12,897697,102,1686,103848364,2214,2214,307748897,9,18,1303233,3,12,897697,102,1686,103848364
200501,48,209,3,7,Hays County                   ,67,67,9137971,0,0,0,0,0,0,0,0,0,66,66,8975009,0,0,0,0,0,0,0,0,0
200501,48,215,3,7,Hidalgo County                ,459,459,52747862,1,2,40000,20,78,4604740,7,98,6491716,449,449,52180466,1,2,40000,20,78,4604740,7,98,6491716
200501,48,231,3,7,Hunt County                   ,5,5,742000,0,0,0,0,0,0,0,0,0,5,5,742000,0,0,0,0,0,0,0,0,0
200501,48,233,3,7,Hutchinson County             ,0,0,0,0,0,0,0,0,0,0,0,0,0,0,0,0,0,0,0,0,0,0,0,0
200501,48,251,3,7,Johnson County                ,54,54,5937791,1,2,144804,0,0,0,0,0,0,50,50,5537639,1,2,144804,0,0,0,0,0,0
200501,48,257,3,7,Kaufman County                ,54,54,6072067,1,2,124362,0,0,0,0,0,0,48,48,5437783,1,2,124362,0,0,0,0,0,0
200501,48,259,3,7,Kendall County                ,35,35,6290546,0,0,0,0,0,0,1,13,482570,0,0,0,0,0,0,0,0,0,0,0,0
200501,48,271,3,7,Kinney County                 ,0,0,0,0,0,0,0,0,0,0,0,0,0,0,0,0,0,0,0,0,0,0,0,0
200501,48,291,3,7,Liberty County                ,24,24,1820461,0,0,0,0,0,0,0,0,0,23,23,1699352,0,0,0,0,0,0,0,0,0
200501,48,307,3,7,McCulloch County              ,0,0,0,0,0,0,0,0,0,0,0,0,0,0,0,0,0,0,0,0,0,0,0,0
200501,48,323,3,7,Maverick County               ,19,19,1644132,0,0,0,0,0,0,0,0,0,19,19,1644132,0,0,0,0,0,0,0,0,0
200501,48,325,3,7,Medina County                 ,7,7,184168,0,0,0,0,0,0,0,0,0,0,0,0,0,0,0,0,0,0,0,0,0
200501,48,329,3,7,Midland County                ,24,24,2983396,0,0,0,0,0,0,0,0,0,24,24,2983396,0,0,0,0,0,0,0,0,0
200501,48,339,3,7,Montgomery County             ,452,452,66263854,0,0,0,0,0,0,10,200,4982000,442,442,65098876,0,0,0,0,0,0,10,200,4982000
200501,48,353,3,7,Nolan County                  ,0,0,0,0,0,0,0,0,0,0,0,0,0,0,0,0,0,0,0,0,0,0,0,0
200501,48,359,3,7,Oldham County                 ,0,0,0,0,0,0,0,0,0,0,0,0,0,0,0,0,0,0,0,0,0,0,0,0
200501,48,367,3,7,Parker County                 ,34,34,4321178,0,0,0,0,0,0,0,0,0,12,12,2025162,0,0,0,0,0,0,0,0,0
200501,48,375,3,7,Potter County                 ,83,83,13002481,0,0,0,0,0,0,0,0,0,83,83,13002481,0,0,0,0,0,0,0,0,0
200501,48,383,3,7,Reagan County                 ,0,0,0,0,0,0,0,0,0,0,0,0,0,0,0,0,0,0,0,0,0,0,0,0
200501,48,385,3,7,Real County                   ,0,0,0,0,0,0,0,0,0,0,0,0,0,0,0,0,0,0,0,0,0,0,0,0
200501,48,397,3,7,Rockwall County               ,138,138,24448396,0,0,0,1,4,285840,0,0,0,138,138,24448396,0,0,0,1,4,285840,0,0,0
200501,48,407,3,7,San Jacinto County            ,0,0,0,0,0,0,0,0,0,0,0,0,0,0,0,0,0,0,0,0,0,0,0,0
200501,48,435,3,7,Sutton County                 ,0,0,0,0,0,0,0,0,0,0,0,0,0,0,0,0,0,0,0,0,0,0,0,0
200501,48,437,3,7,Swisher County                ,0,0,0,0,0,0,0,0,0,0,0,0,0,0,0,0,0,0,0,0,0,0,0,0
200501,48,439,3,7,Tarrant County                ,802,802,119979131,10,20,1238774,0,0,0,18,661,43304579,700,700,103173072,9,18,1118774,0,0,0,17,635,42063670
200501,48,451,3,7,Tom Green County              ,25,25,3350850,0,0,0,0,0,0,0,0,0,25,25,3350850,0,0,0,0,0,0,0,0,0
200501,48,453,3,7,Travis County                 ,463,463,67601771,9,18,2334501,0,0,0,0,0,0,450,450,64605495,9,18,2334501,0,0,0,0,0,0
200501,48,463,3,7,Uvalde County                 ,4,4,311400,0,0,0,0,0,0,0,0,0,4,4,311400,0,0,0,0,0,0,0,0,0
200501,48,469,3,7,Victoria County               ,6,6,820058,0,0,0,0,0,0,0,0,0,6,6,820058,0,0,0,0,0,0,0,0,0
200501,48,471,3,7,Walker County                 ,7,7,1192143,0,0,0,0,0,0,0,0,0,7,7,1192143,0,0,0,0,0,0,0,0,0
200501,48,473,3,7,Waller County                 ,5,5,426391,0,0,0,0,0,0,2,14,311112,4,4,336676,0,0,0,0,0,0,0,0,0
200501,48,479,3,7,Webb County                   ,134,134,11279880,0,0,0,0,0,0,1,6,224991,0,0,0,0,0,0,0,0,0,0,0,0
200501,48,491,3,7,Williamson County             ,339,339,43287263,0,0,0,0,0,0,1,8,2045000,338,338,43183485,0,0,0,0,0,0,1,8,2045000
200501,48,493,3,7,Wilson County                 ,2,2,263258,0,0,0,0,0,0,0,0,0,1,1,130972,0,0,0,0,0,0,0,0,0
200501,48,497,3,7,Wise County                   ,25,25,2471717,0,0,0,0,0,0,0,0,0,24,24,2405792,0,0,0,0,0,0,0,0,0
200501,49,009,4,8,Daggett County                ,1,1,52662,0,0,0,0,0,0,0,0,0,0,0,0,0,0,0,0,0,0,0,0,0
200501,49,021,4,8,Iron County                   ,25,25,3357616,0,0,0,0,0,0,0,0,0,10,10,1339504,0,0,0,0,0,0,0,0,0
200501,49,033,4,8,Rich County                   ,8,8,1033547,0,0,0,0,0,0,0,0,0,0,0,0,0,0,0,0,0,0,0,0,0
200501,49,035,4,8,Salt Lake County              ,418,418,66664980,2,4,499477,0,0,0,9,422,29184333,372,372,59582927,1,2,301014,0,0,0,8,412,28661049
200501,49,039,4,8,Sanpete County                ,1,1,123260,0,0,0,0,0,0,0,0,0,1,1,123260,0,0,0,0,0,0,0,0,0
200501,49,043,4,8,Summit County                 ,27,27,5637977,1,2,251311,1,3,344370,3,31,7700696,27,27,5637977,1,2,251311,1,3,344370,3,31,7700696
200501,49,045,4,8,Tooele County                 ,50,50,6383433,0,0,0,0,0,0,0,0,0,37,37,4823930,0,0,0,0,0,0,0,0,0
200501,49,051,4,8,Wasatch County                ,10,10,2098648,0,0,0,0,0,0,0,0,0,6,6,1427692,0,0,0,0,0,0,0,0,0
200501,51,003,3,5,Albemarle County              ,50,50,10162636,1,2,266277,0,0,0,2,34,1887170,0,0,0,0,0,0,0,0,0,0,0,0
200501,51,007,3,5,Amelia County                 ,10,10,1423846,0,0,0,0,0,0,0,0,0,0,0,0,0,0,0,0,0,0,0,0,0
200501,51,013,3,5,Arlington County              ,0,0,0,0,0,0,0,0,0,0,0,0,0,0,0,0,0,0,0,0,0,0,0,0
200501,51,015,3,5,Augusta County                ,33,33,5107000,0,0,0,0,0,0,4,33,2965000,33,33,5107000,0,0,0,0,0,0,4,33,2965000
200501,51,019,3,5,Bedford County                ,59,59,9213500,0,0,0,0,0,0,0,0,0,59,59,9213500,0,0,0,0,0,0,0,0,0
200501,51,023,3,5,Botetourt County              ,14,14,2070449,0,0,0,0,0,0,0,0,0,14,14,2070449,0,0,0,0,0,0,0,0,0
200501,51,031,3,5,Campbell County               ,17,17,2542134,0,0,0,0,0,0,0,0,0,0,0,0,0,0,0,0,0,0,0,0,0
200501,51,033,3,5,Caroline County               ,69,69,10469445,0,0,0,1,4,239000,0,0,0,69,69,10469445,0,0,0,1,4,239000,0,0,0
200501,51,036,3,5,Charles City County           ,3,3,335270,0,0,0,0,0,0,0,0,0,0,0,0,0,0,0,0,0,0,0,0,0
200501,51,041,3,5,Chesterfield County           ,159,159,21731549,0,0,0,10,36,2693092,0,0,0,159,159,21731549,0,0,0,10,36,2693092,0,0,0
200501,51,043,3,5,Clarke County                 ,5,5,1125012,0,0,0,0,0,0,0,0,0,5,5,1125012,0,0,0,0,0,0,0,0,0
200501,51,049,3,5,Cumberland County             ,3,3,295000,0,0,0,0,0,0,0,0,0,3,3,295000,0,0,0,0,0,0,0,0,0
200501,51,053,3,5,Dinwiddie County              ,18,18,1840949,0,0,0,0,0,0,0,0,0,0,0,0,0,0,0,0,0,0,0,0,0
200501,51,059,3,5,Fairfax County                ,63,63,7520852,0,0,0,0,0,0,2,26,1973520,61,61,7140001,0,0,0,0,0,0,2,26,1973520
200501,51,061,3,5,Fauquier County               ,91,91,23553196,0,0,0,0,0,0,0,0,0,91,91,23553196,0,0,0,0,0,0,0,0,0
200501,51,065,3,5,Fluvanna County               ,21,21,3638750,0,0,0,0,0,0,0,0,0,21,21,3638750,0,0,0,0,0,0,0,0,0
200501,51,067,3,5,Franklin County               ,31,31,7735000,0,0,0,0,0,0,0,0,0,31,31,7735000,0,0,0,0,0,0,0,0,0
200501,51,069,3,5,Frederick County              ,68,68,14239943,0,0,0,0,0,0,0,0,0,68,68,14239943,0,0,0,0,0,0,0,0,0
200501,51,073,3,5,Gloucester County             ,19,19,4323032,0,0,0,0,0,0,0,0,0,19,19,4323032,0,0,0,0,0,0,0,0,0
200501,51,075,3,5,Goochland County              ,27,27,6941823,0,0,0,0,0,0,0,0,0,27,27,6941823,0,0,0,0,0,0,0,0,0
200501,51,079,3,5,Greene County                 ,21,21,4452000,0,0,0,0,0,0,0,0,0,21,21,4452000,0,0,0,0,0,0,0,0,0
200501,51,085,3,5,Hanover County                ,29,29,3963616,0,0,0,0,0,0,0,0,0,29,29,3963616,0,0,0,0,0,0,0,0,0
200501,51,087,3,5,Henrico County                ,122,122,16674522,0,0,0,8,24,1795395,1,5,331210,122,122,16674522,0,0,0,8,24,1795395,1,5,331210
200501,51,093,3,5,Isle of Wight County          ,28,28,3751278,0,0,0,0,0,0,0,0,0,0,0,0,0,0,0,0,0,0,0,0,0
200501,51,095,3,5,James City County             ,73,73,13939938,0,0,0,0,0,0,0,0,0,73,73,13939938,0,0,0,0,0,0,0,0,0
200501,51,097,3,5,King and Queen County         ,2,2,73000,0,0,0,0,0,0,0,0,0,2,2,73000,0,0,0,0,0,0,0,0,0
200501,51,099,3,5,King George County            ,30,30,3929166,0,0,0,0,0,0,0,0,0,30,30,3929166,0,0,0,0,0,0,0,0,0
200501,51,101,3,5,King William County           ,22,22,2681674,0,0,0,0,0,0,0,0,0,22,22,2681674,0,0,0,0,0,0,0,0,0
200501,51,107,3,5,Loudoun County                ,370,370,59533725,0,0,0,0,0,0,0,0,0,370,370,59533725,0,0,0,0,0,0,0,0,0
200501,51,109,3,5,Louisa County                 ,36,36,5577225,0,0,0,0,0,0,0,0,0,36,36,5577225,0,0,0,0,0,0,0,0,0
200501,51,115,3,5,Mathews County                ,4,4,1105352,0,0,0,0,0,0,0,0,0,4,4,1105352,0,0,0,0,0,0,0,0,0
200501,51,119,3,5,Middlesex County              ,7,7,943000,0,0,0,0,0,0,0,0,0,7,7,943000,0,0,0,0,0,0,0,0,0
200501,51,127,3,5,New Kent County               ,19,19,3088404,0,0,0,0,0,0,0,0,0,19,19,3088404,0,0,0,0,0,0,0,0,0
200501,51,137,3,5,Orange County                 ,59,59,10303714,0,0,0,0,0,0,0,0,0,59,59,10303714,0,0,0,0,0,0,0,0,0
200501,51,143,3,5,Pittsylvania County           ,18,18,2227288,0,0,0,1,3,105000,0,0,0,0,0,0,0,0,0,0,0,0,0,0,0
200501,51,145,3,5,Powhatan County               ,40,40,8519770,0,0,0,0,0,0,0,0,0,40,40,8519770,0,0,0,0,0,0,0,0,0
200501,51,149,3,5,Prince George County          ,15,15,2050146,0,0,0,0,0,0,0,0,0,15,15,2050146,0,0,0,0,0,0,0,0,0
200501,51,153,3,5,Prince William County         ,267,267,36903691,0,0,0,0,0,0,13,166,10996172,265,265,36219248,0,0,0,0,0,0,13,166,10996172
200501,51,157,3,5,Rappahannock County           ,5,5,1180692,0,0,0,0,0,0,0,0,0,0,0,0,0,0,0,0,0,0,0,0,0
200501,51,161,3,5,Roanoke County                ,14,14,873605,0,0,0,0,0,0,0,0,0,14,14,873605,0,0,0,0,0,0,0,0,0
200501,51,163,3,5,Rockbridge County             ,18,18,2514186,0,0,0,0,0,0,0,0,0,18,18,2514186,0,0,0,0,0,0,0,0,0
200501,51,169,3,5,Scott County                  ,2,2,150200,0,0,0,0,0,0,0,0,0,2,2,150200,0,0,0,0,0,0,0,0,0
200501,51,171,3,5,Shenandoah County             ,48,48,6745905,0,0,0,0,0,0,0,0,0,48,48,6745905,0,0,0,0,0,0,0,0,0
200501,51,177,3,5,Spotsylvania County           ,135,135,23310361,0,0,0,0,0,0,1,23,569773,0,0,0,0,0,0,0,0,0,0,0,0
200501,51,179,3,5,Stafford County               ,89,89,12164200,0,0,0,0,0,0,0,0,0,89,89,12164200,0,0,0,0,0,0,0,0,0
200501,51,181,3,5,Surry County                  ,10,10,1030232,0,0,0,0,0,0,0,0,0,10,10,1030232,0,0,0,0,0,0,0,0,0
200501,51,183,3,5,Sussex County                 ,0,0,0,0,0,0,0,0,0,0,0,0,0,0,0,0,0,0,0,0,0,0,0,0
200501,51,187,3,5,Warren County                 ,22,22,3140000,0,0,0,0,0,0,0,0,0,22,22,3140000,0,0,0,0,0,0,0,0,0
200501,51,199,3,5,York County                   ,31,31,5197050,0,0,0,0,0,0,0,0,0,31,31,5197050,0,0,0,0,0,0,0,0,0
200501,51,510,3,5,Alexandria (Independent City) ,10,10,1366764,0,0,0,0,0,0,0,0,0,10,10,1366764,0,0,0,0,0,0,0,0,0
200501,51,530,3,5,Buena Vista (Independent City),0,0,0,0,0,0,0,0,0,0,0,0,0,0,0,0,0,0,0,0,0,0,0,0
200501,51,550,3,5,Chesapeake(Independent City)  ,136,136,18587991,0,0,0,0,0,0,0,0,0,136,136,18587991,0,0,0,0,0,0,0,0,0
200501,51,570,3,5,Colonial Heights (Independent ,7,7,1220000,0,0,0,0,0,0,0,0,0,7,7,1220000,0,0,0,0,0,0,0,0,0
200501,51,580,3,5,Covington (Independent City)  ,0,0,0,0,0,0,0,0,0,0,0,0,0,0,0,0,0,0,0,0,0,0,0,0
200501,51,600,3,5,Fairfax (Independent City)    ,0,0,0,0,0,0,0,0,0,0,0,0,0,0,0,0,0,0,0,0,0,0,0,0
200501,51,610,3,5,Falls Church (Independent City,1,1,187276,0,0,0,0,0,0,0,0,0,0,0,0,0,0,0,0,0,0,0,0,0
200501,51,630,3,5,Fredericksburg(Independent Cit,4,4,815901,0,0,0,0,0,0,0,0,0,0,0,0,0,0,0,0,0,0,0,0,0
200501,51,650,3,5,Hampton (Independent City)    ,16,16,1746377,0,0,0,0,0,0,2,40,1378525,0,0,0,0,0,0,0,0,0,0,0,0
200501,51,660,3,5,Harrisonburg (Independent City,40,40,2440000,3,6,426000,0,0,0,0,0,0,40,40,2440000,3,6,426000,0,0,0,0,0,0
200501,51,670,3,5,Hopewell (Independent City)   ,4,4,252455,0,0,0,0,0,0,0,0,0,0,0,0,0,0,0,0,0,0,0,0,0
200501,51,680,3,5,Lynchburg (Independent City)  ,34,34,3967716,0,0,0,0,0,0,0,0,0,34,34,3967716,0,0,0,0,0,0,0,0,0
200501,51,683,3,5,Manassas (Independent City)   ,11,11,1184591,0,0,0,0,0,0,0,0,0,0,0,0,0,0,0,0,0,0,0,0,0
200501,51,685,3,5,Manassas Park (Independent Cit,6,6,718655,0,0,0,0,0,0,1,9,395270,0,0,0,0,0,0,0,0,0,0,0,0
200501,51,700,3,5,Newport News (Independent City,10,10,1366764,0,0,0,0,0,0,0,0,0,10,10,1366764,0,0,0,0,0,0,0,0,0
200501,51,710,3,5,Norfolk (Independent City)    ,36,36,4920351,0,0,0,0,0,0,0,0,0,36,36,4920351,0,0,0,0,0,0,0,0,0
200501,51,730,3,5,Petersburg (Independent City) ,1,1,48065,0,0,0,0,0,0,0,0,0,0,0,0,0,0,0,0,0,0,0,0,0
200501,51,735,3,5,Poquoson (Independent City)   ,2,2,413000,0,0,0,0,0,0,0,0,0,2,2,413000,0,0,0,0,0,0,0,0,0
200501,51,740,3,5,Portsmouth (Independent City) ,4,4,546706,0,0,0,0,0,0,0,0,0,4,4,546706,0,0,0,0,0,0,0,0,0
200501,51,760,3,5,Richmond (Independent City)   ,33,33,5057089,0,0,0,0,0,0,7,142,10431855,33,33,5057089,0,0,0,0,0,0,7,142,10431855
200501,51,770,3,5,Roanoke (Independent City)    ,11,11,1855102,0,0,0,0,0,0,0,0,0,11,11,1855102,0,0,0,0,0,0,0,0,0
200501,51,800,3,5,Suffolk (Independent City)    ,72,72,9840701,0,0,0,0,0,0,0,0,0,72,72,9840701,0,0,0,0,0,0,0,0,0
200501,51,810,3,5,Virginia Beach (Independent Ci,57,57,7790555,3,6,434411,0,0,0,3,18,1192356,57,57,7790555,3,6,434411,0,0,0,3,18,1192356
200501,51,830,3,5,Williamsburg (Independent City,11,11,2228832,0,0,0,0,0,0,0,0,0,11,11,2228832,0,0,0,0,0,0,0,0,0
200501,53,011,4,9,Clark County                  ,233,233,38542600,1,2,115611,0,0,0,3,48,3804117,183,183,31422955,0,0,0,0,0,0,0,0,0
200501,53,033,4,9,King County                   ,445,445,96228076,5,10,1013535,12,44,4041959,8,146,11640898,399,399,86773897,5,10,1013535,12,44,4041959,6,134,10392134
200501,53,041,4,9,Lewis County                  ,23,23,2752955,0,0,0,0,0,0,1,6,369325,1,1,70000,0,0,0,0,0,0,0,0,0
200501,53,053,4,9,Pierce County                 ,451,451,72162931,2,4,418727,2,8,769147,1,5,305449,439,439,70581059,2,4,418727,1,4,382431,0,0,0
200501,53,059,4,9,Skamania County               ,9,9,1300455,0,0,0,0,0,0,0,0,0,9,9,1300455,0,0,0,0,0,0,0,0,0
200501,53,061,4,9,Snohomish County              ,369,369,59665364,4,8,589004,1,4,367451,4,22,1734596,297,297,51072477,2,4,405414,1,4,367451,1,6,465319
200501,54,037,3,5,Jefferson County              ,88,88,16903600,0,0,0,0,0,0,0,0,0,81,81,16046272,0,0,0,0,0,0,0,0,0
200501,55,021,2,3,Columbia County               ,11,11,2163959,0,0,0,0,0,0,0,0,0,10,10,2026060,0,0,0,0,0,0,0,0,0
200501,55,025,2,3,Dane County                   ,127,127,26718549,1,2,189366,2,6,520451,8,200,15786515,106,106,23464374,0,0,0,0,0,0,7,195,15464000
200501,55,031,2,3,Douglas County                ,5,5,562686,0,0,0,0,0,0,0,0,0,5,5,562686,0,0,0,0,0,0,0,0,0
200501,55,037,2,3,Florence County               ,0,0,0,0,0,0,0,0,0,0,0,0,0,0,0,0,0,0,0,0,0,0,0,0
200501,55,049,2,3,Iowa County                   ,3,3,395000,0,0,0,0,0,0,0,0,0,3,3,395000,0,0,0,0,0,0,0,0,0
200501,55,059,2,3,Kenosha County                ,40,40,7870127,0,0,0,0,0,0,0,0,0,37,37,7396655,0,0,0,0,0,0,0,0,0
200501,55,079,2,3,Milwaukee County              ,73,73,12007286,1,2,198283,3,12,1475000,4,148,15386420,72,72,11798952,1,2,198283,3,12,1475000,4,148,15386420
200501,55,089,2,3,Ozaukee County                ,30,30,6639872,0,0,0,0,0,0,0,0,0,25,25,4526434,0,0,0,0,0,0,0,0,0
200501,55,093,2,3,Pierce County                 ,14,14,2577925,0,0,0,0,0,0,0,0,0,13,13,2412800,0,0,0,0,0,0,0,0,0
200501,55,109,2,3,St. Croix County              ,36,36,7123686,1,2,210000,0,0,0,2,10,1067500,27,27,5863472,1,2,210000,0,0,0,2,10,1067500
200501,55,113,2,3,Sawyer County                 ,3,3,197600,0,0,0,0,0,0,0,0,0,3,3,197600,0,0,0,0,0,0,0,0,0
200501,55,131,2,3,Washington County             ,36,36,7268528,1,2,150000,0,0,0,2,35,6625000,19,19,4066872,0,0,0,0,0,0,1,30,6500000
200501,55,133,2,3,Waukesha County               ,104,104,25899928,0,0,0,1,4,400000,2,21,2051015,96,96,23895181,0,0,0,1,4,400000,1,16,1500000
200501,56,019,4,8,Johnson County                ,1,1,14700,0,0,0,0,0,0,0,0,0,1,1,14700,0,0,0,0,0,0,0,0,0
200501,56,025,4,8,Natrona County                ,13,13,2346832,0,0,0,0,0,0,0,0,0,0,0,0,0,0,0,0,0,0,0,0,0
200501,56,039,4,8,Teton County                  ,6,6,1536743,0,0,0,1,3,832950,1,5,246594,3,3,912000,0,0,0,0,0,0,0,0,0
