Survey,FIPS,FIPS,Region,Division,County,,1-unit,,,2-units,,,3-4 units,,,5+ units,,,1-unit rep,,,2-units rep,,,3-4 units rep,,, 5+units rep
Date,State,County,Code,Code,Name,Bldgs,Units,Value,Bldgs,Units,Value,Bldgs,Units,Value,Bldgs,Units,Value,Bldgs,Units,Value,Bldgs,Units,Value,Bldgs,Units,Value,Bldgs,Units,Value
 
200605,01,001,3,6,Autauga County                ,37,37,6509224,0,0,0,0,0,0,0,0,0,37,37,6509224,0,0,0,0,0,0,0,0,0
200605,01,007,3,6,Bibb County                   ,0,0,0,0,0,0,0,0,0,0,0,0,0,0,0,0,0,0,0,0,0,0,0,0
200605,01,009,3,6,Blount County                 ,3,3,607620,2,4,156780,0,0,0,0,0,0,2,2,370120,2,4,156780,0,0,0,0,0,0
200605,01,021,3,6,Chilton County                ,16,16,2666950,0,0,0,0,0,0,0,0,0,15,15,2516950,0,0,0,0,0,0,0,0,0
200605,01,037,3,6,Coosa County                  ,0,0,0,0,0,0,0,0,0,0,0,0,0,0,0,0,0,0,0,0,0,0,0,0
200605,01,073,3,6,Jefferson County              ,283,283,50114541,0,0,0,0,0,0,1,20,972666,253,253,45889826,0,0,0,0,0,0,1,20,972666
200605,01,081,3,6,Lee County                    ,130,130,18706401,0,0,0,0,0,0,4,115,8313900,130,130,18706401,0,0,0,0,0,0,4,115,8313900
200605,01,115,3,6,St. Clair County              ,54,54,6887483,0,0,0,0,0,0,0,0,0,54,54,6887483,0,0,0,0,0,0,0,0,0
200605,01,117,3,6,Shelby County                 ,221,221,35550450,0,0,0,0,0,0,1,24,1560000,103,103,14399765,0,0,0,0,0,0,1,24,1560000
200605,01,127,3,6,Walker County                 ,10,10,1236485,0,0,0,0,0,0,0,0,0,7,7,810000,0,0,0,0,0,0,0,0,0
200605,02,000,4,9,Alaska Balance of State       ,21,21,4029648,0,0,0,0,0,0,0,0,0,0,0,0,0,0,0,0,0,0,0,0,0
200605,02,013,4,9,Aleutians East Borough        ,0,0,0,0,0,0,0,0,0,0,0,0,0,0,0,0,0,0,0,0,0,0,0,0
200605,02,016,4,9,Aleutians West Census Area    ,1,1,98300,0,0,0,0,0,0,0,0,0,0,0,0,0,0,0,0,0,0,0,0,0
200605,02,020,4,9,Anchorage Borough             ,104,104,31140032,10,20,4260492,0,0,0,7,196,24494596,104,104,31140032,10,20,4260492,0,0,0,7,196,24494596
200605,02,050,4,9,Bethel Census Area            ,5,5,715135,0,0,0,0,0,0,0,0,0,0,0,0,0,0,0,0,0,0,0,0,0
200605,02,060,4,9,Bristol Bay Borough           ,2,2,400000,1,2,450000,0,0,0,0,0,0,2,2,400000,1,2,450000,0,0,0,0,0,0
200605,02,090,4,9,Fairbanks North Star Borough  ,40,40,6194993,0,0,0,0,0,0,0,0,0,37,37,5827000,0,0,0,0,0,0,0,0,0
200605,02,100,4,9,Haines Borough                ,2,2,400000,0,0,0,0,0,0,0,0,0,2,2,400000,0,0,0,0,0,0,0,0,0
200605,02,110,4,9,Juneau Borough                ,13,13,3832902,4,8,1178061,0,0,0,1,9,1239541,13,13,3832902,4,8,1178061,0,0,0,1,9,1239541
200605,02,122,4,9,Kenai Peninsula Borough       ,15,15,3025904,1,2,58500,0,0,0,0,0,0,9,9,1890124,0,0,0,0,0,0,0,0,0
200605,02,130,4,9,Ketchikan Gateway Borough     ,4,4,745272,0,0,0,0,0,0,0,0,0,4,4,745272,0,0,0,0,0,0,0,0,0
200605,02,150,4,9,Kodiak Island Borough         ,7,7,1269746,0,0,0,0,0,0,0,0,0,7,7,1269746,0,0,0,0,0,0,0,0,0
200605,02,170,4,9,Matanuska-Susitna Borough     ,23,23,3623625,12,24,2784860,0,0,0,0,0,0,17,17,2963625,12,24,2784860,0,0,0,0,0,0
200605,02,180,4,9,Nome Census Area              ,0,0,0,0,0,0,0,0,0,0,0,0,0,0,0,0,0,0,0,0,0,0,0,0
200605,02,185,4,9,North Slope Borough           ,0,0,0,0,0,0,0,0,0,0,0,0,0,0,0,0,0,0,0,0,0,0,0,0
200605,02,188,4,9,Northwest Arctic Borough      ,0,0,0,0,0,0,0,0,0,0,0,0,0,0,0,0,0,0,0,0,0,0,0,0
200605,02,201,4,9,Prince of Wales-Outer Ketchika,0,0,0,0,0,0,0,0,0,0,0,0,0,0,0,0,0,0,0,0,0,0,0,0
200605,02,220,4,9,Sitka Borough                 ,2,2,440021,0,0,0,0,0,0,1,5,449762,0,0,0,0,0,0,0,0,0,0,0,0
200605,02,232,4,9,Skagway-Hoonah-Angoon Census A,0,0,0,0,0,0,1,3,400000,0,0,0,0,0,0,0,0,0,1,3,400000,0,0,0
200605,02,261,4,9,Valdez-Cordova Census Area    ,4,4,627077,0,0,0,0,0,0,0,0,0,2,2,320000,0,0,0,0,0,0,0,0,0
200605,02,280,4,9,Wrangell-Petersburg Census Are,2,2,175000,0,0,0,0,0,0,0,0,0,2,2,175000,0,0,0,0,0,0,0,0,0
200605,02,282,4,9,Yakutat Borough               ,0,0,0,0,0,0,0,0,0,0,0,0,0,0,0,0,0,0,0,0,0,0,0,0
200605,02,290,4,9,Yukon-Koyukuk Census Area     ,0,0,0,0,0,0,0,0,0,0,0,0,0,0,0,0,0,0,0,0,0,0,0,0
200605,04,013,4,8,Maricopa County               ,3232,3232,615020800,9,18,3252283,22,81,8424399,66,851,75166997,3060,3060,571939905,8,16,2915113,22,81,8424399,62,725,64951252
200605,04,019,4,8,Pima County                   ,896,896,156001261,7,14,1351931,2,8,414951,1,11,632738,699,699,127087529,0,0,0,0,0,0,0,0,0
200605,04,021,4,8,Pinal County                  ,775,775,102982646,1,2,150708,1,3,152164,1,5,321309,624,624,83079735,0,0,0,0,0,0,0,0,0
200605,05,023,3,7,Cleburne County               ,3,3,390000,0,0,0,0,0,0,0,0,0,3,3,390000,0,0,0,0,0,0,0,0,0
200605,05,025,3,7,Cleveland County              ,0,0,0,0,0,0,0,0,0,0,0,0,0,0,0,0,0,0,0,0,0,0,0,0
200605,05,027,3,7,Columbia County               ,2,2,2200000,0,0,0,0,0,0,0,0,0,2,2,2200000,0,0,0,0,0,0,0,0,0
200605,05,035,3,7,Crittenden County             ,25,25,4466376,0,0,0,0,0,0,1,9,283065,20,20,3646793,0,0,0,0,0,0,0,0,0
200605,05,059,3,7,Hot Spring County             ,0,0,0,0,0,0,0,0,0,0,0,0,0,0,0,0,0,0,0,0,0,0,0,0
200605,05,061,3,7,Howard County                 ,1,1,92283,0,0,0,0,0,0,0,0,0,0,0,0,0,0,0,0,0,0,0,0,0
200605,05,099,3,7,Nevada County                 ,26,26,4209616,0,0,0,0,0,0,1,5,448624,0,0,0,0,0,0,0,0,0,0,0,0
200605,06,001,4,9,Alameda County                ,206,206,64206669,0,0,0,2,6,1403906,15,774,28077833,191,191,59471760,0,0,0,2,6,1403906,14,753,25789952
200605,06,003,4,9,Alpine County                 ,7,7,4051482,0,0,0,0,0,0,0,0,0,7,7,4051482,0,0,0,0,0,0,0,0,0
200605,06,009,4,9,Calaveras County              ,48,48,14807553,0,0,0,0,0,0,0,0,0,43,43,13510841,0,0,0,0,0,0,0,0,0
200605,06,013,4,9,Contra Costa County           ,361,361,109035897,0,0,0,0,0,0,1,20,1812021,341,341,104660924,0,0,0,0,0,0,0,0,0
200605,06,017,4,9,El Dorado County              ,117,117,37960432,0,0,0,1,4,526147,0,0,0,117,117,37960432,0,0,0,1,4,526147,0,0,0
200605,06,037,4,9,Los Angeles County            ,899,899,202945032,20,40,4704992,9,33,2921688,30,832,108708245,791,791,172530003,17,34,4029976,6,23,2507999,20,695,94072006
200605,06,041,4,9,Marin County                  ,38,38,13079590,0,0,0,0,0,0,2,24,3212664,11,11,4327000,0,0,0,0,0,0,0,0,0
200605,06,045,4,9,Mendocino County              ,26,26,3441887,0,0,0,0,0,0,0,0,0,26,26,3441887,0,0,0,0,0,0,0,0,0
200605,06,049,4,9,Modoc County                  ,2,2,232080,0,0,0,0,0,0,0,0,0,2,2,232080,0,0,0,0,0,0,0,0,0
200605,06,051,4,9,Mono County                   ,22,22,8279682,0,0,0,0,0,0,1,30,6341626,0,0,0,0,0,0,0,0,0,0,0,0
200605,06,059,4,9,Orange County                 ,445,445,116301738,5,10,1955182,7,25,3291798,14,331,40398586,409,409,103488559,2,4,635184,7,25,3291798,12,316,38751408
200605,06,061,4,9,Placer County                 ,273,273,54894067,0,0,0,0,0,0,0,0,0,264,264,52775577,0,0,0,0,0,0,0,0,0
200605,06,063,4,9,Plumas County                 ,36,36,5858242,0,0,0,0,0,0,0,0,0,36,36,5858242,0,0,0,0,0,0,0,0,0
200605,06,065,4,9,Riverside County              ,2697,2697,543359659,9,18,1996002,22,75,6989615,20,280,20027020,2149,2149,448533880,9,18,1996002,16,57,5360248,16,231,15848308
200605,06,067,4,9,Sacramento County             ,421,421,68975043,3,6,705553,7,21,2237823,28,295,18406161,418,418,68283284,3,6,705553,7,21,2237823,28,295,18406161
200605,06,069,4,9,San Benito County             ,6,6,1060302,0,0,0,0,0,0,0,0,0,0,0,0,0,0,0,0,0,0,0,0,0
200605,06,071,4,9,San Bernardino County         ,1054,1054,197945737,6,12,1379913,3,9,657211,1,5,525039,826,826,153732863,2,4,639392,2,6,461888,0,0,0
200605,06,073,4,9,San Diego County              ,712,712,167615483,4,8,1002931,5,18,2857312,12,86,10794356,642,642,155638413,3,6,705553,4,15,2436788,12,86,10794356
200605,06,075,4,9,San Francisco County          ,10,10,1878312,3,6,705553,2,6,604280,7,485,52416618,10,10,1878312,3,6,705553,2,6,604280,7,485,52416618
200605,06,077,4,9,San Joaquin County            ,416,416,97765054,1,2,234610,0,0,0,1,5,371771,341,341,81057699,1,2,234610,0,0,0,0,0,0
200605,06,081,4,9,San Mateo County              ,34,34,18171105,0,0,0,0,0,0,3,21,3192601,20,20,10178876,0,0,0,0,0,0,0,0,0
200605,06,085,4,9,Santa Clara County            ,252,252,75647555,0,0,0,0,0,96628,8,76,8602229,240,240,72300387,0,0,0,0,0,96628,6,66,7547641
200605,06,091,4,9,Sierra County                 ,6,6,2235295,0,0,0,0,0,0,0,0,0,6,6,2235295,0,0,0,0,0,0,0,0,0
200605,06,113,4,9,Yolo County                   ,130,130,26813153,0,0,0,0,0,0,0,0,0,130,130,26813153,0,0,0,0,0,0,0,0,0
200605,08,001,4,8,Adams County                  ,291,291,49278878,0,0,0,0,0,0,2,13,1432071,243,243,41330483,0,0,0,0,0,0,1,8,912000
200605,08,005,4,8,Arapahoe County               ,274,274,58860954,0,0,0,6,19,2324080,3,24,3230030,267,267,57416170,0,0,0,6,19,2324080,3,24,3230030
200605,08,014,4,8,Broomfield County             ,127,127,22321185,0,0,0,0,0,0,1,160,13895777,127,127,22321185,0,0,0,0,0,0,1,160,13895777
200605,08,015,4,8,Chaffee County                ,14,14,2000152,0,0,0,0,0,0,0,0,0,0,0,0,0,0,0,0,0,0,0,0,0
200605,08,019,4,8,Clear Creek County            ,3,3,773984,0,0,0,0,0,0,0,0,0,0,0,0,0,0,0,0,0,0,0,0,0
200605,08,023,4,8,Costilla County               ,2,2,326397,0,0,0,0,0,0,0,0,0,0,0,0,0,0,0,0,0,0,0,0,0
200605,08,031,4,8,Denver County                 ,233,233,43764670,0,0,0,0,0,0,13,325,35124538,233,233,43764670,0,0,0,0,0,0,13,325,35124538
200605,08,033,4,8,Dolores County                ,2,2,372636,0,0,0,0,0,0,0,0,0,2,2,372636,0,0,0,0,0,0,0,0,0
200605,08,035,4,8,Douglas County                ,359,359,85154971,0,0,0,0,0,0,0,0,0,359,359,85154971,0,0,0,0,0,0,0,0,0
200605,08,039,4,8,Elbert County                 ,20,20,3349375,0,0,0,0,0,0,0,0,0,0,0,0,0,0,0,0,0,0,0,0,0
200605,08,041,4,8,El Paso County                ,458,458,75067739,2,4,383900,6,24,3411902,2,12,2941702,458,458,75067739,2,4,383900,6,24,3411902,2,12,2941702
200605,08,047,4,8,Gilpin County                 ,7,7,1220725,0,0,0,0,0,0,0,0,0,7,7,1220725,0,0,0,0,0,0,0,0,0
200605,08,049,4,8,Grand County                  ,47,47,11407089,1,2,216781,0,0,0,1,5,552045,1,1,530186,0,0,0,0,0,0,0,0,0
200605,08,059,4,8,Jefferson County              ,133,133,31335404,0,0,0,0,0,0,1,9,972680,131,131,30820803,0,0,0,0,0,0,1,9,972680
200605,08,069,4,8,Larimer County                ,141,141,31525858,5,10,1117225,0,0,0,4,34,2816727,141,141,31525858,5,10,1117225,0,0,0,4,34,2816727
200605,08,077,4,8,Mesa County                   ,128,128,25572732,2,4,750546,0,0,0,1,8,802420,128,128,25572732,2,4,750546,0,0,0,1,8,802420
200605,08,093,4,8,Park County                   ,30,30,4448780,0,0,0,0,0,0,0,0,0,30,30,4448780,0,0,0,0,0,0,0,0,0
200605,08,101,4,8,Pueblo County                 ,142,142,21959343,2,4,132412,0,0,0,0,0,0,142,142,21959343,2,4,132412,0,0,0,0,0,0
200605,08,107,4,8,Routt County                  ,31,31,13987265,0,0,0,2,8,1106410,0,0,0,31,31,13987265,0,0,0,2,8,1106410,0,0,0
200605,08,119,4,8,Teller County                 ,27,27,6622085,0,0,0,0,0,0,0,0,0,27,27,6622085,0,0,0,0,0,0,0,0,0
200605,08,123,4,8,Weld County                   ,318,318,62256233,1,2,128903,0,0,0,3,16,1641932,195,195,41019608,0,0,0,0,0,0,0,0,0
200605,10,001,3,5,Kent County                   ,152,152,21295618,0,0,0,2,8,638300,6,132,1990510,37,37,4297200,0,0,0,2,8,638300,6,132,1990510
200605,10,003,3,5,New Castle County             ,135,135,12286601,0,0,0,0,0,0,2,12,559430,0,0,0,0,0,0,0,0,0,0,0,0
200605,10,005,3,5,Sussex County                 ,293,293,41138830,13,26,2079517,4,16,1610817,4,49,6075407,0,0,0,0,0,0,0,0,0,0,0,0
200605,11,001,3,5,Washington  DC                ,11,11,2371033,0,0,0,0,0,0,1,131,13000000,11,11,2371033,0,0,0,0,0,0,1,131,13000000
200605,12,003,3,5,Baker County                  ,29,29,3576794,0,0,0,0,0,0,0,0,0,16,16,1747260,0,0,0,0,0,0,0,0,0
200605,12,009,3,5,Brevard County                ,396,396,80790898,0,0,0,0,0,0,1,8,1425000,391,391,79695016,0,0,0,0,0,0,0,0,0
200605,12,011,3,5,Broward County                ,359,359,62914833,7,14,1170015,2,6,441353,17,353,45382511,274,274,48104969,6,12,1025439,0,0,0,14,214,23389938
200605,12,013,3,5,Calhoun County                ,3,3,340500,0,0,0,0,0,0,0,0,0,3,3,340500,0,0,0,0,0,0,0,0,0
200605,12,015,3,5,Charlotte County              ,247,247,46028557,7,14,1687148,16,64,8961939,4,56,7693023,6,6,1667819,0,0,0,10,40,5010980,0,0,0
200605,12,019,3,5,Clay County                   ,145,145,18557060,10,20,924000,0,0,0,16,256,21002000,145,145,18557060,10,20,924000,0,0,0,16,256,21002000
200605,12,021,3,5,Collier County                ,159,159,49844003,0,0,0,15,60,11720000,4,28,5105385,159,159,49844003,0,0,0,15,60,11720000,4,28,5105385
200605,12,023,3,5,Columbia County               ,54,54,5226228,0,0,0,0,0,0,0,0,0,14,14,1307829,0,0,0,0,0,0,0,0,0
200605,12,031,3,5,Duval County                  ,547,547,89591162,22,44,3676542,2,8,649124,24,645,51124455,547,547,89591162,22,44,3676542,2,8,649124,24,645,51124455
200605,12,033,3,5,Escambia County               ,102,102,15317339,2,4,341813,2,6,545524,0,0,0,102,102,15317339,2,4,341813,2,6,545524,0,0,0
200605,12,041,3,5,Gilchrist County              ,9,9,1146252,0,0,0,0,0,0,0,0,0,0,0,0,0,0,0,0,0,0,0,0,0
200605,12,047,3,5,Hamilton County               ,5,5,655270,0,0,0,0,0,0,0,0,0,5,5,655270,0,0,0,0,0,0,0,0,0
200605,12,049,3,5,Hardee County                 ,113,113,1512488,0,0,0,0,0,0,0,0,0,113,113,1512488,0,0,0,0,0,0,0,0,0
200605,12,053,3,5,Hernando County               ,329,329,66537776,0,0,0,0,0,0,0,0,0,329,329,66537776,0,0,0,0,0,0,0,0,0
200605,12,055,3,5,Highlands County              ,109,109,17948670,0,0,0,0,0,0,1,6,370432,0,0,0,0,0,0,0,0,0,0,0,0
200605,12,057,3,5,Hillsborough County           ,995,995,171385383,22,44,6427244,20,60,8040310,13,260,21301590,995,995,171385383,22,44,6427244,20,60,8040310,13,260,21301590
200605,12,061,3,5,Indian River County           ,316,316,76055685,1,2,194422,0,0,0,0,0,0,316,316,76055685,1,2,194422,0,0,0,0,0,0
200605,12,063,3,5,Jackson County                ,17,17,2678170,0,0,0,0,0,0,0,0,0,17,17,2678170,0,0,0,0,0,0,0,0,0
200605,12,065,3,5,Jefferson County              ,5,5,726687,0,0,0,0,0,0,0,0,0,5,5,726687,0,0,0,0,0,0,0,0,0
200605,12,067,3,5,Lafayette County              ,3,3,518668,0,0,0,0,0,0,0,0,0,0,0,0,0,0,0,0,0,0,0,0,0
200605,12,069,3,5,Lake County                   ,491,491,74456366,1,2,82250,0,0,0,2,19,964324,67,67,16863854,0,0,0,0,0,0,0,0,0
200605,12,071,3,5,Lee County                    ,1523,1523,339019971,0,0,0,0,0,0,22,228,23952801,1523,1523,339019971,0,0,0,0,0,0,22,228,23952801
200605,12,073,3,5,Leon County                   ,157,157,25018928,3,6,446400,7,27,1996020,3,83,5555235,46,46,10114112,0,0,0,0,0,0,0,0,0
200605,12,077,3,5,Liberty County                ,1,1,118268,0,0,0,0,0,0,0,0,0,0,0,0,0,0,0,0,0,0,0,0,0
200605,12,081,3,5,Manatee County                ,404,404,88710321,1,2,128833,3,10,956229,6,97,14628438,38,38,7404441,0,0,0,0,0,0,1,40,10100000
200605,12,083,3,5,Marion County                 ,695,695,109353842,14,28,1190000,0,0,0,0,0,0,695,695,109353842,14,28,1190000,0,0,0,0,0,0
200605,12,085,3,5,Martin County                 ,103,103,27165893,0,0,0,0,0,0,0,0,0,103,103,27165893,0,0,0,0,0,0,0,0,0
200605,12,086,3,5,Miami-Dade County             ,545,545,76092418,20,40,2331353,6,24,2275983,39,1365,130007693,520,520,70190410,20,40,2331353,6,24,2275983,37,1317,121508157
200605,12,089,3,5,Nassau County                 ,129,129,26327249,0,0,0,0,0,0,0,0,0,128,128,26217702,0,0,0,0,0,0,0,0,0
200605,12,095,3,5,Orange County                 ,910,910,161312620,14,28,2392691,1,3,272762,8,155,15328105,910,910,161312620,14,28,2392691,1,3,272762,8,155,15328105
200605,12,097,3,5,Osceola County                ,704,704,148851741,0,0,0,2,7,870478,5,58,10570872,704,704,148851741,0,0,0,2,7,870478,5,58,10570872
200605,12,099,3,5,Palm Beach County             ,346,346,101137692,1,2,216480,1,3,316023,20,134,18191123,288,288,82421708,0,0,0,0,0,0,17,112,14335757
200605,12,101,3,5,Pasco County                  ,543,543,92123667,7,14,1220765,7,21,2342550,4,26,2996975,521,521,89784128,6,12,1114792,7,21,2342550,4,26,2996975
200605,12,103,3,5,Pinellas County               ,297,297,62508662,0,0,0,0,0,0,3,23,9293520,254,254,53327855,0,0,0,0,0,0,2,18,8775568
200605,12,105,3,5,Polk County                   ,661,661,107183402,3,6,493000,2,8,727366,1,5,259375,627,627,101299257,3,6,493000,2,8,727366,0,0,0
200605,12,109,3,5,St. Johns County              ,256,256,67559695,0,0,0,7,28,6580000,1,24,3131369,251,251,66694036,0,0,0,7,28,6580000,1,24,3131369
200605,12,111,3,5,St. Lucie County              ,402,402,53409963,0,0,0,3,9,1023577,1,25,1531708,392,392,51854541,0,0,0,0,0,0,0,0,0
200605,12,113,3,5,Santa Rosa County             ,102,102,16018906,0,0,0,0,0,0,0,0,0,102,102,16018906,0,0,0,0,0,0,0,0,0
200605,12,115,3,5,Sarasota County               ,226,226,46694949,0,0,0,6,22,4460000,4,152,11201754,226,226,46694949,0,0,0,6,22,4460000,4,152,11201754
200605,12,117,3,5,Seminole County               ,303,303,58569027,0,0,0,0,0,0,0,0,0,303,303,58569027,0,0,0,0,0,0,0,0,0
200605,12,119,3,5,Sumter County                 ,310,310,48751621,0,0,0,0,0,0,0,0,0,310,310,48751621,0,0,0,0,0,0,0,0,0
200605,12,123,3,5,Taylor County                 ,8,8,1070292,0,0,0,0,0,0,0,0,0,5,5,685640,0,0,0,0,0,0,0,0,0
200605,12,125,3,5,Union County                  ,15,15,1724880,0,0,0,0,0,0,0,0,0,15,15,1724880,0,0,0,0,0,0,0,0,0
200605,12,127,3,5,Volusia County                ,356,356,75767837,0,0,0,0,0,0,3,70,9363113,283,283,63673292,0,0,0,0,0,0,1,33,6197677
200605,12,129,3,5,Wakulla County                ,66,66,8445261,0,0,0,0,0,0,0,0,0,66,66,8445261,0,0,0,0,0,0,0,0,0
200605,12,131,3,5,Walton County                 ,135,135,21440663,0,0,0,0,0,0,2,16,1738080,135,135,21440663,0,0,0,0,0,0,2,16,1738080
200605,13,005,3,5,Bacon County                  ,0,0,0,0,0,0,0,0,0,0,0,0,0,0,0,0,0,0,0,0,0,0,0,0
200605,13,013,3,5,Barrow County                 ,137,137,12491542,0,0,0,0,0,0,0,0,0,112,112,9751695,0,0,0,0,0,0,0,0,0
200605,13,015,3,5,Bartow County                 ,92,92,14321180,0,0,0,0,0,0,1,8,791128,86,86,13443839,0,0,0,0,0,0,1,8,791128
200605,13,029,3,5,Bryan County                  ,54,54,8924861,0,0,0,0,0,0,0,0,0,22,22,3043565,0,0,0,0,0,0,0,0,0
200605,13,035,3,5,Butts County                  ,18,18,1579845,0,0,0,0,0,0,0,0,0,0,0,0,0,0,0,0,0,0,0,0,0
200605,13,045,3,5,Carroll County                ,139,139,19256478,0,0,0,0,0,0,1,6,225000,139,139,19256478,0,0,0,0,0,0,1,6,225000
200605,13,057,3,5,Cherokee County               ,410,410,65417693,0,0,0,0,0,0,0,0,0,337,337,55953623,0,0,0,0,0,0,0,0,0
200605,13,059,3,5,Clarke County                 ,79,79,7315788,0,0,0,0,0,0,2,11,993080,79,79,7315788,0,0,0,0,0,0,2,11,993080
200605,13,063,3,5,Clayton County                ,208,208,32830782,0,0,0,0,0,0,0,0,0,203,203,32042657,0,0,0,0,0,0,0,0,0
200605,13,067,3,5,Cobb County                   ,275,275,58140689,0,0,0,6,24,3599467,11,251,9297800,275,275,58140689,0,0,0,6,24,3599467,11,251,9297800
200605,13,077,3,5,Coweta County                 ,205,205,38162873,0,0,0,0,0,0,0,0,0,205,205,38162873,0,0,0,0,0,0,0,0,0
200605,13,085,3,5,Dawson County                 ,40,40,9798138,0,0,0,0,0,0,0,0,0,9,9,3300000,0,0,0,0,0,0,0,0,0
200605,13,089,3,5,DeKalb County                 ,265,265,41818649,0,0,0,2,8,1588608,12,298,29469518,265,265,41818649,0,0,0,2,8,1588608,12,298,29469518
200605,13,097,3,5,Douglas County                ,210,210,29202715,0,0,0,0,0,0,0,0,0,210,210,29202715,0,0,0,0,0,0,0,0,0
200605,13,113,3,5,Fayette County                ,58,58,14666610,0,0,0,0,0,0,0,0,0,58,58,14666610,0,0,0,0,0,0,0,0,0
200605,13,117,3,5,Forsyth County                ,348,348,44918824,0,0,0,0,0,0,0,0,0,348,348,44918824,0,0,0,0,0,0,0,0,0
200605,13,121,3,5,Fulton County                 ,909,909,124364175,9,18,1538159,2,6,545524,8,1446,142996386,846,846,120281369,9,18,1538159,2,6,545524,8,1446,142996386
200605,13,127,3,5,Glynn County                  ,85,85,19420275,0,0,0,0,0,0,1,5,86500,0,0,0,0,0,0,0,0,0,0,0,0
200605,13,133,3,5,Greene County                 ,21,21,10136207,0,0,0,0,0,0,0,0,0,21,21,10136207,0,0,0,0,0,0,0,0,0
200605,13,135,3,5,Gwinnett County               ,858,858,133390607,1,2,170907,0,0,0,11,342,33820722,813,813,129639935,1,2,170907,0,0,0,11,342,33820722
200605,13,143,3,5,Haralson County               ,7,7,828609,1,2,80000,1,3,120000,0,0,0,4,4,628192,0,0,0,0,0,0,0,0,0
200605,13,145,3,5,Harris County                 ,43,43,11011600,0,0,0,0,0,0,0,0,0,43,43,11011600,0,0,0,0,0,0,0,0,0
200605,13,149,3,5,Heard County                  ,3,3,403200,0,0,0,0,0,0,0,0,0,0,0,0,0,0,0,0,0,0,0,0,0
200605,13,151,3,5,Henry County                  ,364,364,69745275,0,0,0,0,0,0,1,5,218796,302,302,63163934,0,0,0,0,0,0,0,0,0
200605,13,159,3,5,Jasper County                 ,11,11,1390556,0,0,0,0,0,0,0,0,0,11,11,1390556,0,0,0,0,0,0,0,0,0
200605,13,169,3,5,Jones County                  ,22,22,5081545,0,0,0,0,0,0,0,0,0,22,22,5081545,0,0,0,0,0,0,0,0,0
200605,13,171,3,5,Lamar County                  ,12,12,1183460,0,0,0,0,0,0,0,0,0,10,10,931813,0,0,0,0,0,0,0,0,0
200605,13,177,3,5,Lee County                    ,36,36,4114268,0,0,0,0,0,0,0,0,0,0,0,0,0,0,0,0,0,0,0,0,0
200605,13,189,3,5,McDuffie County               ,5,5,786092,0,0,0,0,0,0,0,0,0,0,0,0,0,0,0,0,0,0,0,0,0
200605,13,199,3,5,Meriwether County             ,12,12,1663046,0,0,0,0,0,0,0,0,0,0,0,0,0,0,0,0,0,0,0,0,0
200605,13,211,3,5,Morgan County                 ,19,19,5808910,0,0,0,0,0,0,0,0,0,19,19,5808910,0,0,0,0,0,0,0,0,0
200605,13,215,3,5,Muscogee County               ,73,73,7761736,0,0,0,2,6,273965,2,28,1971786,0,0,0,0,0,0,0,0,0,0,0,0
200605,13,217,3,5,Newton County                 ,159,159,22764900,0,0,0,0,0,0,0,0,0,159,159,22764900,0,0,0,0,0,0,0,0,0
200605,13,223,3,5,Paulding County               ,239,239,37518040,0,0,0,0,0,0,0,0,0,239,239,37518040,0,0,0,0,0,0,0,0,0
200605,13,227,3,5,Pickens County                ,31,31,9633433,0,0,0,0,0,0,0,0,0,27,27,9454000,0,0,0,0,0,0,0,0,0
200605,13,231,3,5,Pike County                   ,25,25,3067151,0,0,0,0,0,0,0,0,0,3,3,245000,0,0,0,0,0,0,0,0,0
200605,13,237,3,5,Putnam County                 ,95,95,18724860,0,0,0,0,0,0,0,0,0,95,95,18724860,0,0,0,0,0,0,0,0,0
200605,13,239,3,5,Quitman County                ,0,0,0,0,0,0,0,0,0,0,0,0,0,0,0,0,0,0,0,0,0,0,0,0
200605,13,247,3,5,Rockdale County               ,80,80,21412431,0,0,0,0,0,0,0,0,0,80,80,21412431,0,0,0,0,0,0,0,0,0
200605,13,255,3,5,Spalding County               ,66,66,6133371,0,0,0,0,0,0,0,0,0,66,66,6133371,0,0,0,0,0,0,0,0,0
200605,13,291,3,5,Union County                  ,48,48,7630804,0,0,0,0,0,0,0,0,0,48,48,7630804,0,0,0,0,0,0,0,0,0
200605,13,297,3,5,Walton County                 ,134,134,18224865,0,0,0,0,0,0,0,0,0,133,133,18114684,0,0,0,0,0,0,0,0,0
200605,13,313,3,5,Whitfield County              ,47,47,4729082,1,2,99087,1,3,170982,1,9,460158,0,0,0,0,0,0,0,0,0,0,0,0
200605,13,321,3,5,Worth County                  ,12,12,806450,0,0,0,0,0,0,0,0,0,12,12,806450,0,0,0,0,0,0,0,0,0
200605,15,001,4,9,Hawaii County                 ,228,228,55105808,0,0,0,8,28,2579600,1,15,2100000,228,228,55105808,0,0,0,8,28,2579600,1,15,2100000
200605,15,003,4,9,Honolulu County               ,134,134,36964194,0,0,0,0,0,0,0,0,0,134,134,36964194,0,0,0,0,0,0,0,0,0
200605,15,007,4,9,Kauai County                  ,18,18,8319380,0,0,0,0,0,0,5,100,29275000,18,18,8319380,0,0,0,0,0,0,5,100,29275000
200605,15,009,4,9,Maui County                   ,70,70,13148184,0,0,0,0,0,0,0,0,0,70,70,13148184,0,0,0,0,0,0,0,0,0
200605,16,001,4,8,Ada County                    ,515,515,105905129,1,2,219993,14,55,3580719,0,0,0,342,342,71558428,1,2,219993,13,52,3347624,0,0,0
200605,16,015,4,8,Boise County                  ,29,29,5761952,0,0,0,0,0,0,0,0,0,29,29,5761952,0,0,0,0,0,0,0,0,0
200605,16,027,4,8,Canyon County                 ,322,322,51486147,2,4,303986,0,0,0,0,0,0,275,275,41735637,2,4,303986,0,0,0,0,0,0
200605,16,045,4,8,Gem County                    ,22,22,4139746,0,0,0,0,0,0,0,0,0,22,22,4139746,0,0,0,0,0,0,0,0,0
200605,16,073,4,8,Owyhee County                 ,8,8,1461465,0,0,0,0,0,0,0,0,0,7,7,1381465,0,0,0,0,0,0,0,0,0
200605,17,005,2,3,Bond County                   ,4,4,855000,0,0,0,0,0,0,0,0,0,4,4,855000,0,0,0,0,0,0,0,0,0
200605,17,013,2,3,Calhoun County                ,3,3,365000,0,0,0,0,0,0,0,0,0,3,3,365000,0,0,0,0,0,0,0,0,0
200605,17,027,2,3,Clinton County                ,23,23,2217955,0,0,0,0,0,0,0,0,0,21,21,1889253,0,0,0,0,0,0,0,0,0
200605,17,031,2,3,Cook County                   ,476,476,119174426,15,30,3044744,51,166,14863404,56,1193,107534622,362,362,93406663,14,28,2864744,50,162,14419404,50,1062,94652427
200605,17,037,2,3,DeKalb County                 ,85,85,15088998,1,2,193250,2,7,561175,0,0,0,57,57,11395705,0,0,0,1,4,248425,0,0,0
200605,17,039,2,3,De Witt County                ,2,2,300000,1,2,150000,1,3,225000,0,0,0,2,2,300000,1,2,150000,1,3,225000,0,0,0
200605,17,043,2,3,DuPage County                 ,227,227,77622413,0,0,0,0,0,0,3,102,14540261,151,151,58048122,0,0,0,0,0,0,2,84,12889000
200605,17,063,2,3,Grundy County                 ,29,29,10127984,0,0,0,0,0,0,0,0,0,26,26,9646341,0,0,0,0,0,0,0,0,0
200605,17,083,2,3,Jersey County                 ,11,11,1984485,0,0,0,0,0,0,1,5,289248,6,6,1103288,0,0,0,0,0,0,0,0,0
200605,17,089,2,3,Kane County                   ,452,452,94269809,1,2,224927,0,0,0,0,0,0,247,247,59908743,0,0,0,0,0,0,0,0,0
200605,17,093,2,3,Kendall County                ,232,232,32867848,0,0,0,0,0,0,1,16,1109000,167,167,25823263,0,0,0,0,0,0,1,16,1109000
200605,17,097,2,3,Lake County                   ,290,290,66968646,0,0,0,1,4,140000,4,29,3688946,182,182,40314694,0,0,0,0,0,0,0,0,0
200605,17,111,2,3,McHenry County                ,308,308,59716034,2,4,643249,6,23,2067964,1,5,378733,270,270,52702302,1,2,450000,5,20,1791120,0,0,0
200605,17,117,2,3,Macoupin County               ,19,19,3014644,0,0,0,0,0,0,0,0,0,18,18,2889339,0,0,0,0,0,0,0,0,0
200605,17,119,2,3,Madison County                ,115,115,21628347,2,4,351633,0,0,0,1,5,296469,97,97,18403413,1,2,200000,0,0,0,0,0,0
200605,17,133,2,3,Monroe County                 ,29,29,5237043,1,2,193809,0,0,0,0,0,0,9,9,1964800,0,0,0,0,0,0,0,0,0
200605,17,163,2,3,St. Clair County              ,146,146,23781846,1,2,25000,0,0,0,2,10,395833,49,49,8125321,1,2,25000,0,0,0,0,0,0
200605,17,197,2,3,Will County                   ,662,662,147522109,0,0,0,1,3,190536,2,45,4517560,632,632,143358908,0,0,0,0,0,0,1,40,4200000
200605,18,001,2,3,Adams County                  ,10,10,1031941,0,0,0,0,0,0,0,0,0,7,7,668000,0,0,0,0,0,0,0,0,0
200605,18,003,2,3,Allen County                  ,105,105,20064438,0,0,0,3,9,590000,10,80,3580269,105,105,20064438,0,0,0,3,9,590000,10,80,3580269
200605,18,011,2,3,Boone County                  ,39,39,9621127,1,2,220000,0,0,0,0,0,0,25,25,7075109,0,0,0,0,0,0,0,0,0
200605,18,013,2,3,Brown County                  ,9,9,1487524,0,0,0,0,0,0,0,0,0,0,0,0,0,0,0,0,0,0,0,0,0
200605,18,019,2,3,Clark County                  ,40,40,7167013,0,0,0,0,0,0,1,6,400000,40,40,7167013,0,0,0,0,0,0,1,6,400000
200605,18,029,2,3,Dearborn County               ,24,24,4864000,0,0,0,0,0,0,1,16,800000,24,24,4864000,0,0,0,0,0,0,1,16,800000
200605,18,043,2,3,Floyd County                  ,27,27,6602414,0,0,0,0,0,0,0,0,0,20,20,5597210,0,0,0,0,0,0,0,0,0
200605,18,047,2,3,Franklin County               ,10,10,1674500,0,0,0,0,0,0,0,0,0,10,10,1674500,0,0,0,0,0,0,0,0,0
200605,18,057,2,3,Hamilton County               ,333,333,71243786,11,22,2370372,3,12,637000,3,25,2002154,330,330,70770098,11,22,2370372,3,12,637000,3,25,2002154
200605,18,059,2,3,Hancock County                ,52,52,10889437,0,0,0,0,0,0,0,0,0,27,27,7424094,0,0,0,0,0,0,0,0,0
200605,18,061,2,3,Harrison County               ,9,9,1654932,0,0,0,0,0,0,0,0,0,9,9,1654932,0,0,0,0,0,0,0,0,0
200605,18,063,2,3,Hendricks County              ,120,120,21827174,2,4,234050,2,8,716448,0,0,0,114,114,20784538,2,4,234050,2,8,716448,0,0,0
200605,18,065,2,3,Henry County                  ,5,5,737800,0,0,0,0,0,0,0,0,0,5,5,737800,0,0,0,0,0,0,0,0,0
200605,18,069,2,3,Huntington County             ,9,9,1423600,0,0,0,0,0,0,0,0,0,9,9,1423600,0,0,0,0,0,0,0,0,0
200605,18,073,2,3,Jasper County                 ,27,27,4374045,0,0,0,0,0,0,0,0,0,19,19,2972576,0,0,0,0,0,0,0,0,0
200605,18,079,2,3,Jennings County               ,15,15,1742376,0,0,0,0,0,0,0,0,0,15,15,1742376,0,0,0,0,0,0,0,0,0
200605,18,081,2,3,Johnson County                ,96,96,17261388,1,2,97625,0,0,0,0,0,0,95,95,17127116,0,0,0,0,0,0,0,0,0
200605,18,087,2,3,Lagrange County               ,18,18,2706000,0,0,0,0,0,0,0,0,0,18,18,2706000,0,0,0,0,0,0,0,0,0
200605,18,089,2,3,Lake County                   ,217,217,42575252,10,20,2319577,2,6,624547,1,5,371324,158,158,31992471,4,8,1205006,0,0,0,0,0,0
200605,18,097,2,3,Marion County                 ,204,204,37237800,6,12,1227748,1,4,358224,4,53,4480323,176,176,32363108,6,12,1227748,1,4,358224,4,53,4480323
200605,18,109,2,3,Morgan County                 ,32,32,6066248,1,2,204625,2,8,181628,0,0,0,18,18,3662320,1,2,204625,2,8,181628,0,0,0
200605,18,111,2,3,Newton County                 ,8,8,1248333,0,0,0,0,0,0,0,0,0,7,7,1110000,0,0,0,0,0,0,0,0,0
200605,18,115,2,3,Ohio County                   ,3,3,400000,0,0,0,0,0,0,0,0,0,3,3,400000,0,0,0,0,0,0,0,0,0
200605,18,125,2,3,Pike County                   ,1,1,70585,0,0,0,0,0,0,0,0,0,1,1,70585,0,0,0,0,0,0,0,0,0
200605,18,127,2,3,Porter County                 ,103,103,22918579,7,14,2079963,3,11,907917,0,0,0,95,95,22028964,7,14,2079963,2,8,630417,0,0,0
200605,18,133,2,3,Putnam County                 ,23,23,4252389,0,0,0,0,0,0,0,0,0,23,23,4252389,0,0,0,0,0,0,0,0,0
200605,18,145,2,3,Shelby County                 ,26,26,3382296,0,0,0,0,0,0,0,0,0,26,26,3382296,0,0,0,0,0,0,0,0,0
200605,18,155,2,3,Switzerland County            ,13,13,757460,0,0,0,0,0,0,0,0,0,0,0,0,0,0,0,0,0,0,0,0,0
200605,18,157,2,3,Tippecanoe County             ,90,90,15778479,0,0,0,0,0,0,0,0,0,90,90,15778479,0,0,0,0,0,0,0,0,0
200605,18,163,2,3,Vanderburgh County            ,47,47,6410996,0,0,0,0,0,0,1,10,1005000,47,47,6410996,0,0,0,0,0,0,1,10,1005000
200605,18,167,2,3,Vigo County                   ,26,26,3537522,1,2,118160,1,3,214286,2,17,834192,18,18,2681474,0,0,0,0,0,0,1,6,401490
200605,18,175,2,3,Washington County             ,8,8,1054581,0,0,0,0,0,0,0,0,0,0,0,0,0,0,0,0,0,0,0,0,0
200605,18,179,2,3,Wells County                  ,8,8,1471050,3,6,613874,0,0,0,0,0,0,8,8,1471050,3,6,613874,0,0,0,0,0,0
200605,18,181,2,3,White County                  ,6,6,468000,0,0,0,0,0,0,0,0,0,6,6,468000,0,0,0,0,0,0,0,0,0
200605,18,183,2,3,Whitley County                ,25,25,3691000,0,0,0,0,0,0,0,0,0,25,25,3691000,0,0,0,0,0,0,0,0,0
200605,19,049,2,4,Dallas County                 ,63,63,12785495,0,0,0,0,0,0,0,0,0,60,60,12453181,0,0,0,0,0,0,0,0,0
200605,19,077,2,4,Guthrie County                ,3,3,620000,0,0,0,0,0,0,0,0,0,3,3,620000,0,0,0,0,0,0,0,0,0
200605,19,085,2,4,Harrison County               ,6,6,1247157,0,0,0,0,0,0,0,0,0,3,3,551644,0,0,0,0,0,0,0,0,0
200605,19,121,2,4,Madison County                ,19,19,3170535,0,0,0,0,0,0,0,0,0,17,17,2900000,0,0,0,0,0,0,0,0,0
200605,19,129,2,4,Mills County                  ,4,4,370000,0,0,0,0,0,0,0,0,0,4,4,370000,0,0,0,0,0,0,0,0,0
200605,19,153,2,4,Polk County                   ,263,263,45275635,0,0,0,0,0,0,1,5,408942,251,251,43333763,0,0,0,0,0,0,0,0,0
200605,19,155,2,4,Pottawattamie County          ,48,48,5837206,1,2,114035,1,4,407293,0,0,0,47,47,5614706,1,2,114035,1,4,407293,0,0,0
200605,19,181,2,4,Warren County                 ,38,38,6757715,1,2,204625,0,0,0,0,0,0,35,35,6230508,1,2,204625,0,0,0,0,0,0
200605,20,055,2,4,Finney County                 ,1,1,84000,0,0,0,0,0,0,0,0,0,1,1,84000,0,0,0,0,0,0,0,0,0
200605,20,059,2,4,Franklin County               ,11,11,1511785,0,0,0,0,0,0,0,0,0,11,11,1511785,0,0,0,0,0,0,0,0,0
200605,20,063,2,4,Gove County                   ,0,0,0,0,0,0,0,0,0,0,0,0,0,0,0,0,0,0,0,0,0,0,0,0
200605,20,091,2,4,Johnson County                ,341,341,76710326,4,8,660982,6,21,2046817,3,22,1461610,220,220,51721304,2,4,240000,0,0,0,0,0,0
200605,20,103,2,4,Leavenworth County            ,33,33,5235901,0,0,0,0,0,0,0,0,0,25,25,3701466,0,0,0,0,0,0,0,0,0
200605,20,107,2,4,Linn County                   ,5,5,868864,0,0,0,0,0,0,0,0,0,0,0,0,0,0,0,0,0,0,0,0,0
200605,20,121,2,4,Miami County                  ,24,24,4642824,0,0,0,0,0,0,0,0,0,15,15,2828860,0,0,0,0,0,0,0,0,0
200605,20,129,2,4,Morton County                 ,1,1,200000,0,0,0,0,0,0,0,0,0,0,0,0,0,0,0,0,0,0,0,0,0
200605,20,151,2,4,Pratt County                  ,2,2,294000,0,0,0,0,0,0,0,0,0,2,2,294000,0,0,0,0,0,0,0,0,0
200605,20,183,2,4,Smith County                  ,0,0,0,0,0,0,0,0,0,0,0,0,0,0,0,0,0,0,0,0,0,0,0,0
200605,20,209,2,4,Wyandotte County              ,25,25,2737516,0,0,0,0,0,0,0,0,0,23,23,2519000,0,0,0,0,0,0,0,0,0
200605,21,005,3,6,Anderson County               ,15,15,1609720,0,0,0,0,0,0,0,0,0,15,15,1609720,0,0,0,0,0,0,0,0,0
200605,21,015,3,6,Boone County                  ,93,93,14605473,1,2,170907,3,12,1091049,1,12,1186692,93,93,14605473,1,2,170907,3,12,1091049,1,12,1186692
200605,21,021,3,6,Boyle County                  ,10,10,1263000,0,0,0,0,0,0,0,0,0,10,10,1263000,0,0,0,0,0,0,0,0,0
200605,21,029,3,6,Bullitt County                ,65,65,12152298,0,0,0,0,0,0,0,0,0,65,65,12152298,0,0,0,0,0,0,0,0,0
200605,21,037,3,6,Campbell County               ,20,20,3290451,0,0,0,1,3,559380,1,5,239938,17,17,2267280,0,0,0,0,0,0,0,0,0
200605,21,049,3,6,Clark County                  ,23,23,3630355,0,0,0,0,0,0,0,0,0,0,0,0,0,0,0,0,0,0,0,0,0
200605,21,059,3,6,Daviess County                ,28,28,2531528,0,0,0,0,0,0,0,0,0,28,28,2531528,0,0,0,0,0,0,0,0,0
200605,21,067,3,6,Fayette County                ,208,208,26100037,1,2,145000,1,4,477011,1,25,1271183,0,0,0,0,0,0,0,0,0,0,0,0
200605,21,077,3,6,Gallatin County               ,6,6,1350000,0,0,0,0,0,0,0,0,0,6,6,1350000,0,0,0,0,0,0,0,0,0
200605,21,081,3,6,Grant County                  ,13,13,1727946,0,0,0,0,0,0,0,0,0,0,0,0,0,0,0,0,0,0,0,0,0
200605,21,103,3,6,Henry County                  ,10,10,1457000,0,0,0,0,0,0,0,0,0,10,10,1457000,0,0,0,0,0,0,0,0,0
200605,21,111,3,6,Jefferson County              ,248,248,39730538,0,0,0,0,0,0,3,90,5809342,2,2,400000,0,0,0,0,0,0,0,0,0
200605,21,113,3,6,Jessamine County              ,40,40,10126610,0,0,0,0,0,0,0,0,0,40,40,10126610,0,0,0,0,0,0,0,0,0
200605,21,117,3,6,Kenton County                 ,100,100,13609689,0,0,0,0,0,0,3,16,1188082,74,74,11095833,0,0,0,0,0,0,1,6,840000
200605,21,137,3,6,Lincoln County                ,19,19,3020527,0,0,0,0,0,0,0,0,0,19,19,3020527,0,0,0,0,0,0,0,0,0
200605,21,151,3,6,Madison County                ,39,39,3606337,1,2,128516,0,0,0,1,5,168959,13,13,1330100,0,0,0,0,0,0,0,0,0
200605,21,157,3,6,Marshall County               ,3,3,363627,0,0,0,0,0,0,0,0,0,0,0,0,0,0,0,0,0,0,0,0,0
200605,21,163,3,6,Meade County                  ,10,10,1152000,0,0,0,2,8,350000,0,0,0,10,10,1152000,0,0,0,2,8,350000,0,0,0
200605,21,167,3,6,Mercer County                 ,14,14,2361000,0,0,0,0,0,0,0,0,0,14,14,2361000,0,0,0,0,0,0,0,0,0
200605,21,179,3,6,Nelson County                 ,41,41,4810141,0,0,0,0,0,0,0,0,0,0,0,0,0,0,0,0,0,0,0,0,0
200605,21,185,3,6,Oldham County                 ,51,51,12865080,0,0,0,0,0,0,0,0,0,0,0,0,0,0,0,0,0,0,0,0,0
200605,21,191,3,6,Pendleton County              ,0,0,0,0,0,0,0,0,0,0,0,0,0,0,0,0,0,0,0,0,0,0,0,0
200605,21,205,3,6,Rowan County                  ,0,0,0,0,0,0,0,0,0,0,0,0,0,0,0,0,0,0,0,0,0,0,0,0
200605,21,209,3,6,Scott County                  ,86,86,11598579,0,0,0,0,0,0,4,24,1080000,86,86,11598579,0,0,0,0,0,0,4,24,1080000
200605,21,211,3,6,Shelby County                 ,35,35,7484099,0,0,0,4,15,1698000,0,0,0,35,35,7484099,0,0,0,4,15,1698000,0,0,0
200605,21,213,3,6,Simpson County                ,8,8,907008,0,0,0,0,0,0,0,0,0,0,0,0,0,0,0,0,0,0,0,0,0
200605,21,215,3,6,Spencer County                ,44,44,6910116,0,0,0,0,0,0,0,0,0,44,44,6910116,0,0,0,0,0,0,0,0,0
200605,21,221,3,6,Trigg County                  ,2,2,153124,0,0,0,0,0,0,0,0,0,0,0,0,0,0,0,0,0,0,0,0,0
200605,21,239,3,6,Woodford County               ,15,15,3337000,1,2,150000,0,0,0,0,0,0,15,15,3337000,1,2,150000,0,0,0,0,0,0
200605,22,051,3,7,Jefferson Parish              ,17,17,10488037,0,0,0,0,0,0,0,0,0,16,16,10362016,0,0,0,0,0,0,0,0,0
200605,22,071,3,7,Orleans Parish                ,24,24,3277640,3,6,245000,0,0,0,0,0,0,24,24,3277640,3,6,245000,0,0,0,0,0,0
200605,22,075,3,7,Plaquemines Parish            ,6,6,615906,0,0,0,0,0,0,0,0,0,0,0,0,0,0,0,0,0,0,0,0,0
200605,22,087,3,7,St. Bernard Parish            ,19,19,1215000,0,0,0,1,4,250000,0,0,0,19,19,1215000,0,0,0,1,4,250000,0,0,0
200605,22,089,3,7,St. Charles Parish            ,34,34,6140860,0,0,0,3,12,975000,0,0,0,34,34,6140860,0,0,0,3,12,975000,0,0,0
200605,22,095,3,7,St. John the Baptist Parish   ,39,39,6312900,0,0,0,0,0,0,0,0,0,39,39,6312900,0,0,0,0,0,0,0,0,0
200605,22,103,3,7,St. Tammany Parish            ,228,228,43018326,5,10,750000,5,17,2875000,0,0,0,228,228,43018326,5,10,750000,5,17,2875000,0,0,0
200605,22,109,3,7,Terrebonne Parish             ,3,3,745290,0,0,0,0,0,0,0,0,0,3,3,745290,0,0,0,0,0,0,0,0,0
200605,23,000,1,1,Maine Unorganized Territory   ,22,22,2921604,0,0,0,0,0,0,0,0,0,0,0,0,0,0,0,0,0,0,0,0,0
200605,24,003,3,5,Anne Arundel County           ,101,101,16298323,1,2,300000,0,0,0,2,17,2976519,94,94,14762521,0,0,0,0,0,0,0,0,0
200605,24,005,3,5,Baltimore County              ,141,141,22143781,0,0,0,0,0,0,2,11,1087801,141,141,22143781,0,0,0,0,0,0,2,11,1087801
200605,24,009,3,5,Calvert County                ,30,30,5643766,0,0,0,0,0,0,0,0,0,30,30,5643766,0,0,0,0,0,0,0,0,0
200605,24,013,3,5,Carroll County                ,38,38,5982587,0,0,0,0,0,0,0,0,0,38,38,5982587,0,0,0,0,0,0,0,0,0
200605,24,015,3,5,Cecil County                  ,53,53,8114883,0,0,0,0,0,0,1,9,109305,10,10,842000,0,0,0,0,0,0,0,0,0
200605,24,017,3,5,Charles County                ,113,113,28477702,0,0,0,0,0,0,2,15,2316667,102,102,26705185,0,0,0,0,0,0,1,10,2000000
200605,24,021,3,5,Frederick County              ,90,90,14018050,0,0,0,0,0,0,0,0,50000,90,90,14018050,0,0,0,0,0,0,0,0,50000
200605,24,023,3,5,Garrett County                ,38,38,13370960,0,0,0,0,0,0,0,0,0,38,38,13370960,0,0,0,0,0,0,0,0,0
200605,24,025,3,5,Harford County                ,59,59,8762856,0,0,0,0,0,0,0,0,0,28,28,4433250,0,0,0,0,0,0,0,0,0
200605,24,027,3,5,Howard County                 ,61,61,9579934,0,0,0,0,0,0,0,0,0,61,61,9579934,0,0,0,0,0,0,0,0,0
200605,24,031,3,5,Montgomery County             ,113,113,31240700,4,8,1216000,0,0,0,0,0,0,113,113,31240700,4,8,1216000,0,0,0,0,0,0
200605,24,033,3,5,Prince George County          ,217,217,34278819,0,0,0,0,0,0,0,0,0,217,217,34278819,0,0,0,0,0,0,0,0,0
200605,24,035,3,5,Queen Anne County             ,36,36,6670252,0,0,0,0,0,0,0,0,0,23,23,5333000,0,0,0,0,0,0,0,0,0
200605,24,510,3,5,Baltimore (Independent City)  ,56,56,6559506,0,0,0,0,0,0,2,45,5924810,0,0,0,0,0,0,0,0,0,0,0,0
200605,25,009,1,1,Essex County                  ,81,81,19481985,5,10,1016726,0,0,0,9,306,27369398,29,29,8124376,1,2,250000,0,0,0,5,259,21397320
200605,25,017,1,1,Middlesex County              ,163,163,38569006,6,12,1464269,7,25,2677671,2,18,1815409,99,99,26662457,2,4,611400,5,19,2114100,0,0,0
200605,25,019,1,1,Nantucket County              ,10,10,3031200,0,0,0,0,0,0,0,0,0,10,10,3031200,0,0,0,0,0,0,0,0,0
200605,25,021,1,1,Norfolk County                ,64,64,18084464,4,8,787950,1,3,420928,5,66,6506490,42,42,12154900,1,2,186000,0,0,0,0,0,0
200605,25,023,1,1,Plymouth County               ,126,126,25689526,19,38,5230622,3,9,937199,1,5,492405,54,54,13323016,17,34,4717516,2,6,587148,0,0,0
200605,25,025,1,1,Suffolk County                ,3,3,549809,8,16,1632707,7,23,2156265,2,39,3048376,3,3,549809,5,10,1038782,7,23,2156265,1,25,1954419
200605,26,000,2,3,Michigan Balance of State     ,25,25,2466596,0,0,0,0,0,0,0,0,0,25,25,2466596,0,0,0,0,0,0,0,0,0
200605,26,001,2,3,Alcona County                 ,8,8,1375000,0,0,0,0,0,0,0,0,0,8,8,1375000,0,0,0,0,0,0,0,0,0
200605,26,009,2,3,Antrim County                 ,14,14,2039293,0,0,0,0,0,0,0,0,0,0,0,0,0,0,0,0,0,0,0,0,0
200605,26,015,2,3,Barry County                  ,58,58,3402287,0,0,0,0,0,0,0,0,0,58,58,3402287,0,0,0,0,0,0,0,0,0
200605,26,019,2,3,Benzie County                 ,22,22,4018171,0,0,0,0,0,0,0,0,0,0,0,0,0,0,0,0,0,0,0,0,0
200605,26,029,2,3,Charlevoix County             ,26,26,3354223,0,0,0,1,3,431250,0,0,0,0,0,0,0,0,0,0,0,0,0,0,0
200605,26,031,2,3,Cheboygan County              ,12,12,2866000,0,0,0,0,0,0,0,0,0,12,12,2866000,0,0,0,0,0,0,0,0,0
200605,26,047,2,3,Emmet County                  ,22,22,5193781,1,2,314740,0,0,0,2,18,1262131,0,0,0,0,0,0,0,0,0,0,0,0
200605,26,051,2,3,Gladwin County                ,8,8,1191766,0,0,0,0,0,0,0,0,0,8,8,1191766,0,0,0,0,0,0,0,0,0
200605,26,067,2,3,Ionia County                  ,26,26,1122621,0,0,0,0,0,0,0,0,0,3,3,339000,0,0,0,0,0,0,0,0,0
200605,26,079,2,3,Kalkaska County               ,17,17,1805500,0,0,0,0,0,0,4,48,3600000,17,17,1805500,0,0,0,0,0,0,4,48,3600000
200605,26,081,2,3,Kent County                   ,199,199,33382081,1,2,126061,2,6,481136,2,18,1520893,149,149,27910181,0,0,0,0,0,0,0,0,0
200605,26,087,2,3,Lapeer County                 ,43,43,7458785,0,0,0,0,0,0,0,0,0,43,43,7458785,0,0,0,0,0,0,0,0,0
200605,26,089,2,3,Leelanau County               ,15,15,2355287,0,0,0,0,0,0,0,0,0,15,15,2355287,0,0,0,0,0,0,0,0,0
200605,26,093,2,3,Livingston County             ,94,94,16202421,0,0,0,0,0,0,0,0,0,87,87,15499981,0,0,0,0,0,0,0,0,0
200605,26,099,2,3,Macomb County                 ,280,280,45876144,5,10,1014648,4,16,1179223,1,7,703316,233,233,35066245,5,10,1014648,4,16,1179223,0,0,0
200605,26,103,2,3,Marquette County              ,35,35,4559000,1,2,60000,2,8,327180,0,0,0,35,35,4559000,1,2,60000,2,8,327180,0,0,0
200605,26,113,2,3,Missaukee County              ,8,8,1191766,0,0,0,0,0,0,0,0,0,8,8,1191766,0,0,0,0,0,0,0,0,0
200605,26,123,2,3,Newaygo County                ,26,26,1666960,0,0,0,0,0,0,0,0,0,20,20,1049000,0,0,0,0,0,0,0,0,0
200605,26,125,2,3,Oakland County                ,218,218,48127480,5,10,1133777,2,7,960238,2,12,1869284,171,171,37921005,4,8,836634,1,4,726426,1,7,1220793
200605,26,129,2,3,Ogemaw County                 ,10,10,1306000,0,0,0,0,0,0,0,0,0,10,10,1306000,0,0,0,0,0,0,0,0,0
200605,26,133,2,3,Osceola County                ,12,12,1618764,0,0,0,0,0,0,0,0,0,12,12,1618764,0,0,0,0,0,0,0,0,0
200605,26,137,2,3,Otsego County                 ,10,10,1480157,0,0,0,0,0,0,0,0,0,0,0,0,0,0,0,0,0,0,0,0,0
200605,26,141,2,3,Presque Isle County           ,8,8,1271450,0,0,0,0,0,0,0,0,0,8,8,1271450,0,0,0,0,0,0,0,0,0
200605,26,147,2,3,St. Clair County              ,61,61,8960965,0,0,0,0,0,0,1,5,318790,34,34,5708936,0,0,0,0,0,0,0,0,0
200605,26,163,2,3,Wayne County                  ,245,245,41691107,1,2,204625,4,15,1515204,3,15,1672707,201,201,34792927,1,2,204625,4,15,1515204,0,0,0
200605,27,003,2,4,Anoka County                  ,148,148,26904812,0,0,0,0,0,0,0,0,0,86,86,16165800,0,0,0,0,0,0,0,0,0
200605,27,019,2,4,Carver County                 ,71,71,18809023,0,0,0,0,0,0,0,0,0,56,56,15963370,0,0,0,0,0,0,0,0,0
200605,27,025,2,4,Chisago County                ,43,43,6654456,0,0,0,0,0,0,0,0,0,33,33,5185736,0,0,0,0,0,0,0,0,0
200605,27,037,2,4,Dakota County                 ,134,134,28144237,0,0,0,2,8,1234000,3,25,3238720,116,116,24875080,0,0,0,2,8,1234000,1,8,1113238
200605,27,053,2,4,Hennepin County               ,260,260,68351860,1,2,3200000,0,0,0,7,117,18257148,239,239,61425394,1,2,3200000,0,0,0,4,97,15633665
200605,27,059,2,4,Isanti County                 ,41,41,5660885,0,0,0,0,0,0,0,0,0,41,41,5660885,0,0,0,0,0,0,0,0,0
200605,27,123,2,4,Ramsey County                 ,37,37,8501294,0,0,0,0,0,0,1,44,6515352,35,35,8079261,0,0,0,0,0,0,1,44,6515352
200605,27,139,2,4,Scott County                  ,101,101,27568077,0,0,0,1,4,614921,0,0,0,83,83,22739965,0,0,0,1,4,614921,0,0,0
200605,27,141,2,4,Sherburne County              ,84,84,15188318,0,0,0,0,0,0,0,0,0,47,47,9128503,0,0,0,0,0,0,0,0,0
200605,27,163,2,4,Washington County             ,187,187,42062317,0,0,0,0,0,0,0,0,0,162,162,38210936,0,0,0,0,0,0,0,0,0
200605,27,171,2,4,Wright County                 ,146,146,28159265,0,0,0,0,0,0,0,0,0,112,112,22255210,0,0,0,0,0,0,0,0,0
200605,28,021,3,6,Claiborne County              ,0,0,0,0,0,0,0,0,0,0,0,0,0,0,0,0,0,0,0,0,0,0,0,0
200605,28,033,3,6,DeSoto County                 ,306,306,42012711,0,0,0,0,0,0,35,496,31052000,306,306,42012711,0,0,0,0,0,0,35,496,31052000
200605,28,039,3,6,George County                 ,0,0,0,0,0,0,0,0,0,0,0,0,0,0,0,0,0,0,0,0,0,0,0,0
200605,28,071,3,6,Lafayette County              ,18,18,3494907,0,0,0,0,0,0,0,0,0,18,18,3494907,0,0,0,0,0,0,0,0,0
200605,28,091,3,6,Marion County                 ,0,0,0,0,0,0,0,0,0,0,0,0,0,0,0,0,0,0,0,0,0,0,0,0
200605,28,093,3,6,Marshall County               ,18,18,2079510,0,0,0,0,0,0,0,0,0,1,1,57000,0,0,0,0,0,0,0,0,0
200605,28,137,3,6,Tate County                   ,20,20,1756871,0,0,0,0,0,0,0,0,0,3,3,260000,0,0,0,0,0,0,0,0,0
200605,28,143,3,6,Tunica County                 ,2,2,89000,0,0,0,0,0,0,0,0,0,1,1,63000,0,0,0,0,0,0,0,0,0
200605,28,153,3,6,Wayne County                  ,0,0,0,0,0,0,0,0,0,0,0,0,0,0,0,0,0,0,0,0,0,0,0,0
200605,29,001,2,4,Adair County                  ,4,4,486634,1,2,127429,0,0,0,0,0,0,0,0,0,0,0,0,0,0,0,0,0,0
200605,29,013,2,4,Bates County                  ,1,1,65000,0,0,0,0,0,0,0,0,0,1,1,65000,0,0,0,0,0,0,0,0,0
200605,29,019,2,4,Boone County                  ,90,90,14338280,4,8,480000,0,0,0,0,0,0,90,90,14338280,4,8,480000,0,0,0,0,0,0
200605,29,025,2,4,Caldwell County               ,4,4,695091,0,0,0,0,0,0,0,0,0,0,0,0,0,0,0,0,0,0,0,0,0
200605,29,037,2,4,Cass County                   ,74,74,12697672,2,4,439500,1,3,354750,0,0,0,29,29,5113373,0,0,0,0,0,0,0,0,0
200605,29,047,2,4,Clay County                   ,35,35,6884357,0,0,0,0,0,0,0,0,0,35,35,6884357,0,0,0,0,0,0,0,0,0
200605,29,049,2,4,Clinton County                ,17,17,2885512,0,0,0,0,0,0,0,0,0,16,16,2802512,0,0,0,0,0,0,0,0,0
200605,29,065,2,4,Dent County                   ,0,0,0,0,0,0,0,0,0,0,0,0,0,0,0,0,0,0,0,0,0,0,0,0
200605,29,071,2,4,Franklin County               ,60,60,12166006,0,0,0,1,3,187500,1,8,586000,25,25,4590073,0,0,0,0,0,0,1,8,586000
200605,29,079,2,4,Grundy County                 ,3,3,238739,0,0,0,0,0,0,0,0,0,0,0,0,0,0,0,0,0,0,0,0,0
200605,29,095,2,4,Jackson County                ,252,252,42112010,32,64,6139488,20,80,6768032,7,133,10287449,243,243,40899702,32,64,6139488,20,80,6768032,7,133,10287449
200605,29,099,2,4,Jefferson County              ,125,125,17515892,0,0,0,0,0,0,0,0,0,125,125,17515892,0,0,0,0,0,0,0,0,0
200605,29,105,2,4,Laclede County                ,8,8,798224,3,6,340338,0,0,0,0,0,0,0,0,0,0,0,0,0,0,0,0,0,0
200605,29,107,2,4,Lafayette County              ,12,12,4753954,0,0,0,0,0,0,0,0,0,3,3,3190000,0,0,0,0,0,0,0,0,0
200605,29,113,2,4,Lincoln County                ,19,19,3190481,0,0,0,1,4,260000,0,0,0,19,19,3190481,0,0,0,1,4,260000,0,0,0
200605,29,141,2,4,Morgan County                 ,0,0,0,0,0,0,0,0,0,0,0,0,0,0,0,0,0,0,0,0,0,0,0,0
200605,29,161,2,4,Phelps County                 ,55,55,4277630,0,0,0,0,0,0,0,0,0,55,55,4277630,0,0,0,0,0,0,0,0,0
200605,29,165,2,4,Platte County                 ,48,48,9986429,0,0,0,0,0,0,0,0,0,46,46,9728229,0,0,0,0,0,0,0,0,0
200605,29,177,2,4,Ray County                    ,9,9,1223530,0,0,0,0,0,0,0,0,0,7,7,940000,0,0,0,0,0,0,0,0,0
200605,29,183,2,4,St. Charles County            ,278,278,53118412,3,6,811080,4,13,995900,2,54,5114000,235,235,41407550,3,6,811080,4,13,995900,2,54,5114000
200605,29,189,2,4,St. Louis County              ,213,213,56709936,1,2,208750,0,0,0,0,0,0,194,194,51758212,0,0,0,0,0,0,0,0,0
200605,29,219,2,4,Warren County                 ,54,54,8453266,0,0,0,0,0,0,0,0,0,51,51,7815736,0,0,0,0,0,0,0,0,0
200605,29,221,2,4,Washington County             ,0,0,0,0,0,0,0,0,0,0,0,0,0,0,0,0,0,0,0,0,0,0,0,0
200605,29,510,2,4,St. Louis (Independent City)  ,30,30,3817924,1,2,195328,3,9,953389,2,30,4899604,0,0,0,0,0,0,0,0,0,0,0,0
200605,30,023,4,8,Deer Lodge County             ,3,3,378714,0,0,0,0,0,0,0,0,0,0,0,0,0,0,0,0,0,0,0,0,0
200605,30,063,4,8,Missoula County               ,26,26,2249146,0,0,0,0,0,0,0,0,0,26,26,2249146,0,0,0,0,0,0,0,0,0
200605,31,025,2,4,Cass County                   ,20,20,2434985,0,0,0,0,0,0,0,0,0,19,19,2199985,0,0,0,0,0,0,0,0,0
200605,31,033,2,4,Cheyenne County               ,3,3,806168,0,0,0,0,0,0,6,48,3397332,3,3,806168,0,0,0,0,0,0,6,48,3397332
200605,31,055,2,4,Douglas County                ,185,185,22919178,0,0,0,0,0,0,0,0,0,172,172,20860768,0,0,0,0,0,0,0,0,0
200605,31,077,2,4,Greeley County                ,0,0,0,0,0,0,0,0,0,0,0,0,0,0,0,0,0,0,0,0,0,0,0,0
200605,31,105,2,4,Kimball County                ,0,0,0,0,0,0,0,0,0,0,0,0,0,0,0,0,0,0,0,0,0,0,0,0
200605,31,153,2,4,Sarpy County                  ,156,156,24929654,1,2,333426,0,0,0,0,0,0,138,138,22921545,1,2,333426,0,0,0,0,0,0
200605,31,155,2,4,Saunders County               ,14,14,1818067,1,2,148000,0,0,0,0,0,0,11,11,1348998,1,2,148000,0,0,0,0,0,0
200605,31,177,2,4,Washington County             ,8,8,1221609,0,0,0,0,0,0,0,0,0,8,8,1221609,0,0,0,0,0,0,0,0,0
200605,32,001,4,8,Churchill County              ,28,28,4449305,0,0,0,3,12,784974,0,0,0,28,28,4449305,0,0,0,3,12,784974,0,0,0
200605,32,003,4,8,Clark County                  ,2338,2338,408048660,0,0,0,25,76,7654211,42,1055,107025796,2338,2338,408048660,0,0,0,25,76,7654211,42,1055,107025796
200605,32,005,4,8,Douglas County                ,67,67,15598609,0,0,0,0,0,0,0,0,0,67,67,15598609,0,0,0,0,0,0,0,0,0
200605,32,007,4,8,Elko County                   ,13,13,2148369,1,2,129973,0,0,0,0,0,0,10,10,1500844,1,2,129973,0,0,0,0,0,0
200605,32,013,4,8,Humboldt County               ,6,6,951021,0,0,0,0,0,0,0,0,0,6,6,951021,0,0,0,0,0,0,0,0,0
200605,32,015,4,8,Lander County                 ,0,0,0,0,0,0,0,0,0,0,0,0,0,0,0,0,0,0,0,0,0,0,0,0
200605,32,017,4,8,Lincoln County                ,2,2,384653,0,0,0,0,0,0,0,0,0,0,0,0,0,0,0,0,0,0,0,0,0
200605,32,019,4,8,Lyon County                   ,68,68,10484363,0,0,0,1,3,300000,0,0,0,68,68,10484363,0,0,0,1,3,300000,0,0,0
200605,32,021,4,8,Mineral County                ,1,1,91300,0,0,0,0,0,0,0,0,0,0,0,0,0,0,0,0,0,0,0,0,0
200605,32,027,4,8,Pershing County               ,0,0,0,0,0,0,0,0,0,0,0,0,0,0,0,0,0,0,0,0,0,0,0,0
200605,32,029,4,8,Storey County                 ,4,4,647728,0,0,0,0,0,0,0,0,0,0,0,0,0,0,0,0,0,0,0,0,0
200605,32,031,4,8,Washoe County                 ,418,418,76048844,0,0,0,0,0,0,7,111,8698422,184,184,37527004,0,0,0,0,0,0,0,0,0
200605,32,033,4,8,White Pine County             ,9,9,1161443,0,0,0,0,0,0,0,0,0,9,9,1161443,0,0,0,0,0,0,0,0,0
200605,32,510,4,8,Carson City (Independent City),11,11,2131635,0,0,0,0,0,0,0,0,0,11,11,2131635,0,0,0,0,0,0,0,0,0
200605,33,015,1,1,Rockingham County             ,96,96,20137270,1,2,200000,13,51,2820000,2,11,738910,66,66,13862260,1,2,200000,12,48,2120000,0,0,0
200605,33,017,1,1,Strafford County              ,41,41,6665726,1,2,409867,0,0,0,0,0,0,22,22,3611754,0,0,0,0,0,0,0,0,0
200605,34,001,1,2,Atlantic County               ,131,131,16602043,1,2,242140,0,0,0,0,0,0,124,124,15288119,1,2,242140,0,0,0,0,0,0
200605,34,003,1,2,Bergen County                 ,95,95,32590999,17,34,4223041,0,0,0,3,19,1636140,55,55,23643087,13,26,3367013,0,0,0,0,0,0
200605,34,005,1,2,Burlington County             ,82,82,13224635,0,0,0,0,0,0,1,7,351190,60,60,9689053,0,0,0,0,0,0,0,0,0
200605,34,007,1,2,Camden County                 ,78,78,9846382,0,0,0,0,0,0,2,11,497917,67,67,8730005,0,0,0,0,0,0,0,0,0
200605,34,009,1,2,Cape May County               ,65,65,14195567,10,20,3213300,5,19,3431800,4,110,12066153,63,63,13926614,10,20,3213300,5,19,3431800,4,110,12066153
200605,34,011,1,2,Cumberland County             ,75,75,8017831,0,0,0,0,0,0,1,5,703184,40,40,4555956,0,0,0,0,0,0,0,0,0
200605,34,013,1,2,Essex County                  ,86,86,20564630,41,82,8066603,23,69,6468794,3,21,1907252,76,76,18818361,40,80,7952792,23,69,6468794,1,6,469061
200605,34,015,1,2,Gloucester County             ,103,103,17464480,0,0,0,0,0,0,0,0,0,68,68,13864861,0,0,0,0,0,0,0,0,0
200605,34,017,1,2,Hudson County                 ,33,33,3747523,36,72,6576545,7,21,1242877,5,158,14249356,10,10,1591600,0,0,0,4,12,775150,2,17,1120000
200605,34,019,1,2,Hunterdon County              ,30,30,7912523,0,0,0,0,0,0,1,5,257083,24,24,7137529,0,0,0,0,0,0,0,0,0
200605,34,021,1,2,Mercer County                 ,84,84,7831967,1,2,300000,0,0,0,0,0,0,30,30,3528950,0,0,0,0,0,0,0,0,0
200605,34,023,1,2,Middlesex County              ,132,132,23715607,3,6,568589,0,0,0,30,285,3601296,113,113,21736519,2,4,444400,0,0,0,27,264,639462
200605,34,025,1,2,Monmouth County               ,185,185,33580252,0,0,0,0,0,0,8,55,342503,152,152,26154917,0,0,0,0,0,0,7,35,8302
200605,34,027,1,2,Morris County                 ,50,50,14034424,0,0,0,1,3,556714,2,14,550985,33,33,9782302,0,0,0,0,0,0,0,0,0
200605,34,029,1,2,Ocean County                  ,183,183,24510504,0,0,0,0,0,0,0,0,0,156,156,20301937,0,0,0,0,0,0,0,0,0
200605,34,031,1,2,Passaic County                ,14,14,2735030,2,4,355398,1,3,129600,4,125,12114022,8,8,1483200,1,2,230000,0,0,0,4,125,12114022
200605,34,033,1,2,Salem County                  ,25,25,3176902,0,0,0,0,0,0,0,0,0,22,22,2837691,0,0,0,0,0,0,0,0,0
200605,34,035,1,2,Somerset County               ,102,102,11129353,0,0,0,0,0,0,2,34,3970800,102,102,11129353,0,0,0,0,0,0,1,19,2470800
200605,34,037,1,2,Sussex County                 ,34,34,6548554,0,0,0,0,0,0,0,0,0,21,21,4094635,0,0,0,0,0,0,0,0,0
200605,34,039,1,2,Union County                  ,38,38,6088297,17,34,2808640,1,3,14000,2,32,4259750,26,26,3556447,17,34,2808640,1,3,14000,1,27,3853000
200605,34,041,1,2,Warren County                 ,45,45,5161811,0,0,0,0,0,0,0,0,0,40,40,4130038,0,0,0,0,0,0,0,0,0
200605,35,000,4,8,New Mexico Balance of State   ,199,199,45473094,0,0,0,0,0,0,0,0,0,199,199,45473094,0,0,0,0,0,0,0,0,0
200605,35,001,4,8,Bernalillo County             ,425,425,61522746,0,0,0,1,3,152958,1,31,1572985,40,40,8282077,0,0,0,0,0,0,0,0,0
200605,35,005,4,8,Chaves County                 ,10,10,2129370,0,0,0,0,0,0,0,0,0,8,8,1779000,0,0,0,0,0,0,0,0,0
200605,35,007,4,8,Colfax County                 ,6,6,1914325,0,0,0,0,0,0,0,0,0,0,0,0,0,0,0,0,0,0,0,0,0
200605,35,009,4,8,Curry County                  ,17,17,3434159,0,0,0,0,0,0,0,0,0,17,17,3434159,0,0,0,0,0,0,0,0,0
200605,35,013,4,8,Dona Ana County               ,183,183,30786730,1,2,280140,0,0,0,24,149,12300000,177,177,30175560,1,2,280140,0,0,0,24,149,12300000
200605,35,015,4,8,Eddy County                   ,15,15,2664467,0,0,0,0,0,0,0,0,0,10,10,1713620,0,0,0,0,0,0,0,0,0
200605,35,025,4,8,Lea County                    ,4,4,1080000,0,0,0,0,0,0,0,0,0,4,4,1080000,0,0,0,0,0,0,0,0,0
200605,35,027,4,8,Lincoln County                ,24,24,4117339,0,0,0,0,0,0,0,0,0,0,0,0,0,0,0,0,0,0,0,0,0
200605,35,028,4,8,Los Alamos County             ,4,4,1421510,0,0,0,0,0,0,0,0,0,4,4,1421510,0,0,0,0,0,0,0,0,0
200605,35,029,4,8,Luna County                   ,9,9,1898300,0,0,0,0,0,0,0,0,0,9,9,1898300,0,0,0,0,0,0,0,0,0
200605,35,031,4,8,McKinley County               ,2,2,297500,0,0,0,0,0,0,0,0,0,0,0,0,0,0,0,0,0,0,0,0,0
200605,35,035,4,8,Otero County                  ,14,14,3667648,0,0,0,0,0,0,0,0,0,14,14,3667648,0,0,0,0,0,0,0,0,0
200605,35,039,4,8,Rio Arriba County             ,0,0,0,0,0,0,0,0,0,0,0,0,0,0,0,0,0,0,0,0,0,0,0,0
200605,35,041,4,8,Roosevelt County              ,9,9,507000,0,0,0,0,0,0,0,0,0,9,9,507000,0,0,0,0,0,0,0,0,0
200605,35,043,4,8,Sandoval County               ,97,97,9229658,0,0,0,1,3,87264,0,0,0,0,0,0,0,0,0,0,0,0,0,0,0
200605,35,045,4,8,San Juan County               ,52,52,9249908,0,0,0,0,0,0,0,0,0,52,52,9249908,0,0,0,0,0,0,0,0,0
200605,35,049,4,8,Santa Fe County               ,47,47,6244348,0,0,0,0,0,0,0,0,0,0,0,0,0,0,0,0,0,0,0,0,0
200605,35,051,4,8,Sierra County                 ,0,0,0,0,0,0,0,0,0,0,0,0,0,0,0,0,0,0,0,0,0,0,0,0
200605,35,053,4,8,Socorro County                ,12,12,675000,0,0,0,0,0,0,0,0,0,12,12,675000,0,0,0,0,0,0,0,0,0
200605,35,055,4,8,Taos County                   ,34,34,4739490,0,0,0,0,0,0,0,0,0,13,13,2436678,0,0,0,0,0,0,0,0,0
200605,35,061,4,8,Valencia County               ,33,33,4157426,0,0,0,0,0,0,0,0,0,0,0,0,0,0,0,0,0,0,0,0,0
200605,36,005,1,2,Bronx County                  ,0,0,0,29,58,6024936,44,132,12375084,3,174,13602759,0,0,0,29,58,6024936,44,132,12375084,3,174,13602759
200605,36,047,1,2,Kings County                  ,52,52,10135029,63,126,13088654,82,246,23062656,35,587,45889766,52,52,10135029,63,126,13088654,82,246,23062656,35,587,45889766
200605,36,059,1,2,Nassau County                 ,114,114,35331221,2,4,279483,0,0,0,0,0,0,46,46,18265354,0,0,0,0,0,0,0,0,0
200605,36,061,1,2,New York County               ,0,0,0,1,2,207756,1,4,375003,5,405,31661593,0,0,0,1,2,207756,1,4,375003,5,405,31661593
200605,36,079,1,2,Putnam County                 ,15,15,4507773,0,0,0,0,0,0,0,0,0,7,7,2536750,0,0,0,0,0,0,0,0,0
200605,36,081,1,2,Queens County                 ,24,24,4677706,130,260,27008333,43,131,12281333,12,263,20560491,24,24,4677706,130,260,27008333,43,131,12281333,12,263,20560491
200605,36,085,1,2,Richmond County               ,43,43,8380889,15,30,3116346,0,0,0,0,0,0,43,43,8380889,15,30,3116346,0,0,0,0,0,0
200605,36,087,1,2,Rockland County               ,17,17,4749662,0,0,0,3,10,459720,0,0,0,9,9,2470000,0,0,0,0,0,0,0,0,0
200605,36,103,1,2,Suffolk County                ,205,205,54094038,0,0,0,0,0,0,1,32,2501657,152,152,43370291,0,0,0,0,0,0,1,32,2501657
200605,36,119,1,2,Westchester County            ,61,61,23833393,12,24,2155247,0,0,0,1,5,194001,22,22,13924020,9,18,1668100,0,0,0,0,0,0
200605,37,003,3,5,Alexander County              ,17,17,3011810,0,0,0,0,0,0,0,0,0,17,17,3011810,0,0,0,0,0,0,0,0,0
200605,37,007,3,5,Anson County                  ,6,6,1083460,0,0,0,0,0,0,0,0,0,6,6,1083460,0,0,0,0,0,0,0,0,0
200605,37,009,3,5,Ashe County                   ,39,39,6786900,0,0,0,0,0,0,0,0,0,39,39,6786900,0,0,0,0,0,0,0,0,0
200605,37,019,3,5,Brunswick County              ,367,367,58891769,0,0,0,0,0,0,2,30,3658020,63,63,14349947,0,0,0,0,0,0,2,30,3658020
200605,37,025,3,5,Cabarrus County               ,237,237,28771646,0,0,0,0,0,0,0,0,0,237,237,28771646,0,0,0,0,0,0,0,0,0
200605,37,027,3,5,Caldwell County               ,32,32,4753000,0,0,0,0,0,0,0,0,0,32,32,4753000,0,0,0,0,0,0,0,0,0
200605,37,037,3,5,Chatham County                ,59,59,15450763,0,0,0,0,0,0,0,0,0,5,5,454614,0,0,0,0,0,0,0,0,0
200605,37,039,3,5,Cherokee County               ,48,48,6097935,0,0,0,0,0,0,0,0,0,0,0,0,0,0,0,0,0,0,0,0,0
200605,37,049,3,5,Craven County                 ,118,118,10066470,0,0,0,0,0,0,0,0,0,118,118,10066470,0,0,0,0,0,0,0,0,0
200605,37,053,3,5,Currituck County              ,22,22,4869100,0,0,0,0,0,0,0,0,0,22,22,4869100,0,0,0,0,0,0,0,0,0
200605,37,059,3,5,Davie County                  ,45,45,9102136,0,0,0,1,4,480000,0,0,0,45,45,9102136,0,0,0,1,4,480000,0,0,0
200605,37,063,3,5,Durham County                 ,222,222,37568765,0,0,0,1,4,300762,1,10,440000,222,222,37568765,0,0,0,1,4,300762,1,10,440000
200605,37,067,3,5,Forsyth County                ,212,212,31164158,0,0,0,0,0,0,0,0,0,212,212,31164158,0,0,0,0,0,0,0,0,0
200605,37,069,3,5,Franklin County               ,59,59,10574668,0,0,0,0,0,0,0,0,0,59,59,10574668,0,0,0,0,0,0,0,0,0
200605,37,071,3,5,Gaston County                 ,152,152,27565982,3,6,544182,0,0,0,0,0,0,152,152,27565982,3,6,544182,0,0,0,0,0,0
200605,37,081,3,5,Guilford County               ,362,362,59388662,1,2,187426,0,0,0,3,58,3147408,0,0,0,0,0,0,0,0,0,0,0,0
200605,37,089,3,5,Henderson County              ,103,103,20592040,0,0,0,1,4,272000,0,0,0,103,103,20592040,0,0,0,1,4,272000,0,0,0
200605,37,097,3,5,Iredell County                ,189,189,28898968,0,0,0,0,0,0,2,35,2142914,0,0,0,0,0,0,0,0,0,0,0,0
200605,37,101,3,5,Johnston County               ,169,169,24596620,1,2,135850,0,0,0,0,0,0,38,38,5099603,0,0,0,0,0,0,0,0,0
200605,37,105,3,5,Lee County                    ,41,41,6266710,0,0,0,0,0,0,0,0,0,41,41,6266710,0,0,0,0,0,0,0,0,0
200605,37,109,3,5,Lincoln County                ,67,67,7676930,0,0,0,0,0,0,0,0,0,0,0,0,0,0,0,0,0,0,0,0,0
200605,37,113,3,5,Macon County                  ,36,36,7711198,0,0,0,0,0,0,0,0,0,36,36,7711198,0,0,0,0,0,0,0,0,0
200605,37,119,3,5,Mecklenburg County            ,921,921,144641294,0,0,0,1,4,363683,1,36,3560076,921,921,144641294,0,0,0,1,4,363683,1,36,3560076
200605,37,129,3,5,New Hanover County            ,118,118,28117143,3,6,508912,0,0,0,0,0,0,102,102,26504889,3,6,508912,0,0,0,0,0,0
200605,37,135,3,5,Orange County                 ,75,75,13263522,0,0,0,0,0,0,0,0,0,14,14,4505835,0,0,0,0,0,0,0,0,0
200605,37,137,3,5,Pamlico County                ,9,9,1968034,0,0,0,0,0,0,0,0,0,0,0,0,0,0,0,0,0,0,0,0,0
200605,37,141,3,5,Pender County                 ,59,59,3659252,0,0,0,1,3,0,0,0,0,48,48,2095955,0,0,0,0,0,0,0,0,0
200605,37,145,3,5,Person County                 ,30,30,4662000,0,0,0,0,0,0,0,0,0,30,30,4662000,0,0,0,0,0,0,0,0,0
200605,37,147,3,5,Pitt County                   ,129,129,20211115,5,10,741450,0,0,0,3,50,2331340,129,129,20211115,5,10,741450,0,0,0,3,50,2331340
200605,37,149,3,5,Polk County                   ,26,26,4220502,0,0,0,0,0,0,0,0,0,26,26,4220502,0,0,0,0,0,0,0,0,0
200605,37,151,3,5,Randolph County               ,74,74,11232578,0,0,0,0,0,0,0,0,0,74,74,11232578,0,0,0,0,0,0,0,0,0
200605,37,157,3,5,Rockingham County             ,33,33,5162740,0,0,0,0,0,0,1,5,356709,5,5,524374,0,0,0,0,0,0,0,0,0
200605,37,159,3,5,Rowan County                  ,65,65,12712000,0,0,0,0,0,0,0,0,0,65,65,12712000,0,0,0,0,0,0,0,0,0
200605,37,163,3,5,Sampson County                ,18,18,2691367,0,0,0,0,0,0,0,0,0,18,18,2691367,0,0,0,0,0,0,0,0,0
200605,37,167,3,5,Stanly County                 ,39,39,4088794,1,2,78362,0,0,0,1,5,267480,0,0,0,0,0,0,0,0,0,0,0,0
200605,37,171,3,5,Surry County                  ,27,27,4481509,0,0,0,0,0,0,0,0,0,27,27,4481509,0,0,0,0,0,0,0,0,0
200605,37,175,3,5,Transylvania County           ,29,29,8430452,0,0,0,0,0,0,0,0,0,29,29,8430452,0,0,0,0,0,0,0,0,0
200605,37,179,3,5,Union County                  ,386,386,72338138,0,0,0,0,0,0,0,0,0,364,364,68173645,0,0,0,0,0,0,0,0,0
200605,37,181,3,5,Vance County                  ,20,20,2963340,0,0,0,0,0,0,0,0,0,20,20,2963340,0,0,0,0,0,0,0,0,0
200605,37,183,3,5,Wake County                   ,1257,1257,259147415,0,0,0,0,0,0,5,228,35811551,1257,1257,259147415,0,0,0,0,0,0,5,228,35811551
200605,37,195,3,5,Wilson County                 ,21,21,2996886,0,0,0,0,0,0,0,0,0,21,21,2996886,0,0,0,0,0,0,0,0,0
200605,39,015,2,3,Brown County                  ,30,30,4400000,2,4,290000,2,6,320000,0,0,0,30,30,4400000,2,4,290000,2,6,320000,0,0,0
200605,39,017,2,3,Butler County                 ,164,164,30209925,0,0,0,2,6,650000,0,0,0,143,143,27201911,0,0,0,2,6,650000,0,0,0
200605,39,025,2,3,Clermont County               ,99,99,15869596,1,2,110000,1,4,500000,0,0,0,99,99,15869596,1,2,110000,1,4,500000,0,0,0
200605,39,035,2,3,Cuyahoga County               ,146,146,27818964,1,2,125000,1,4,181878,2,10,733919,87,87,19552167,0,0,0,0,0,0,0,0,0
200605,39,041,2,3,Delaware County               ,129,129,25721459,0,0,0,0,0,0,0,0,0,128,128,25578579,0,0,0,0,0,0,0,0,0
200605,39,045,2,3,Fairfield County              ,60,60,12142327,0,0,0,0,0,0,0,0,0,45,45,9602364,0,0,0,0,0,0,0,0,0
200605,39,049,2,3,Franklin County               ,280,280,55918515,12,24,4087748,16,63,9125935,3,72,6086477,188,188,39079405,12,24,4087748,15,59,8829120,3,72,6086477
200605,39,055,2,3,Geauga County                 ,30,30,8839500,0,0,0,0,0,0,0,0,0,30,30,8839500,0,0,0,0,0,0,0,0,0
200605,39,061,2,3,Hamilton County               ,126,126,27415487,0,0,0,2,6,275172,3,118,12886409,59,59,9816080,0,0,0,0,0,0,1,100,11815205
200605,39,085,2,3,Lake County                   ,68,68,13765105,1,2,203889,1,3,450000,1,5,394872,16,16,2848288,0,0,0,0,0,0,0,0,0
200605,39,089,2,3,Licking County                ,67,67,13105405,1,2,180000,0,0,0,0,0,0,66,66,12934800,1,2,180000,0,0,0,0,0,0
200605,39,093,2,3,Lorain County                 ,129,129,26140473,2,4,380000,2,7,813120,0,0,0,119,119,24498671,2,4,380000,1,4,420000,0,0,0
200605,39,097,2,3,Madison County                ,13,13,1850867,1,2,254625,0,0,0,0,0,0,6,6,1103288,0,0,0,0,0,0,0,0,0
200605,39,103,2,3,Medina County                 ,99,99,22051550,0,0,0,0,0,0,0,0,0,99,99,22051550,0,0,0,0,0,0,0,0,0
200605,39,117,2,3,Morrow County                 ,13,13,1959165,0,0,0,0,0,0,0,0,0,8,8,1299407,0,0,0,0,0,0,0,0,0
200605,39,129,2,3,Pickaway County               ,5,5,867109,0,0,0,0,0,0,0,0,0,2,2,362000,0,0,0,0,0,0,0,0,0
200605,39,159,2,3,Union County                  ,20,20,3677626,0,0,0,0,0,0,0,0,0,20,20,3677626,0,0,0,0,0,0,0,0,0
200605,39,165,2,3,Warren County                 ,188,188,44327010,0,0,0,3,12,2170000,1,14,900000,176,176,42107795,0,0,0,3,12,2170000,1,14,900000
200605,39,169,2,3,Wayne County                  ,41,41,7899359,0,0,0,0,0,0,0,0,0,40,40,7769800,0,0,0,0,0,0,0,0,0
200605,40,017,3,7,Canadian County               ,67,67,8742237,0,0,0,0,0,0,0,0,0,67,67,8742237,0,0,0,0,0,0,0,0,0
200605,40,021,3,7,Cherokee County               ,3,3,357371,1,2,163333,1,3,207500,1,5,233155,0,0,0,0,0,0,0,0,0,0,0,0
200605,40,027,3,7,Cleveland County              ,162,162,22957840,0,0,0,0,0,0,0,0,0,157,157,22346314,0,0,0,0,0,0,0,0,0
200605,40,029,3,7,Coal County                   ,0,0,0,0,0,0,0,0,0,0,0,0,0,0,0,0,0,0,0,0,0,0,0,0
200605,40,037,3,7,Creek County                  ,17,17,2100325,0,0,0,0,0,0,0,0,0,1,1,150000,0,0,0,0,0,0,0,0,0
200605,40,051,3,7,Grady County                  ,10,10,1665190,0,0,0,0,0,0,0,0,0,7,7,1399500,0,0,0,0,0,0,0,0,0
200605,40,081,3,7,Lincoln County                ,0,0,0,0,0,0,1,3,250556,0,0,0,0,0,0,0,0,0,0,0,0,0,0,0
200605,40,083,3,7,Logan County                  ,3,3,395000,0,0,0,0,0,0,0,0,0,3,3,395000,0,0,0,0,0,0,0,0,0
200605,40,087,3,7,McClain County                ,25,25,4531446,0,0,0,0,0,0,0,0,0,10,10,2434656,0,0,0,0,0,0,0,0,0
200605,40,099,3,7,Murray County                 ,3,3,283310,0,0,0,0,0,0,0,0,0,2,2,208000,0,0,0,0,0,0,0,0,0
200605,40,109,3,7,Oklahoma County               ,505,505,80016736,2,4,290432,0,0,0,1,14,913486,152,152,32620115,0,0,0,0,0,0,0,0,0
200605,40,111,3,7,Okmulgee County               ,0,0,0,0,0,0,0,0,0,0,0,0,0,0,0,0,0,0,0,0,0,0,0,0
200605,40,113,3,7,Osage County                  ,14,14,1893645,0,0,0,0,0,0,0,0,0,10,10,1380584,0,0,0,0,0,0,0,0,0
200605,40,117,3,7,Pawnee County                 ,0,0,0,0,0,0,0,0,0,0,0,0,0,0,0,0,0,0,0,0,0,0,0,0
200605,40,131,3,7,Rogers County                 ,38,38,6000731,0,0,0,0,0,0,0,0,0,38,38,6000731,0,0,0,0,0,0,0,0,0
200605,40,143,3,7,Tulsa County                  ,283,283,50807999,0,0,0,0,0,0,0,0,0,238,238,43859124,0,0,0,0,0,0,0,0,0
200605,40,145,3,7,Wagoner County                ,65,65,9960092,0,0,0,0,0,0,0,0,0,65,65,9960092,0,0,0,0,0,0,0,0,0
200605,41,000,4,9,Oregon Balance of State       ,28,28,4917472,0,0,0,0,0,0,0,0,0,0,0,0,0,0,0,0,0,0,0,0,0
200605,41,001,4,9,Baker County                  ,8,8,1070489,0,0,0,0,0,0,0,0,0,8,8,1070489,0,0,0,0,0,0,0,0,0
200605,41,005,4,9,Clackamas County              ,205,205,46480930,0,0,0,0,0,0,2,12,1111630,173,173,38711876,0,0,0,0,0,0,0,0,0
200605,41,009,4,9,Columbia County               ,40,40,7587433,0,0,0,0,0,0,0,0,0,31,31,5462452,0,0,0,0,0,0,0,0,0
200605,41,017,4,9,Deschutes County              ,367,367,77576698,4,8,1031347,1,4,338014,0,0,0,367,367,77576698,4,8,1031347,1,4,338014,0,0,0
200605,41,025,4,9,Harney County                 ,5,5,716014,0,0,0,0,0,0,0,0,0,5,5,716014,0,0,0,0,0,0,0,0,0
200605,41,033,4,9,Josephine County              ,58,58,9383569,3,6,757704,0,0,0,0,0,0,28,28,4752533,3,6,757704,0,0,0,0,0,0
200605,41,035,4,9,Klamath County                ,39,39,9202856,0,0,0,0,0,0,0,0,0,39,39,9202856,0,0,0,0,0,0,0,0,0
200605,41,045,4,9,Malheur County                ,11,11,2304028,1,2,177432,0,0,0,0,0,0,11,11,2304028,1,2,177432,0,0,0,0,0,0
200605,41,051,4,9,Multnomah County              ,236,236,46330827,3,6,637782,2,8,768695,7,701,75738968,207,207,39729093,2,4,470369,1,4,402853,6,696,75220548
200605,41,059,4,9,Umatilla County               ,15,15,2425103,2,4,331238,0,0,0,0,0,0,15,15,2425103,2,4,331238,0,0,0,0,0,0
200605,41,061,4,9,Union County                  ,6,6,1123640,0,0,0,1,3,259500,0,0,0,6,6,1123640,0,0,0,1,3,259500,0,0,0
200605,41,067,4,9,Washington County             ,329,329,74126477,0,0,0,4,16,2381660,6,69,6167543,322,322,72072732,0,0,0,4,16,2381660,6,69,6167543
200605,41,071,4,9,Yamhill County                ,44,44,9743000,0,0,0,0,0,0,0,0,0,42,42,9453754,0,0,0,0,0,0,0,0,0
200605,42,001,1,2,Adams County                  ,34,34,6701440,0,0,0,0,0,0,0,0,0,34,34,6701440,0,0,0,0,0,0,0,0,0
200605,42,003,1,2,Allegheny County              ,157,157,33670926,2,4,372000,0,0,0,3,15,1032432,115,115,25771792,2,4,372000,0,0,0,0,0,0
200605,42,005,1,2,Armstrong County              ,11,11,1216760,0,0,0,2,7,306250,0,0,0,5,5,557000,0,0,0,0,0,0,0,0,0
200605,42,007,1,2,Beaver County                 ,25,25,5500070,0,0,0,0,0,0,0,0,0,19,19,4481567,0,0,0,0,0,0,0,0,0
200605,42,017,1,2,Bucks County                  ,172,172,27995551,0,0,0,1,3,1250000,3,16,1041412,111,111,18238932,0,0,0,0,0,0,0,0,0
200605,42,019,1,2,Butler County                 ,57,57,10482133,0,0,0,0,0,0,0,0,0,49,49,9376175,0,0,0,0,0,0,0,0,0
200605,42,025,1,2,Carbon County                 ,55,55,8456846,0,0,0,0,0,0,0,0,0,44,44,6850732,0,0,0,0,0,0,0,0,0
200605,42,029,1,2,Chester County                ,232,232,39627073,0,0,0,0,0,0,2,10,854167,153,153,26454524,0,0,0,0,0,0,0,0,0
200605,42,045,1,2,Delaware County               ,82,82,17356786,0,0,0,0,0,0,0,0,0,59,59,11466799,0,0,0,0,0,0,0,0,0
200605,42,051,1,2,Fayette County                ,7,7,984820,1,2,120000,0,0,0,0,0,0,2,2,389809,0,0,0,0,0,0,0,0,0
200605,42,055,1,2,Franklin County               ,78,78,12100631,1,2,195074,0,0,0,0,0,0,62,62,10778427,1,2,195074,0,0,0,0,0,0
200605,42,065,1,2,Jefferson County              ,4,4,454600,0,0,0,0,0,0,0,0,0,4,4,454600,0,0,0,0,0,0,0,0,0
200605,42,077,1,2,Lehigh County                 ,104,104,17427470,0,0,0,0,0,0,1,10,600000,70,70,11731629,0,0,0,0,0,0,1,10,600000
200605,42,091,1,2,Montgomery County             ,159,159,30351769,0,0,0,3,10,954000,2,16,1286457,110,110,20832329,0,0,0,0,0,0,0,0,0
200605,42,095,1,2,Northampton County            ,150,150,26553397,2,4,200000,2,8,1345000,1,5,735000,102,102,16972175,2,4,200000,1,4,1120000,0,0,0
200605,42,101,1,2,Philadelphia County           ,80,80,15592352,6,12,1246538,2,7,656254,2,11,859945,80,80,15592352,6,12,1246538,2,7,656254,2,11,859945
200605,42,103,1,2,Pike County                   ,114,114,23120979,0,0,0,0,0,0,0,0,0,104,104,21530573,0,0,0,0,0,0,0,0,0
200605,42,125,1,2,Washington County             ,65,65,13551292,1,2,180000,3,10,1334000,0,0,0,59,59,12903516,1,2,180000,3,10,1334000,0,0,0
200605,42,129,1,2,Westmoreland County           ,79,79,15587090,1,2,190143,1,3,105000,1,5,125000,41,41,8810894,0,0,0,1,3,105000,0,0,0
200605,44,001,1,1,Bristol County                ,5,5,1211953,0,0,0,0,0,0,1,6,369000,5,5,1211953,0,0,0,0,0,0,1,6,369000
200605,44,003,1,1,Kent County                   ,21,21,3268740,1,2,223218,1,3,487074,1,20,272727,1,1,759000,0,0,0,0,0,0,0,0,0
200605,44,005,1,1,Newport County                ,21,21,4646742,0,0,0,0,0,0,0,0,0,21,21,4646742,0,0,0,0,0,0,0,0,0
200605,44,007,1,1,Providence County             ,47,47,6215794,20,40,2610590,1,3,100000,0,0,0,23,23,2690220,19,38,2402000,1,3,100000,0,0,0
200605,44,009,1,1,Washington County             ,33,33,6854613,0,0,0,0,0,0,0,0,0,17,17,3956095,0,0,0,0,0,0,0,0,0
200605,45,009,3,5,Bamberg County                ,1,1,100000,0,0,0,0,0,0,0,0,0,1,1,100000,0,0,0,0,0,0,0,0,0
200605,45,015,3,5,Berkeley County               ,154,154,24786753,0,0,0,0,0,0,1,5,501889,0,0,0,0,0,0,0,0,0,0,0,0
200605,45,017,3,5,Calhoun County                ,7,7,1077690,0,0,0,0,0,0,0,0,0,6,6,972690,0,0,0,0,0,0,0,0,0
200605,45,019,3,5,Charleston County             ,378,378,82599015,24,48,4143200,7,27,2730000,9,68,12036008,317,317,61100217,24,48,4143200,7,27,2730000,8,63,11786008
200605,45,035,3,5,Dorchester County             ,133,133,22924725,0,0,0,0,0,0,0,0,0,133,133,22924725,0,0,0,0,0,0,0,0,0
200605,45,039,3,5,Fairfield County              ,8,8,927972,0,0,0,0,0,0,0,0,0,0,0,0,0,0,0,0,0,0,0,0,0
200605,45,045,3,5,Greenville County             ,437,437,47131904,0,0,0,0,0,0,0,0,0,410,410,43652474,0,0,0,0,0,0,0,0,0
200605,45,047,3,5,Greenwood County              ,24,24,4171042,0,0,0,0,0,0,0,0,0,24,24,4171042,0,0,0,0,0,0,0,0,0
200605,45,055,3,5,Kershaw County                ,45,45,4841617,0,0,0,0,0,0,0,0,0,42,42,4565780,0,0,0,0,0,0,0,0,0
200605,45,059,3,5,Laurens County                ,8,8,988310,0,0,0,0,0,0,0,0,0,6,6,824258,0,0,0,0,0,0,0,0,0
200605,45,063,3,5,Lexington County              ,174,174,23229411,1,2,119432,0,0,0,6,164,7694962,18,18,2916640,0,0,0,0,0,0,6,164,7694962
200605,45,077,3,5,Pickens County                ,49,49,10052629,0,0,0,0,0,0,0,0,0,15,15,2347428,0,0,0,0,0,0,0,0,0
200605,45,079,3,5,Richland County               ,318,318,40835948,1,2,107811,0,0,0,2,50,2822953,65,65,11749932,0,0,0,0,0,0,0,0,0
200605,45,081,3,5,Saluda County                 ,3,3,416532,0,0,0,0,0,0,0,0,0,3,3,416532,0,0,0,0,0,0,0,0,0
200605,45,085,3,5,Sumter County                 ,49,49,4961940,3,6,293201,0,0,0,0,0,0,0,0,0,0,0,0,0,0,0,0,0,0
200605,45,091,3,5,York County                   ,268,268,45064573,3,6,459583,1,3,306353,1,9,967432,94,94,15293534,0,0,0,0,0,0,0,0,0
200605,46,005,2,4,Beadle County                 ,5,5,826971,0,0,0,0,0,0,0,0,0,5,5,826971,0,0,0,0,0,0,0,0,0
200605,46,069,2,4,Hyde County                   ,0,0,0,0,0,0,0,0,0,0,0,0,0,0,0,0,0,0,0,0,0,0,0,0
200605,46,121,2,4,Todd County                   ,0,0,0,0,0,0,0,0,0,0,0,0,0,0,0,0,0,0,0,0,0,0,0,0
200605,47,011,3,6,Bradley County                ,67,67,10392363,2,4,355000,0,0,0,0,0,0,67,67,10392363,2,4,355000,0,0,0,0,0,0
200605,47,015,3,6,Cannon County                 ,3,3,465000,0,0,0,0,0,0,0,0,0,3,3,465000,0,0,0,0,0,0,0,0,0
200605,47,021,3,6,Cheatham County               ,24,24,4799853,0,0,0,0,0,0,0,0,0,15,15,3100000,0,0,0,0,0,0,0,0,0
200605,47,037,3,6,Davidson County               ,541,541,88449985,1,2,170907,0,0,0,1,80,7911280,541,541,88449985,1,2,170907,0,0,0,1,80,7911280
200605,47,039,3,6,Decatur County                ,0,0,0,0,0,0,0,0,0,0,0,0,0,0,0,0,0,0,0,0,0,0,0,0
200605,47,043,3,6,Dickson County                ,23,23,3177690,0,0,0,0,0,0,0,0,0,21,21,3057690,0,0,0,0,0,0,0,0,0
200605,47,047,3,6,Fayette County                ,75,75,14568278,0,0,0,0,0,0,0,0,0,73,73,14268317,0,0,0,0,0,0,0,0,0
200605,47,063,3,6,Hamblen County                ,9,9,1148000,0,0,0,0,0,0,0,0,0,9,9,1148000,0,0,0,0,0,0,0,0,0
200605,47,071,3,6,Hardin County                 ,1,1,56000,0,0,0,0,0,0,0,0,0,1,1,56000,0,0,0,0,0,0,0,0,0
200605,47,081,3,6,Hickman County                ,1,1,234000,0,0,0,0,0,0,0,0,0,1,1,234000,0,0,0,0,0,0,0,0,0
200605,47,091,3,6,Johnson County                ,0,0,0,0,0,0,0,0,0,0,0,0,0,0,0,0,0,0,0,0,0,0,0,0
200605,47,093,3,6,Knox County                   ,342,342,41636157,0,0,0,0,0,0,0,0,0,342,342,41636157,0,0,0,0,0,0,0,0,0
200605,47,111,3,6,Macon County                  ,2,2,130000,0,0,0,0,0,0,0,0,0,2,2,130000,0,0,0,0,0,0,0,0,0
200605,47,113,3,6,Madison County                ,64,64,8913460,2,4,80000,0,0,0,0,0,0,64,64,8913460,2,4,80000,0,0,0,0,0,0
200605,47,125,3,6,Montgomery County             ,178,178,20621430,0,0,0,0,0,0,2,12,522524,178,178,20621430,0,0,0,0,0,0,2,12,522524
200605,47,141,3,6,Putnam County                 ,61,61,8991841,0,0,0,3,9,748644,1,55,4560000,61,61,8991841,0,0,0,3,9,748644,1,55,4560000
200605,47,147,3,6,Robertson County              ,65,65,7279474,0,0,0,0,0,0,0,0,0,60,60,6658703,0,0,0,0,0,0,0,0,0
200605,47,149,3,6,Rutherford County             ,365,365,51255257,1,2,104720,1,3,127160,0,0,0,317,317,46818610,1,2,104720,1,3,127160,0,0,0
200605,47,157,3,6,Shelby County                 ,442,442,84863713,0,0,0,0,0,0,7,90,6395956,442,442,84863713,0,0,0,0,0,0,7,90,6395956
200605,47,159,3,6,Smith County                  ,7,7,1099337,0,0,0,0,0,0,0,0,0,7,7,1099337,0,0,0,0,0,0,0,0,0
200605,47,165,3,6,Sumner County                 ,149,149,24409685,2,4,234614,3,9,314626,0,0,0,102,102,15297406,0,0,0,0,0,0,0,0,0
200605,47,167,3,6,Tipton County                 ,39,39,4462161,0,0,0,0,0,0,0,0,0,31,31,3703680,0,0,0,0,0,0,0,0,0
200605,47,169,3,6,Trousdale County              ,4,4,469074,0,0,0,0,0,0,0,0,0,0,0,0,0,0,0,0,0,0,0,0,0
200605,47,179,3,6,Washington County             ,70,70,10834672,0,0,0,0,0,0,1,5,400000,49,49,8182061,0,0,0,0,0,0,1,5,400000
200605,47,187,3,6,Williamson County             ,125,125,30011104,0,0,0,0,0,0,0,0,0,88,88,13906300,0,0,0,0,0,0,0,0,0
200605,47,189,3,6,Wilson County                 ,112,112,23862444,0,0,0,0,0,0,0,0,0,111,111,23778069,0,0,0,0,0,0,0,0,0
200605,48,013,3,7,Atascosa County               ,8,8,983577,0,0,0,0,0,0,0,0,0,5,5,622000,0,0,0,0,0,0,0,0,0
200605,48,015,3,7,Austin County                 ,1,1,39000,0,0,0,0,0,0,0,0,0,1,1,39000,0,0,0,0,0,0,0,0,0
200605,48,019,3,7,Bandera County                ,0,0,0,0,0,0,0,0,0,1,5,385237,0,0,0,0,0,0,0,0,0,0,0,0
200605,48,021,3,7,Bastrop County                ,34,34,2375837,0,0,0,0,0,0,0,0,0,34,34,2375837,0,0,0,0,0,0,0,0,0
200605,48,029,3,7,Bexar County                  ,859,859,134044380,2,4,341813,2,8,727366,21,160,14544358,781,781,121835341,2,4,341813,2,8,727366,19,140,13844740
200605,48,039,3,7,Brazoria County               ,308,308,54400676,0,0,0,0,0,0,4,20,1361664,289,289,52349933,0,0,0,0,0,0,4,20,1361664
200605,48,041,3,7,Brazos County                 ,76,76,11480437,4,8,896340,0,0,0,0,0,0,76,76,11480437,4,8,896340,0,0,0,0,0,0
200605,48,055,3,7,Caldwell County               ,9,9,866743,0,0,0,0,0,0,0,0,0,7,7,648950,0,0,0,0,0,0,0,0,0
200605,48,063,3,7,Camp County                   ,0,0,0,0,0,0,0,0,0,0,0,0,0,0,0,0,0,0,0,0,0,0,0,0
200605,48,071,3,7,Chambers County               ,26,26,4268914,0,0,0,0,0,0,0,0,0,26,26,4268914,0,0,0,0,0,0,0,0,0
200605,48,085,3,7,Collin County                 ,1251,1251,277305112,0,0,0,0,0,0,4,156,19908446,1170,1170,257942789,0,0,0,0,0,0,4,156,19908446
200605,48,091,3,7,Comal County                  ,215,215,38453723,0,0,0,1,3,0,0,0,0,211,211,37643149,0,0,0,0,0,0,0,0,0
200605,48,113,3,7,Dallas County                 ,1002,1002,183767947,0,0,0,5,20,2156805,2,96,9493536,970,970,168520387,0,0,0,5,20,2156805,2,96,9493536
200605,48,117,3,7,Deaf Smith County             ,0,0,0,0,0,0,0,0,0,0,0,0,0,0,0,0,0,0,0,0,0,0,0,0
200605,48,119,3,7,Delta County                  ,0,0,0,0,0,0,0,0,0,0,0,0,0,0,0,0,0,0,0,0,0,0,0,0
200605,48,121,3,7,Denton County                 ,352,352,69140592,0,0,0,0,0,0,11,282,25332015,315,315,62562643,0,0,0,0,0,0,10,252,22858702
200605,48,133,3,7,Eastland County               ,0,0,0,0,0,0,0,0,0,0,0,0,0,0,0,0,0,0,0,0,0,0,0,0
200605,48,135,3,7,Ector County                  ,30,30,5404205,0,0,0,0,0,0,0,0,0,30,30,5404205,0,0,0,0,0,0,0,0,0
200605,48,139,3,7,Ellis County                  ,209,209,30656337,3,6,520000,0,0,0,0,0,0,175,175,26684972,3,6,520000,0,0,0,0,0,0
200605,48,157,3,7,Fort Bend County              ,1112,1112,176534923,0,0,0,32,121,11001411,0,0,0,1094,1094,173173603,0,0,0,32,121,11001411,0,0,0
200605,48,167,3,7,Galveston County              ,226,226,40716466,0,0,0,0,0,0,0,0,0,155,155,31149040,0,0,0,0,0,0,0,0,0
200605,48,187,3,7,Guadalupe County              ,69,69,7844353,0,0,0,0,0,0,0,0,0,69,69,7844353,0,0,0,0,0,0,0,0,0
200605,48,201,3,7,Harris County                 ,3771,3771,446876744,13,26,1883253,0,0,0,20,850,84057350,3757,3757,443128474,12,24,1711402,0,0,0,20,850,84057350
200605,48,209,3,7,Hays County                   ,203,203,31077882,2,4,271701,0,0,0,1,38,2281025,123,123,19399569,0,0,0,0,0,0,0,0,0
200605,48,215,3,7,Hidalgo County                ,686,686,77257217,7,14,816363,12,48,4364196,1,10,988910,597,597,72090371,5,10,650113,12,48,4364196,1,10,988910
200605,48,231,3,7,Hunt County                   ,16,16,1774946,0,0,0,0,0,0,0,0,0,15,15,1650649,0,0,0,0,0,0,0,0,0
200605,48,233,3,7,Hutchinson County             ,1,1,435000,0,0,0,0,0,0,0,0,0,1,1,435000,0,0,0,0,0,0,0,0,0
200605,48,251,3,7,Johnson County                ,93,93,10429134,0,0,0,0,0,0,0,0,0,88,88,9736204,0,0,0,0,0,0,0,0,0
200605,48,257,3,7,Kaufman County                ,92,92,10400976,0,0,0,0,0,0,0,0,0,69,69,8372711,0,0,0,0,0,0,0,0,0
200605,48,259,3,7,Kendall County                ,60,60,10309427,0,0,0,0,0,0,0,0,0,31,31,4104722,0,0,0,0,0,0,0,0,0
200605,48,271,3,7,Kinney County                 ,0,0,0,0,0,0,0,0,0,0,0,0,0,0,0,0,0,0,0,0,0,0,0,0
200605,48,291,3,7,Liberty County                ,32,32,3343796,0,0,0,0,0,0,0,0,0,31,31,3237879,0,0,0,0,0,0,0,0,0
200605,48,307,3,7,McCulloch County              ,0,0,0,0,0,0,0,0,0,0,0,0,0,0,0,0,0,0,0,0,0,0,0,0
200605,48,323,3,7,Maverick County               ,20,20,1177185,0,0,0,0,0,0,0,0,0,0,0,0,0,0,0,0,0,0,0,0,0
200605,48,325,3,7,Medina County                 ,4,4,470404,0,0,0,0,0,0,0,0,0,1,1,100000,0,0,0,0,0,0,0,0,0
200605,48,329,3,7,Midland County                ,50,50,6413220,0,0,0,0,0,0,0,0,0,50,50,6413220,0,0,0,0,0,0,0,0,0
200605,48,339,3,7,Montgomery County             ,817,817,116394706,4,8,404240,0,0,0,3,269,16417000,807,807,115229701,4,8,404240,0,0,0,3,269,16417000
200605,48,353,3,7,Nolan County                  ,1,1,145000,0,0,0,0,0,0,0,0,0,1,1,145000,0,0,0,0,0,0,0,0,0
200605,48,359,3,7,Oldham County                 ,0,0,0,0,0,0,0,0,0,0,0,0,0,0,0,0,0,0,0,0,0,0,0,0
200605,48,367,3,7,Parker County                 ,49,49,6279133,1,2,80000,0,0,0,1,5,134763,20,20,2876021,1,2,80000,0,0,0,0,0,0
200605,48,375,3,7,Potter County                 ,64,64,12035432,0,0,0,0,0,0,0,0,0,64,64,12035432,0,0,0,0,0,0,0,0,0
200605,48,383,3,7,Reagan County                 ,0,0,0,0,0,0,0,0,0,0,0,0,0,0,0,0,0,0,0,0,0,0,0,0
200605,48,385,3,7,Real County                   ,0,0,0,0,0,0,0,0,0,0,0,0,0,0,0,0,0,0,0,0,0,0,0,0
200605,48,397,3,7,Rockwall County               ,125,125,22892336,0,0,0,0,0,0,0,0,0,79,79,11503250,0,0,0,0,0,0,0,0,0
200605,48,407,3,7,San Jacinto County            ,1,1,100000,0,0,0,0,0,0,0,0,0,1,1,100000,0,0,0,0,0,0,0,0,0
200605,48,435,3,7,Sutton County                 ,0,0,0,0,0,0,0,0,0,0,0,0,0,0,0,0,0,0,0,0,0,0,0,0
200605,48,437,3,7,Swisher County                ,0,0,0,0,0,0,0,0,0,0,0,0,0,0,0,0,0,0,0,0,0,0,0,0
200605,48,439,3,7,Tarrant County                ,1136,1136,200512234,12,24,1669689,0,0,0,31,384,32024143,887,887,152252580,5,10,885455,0,0,0,30,376,31608143
200605,48,451,3,7,Tom Green County              ,38,38,5967828,0,0,0,0,0,0,0,0,0,38,38,5967828,0,0,0,0,0,0,0,0,0
200605,48,453,3,7,Travis County                 ,748,748,118807283,6,12,919949,2,6,455959,2,237,19901661,721,721,113204090,6,12,919949,2,6,455959,1,231,19054266
200605,48,463,3,7,Uvalde County                 ,1,1,28900,0,0,0,0,0,0,0,0,0,1,1,28900,0,0,0,0,0,0,0,0,0
200605,48,469,3,7,Victoria County               ,11,11,1335518,0,0,0,0,0,0,0,0,0,0,0,0,0,0,0,0,0,0,0,0,0
200605,48,471,3,7,Walker County                 ,4,4,587626,0,0,0,0,0,0,0,0,0,4,4,587626,0,0,0,0,0,0,0,0,0
200605,48,473,3,7,Waller County                 ,5,5,268447,0,0,0,0,0,0,1,12,266204,0,0,0,0,0,0,0,0,0,0,0,0
200605,48,479,3,7,Webb County                   ,164,164,14721090,1,2,79432,2,8,295372,1,16,782849,0,0,0,0,0,0,0,0,0,0,0,0
200605,48,491,3,7,Williamson County             ,531,531,79811264,5,10,848816,1,3,175000,0,0,0,531,531,79811264,5,10,848816,1,3,175000,0,0,0
200605,48,493,3,7,Wilson County                 ,2,2,283371,0,0,0,0,0,0,0,0,0,1,1,158975,0,0,0,0,0,0,0,0,0
200605,48,497,3,7,Wise County                   ,11,11,1503100,0,0,0,0,0,0,0,0,0,10,10,1325700,0,0,0,0,0,0,0,0,0
200605,49,009,4,8,Daggett County                ,0,0,0,0,0,0,0,0,0,0,0,0,0,0,0,0,0,0,0,0,0,0,0,0
200605,49,019,4,8,Grand County                  ,5,5,963763,1,2,337499,0,0,0,0,0,0,5,5,963763,1,2,337499,0,0,0,0,0,0
200605,49,021,4,8,Iron County                   ,84,84,14247546,2,4,357935,1,3,264429,1,9,569646,31,31,6069032,0,0,0,0,0,0,0,0,0
200605,49,033,4,8,Rich County                   ,6,6,1385027,0,0,0,0,0,0,0,0,0,0,0,0,0,0,0,0,0,0,0,0,0
200605,49,035,4,8,Salt Lake County              ,471,471,89201464,1,2,198463,0,0,0,6,176,6909711,411,411,79990561,0,0,0,0,0,0,4,158,5846523
200605,49,039,4,8,Sanpete County                ,8,8,761928,0,0,0,0,0,0,0,0,0,8,8,761928,0,0,0,0,0,0,0,0,0
200605,49,043,4,8,Summit County                 ,62,62,14424479,1,2,254960,0,0,0,2,17,3044688,21,21,5683010,0,0,0,0,0,0,1,8,2071829
200605,49,045,4,8,Tooele County                 ,68,68,10612928,0,0,0,0,0,0,0,0,0,68,68,10612928,0,0,0,0,0,0,0,0,0
200605,49,051,4,8,Wasatch County                ,35,35,9209125,1,2,183680,0,0,0,0,0,0,7,7,2483655,0,0,0,0,0,0,0,0,0
200605,51,003,3,5,Albemarle County              ,49,49,19571542,0,0,0,0,0,0,1,10,4995020,49,49,19571542,0,0,0,0,0,0,1,10,4995020
200605,51,007,3,5,Amelia County                 ,15,15,3062055,0,0,0,0,0,0,0,0,0,15,15,3062055,0,0,0,0,0,0,0,0,0
200605,51,013,3,5,Arlington County              ,20,20,5919505,0,0,0,0,0,0,2,489,60580000,20,20,5919505,0,0,0,0,0,0,2,489,60580000
200605,51,015,3,5,Augusta County                ,25,25,5542951,0,0,0,0,0,0,0,0,0,25,25,5542951,0,0,0,0,0,0,0,0,0
200605,51,019,3,5,Bedford County                ,66,66,17868240,0,0,0,0,0,0,0,0,0,66,66,17868240,0,0,0,0,0,0,0,0,0
200605,51,023,3,5,Botetourt County              ,22,22,4992914,0,0,0,0,0,0,0,0,0,22,22,4992914,0,0,0,0,0,0,0,0,0
200605,51,031,3,5,Campbell County               ,30,30,4283677,0,0,0,0,0,0,0,0,0,0,0,0,0,0,0,0,0,0,0,0,0
200605,51,033,3,5,Caroline County               ,56,56,9431239,0,0,0,0,0,0,0,0,0,0,0,0,0,0,0,0,0,0,0,0,0
200605,51,036,3,5,Charles City County           ,3,3,276500,0,0,0,0,0,0,0,0,0,3,3,276500,0,0,0,0,0,0,0,0,0
200605,51,037,3,5,Charlotte County              ,7,7,480276,0,0,0,0,0,0,0,0,0,7,7,480276,0,0,0,0,0,0,0,0,0
200605,51,041,3,5,Chesterfield County           ,167,167,26227032,0,0,0,3,12,1091049,1,8,791128,167,167,26227032,0,0,0,3,12,1091049,1,8,791128
200605,51,043,3,5,Clarke County                 ,8,8,1499000,0,0,0,0,0,0,0,0,0,8,8,1499000,0,0,0,0,0,0,0,0,0
200605,51,049,3,5,Cumberland County             ,6,6,836395,0,0,0,0,0,0,0,0,0,6,6,836395,0,0,0,0,0,0,0,0,0
200605,51,053,3,5,Dinwiddie County              ,15,15,1757587,0,0,0,0,0,0,0,0,0,0,0,0,0,0,0,0,0,0,0,0,0
200605,51,059,3,5,Fairfax County                ,125,125,19695682,0,0,0,0,0,0,0,0,0,123,123,19316916,0,0,0,0,0,0,0,0,0
200605,51,061,3,5,Fauquier County               ,61,61,13614532,0,0,0,0,0,0,0,0,0,0,0,0,0,0,0,0,0,0,0,0,0
200605,51,065,3,5,Fluvanna County               ,17,17,3611000,0,0,0,0,0,0,0,0,0,17,17,3611000,0,0,0,0,0,0,0,0,0
200605,51,067,3,5,Franklin County               ,33,33,7216172,0,0,0,0,0,0,0,0,0,33,33,7216172,0,0,0,0,0,0,0,0,0
200605,51,069,3,5,Frederick County              ,119,119,22870533,0,0,0,0,0,0,0,0,0,119,119,22870533,0,0,0,0,0,0,0,0,0
200605,51,073,3,5,Gloucester County             ,29,29,5434330,0,0,0,0,0,0,0,0,0,29,29,5434330,0,0,0,0,0,0,0,0,0
200605,51,075,3,5,Goochland County              ,33,33,9501455,0,0,0,0,0,0,0,0,0,0,0,0,0,0,0,0,0,0,0,0,0
200605,51,079,3,5,Greene County                 ,14,14,3382850,0,0,0,0,0,0,0,0,0,14,14,3382850,0,0,0,0,0,0,0,0,0
200605,51,085,3,5,Hanover County                ,48,48,12007194,0,0,0,0,0,0,0,0,0,48,48,12007194,0,0,0,0,0,0,0,0,0
200605,51,087,3,5,Henrico County                ,150,150,23557214,0,0,0,0,0,0,0,0,0,150,150,23557214,0,0,0,0,0,0,0,0,0
200605,51,093,3,5,Isle of Wight County          ,27,27,6863956,0,0,0,0,0,0,0,0,0,27,27,6863956,0,0,0,0,0,0,0,0,0
200605,51,095,3,5,James City County             ,58,58,17842209,0,0,0,0,0,0,0,0,0,58,58,17842209,0,0,0,0,0,0,0,0,0
200605,51,097,3,5,King and Queen County         ,9,9,1450275,0,0,0,0,0,0,0,0,0,9,9,1450275,0,0,0,0,0,0,0,0,0
200605,51,099,3,5,King George County            ,20,20,3179502,0,0,0,0,0,0,0,0,0,20,20,3179502,0,0,0,0,0,0,0,0,0
200605,51,101,3,5,King William County           ,14,14,2356114,0,0,0,0,0,0,0,0,0,14,14,2356114,0,0,0,0,0,0,0,0,0
200605,51,107,3,5,Loudoun County                ,344,344,54024544,0,0,0,0,0,0,1,8,791128,344,344,54024544,0,0,0,0,0,0,1,8,791128
200605,51,109,3,5,Louisa County                 ,41,41,10251682,0,0,0,0,0,0,0,0,0,41,41,10251682,0,0,0,0,0,0,0,0,0
200605,51,115,3,5,Mathews County                ,6,6,1180000,0,0,0,0,0,0,0,0,0,6,6,1180000,0,0,0,0,0,0,0,0,0
200605,51,119,3,5,Middlesex County              ,9,9,2047312,0,0,0,0,0,0,0,0,0,9,9,2047312,0,0,0,0,0,0,0,0,0
200605,51,127,3,5,New Kent County               ,18,18,4573544,0,0,0,0,0,0,0,0,0,18,18,4573544,0,0,0,0,0,0,0,0,0
200605,51,137,3,5,Orange County                 ,57,57,13431975,0,0,0,0,0,0,0,0,0,57,57,13431975,0,0,0,0,0,0,0,0,0
200605,51,143,3,5,Pittsylvania County           ,21,21,2607392,0,0,0,0,0,0,0,0,0,0,0,0,0,0,0,0,0,0,0,0,0
200605,51,145,3,5,Powhatan County               ,39,39,8932641,0,0,0,0,0,0,0,0,0,39,39,8932641,0,0,0,0,0,0,0,0,0
200605,51,149,3,5,Prince George County          ,30,30,4636791,0,0,0,0,0,0,0,0,0,30,30,4636791,0,0,0,0,0,0,0,0,0
200605,51,153,3,5,Prince William County         ,406,406,61932655,0,0,0,0,0,0,0,0,0,406,406,61932655,0,0,0,0,0,0,0,0,0
200605,51,157,3,5,Rappahannock County           ,5,5,1115583,0,0,0,0,0,0,0,0,0,0,0,0,0,0,0,0,0,0,0,0,0
200605,51,161,3,5,Roanoke County                ,34,34,3349607,0,0,0,0,0,0,1,5,245375,0,0,0,0,0,0,0,0,0,0,0,0
200605,51,163,3,5,Rockbridge County             ,17,17,3519000,0,0,0,0,0,0,0,0,0,17,17,3519000,0,0,0,0,0,0,0,0,0
200605,51,165,3,5,Rockingham County             ,44,44,7914023,0,0,0,0,0,0,0,0,0,44,44,7914023,0,0,0,0,0,0,0,0,0
200605,51,169,3,5,Scott County                  ,7,7,865050,0,0,0,0,0,0,0,0,0,7,7,865050,0,0,0,0,0,0,0,0,0
200605,51,171,3,5,Shenandoah County             ,36,36,5851964,0,0,0,0,0,0,0,0,0,36,36,5851964,0,0,0,0,0,0,0,0,0
200605,51,177,3,5,Spotsylvania County           ,131,131,24906377,0,0,0,0,0,0,1,9,382368,0,0,0,0,0,0,0,0,0,0,0,0
200605,51,179,3,5,Stafford County               ,76,76,11935655,0,0,0,0,0,0,0,0,0,76,76,11935655,0,0,0,0,0,0,0,0,0
200605,51,181,3,5,Surry County                  ,7,7,1014716,0,0,0,0,0,0,0,0,0,0,0,0,0,0,0,0,0,0,0,0,0
200605,51,183,3,5,Sussex County                 ,9,9,1641732,0,0,0,0,0,0,0,0,0,9,9,1641732,0,0,0,0,0,0,0,0,0
200605,51,187,3,5,Warren County                 ,33,33,7114426,0,0,0,0,0,0,0,0,0,33,33,7114426,0,0,0,0,0,0,0,0,0
200605,51,199,3,5,York County                   ,44,44,7181000,0,0,0,0,0,0,0,0,0,44,44,7181000,0,0,0,0,0,0,0,0,0
200605,51,510,3,5,Alexandria (Independent City) ,17,17,3223743,0,0,0,0,0,0,1,60,9567073,0,0,0,0,0,0,0,0,0,0,0,0
200605,51,530,3,5,Buena Vista (Independent City),1,1,156533,0,0,0,0,0,0,0,0,0,0,0,0,0,0,0,0,0,0,0,0,0
200605,51,550,3,5,Chesapeake(Independent City)  ,86,86,13506136,0,0,0,0,0,0,0,0,0,86,86,13506136,0,0,0,0,0,0,0,0,0
200605,51,570,3,5,Colonial Heights (Independent ,1,1,125000,0,0,0,0,0,0,0,0,0,1,1,125000,0,0,0,0,0,0,0,0,0
200605,51,580,3,5,Covington (Independent City)  ,1,1,67917,0,0,0,0,0,0,0,0,0,0,0,0,0,0,0,0,0,0,0,0,0
200605,51,600,3,5,Fairfax (Independent City)    ,5,5,828000,0,0,0,0,0,0,0,0,0,5,5,828000,0,0,0,0,0,0,0,0,0
200605,51,610,3,5,Falls Church (Independent City,2,2,377403,0,0,0,0,0,0,0,0,0,0,0,0,0,0,0,0,0,0,0,0,0
200605,51,630,3,5,Fredericksburg(Independent Cit,36,36,5814492,0,0,0,0,0,0,0,0,0,0,0,0,0,0,0,0,0,0,0,0,0
200605,51,650,3,5,Hampton (Independent City)    ,22,22,4257612,0,0,0,0,0,0,3,46,1563119,0,0,0,0,0,0,0,0,0,0,0,0
200605,51,660,3,5,Harrisonburg (Independent City,25,25,2326000,0,0,0,0,0,0,0,0,0,25,25,2326000,0,0,0,0,0,0,0,0,0
200605,51,670,3,5,Hopewell (Independent City)   ,39,39,2422485,0,0,0,0,0,0,0,0,0,39,39,2422485,0,0,0,0,0,0,0,0,0
200605,51,680,3,5,Lynchburg (Independent City)  ,32,32,3271753,0,0,0,0,0,0,0,0,0,32,32,3271753,0,0,0,0,0,0,0,0,0
200605,51,683,3,5,Manassas (Independent City)   ,14,14,1625202,0,0,0,0,0,0,0,0,0,0,0,0,0,0,0,0,0,0,0,0,0
200605,51,685,3,5,Manassas Park (Independent Cit,7,7,846974,0,0,0,0,0,0,1,8,351351,0,0,0,0,0,0,0,0,0,0,0,0
200605,51,700,3,5,Newport News (Independent City,54,54,5621208,0,0,0,0,0,0,0,0,0,54,54,5621208,0,0,0,0,0,0,0,0,0
200605,51,710,3,5,Norfolk (Independent City)    ,22,22,3455058,1,2,170907,0,0,0,0,0,0,22,22,3455058,1,2,170907,0,0,0,0,0,0
200605,51,730,3,5,Petersburg (Independent City) ,5,5,486869,0,0,0,0,0,0,0,0,0,5,5,486869,0,0,0,0,0,0,0,0,0
200605,51,735,3,5,Poquoson (Independent City)   ,7,7,1667095,0,0,0,0,0,0,0,0,0,0,0,0,0,0,0,0,0,0,0,0,0
200605,51,740,3,5,Portsmouth (Independent City) ,19,19,2983914,0,0,0,0,0,0,0,0,0,19,19,2983914,0,0,0,0,0,0,0,0,0
200605,51,760,3,5,Richmond (Independent City)   ,39,39,5027065,0,0,0,0,0,0,1,66,2409345,39,39,5027065,0,0,0,0,0,0,1,66,2409345
200605,51,770,3,5,Roanoke (Independent City)    ,10,10,1448715,0,0,0,0,0,0,0,0,0,10,10,1448715,0,0,0,0,0,0,0,0,0
200605,51,800,3,5,Suffolk (Independent City)    ,84,84,13192040,0,0,0,0,0,0,0,0,0,84,84,13192040,0,0,0,0,0,0,0,0,0
200605,51,810,3,5,Virginia Beach (Independent Ci,86,86,13506136,4,8,683626,7,27,2454860,3,34,3362294,86,86,13506136,4,8,683626,7,27,2454860,3,34,3362294
200605,51,830,3,5,Williamsburg (Independent City,3,3,1280000,0,0,0,0,0,0,0,0,0,3,3,1280000,0,0,0,0,0,0,0,0,0
200605,53,011,4,9,Clark County                  ,244,244,43852558,2,4,298626,0,0,0,1,25,1856516,68,68,15341212,2,4,298626,0,0,0,1,25,1856516
200605,53,033,4,9,King County                   ,428,428,115095861,8,16,3075209,3,10,1369771,12,1033,115839664,386,386,103400258,6,12,2408128,1,3,302140,8,995,112280924
200605,53,041,4,9,Lewis County                  ,46,46,7174617,0,0,0,0,0,0,0,0,0,46,46,7174617,0,0,0,0,0,0,0,0,0
200605,53,053,4,9,Pierce County                 ,516,516,89725493,13,26,2665760,2,6,590492,8,151,17824743,512,512,88726933,12,24,2482368,1,3,302140,5,130,14049815
200605,53,059,4,9,Skamania County               ,14,14,2778366,0,0,0,0,0,0,0,0,0,12,12,2362234,0,0,0,0,0,0,0,0,0
200605,53,061,4,9,Snohomish County              ,471,471,81113710,8,16,1632036,2,6,519840,4,49,3854513,367,367,67942761,6,12,1233649,0,0,0,0,0,0
200605,54,037,3,5,Jefferson County              ,33,33,7887757,0,0,0,0,0,0,1,5,492000,25,25,6946495,0,0,0,0,0,0,1,5,492000
200605,55,021,2,3,Columbia County               ,21,21,4229270,0,0,0,0,0,0,0,0,0,18,18,3583500,0,0,0,0,0,0,0,0,0
200605,55,025,2,3,Dane County                   ,176,176,33664722,8,16,2012584,4,13,1101022,6,49,3829581,130,130,25718112,5,10,1285000,0,0,0,4,39,3145000
200605,55,031,2,3,Douglas County                ,26,26,3736431,1,2,204625,0,0,0,0,0,0,26,26,3736431,1,2,204625,0,0,0,0,0,0
200605,55,037,2,3,Florence County               ,3,3,155775,0,0,0,0,0,0,0,0,0,0,0,0,0,0,0,0,0,0,0,0,0
200605,55,049,2,3,Iowa County                   ,17,17,4192290,0,0,0,0,0,0,1,5,226221,16,16,4043000,0,0,0,0,0,0,0,0,0
200605,55,059,2,3,Kenosha County                ,73,73,14158658,0,0,0,2,7,1225000,0,0,0,56,56,10145848,0,0,0,1,4,850000,0,0,0
200605,55,079,2,3,Milwaukee County              ,40,40,8683476,2,4,390625,3,10,1495000,5,166,13031213,39,39,8468539,1,2,204625,3,10,1495000,4,161,12781213
200605,55,089,2,3,Ozaukee County                ,28,28,9340079,1,2,265000,0,0,0,0,0,0,17,17,4495544,1,2,265000,0,0,0,0,0,0
200605,55,093,2,3,Pierce County                 ,25,25,5186078,1,2,200000,0,0,0,0,0,0,22,22,4548600,1,2,200000,0,0,0,0,0,0
200605,55,109,2,3,St. Croix County              ,74,74,14168855,4,8,1172557,0,0,0,1,5,534167,49,49,10241860,3,6,913000,0,0,0,0,0,0
200605,55,113,2,3,Sawyer County                 ,28,28,2901697,0,0,0,0,0,0,0,0,0,28,28,2901697,0,0,0,0,0,0,0,0,0
200605,55,131,2,3,Washington County             ,80,80,17666622,4,8,817488,0,0,0,0,0,0,67,67,13930555,3,6,600000,0,0,0,0,0,0
200605,55,133,2,3,Waukesha County               ,119,119,33347831,0,0,0,0,0,0,1,5,478125,87,87,23704563,0,0,0,0,0,0,0,0,0
200605,56,019,4,8,Johnson County                ,3,3,364617,0,0,0,0,0,0,0,0,0,0,0,0,0,0,0,0,0,0,0,0,0
200605,56,039,4,8,Teton County                  ,23,23,17825210,0,0,0,1,4,1110600,1,7,340204,19,19,17002100,0,0,0,0,0,0,0,0,0
