Survey,FIPS,FIPS,Region,Division,County,,1-unit,,,2-units,,,3-4 units,,,5+ units,,,1-unit rep,,,2-units rep,,,3-4 units rep,,, 5+units rep
Date,State,County,Code,Code,Name,Bldgs,Units,Value,Bldgs,Units,Value,Bldgs,Units,Value,Bldgs,Units,Value,Bldgs,Units,Value,Bldgs,Units,Value,Bldgs,Units,Value,Bldgs,Units,Value
 
200610,01,001,3,6,Autauga County                ,24,24,4397567,0,0,0,0,0,0,0,0,0,24,24,4397567,0,0,0,0,0,0,0,0,0
200610,01,007,3,6,Bibb County                   ,0,0,0,0,0,0,0,0,0,0,0,0,0,0,0,0,0,0,0,0,0,0,0,0
200610,01,009,3,6,Blount County                 ,4,4,459648,0,0,0,0,0,0,4,32,2653000,4,4,459648,0,0,0,0,0,0,4,32,2653000
200610,01,021,3,6,Chilton County                ,9,9,1523440,0,0,0,0,0,0,0,0,0,7,7,1219000,0,0,0,0,0,0,0,0,0
200610,01,037,3,6,Coosa County                  ,0,0,0,0,0,0,0,0,0,0,0,0,0,0,0,0,0,0,0,0,0,0,0,0
200610,01,073,3,6,Jefferson County              ,189,189,34195641,0,0,0,0,0,0,9,128,10235578,175,175,32261904,0,0,0,0,0,0,9,128,10235578
200610,01,081,3,6,Lee County                    ,162,162,25622141,0,0,0,0,0,0,3,88,8708440,162,162,25622141,0,0,0,0,0,0,3,88,8708440
200610,01,115,3,6,St. Clair County              ,42,42,5155580,0,0,0,0,0,0,0,0,0,42,42,5155580,0,0,0,0,0,0,0,0,0
200610,01,117,3,6,Shelby County                 ,166,166,24709961,0,0,0,0,0,0,0,0,0,97,97,13083525,0,0,0,0,0,0,0,0,0
200610,01,127,3,6,Walker County                 ,7,7,919000,0,0,0,0,0,0,0,0,0,7,7,919000,0,0,0,0,0,0,0,0,0
200610,02,000,4,9,Alaska Balance of State       ,18,18,3469875,0,0,0,0,0,0,0,0,0,0,0,0,0,0,0,0,0,0,0,0,0
200610,02,013,4,9,Aleutians East Borough        ,0,0,0,0,0,0,0,0,0,0,0,0,0,0,0,0,0,0,0,0,0,0,0,0
200610,02,016,4,9,Aleutians West Census Area    ,1,1,98300,0,0,0,0,0,0,0,0,0,0,0,0,0,0,0,0,0,0,0,0,0
200610,02,020,4,9,Anchorage Borough             ,30,30,10262838,19,38,8344969,7,27,4755950,0,0,0,30,30,10262838,19,38,8344969,7,27,4755950,0,0,0
200610,02,050,4,9,Bethel Census Area            ,4,4,572108,0,0,0,0,0,0,0,0,0,0,0,0,0,0,0,0,0,0,0,0,0
200610,02,060,4,9,Bristol Bay Borough           ,0,0,0,0,0,0,0,0,0,0,0,0,0,0,0,0,0,0,0,0,0,0,0,0
200610,02,090,4,9,Fairbanks North Star Borough  ,16,16,2692824,1,2,100000,0,0,0,0,0,0,15,15,2601000,1,2,100000,0,0,0,0,0,0
200610,02,100,4,9,Haines Borough                ,0,0,0,0,0,0,0,0,0,0,0,0,0,0,0,0,0,0,0,0,0,0,0,0
200610,02,110,4,9,Juneau Borough                ,2,2,510856,1,2,351123,0,0,0,0,0,0,2,2,510856,1,2,351123,0,0,0,0,0,0
200610,02,122,4,9,Kenai Peninsula Borough       ,8,8,1519436,1,2,58500,3,12,970500,0,0,0,2,2,353832,0,0,0,3,12,970500,0,0,0
200610,02,130,4,9,Ketchikan Gateway Borough     ,1,1,186318,0,0,0,0,0,0,0,0,0,1,1,186318,0,0,0,0,0,0,0,0,0
200610,02,150,4,9,Kodiak Island Borough         ,1,1,157128,0,0,0,0,0,0,0,0,0,1,1,157128,0,0,0,0,0,0,0,0,0
200610,02,170,4,9,Matanuska-Susitna Borough     ,4,4,528778,0,0,0,0,0,0,0,0,0,2,2,308778,0,0,0,0,0,0,0,0,0
200610,02,180,4,9,Nome Census Area              ,0,0,0,0,0,0,0,0,0,0,0,0,0,0,0,0,0,0,0,0,0,0,0,0
200610,02,185,4,9,North Slope Borough           ,0,0,0,0,0,0,0,0,0,0,0,0,0,0,0,0,0,0,0,0,0,0,0,0
200610,02,188,4,9,Northwest Arctic Borough      ,0,0,0,0,0,0,0,0,0,0,0,0,0,0,0,0,0,0,0,0,0,0,0,0
200610,02,201,4,9,Prince of Wales-Outer Ketchika,0,0,0,0,0,0,0,0,0,0,0,0,0,0,0,0,0,0,0,0,0,0,0,0
200610,02,220,4,9,Sitka Borough                 ,2,2,440021,0,0,0,0,0,0,0,0,0,0,0,0,0,0,0,0,0,0,0,0,0
200610,02,232,4,9,Skagway-Hoonah-Angoon Census A,0,0,0,0,0,0,0,0,0,0,0,0,0,0,0,0,0,0,0,0,0,0,0,0
200610,02,261,4,9,Valdez-Cordova Census Area    ,1,1,120000,0,0,0,0,0,0,0,0,0,1,1,120000,0,0,0,0,0,0,0,0,0
200610,02,280,4,9,Wrangell-Petersburg Census Are,3,3,448220,0,0,0,0,0,0,0,0,0,3,3,448220,0,0,0,0,0,0,0,0,0
200610,02,282,4,9,Yakutat Borough               ,0,0,0,0,0,0,0,0,0,0,0,0,0,0,0,0,0,0,0,0,0,0,0,0
200610,02,290,4,9,Yukon-Koyukuk Census Area     ,0,0,0,0,0,0,0,0,0,0,0,0,0,0,0,0,0,0,0,0,0,0,0,0
200610,04,013,4,8,Maricopa County               ,1279,1279,273177121,0,0,0,31,94,9467050,25,396,35982194,1261,1261,270540416,0,0,0,31,94,9467050,25,396,35982194
200610,04,019,4,8,Pima County                   ,480,480,74973774,9,18,1705424,3,10,644257,1,9,517695,307,307,49200896,1,2,160360,1,4,333044,0,0,0
200610,04,021,4,8,Pinal County                  ,383,383,47831329,1,2,150708,1,4,241724,0,0,0,308,308,37865166,0,0,0,0,0,0,0,0,0
200610,05,023,3,7,Cleburne County               ,7,7,825000,0,0,0,0,0,0,0,0,0,7,7,825000,0,0,0,0,0,0,0,0,0
200610,05,025,3,7,Cleveland County              ,0,0,0,0,0,0,0,0,0,0,0,0,0,0,0,0,0,0,0,0,0,0,0,0
200610,05,027,3,7,Columbia County               ,0,0,0,0,0,0,0,0,0,0,0,0,0,0,0,0,0,0,0,0,0,0,0,0
200610,05,035,3,7,Crittenden County             ,25,25,4263717,0,0,0,0,0,0,0,0,0,25,25,4263717,0,0,0,0,0,0,0,0,0
200610,05,059,3,7,Hot Spring County             ,0,0,0,0,0,0,0,0,0,0,0,0,0,0,0,0,0,0,0,0,0,0,0,0
200610,05,061,3,7,Howard County                 ,1,1,92283,0,0,0,0,0,0,0,0,0,0,0,0,0,0,0,0,0,0,0,0,0
200610,05,099,3,7,Nevada County                 ,1,1,49320,0,0,0,0,0,0,0,0,0,0,0,0,0,0,0,0,0,0,0,0,0
200610,06,001,4,9,Alameda County                ,171,171,56373382,0,0,0,4,15,6345665,7,184,66989611,159,159,52086860,0,0,0,4,15,6345665,6,171,65573304
200610,06,003,4,9,Alpine County                 ,2,2,838188,0,0,0,0,0,0,0,0,0,2,2,838188,0,0,0,0,0,0,0,0,0
200610,06,009,4,9,Calaveras County              ,63,63,16760418,1,2,239052,0,0,0,0,0,0,2,2,546507,0,0,0,0,0,0,0,0,0
200610,06,013,4,9,Contra Costa County           ,240,240,65276695,0,0,0,0,0,0,1,13,1177814,228,228,62657061,0,0,0,0,0,0,0,0,0
200610,06,017,4,9,El Dorado County              ,59,59,19028912,0,0,0,0,0,0,0,0,0,59,59,19028912,0,0,0,0,0,0,0,0,0
200610,06,037,4,9,Los Angeles County            ,689,689,138490214,29,58,6827911,14,48,5546391,38,1478,170212046,638,638,126834819,25,50,5950276,11,37,4982607,29,1409,162584509
200610,06,041,4,9,Marin County                  ,23,23,9640975,0,0,0,0,0,0,2,17,2310947,7,7,3328978,0,0,0,0,0,0,0,0,0
200610,06,045,4,9,Mendocino County              ,29,29,4156566,0,0,0,0,0,0,0,0,0,29,29,4156566,0,0,0,0,0,0,0,0,0
200610,06,049,4,9,Modoc County                  ,2,2,223628,0,0,0,0,0,0,0,0,0,2,2,223628,0,0,0,0,0,0,0,0,0
200610,06,051,4,9,Mono County                   ,8,8,2940298,0,0,0,0,0,0,0,0,0,3,3,2246280,0,0,0,0,0,0,0,0,0
200610,06,059,4,9,Orange County                 ,122,122,41075751,3,6,1770765,2,6,1707280,35,527,72768033,101,101,32955440,1,2,890767,1,3,340000,33,516,71764902
200610,06,061,4,9,Placer County                 ,125,125,28093426,0,0,0,0,0,0,0,0,0,121,121,27151875,0,0,0,0,0,0,0,0,0
200610,06,063,4,9,Plumas County                 ,20,20,2309349,0,0,0,0,0,0,0,0,0,20,20,2309349,0,0,0,0,0,0,0,0,0
200610,06,065,4,9,Riverside County              ,961,961,208784925,0,0,0,4,13,1505170,8,51,6214595,780,780,172035786,0,0,0,4,13,1505170,7,46,5581637
200610,06,067,4,9,Sacramento County             ,245,245,41990836,1,2,235184,0,0,0,1,8,749696,243,243,41529663,1,2,235184,0,0,0,1,8,749696
200610,06,069,4,9,San Benito County             ,4,4,469573,0,0,0,0,0,0,1,5,322306,3,3,354197,0,0,0,0,0,0,0,0,0
200610,06,071,4,9,San Bernardino County         ,503,503,94309390,6,12,1160835,0,0,0,0,0,0,345,345,64104555,1,2,235184,0,0,0,0,0,0
200610,06,073,4,9,San Diego County              ,275,275,68130098,26,52,6966489,4,15,1510699,18,513,48088386,248,248,64567735,25,50,6669111,4,15,1510699,18,513,48088386
200610,06,075,4,9,San Francisco County          ,3,3,563494,1,2,235184,1,4,402853,1,117,12644834,3,3,563494,1,2,235184,1,4,402853,1,117,12644834
200610,06,077,4,9,San Joaquin County            ,171,171,33020230,0,0,0,0,0,0,0,0,0,112,112,18775318,0,0,0,0,0,0,0,0,0
200610,06,081,4,9,San Mateo County              ,38,38,18225598,2,4,498849,0,0,0,1,5,816097,32,32,13499379,1,2,35846,0,0,0,0,0,0
200610,06,085,4,9,Santa Clara County            ,156,156,55632650,1,2,235184,6,18,2107622,11,132,16725958,140,140,52627863,1,2,235184,5,15,1510699,10,84,9078342
200610,06,091,4,9,Sierra County                 ,1,1,382376,0,0,0,0,0,0,0,0,0,1,1,382376,0,0,0,0,0,0,0,0,0
200610,06,113,4,9,Yolo County                   ,56,56,11692574,0,0,0,0,0,0,15,198,14072264,56,56,11692574,0,0,0,0,0,0,15,198,14072264
200610,08,001,4,8,Adams County                  ,156,156,23145980,0,0,0,0,0,0,1,5,322108,156,156,23145980,0,0,0,0,0,0,0,0,0
200610,08,005,4,8,Arapahoe County               ,172,172,41394103,0,0,0,0,0,0,2,39,2846050,171,171,40213887,0,0,0,0,0,0,2,39,2846050
200610,08,014,4,8,Broomfield County             ,44,44,9069833,0,0,0,0,0,0,0,0,0,44,44,9069833,0,0,0,0,0,0,0,0,0
200610,08,015,4,8,Chaffee County                ,13,13,2957317,0,0,0,0,0,0,0,0,0,13,13,2957317,0,0,0,0,0,0,0,0,0
200610,08,019,4,8,Clear Creek County            ,3,3,615411,0,0,0,0,0,0,0,0,0,0,0,0,0,0,0,0,0,0,0,0,0
200610,08,023,4,8,Costilla County               ,1,1,163199,0,0,0,0,0,0,0,0,0,0,0,0,0,0,0,0,0,0,0,0,0
200610,08,031,4,8,Denver County                 ,184,184,47693487,5,10,1716500,1,3,415250,3,25,8028797,184,184,47693487,5,10,1716500,1,3,415250,3,25,8028797
200610,08,033,4,8,Dolores County                ,0,0,0,0,0,0,0,0,0,0,0,0,0,0,0,0,0,0,0,0,0,0,0,0
200610,08,035,4,8,Douglas County                ,161,161,34306266,0,0,0,0,0,0,0,0,0,161,161,34306266,0,0,0,0,0,0,0,0,0
200610,08,039,4,8,Elbert County                 ,25,25,7302823,0,0,0,0,0,0,0,0,0,25,25,7302823,0,0,0,0,0,0,0,0,0
200610,08,041,4,8,El Paso County                ,212,212,37090951,2,4,360000,2,6,1306025,0,0,0,212,212,37090951,2,4,360000,2,6,1306025,0,0,0
200610,08,047,4,8,Gilpin County                 ,3,3,376991,0,0,0,0,0,0,0,0,0,0,0,0,0,0,0,0,0,0,0,0,0
200610,08,049,4,8,Grand County                  ,44,44,11259760,0,0,0,1,3,256085,1,5,552045,6,6,2274493,0,0,0,0,0,0,0,0,0
200610,08,059,4,8,Jefferson County              ,64,64,18048583,0,0,0,0,0,0,2,22,2658104,63,63,17791282,0,0,0,0,0,0,2,22,2658104
200610,08,069,4,8,Larimer County                ,101,101,22531349,1,2,218026,0,0,0,1,8,879016,101,101,22531349,1,2,218026,0,0,0,1,8,879016
200610,08,077,4,8,Mesa County                   ,117,117,21691784,0,0,0,6,24,2816170,1,10,1054937,117,117,21691784,0,0,0,6,24,2816170,1,10,1054937
200610,08,093,4,8,Park County                   ,45,45,6129085,0,0,0,0,0,0,0,0,0,45,45,6129085,0,0,0,0,0,0,0,0,0
200610,08,101,4,8,Pueblo County                 ,82,82,12647708,0,0,0,0,0,0,0,0,0,82,82,12647708,0,0,0,0,0,0,0,0,0
200610,08,107,4,8,Routt County                  ,26,26,9548218,0,0,0,0,0,0,2,10,1885352,26,26,9548218,0,0,0,0,0,0,2,10,1885352
200610,08,119,4,8,Teller County                 ,9,9,2221865,0,0,0,0,0,0,0,0,0,0,0,0,0,0,0,0,0,0,0,0,0
200610,08,123,4,8,Weld County                   ,139,139,29785749,1,2,355452,2,6,975684,2,121,23295405,126,126,28505256,1,2,355452,2,6,975684,1,116,23033012
200610,10,001,3,5,Kent County                   ,121,121,16563882,0,0,0,0,0,0,0,0,0,41,41,4727628,0,0,0,0,0,0,0,0,0
200610,10,003,3,5,New Castle County             ,97,97,9078991,0,0,0,0,0,0,2,13,334369,2,2,400000,0,0,0,0,0,0,0,0,0
200610,10,005,3,5,Sussex County                 ,88,88,13558183,4,8,705772,1,4,864000,1,6,498000,88,88,13558183,4,8,705772,1,4,864000,1,6,498000
200610,11,001,3,5,Washington  DC                ,35,35,3500000,0,0,0,1,3,425000,1,31,3063000,35,35,3500000,0,0,0,1,3,425000,1,31,3063000
200610,12,003,3,5,Baker County                  ,12,12,1978520,0,0,0,0,0,0,0,0,0,12,12,1978520,0,0,0,0,0,0,0,0,0
200610,12,009,3,5,Brevard County                ,237,237,52414281,0,0,0,2,7,1237616,8,261,33160101,237,237,52414281,0,0,0,2,7,1237616,8,261,33160101
200610,12,011,3,5,Broward County                ,184,184,40144983,5,10,904046,2,6,545524,18,226,25634081,131,131,30333888,4,8,759470,2,6,545524,16,216,24993206
200610,12,013,3,5,Calhoun County                ,2,2,197980,0,0,0,0,0,0,0,0,0,1,1,96250,0,0,0,0,0,0,0,0,0
200610,12,015,3,5,Charlotte County              ,118,118,25686617,5,10,1117954,6,24,4059084,2,42,8489446,111,111,24101972,2,4,476000,6,24,4059084,0,0,0
200610,12,019,3,5,Clay County                   ,81,81,10614000,2,4,184000,0,0,0,6,144,7736000,81,81,10614000,2,4,184000,0,0,0,6,144,7736000
200610,12,021,3,5,Collier County                ,179,179,55966600,5,10,1802000,23,87,13100000,12,153,19894000,179,179,55966600,5,10,1802000,23,87,13100000,12,153,19894000
200610,12,023,3,5,Columbia County               ,42,42,3925758,0,0,0,0,0,0,0,0,0,15,15,1280838,0,0,0,0,0,0,0,0,0
200610,12,031,3,5,Duval County                  ,311,311,52301605,4,8,485000,0,0,0,2,60,3005050,307,307,51289059,4,8,485000,0,0,0,2,60,3005050
200610,12,033,3,5,Escambia County               ,86,86,13666553,3,6,512720,0,0,0,5,36,3560076,86,86,13666553,3,6,512720,0,0,0,5,36,3560076
200610,12,041,3,5,Gilchrist County              ,6,6,764168,0,0,0,0,0,0,0,0,0,0,0,0,0,0,0,0,0,0,0,0,0
200610,12,047,3,5,Hamilton County               ,4,4,336000,0,0,0,0,0,0,0,0,0,4,4,336000,0,0,0,0,0,0,0,0,0
200610,12,049,3,5,Hardee County                 ,8,8,484671,0,0,0,0,0,0,0,0,0,0,0,0,0,0,0,0,0,0,0,0,0
200610,12,053,3,5,Hernando County               ,132,132,29009539,0,0,0,0,0,0,0,0,0,132,132,29009539,0,0,0,0,0,0,0,0,0
200610,12,055,3,5,Highlands County              ,120,120,20360602,0,0,0,0,0,0,0,0,0,120,120,20360602,0,0,0,0,0,0,0,0,0
200610,12,057,3,5,Hillsborough County           ,522,522,87281311,2,4,341813,0,0,0,39,776,67092588,522,522,87281311,2,4,341813,0,0,0,39,776,67092588
200610,12,061,3,5,Indian River County           ,114,114,29535178,0,0,0,0,0,0,2,13,2605421,114,114,29535178,0,0,0,0,0,0,2,13,2605421
200610,12,063,3,5,Jackson County                ,16,16,2560930,0,0,0,0,0,0,0,0,0,16,16,2560930,0,0,0,0,0,0,0,0,0
200610,12,065,3,5,Jefferson County              ,6,6,894101,0,0,0,0,0,0,0,0,0,6,6,894101,0,0,0,0,0,0,0,0,0
200610,12,067,3,5,Lafayette County              ,1,1,172889,0,0,0,0,0,0,0,0,0,0,0,0,0,0,0,0,0,0,0,0,0
200610,12,069,3,5,Lake County                   ,402,402,63259247,0,0,0,0,0,0,3,25,1569492,51,51,12329360,0,0,0,0,0,0,0,0,0
200610,12,071,3,5,Lee County                    ,800,800,174134512,0,0,0,8,32,7172723,6,76,12299316,800,800,174134512,0,0,0,8,32,7172723,6,76,12299316
200610,12,073,3,5,Leon County                   ,112,112,18819215,2,4,297600,5,19,1404607,3,77,5153652,34,34,8345560,0,0,0,0,0,0,0,0,0
200610,12,077,3,5,Liberty County                ,1,1,118268,0,0,0,0,0,0,0,0,0,0,0,0,0,0,0,0,0,0,0,0,0
200610,12,081,3,5,Manatee County                ,142,142,36280102,3,6,870000,3,12,2481194,8,52,6017220,142,142,36280102,3,6,870000,3,12,2481194,8,52,6017220
200610,12,083,3,5,Marion County                 ,408,408,66463618,0,0,0,2,6,551900,0,0,0,408,408,66463618,0,0,0,2,6,551900,0,0,0
200610,12,085,3,5,Martin County                 ,70,70,21275766,0,0,0,0,0,0,0,0,0,70,70,21275766,0,0,0,0,0,0,0,0,0
200610,12,086,3,5,Miami-Dade County             ,619,619,102030066,35,70,5481335,4,15,1227632,12,222,24822137,431,431,74520224,35,70,5481335,3,12,936144,4,103,10448234
200610,12,089,3,5,Nassau County                 ,50,50,11470859,0,0,0,0,0,0,0,0,0,50,50,11470859,0,0,0,0,0,0,0,0,0
200610,12,095,3,5,Orange County                 ,628,628,110112979,2,4,341813,7,28,2545781,44,665,61669451,628,628,110112979,2,4,341813,7,28,2545781,44,665,61669451
200610,12,097,3,5,Osceola County                ,401,401,75226438,0,0,0,0,0,0,7,68,12872760,401,401,75226438,0,0,0,0,0,0,7,68,12872760
200610,12,099,3,5,Palm Beach County             ,210,210,60950039,1,2,216480,1,3,502489,8,50,8293820,168,168,47582251,0,0,0,1,3,502489,4,29,4641327
200610,12,101,3,5,Pasco County                  ,186,186,34466128,4,8,861960,2,7,824918,9,78,5954361,183,183,33995010,4,8,861960,2,7,824918,9,78,5954361
200610,12,103,3,5,Pinellas County               ,83,83,20934795,0,0,0,0,0,0,1,5,517952,75,75,19364261,0,0,0,0,0,0,0,0,0
200610,12,105,3,5,Polk County                   ,340,340,55991406,0,0,0,0,0,0,1,10,390100,282,282,47258230,0,0,0,0,0,0,0,0,0
200610,12,109,3,5,St. Johns County              ,134,134,39716007,0,0,0,0,0,0,3,54,6737940,131,131,39196612,0,0,0,0,0,0,3,54,6737940
200610,12,111,3,5,St. Lucie County              ,275,275,35886045,0,0,0,2,8,909846,8,183,10727072,268,268,34797250,0,0,0,0,0,0,7,160,9317900
200610,12,113,3,5,Santa Rosa County             ,84,84,13192040,1,2,170907,0,0,0,0,0,0,84,84,13192040,1,2,170907,0,0,0,0,0,0
200610,12,115,3,5,Sarasota County               ,136,136,33474809,0,0,0,0,0,0,3,66,9979769,129,129,30959144,0,0,0,0,0,0,2,33,4866192
200610,12,117,3,5,Seminole County               ,148,148,34157168,0,0,0,0,0,0,0,0,0,138,138,32607121,0,0,0,0,0,0,0,0,0
200610,12,119,3,5,Sumter County                 ,128,128,16786651,0,0,0,0,0,0,0,0,0,128,128,16786651,0,0,0,0,0,0,0,0,0
200610,12,123,3,5,Taylor County                 ,6,6,788217,0,0,0,0,0,0,0,0,0,5,5,660000,0,0,0,0,0,0,0,0,0
200610,12,125,3,5,Union County                  ,7,7,682720,0,0,0,0,0,0,0,0,0,7,7,682720,0,0,0,0,0,0,0,0,0
200610,12,127,3,5,Volusia County                ,187,187,41522190,0,0,0,1,4,400000,2,208,57150674,94,94,24993856,0,0,0,0,0,0,1,186,55000000
200610,12,129,3,5,Wakulla County                ,47,47,5796714,0,0,0,0,0,0,0,0,0,47,47,5796714,0,0,0,0,0,0,0,0,0
200610,12,131,3,5,Walton County                 ,101,101,35876365,0,0,0,0,0,0,2,76,16573977,2,2,247447,0,0,0,0,0,0,0,0,0
200610,13,005,3,5,Bacon County                  ,0,0,0,0,0,0,0,0,0,0,0,0,0,0,0,0,0,0,0,0,0,0,0,0
200610,13,013,3,5,Barrow County                 ,89,89,8322871,0,0,0,0,0,0,0,0,0,71,71,6350181,0,0,0,0,0,0,0,0,0
200610,13,015,3,5,Bartow County                 ,38,38,5988433,0,0,0,0,0,0,0,0,0,34,34,5403539,0,0,0,0,0,0,0,0,0
200610,13,029,3,5,Bryan County                  ,28,28,5253911,0,0,0,1,4,480000,1,5,400000,6,6,1210520,0,0,0,1,4,480000,1,5,400000
200610,13,035,3,5,Butts County                  ,13,13,1140999,0,0,0,0,0,0,1,5,181678,0,0,0,0,0,0,0,0,0,0,0,0
200610,13,045,3,5,Carroll County                ,86,86,11783204,0,0,0,0,0,0,0,0,0,86,86,11783204,0,0,0,0,0,0,0,0,0
200610,13,057,3,5,Cherokee County               ,205,205,30718935,0,0,0,0,0,0,0,0,0,205,205,30718935,0,0,0,0,0,0,0,0,0
200610,13,059,3,5,Clarke County                 ,34,34,3202834,0,0,0,0,0,0,0,0,0,34,34,3202834,0,0,0,0,0,0,0,0,0
200610,13,063,3,5,Clayton County                ,203,203,31862631,0,0,0,0,0,0,0,0,0,199,199,31232131,0,0,0,0,0,0,0,0,0
200610,13,067,3,5,Cobb County                   ,609,609,96368797,0,0,0,0,0,0,0,0,0,609,609,96368797,0,0,0,0,0,0,0,0,0
200610,13,077,3,5,Coweta County                 ,137,137,28292740,0,0,0,0,0,0,0,0,0,131,131,27197446,0,0,0,0,0,0,0,0,0
200610,13,085,3,5,Dawson County                 ,25,25,6860623,0,0,0,0,0,0,0,0,0,25,25,6860623,0,0,0,0,0,0,0,0,0
200610,13,089,3,5,DeKalb County                 ,272,272,53369303,0,0,0,0,0,0,0,0,0,272,272,53369303,0,0,0,0,0,0,0,0,0
200610,13,097,3,5,Douglas County                ,137,137,11450850,0,0,0,0,0,0,0,0,0,137,137,11450850,0,0,0,0,0,0,0,0,0
200610,13,113,3,5,Fayette County                ,31,31,7827695,0,0,0,0,0,0,0,0,0,22,22,5677144,0,0,0,0,0,0,0,0,0
200610,13,117,3,5,Forsyth County                ,244,244,32392610,0,0,0,0,0,0,0,0,0,244,244,32392610,0,0,0,0,0,0,0,0,0
200610,13,121,3,5,Fulton County                 ,692,692,96590468,4,8,683626,0,0,0,10,1009,99781019,639,639,91576708,4,8,683626,0,0,0,10,1009,99781019
200610,13,127,3,5,Glynn County                  ,60,60,13708430,0,0,0,0,0,0,1,5,86500,0,0,0,0,0,0,0,0,0,0,0,0
200610,13,133,3,5,Greene County                 ,24,24,11258500,0,0,0,0,0,0,0,0,0,24,24,11258500,0,0,0,0,0,0,0,0,0
200610,13,135,3,5,Gwinnett County               ,514,514,59792996,0,0,0,0,0,0,11,410,27440794,478,478,56543879,0,0,0,0,0,0,11,410,27440794
200610,13,143,3,5,Haralson County               ,13,13,2019433,0,0,0,0,0,0,0,0,0,13,13,2019433,0,0,0,0,0,0,0,0,0
200610,13,145,3,5,Harris County                 ,31,31,6746285,0,0,0,0,0,0,0,0,0,31,31,6746285,0,0,0,0,0,0,0,0,0
200610,13,149,3,5,Heard County                  ,4,4,533200,0,0,0,0,0,0,0,0,0,1,1,130000,0,0,0,0,0,0,0,0,0
200610,13,151,3,5,Henry County                  ,194,194,36370901,0,0,0,0,0,0,1,5,218796,162,162,32621929,0,0,0,0,0,0,0,0,0
200610,13,159,3,5,Jasper County                 ,8,8,969811,0,0,0,0,0,0,0,0,0,8,8,969811,0,0,0,0,0,0,0,0,0
200610,13,169,3,5,Jones County                  ,20,20,3747658,0,0,0,0,0,0,0,0,0,20,20,3747658,0,0,0,0,0,0,0,0,0
200610,13,171,3,5,Lamar County                  ,20,20,2295821,0,0,0,0,0,0,0,0,0,17,17,2039298,0,0,0,0,0,0,0,0,0
200610,13,177,3,5,Lee County                    ,25,25,2857130,0,0,0,0,0,0,0,0,0,0,0,0,0,0,0,0,0,0,0,0,0
200610,13,189,3,5,McDuffie County               ,3,3,500000,0,0,0,0,0,0,0,0,0,3,3,500000,0,0,0,0,0,0,0,0,0
200610,13,199,3,5,Meriwether County             ,9,9,1232070,0,0,0,0,0,0,0,0,0,0,0,0,0,0,0,0,0,0,0,0,0
200610,13,211,3,5,Morgan County                 ,10,10,1676000,0,0,0,0,0,0,0,0,0,10,10,1676000,0,0,0,0,0,0,0,0,0
200610,13,215,3,5,Muscogee County               ,52,52,5528908,0,0,0,1,4,182643,2,27,1901366,0,0,0,0,0,0,0,0,0,0,0,0
200610,13,217,3,5,Newton County                 ,128,128,18459040,0,0,0,0,0,0,0,0,0,128,128,18459040,0,0,0,0,0,0,0,0,0
200610,13,223,3,5,Paulding County               ,195,195,30840609,0,0,0,0,0,0,0,0,0,195,195,30840609,0,0,0,0,0,0,0,0,0
200610,13,227,3,5,Pickens County                ,43,43,11476717,0,0,0,0,0,0,0,0,0,41,41,11387000,0,0,0,0,0,0,0,0,0
200610,13,231,3,5,Pike County                   ,16,16,2052473,0,0,0,0,0,0,0,0,0,0,0,0,0,0,0,0,0,0,0,0,0
200610,13,237,3,5,Putnam County                 ,31,31,6733629,0,0,0,0,0,0,0,0,0,31,31,6733629,0,0,0,0,0,0,0,0,0
200610,13,239,3,5,Quitman County                ,0,0,0,0,0,0,0,0,0,0,0,0,0,0,0,0,0,0,0,0,0,0,0,0
200610,13,247,3,5,Rockdale County               ,82,82,22801107,0,0,0,0,0,0,0,0,0,82,82,22801107,0,0,0,0,0,0,0,0,0
200610,13,255,3,5,Spalding County               ,17,17,2240530,0,0,0,12,36,3273147,0,0,0,17,17,2240530,0,0,0,12,36,3273147,0,0,0
200610,13,291,3,5,Union County                  ,28,28,4451303,0,0,0,0,0,0,0,0,0,28,28,4451303,0,0,0,0,0,0,0,0,0
200610,13,297,3,5,Walton County                 ,80,80,10503913,0,0,0,0,0,0,0,0,0,80,80,10503913,0,0,0,0,0,0,0,0,0
200610,13,313,3,5,Whitfield County              ,32,32,3212816,1,2,99087,1,3,170982,1,8,409029,0,0,0,0,0,0,0,0,0,0,0,0
200610,13,321,3,5,Worth County                  ,5,5,448500,0,0,0,0,0,0,0,0,0,5,5,448500,0,0,0,0,0,0,0,0,0
200610,15,001,4,9,Hawaii County                 ,208,208,48753634,0,0,0,2,8,2778928,4,39,7558308,0,0,0,0,0,0,0,0,0,0,0,0
200610,15,003,4,9,Honolulu County               ,138,138,43166490,0,0,0,0,0,0,2,439,80963500,138,138,43166490,0,0,0,0,0,0,2,439,80963500
200610,15,007,4,9,Kauai County                  ,98,98,24187048,0,0,0,0,0,0,0,0,0,98,98,24187048,0,0,0,0,0,0,0,0,0
200610,15,009,4,9,Maui County                   ,157,157,29489499,1,2,235184,0,0,0,0,0,0,157,157,29489499,1,2,235184,0,0,0,0,0,0
200610,16,001,4,8,Ada County                    ,215,215,54504375,8,16,2101832,4,14,1537248,0,0,0,146,146,39919777,8,16,2101832,4,14,1537248,0,0,0
200610,16,015,4,8,Boise County                  ,9,9,1861694,0,0,0,0,0,0,0,0,0,9,9,1861694,0,0,0,0,0,0,0,0,0
200610,16,027,4,8,Canyon County                 ,195,195,17931045,10,20,1440219,2,6,327078,0,0,0,169,169,12704157,10,20,1440219,2,6,327078,0,0,0
200610,16,045,4,8,Gem County                    ,8,8,1333834,0,0,0,0,0,0,0,0,0,8,8,1333834,0,0,0,0,0,0,0,0,0
200610,16,073,4,8,Owyhee County                 ,5,5,306875,0,0,0,0,0,0,0,0,0,5,5,306875,0,0,0,0,0,0,0,0,0
200610,17,005,2,3,Bond County                   ,10,10,1538600,0,0,0,0,0,0,0,0,0,10,10,1538600,0,0,0,0,0,0,0,0,0
200610,17,013,2,3,Calhoun County                ,1,1,115000,0,0,0,0,0,0,0,0,0,1,1,115000,0,0,0,0,0,0,0,0,0
200610,17,027,2,3,Clinton County                ,20,20,4233801,0,0,0,0,0,0,0,0,0,20,20,4233801,0,0,0,0,0,0,0,0,0
200610,17,031,2,3,Cook County                   ,425,425,113360864,7,14,1432372,46,145,14049637,49,957,84028168,353,353,99110675,7,14,1432372,45,142,13858728,45,892,75429461
200610,17,037,2,3,DeKalb County                 ,71,71,9719972,0,0,0,0,0,0,1,5,203889,46,46,5734678,0,0,0,0,0,0,0,0,0
200610,17,039,2,3,De Witt County                ,3,3,488000,0,0,0,0,0,0,0,0,0,3,3,488000,0,0,0,0,0,0,0,0,0
200610,17,043,2,3,DuPage County                 ,148,148,57876908,0,0,0,0,0,0,1,18,1651261,105,105,46813872,0,0,0,0,0,0,0,0,0
200610,17,063,2,3,Grundy County                 ,25,25,4215411,0,0,0,0,0,0,2,13,756410,22,22,3733768,0,0,0,0,0,0,1,8,500000
200610,17,083,2,3,Jersey County                 ,8,8,1350079,0,0,0,0,0,0,1,5,289248,6,6,1103288,0,0,0,0,0,0,0,0,0
200610,17,089,2,3,Kane County                   ,337,337,59405693,0,0,0,0,0,0,0,0,0,292,292,53842720,0,0,0,0,0,0,0,0,0
200610,17,093,2,3,Kendall County                ,190,190,22052162,0,0,0,0,0,0,7,112,8063390,189,189,21952162,0,0,0,0,0,0,7,112,8063390
200610,17,097,2,3,Lake County                   ,204,204,48136820,0,0,0,1,4,140000,2,12,1537447,181,181,42314540,0,0,0,0,0,0,0,0,0
200610,17,111,2,3,McHenry County                ,171,171,28127471,1,2,193249,0,0,0,0,0,0,157,157,25835785,0,0,0,0,0,0,0,0,0
200610,17,117,2,3,Macoupin County               ,10,10,1664599,0,0,0,0,0,0,0,0,0,4,4,696763,0,0,0,0,0,0,0,0,0
200610,17,119,2,3,Madison County                ,67,67,13002898,2,4,564553,1,3,170366,1,92,5800000,39,39,7923571,1,2,412920,0,0,0,1,92,5800000
200610,17,133,2,3,Monroe County                 ,17,17,3213035,0,0,0,0,0,0,0,0,0,9,9,1928288,0,0,0,0,0,0,0,0,0
200610,17,163,2,3,St. Clair County              ,112,112,16511383,1,2,149000,0,0,0,2,32,1700000,58,58,7291338,0,0,0,0,0,0,2,32,1700000
200610,17,197,2,3,Will County                   ,355,355,82867743,1,2,372000,0,0,0,1,5,317560,347,347,81567540,1,2,372000,0,0,0,0,0,0
200610,18,001,2,3,Adams County                  ,10,10,1353941,0,0,0,0,0,0,0,0,0,7,7,990000,0,0,0,0,0,0,0,0,0
200610,18,003,2,3,Allen County                  ,114,114,22311030,0,0,0,0,0,0,0,0,0,114,114,22311030,0,0,0,0,0,0,0,0,0
200610,18,011,2,3,Boone County                  ,32,32,6734870,0,0,0,0,0,0,0,0,0,22,22,4916286,0,0,0,0,0,0,0,0,0
200610,18,013,2,3,Brown County                  ,6,6,991683,0,0,0,0,0,0,0,0,0,0,0,0,0,0,0,0,0,0,0,0,0
200610,18,019,2,3,Clark County                  ,59,59,10305895,0,0,0,1,4,358224,0,0,0,59,59,10305895,0,0,0,1,4,358224,0,0,0
200610,18,029,2,3,Dearborn County               ,14,14,2229450,0,0,0,0,0,0,0,0,0,14,14,2229450,0,0,0,0,0,0,0,0,0
200610,18,043,2,3,Floyd County                  ,15,15,4014402,0,0,0,0,0,0,0,0,0,11,11,3440000,0,0,0,0,0,0,0,0,0
200610,18,047,2,3,Franklin County               ,8,8,1503730,0,0,0,0,0,0,0,0,0,8,8,1503730,0,0,0,0,0,0,0,0,0
200610,18,057,2,3,Hamilton County               ,226,226,46522530,1,2,50000,1,4,284000,2,12,854000,225,225,46391768,1,2,50000,1,4,284000,2,12,854000
200610,18,059,2,3,Hancock County                ,38,38,6983617,0,0,0,0,0,0,0,0,0,38,38,6983617,0,0,0,0,0,0,0,0,0
200610,18,061,2,3,Harrison County               ,6,6,944000,0,0,0,0,0,0,0,0,0,6,6,944000,0,0,0,0,0,0,0,0,0
200610,18,063,2,3,Hendricks County              ,82,82,16364399,0,0,0,0,0,0,0,0,0,78,78,15669308,0,0,0,0,0,0,0,0,0
200610,18,065,2,3,Henry County                  ,4,4,684500,0,0,0,0,0,0,0,0,0,4,4,684500,0,0,0,0,0,0,0,0,0
200610,18,069,2,3,Huntington County             ,14,14,2368400,0,0,0,0,0,0,0,0,0,14,14,2368400,0,0,0,0,0,0,0,0,0
200610,18,073,2,3,Jasper County                 ,25,25,3680457,1,2,204625,0,0,0,0,0,0,25,25,3680457,1,2,204625,0,0,0,0,0,0
200610,18,079,2,3,Jennings County               ,8,8,919018,0,0,0,0,0,0,0,0,0,8,8,919018,0,0,0,0,0,0,0,0,0
200610,18,081,2,3,Johnson County                ,58,58,9440658,0,0,0,0,0,0,0,0,0,58,58,9440658,0,0,0,0,0,0,0,0,0
200610,18,087,2,3,Lagrange County               ,18,18,2658000,0,0,0,0,0,0,0,0,0,18,18,2658000,0,0,0,0,0,0,0,0,0
200610,18,089,2,3,Lake County                   ,154,154,34645455,16,32,3686900,1,3,223136,1,5,800625,146,146,32860190,16,32,3686900,0,0,0,0,0,0
200610,18,097,2,3,Marion County                 ,129,129,23534769,4,8,818498,3,12,1074672,1,8,676275,110,110,20226943,4,8,818498,3,12,1074672,1,8,676275
200610,18,109,2,3,Morgan County                 ,15,15,2886360,0,0,0,2,8,200000,0,0,0,15,15,2886360,0,0,0,2,8,200000,0,0,0
200610,18,111,2,3,Newton County                 ,4,4,735742,0,0,0,0,0,0,0,0,0,4,4,735742,0,0,0,0,0,0,0,0,0
200610,18,115,2,3,Ohio County                   ,1,1,280000,0,0,0,0,0,0,0,0,0,1,1,280000,0,0,0,0,0,0,0,0,0
200610,18,125,2,3,Pike County                   ,1,1,100000,0,0,0,0,0,0,0,0,0,1,1,100000,0,0,0,0,0,0,0,0,0
200610,18,127,2,3,Porter County                 ,66,66,16142379,1,2,357664,0,0,0,0,0,0,66,66,16142379,1,2,357664,0,0,0,0,0,0
200610,18,133,2,3,Putnam County                 ,7,7,1287169,2,4,520000,0,0,0,0,0,0,7,7,1287169,2,4,520000,0,0,0,0,0,0
200610,18,145,2,3,Shelby County                 ,11,11,1372711,0,0,0,0,0,0,0,0,0,11,11,1372711,0,0,0,0,0,0,0,0,0
200610,18,155,2,3,Switzerland County            ,12,12,699194,0,0,0,0,0,0,0,0,0,0,0,0,0,0,0,0,0,0,0,0,0
200610,18,157,2,3,Tippecanoe County             ,43,43,7662964,0,0,0,0,0,0,1,22,2500000,43,43,7662964,0,0,0,0,0,0,1,22,2500000
200610,18,163,2,3,Vanderburgh County            ,33,33,5622000,0,0,0,0,0,0,0,0,0,33,33,5622000,0,0,0,0,0,0,0,0,0
200610,18,167,2,3,Vigo County                   ,19,19,2578656,1,2,118160,0,0,0,1,10,393366,13,13,1936620,0,0,0,0,0,0,0,0,0
200610,18,175,2,3,Washington County             ,5,5,571573,0,0,0,0,0,0,0,0,0,1,1,80000,0,0,0,0,0,0,0,0,0
200610,18,179,2,3,Wells County                  ,11,11,2022694,0,0,0,0,0,0,0,0,0,11,11,2022694,0,0,0,0,0,0,0,0,0
200610,18,181,2,3,White County                  ,6,6,919934,1,2,100000,0,0,0,0,0,0,0,0,0,0,0,0,0,0,0,0,0,0
200610,18,183,2,3,Whitley County                ,10,10,1457000,0,0,0,0,0,0,0,0,0,10,10,1457000,0,0,0,0,0,0,0,0,0
200610,19,049,2,4,Dallas County                 ,48,48,10393713,0,0,0,0,0,0,0,0,0,46,46,10172170,0,0,0,0,0,0,0,0,0
200610,19,077,2,4,Guthrie County                ,4,4,375000,0,0,0,0,0,0,0,0,0,4,4,375000,0,0,0,0,0,0,0,0,0
200610,19,085,2,4,Harrison County               ,0,0,0,0,0,0,0,0,0,0,0,0,0,0,0,0,0,0,0,0,0,0,0,0
200610,19,121,2,4,Madison County                ,9,9,1593046,0,0,0,0,0,0,0,0,0,3,3,463000,0,0,0,0,0,0,0,0,0
200610,19,129,2,4,Mills County                  ,2,2,433881,0,0,0,0,0,0,0,0,0,2,2,433881,0,0,0,0,0,0,0,0,0
200610,19,153,2,4,Polk County                   ,294,294,49241725,3,6,1282706,0,0,0,5,150,17178520,289,289,48606594,3,6,1282706,0,0,0,5,150,17178520
200610,19,155,2,4,Pottawattamie County          ,30,30,3963926,0,0,0,0,0,0,4,70,5717144,29,29,3741426,0,0,0,0,0,0,4,70,5717144
200610,19,181,2,4,Warren County                 ,17,17,2975748,2,4,661500,0,0,0,0,0,0,17,17,2975748,2,4,661500,0,0,0,0,0,0
200610,20,055,2,4,Finney County                 ,1,1,205680,0,0,0,0,0,0,0,0,0,1,1,205680,0,0,0,0,0,0,0,0,0
200610,20,059,2,4,Franklin County               ,8,8,1110000,0,0,0,0,0,0,0,0,0,8,8,1110000,0,0,0,0,0,0,0,0,0
200610,20,063,2,4,Gove County                   ,0,0,0,0,0,0,0,0,0,0,0,0,0,0,0,0,0,0,0,0,0,0,0,0
200610,20,091,2,4,Johnson County                ,163,163,44031677,1,2,210491,4,15,1462012,2,93,8011737,139,139,39325172,0,0,0,0,0,0,1,88,7612000
200610,20,103,2,4,Leavenworth County            ,37,37,5732222,0,0,0,0,0,0,0,0,0,37,37,5732222,0,0,0,0,0,0,0,0,0
200610,20,107,2,4,Linn County                   ,4,4,601318,0,0,0,0,0,0,0,0,0,1,1,80000,0,0,0,0,0,0,0,0,0
200610,20,121,2,4,Miami County                  ,15,15,3213326,0,0,0,0,0,0,0,0,0,7,7,1671348,0,0,0,0,0,0,0,0,0
200610,20,129,2,4,Morton County                 ,0,0,0,0,0,0,0,0,0,0,0,0,0,0,0,0,0,0,0,0,0,0,0,0
200610,20,151,2,4,Pratt County                  ,0,0,0,0,0,0,0,0,0,0,0,0,0,0,0,0,0,0,0,0,0,0,0,0
200610,20,183,2,4,Smith County                  ,0,0,0,0,0,0,0,0,0,0,0,0,0,0,0,0,0,0,0,0,0,0,0,0
200610,20,209,2,4,Wyandotte County              ,55,55,6998994,0,0,0,0,0,0,0,0,0,55,55,6998994,0,0,0,0,0,0,0,0,0
200610,21,005,3,6,Anderson County               ,7,7,940750,0,0,0,0,0,0,0,0,0,7,7,940750,0,0,0,0,0,0,0,0,0
200610,21,015,3,6,Boone County                  ,46,46,6017362,0,0,0,0,0,0,1,36,2866892,46,46,6017362,0,0,0,0,0,0,1,36,2866892
200610,21,021,3,6,Boyle County                  ,14,14,3057000,0,0,0,0,0,0,0,0,0,14,14,3057000,0,0,0,0,0,0,0,0,0
200610,21,029,3,6,Bullitt County                ,26,26,5445800,0,0,0,0,0,0,0,0,0,26,26,5445800,0,0,0,0,0,0,0,0,0
200610,21,037,3,6,Campbell County               ,24,24,3673097,0,0,0,0,0,0,4,44,4571166,21,21,2649926,0,0,0,0,0,0,4,44,4571166
200610,21,049,3,6,Clark County                  ,16,16,2525464,0,0,0,0,0,0,0,0,0,0,0,0,0,0,0,0,0,0,0,0,0
200610,21,059,3,6,Daviess County                ,18,18,1848610,0,0,0,0,0,0,0,0,0,18,18,1848610,0,0,0,0,0,0,0,0,0
200610,21,067,3,6,Fayette County                ,145,145,18194737,1,2,145000,1,4,477011,1,22,1118641,0,0,0,0,0,0,0,0,0,0,0,0
200610,21,077,3,6,Gallatin County               ,2,2,298354,0,0,0,0,0,0,0,0,0,0,0,0,0,0,0,0,0,0,0,0,0
200610,21,081,3,6,Grant County                  ,9,9,1196270,0,0,0,0,0,0,0,0,0,0,0,0,0,0,0,0,0,0,0,0,0
200610,21,103,3,6,Henry County                  ,3,3,270000,0,0,0,0,0,0,0,0,0,3,3,270000,0,0,0,0,0,0,0,0,0
200610,21,111,3,6,Jefferson County              ,159,159,29328502,0,0,0,0,0,0,1,61,400000,159,159,29328502,0,0,0,0,0,0,1,61,400000
200610,21,113,3,6,Jessamine County              ,34,34,7245670,0,0,0,0,0,0,0,0,0,34,34,7245670,0,0,0,0,0,0,0,0,0
200610,21,117,3,6,Kenton County                 ,53,53,10527454,0,0,0,0,0,0,2,10,348082,35,35,8722041,0,0,0,0,0,0,0,0,0
200610,21,137,3,6,Lincoln County                ,9,9,1303069,0,0,0,0,0,0,0,0,0,0,0,0,0,0,0,0,0,0,0,0,0
200610,21,151,3,6,Madison County                ,20,20,1948309,1,2,128516,0,0,0,2,14,543959,3,3,460000,0,0,0,0,0,0,1,9,375000
200610,21,157,3,6,Marshall County               ,2,2,242418,0,0,0,0,0,0,0,0,0,0,0,0,0,0,0,0,0,0,0,0,0
200610,21,163,3,6,Meade County                  ,8,8,1015000,0,0,0,0,0,0,0,0,0,7,7,890000,0,0,0,0,0,0,0,0,0
200610,21,167,3,6,Mercer County                 ,5,5,1260000,2,4,430000,0,0,0,0,0,0,5,5,1260000,2,4,430000,0,0,0,0,0,0
200610,21,179,3,6,Nelson County                 ,23,23,2743754,0,0,0,0,0,0,0,0,0,23,23,2743754,0,0,0,0,0,0,0,0,0
200610,21,185,3,6,Oldham County                 ,36,36,9081233,0,0,0,0,0,0,0,0,0,0,0,0,0,0,0,0,0,0,0,0,0
200610,21,191,3,6,Pendleton County              ,0,0,0,0,0,0,0,0,0,0,0,0,0,0,0,0,0,0,0,0,0,0,0,0
200610,21,205,3,6,Rowan County                  ,0,0,0,0,0,0,0,0,0,0,0,0,0,0,0,0,0,0,0,0,0,0,0,0
200610,21,209,3,6,Scott County                  ,30,30,4019009,0,0,0,0,0,0,0,0,0,30,30,4019009,0,0,0,0,0,0,0,0,0
200610,21,211,3,6,Shelby County                 ,27,27,4361600,0,0,0,0,0,0,1,7,425000,27,27,4361600,0,0,0,0,0,0,1,7,425000
200610,21,213,3,6,Simpson County                ,7,7,924000,0,0,0,0,0,0,0,0,0,7,7,924000,0,0,0,0,0,0,0,0,0
200610,21,215,3,6,Spencer County                ,14,14,2198673,0,0,0,0,0,0,0,0,0,14,14,2198673,0,0,0,0,0,0,0,0,0
200610,21,221,3,6,Trigg County                  ,0,0,0,0,0,0,0,0,0,0,0,0,0,0,0,0,0,0,0,0,0,0,0,0
200610,21,239,3,6,Woodford County               ,22,22,4470800,0,0,0,0,0,0,0,0,0,22,22,4470800,0,0,0,0,0,0,0,0,0
200610,22,051,3,7,Jefferson Parish              ,61,61,9256637,2,4,432100,0,0,0,0,0,0,61,61,9256637,2,4,432100,0,0,0,0,0,0
200610,22,071,3,7,Orleans Parish                ,56,56,8229325,35,70,5784904,0,0,0,2,94,7934100,56,56,8229325,35,70,5784904,0,0,0,2,94,7934100
200610,22,075,3,7,Plaquemines Parish            ,13,13,1499208,0,0,0,0,0,0,0,0,0,13,13,1499208,0,0,0,0,0,0,0,0,0
200610,22,087,3,7,St. Bernard Parish            ,26,26,3093650,0,0,0,0,0,0,0,0,0,26,26,3093650,0,0,0,0,0,0,0,0,0
200610,22,089,3,7,St. Charles Parish            ,36,36,7767800,0,0,0,0,0,0,0,0,0,36,36,7767800,0,0,0,0,0,0,0,0,0
200610,22,095,3,7,St. John the Baptist Parish   ,22,22,2850870,0,0,0,0,0,0,4,24,3120000,22,22,2850870,0,0,0,0,0,0,4,24,3120000
200610,22,103,3,7,St. Tammany Parish            ,229,229,49775510,5,10,650000,0,0,0,0,0,0,229,229,49775510,5,10,650000,0,0,0,0,0,0
200610,22,109,3,7,Terrebonne Parish             ,21,21,6291435,0,0,0,0,0,0,0,0,0,21,21,6291435,0,0,0,0,0,0,0,0,0
200610,23,000,1,1,Maine Unorganized Territory   ,17,17,2257603,0,0,0,0,0,0,0,0,0,0,0,0,0,0,0,0,0,0,0,0,0
200610,24,003,3,5,Anne Arundel County           ,87,87,13974945,1,2,300000,0,0,0,1,11,1925983,82,82,12877944,0,0,0,0,0,0,0,0,0
200610,24,005,3,5,Baltimore County              ,122,122,19159867,0,0,0,0,0,0,2,42,4153422,122,122,19159867,0,0,0,0,0,0,2,42,4153422
200610,24,009,3,5,Calvert County                ,19,19,2983914,0,0,0,0,0,0,0,0,0,19,19,2983914,0,0,0,0,0,0,0,0,0
200610,24,013,3,5,Carroll County                ,31,31,4911443,0,0,0,0,0,0,0,0,0,31,31,4911443,0,0,0,0,0,0,0,0,0
200610,24,015,3,5,Cecil County                  ,33,33,4953000,0,0,0,0,0,0,0,0,0,33,33,4953000,0,0,0,0,0,0,0,0,0
200610,24,017,3,5,Charles County                ,122,122,23818103,0,0,0,0,0,0,0,0,0,114,114,22529000,0,0,0,0,0,0,0,0,0
200610,24,021,3,5,Frederick County              ,59,59,9577642,0,0,0,0,0,0,4,38,3757858,59,59,9577642,0,0,0,0,0,0,4,38,3757858
200610,24,023,3,5,Garrett County                ,22,22,6727600,0,0,0,0,0,0,0,0,0,22,22,6727600,0,0,0,0,0,0,0,0,0
200610,24,025,3,5,Harford County                ,59,59,9901443,0,0,0,0,0,0,0,0,0,59,59,9901443,0,0,0,0,0,0,0,0,0
200610,24,027,3,5,Howard County                 ,92,92,14448425,0,0,0,0,0,0,0,0,0,92,92,14448425,0,0,0,0,0,0,0,0,0
200610,24,031,3,5,Montgomery County             ,94,94,27415000,0,0,0,0,0,0,0,0,0,94,94,27415000,0,0,0,0,0,0,0,0,0
200610,24,033,3,5,Prince George County          ,197,197,31195266,0,0,0,0,0,0,0,0,0,191,191,29996186,0,0,0,0,0,0,0,0,0
200610,24,035,3,5,Queen Anne County             ,13,13,3194029,0,0,0,0,0,0,0,0,0,12,12,3084000,0,0,0,0,0,0,0,0,0
200610,24,510,3,5,Baltimore (Independent City)  ,39,39,4568227,0,0,0,0,0,0,3,44,5793147,0,0,0,0,0,0,0,0,0,0,0,0
200610,25,009,1,1,Essex County                  ,55,55,12962941,7,14,1505698,2,6,919231,2,10,666307,28,28,7107900,6,12,1316000,1,3,613000,0,0,0
200610,25,017,1,1,Middlesex County              ,175,175,31349956,8,16,1719864,0,0,0,5,51,4811870,116,116,19922725,6,12,1362680,0,0,0,0,0,0
200610,25,019,1,1,Nantucket County              ,18,18,8143590,0,0,0,0,0,0,0,0,0,18,18,8143590,0,0,0,0,0,0,0,0,0
200610,25,021,1,1,Norfolk County                ,81,81,20099542,2,4,405950,1,3,420928,7,79,7620786,49,49,11487518,1,2,207756,0,0,0,1,6,469061
200610,25,023,1,1,Plymouth County               ,115,115,20678962,2,4,489869,0,0,0,1,8,710000,34,34,6584500,0,0,0,0,0,0,1,8,710000
200610,25,025,1,1,Suffolk County                ,14,14,2739757,12,24,2493077,2,7,656254,4,106,8286738,14,14,2739757,12,24,2493077,2,7,656254,4,106,8286738
200610,26,000,2,3,Michigan Balance of State     ,17,17,1905034,0,0,0,0,0,0,0,0,0,17,17,1905034,0,0,0,0,0,0,0,0,0
200610,26,001,2,3,Alcona County                 ,7,7,670000,0,0,0,0,0,0,0,0,0,7,7,670000,0,0,0,0,0,0,0,0,0
200610,26,009,2,3,Antrim County                 ,18,18,3988427,0,0,0,0,0,0,0,0,0,18,18,3988427,0,0,0,0,0,0,0,0,0
200610,26,015,2,3,Barry County                  ,19,19,3254989,0,0,0,0,0,0,0,0,0,19,19,3254989,0,0,0,0,0,0,0,0,0
200610,26,019,2,3,Benzie County                 ,14,14,3149000,0,0,0,0,0,0,0,0,0,14,14,3149000,0,0,0,0,0,0,0,0,0
200610,26,029,2,3,Charlevoix County             ,21,21,2709180,0,0,0,0,0,0,0,0,0,0,0,0,0,0,0,0,0,0,0,0,0
200610,26,031,2,3,Cheboygan County              ,14,14,4458000,0,0,0,0,0,0,0,0,0,14,14,4458000,0,0,0,0,0,0,0,0,0
200610,26,047,2,3,Emmet County                  ,22,22,4518493,0,0,0,0,0,0,0,0,0,22,22,4518493,0,0,0,0,0,0,0,0,0
200610,26,051,2,3,Gladwin County                ,7,7,1042796,0,0,0,0,0,0,0,0,0,7,7,1042796,0,0,0,0,0,0,0,0,0
200610,26,067,2,3,Ionia County                  ,15,15,429287,0,0,0,0,0,0,0,0,0,0,0,0,0,0,0,0,0,0,0,0,0
200610,26,079,2,3,Kalkaska County               ,8,8,867588,0,0,0,0,0,0,0,0,0,8,8,867588,0,0,0,0,0,0,0,0,0
200610,26,081,2,3,Kent County                   ,153,153,26907596,0,0,0,1,3,255000,1,11,1194303,129,129,23755726,0,0,0,0,0,0,0,0,0
200610,26,087,2,3,Lapeer County                 ,13,13,2162811,0,0,0,0,0,0,0,0,0,10,10,1778000,0,0,0,0,0,0,0,0,0
200610,26,089,2,3,Leelanau County               ,20,20,2675645,0,0,0,0,0,0,0,0,0,20,20,2675645,0,0,0,0,0,0,0,0,0
200610,26,093,2,3,Livingston County             ,46,46,9664247,0,0,0,0,0,0,0,0,0,41,41,9162504,0,0,0,0,0,0,0,0,0
200610,26,099,2,3,Macomb County                 ,211,211,36904949,3,6,520000,1,4,408000,1,10,562241,182,182,30639317,3,6,520000,1,4,408000,1,10,562241
200610,26,103,2,3,Marquette County              ,24,24,4413151,0,0,0,0,0,0,0,0,0,24,24,4413151,0,0,0,0,0,0,0,0,0
200610,26,113,2,3,Missaukee County              ,4,4,595883,0,0,0,0,0,0,0,0,0,4,4,595883,0,0,0,0,0,0,0,0,0
200610,26,123,2,3,Newaygo County                ,19,19,943374,0,0,0,0,0,0,0,0,0,17,17,761686,0,0,0,0,0,0,0,0,0
200610,26,125,2,3,Oakland County                ,132,132,38987156,0,0,0,1,4,902000,2,12,1527386,87,87,29242772,0,0,0,1,4,902000,1,7,895079
200610,26,129,2,3,Ogemaw County                 ,13,13,1114783,0,0,0,0,0,0,0,0,0,13,13,1114783,0,0,0,0,0,0,0,0,0
200610,26,133,2,3,Osceola County                ,10,10,1414461,0,0,0,0,0,0,0,0,0,10,10,1414461,0,0,0,0,0,0,0,0,0
200610,26,137,2,3,Otsego County                 ,8,8,1184126,0,0,0,0,0,0,0,0,0,0,0,0,0,0,0,0,0,0,0,0,0
200610,26,141,2,3,Presque Isle County           ,8,8,1430000,0,0,0,0,0,0,0,0,0,8,8,1430000,0,0,0,0,0,0,0,0,0
200610,26,147,2,3,St. Clair County              ,36,36,5582444,0,0,0,0,0,0,1,5,318790,27,27,4597351,0,0,0,0,0,0,0,0,0
200610,26,163,2,3,Wayne County                  ,136,136,23256027,1,2,204625,3,10,958434,1,5,441500,128,128,22064404,1,2,204625,3,10,958434,0,0,0
200610,27,003,2,4,Anoka County                  ,125,125,20821895,1,2,266200,0,0,0,0,0,0,80,80,13060540,0,0,0,0,0,0,0,0,0
200610,27,019,2,4,Carver County                 ,53,53,12643960,0,0,0,0,0,0,0,0,0,51,51,12272650,0,0,0,0,0,0,0,0,0
200610,27,025,2,4,Chisago County                ,27,27,4337010,0,0,0,0,0,0,0,0,0,22,22,3627479,0,0,0,0,0,0,0,0,0
200610,27,037,2,4,Dakota County                 ,111,111,22690790,1,2,352000,2,8,1246586,3,21,2322427,97,97,20059566,1,2,352000,2,8,1246586,1,10,948118
200610,27,053,2,4,Hennepin County               ,188,188,46024700,0,0,0,1,4,651720,5,35,4420129,168,168,37310021,0,0,0,1,4,651720,2,14,1700000
200610,27,059,2,4,Isanti County                 ,16,16,2634881,0,0,0,0,0,0,0,0,0,16,16,2634881,0,0,0,0,0,0,0,0,0
200610,27,123,2,4,Ramsey County                 ,73,73,14073093,0,0,0,0,0,0,0,0,0,71,71,13791171,0,0,0,0,0,0,0,0,0
200610,27,139,2,4,Scott County                  ,47,47,12811805,0,0,0,0,0,0,0,0,0,35,35,9604061,0,0,0,0,0,0,0,0,0
200610,27,141,2,4,Sherburne County              ,41,41,7234164,0,0,0,0,0,0,0,0,0,40,40,7071386,0,0,0,0,0,0,0,0,0
200610,27,163,2,4,Washington County             ,100,100,25389190,0,0,0,0,0,0,1,6,644922,83,83,22890500,0,0,0,0,0,0,1,6,644922
200610,27,171,2,4,Wright County                 ,98,98,18239902,0,0,0,0,0,0,0,0,0,83,83,15750979,0,0,0,0,0,0,0,0,0
200610,28,021,3,6,Claiborne County              ,0,0,0,0,0,0,0,0,0,0,0,0,0,0,0,0,0,0,0,0,0,0,0,0
200610,28,033,3,6,DeSoto County                 ,148,148,18720637,0,0,0,0,0,0,0,0,0,91,91,12587193,0,0,0,0,0,0,0,0,0
200610,28,039,3,6,George County                 ,0,0,0,0,0,0,0,0,0,0,0,0,0,0,0,0,0,0,0,0,0,0,0,0
200610,28,071,3,6,Lafayette County              ,19,19,3473169,0,0,0,0,0,0,0,0,0,0,0,0,0,0,0,0,0,0,0,0,0
200610,28,091,3,6,Marion County                 ,0,0,0,0,0,0,0,0,0,0,0,0,0,0,0,0,0,0,0,0,0,0,0,0
200610,28,093,3,6,Marshall County               ,18,18,1790654,0,0,0,0,0,0,0,0,0,6,6,363000,0,0,0,0,0,0,0,0,0
200610,28,137,3,6,Tate County                   ,13,13,1172345,0,0,0,0,0,0,0,0,0,2,2,186000,0,0,0,0,0,0,0,0,0
200610,28,143,3,6,Tunica County                 ,4,4,289750,0,0,0,0,0,0,0,0,0,4,4,289750,0,0,0,0,0,0,0,0,0
200610,28,153,3,6,Wayne County                  ,0,0,0,0,0,0,0,0,0,0,0,0,0,0,0,0,0,0,0,0,0,0,0,0
200610,29,001,2,4,Adair County                  ,3,3,240000,0,0,0,0,0,0,0,0,0,3,3,240000,0,0,0,0,0,0,0,0,0
200610,29,013,2,4,Bates County                  ,0,0,0,0,0,0,0,0,0,0,0,0,0,0,0,0,0,0,0,0,0,0,0,0
200610,29,019,2,4,Boone County                  ,60,60,13491800,3,6,525000,0,0,0,0,0,0,60,60,13491800,3,6,525000,0,0,0,0,0,0
200610,29,025,2,4,Caldwell County               ,3,3,521318,0,0,0,0,0,0,0,0,0,0,0,0,0,0,0,0,0,0,0,0,0
200610,29,037,2,4,Cass County                   ,67,67,10136260,1,2,109646,0,0,0,0,0,0,62,62,9600625,0,0,0,0,0,0,0,0,0
200610,29,047,2,4,Clay County                   ,29,29,5434585,0,0,0,1,4,331695,0,0,0,29,29,5434585,0,0,0,1,4,331695,0,0,0
200610,29,049,2,4,Clinton County                ,8,8,1046680,0,0,0,0,0,0,0,0,0,8,8,1046680,0,0,0,0,0,0,0,0,0
200610,29,065,2,4,Dent County                   ,2,2,61000,0,0,0,0,0,0,0,0,0,2,2,61000,0,0,0,0,0,0,0,0,0
200610,29,071,2,4,Franklin County               ,47,47,8406705,0,0,0,1,3,187500,0,0,0,23,23,3212254,0,0,0,0,0,0,0,0,0
200610,29,079,2,4,Grundy County                 ,2,2,159159,0,0,0,0,0,0,0,0,0,0,0,0,0,0,0,0,0,0,0,0,0
200610,29,095,2,4,Jackson County                ,175,175,33026303,11,22,1732372,7,27,1714220,25,260,11322437,173,173,32685441,11,22,1732372,7,27,1714220,25,260,11322437
200610,29,099,2,4,Jefferson County              ,82,82,11528352,0,0,0,1,3,386553,0,0,0,82,82,11528352,0,0,0,1,3,386553,0,0,0
200610,29,105,2,4,Laclede County                ,7,7,698446,2,4,226892,0,0,0,1,5,164286,0,0,0,0,0,0,0,0,0,0,0,0
200610,29,107,2,4,Lafayette County              ,9,9,1262399,0,0,0,0,0,0,0,0,0,3,3,258535,0,0,0,0,0,0,0,0,0
200610,29,113,2,4,Lincoln County                ,20,20,2286300,0,0,0,0,0,0,0,0,0,20,20,2286300,0,0,0,0,0,0,0,0,0
200610,29,141,2,4,Morgan County                 ,0,0,0,0,0,0,0,0,0,0,0,0,0,0,0,0,0,0,0,0,0,0,0,0
200610,29,161,2,4,Phelps County                 ,1,1,111010,0,0,0,0,0,0,0,0,0,1,1,111010,0,0,0,0,0,0,0,0,0
200610,29,165,2,4,Platte County                 ,21,21,4341319,0,0,0,0,0,0,0,0,0,20,20,4160890,0,0,0,0,0,0,0,0,0
200610,29,177,2,4,Ray County                    ,4,4,724000,0,0,0,0,0,0,0,0,0,4,4,724000,0,0,0,0,0,0,0,0,0
200610,29,183,2,4,St. Charles County            ,154,154,33232959,2,4,280000,1,3,212000,3,40,3359896,154,154,33232959,2,4,280000,1,3,212000,3,40,3359896
200610,29,189,2,4,St. Louis County              ,86,86,23482067,0,0,0,0,0,0,1,5,843750,79,79,20560851,0,0,0,0,0,0,0,0,0
200610,29,219,2,4,Warren County                 ,26,26,4371151,0,0,0,0,0,0,0,0,0,24,24,3946131,0,0,0,0,0,0,0,0,0
200610,29,221,2,4,Washington County             ,0,0,0,0,0,0,0,0,0,0,0,0,0,0,0,0,0,0,0,0,0,0,0,0
200610,29,510,2,4,St. Louis (Independent City)  ,21,21,2672547,1,2,195328,2,6,635593,1,25,4083004,0,0,0,0,0,0,0,0,0,0,0,0
200610,30,023,4,8,Deer Lodge County             ,0,0,0,0,0,0,0,0,0,0,0,0,0,0,0,0,0,0,0,0,0,0,0,0
200610,30,063,4,8,Missoula County               ,51,51,5893840,3,6,392355,0,0,0,0,0,0,51,51,5893840,3,6,392355,0,0,0,0,0,0
200610,31,025,2,4,Cass County                   ,9,9,1016966,0,0,0,0,0,0,0,0,0,9,9,1016966,0,0,0,0,0,0,0,0,0
200610,31,033,2,4,Cheyenne County               ,3,3,913140,0,0,0,0,0,0,0,0,0,3,3,913140,0,0,0,0,0,0,0,0,0
200610,31,055,2,4,Douglas County                ,174,174,19384413,1,2,121894,0,0,0,14,306,16863316,170,170,18893257,1,2,121894,0,0,0,14,306,16863316
200610,31,077,2,4,Greeley County                ,0,0,0,0,0,0,0,0,0,0,0,0,0,0,0,0,0,0,0,0,0,0,0,0
200610,31,105,2,4,Kimball County                ,0,0,0,0,0,0,0,0,0,0,0,0,0,0,0,0,0,0,0,0,0,0,0,0
200610,31,153,2,4,Sarpy County                  ,100,100,16530943,0,0,0,0,0,0,0,0,0,100,100,16530943,0,0,0,0,0,0,0,0,0
200610,31,155,2,4,Saunders County               ,10,10,1834117,0,0,0,0,0,0,0,0,0,9,9,1748403,0,0,0,0,0,0,0,0,0
200610,31,177,2,4,Washington County             ,10,10,1674555,0,0,0,0,0,0,0,0,0,10,10,1674555,0,0,0,0,0,0,0,0,0
200610,32,001,4,8,Churchill County              ,12,12,1648912,0,0,0,1,4,213212,0,0,0,4,4,857232,0,0,0,0,0,0,0,0,0
200610,32,003,4,8,Clark County                  ,846,846,150650562,0,0,0,9,27,2719259,22,541,42303040,846,846,150650562,0,0,0,9,27,2719259,22,541,42303040
200610,32,005,4,8,Douglas County                ,178,178,8494372,0,0,0,0,0,0,0,0,0,178,178,8494372,0,0,0,0,0,0,0,0,0
200610,32,007,4,8,Elko County                   ,13,13,1933736,0,0,0,0,0,0,0,0,0,12,12,1853016,0,0,0,0,0,0,0,0,0
200610,32,013,4,8,Humboldt County               ,10,10,1310438,0,0,0,0,0,0,0,0,0,10,10,1310438,0,0,0,0,0,0,0,0,0
200610,32,015,4,8,Lander County                 ,1,1,68100,0,0,0,0,0,0,0,0,0,1,1,68100,0,0,0,0,0,0,0,0,0
200610,32,017,4,8,Lincoln County                ,1,1,156947,0,0,0,0,0,0,0,0,0,0,0,0,0,0,0,0,0,0,0,0,0
200610,32,019,4,8,Lyon County                   ,51,51,8684769,0,0,0,0,0,0,0,0,0,7,7,1368027,0,0,0,0,0,0,0,0,0
200610,32,021,4,8,Mineral County                ,0,0,0,0,0,0,0,0,0,0,0,0,0,0,0,0,0,0,0,0,0,0,0,0
200610,32,027,4,8,Pershing County               ,1,1,128909,0,0,0,0,0,0,0,0,0,1,1,128909,0,0,0,0,0,0,0,0,0
200610,32,029,4,8,Storey County                 ,2,2,323864,0,0,0,0,0,0,0,0,0,0,0,0,0,0,0,0,0,0,0,0,0
200610,32,031,4,8,Washoe County                 ,181,181,37681391,2,4,423014,2,6,407822,0,0,0,181,181,37681391,2,4,423014,2,6,407822,0,0,0
200610,32,033,4,8,White Pine County             ,0,0,0,0,0,0,0,0,0,0,0,0,0,0,0,0,0,0,0,0,0,0,0,0
200610,32,510,4,8,Carson City (Independent City),2,2,160167,0,0,0,2,8,600000,2,28,1585562,2,2,160167,0,0,0,2,8,600000,2,28,1585562
200610,33,015,1,1,Rockingham County             ,81,81,18995180,1,2,207756,2,8,750005,2,13,822243,60,60,14467334,1,2,207756,2,8,750005,0,0,0
200610,33,017,1,1,Strafford County              ,41,41,6530101,4,8,1159867,1,3,375000,3,54,1800000,17,17,2609892,3,6,750000,1,3,375000,3,54,1800000
200610,34,001,1,2,Atlantic County               ,138,138,21303219,1,2,448300,0,0,0,2,11,851450,126,126,19695209,1,2,448300,0,0,0,2,11,851450
200610,34,003,1,2,Bergen County                 ,94,94,25933449,12,24,3463281,1,3,323100,7,107,10821746,59,59,16419261,10,20,2924300,0,0,0,4,54,5811500
200610,34,005,1,2,Burlington County             ,72,72,12463559,0,0,0,0,0,0,1,6,301020,39,39,6702191,0,0,0,0,0,0,0,0,0
200610,34,007,1,2,Camden County                 ,34,34,4617192,0,0,0,0,0,0,2,12,580272,25,25,3808116,0,0,0,0,0,0,0,0,0
200610,34,009,1,2,Cape May County               ,84,84,25381914,5,10,1830450,0,0,0,0,0,0,83,83,25247438,5,10,1830450,0,0,0,0,0,0
200610,34,011,1,2,Cumberland County             ,41,41,4603106,0,0,0,0,0,0,0,0,0,36,36,4114798,0,0,0,0,0,0,0,0,0
200610,34,013,1,2,Essex County                  ,44,44,12473997,34,68,5777343,36,108,9006350,1,5,449938,37,37,11198254,32,64,5493017,33,99,8763081,0,0,0
200610,34,015,1,2,Gloucester County             ,86,86,11817559,0,0,0,0,0,0,0,0,0,37,37,6584300,0,0,0,0,0,0,0,0,0
200610,34,017,1,2,Hudson County                 ,16,16,1992010,24,48,5293300,7,23,1024566,4,48,8310332,4,4,800100,19,38,4289605,7,23,1024566,2,18,2444578
200610,34,019,1,2,Hunterdon County              ,28,28,5897828,0,0,0,0,0,0,1,5,257083,20,20,4365152,0,0,0,0,0,0,0,0,0
200610,34,021,1,2,Mercer County                 ,50,50,3744841,0,0,0,0,0,0,1,5,704779,12,12,807286,0,0,0,0,0,0,0,0,0
200610,34,023,1,2,Middlesex County              ,65,65,11129946,0,0,0,1,3,206520,4,35,2368609,46,46,9143179,0,0,0,0,0,0,0,0,0
200610,34,025,1,2,Monmouth County               ,132,132,24666277,10,20,190774,12,39,42500,14,83,363320,80,80,13305340,9,18,169745,12,39,42500,11,55,39946
200610,34,027,1,2,Morris County                 ,61,61,15267154,2,4,302000,0,0,0,5,38,2654070,38,38,10166356,2,4,302000,0,0,0,2,13,1033068
200610,34,029,1,2,Ocean County                  ,163,163,29752936,1,2,376776,0,0,0,2,10,3819539,105,105,19021071,0,0,0,0,0,0,1,5,2750000
200610,34,031,1,2,Passaic County                ,17,17,3206983,1,2,125398,0,0,0,1,48,400000,12,12,2410130,0,0,0,0,0,0,1,48,400000
200610,34,033,1,2,Salem County                  ,10,10,1378275,0,0,0,0,0,0,0,0,0,4,4,568759,0,0,0,0,0,0,0,0,0
200610,34,035,1,2,Somerset County               ,31,31,6856657,0,0,0,0,0,0,3,67,5448826,25,25,4631744,0,0,0,0,0,0,1,46,3600000
200610,34,037,1,2,Sussex County                 ,35,35,6355091,2,4,276200,0,0,0,0,0,0,23,23,4442425,2,4,276200,0,0,0,0,0,0
200610,34,039,1,2,Union County                  ,45,45,6397101,18,36,2628971,0,0,0,1,5,406750,32,32,4587242,3,6,625000,0,0,0,0,0,0
200610,34,041,1,2,Warren County                 ,43,43,4408766,0,0,0,0,0,0,1,6,467035,24,24,2125016,0,0,0,0,0,0,0,0,0
200610,35,000,4,8,New Mexico Balance of State   ,127,127,29097363,0,0,0,0,0,0,0,0,0,127,127,29097363,0,0,0,0,0,0,0,0,0
200610,35,001,4,8,Bernalillo County             ,260,260,48255922,0,0,0,0,0,0,0,0,0,260,260,48255922,0,0,0,0,0,0,0,0,0
200610,35,005,4,8,Chaves County                 ,6,6,1195370,0,0,0,0,0,0,0,0,0,4,4,845000,0,0,0,0,0,0,0,0,0
200610,35,007,4,8,Colfax County                 ,5,5,1595271,0,0,0,0,0,0,0,0,0,0,0,0,0,0,0,0,0,0,0,0,0
200610,35,009,4,8,Curry County                  ,27,27,4512662,0,0,0,0,0,0,0,0,0,27,27,4512662,0,0,0,0,0,0,0,0,0
200610,35,013,4,8,Dona Ana County               ,114,114,18877590,8,16,1000000,0,0,0,0,0,0,92,92,12666219,8,16,1000000,0,0,0,0,0,0
200610,35,015,4,8,Eddy County                   ,7,7,1056523,0,0,0,0,0,0,0,0,0,3,3,295845,0,0,0,0,0,0,0,0,0
200610,35,025,4,8,Lea County                    ,5,5,897050,2,4,400000,0,0,0,0,0,0,5,5,897050,2,4,400000,0,0,0,0,0,0
200610,35,027,4,8,Lincoln County                ,19,19,3259560,0,0,0,0,0,0,0,0,0,0,0,0,0,0,0,0,0,0,0,0,0
200610,35,028,4,8,Los Alamos County             ,3,3,1210640,0,0,0,0,0,0,0,0,0,3,3,1210640,0,0,0,0,0,0,0,0,0
200610,35,029,4,8,Luna County                   ,9,9,1877000,1,2,112500,0,0,0,0,0,0,9,9,1877000,1,2,112500,0,0,0,0,0,0
200610,35,031,4,8,McKinley County               ,2,2,160000,0,0,0,0,0,0,0,0,0,2,2,160000,0,0,0,0,0,0,0,0,0
200610,35,035,4,8,Otero County                  ,12,12,2271165,0,0,0,0,0,0,0,0,0,12,12,2271165,0,0,0,0,0,0,0,0,0
200610,35,039,4,8,Rio Arriba County             ,1,1,117027,0,0,0,0,0,0,0,0,0,1,1,117027,0,0,0,0,0,0,0,0,0
200610,35,041,4,8,Roosevelt County              ,5,5,695000,2,4,258000,0,0,0,0,0,0,5,5,695000,2,4,258000,0,0,0,0,0,0
200610,35,043,4,8,Sandoval County               ,67,67,15031609,0,0,0,0,0,0,0,0,0,67,67,15031609,0,0,0,0,0,0,0,0,0
200610,35,045,4,8,San Juan County               ,33,33,6421531,0,0,0,0,0,0,0,0,0,33,33,6421531,0,0,0,0,0,0,0,0,0
200610,35,049,4,8,Santa Fe County               ,25,25,3321462,0,0,0,0,0,0,0,0,0,0,0,0,0,0,0,0,0,0,0,0,0
200610,35,051,4,8,Sierra County                 ,0,0,0,0,0,0,0,0,0,0,0,0,0,0,0,0,0,0,0,0,0,0,0,0
200610,35,053,4,8,Socorro County                ,1,1,222000,0,0,0,2,8,450000,0,0,0,1,1,222000,0,0,0,2,8,450000,0,0,0
200610,35,055,4,8,Taos County                   ,24,24,3172851,0,0,0,0,0,0,0,0,0,0,0,0,0,0,0,0,0,0,0,0,0
200610,35,061,4,8,Valencia County               ,18,18,2279221,0,0,0,0,0,0,0,0,0,0,0,0,0,0,0,0,0,0,0,0,0
200610,36,005,1,2,Bronx County                  ,1,1,194904,11,22,2285320,27,81,7593801,5,167,13055521,1,1,194904,11,22,2285320,27,81,7593801,5,167,13055521
200610,36,047,1,2,Kings County                  ,0,0,0,27,54,5609423,45,136,12750086,26,803,62775949,0,0,0,27,54,5609423,45,136,12750086,26,803,62775949
200610,36,059,1,2,Nassau County                 ,63,63,16866692,2,4,367483,0,0,0,0,0,0,55,55,13909751,1,2,213000,0,0,0,0,0,0
200610,36,061,1,2,New York County               ,0,0,0,0,0,0,0,0,0,9,404,31583416,0,0,0,0,0,0,0,0,0,9,404,31583416
200610,36,079,1,2,Putnam County                 ,14,14,7376419,0,0,0,0,0,0,0,0,0,9,9,6155000,0,0,0,0,0,0,0,0,0
200610,36,081,1,2,Queens County                 ,19,19,3703184,64,128,13296410,68,205,19218880,8,83,6488672,19,19,3703184,64,128,13296410,68,205,19218880,8,83,6488672
200610,36,085,1,2,Richmond County               ,33,33,6431845,10,20,2077564,0,0,0,0,0,0,33,33,6431845,10,20,2077564,0,0,0,0,0,0
200610,36,087,1,2,Rockland County               ,19,19,4055242,0,0,0,2,7,657374,0,0,0,6,6,1555000,0,0,0,0,0,0,0,0,0
200610,36,103,1,2,Suffolk County                ,191,191,64249303,0,0,0,0,0,0,1,14,1117978,122,122,50421348,0,0,0,0,0,0,0,0,0
200610,36,119,1,2,Westchester County            ,62,62,40011441,3,6,695996,0,0,0,3,78,9972828,25,25,27782000,0,0,0,0,0,0,1,66,9562778
200610,37,003,3,5,Alexander County              ,19,19,4797005,0,0,0,0,0,0,0,0,0,19,19,4797005,0,0,0,0,0,0,0,0,0
200610,37,007,3,5,Anson County                  ,3,3,306525,0,0,0,0,0,0,0,0,0,3,3,306525,0,0,0,0,0,0,0,0,0
200610,37,009,3,5,Ashe County                   ,31,31,5507460,0,0,0,0,0,0,0,0,0,31,31,5507460,0,0,0,0,0,0,0,0,0
200610,37,019,3,5,Brunswick County              ,253,253,40172506,0,0,0,0,0,0,1,15,958020,34,34,8364246,0,0,0,0,0,0,1,15,958020
200610,37,025,3,5,Cabarrus County               ,236,236,38577681,0,0,0,0,0,0,0,0,0,236,236,38577681,0,0,0,0,0,0,0,0,0
200610,37,027,3,5,Caldwell County               ,16,16,3124000,0,0,0,0,0,0,0,0,0,16,16,3124000,0,0,0,0,0,0,0,0,0
200610,37,037,3,5,Chatham County                ,50,50,17327696,0,0,0,0,0,0,0,0,0,50,50,17327696,0,0,0,0,0,0,0,0,0
200610,37,039,3,5,Cherokee County               ,40,40,6262257,0,0,0,0,0,0,0,0,0,40,40,6262257,0,0,0,0,0,0,0,0,0
200610,37,049,3,5,Craven County                 ,62,62,7143813,0,0,0,0,0,0,0,0,0,28,28,3325206,0,0,0,0,0,0,0,0,0
200610,37,053,3,5,Currituck County              ,30,30,6939352,0,0,0,0,0,0,0,0,0,30,30,6939352,0,0,0,0,0,0,0,0,0
200610,37,059,3,5,Davie County                  ,27,27,4380549,0,0,0,0,0,0,0,0,0,0,0,0,0,0,0,0,0,0,0,0,0
200610,37,063,3,5,Durham County                 ,166,166,29982852,0,0,0,0,0,0,0,0,0,166,166,29982852,0,0,0,0,0,0,0,0,0
200610,37,067,3,5,Forsyth County                ,392,392,36547175,0,0,0,0,0,0,0,0,0,392,392,36547175,0,0,0,0,0,0,0,0,0
200610,37,069,3,5,Franklin County               ,48,48,7315288,0,0,0,0,0,0,0,0,0,48,48,7315288,0,0,0,0,0,0,0,0,0
200610,37,071,3,5,Gaston County                 ,121,121,15241993,1,2,184129,0,0,0,0,0,0,121,121,15241993,1,2,184129,0,0,0,0,0,0
200610,37,081,3,5,Guilford County               ,271,271,45930247,0,0,0,1,3,67212,9,110,7564639,131,131,19033336,0,0,0,0,0,0,7,80,5553687
200610,37,089,3,5,Henderson County              ,96,96,18551461,0,0,0,0,0,0,0,0,0,96,96,18551461,0,0,0,0,0,0,0,0,0
200610,37,097,3,5,Iredell County                ,125,125,19113074,0,0,0,0,0,0,3,34,2081688,0,0,0,0,0,0,0,0,0,0,0,0
200610,37,101,3,5,Johnston County               ,205,205,34015821,0,0,0,0,0,0,0,0,0,204,204,33895372,0,0,0,0,0,0,0,0,0
200610,37,105,3,5,Lee County                    ,21,21,2814785,0,0,0,0,0,0,1,12,983035,0,0,0,0,0,0,0,0,0,0,0,0
200610,37,109,3,5,Lincoln County                ,45,45,5156147,0,0,0,0,0,0,0,0,0,0,0,0,0,0,0,0,0,0,0,0,0
200610,37,113,3,5,Macon County                  ,24,24,6914148,0,0,0,0,0,0,0,0,0,24,24,6914148,0,0,0,0,0,0,0,0,0
200610,37,119,3,5,Mecklenburg County            ,910,910,142913765,0,0,0,0,0,0,7,227,22448257,910,910,142913765,0,0,0,0,0,0,7,227,22448257
200610,37,129,3,5,New Hanover County            ,142,142,28187588,1,2,217181,0,0,0,3,48,4815678,4,4,1710980,0,0,0,0,0,0,0,0,0
200610,37,135,3,5,Orange County                 ,40,40,11663225,0,0,0,0,0,0,0,0,0,27,27,8256237,0,0,0,0,0,0,0,0,0
200610,37,137,3,5,Pamlico County                ,8,8,1342000,0,0,0,0,0,0,0,0,0,8,8,1342000,0,0,0,0,0,0,0,0,0
200610,37,141,3,5,Pender County                 ,44,44,5504022,0,0,0,0,0,0,0,0,0,40,40,5111165,0,0,0,0,0,0,0,0,0
200610,37,145,3,5,Person County                 ,19,19,4176445,0,0,0,0,0,0,0,0,0,19,19,4176445,0,0,0,0,0,0,0,0,0
200610,37,147,3,5,Pitt County                   ,131,131,18772601,11,22,1762800,0,0,0,12,180,8643750,131,131,18772601,11,22,1762800,0,0,0,12,180,8643750
200610,37,149,3,5,Polk County                   ,15,15,3821046,0,0,0,0,0,0,0,0,0,15,15,3821046,0,0,0,0,0,0,0,0,0
200610,37,151,3,5,Randolph County               ,48,48,7821857,0,0,0,0,0,0,0,0,0,48,48,7821857,0,0,0,0,0,0,0,0,0
200610,37,157,3,5,Rockingham County             ,13,13,2538784,0,0,0,0,0,0,1,5,317373,12,12,2428742,0,0,0,0,0,0,0,0,0
200610,37,159,3,5,Rowan County                  ,52,52,10665000,0,0,0,0,0,0,0,0,0,52,52,10665000,0,0,0,0,0,0,0,0,0
200610,37,163,3,5,Sampson County                ,14,14,1964100,0,0,0,0,0,0,0,0,0,14,14,1964100,0,0,0,0,0,0,0,0,0
200610,37,167,3,5,Stanly County                 ,26,26,2725863,1,2,78362,0,0,0,1,5,267480,0,0,0,0,0,0,0,0,0,0,0,0
200610,37,171,3,5,Surry County                  ,66,66,6188092,0,0,0,0,0,0,0,0,0,66,66,6188092,0,0,0,0,0,0,0,0,0
200610,37,175,3,5,Transylvania County           ,20,20,7053171,0,0,0,0,0,0,0,0,0,20,20,7053171,0,0,0,0,0,0,0,0,0
200610,37,179,3,5,Union County                  ,286,286,64404051,0,0,0,0,0,0,0,0,0,286,286,64404051,0,0,0,0,0,0,0,0,0
200610,37,181,3,5,Vance County                  ,6,6,850600,0,0,0,0,0,0,0,0,0,6,6,850600,0,0,0,0,0,0,0,0,0
200610,37,183,3,5,Wake County                   ,821,821,177633671,0,0,0,0,0,0,11,266,11457392,760,760,165989167,0,0,0,0,0,0,11,266,11457392
200610,37,195,3,5,Wilson County                 ,36,36,4227974,0,0,0,1,4,165200,0,0,0,36,36,4227974,0,0,0,1,4,165200,0,0,0
200610,39,015,2,3,Brown County                  ,9,9,1414056,0,0,0,2,6,218889,0,0,0,0,0,0,0,0,0,0,0,0,0,0,0
200610,39,017,2,3,Butler County                 ,150,150,26206175,0,0,0,0,0,0,1,16,300000,35,35,5727801,0,0,0,0,0,0,1,16,300000
200610,39,025,2,3,Clermont County               ,43,43,7364483,1,2,110000,1,4,600000,2,22,1700000,43,43,7364483,1,2,110000,1,4,600000,2,22,1700000
200610,39,035,2,3,Cuyahoga County               ,83,83,19166997,0,0,0,2,7,336408,2,10,733919,38,38,11850645,0,0,0,1,4,200000,0,0,0
200610,39,041,2,3,Delaware County               ,60,60,12129403,0,0,0,0,0,0,0,0,0,60,60,12129403,0,0,0,0,0,0,0,0,0
200610,39,045,2,3,Fairfield County              ,41,41,8181594,0,0,0,0,0,0,0,0,0,30,30,6303507,0,0,0,0,0,0,0,0,0
200610,39,049,2,3,Franklin County               ,166,166,38769348,5,10,750338,13,50,3768411,4,64,5990612,103,103,27249292,4,8,588000,12,47,3545800,4,64,5990612
200610,39,055,2,3,Geauga County                 ,17,17,5649270,0,0,0,0,0,0,0,0,0,17,17,5649270,0,0,0,0,0,0,0,0,0
200610,39,061,2,3,Hamilton County               ,80,80,16818377,0,0,0,1,4,851000,2,17,1011693,33,33,4730944,0,0,0,1,4,851000,0,0,0
200610,39,085,2,3,Lake County                   ,67,67,13173489,0,0,0,1,3,450000,1,5,394872,30,30,5548403,0,0,0,0,0,0,0,0,0
200610,39,089,2,3,Licking County                ,32,32,6935311,0,0,0,2,8,365190,0,0,0,32,32,6935311,0,0,0,2,8,365190,0,0,0
200610,39,093,2,3,Lorain County                 ,110,110,16266237,2,4,418000,3,12,1020000,1,6,490000,100,100,14584685,2,4,418000,3,12,1020000,1,6,490000
200610,39,097,2,3,Madison County                ,7,7,1143574,2,4,301946,0,0,0,0,0,0,6,6,1009378,2,4,301946,0,0,0,0,0,0
200610,39,103,2,3,Medina County                 ,88,88,16039104,0,0,0,0,0,0,0,0,0,88,88,16039104,0,0,0,0,0,0,0,0,0
200610,39,117,2,3,Morrow County                 ,13,13,2247788,0,0,0,0,0,0,0,0,0,11,11,1988813,0,0,0,0,0,0,0,0,0
200610,39,129,2,3,Pickaway County               ,8,8,1210199,0,0,0,0,0,0,0,0,0,4,4,511000,0,0,0,0,0,0,0,0,0
200610,39,159,2,3,Union County                  ,26,26,644500,0,0,0,0,0,0,0,0,0,26,26,644500,0,0,0,0,0,0,0,0,0
200610,39,165,2,3,Warren County                 ,118,118,25815695,0,0,0,1,3,425757,0,0,0,108,108,24030429,0,0,0,1,3,425757,0,0,0
200610,39,169,2,3,Wayne County                  ,20,20,3453870,1,2,350000,0,0,0,0,0,0,20,20,3453870,1,2,350000,0,0,0,0,0,0
200610,40,017,3,7,Canadian County               ,34,34,6692678,0,0,0,0,0,0,0,0,0,19,19,3781027,0,0,0,0,0,0,0,0,0
200610,40,021,3,7,Cherokee County               ,7,7,763200,0,0,0,0,0,0,0,0,0,7,7,763200,0,0,0,0,0,0,0,0,0
200610,40,027,3,7,Cleveland County              ,84,84,14532261,0,0,0,0,0,0,0,0,0,81,81,14159266,0,0,0,0,0,0,0,0,0
200610,40,029,3,7,Coal County                   ,1,1,100000,0,0,0,0,0,0,0,0,0,1,1,100000,0,0,0,0,0,0,0,0,0
200610,40,037,3,7,Creek County                  ,13,13,1827000,0,0,0,0,0,0,0,0,0,13,13,1827000,0,0,0,0,0,0,0,0,0
200610,40,051,3,7,Grady County                  ,7,7,1434127,0,0,0,0,0,0,0,0,0,5,5,1257000,0,0,0,0,0,0,0,0,0
200610,40,081,3,7,Lincoln County                ,3,3,372000,0,0,0,0,0,0,0,0,0,3,3,372000,0,0,0,0,0,0,0,0,0
200610,40,083,3,7,Logan County                  ,0,0,0,0,0,0,0,0,0,0,0,0,0,0,0,0,0,0,0,0,0,0,0,0
200610,40,087,3,7,McClain County                ,18,18,2571687,1,2,150000,0,0,0,1,5,184615,7,7,1040000,1,2,150000,0,0,0,0,0,0
200610,40,099,3,7,Murray County                 ,0,0,0,0,0,0,0,0,0,0,0,0,0,0,0,0,0,0,0,0,0,0,0,0
200610,40,109,3,7,Oklahoma County               ,342,342,55684354,2,4,290432,0,0,0,1,8,521992,89,89,21932959,0,0,0,0,0,0,0,0,0
200610,40,111,3,7,Okmulgee County               ,0,0,0,0,0,0,0,0,0,0,0,0,0,0,0,0,0,0,0,0,0,0,0,0
200610,40,113,3,7,Osage County                  ,17,17,2581600,0,0,0,0,0,0,0,0,0,17,17,2581600,0,0,0,0,0,0,0,0,0
200610,40,117,3,7,Pawnee County                 ,1,1,125000,0,0,0,0,0,0,0,0,0,0,0,0,0,0,0,0,0,0,0,0,0
200610,40,131,3,7,Rogers County                 ,40,40,3450831,0,0,0,0,0,0,0,0,0,39,39,3318331,0,0,0,0,0,0,0,0,0
200610,40,143,3,7,Tulsa County                  ,224,224,39517021,2,4,260000,1,4,205212,0,0,0,224,224,39517021,2,4,260000,1,4,205212,0,0,0
200610,40,145,3,7,Wagoner County                ,46,46,7134810,0,0,0,0,0,0,0,0,0,46,46,7134810,0,0,0,0,0,0,0,0,0
200610,41,000,4,9,Oregon Balance of State       ,24,24,4214976,0,0,0,0,0,0,0,0,0,0,0,0,0,0,0,0,0,0,0,0,0
200610,41,001,4,9,Baker County                  ,3,3,579410,0,0,0,0,0,0,0,0,0,3,3,579410,0,0,0,0,0,0,0,0,0
200610,41,005,4,9,Clackamas County              ,186,186,46165135,0,0,0,0,0,0,8,47,4825687,155,155,36704640,0,0,0,0,0,0,7,42,4467380
200610,41,009,4,9,Columbia County               ,12,12,2812355,0,0,0,0,0,0,0,0,0,12,12,2812355,0,0,0,0,0,0,0,0,0
200610,41,017,4,9,Deschutes County              ,151,151,38655537,3,6,1144118,2,6,592166,1,8,272154,116,116,33441294,3,6,1144118,1,3,352991,1,8,272154
200610,41,025,4,9,Harney County                 ,4,4,710600,0,0,0,0,0,0,0,0,0,4,4,710600,0,0,0,0,0,0,0,0,0
200610,41,033,4,9,Josephine County              ,42,42,7238765,2,4,498908,0,0,0,0,0,0,17,17,3379569,2,4,498908,0,0,0,0,0,0
200610,41,035,4,9,Klamath County                ,35,35,8987895,0,0,0,0,0,0,0,0,0,35,35,8987895,0,0,0,0,0,0,0,0,0
200610,41,045,4,9,Malheur County                ,8,8,1441444,1,2,214069,0,0,0,0,0,0,8,8,1441444,1,2,214069,0,0,0,0,0,0
200610,41,051,4,9,Multnomah County              ,129,129,26271349,12,24,2822213,1,3,419109,6,205,22155478,129,129,26271349,12,24,2822213,1,3,419109,6,205,22155478
200610,41,059,4,9,Umatilla County               ,5,5,780984,0,0,0,0,0,0,1,5,224213,5,5,780984,0,0,0,0,0,0,1,5,224213
200610,41,061,4,9,Union County                  ,7,7,1282500,0,0,0,0,0,0,0,0,0,7,7,1282500,0,0,0,0,0,0,0,0,0
200610,41,067,4,9,Washington County             ,109,109,30346983,0,0,0,1,3,425941,11,71,7671096,104,104,29120249,0,0,0,0,0,0,11,71,7671096
200610,41,071,4,9,Yamhill County                ,52,52,9793090,0,0,0,1,3,303661,0,0,0,31,31,5094560,0,0,0,0,0,0,0,0,0
200610,42,001,1,2,Adams County                  ,45,45,9396680,0,0,0,0,0,0,0,0,0,45,45,9396680,0,0,0,0,0,0,0,0,0
200610,42,003,1,2,Allegheny County              ,123,123,27211737,0,0,0,0,0,0,4,20,1438251,87,87,20267212,0,0,0,0,0,0,0,0,0
200610,42,005,1,2,Armstrong County              ,7,7,893212,0,0,0,1,4,175000,0,0,0,2,2,280000,0,0,0,0,0,0,0,0,0
200610,42,007,1,2,Beaver County                 ,28,28,3980606,0,0,0,0,0,0,1,5,503904,21,21,2730000,0,0,0,0,0,0,0,0,0
200610,42,017,1,2,Bucks County                  ,115,115,20270849,0,0,0,0,0,0,2,14,885193,86,86,16044195,0,0,0,0,0,0,0,0,0
200610,42,019,1,2,Butler County                 ,47,47,9063614,0,0,0,0,0,0,0,0,0,39,39,7895705,0,0,0,0,0,0,0,0,0
200610,42,025,1,2,Carbon County                 ,49,49,9072868,0,0,0,0,0,0,0,0,0,44,44,8336611,0,0,0,0,0,0,0,0,0
200610,42,029,1,2,Chester County                ,182,182,37985759,0,0,0,1,3,240000,1,77,4274129,74,74,20892348,0,0,0,0,0,0,1,77,4274129
200610,42,045,1,2,Delaware County               ,72,72,14351323,0,0,0,0,0,0,0,0,0,40,40,7247045,0,0,0,0,0,0,0,0,0
200610,42,051,1,2,Fayette County                ,4,4,873250,0,0,0,1,3,271364,0,0,0,2,2,648000,0,0,0,0,0,0,0,0,0
200610,42,055,1,2,Franklin County               ,44,44,7140971,0,0,0,0,0,0,0,0,0,20,20,3957995,0,0,0,0,0,0,0,0,0
200610,42,065,1,2,Jefferson County              ,8,8,556900,0,0,0,0,0,0,0,0,0,8,8,556900,0,0,0,0,0,0,0,0,0
200610,42,077,1,2,Lehigh County                 ,86,86,13586145,0,0,0,0,0,0,0,0,0,66,66,9871500,0,0,0,0,0,0,0,0,0
200610,42,091,1,2,Montgomery County             ,96,96,20047603,0,0,0,3,12,1452000,2,20,1890619,53,53,11980378,0,0,0,3,12,1452000,1,10,1083463
200610,42,095,1,2,Northampton County            ,117,117,22290121,1,2,127333,2,7,456700,0,0,0,51,51,11584110,0,0,0,0,0,0,0,0,0
200610,42,101,1,2,Philadelphia County           ,26,26,5067515,0,0,0,0,0,0,1,40,3127071,26,26,5067515,0,0,0,0,0,0,1,40,3127071
200610,42,103,1,2,Pike County                   ,80,80,15718211,0,0,0,0,0,0,0,0,0,71,71,14135620,0,0,0,0,0,0,0,0,0
200610,42,125,1,2,Washington County             ,48,48,8636964,0,0,0,0,0,0,0,0,0,42,42,7869950,0,0,0,0,0,0,0,0,0
200610,42,129,1,2,Westmoreland County           ,57,57,10589859,2,4,350143,1,4,375003,1,5,125000,41,41,8052831,1,2,160000,1,4,375003,0,0,0
200610,44,001,1,1,Bristol County                ,4,4,773170,0,0,0,0,0,0,2,12,747000,4,4,773170,0,0,0,0,0,0,2,12,747000
200610,44,003,1,1,Kent County                   ,15,15,1711024,0,0,0,0,0,0,0,0,0,6,6,777180,0,0,0,0,0,0,0,0,0
200610,44,005,1,1,Newport County                ,16,16,6608636,0,0,0,0,0,0,0,0,0,15,15,6316000,0,0,0,0,0,0,0,0,0
200610,44,007,1,1,Providence County             ,104,104,13875998,17,34,1766600,1,4,190000,1,5,286353,90,90,11652585,16,32,1647000,1,4,190000,0,0,0
200610,44,009,1,1,Washington County             ,49,49,9849490,0,0,0,0,0,0,0,0,0,40,40,8366066,0,0,0,0,0,0,0,0,0
200610,45,009,3,5,Bamberg County                ,0,0,0,0,0,0,0,0,0,0,0,0,0,0,0,0,0,0,0,0,0,0,0,0
200610,45,015,3,5,Berkeley County               ,109,109,17512191,0,0,0,0,0,0,2,10,803908,0,0,0,0,0,0,0,0,0,0,0,0
200610,45,017,3,5,Calhoun County                ,6,6,1102350,0,0,0,0,0,0,0,0,0,5,5,997350,0,0,0,0,0,0,0,0,0
200610,45,019,3,5,Charleston County             ,379,379,74641212,5,10,1405527,3,10,1686373,8,103,11170795,254,254,49201507,0,0,0,1,4,647880,2,12,2031720
200610,45,035,3,5,Dorchester County             ,64,64,11464132,0,0,0,0,0,0,0,0,0,64,64,11464132,0,0,0,0,0,0,0,0,0
200610,45,039,3,5,Fairfield County              ,7,7,785979,0,0,0,0,0,0,0,0,0,1,1,90000,0,0,0,0,0,0,0,0,0
200610,45,045,3,5,Greenville County             ,293,293,31156778,0,0,0,0,0,0,0,0,0,263,263,27410076,0,0,0,0,0,0,0,0,0
200610,45,047,3,5,Greenwood County              ,16,16,1747152,0,0,0,0,0,0,0,0,0,16,16,1747152,0,0,0,0,0,0,0,0,0
200610,45,055,3,5,Kershaw County                ,47,47,4459689,0,0,0,0,0,0,0,0,0,47,47,4459689,0,0,0,0,0,0,0,0,0
200610,45,059,3,5,Laurens County                ,9,9,1077416,0,0,0,0,0,0,0,0,0,8,8,995390,0,0,0,0,0,0,0,0,0
200610,45,063,3,5,Lexington County              ,128,128,17212535,0,0,0,0,0,0,0,0,0,18,18,2899338,0,0,0,0,0,0,0,0,0
200610,45,077,3,5,Pickens County                ,37,37,7540385,1,2,153450,0,0,0,0,0,0,13,13,2106984,0,0,0,0,0,0,0,0,0
200610,45,079,3,5,Richland County               ,216,216,26059970,0,0,0,0,0,0,4,54,3712985,2,2,375000,0,0,0,0,0,0,0,0,0
200610,45,081,3,5,Saluda County                 ,5,5,1007234,0,0,0,0,0,0,0,0,0,5,5,1007234,0,0,0,0,0,0,0,0,0
200610,45,085,3,5,Sumter County                 ,50,50,6435130,0,0,0,0,0,0,0,0,0,50,50,6435130,0,0,0,0,0,0,0,0,0
200610,45,091,3,5,York County                   ,206,206,38406940,0,0,0,1,4,408471,4,80,4826119,86,86,17711734,0,0,0,0,0,0,3,72,3966180
200610,46,005,2,4,Beadle County                 ,8,8,1420734,0,0,0,0,0,0,0,0,0,8,8,1420734,0,0,0,0,0,0,0,0,0
200610,46,069,2,4,Hyde County                   ,1,1,129559,0,0,0,0,0,0,0,0,0,0,0,0,0,0,0,0,0,0,0,0,0
200610,46,121,2,4,Todd County                   ,0,0,0,0,0,0,0,0,0,0,0,0,0,0,0,0,0,0,0,0,0,0,0,0
200610,47,011,3,6,Bradley County                ,50,50,7912179,1,2,116503,1,3,227732,0,0,0,40,40,6339800,0,0,0,0,0,0,0,0,0
200610,47,015,3,6,Cannon County                 ,0,0,0,0,0,0,0,0,0,0,0,0,0,0,0,0,0,0,0,0,0,0,0,0
200610,47,021,3,6,Cheatham County               ,14,14,2210000,0,0,0,0,0,0,0,0,0,14,14,2210000,0,0,0,0,0,0,0,0,0
200610,47,037,3,6,Davidson County               ,321,321,53897120,11,22,1879972,0,0,0,0,0,0,321,321,53897120,11,22,1879972,0,0,0,0,0,0
200610,47,039,3,6,Decatur County                ,0,0,0,0,0,0,0,0,0,0,0,0,0,0,0,0,0,0,0,0,0,0,0,0
200610,47,043,3,6,Dickson County                ,30,30,4378625,0,0,0,0,0,0,0,0,0,28,28,4258625,0,0,0,0,0,0,0,0,0
200610,47,047,3,6,Fayette County                ,34,34,8756407,0,0,0,0,0,0,0,0,0,33,33,8536000,0,0,0,0,0,0,0,0,0
200610,47,063,3,6,Hamblen County                ,15,15,1839444,2,4,265000,1,3,150000,0,0,0,0,0,0,0,0,0,0,0,0,0,0,0
200610,47,071,3,6,Hardin County                 ,0,0,0,0,0,0,0,0,0,0,0,0,0,0,0,0,0,0,0,0,0,0,0,0
200610,47,081,3,6,Hickman County                ,0,0,0,0,0,0,0,0,0,0,0,0,0,0,0,0,0,0,0,0,0,0,0,0
200610,47,091,3,6,Johnson County                ,2,2,275000,0,0,0,0,0,0,0,0,0,2,2,275000,0,0,0,0,0,0,0,0,0
200610,47,093,3,6,Knox County                   ,228,228,29818775,0,0,0,0,0,0,1,19,879368,179,179,25497372,0,0,0,0,0,0,0,0,0
200610,47,111,3,6,Macon County                  ,0,0,0,1,2,290000,0,0,0,0,0,0,0,0,0,1,2,290000,0,0,0,0,0,0
200610,47,113,3,6,Madison County                ,40,40,5058531,0,0,0,0,0,0,0,0,0,40,40,5058531,0,0,0,0,0,0,0,0,0
200610,47,125,3,6,Montgomery County             ,163,163,17659175,10,20,1841500,12,47,1625000,0,0,0,163,163,17659175,10,20,1841500,12,47,1625000,0,0,0
200610,47,141,3,6,Putnam County                 ,38,38,6612940,0,0,0,1,4,120000,0,0,0,38,38,6612940,0,0,0,1,4,120000,0,0,0
200610,47,147,3,6,Robertson County              ,49,49,5566385,0,0,0,0,0,0,0,0,0,46,46,5193922,0,0,0,0,0,0,0,0,0
200610,47,149,3,6,Rutherford County             ,232,232,30757354,0,0,0,0,0,0,1,16,386000,134,134,16376007,0,0,0,0,0,0,1,16,386000
200610,47,157,3,6,Shelby County                 ,374,374,70679465,0,0,0,0,0,0,0,0,0,374,374,70679465,0,0,0,0,0,0,0,0,0
200610,47,159,3,6,Smith County                  ,0,0,0,0,0,0,0,0,0,0,0,0,0,0,0,0,0,0,0,0,0,0,0,0
200610,47,165,3,6,Sumner County                 ,154,154,19942499,1,2,72000,0,0,0,0,0,0,154,154,19942499,1,2,72000,0,0,0,0,0,0
200610,47,167,3,6,Tipton County                 ,25,25,2699855,0,0,0,0,0,0,4,76,2424870,13,13,1520630,0,0,0,0,0,0,4,76,2424870
200610,47,169,3,6,Trousdale County              ,9,9,588000,0,0,0,0,0,0,0,0,0,9,9,588000,0,0,0,0,0,0,0,0,0
200610,47,179,3,6,Washington County             ,40,40,6375522,1,2,127174,0,0,0,1,8,538618,25,25,4480800,1,2,127174,0,0,0,1,8,538618
200610,47,187,3,6,Williamson County             ,80,80,20365595,0,0,0,0,0,0,0,0,0,47,47,8215116,0,0,0,0,0,0,0,0,0
200610,47,189,3,6,Wilson County                 ,87,87,17917008,0,0,0,0,0,0,0,0,0,87,87,17917008,0,0,0,0,0,0,0,0,0
200610,48,013,3,7,Atascosa County               ,7,7,841577,0,0,0,0,0,0,0,0,0,4,4,480000,0,0,0,0,0,0,0,0,0
200610,48,015,3,7,Austin County                 ,1,1,105000,0,0,0,0,0,0,0,0,0,1,1,105000,0,0,0,0,0,0,0,0,0
200610,48,019,3,7,Bandera County                ,0,0,0,0,0,0,0,0,0,0,0,0,0,0,0,0,0,0,0,0,0,0,0,0
200610,48,021,3,7,Bastrop County                ,4,4,288193,0,0,0,0,0,0,0,0,0,4,4,288193,0,0,0,0,0,0,0,0,0
200610,48,029,3,7,Bexar County                  ,754,754,121483901,2,4,341813,2,8,727366,25,562,54912641,693,693,112732839,2,4,341813,2,8,727366,23,537,54060200
200610,48,039,3,7,Brazoria County               ,247,247,43899398,0,0,0,0,0,0,1,21,984900,83,83,14201593,0,0,0,0,0,0,0,0,0
200610,48,041,3,7,Brazos County                 ,48,48,6368534,1,2,201960,0,0,0,0,0,0,48,48,6368534,1,2,201960,0,0,0,0,0,0
200610,48,055,3,7,Caldwell County               ,5,5,505316,0,0,0,0,0,0,0,0,0,0,0,0,0,0,0,0,0,0,0,0,0
200610,48,063,3,7,Camp County                   ,0,0,0,0,0,0,0,0,0,0,0,0,0,0,0,0,0,0,0,0,0,0,0,0
200610,48,071,3,7,Chambers County               ,36,36,5653731,0,0,0,0,0,0,0,0,0,36,36,5653731,0,0,0,0,0,0,0,0,0
200610,48,085,3,7,Collin County                 ,844,844,159978107,0,0,0,4,16,2127814,1,22,1000000,833,833,157206144,0,0,0,4,16,2127814,1,22,1000000
200610,48,091,3,7,Comal County                  ,217,217,41942459,0,0,0,0,0,0,0,0,0,217,217,41942459,0,0,0,0,0,0,0,0,0
200610,48,113,3,7,Dallas County                 ,646,646,131870060,8,16,1367252,5,15,1739199,13,238,23006020,617,617,119960340,8,16,1367252,4,12,1091049,13,238,23006020
200610,48,117,3,7,Deaf Smith County             ,2,2,176000,0,0,0,0,0,0,0,0,0,2,2,176000,0,0,0,0,0,0,0,0,0
200610,48,119,3,7,Delta County                  ,0,0,0,0,0,0,0,0,0,0,0,0,0,0,0,0,0,0,0,0,0,0,0,0
200610,48,121,3,7,Denton County                 ,290,290,56775019,1,2,80950,0,0,0,2,39,2967824,274,274,54048360,0,0,0,0,0,0,1,10,576955
200610,48,133,3,7,Eastland County               ,0,0,0,0,0,0,0,0,0,0,0,0,0,0,0,0,0,0,0,0,0,0,0,0
200610,48,135,3,7,Ector County                  ,21,21,4235200,0,0,0,0,0,0,0,0,0,21,21,4235200,0,0,0,0,0,0,0,0,0
200610,48,139,3,7,Ellis County                  ,94,94,13511366,0,0,0,0,0,0,0,0,0,71,71,10910914,0,0,0,0,0,0,0,0,0
200610,48,157,3,7,Fort Bend County              ,678,678,117855249,0,0,0,1,4,363683,2,10,988910,677,677,117732977,0,0,0,1,4,363683,2,10,988910
200610,48,167,3,7,Galveston County              ,173,173,30659520,1,2,55582,0,0,0,0,0,0,136,136,26760932,0,0,0,0,0,0,0,0,0
200610,48,187,3,7,Guadalupe County              ,89,89,13443559,0,0,0,0,0,0,0,0,0,79,79,12822849,0,0,0,0,0,0,0,0,0
200610,48,201,3,7,Harris County                 ,2149,2149,298260714,10,20,1603859,1,4,363683,48,1254,102320416,2125,2125,293882787,9,18,1538159,1,4,363683,46,1212,100203796
200610,48,209,3,7,Hays County                   ,133,133,20452748,0,0,0,0,0,0,2,36,2160971,65,65,10408769,0,0,0,0,0,0,0,0,0
200610,48,215,3,7,Hidalgo County                ,406,406,53522803,8,16,1110439,23,92,7882343,6,41,2054692,373,373,51563729,8,16,1110439,23,92,7882343,5,36,1929692
200610,48,231,3,7,Hunt County                   ,9,9,1013325,0,0,0,0,0,0,1,13,859236,7,7,794550,0,0,0,0,0,0,0,0,0
200610,48,233,3,7,Hutchinson County             ,2,2,600000,0,0,0,0,0,0,0,0,0,2,2,600000,0,0,0,0,0,0,0,0,0
200610,48,251,3,7,Johnson County                ,75,75,7802272,2,4,235800,0,0,0,0,0,0,24,24,2407700,2,4,235800,0,0,0,0,0,0
200610,48,257,3,7,Kaufman County                ,47,47,5468379,0,0,0,0,0,0,0,0,0,8,8,899930,0,0,0,0,0,0,0,0,0
200610,48,259,3,7,Kendall County                ,33,33,5920900,0,0,0,0,0,0,0,0,0,0,0,0,0,0,0,0,0,0,0,0,0
200610,48,271,3,7,Kinney County                 ,0,0,0,0,0,0,0,0,0,0,0,0,0,0,0,0,0,0,0,0,0,0,0,0
200610,48,291,3,7,Liberty County                ,25,25,2666020,0,0,0,0,0,0,0,0,0,25,25,2666020,0,0,0,0,0,0,0,0,0
200610,48,307,3,7,McCulloch County              ,0,0,0,0,0,0,0,0,0,0,0,0,0,0,0,0,0,0,0,0,0,0,0,0
200610,48,323,3,7,Maverick County               ,9,9,608887,0,0,0,0,0,0,0,0,0,9,9,608887,0,0,0,0,0,0,0,0,0
200610,48,325,3,7,Medina County                 ,3,3,339678,0,0,0,0,0,0,0,0,0,1,1,98226,0,0,0,0,0,0,0,0,0
200610,48,329,3,7,Midland County                ,45,45,6401546,0,0,0,0,0,0,0,0,0,45,45,6401546,0,0,0,0,0,0,0,0,0
200610,48,339,3,7,Montgomery County             ,576,576,104374499,0,0,0,0,0,0,1,36,1501620,568,568,103454847,0,0,0,0,0,0,1,36,1501620
200610,48,353,3,7,Nolan County                  ,0,0,0,0,0,0,0,0,0,0,0,0,0,0,0,0,0,0,0,0,0,0,0,0
200610,48,359,3,7,Oldham County                 ,0,0,0,0,0,0,0,0,0,0,0,0,0,0,0,0,0,0,0,0,0,0,0,0
200610,48,367,3,7,Parker County                 ,35,35,4497048,0,0,0,0,0,0,1,5,134763,13,13,2029000,0,0,0,0,0,0,0,0,0
200610,48,375,3,7,Potter County                 ,44,44,9879873,0,0,0,0,0,0,0,0,0,44,44,9879873,0,0,0,0,0,0,0,0,0
200610,48,383,3,7,Reagan County                 ,1,1,25000,0,0,0,0,0,0,0,0,0,0,0,0,0,0,0,0,0,0,0,0,0
200610,48,385,3,7,Real County                   ,0,0,0,0,0,0,0,0,0,0,0,0,0,0,0,0,0,0,0,0,0,0,0,0
200610,48,397,3,7,Rockwall County               ,69,69,16381534,0,0,0,0,0,0,3,30,2500000,69,69,16381534,0,0,0,0,0,0,3,30,2500000
200610,48,407,3,7,San Jacinto County            ,0,0,0,0,0,0,0,0,0,0,0,0,0,0,0,0,0,0,0,0,0,0,0,0
200610,48,435,3,7,Sutton County                 ,0,0,0,0,0,0,0,0,0,0,0,0,0,0,0,0,0,0,0,0,0,0,0,0
200610,48,437,3,7,Swisher County                ,0,0,0,0,0,0,0,0,0,0,0,0,0,0,0,0,0,0,0,0,0,0,0,0
200610,48,439,3,7,Tarrant County                ,979,979,167780309,13,26,2297858,0,0,0,1,80,7911280,861,861,144663449,13,26,2297858,0,0,0,1,80,7911280
200610,48,451,3,7,Tom Green County              ,35,35,5496683,0,0,0,0,0,0,10,120,11866920,35,35,5496683,0,0,0,0,0,0,10,120,11866920
200610,48,453,3,7,Travis County                 ,658,658,100168802,12,24,2103248,46,139,10563045,6,120,10192052,637,637,96353039,12,24,2103248,46,139,10563045,5,115,9485890
200610,48,463,3,7,Uvalde County                 ,4,4,229725,0,0,0,0,0,0,0,0,0,4,4,229725,0,0,0,0,0,0,0,0,0
200610,48,469,3,7,Victoria County               ,7,7,849875,0,0,0,0,0,0,0,0,0,0,0,0,0,0,0,0,0,0,0,0,0
200610,48,471,3,7,Walker County                 ,5,5,605948,0,0,0,0,0,0,1,15,930885,0,0,0,0,0,0,0,0,0,0,0,0
200610,48,473,3,7,Waller County                 ,3,3,161068,0,0,0,0,0,0,1,12,266204,0,0,0,0,0,0,0,0,0,0,0,0
200610,48,479,3,7,Webb County                   ,115,115,10322715,1,2,79432,1,3,110765,1,18,880705,0,0,0,0,0,0,0,0,0,0,0,0
200610,48,491,3,7,Williamson County             ,368,368,59819039,0,0,0,0,0,0,9,180,15794648,362,362,59316956,0,0,0,0,0,0,9,180,15794648
200610,48,493,3,7,Wilson County                 ,3,3,397292,0,0,0,0,0,0,0,0,0,0,0,0,0,0,0,0,0,0,0,0,0
200610,48,497,3,7,Wise County                   ,4,4,459000,1,2,233000,0,0,0,0,0,0,4,4,459000,1,2,233000,0,0,0,0,0,0
200610,49,009,4,8,Daggett County                ,2,2,322575,0,0,0,0,0,0,0,0,0,2,2,322575,0,0,0,0,0,0,0,0,0
200610,49,019,4,8,Grand County                  ,6,6,1090578,1,2,341575,0,0,0,0,0,0,6,6,1090578,1,2,341575,0,0,0,0,0,0
200610,49,021,4,8,Iron County                   ,58,58,9736566,2,4,357935,0,0,0,1,6,379764,12,12,2173625,0,0,0,0,0,0,0,0,0
200610,49,033,4,8,Rich County                   ,8,8,1755127,0,0,0,0,0,0,0,0,0,8,8,1755127,0,0,0,0,0,0,0,0,0
200610,49,035,4,8,Salt Lake County              ,383,383,69004584,2,4,396926,2,6,497893,2,19,1316227,341,341,63611555,0,0,0,0,0,0,0,0,0
200610,49,039,4,8,Sanpete County                ,8,8,926553,0,0,0,0,0,0,0,0,0,8,8,926553,0,0,0,0,0,0,0,0,0
200610,49,043,4,8,Summit County                 ,47,47,14537296,1,2,254960,0,0,0,2,20,5339095,25,25,9840867,0,0,0,0,0,0,1,15,4798618
200610,49,045,4,8,Tooele County                 ,43,43,6467920,0,0,0,2,8,579348,1,7,455235,37,37,5623272,0,0,0,2,8,579348,1,7,455235
200610,49,051,4,8,Wasatch County                ,34,34,8992701,1,2,183680,0,0,0,0,0,0,11,11,3472565,0,0,0,0,0,0,0,0,0
200610,51,003,3,5,Albemarle County              ,45,45,10145396,1,2,259561,0,0,0,1,22,1343954,0,0,0,0,0,0,0,0,0,0,0,0
200610,51,007,3,5,Amelia County                 ,8,8,1228410,0,0,0,0,0,0,0,0,0,8,8,1228410,0,0,0,0,0,0,0,0,0
200610,51,013,3,5,Arlington County              ,9,9,3161000,0,0,0,0,0,0,2,571,56466761,9,9,3161000,0,0,0,0,0,0,2,571,56466761
200610,51,015,3,5,Augusta County                ,20,20,4062740,0,0,0,0,0,0,0,0,0,20,20,4062740,0,0,0,0,0,0,0,0,0
200610,51,019,3,5,Bedford County                ,50,50,12937850,0,0,0,0,0,0,0,0,0,50,50,12937850,0,0,0,0,0,0,0,0,0
200610,51,023,3,5,Botetourt County              ,11,11,2567000,0,0,0,0,0,0,0,0,0,11,11,2567000,0,0,0,0,0,0,0,0,0
200610,51,031,3,5,Campbell County               ,21,21,2998574,0,0,0,0,0,0,0,0,0,0,0,0,0,0,0,0,0,0,0,0,0
200610,51,033,3,5,Caroline County               ,39,39,6568184,0,0,0,0,0,0,0,0,0,0,0,0,0,0,0,0,0,0,0,0,0
200610,51,036,3,5,Charles City County           ,2,2,315317,0,0,0,0,0,0,0,0,0,0,0,0,0,0,0,0,0,0,0,0,0
200610,51,037,3,5,Charlotte County              ,3,3,530000,0,0,0,0,0,0,0,0,0,3,3,530000,0,0,0,0,0,0,0,0,0
200610,51,041,3,5,Chesterfield County           ,96,96,15076617,0,0,0,0,0,0,0,0,0,96,96,15076617,0,0,0,0,0,0,0,0,0
200610,51,043,3,5,Clarke County                 ,3,3,603000,0,0,0,0,0,0,0,0,0,3,3,603000,0,0,0,0,0,0,0,0,0
200610,51,049,3,5,Cumberland County             ,8,8,1124765,0,0,0,0,0,0,0,0,0,8,8,1124765,0,0,0,0,0,0,0,0,0
200610,51,053,3,5,Dinwiddie County              ,11,11,1288897,0,0,0,0,0,0,0,0,0,0,0,0,0,0,0,0,0,0,0,0,0
200610,51,059,3,5,Fairfax County                ,73,73,11464511,0,0,0,0,0,0,4,50,4944550,73,73,11464511,0,0,0,0,0,0,4,50,4944550
200610,51,061,3,5,Fauquier County               ,26,26,1421243,0,0,0,0,0,0,4,96,1848000,21,21,493000,0,0,0,0,0,0,4,96,1848000
200610,51,065,3,5,Fluvanna County               ,26,26,4594158,0,0,0,0,0,0,0,0,0,26,26,4594158,0,0,0,0,0,0,0,0,0
200610,51,067,3,5,Franklin County               ,37,37,7682656,0,0,0,0,0,0,0,0,0,37,37,7682656,0,0,0,0,0,0,0,0,0
200610,51,069,3,5,Frederick County              ,80,80,14708158,0,0,0,0,0,0,1,12,900000,80,80,14708158,0,0,0,0,0,0,1,12,900000
200610,51,073,3,5,Gloucester County             ,25,25,6052289,0,0,0,0,0,0,0,0,0,25,25,6052289,0,0,0,0,0,0,0,0,0
200610,51,075,3,5,Goochland County              ,22,22,5193902,0,0,0,0,0,0,0,0,0,22,22,5193902,0,0,0,0,0,0,0,0,0
200610,51,079,3,5,Greene County                 ,18,18,6049950,0,0,0,0,0,0,0,0,0,18,18,6049950,0,0,0,0,0,0,0,0,0
200610,51,085,3,5,Hanover County                ,32,32,5025539,0,0,0,0,0,0,0,0,0,32,32,5025539,0,0,0,0,0,0,0,0,0
200610,51,087,3,5,Henrico County                ,93,93,14605473,0,0,0,0,0,0,0,0,0,93,93,14605473,0,0,0,0,0,0,0,0,0
200610,51,093,3,5,Isle of Wight County          ,36,36,6839180,0,0,0,0,0,0,0,0,0,36,36,6839180,0,0,0,0,0,0,0,0,0
200610,51,095,3,5,James City County             ,138,138,21672637,0,0,0,0,0,0,0,0,0,138,138,21672637,0,0,0,0,0,0,0,0,0
200610,51,097,3,5,King and Queen County         ,5,5,641150,0,0,0,0,0,0,0,0,0,5,5,641150,0,0,0,0,0,0,0,0,0
200610,51,099,3,5,King George County            ,28,28,4451303,0,0,0,0,0,0,0,0,0,28,28,4451303,0,0,0,0,0,0,0,0,0
200610,51,101,3,5,King William County           ,12,12,1599345,0,0,0,0,0,0,0,0,0,0,0,0,0,0,0,0,0,0,0,0,0
200610,51,107,3,5,Loudoun County                ,146,146,22929022,0,0,0,0,0,0,2,21,2076711,146,146,22929022,0,0,0,0,0,0,2,21,2076711
200610,51,109,3,5,Louisa County                 ,30,30,6080140,0,0,0,0,0,0,0,0,0,30,30,6080140,0,0,0,0,0,0,0,0,0
200610,51,115,3,5,Mathews County                ,6,6,803000,0,0,0,0,0,0,0,0,0,6,6,803000,0,0,0,0,0,0,0,0,0
200610,51,119,3,5,Middlesex County              ,7,7,921292,0,0,0,0,0,0,0,0,0,7,7,921292,0,0,0,0,0,0,0,0,0
200610,51,127,3,5,New Kent County               ,22,22,5478817,0,0,0,0,0,0,0,0,0,22,22,5478817,0,0,0,0,0,0,0,0,0
200610,51,137,3,5,Orange County                 ,25,25,6666300,0,0,0,0,0,0,0,0,0,25,25,6666300,0,0,0,0,0,0,0,0,0
200610,51,143,3,5,Pittsylvania County           ,15,15,1862423,0,0,0,0,0,0,0,0,0,0,0,0,0,0,0,0,0,0,0,0,0
200610,51,145,3,5,Powhatan County               ,31,31,9395610,0,0,0,0,0,0,0,0,0,31,31,9395610,0,0,0,0,0,0,0,0,0
200610,51,149,3,5,Prince George County          ,16,16,2512770,0,0,0,0,0,0,0,0,0,16,16,2512770,0,0,0,0,0,0,0,0,0
200610,51,153,3,5,Prince William County         ,190,190,45612783,0,0,0,0,0,0,0,0,0,187,187,45099560,0,0,0,0,0,0,0,0,0
200610,51,157,3,5,Rappahannock County           ,3,3,801688,0,0,0,0,0,0,0,0,0,3,3,801688,0,0,0,0,0,0,0,0,0
200610,51,161,3,5,Roanoke County                ,23,23,2265911,0,0,0,0,0,0,0,0,0,0,0,0,0,0,0,0,0,0,0,0,0
200610,51,163,3,5,Rockbridge County             ,10,10,891400,2,4,300000,0,0,0,0,0,0,10,10,891400,2,4,300000,0,0,0,0,0,0
200610,51,165,3,5,Rockingham County             ,85,85,12134000,0,0,0,0,0,0,0,0,0,85,85,12134000,0,0,0,0,0,0,0,0,0
200610,51,169,3,5,Scott County                  ,2,2,395000,0,0,0,0,0,0,0,0,0,2,2,395000,0,0,0,0,0,0,0,0,0
200610,51,171,3,5,Shenandoah County             ,33,33,6857602,0,0,0,0,0,0,0,0,0,33,33,6857602,0,0,0,0,0,0,0,0,0
200610,51,177,3,5,Spotsylvania County           ,67,67,19242500,0,0,0,0,0,0,0,0,0,67,67,19242500,0,0,0,0,0,0,0,0,0
200610,51,179,3,5,Stafford County               ,32,32,5025539,0,0,0,0,0,0,0,0,0,32,32,5025539,0,0,0,0,0,0,0,0,0
200610,51,181,3,5,Surry County                  ,5,5,724797,0,0,0,0,0,0,0,0,0,0,0,0,0,0,0,0,0,0,0,0,0
200610,51,183,3,5,Sussex County                 ,5,5,549100,0,0,0,0,0,0,0,0,0,5,5,549100,0,0,0,0,0,0,0,0,0
200610,51,187,3,5,Warren County                 ,28,28,4938000,0,0,0,0,0,0,0,0,0,28,28,4938000,0,0,0,0,0,0,0,0,0
200610,51,199,3,5,York County                   ,41,41,6275680,0,0,0,4,15,1314000,0,0,0,41,41,6275680,0,0,0,4,15,1314000,0,0,0
200610,51,510,3,5,Alexandria (Independent City) ,3,3,1080000,0,0,0,0,0,0,0,0,0,3,3,1080000,0,0,0,0,0,0,0,0,0
200610,51,530,3,5,Buena Vista (Independent City),2,2,250000,0,0,0,0,0,0,0,0,0,2,2,250000,0,0,0,0,0,0,0,0,0
200610,51,550,3,5,Chesapeake(Independent City)  ,106,106,16647098,0,0,0,0,0,0,0,0,0,106,106,16647098,0,0,0,0,0,0,0,0,0
200610,51,570,3,5,Colonial Heights (Independent ,4,4,250000,0,0,0,0,0,0,0,0,0,4,4,250000,0,0,0,0,0,0,0,0,0
200610,51,580,3,5,Covington (Independent City)  ,1,1,150000,0,0,0,0,0,0,0,0,0,1,1,150000,0,0,0,0,0,0,0,0,0
200610,51,600,3,5,Fairfax (Independent City)    ,4,4,773580,0,0,0,0,0,0,0,0,0,4,4,773580,0,0,0,0,0,0,0,0,0
200610,51,610,3,5,Falls Church (Independent City,1,1,188701,0,0,0,0,0,0,0,0,0,0,0,0,0,0,0,0,0,0,0,0,0
200610,51,630,3,5,Fredericksburg(Independent Cit,0,0,0,0,0,0,0,0,0,0,0,0,0,0,0,0,0,0,0,0,0,0,0,0
200610,51,650,3,5,Hampton (Independent City)    ,16,16,3096445,0,0,0,0,0,0,3,44,1495157,0,0,0,0,0,0,0,0,0,0,0,0
200610,51,660,3,5,Harrisonburg (Independent City,21,21,1911491,1,2,178471,0,0,0,0,0,0,0,0,0,0,0,0,0,0,0,0,0,0
200610,51,670,3,5,Hopewell (Independent City)   ,21,21,1225182,0,0,0,0,0,0,0,0,0,21,21,1225182,0,0,0,0,0,0,0,0,0
200610,51,680,3,5,Lynchburg (Independent City)  ,118,118,11681628,0,0,0,0,0,0,0,0,0,118,118,11681628,0,0,0,0,0,0,0,0,0
200610,51,683,3,5,Manassas (Independent City)   ,9,9,1044773,0,0,0,0,0,0,0,0,0,0,0,0,0,0,0,0,0,0,0,0,0
200610,51,685,3,5,Manassas Park (Independent Cit,0,0,0,0,0,0,0,0,0,0,0,0,0,0,0,0,0,0,0,0,0,0,0,0
200610,51,700,3,5,Newport News (Independent City,12,12,1468454,0,0,0,0,0,0,2,33,1387561,0,0,0,0,0,0,0,0,0,0,0,0
200610,51,710,3,5,Norfolk (Independent City)    ,19,19,2983914,14,28,2392691,0,0,0,0,0,0,19,19,2983914,14,28,2392691,0,0,0,0,0,0
200610,51,730,3,5,Petersburg (Independent City) ,1,1,62328,0,0,0,0,0,0,0,0,0,0,0,0,0,0,0,0,0,0,0,0,0
200610,51,735,3,5,Poquoson (Independent City)   ,3,3,310000,0,0,0,0,0,0,0,0,0,3,3,310000,0,0,0,0,0,0,0,0,0
200610,51,740,3,5,Portsmouth (Independent City) ,12,12,1766500,1,2,100000,0,0,0,0,0,0,12,12,1766500,1,2,100000,0,0,0,0,0,0
200610,51,760,3,5,Richmond (Independent City)   ,35,35,5267709,3,6,584600,0,0,0,3,100,5494990,35,35,5267709,3,6,584600,0,0,0,3,100,5494990
200610,51,770,3,5,Roanoke (Independent City)    ,5,5,499357,0,0,0,0,0,0,0,0,0,5,5,499357,0,0,0,0,0,0,0,0,0
200610,51,800,3,5,Suffolk (Independent City)    ,44,44,6910116,0,0,0,0,0,0,0,0,0,44,44,6910116,0,0,0,0,0,0,0,0,0
200610,51,810,3,5,Virginia Beach (Independent Ci,63,63,9894030,4,8,683626,4,16,1454732,3,131,12954721,63,63,9894030,4,8,683626,4,16,1454732,3,131,12954721
200610,51,830,3,5,Williamsburg (Independent City,0,0,0,0,0,0,0,0,0,0,0,0,0,0,0,0,0,0,0,0,0,0,0,0
200610,53,011,4,9,Clark County                  ,143,143,23481749,0,0,0,3,11,658002,6,50,3460513,36,36,5658131,0,0,0,3,11,658002,6,50,3460513
200610,53,033,4,9,King County                   ,526,526,124674803,22,44,5104575,30,100,10071329,9,87,9547638,497,497,116518269,21,42,4788832,30,100,10071329,8,78,8363391
200610,53,041,4,9,Lewis County                  ,33,33,4721602,0,0,0,1,4,200000,1,12,1000000,33,33,4721602,0,0,0,1,4,200000,1,12,1000000
200610,53,053,4,9,Pierce County                 ,347,347,62127550,3,6,636760,1,4,384469,9,250,44444265,345,345,61595630,3,6,636760,0,0,0,7,238,43599931
200610,53,059,4,9,Skamania County               ,5,5,629708,0,0,0,0,0,0,0,0,0,5,5,629708,0,0,0,0,0,0,0,0,0
200610,53,061,4,9,Snohomish County              ,340,340,60637853,14,28,2932013,11,40,3988378,4,30,2422733,285,285,53531893,9,18,2116660,10,37,3726392,0,0,0
200610,54,037,3,5,Jefferson County              ,31,31,6049491,0,0,0,0,0,0,0,0,0,31,31,6049491,0,0,0,0,0,0,0,0,0
200610,55,021,2,3,Columbia County               ,17,17,2937133,0,0,0,0,0,0,0,0,0,16,16,2737466,0,0,0,0,0,0,0,0,0
200610,55,025,2,3,Dane County                   ,121,121,29472810,4,8,1069560,5,17,1751698,7,226,21201581,98,98,25464720,3,6,812000,3,11,1240000,5,216,20517000
200610,55,031,2,3,Douglas County                ,18,18,2198849,0,0,0,0,0,0,0,0,0,18,18,2198849,0,0,0,0,0,0,0,0,0
200610,55,037,2,3,Florence County               ,3,3,155775,0,0,0,0,0,0,0,0,0,0,0,0,0,0,0,0,0,0,0,0,0
200610,55,049,2,3,Iowa County                   ,8,8,1629018,1,2,195000,0,0,0,1,5,226221,5,5,1186000,0,0,0,0,0,0,0,0,0
200610,55,059,2,3,Kenosha County                ,61,61,12279311,0,0,0,0,0,0,0,0,0,59,59,11937847,0,0,0,0,0,0,0,0,0
200610,55,079,2,3,Milwaukee County              ,32,32,7973135,4,8,800000,0,0,0,4,55,5775000,30,30,7576448,4,8,800000,0,0,0,3,50,5150000
200610,55,089,2,3,Ozaukee County                ,17,17,4988263,0,0,0,0,0,0,1,8,1200000,13,13,2913263,0,0,0,0,0,0,1,8,1200000
200610,55,093,2,3,Pierce County                 ,24,24,4311491,1,2,280000,0,0,0,1,43,4000000,24,24,4311491,1,2,280000,0,0,0,1,43,4000000
200610,55,109,2,3,St. Croix County              ,50,50,9314877,1,2,259557,2,6,630300,0,0,0,32,32,6582749,0,0,0,0,0,0,0,0,0
200610,55,113,2,3,Sawyer County                 ,24,24,2767663,0,0,0,0,0,0,0,0,0,24,24,2767663,0,0,0,0,0,0,0,0,0
200610,55,131,2,3,Washington County             ,40,40,9238538,1,2,217488,0,0,0,3,61,2387125,32,32,6767133,0,0,0,0,0,0,2,56,2059000
200610,55,133,2,3,Waukesha County               ,123,123,37352436,1,2,280000,0,0,0,2,172,10429205,113,113,34504156,1,2,280000,0,0,0,2,172,10429205
200610,56,019,4,8,Johnson County                ,2,2,312506,1,2,280992,0,0,0,0,0,0,2,2,312506,1,2,280992,0,0,0,0,0,0
200610,56,039,4,8,Teton County                  ,10,10,7962332,1,2,129906,1,4,1110600,1,5,243003,7,7,7345000,0,0,0,0,0,0,0,0,0
