Survey,FIPS,FIPS,Region,Division,County,,1-unit,,,2-units,,,3-4 units,,,5+ units,,,1-unit rep,,,2-units rep,,,3-4 units rep,,, 5+units rep
Date,State,County,Code,Code,Name,Bldgs,Units,Value,Bldgs,Units,Value,Bldgs,Units,Value,Bldgs,Units,Value,Bldgs,Units,Value,Bldgs,Units,Value,Bldgs,Units,Value,Bldgs,Units,Value
 
200711,01,001,3,6,Autauga County                ,9,9,1883765,0,0,0,0,0,0,0,0,0,9,9,1883765,0,0,0,0,0,0,0,0,0
200711,01,007,3,6,Bibb County                   ,1,1,150000,0,0,0,0,0,0,0,0,0,1,1,150000,0,0,0,0,0,0,0,0,0
200711,01,009,3,6,Blount County                 ,2,2,360000,0,0,0,0,0,0,0,0,0,2,2,360000,0,0,0,0,0,0,0,0,0
200711,01,021,3,6,Chilton County                ,10,10,1046328,0,0,0,0,0,0,0,0,0,9,9,892376,0,0,0,0,0,0,0,0,0
200711,01,037,3,6,Coosa County                  ,0,0,0,0,0,0,0,0,0,0,0,0,0,0,0,0,0,0,0,0,0,0,0,0
200711,01,073,3,6,Jefferson County              ,123,123,24731407,0,0,0,0,0,0,4,71,5124762,106,106,22306869,0,0,0,0,0,0,0,0,0
200711,01,081,3,6,Lee County                    ,193,193,24177437,0,0,0,1,3,599883,4,72,2736000,193,193,24177437,0,0,0,1,3,599883,4,72,2736000
200711,01,115,3,6,St. Clair County              ,14,14,2047353,0,0,0,0,0,0,0,0,0,14,14,2047353,0,0,0,0,0,0,0,0,0
200711,01,117,3,6,Shelby County                 ,119,119,16410187,0,0,0,0,0,0,2,48,4198320,80,80,10033153,0,0,0,0,0,0,2,48,4198320
200711,01,127,3,6,Walker County                 ,3,3,572685,0,0,0,0,0,0,0,0,0,2,2,450000,0,0,0,0,0,0,0,0,0
200711,02,000,4,9,Alaska Balance of State       ,9,9,1716398,0,0,0,0,0,0,0,0,0,0,0,0,0,0,0,0,0,0,0,0,0
200711,02,013,4,9,Aleutians East Borough        ,0,0,0,0,0,0,0,0,0,0,0,0,0,0,0,0,0,0,0,0,0,0,0,0
200711,02,016,4,9,Aleutians West Census Area    ,1,1,98078,0,0,0,0,0,0,0,0,0,0,0,0,0,0,0,0,0,0,0,0,0
200711,02,020,4,9,Anchorage Borough             ,14,14,3803723,4,8,1858686,0,0,0,2,83,7219207,14,14,3803723,4,8,1858686,0,0,0,2,83,7219207
200711,02,050,4,9,Bethel Census Area            ,2,2,287197,0,0,0,0,0,0,0,0,0,0,0,0,0,0,0,0,0,0,0,0,0
200711,02,060,4,9,Bristol Bay Borough           ,0,0,0,0,0,0,0,0,0,0,0,0,0,0,0,0,0,0,0,0,0,0,0,0
200711,02,090,4,9,Fairbanks North Star Borough  ,8,8,1709129,1,2,241600,0,0,0,0,0,0,1,1,240000,0,0,0,0,0,0,0,0,0
200711,02,100,4,9,Haines Borough                ,0,0,0,0,0,0,0,0,0,0,0,0,0,0,0,0,0,0,0,0,0,0,0,0
200711,02,110,4,9,Juneau Borough                ,2,2,504914,0,0,0,0,0,0,0,0,0,2,2,504914,0,0,0,0,0,0,0,0,0
200711,02,122,4,9,Kenai Peninsula Borough       ,3,3,772061,0,0,0,0,0,0,0,0,0,1,1,220068,0,0,0,0,0,0,0,0,0
200711,02,130,4,9,Ketchikan Gateway Borough     ,4,4,810291,0,0,0,0,0,0,0,0,0,4,4,810291,0,0,0,0,0,0,0,0,0
200711,02,150,4,9,Kodiak Island Borough         ,0,0,0,0,0,0,0,0,0,0,0,0,0,0,0,0,0,0,0,0,0,0,0,0
200711,02,170,4,9,Matanuska-Susitna Borough     ,3,3,404554,2,4,428007,0,0,0,0,0,0,0,0,0,0,0,0,0,0,0,0,0,0
200711,02,180,4,9,Nome Census Area              ,1,1,201433,0,0,0,0,0,0,0,0,0,1,1,201433,0,0,0,0,0,0,0,0,0
200711,02,185,4,9,North Slope Borough           ,0,0,0,0,0,0,0,0,0,0,0,0,0,0,0,0,0,0,0,0,0,0,0,0
200711,02,188,4,9,Northwest Arctic Borough      ,0,0,0,0,0,0,0,0,0,0,0,0,0,0,0,0,0,0,0,0,0,0,0,0
200711,02,201,4,9,Prince of Wales-Outer Ketchika,0,0,0,0,0,0,0,0,0,0,0,0,0,0,0,0,0,0,0,0,0,0,0,0
200711,02,220,4,9,Sitka Borough                 ,1,1,216659,0,0,0,0,0,0,0,0,0,0,0,0,0,0,0,0,0,0,0,0,0
200711,02,232,4,9,Skagway-Hoonah-Angoon Census A,0,0,0,0,0,0,0,0,0,0,0,0,0,0,0,0,0,0,0,0,0,0,0,0
200711,02,261,4,9,Valdez-Cordova Census Area    ,0,0,0,0,0,0,0,0,0,0,0,0,0,0,0,0,0,0,0,0,0,0,0,0
200711,02,280,4,9,Wrangell-Petersburg Census Are,1,1,97920,0,0,0,0,0,0,0,0,0,1,1,97920,0,0,0,0,0,0,0,0,0
200711,02,282,4,9,Yakutat Borough               ,0,0,0,0,0,0,0,0,0,0,0,0,0,0,0,0,0,0,0,0,0,0,0,0
200711,02,290,4,9,Yukon-Koyukuk Census Area     ,0,0,0,0,0,0,0,0,0,0,0,0,0,0,0,0,0,0,0,0,0,0,0,0
200711,04,013,4,8,Maricopa County               ,675,675,143567027,11,22,2600564,23,72,8123346,67,1539,169645809,673,673,143446100,11,22,2600564,23,72,8123346,67,1539,169645809
200711,04,019,4,8,Pima County                   ,213,213,43116867,3,6,520602,1,4,225891,6,88,5021335,105,105,26673577,0,0,0,0,0,0,5,80,4457085
200711,04,021,4,8,Pinal County                  ,275,275,35627224,0,0,0,0,0,0,1,5,360459,247,247,32595499,0,0,0,0,0,0,0,0,0
200711,05,023,3,7,Cleburne County               ,2,2,350000,0,0,0,0,0,0,0,0,0,2,2,350000,0,0,0,0,0,0,0,0,0
200711,05,025,3,7,Cleveland County              ,0,0,0,0,0,0,0,0,0,0,0,0,0,0,0,0,0,0,0,0,0,0,0,0
200711,05,027,3,7,Columbia County               ,1,1,345556,0,0,0,0,0,0,0,0,0,0,0,0,0,0,0,0,0,0,0,0,0
200711,05,035,3,7,Crittenden County             ,8,8,1270800,0,0,0,0,0,0,0,0,0,7,7,1096000,0,0,0,0,0,0,0,0,0
200711,05,059,3,7,Hot Spring County             ,0,0,0,0,0,0,0,0,0,0,0,0,0,0,0,0,0,0,0,0,0,0,0,0
200711,05,061,3,7,Howard County                 ,1,1,91808,0,0,0,0,0,0,0,0,0,0,0,0,0,0,0,0,0,0,0,0,0
200711,05,099,3,7,Nevada County                 ,0,0,0,0,0,0,0,0,0,0,0,0,0,0,0,0,0,0,0,0,0,0,0,0
200711,06,001,4,9,Alameda County                ,60,60,16475600,1,2,370558,1,3,549183,5,149,17420600,49,49,13187113,0,0,0,0,0,0,4,134,15948278
200711,06,003,4,9,Alpine County                 ,0,0,0,0,0,0,0,0,0,0,0,0,0,0,0,0,0,0,0,0,0,0,0,0
200711,06,009,4,9,Calaveras County              ,10,10,1686022,0,0,0,0,0,0,0,0,0,10,10,1686022,0,0,0,0,0,0,0,0,0
200711,06,013,4,9,Contra Costa County           ,103,103,24945513,0,0,0,1,3,276452,3,77,8794902,97,97,23625744,0,0,0,0,0,0,2,64,7617088
200711,06,017,4,9,El Dorado County              ,43,43,17183376,0,0,0,0,0,0,0,0,0,43,43,17183376,0,0,0,0,0,0,0,0,0
200711,06,037,4,9,Los Angeles County            ,333,333,76311171,19,38,4857783,7,23,3322121,33,548,73304875,291,291,66470058,16,32,4229982,5,16,2934458,25,496,67157846
200711,06,041,4,9,Marin County                  ,11,11,3748646,1,2,1400000,0,0,0,1,11,1084056,4,4,1605679,1,2,1400000,0,0,0,0,0,0
200711,06,045,4,9,Mendocino County              ,12,12,1644489,0,0,0,0,0,0,0,0,0,12,12,1644489,0,0,0,0,0,0,0,0,0
200711,06,049,4,9,Modoc County                  ,0,0,0,0,0,0,0,0,0,0,0,0,0,0,0,0,0,0,0,0,0,0,0,0
200711,06,051,4,9,Mono County                   ,9,9,4530401,0,0,0,0,0,0,0,0,0,6,6,4113990,0,0,0,0,0,0,0,0,0
200711,06,059,4,9,Orange County                 ,72,72,24942622,9,18,3217832,1,3,441792,17,393,44818960,42,42,16517283,7,14,2164039,0,0,0,14,366,40982164
200711,06,061,4,9,Placer County                 ,174,174,40276065,0,0,0,0,0,0,2,16,1904272,174,174,40276065,0,0,0,0,0,0,2,16,1904272
200711,06,063,4,9,Plumas County                 ,3,3,423728,0,0,0,0,0,0,0,0,0,3,3,423728,0,0,0,0,0,0,0,0,0
200711,06,065,4,9,Riverside County              ,329,329,75545848,4,8,717949,2,6,368466,3,45,4071923,262,262,60772281,2,4,466391,1,3,142108,1,12,1122759
200711,06,067,4,9,Sacramento County             ,141,141,27013230,0,0,0,0,0,0,1,16,799529,138,138,26128381,0,0,0,0,0,0,1,16,799529
200711,06,069,4,9,San Benito County             ,3,3,1238580,0,0,0,0,0,0,0,0,0,3,3,1238580,0,0,0,0,0,0,0,0,0
200711,06,071,4,9,San Bernardino County         ,233,233,44128416,1,2,87300,1,3,310605,1,5,485520,178,178,32754428,1,2,87300,1,3,310605,0,0,0
200711,06,073,4,9,San Diego County              ,155,155,42190080,9,18,2093956,0,0,0,7,239,28457372,150,150,41044094,9,18,2093956,0,0,0,6,234,27849978
200711,06,075,4,9,San Francisco County          ,5,5,1002999,4,8,930647,0,0,0,2,40,4760680,5,5,1002999,4,8,930647,0,0,0,2,40,4760680
200711,06,077,4,9,San Joaquin County            ,89,89,18788757,1,2,259428,0,0,0,0,0,0,89,89,18788757,1,2,259428,0,0,0,0,0,0
200711,06,081,4,9,San Mateo County              ,39,39,22717970,1,2,727880,0,0,0,2,14,3018704,33,33,20372606,0,0,0,0,0,0,0,0,0
200711,06,085,4,9,Santa Clara County            ,84,84,26296258,1,2,338046,0,0,0,13,197,24280680,69,69,21536048,1,2,338046,0,0,0,10,120,10459821
200711,06,091,4,9,Sierra County                 ,1,1,200600,0,0,0,0,0,0,0,0,0,1,1,200600,0,0,0,0,0,0,0,0,0
200711,06,113,4,9,Yolo County                   ,29,29,5964782,1,2,278000,0,0,0,1,5,358482,29,29,5964782,1,2,278000,0,0,0,0,0,0
200711,08,001,4,8,Adams County                  ,52,52,10452684,1,2,191602,0,0,0,1,6,714102,40,40,8472676,1,2,191602,0,0,0,1,6,714102
200711,08,005,4,8,Arapahoe County               ,60,60,17450295,0,0,0,1,4,712754,1,30,1890078,60,60,17450295,0,0,0,1,4,712754,1,30,1890078
200711,08,014,4,8,Broomfield County             ,27,27,5780946,0,0,0,0,0,0,1,10,868486,0,0,0,0,0,0,0,0,0,0,0,0
200711,08,015,4,8,Chaffee County                ,12,12,2923201,0,0,0,0,0,0,0,0,0,12,12,2923201,0,0,0,0,0,0,0,0,0
200711,08,019,4,8,Clear Creek County            ,2,2,1097069,0,0,0,0,0,0,0,0,0,2,2,1097069,0,0,0,0,0,0,0,0,0
200711,08,023,4,8,Costilla County               ,1,1,163199,0,0,0,0,0,0,0,0,0,0,0,0,0,0,0,0,0,0,0,0,0
200711,08,031,4,8,Denver County                 ,51,51,10230585,17,34,3955251,0,0,0,0,0,0,51,51,10230585,17,34,3955251,0,0,0,0,0,0
200711,08,033,4,8,Dolores County                ,0,0,0,0,0,0,0,0,0,0,0,0,0,0,0,0,0,0,0,0,0,0,0,0
200711,08,035,4,8,Douglas County                ,83,83,19392447,0,0,0,0,0,0,0,0,0,83,83,19392447,0,0,0,0,0,0,0,0,0
200711,08,039,4,8,Elbert County                 ,10,10,2472155,0,0,0,0,0,0,0,0,0,10,10,2472155,0,0,0,0,0,0,0,0,0
200711,08,041,4,8,El Paso County                ,147,147,26092248,2,4,600000,0,0,0,1,12,1596669,147,147,26092248,2,4,600000,0,0,0,1,12,1596669
200711,08,047,4,8,Gilpin County                 ,1,1,185000,0,0,0,0,0,0,0,0,0,1,1,185000,0,0,0,0,0,0,0,0,0
200711,08,049,4,8,Grand County                  ,25,25,6241252,0,0,0,0,0,0,1,14,1863391,0,0,0,0,0,0,0,0,0,0,0,0
200711,08,059,4,8,Jefferson County              ,59,59,15605287,0,0,0,0,0,0,2,10,1190170,59,59,15605287,0,0,0,0,0,0,2,10,1190170
200711,08,069,4,8,Larimer County                ,69,69,19911637,1,2,232662,0,0,0,4,49,5831833,69,69,19911637,1,2,232662,0,0,0,4,49,5831833
200711,08,077,4,8,Mesa County                   ,84,84,19208370,2,4,502480,0,0,0,0,0,0,84,84,19208370,2,4,502480,0,0,0,0,0,0
200711,08,093,4,8,Park County                   ,19,19,3811394,0,0,0,0,0,0,0,0,0,19,19,3811394,0,0,0,0,0,0,0,0,0
200711,08,101,4,8,Pueblo County                 ,21,21,3519214,0,0,0,0,0,0,0,0,0,21,21,3519214,0,0,0,0,0,0,0,0,0
200711,08,107,4,8,Routt County                  ,13,13,11648016,0,0,0,0,0,0,1,86,25926450,13,13,11648016,0,0,0,0,0,0,1,86,25926450
200711,08,119,4,8,Teller County                 ,10,10,2761616,0,0,0,0,0,0,0,0,0,10,10,2761616,0,0,0,0,0,0,0,0,0
200711,08,123,4,8,Weld County                   ,71,71,14922186,0,0,0,1,3,487842,1,10,1788499,47,47,9451107,0,0,0,0,0,0,0,0,0
200711,10,001,3,5,Kent County                   ,66,66,9914844,0,0,0,1,4,356000,0,0,0,27,27,3500514,0,0,0,1,4,356000,0,0,0
200711,10,003,3,5,New Castle County             ,54,54,4701792,0,0,0,0,0,0,2,17,548055,13,13,1361443,0,0,0,0,0,0,0,0,0
200711,10,005,3,5,Sussex County                 ,140,140,19734003,1,2,200000,3,11,1170000,0,0,0,140,140,19734003,1,2,200000,3,11,1170000,0,0,0
200711,11,001,3,5,Washington  DC                ,3,3,190000,2,4,500000,0,0,0,0,0,12000,3,3,190000,2,4,500000,0,0,0,0,0,12000
200711,12,003,3,5,Baker County                  ,12,12,1104861,0,0,0,0,0,0,0,0,0,12,12,1104861,0,0,0,0,0,0,0,0,0
200711,12,009,3,5,Brevard County                ,117,117,28990091,0,0,0,0,0,0,2,43,6546593,73,73,17546490,0,0,0,0,0,0,0,0,0
200711,12,011,3,5,Broward County                ,61,61,12910440,5,10,914296,1,3,218548,6,111,11465228,32,32,8905654,4,8,769720,0,0,0,3,89,8986833
200711,12,013,3,5,Calhoun County                ,1,1,140000,0,0,0,0,0,0,0,0,0,1,1,140000,0,0,0,0,0,0,0,0,0
200711,12,015,3,5,Charlotte County              ,28,28,8803000,0,0,0,10,34,3440324,2,14,2400000,28,28,8803000,0,0,0,10,34,3440324,2,14,2400000
200711,12,019,3,5,Clay County                   ,30,30,3698000,1,2,165000,0,0,0,0,0,0,30,30,3698000,1,2,165000,0,0,0,0,0,0
200711,12,021,3,5,Collier County                ,107,107,33029224,0,0,0,12,48,12348947,6,74,13524556,9,9,9445000,0,0,0,1,4,3200000,0,0,0
200711,12,023,3,5,Columbia County               ,17,17,1661737,0,0,0,0,0,0,0,0,0,0,0,0,0,0,0,0,0,0,0,0,0
200711,12,031,3,5,Duval County                  ,138,138,22329258,0,0,0,0,0,0,13,312,18710000,138,138,22329258,0,0,0,0,0,0,13,312,18710000
200711,12,033,3,5,Escambia County               ,28,28,4770829,0,0,0,0,0,0,0,0,0,28,28,4770829,0,0,0,0,0,0,0,0,0
200711,12,041,3,5,Gilchrist County              ,4,4,512026,0,0,0,0,0,0,0,0,0,0,0,0,0,0,0,0,0,0,0,0,0
200711,12,043,3,5,Glades County                 ,11,11,692923,0,0,0,0,0,0,0,0,0,11,11,692923,0,0,0,0,0,0,0,0,0
200711,12,047,3,5,Hamilton County               ,0,0,0,0,0,0,0,0,0,0,0,0,0,0,0,0,0,0,0,0,0,0,0,0
200711,12,049,3,5,Hardee County                 ,10,10,886358,0,0,0,0,0,0,0,0,0,0,0,0,0,0,0,0,0,0,0,0,0
200711,12,053,3,5,Hernando County               ,32,32,6808508,0,0,0,0,0,0,2,13,856818,29,29,5939410,0,0,0,0,0,0,0,0,0
200711,12,055,3,5,Highlands County              ,28,28,4713180,0,0,0,0,0,0,0,0,0,28,28,4713180,0,0,0,0,0,0,0,0,0
200711,12,057,3,5,Hillsborough County           ,284,284,52000862,0,0,0,0,0,0,7,257,14517821,284,284,52000862,0,0,0,0,0,0,7,257,14517821
200711,12,061,3,5,Indian River County           ,78,78,32073968,0,0,0,0,0,0,0,0,0,78,78,32073968,0,0,0,0,0,0,0,0,0
200711,12,063,3,5,Jackson County                ,11,11,1405930,0,0,0,0,0,0,0,0,0,11,11,1405930,0,0,0,0,0,0,0,0,0
200711,12,065,3,5,Jefferson County              ,7,7,1189782,0,0,0,0,0,0,0,0,0,7,7,1189782,0,0,0,0,0,0,0,0,0
200711,12,067,3,5,Lafayette County              ,1,1,170396,0,0,0,0,0,0,0,0,0,0,0,0,0,0,0,0,0,0,0,0,0
200711,12,069,3,5,Lake County                   ,197,197,32133917,1,2,174286,0,0,0,13,265,18587775,46,46,11031957,0,0,0,0,0,0,11,252,17853225
200711,12,071,3,5,Lee County                    ,96,96,27718323,2,4,696000,0,0,0,1,8,990650,96,96,27718323,2,4,696000,0,0,0,1,8,990650
200711,12,073,3,5,Leon County                   ,49,49,8586961,1,2,174482,1,3,305526,3,38,2538394,0,0,0,0,0,0,0,0,0,0,0,0
200711,12,077,3,5,Liberty County                ,1,1,129352,0,0,0,0,0,0,0,0,0,0,0,0,0,0,0,0,0,0,0,0,0
200711,12,081,3,5,Manatee County                ,66,66,16681422,0,0,0,0,0,0,0,0,0,66,66,16681422,0,0,0,0,0,0,0,0,0
200711,12,083,3,5,Marion County                 ,127,127,20638164,1,2,85000,0,0,0,0,0,0,125,125,20273507,0,0,0,0,0,0,0,0,0
200711,12,085,3,5,Martin County                 ,15,15,7233075,0,0,0,1,4,1069152,0,0,0,15,15,7233075,0,0,0,1,4,1069152,0,0,0
200711,12,086,3,5,Miami-Dade County             ,154,154,22063854,8,16,2095035,1,4,405470,6,177,50937632,146,146,20002475,8,16,2095035,1,4,405470,3,51,5836155
200711,12,089,3,5,Nassau County                 ,25,25,6396233,0,0,0,0,0,0,1,6,4250000,24,24,6279031,0,0,0,0,0,0,1,6,4250000
200711,12,095,3,5,Orange County                 ,158,158,33925650,5,10,1159086,1,4,1084091,0,0,0,157,157,33828337,5,10,1159086,1,4,1084091,0,0,0
200711,12,097,3,5,Osceola County                ,63,63,16638627,0,0,0,1,4,869075,16,384,39980438,63,63,16638627,0,0,0,1,4,869075,16,384,39980438
200711,12,099,3,5,Palm Beach County             ,149,149,52404717,2,4,465000,1,3,630906,4,48,6617244,135,135,46373177,2,4,465000,0,0,0,0,0,0
200711,12,101,3,5,Pasco County                  ,96,96,19476015,2,4,577240,0,0,0,2,21,1919520,96,96,19476015,2,4,577240,0,0,0,2,21,1919520
200711,12,103,3,5,Pinellas County               ,33,33,9544233,0,0,0,0,0,0,1,10,1537435,31,31,9021657,0,0,0,0,0,0,0,0,0
200711,12,105,3,5,Polk County                   ,251,251,32697235,0,0,0,0,0,0,0,0,0,229,229,29163585,0,0,0,0,0,0,0,0,0
200711,12,107,3,5,Putnam County                 ,12,12,1594076,0,0,0,0,0,0,0,0,0,0,0,0,0,0,0,0,0,0,0,0,0
200711,12,109,3,5,St. Johns County              ,90,90,26939079,1,2,290062,2,8,1251214,1,5,272608,89,89,26697185,1,2,290062,2,8,1251214,0,0,0
200711,12,111,3,5,St. Lucie County              ,120,120,16604023,1,2,196000,1,3,344175,3,25,2108027,112,112,14891437,1,2,196000,0,0,0,1,6,381444
200711,12,113,3,5,Santa Rosa County             ,52,52,8713005,2,4,362440,0,0,0,0,0,0,52,52,8713005,2,4,362440,0,0,0,0,0,0
200711,12,115,3,5,Sarasota County               ,63,63,16553813,6,12,4500000,0,0,0,0,0,0,63,63,16553813,6,12,4500000,0,0,0,0,0,0
200711,12,117,3,5,Seminole County               ,53,53,14026753,0,0,0,0,0,0,0,0,0,53,53,14026753,0,0,0,0,0,0,0,0,0
200711,12,119,3,5,Sumter County                 ,157,157,39724521,0,0,0,0,0,0,0,0,0,157,157,39724521,0,0,0,0,0,0,0,0,0
200711,12,123,3,5,Taylor County                 ,4,4,784652,0,0,0,0,0,0,0,0,0,4,4,784652,0,0,0,0,0,0,0,0,0
200711,12,125,3,5,Union County                  ,3,3,209560,0,0,0,0,0,0,0,0,0,3,3,209560,0,0,0,0,0,0,0,0,0
200711,12,127,3,5,Volusia County                ,81,81,15861789,0,0,0,0,0,0,2,19,1862548,59,59,11941779,0,0,0,0,0,0,0,0,0
200711,12,129,3,5,Wakulla County                ,68,68,9488645,0,0,0,0,0,0,0,0,0,68,68,9488645,0,0,0,0,0,0,0,0,0
200711,12,131,3,5,Walton County                 ,50,50,8446166,0,0,0,0,0,0,1,16,2101520,50,50,8446166,0,0,0,0,0,0,1,16,2101520
200711,13,005,3,5,Bacon County                  ,0,0,0,0,0,0,0,0,0,0,0,0,0,0,0,0,0,0,0,0,0,0,0,0
200711,13,013,3,5,Barrow County                 ,53,53,4774178,0,0,0,0,0,0,0,0,0,53,53,4774178,0,0,0,0,0,0,0,0,0
200711,13,015,3,5,Bartow County                 ,40,40,7175519,0,0,0,0,0,0,1,5,496081,39,39,7019708,0,0,0,0,0,0,1,5,496081
200711,13,029,3,5,Bryan County                  ,24,24,3832357,0,0,0,0,0,0,0,0,0,12,12,1626920,0,0,0,0,0,0,0,0,0
200711,13,035,3,5,Butts County                  ,17,17,1194974,0,0,0,0,0,0,0,0,0,17,17,1194974,0,0,0,0,0,0,0,0,0
200711,13,045,3,5,Carroll County                ,19,19,2638860,0,0,0,0,0,0,0,0,0,19,19,2638860,0,0,0,0,0,0,0,0,0
200711,13,057,3,5,Cherokee County               ,110,110,17896078,0,0,0,0,0,0,0,0,0,110,110,17896078,0,0,0,0,0,0,0,0,0
200711,13,059,3,5,Clarke County                 ,8,8,1357083,0,0,0,0,0,0,2,13,639767,8,8,1357083,0,0,0,0,0,0,2,13,639767
200711,13,063,3,5,Clayton County                ,43,43,6652842,0,0,0,0,0,0,0,0,0,43,43,6652842,0,0,0,0,0,0,0,0,0
200711,13,067,3,5,Cobb County                   ,63,63,16810447,2,4,527220,2,8,1465818,4,24,3573290,63,63,16810447,2,4,527220,2,8,1465818,4,24,3573290
200711,13,077,3,5,Coweta County                 ,47,47,11649088,0,0,0,0,0,0,10,298,21249248,45,45,11331108,0,0,0,0,0,0,10,298,21249248
200711,13,085,3,5,Dawson County                 ,15,15,3779798,0,0,0,0,0,0,0,0,0,15,15,3779798,0,0,0,0,0,0,0,0,0
200711,13,089,3,5,DeKalb County                 ,187,187,36146081,0,0,0,0,0,0,0,0,0,187,187,36146081,0,0,0,0,0,0,0,0,0
200711,13,097,3,5,Douglas County                ,24,24,2738066,0,0,0,0,0,0,0,0,0,24,24,2738066,0,0,0,0,0,0,0,0,0
200711,13,113,3,5,Fayette County                ,32,32,10900114,0,0,0,0,0,0,0,0,0,21,21,8508550,0,0,0,0,0,0,0,0,0
200711,13,117,3,5,Forsyth County                ,132,132,17035370,0,0,0,0,0,0,0,0,0,132,132,17035370,0,0,0,0,0,0,0,0,0
200711,13,121,3,5,Fulton County                 ,280,280,43484029,0,0,0,1,4,412040,4,266,26391498,268,268,42421284,0,0,0,1,4,412040,4,266,26391498
200711,13,127,3,5,Glynn County                  ,30,30,5947060,0,0,0,0,0,0,0,0,0,30,30,5947060,0,0,0,0,0,0,0,0,0
200711,13,133,3,5,Greene County                 ,10,10,4634157,0,0,0,0,0,0,0,0,0,0,0,0,0,0,0,0,0,0,0,0,0
200711,13,135,3,5,Gwinnett County               ,201,201,33228564,0,0,0,0,0,0,0,0,520000,192,192,31952380,0,0,0,0,0,0,0,0,520000
200711,13,143,3,5,Haralson County               ,4,4,670231,0,0,0,0,0,0,0,0,0,4,4,670231,0,0,0,0,0,0,0,0,0
200711,13,145,3,5,Harris County                 ,8,8,1590340,0,0,0,0,0,0,0,0,0,8,8,1590340,0,0,0,0,0,0,0,0,0
200711,13,149,3,5,Heard County                  ,3,3,368717,0,0,0,0,0,0,0,0,0,1,1,100000,0,0,0,0,0,0,0,0,0
200711,13,151,3,5,Henry County                  ,61,61,10896555,0,0,0,0,0,0,1,9,524551,42,42,8751876,0,0,0,0,0,0,0,0,0
200711,13,159,3,5,Jasper County                 ,6,6,766678,0,0,0,0,0,0,0,0,0,6,6,766678,0,0,0,0,0,0,0,0,0
200711,13,169,3,5,Jones County                  ,13,13,4115000,0,0,0,0,0,0,0,0,0,13,13,4115000,0,0,0,0,0,0,0,0,0
200711,13,171,3,5,Lamar County                  ,8,8,692727,0,0,0,0,0,0,0,0,0,8,8,692727,0,0,0,0,0,0,0,0,0
200711,13,177,3,5,Lee County                    ,13,13,1485707,0,0,0,0,0,0,0,0,0,0,0,0,0,0,0,0,0,0,0,0,0
200711,13,189,3,5,McDuffie County               ,3,3,490000,0,0,0,0,0,0,0,0,0,3,3,490000,0,0,0,0,0,0,0,0,0
200711,13,199,3,5,Meriwether County             ,6,6,1005347,0,0,0,0,0,0,0,0,0,6,6,1005347,0,0,0,0,0,0,0,0,0
200711,13,211,3,5,Morgan County                 ,10,10,2050000,0,0,0,0,0,0,0,0,0,10,10,2050000,0,0,0,0,0,0,0,0,0
200711,13,215,3,5,Muscogee County               ,27,27,2854496,0,0,0,1,4,181449,2,24,1851860,0,0,0,0,0,0,0,0,0,0,0,0
200711,13,217,3,5,Newton County                 ,36,36,3740786,0,0,0,0,0,0,0,0,0,36,36,3740786,0,0,0,0,0,0,0,0,0
200711,13,223,3,5,Paulding County               ,63,63,10710487,0,0,0,0,0,0,0,0,0,49,49,8210332,0,0,0,0,0,0,0,0,0
200711,13,227,3,5,Pickens County                ,12,12,2457000,0,0,0,0,0,0,0,0,0,12,12,2457000,0,0,0,0,0,0,0,0,0
200711,13,231,3,5,Pike County                   ,9,9,1167311,0,0,0,0,0,0,0,0,0,0,0,0,0,0,0,0,0,0,0,0,0
200711,13,237,3,5,Putnam County                 ,20,20,4858252,0,0,0,0,0,0,0,0,0,20,20,4858252,0,0,0,0,0,0,0,0,0
200711,13,239,3,5,Quitman County                ,0,0,0,0,0,0,0,0,0,0,0,0,0,0,0,0,0,0,0,0,0,0,0,0
200711,13,247,3,5,Rockdale County               ,27,27,8582129,0,0,0,0,0,0,0,0,0,27,27,8582129,0,0,0,0,0,0,0,0,0
200711,13,255,3,5,Spalding County               ,21,21,2859802,0,0,0,0,0,0,0,0,0,21,21,2859802,0,0,0,0,0,0,0,0,0
200711,13,291,3,5,Union County                  ,15,15,2558163,0,0,0,0,0,0,0,0,0,15,15,2558163,0,0,0,0,0,0,0,0,0
200711,13,297,3,5,Walton County                 ,40,40,5570162,0,0,0,0,0,0,0,0,0,29,29,3937647,0,0,0,0,0,0,0,0,0
200711,13,313,3,5,Whitfield County              ,16,16,1963108,1,2,96302,1,3,171853,1,6,308871,0,0,0,0,0,0,0,0,0,0,0,0
200711,13,321,3,5,Worth County                  ,2,2,261905,0,0,0,0,0,0,0,0,0,0,0,0,0,0,0,0,0,0,0,0,0
200711,15,001,4,9,Hawaii County                 ,101,101,25563872,0,0,0,2,7,2007575,2,13,2181099,0,0,0,0,0,0,0,0,0,0,0,0
200711,15,003,4,9,Honolulu County               ,52,52,14394318,0,0,0,0,0,0,1,59,7444402,0,0,0,0,0,0,0,0,0,0,0,0
200711,15,007,4,9,Kauai County                  ,26,26,9589550,0,0,0,0,0,0,0,0,0,26,26,9589550,0,0,0,0,0,0,0,0,0
200711,15,009,4,9,Maui County                   ,64,64,12838381,2,4,465324,0,0,0,0,0,0,64,64,12838381,2,4,465324,0,0,0,0,0,0
200711,16,001,4,8,Ada County                    ,127,127,29861560,1,2,160000,24,95,9300959,0,0,0,78,78,19332865,1,2,160000,23,92,8952000,0,0,0
200711,16,015,4,8,Boise County                  ,6,6,1357236,0,0,0,0,0,0,0,0,0,2,2,574040,0,0,0,0,0,0,0,0,0
200711,16,027,4,8,Canyon County                 ,66,66,9216745,1,2,118328,0,0,0,0,0,0,64,64,8992863,1,2,118328,0,0,0,0,0,0
200711,16,045,4,8,Gem County                    ,3,3,502008,0,0,0,0,0,0,0,0,0,3,3,502008,0,0,0,0,0,0,0,0,0
200711,16,073,4,8,Owyhee County                 ,3,3,830834,0,0,0,0,0,0,0,0,0,2,2,706908,0,0,0,0,0,0,0,0,0
200711,17,005,2,3,Bond County                   ,3,3,600000,0,0,0,0,0,0,0,0,0,3,3,600000,0,0,0,0,0,0,0,0,0
200711,17,013,2,3,Calhoun County                ,0,0,0,0,0,0,0,0,0,0,0,0,0,0,0,0,0,0,0,0,0,0,0,0
200711,17,027,2,3,Clinton County                ,9,9,1921514,0,0,0,0,0,0,0,0,0,9,9,1921514,0,0,0,0,0,0,0,0,0
200711,17,031,2,3,Cook County                   ,245,245,66006557,10,20,2146991,34,112,10596968,39,755,63381277,227,227,61204998,9,18,1885561,34,112,10596968,37,720,60550525
200711,17,037,2,3,DeKalb County                 ,25,25,3572451,0,0,0,0,0,0,1,5,203889,16,16,2392593,0,0,0,0,0,0,0,0,0
200711,17,039,2,3,De Witt County                ,1,1,30000,0,0,0,0,0,0,0,0,0,1,1,30000,0,0,0,0,0,0,0,0,0
200711,17,043,2,3,DuPage County                 ,81,81,35787821,0,0,0,0,0,0,3,42,2917097,52,52,25816365,0,0,0,0,0,0,1,29,1500000
200711,17,063,2,3,Grundy County                 ,5,5,712570,0,0,0,0,0,0,0,0,0,2,2,285000,0,0,0,0,0,0,0,0,0
200711,17,083,2,3,Jersey County                 ,6,6,1047769,0,0,0,0,0,0,0,0,0,4,4,780656,0,0,0,0,0,0,0,0,0
200711,17,089,2,3,Kane County                   ,126,126,38592997,0,0,0,0,0,0,0,0,0,111,111,34485540,0,0,0,0,0,0,0,0,0
200711,17,093,2,3,Kendall County                ,39,39,6359834,0,0,0,0,0,0,0,0,0,39,39,6359834,0,0,0,0,0,0,0,0,0
200711,17,097,2,3,Lake County                   ,77,77,23804847,0,0,0,1,4,203792,2,13,1713934,48,48,16313904,0,0,0,0,0,0,0,0,0
200711,17,111,2,3,McHenry County                ,62,62,15423658,2,4,602791,0,0,0,0,0,0,43,43,11670843,0,0,0,0,0,0,0,0,0
200711,17,117,2,3,Macoupin County               ,6,6,1320616,0,0,0,0,0,0,0,0,0,3,3,770000,0,0,0,0,0,0,0,0,0
200711,17,119,2,3,Madison County                ,50,50,10232379,2,4,360048,2,7,433254,0,0,0,45,45,9616797,0,0,0,1,4,250000,0,0,0
200711,17,133,2,3,Monroe County                 ,9,9,2509596,0,0,0,0,0,0,0,0,0,3,3,1155000,0,0,0,0,0,0,0,0,0
200711,17,163,2,3,St. Clair County              ,70,70,12742134,1,2,180000,0,0,0,3,37,1983333,41,41,6450790,1,2,180000,0,0,0,2,32,1700000
200711,17,197,2,3,Will County                   ,183,183,48059190,0,0,0,0,0,0,0,0,0,181,181,47872314,0,0,0,0,0,0,0,0,0
200711,18,001,2,3,Adams County                  ,10,10,1356000,0,0,0,0,0,0,0,0,0,10,10,1356000,0,0,0,0,0,0,0,0,0
200711,18,003,2,3,Allen County                  ,53,53,12609690,0,0,0,0,0,0,3,17,756200,53,53,12609690,0,0,0,0,0,0,3,17,756200
200711,18,011,2,3,Boone County                  ,24,24,5407750,1,2,280000,0,0,0,0,0,0,18,18,4385500,0,0,0,0,0,0,0,0,0
200711,18,013,2,3,Brown County                  ,19,19,3708118,0,0,0,0,0,0,0,0,0,19,19,3708118,0,0,0,0,0,0,0,0,0
200711,18,019,2,3,Clark County                  ,20,20,4021320,2,4,255000,0,0,0,0,0,0,19,19,3840820,2,4,255000,0,0,0,0,0,0
200711,18,029,2,3,Dearborn County               ,5,5,1157900,0,0,0,0,0,0,0,0,0,5,5,1157900,0,0,0,0,0,0,0,0,0
200711,18,043,2,3,Floyd County                  ,14,14,3602612,0,0,0,0,0,0,0,0,0,12,12,3311142,0,0,0,0,0,0,0,0,0
200711,18,047,2,3,Franklin County               ,5,5,715000,0,0,0,0,0,0,0,0,0,5,5,715000,0,0,0,0,0,0,0,0,0
200711,18,057,2,3,Hamilton County               ,162,162,34115045,3,6,628520,0,0,0,0,0,0,161,161,33984283,3,6,628520,0,0,0,0,0,0
200711,18,059,2,3,Hancock County                ,32,32,4729237,0,0,0,0,0,0,0,0,0,32,32,4729237,0,0,0,0,0,0,0,0,0
200711,18,061,2,3,Harrison County               ,9,9,1200000,0,0,0,0,0,0,0,0,0,9,9,1200000,0,0,0,0,0,0,0,0,0
200711,18,063,2,3,Hendricks County              ,62,62,9277982,0,0,0,0,0,0,0,0,0,60,60,8910219,0,0,0,0,0,0,0,0,0
200711,18,065,2,3,Henry County                  ,3,3,623846,0,0,0,0,0,0,0,0,0,3,3,623846,0,0,0,0,0,0,0,0,0
200711,18,069,2,3,Huntington County             ,3,3,665000,0,0,0,0,0,0,0,0,0,3,3,665000,0,0,0,0,0,0,0,0,0
200711,18,073,2,3,Jasper County                 ,19,19,2809164,0,0,0,2,8,800000,0,0,0,19,19,2809164,0,0,0,2,8,800000,0,0,0
200711,18,079,2,3,Jennings County               ,7,7,559582,0,0,0,0,0,0,0,0,0,7,7,559582,0,0,0,0,0,0,0,0,0
200711,18,081,2,3,Johnson County                ,39,39,6802060,1,2,97625,0,0,0,0,0,0,36,36,6455353,0,0,0,0,0,0,0,0,0
200711,18,087,2,3,Lagrange County               ,14,14,1677378,0,0,0,0,0,0,0,0,0,0,0,0,0,0,0,0,0,0,0,0,0
200711,18,089,2,3,Lake County                   ,119,119,22481298,5,10,875158,0,0,0,0,0,0,111,111,21400020,0,0,0,0,0,0,0,0,0
200711,18,097,2,3,Marion County                 ,75,75,14573529,21,42,4399643,11,37,3500784,3,48,4019280,66,66,12880830,21,42,4399643,11,37,3500784,3,48,4019280
200711,18,105,2,3,Monroe County                 ,23,23,3515145,0,0,0,0,0,0,9,249,17018652,23,23,3515145,0,0,0,0,0,0,9,249,17018652
200711,18,109,2,3,Morgan County                 ,12,12,2544995,1,2,290000,0,0,0,0,0,0,11,11,2435000,1,2,290000,0,0,0,0,0,0
200711,18,111,2,3,Newton County                 ,4,4,745000,0,0,0,0,0,0,0,0,0,4,4,745000,0,0,0,0,0,0,0,0,0
200711,18,115,2,3,Ohio County                   ,5,5,527000,0,0,0,0,0,0,0,0,0,5,5,527000,0,0,0,0,0,0,0,0,0
200711,18,125,2,3,Pike County                   ,4,4,903000,0,0,0,0,0,0,0,0,0,4,4,903000,0,0,0,0,0,0,0,0,0
200711,18,127,2,3,Porter County                 ,54,54,12462527,0,0,0,0,0,0,0,0,0,54,54,12462527,0,0,0,0,0,0,0,0,0
200711,18,133,2,3,Putnam County                 ,7,7,1366149,0,0,0,0,0,0,0,0,0,7,7,1366149,0,0,0,0,0,0,0,0,0
200711,18,145,2,3,Shelby County                 ,6,6,723905,0,0,0,1,3,0,0,0,0,6,6,723905,0,0,0,0,0,0,0,0,0
200711,18,155,2,3,Switzerland County            ,7,7,407863,0,0,0,0,0,0,0,0,0,0,0,0,0,0,0,0,0,0,0,0,0
200711,18,157,2,3,Tippecanoe County             ,51,51,8344534,0,0,0,0,0,0,0,0,0,51,51,8344534,0,0,0,0,0,0,0,0,0
200711,18,163,2,3,Vanderburgh County            ,21,21,2618289,0,0,0,0,0,0,2,10,416675,0,0,0,0,0,0,0,0,0,0,0,0
200711,18,167,2,3,Vigo County                   ,16,16,1951659,0,0,0,0,0,0,0,0,0,16,16,1951659,0,0,0,0,0,0,0,0,0
200711,18,175,2,3,Washington County             ,2,2,650000,0,0,0,0,0,0,0,0,0,2,2,650000,0,0,0,0,0,0,0,0,0
200711,18,179,2,3,Wells County                  ,2,2,390328,0,0,0,0,0,0,0,0,0,2,2,390328,0,0,0,0,0,0,0,0,0
200711,18,181,2,3,White County                  ,12,12,1293729,0,0,0,0,0,0,0,0,0,12,12,1293729,0,0,0,0,0,0,0,0,0
200711,18,183,2,3,Whitley County                ,16,16,2333000,0,0,0,0,0,0,0,0,0,16,16,2333000,0,0,0,0,0,0,0,0,0
200711,19,049,2,4,Dallas County                 ,20,20,4873431,0,0,0,0,0,0,0,0,0,19,19,4693830,0,0,0,0,0,0,0,0,0
200711,19,077,2,4,Guthrie County                ,1,1,190000,0,0,0,0,0,0,0,0,0,1,1,190000,0,0,0,0,0,0,0,0,0
200711,19,085,2,4,Harrison County               ,2,2,390328,0,0,0,0,0,0,0,0,0,2,2,390328,0,0,0,0,0,0,0,0,0
200711,19,121,2,4,Madison County                ,5,5,866201,0,0,0,0,0,0,0,0,0,0,0,0,0,0,0,0,0,0,0,0,0
200711,19,129,2,4,Mills County                  ,3,3,395000,0,0,0,0,0,0,0,0,0,3,3,395000,0,0,0,0,0,0,0,0,0
200711,19,153,2,4,Polk County                   ,144,144,25307110,1,2,304000,2,8,666311,2,13,1514507,113,113,19897379,1,2,304000,2,8,666311,1,6,795523
200711,19,155,2,4,Pottawattamie County          ,25,25,3505752,0,0,0,0,0,0,0,0,0,23,23,3162502,0,0,0,0,0,0,0,0,0
200711,19,181,2,4,Warren County                 ,17,17,3123138,1,2,300250,0,0,0,0,0,0,16,16,2889801,1,2,300250,0,0,0,0,0,0
200711,20,055,2,4,Finney County                 ,0,0,0,0,0,0,0,0,0,0,0,0,0,0,0,0,0,0,0,0,0,0,0,0
200711,20,059,2,4,Franklin County               ,11,11,1921577,0,0,0,0,0,0,0,0,0,11,11,1921577,0,0,0,0,0,0,0,0,0
200711,20,063,2,4,Gove County                   ,0,0,0,0,0,0,0,0,0,0,0,0,0,0,0,0,0,0,0,0,0,0,0,0
200711,20,091,2,4,Johnson County                ,85,85,30070408,1,2,200788,1,4,453984,1,81,6571240,76,76,28323110,0,0,0,0,0,0,1,81,6571240
200711,20,103,2,4,Leavenworth County            ,47,47,5979470,0,0,0,0,0,0,0,0,0,47,47,5979470,0,0,0,0,0,0,0,0,0
200711,20,107,2,4,Linn County                   ,2,2,367763,0,0,0,0,0,0,0,0,0,0,0,0,0,0,0,0,0,0,0,0,0
200711,20,121,2,4,Miami County                  ,7,7,1121340,0,0,0,0,0,0,0,0,0,4,4,405490,0,0,0,0,0,0,0,0,0
200711,20,129,2,4,Morton County                 ,0,0,0,0,0,0,0,0,0,0,0,0,0,0,0,0,0,0,0,0,0,0,0,0
200711,20,151,2,4,Pratt County                  ,0,0,0,0,0,0,0,0,0,0,0,0,0,0,0,0,0,0,0,0,0,0,0,0
200711,20,183,2,4,Smith County                  ,0,0,0,0,0,0,0,0,0,0,0,0,0,0,0,0,0,0,0,0,0,0,0,0
200711,20,209,2,4,Wyandotte County              ,21,21,3180231,0,0,0,0,0,0,1,43,3168700,21,21,3180231,0,0,0,0,0,0,1,43,3168700
200711,21,005,3,6,Anderson County               ,3,3,422780,0,0,0,0,0,0,0,0,0,3,3,422780,0,0,0,0,0,0,0,0,0
200711,21,015,3,6,Boone County                  ,35,35,5864523,0,0,0,0,0,0,2,15,1488242,35,35,5864523,0,0,0,0,0,0,2,15,1488242
200711,21,021,3,6,Boyle County                  ,6,6,716000,1,2,135000,0,0,0,0,0,0,6,6,716000,1,2,135000,0,0,0,0,0,0
200711,21,029,3,6,Bullitt County                ,13,13,2358963,0,0,0,0,0,0,0,0,0,13,13,2358963,0,0,0,0,0,0,0,0,0
200711,21,037,3,6,Campbell County               ,7,7,1215294,0,0,0,0,0,0,0,0,0,6,6,889726,0,0,0,0,0,0,0,0,0
200711,21,049,3,6,Clark County                  ,9,9,1329285,0,0,0,0,0,0,0,0,0,0,0,0,0,0,0,0,0,0,0,0,0
200711,21,059,3,6,Daviess County                ,19,19,2047286,0,0,0,6,24,693583,0,0,0,19,19,2047286,0,0,0,6,24,693583,0,0,0
200711,21,067,3,6,Fayette County                ,87,87,10788000,1,2,130000,0,0,0,0,0,0,87,87,10788000,1,2,130000,0,0,0,0,0,0
200711,21,077,3,6,Gallatin County               ,0,0,0,0,0,0,0,0,0,0,0,0,0,0,0,0,0,0,0,0,0,0,0,0
200711,21,081,3,6,Grant County                  ,3,3,313000,0,0,0,0,0,0,0,0,0,3,3,313000,0,0,0,0,0,0,0,0,0
200711,21,103,3,6,Henry County                  ,2,2,362443,0,0,0,0,0,0,0,0,0,0,0,0,0,0,0,0,0,0,0,0,0
200711,21,111,3,6,Jefferson County              ,98,98,18086105,0,0,0,0,0,0,0,0,0,98,98,18086105,0,0,0,0,0,0,0,0,0
200711,21,113,3,6,Jessamine County              ,8,8,1571000,0,0,0,0,0,0,0,0,0,8,8,1571000,0,0,0,0,0,0,0,0,0
200711,21,117,3,6,Kenton County                 ,27,27,3600198,0,0,0,0,0,0,2,11,392365,18,18,2842047,0,0,0,0,0,0,0,0,0
200711,21,137,3,6,Lincoln County                ,7,7,1193809,0,0,0,0,0,0,0,0,0,7,7,1193809,0,0,0,0,0,0,0,0,0
200711,21,151,3,6,Madison County                ,15,15,1596647,1,2,129703,0,0,0,0,0,0,5,5,725000,0,0,0,0,0,0,0,0,0
200711,21,157,3,6,Marshall County               ,1,1,121209,0,0,0,0,0,0,0,0,0,0,0,0,0,0,0,0,0,0,0,0,0
200711,21,163,3,6,Meade County                  ,9,9,1410000,0,0,0,0,0,0,0,0,0,9,9,1410000,0,0,0,0,0,0,0,0,0
200711,21,167,3,6,Mercer County                 ,3,3,279000,0,0,0,0,0,0,0,0,0,3,3,279000,0,0,0,0,0,0,0,0,0
200711,21,179,3,6,Nelson County                 ,28,28,3049000,0,0,0,0,0,0,0,0,0,28,28,3049000,0,0,0,0,0,0,0,0,0
200711,21,185,3,6,Oldham County                 ,18,18,4599710,0,0,0,0,0,0,0,0,0,0,0,0,0,0,0,0,0,0,0,0,0
200711,21,191,3,6,Pendleton County              ,0,0,0,0,0,0,0,0,0,0,0,0,0,0,0,0,0,0,0,0,0,0,0,0
200711,21,205,3,6,Rowan County                  ,0,0,0,0,0,0,0,0,0,0,0,0,0,0,0,0,0,0,0,0,0,0,0,0
200711,21,209,3,6,Scott County                  ,19,19,2952800,0,0,0,0,0,0,0,0,0,19,19,2952800,0,0,0,0,0,0,0,0,0
200711,21,211,3,6,Shelby County                 ,12,12,2178000,0,0,0,0,0,0,0,0,0,12,12,2178000,0,0,0,0,0,0,0,0,0
200711,21,213,3,6,Simpson County                ,4,4,482253,0,0,0,0,0,0,0,0,0,0,0,0,0,0,0,0,0,0,0,0,0
200711,21,215,3,6,Spencer County                ,14,14,2345809,0,0,0,0,0,0,0,0,0,14,14,2345809,0,0,0,0,0,0,0,0,0
200711,21,221,3,6,Trigg County                  ,4,4,490000,0,0,0,0,0,0,0,0,0,4,4,490000,0,0,0,0,0,0,0,0,0
200711,21,239,3,6,Woodford County               ,7,7,1432401,0,0,0,0,0,0,0,0,0,0,0,0,0,0,0,0,0,0,0,0,0
200711,22,009,3,7,Avoyelles Parish              ,9,9,1096484,0,0,0,0,0,0,0,0,0,0,0,0,0,0,0,0,0,0,0,0,0
200711,22,051,3,7,Jefferson Parish              ,28,28,4545000,0,0,0,0,0,0,0,0,0,28,28,4545000,0,0,0,0,0,0,0,0,0
200711,22,071,3,7,Orleans Parish                ,117,117,16114251,17,34,2285000,0,0,0,5,96,14140000,117,117,16114251,17,34,2285000,0,0,0,5,96,14140000
200711,22,075,3,7,Plaquemines Parish            ,15,15,1216760,0,0,0,0,0,0,0,0,0,15,15,1216760,0,0,0,0,0,0,0,0,0
200711,22,077,3,7,Pointe Coupee Parish          ,6,6,963000,0,0,0,0,0,0,0,0,0,6,6,963000,0,0,0,0,0,0,0,0,0
200711,22,087,3,7,St. Bernard Parish            ,17,17,1916200,0,0,0,0,0,0,0,0,0,17,17,1916200,0,0,0,0,0,0,0,0,0
200711,22,089,3,7,St. Charles Parish            ,9,9,1933876,0,0,0,0,0,0,0,0,0,9,9,1933876,0,0,0,0,0,0,0,0,0
200711,22,095,3,7,St. John the Baptist Parish   ,10,10,1398065,0,0,0,0,0,0,1,5,650000,0,0,0,0,0,0,0,0,0,0,0,0
200711,22,103,3,7,St. Tammany Parish            ,89,89,32686579,0,0,0,0,0,0,1,8,1014000,85,85,31930916,0,0,0,0,0,0,1,8,1014000
200711,22,109,3,7,Terrebonne Parish             ,22,22,6658583,0,0,0,0,0,0,0,0,0,22,22,6658583,0,0,0,0,0,0,0,0,0
200711,23,000,1,1,Maine Unorganized Territory   ,7,7,929601,0,0,0,0,0,0,0,0,0,0,0,0,0,0,0,0,0,0,0,0,0
200711,24,003,3,5,Anne Arundel County           ,89,89,15157220,0,0,0,0,0,0,0,0,0,86,86,14409971,0,0,0,0,0,0,0,0,0
200711,24,005,3,5,Baltimore County              ,67,67,11226372,0,0,0,0,0,0,0,0,0,67,67,11226372,0,0,0,0,0,0,0,0,0
200711,24,009,3,5,Calvert County                ,12,12,2010694,0,0,0,0,0,0,0,0,0,12,12,2010694,0,0,0,0,0,0,0,0,0
200711,24,013,3,5,Carroll County                ,11,11,1843136,0,0,0,0,0,0,0,0,0,11,11,1843136,0,0,0,0,0,0,0,0,0
200711,24,015,3,5,Cecil County                  ,18,18,2909205,0,0,0,0,0,0,0,0,0,18,18,2909205,0,0,0,0,0,0,0,0,0
200711,24,017,3,5,Charles County                ,39,39,9257658,0,0,0,0,0,0,4,226,24301520,35,35,8626421,0,0,0,0,0,0,4,226,24301520
200711,24,021,3,5,Frederick County              ,34,34,5804292,0,0,0,0,0,0,0,0,0,34,34,5804292,0,0,0,0,0,0,0,0,0
200711,24,023,3,5,Garrett County                ,11,11,3416400,0,0,0,0,0,0,0,0,0,11,11,3416400,0,0,0,0,0,0,0,0,0
200711,24,025,3,5,Harford County                ,35,35,5864523,0,0,0,0,0,0,1,16,1600000,35,35,5864523,0,0,0,0,0,0,1,16,1600000
200711,24,027,3,5,Howard County                 ,44,44,7372543,0,0,0,3,11,1133110,1,5,496081,44,44,7372543,0,0,0,3,11,1133110,1,5,496081
200711,24,031,3,5,Montgomery County             ,56,56,19646474,0,0,0,0,0,0,0,0,0,53,53,18862379,0,0,0,0,0,0,0,0,0
200711,24,033,3,5,Prince George County          ,104,104,17632618,0,0,0,0,0,0,0,0,0,101,101,16923337,0,0,0,0,0,0,0,0,0
200711,24,035,3,5,Queen Anne County             ,8,8,945417,0,0,0,0,0,0,0,0,0,8,8,945417,0,0,0,0,0,0,0,0,0
200711,24,510,3,5,Baltimore (Independent City)  ,12,12,1973845,0,0,0,0,0,0,1,23,2177561,0,0,0,0,0,0,0,0,0,0,0,0
200711,25,009,1,1,Essex County                  ,50,50,13419292,5,10,1090000,4,13,1374385,3,28,3397069,36,36,9883308,5,10,1090000,2,7,1013000,0,0,0
200711,25,017,1,1,Middlesex County              ,120,120,30278454,4,8,1040000,1,4,435360,4,59,8387833,85,85,23918086,3,6,900000,1,4,435360,2,48,7252208
200711,25,019,1,1,Nantucket County              ,5,5,1800000,0,0,0,0,0,0,0,0,0,5,5,1800000,0,0,0,0,0,0,0,0,0
200711,25,021,1,1,Norfolk County                ,58,58,21844285,1,2,198194,0,0,0,5,66,6488090,47,47,18004394,0,0,0,0,0,0,0,0,0
200711,25,023,1,1,Plymouth County               ,90,90,19748664,3,6,870723,0,0,0,0,0,0,52,52,12704848,1,2,220827,0,0,0,0,0,0
200711,25,025,1,1,Suffolk County                ,5,5,982488,0,0,0,3,10,893610,1,5,1296295,5,5,982488,0,0,0,3,10,893610,0,0,0
200711,26,000,2,3,Michigan Balance of State     ,7,7,715734,0,0,0,0,0,0,1,5,440432,7,7,715734,0,0,0,0,0,0,1,5,440432
200711,26,001,2,3,Alcona County                 ,4,4,530000,0,0,0,0,0,0,0,0,0,4,4,530000,0,0,0,0,0,0,0,0,0
200711,26,009,2,3,Antrim County                 ,12,12,1406555,0,0,0,0,0,0,0,0,0,12,12,1406555,0,0,0,0,0,0,0,0,0
200711,26,015,2,3,Barry County                  ,10,10,1125000,0,0,0,0,0,0,0,0,0,9,9,988000,0,0,0,0,0,0,0,0,0
200711,26,019,2,3,Benzie County                 ,11,11,1364000,0,0,0,0,0,0,0,0,0,11,11,1364000,0,0,0,0,0,0,0,0,0
200711,26,029,2,3,Charlevoix County             ,13,13,1678407,0,0,0,0,0,0,0,0,0,0,0,0,0,0,0,0,0,0,0,0,0
200711,26,031,2,3,Cheboygan County              ,6,6,1320000,0,0,0,0,0,0,0,0,0,6,6,1320000,0,0,0,0,0,0,0,0,0
200711,26,047,2,3,Emmet County                  ,10,10,3148690,0,0,0,0,0,0,1,9,531941,8,8,2624908,0,0,0,0,0,0,0,0,0
200711,26,051,2,3,Gladwin County                ,8,8,1222659,0,0,0,0,0,0,0,0,0,8,8,1222659,0,0,0,0,0,0,0,0,0
200711,26,067,2,3,Ionia County                  ,8,8,1471050,0,0,0,0,0,0,1,5,422672,0,0,0,0,0,0,0,0,0,0,0,0
200711,26,079,2,3,Kalkaska County               ,4,4,420000,0,0,0,0,0,0,0,0,0,4,4,420000,0,0,0,0,0,0,0,0,0
200711,26,081,2,3,Kent County                   ,88,88,19393275,1,2,107000,0,0,0,1,8,879544,77,77,18180192,0,0,0,0,0,0,0,0,0
200711,26,087,2,3,Lapeer County                 ,12,12,1855000,0,0,0,0,0,0,0,0,0,12,12,1855000,0,0,0,0,0,0,0,0,0
200711,26,089,2,3,Leelanau County               ,18,18,4041940,0,0,0,0,0,0,0,0,0,18,18,4041940,0,0,0,0,0,0,0,0,0
200711,26,093,2,3,Livingston County             ,30,30,5241289,0,0,0,0,0,0,0,0,0,28,28,5036142,0,0,0,0,0,0,0,0,0
200711,26,099,2,3,Macomb County                 ,36,36,6711538,0,0,0,0,0,0,1,48,1920000,27,27,4473625,0,0,0,0,0,0,1,48,1920000
200711,26,103,2,3,Marquette County              ,8,8,860000,0,0,0,0,0,0,0,0,0,8,8,860000,0,0,0,0,0,0,0,0,0
200711,26,113,2,3,Missaukee County              ,0,0,0,0,0,0,0,0,0,0,0,0,0,0,0,0,0,0,0,0,0,0,0,0
200711,26,123,2,3,Newaygo County                ,14,14,713025,2,4,297000,0,0,0,0,0,0,12,12,497000,2,4,297000,0,0,0,0,0,0
200711,26,125,2,3,Oakland County                ,55,55,12860263,0,0,0,1,3,239084,0,0,0,35,35,8624401,0,0,0,0,0,0,0,0,0
200711,26,129,2,3,Ogemaw County                 ,3,3,128000,0,0,0,0,0,0,0,0,0,3,3,128000,0,0,0,0,0,0,0,0,0
200711,26,133,2,3,Osceola County                ,3,3,95000,0,0,0,0,0,0,0,0,0,3,3,95000,0,0,0,0,0,0,0,0,0
200711,26,137,2,3,Otsego County                 ,4,4,812967,0,0,0,0,0,0,0,0,0,0,0,0,0,0,0,0,0,0,0,0,0
200711,26,141,2,3,Presque Isle County           ,3,3,325000,0,0,0,0,0,0,0,0,0,3,3,325000,0,0,0,0,0,0,0,0,0
200711,26,147,2,3,St. Clair County              ,9,9,1639844,0,0,0,0,0,0,0,0,0,6,6,1280068,0,0,0,0,0,0,0,0,0
200711,26,163,2,3,Wayne County                  ,59,59,11292519,0,0,0,1,3,346037,2,51,4074485,46,46,9301563,0,0,0,1,3,346037,1,46,3292610
200711,27,003,2,4,Anoka County                  ,56,56,10295944,0,0,0,0,0,0,0,0,0,33,33,5811676,0,0,0,0,0,0,0,0,0
200711,27,019,2,4,Carver County                 ,30,30,10231087,0,0,0,0,0,0,1,8,1200000,22,22,8302447,0,0,0,0,0,0,1,8,1200000
200711,27,025,2,4,Chisago County                ,10,10,1626657,0,0,0,0,0,0,0,0,0,10,10,1626657,0,0,0,0,0,0,0,0,0
200711,27,037,2,4,Dakota County                 ,41,41,10498879,2,4,717000,1,3,356455,0,0,0,34,34,8894576,2,4,717000,0,0,0,0,0,0
200711,27,053,2,4,Hennepin County               ,102,102,39493878,1,2,146406,2,7,1090000,4,186,26000564,89,89,33215345,1,2,146406,2,7,1090000,2,156,21229242
200711,27,059,2,4,Isanti County                 ,4,4,847849,0,0,0,0,0,0,0,0,0,4,4,847849,0,0,0,0,0,0,0,0,0
200711,27,123,2,4,Ramsey County                 ,18,18,3628969,0,0,0,0,0,0,0,0,0,18,18,3628969,0,0,0,0,0,0,0,0,0
200711,27,139,2,4,Scott County                  ,49,49,11682470,0,0,0,0,0,0,0,0,0,49,49,11682470,0,0,0,0,0,0,0,0,0
200711,27,141,2,4,Sherburne County              ,15,15,2483671,0,0,0,0,0,0,0,0,0,14,14,2324338,0,0,0,0,0,0,0,0,0
200711,27,163,2,4,Washington County             ,52,52,14694815,0,0,0,0,0,0,0,0,0,51,51,14360327,0,0,0,0,0,0,0,0,0
200711,27,171,2,4,Wright County                 ,38,38,5813624,0,0,0,0,0,0,0,0,0,31,31,4402114,0,0,0,0,0,0,0,0,0
200711,28,021,3,6,Claiborne County              ,0,0,0,0,0,0,0,0,0,0,0,0,0,0,0,0,0,0,0,0,0,0,0,0
200711,28,033,3,6,DeSoto County                 ,62,62,8656047,0,0,0,0,0,0,0,0,0,62,62,8656047,0,0,0,0,0,0,0,0,0
200711,28,039,3,6,George County                 ,0,0,0,0,0,0,0,0,0,0,0,0,0,0,0,0,0,0,0,0,0,0,0,0
200711,28,071,3,6,Lafayette County              ,7,7,757000,0,0,0,0,0,0,0,0,0,7,7,757000,0,0,0,0,0,0,0,0,0
200711,28,091,3,6,Marion County                 ,3,3,350000,0,0,0,0,0,0,0,0,0,3,3,350000,0,0,0,0,0,0,0,0,0
200711,28,093,3,6,Marshall County               ,13,13,1970960,0,0,0,0,0,0,0,0,0,0,0,0,0,0,0,0,0,0,0,0,0
200711,28,137,3,6,Tate County                   ,7,7,650986,0,0,0,0,0,0,0,0,0,1,1,113000,0,0,0,0,0,0,0,0,0
200711,28,143,3,6,Tunica County                 ,1,1,80191,0,0,0,0,0,0,0,0,0,0,0,0,0,0,0,0,0,0,0,0,0
200711,28,153,3,6,Wayne County                  ,0,0,0,0,0,0,0,0,0,0,0,0,0,0,0,0,0,0,0,0,0,0,0,0
200711,29,001,2,4,Adair County                  ,2,2,513679,0,0,0,0,0,0,0,0,0,2,2,513679,0,0,0,0,0,0,0,0,0
200711,29,013,2,4,Bates County                  ,0,0,0,0,0,0,0,0,0,0,0,0,0,0,0,0,0,0,0,0,0,0,0,0
200711,29,019,2,4,Boone County                  ,75,75,13520892,0,0,0,0,0,0,0,0,0,75,75,13520892,0,0,0,0,0,0,0,0,0
200711,29,025,2,4,Caldwell County               ,1,1,191600,0,0,0,0,0,0,0,0,0,0,0,0,0,0,0,0,0,0,0,0,0
200711,29,037,2,4,Cass County                   ,27,27,6140756,0,0,0,1,3,144296,0,0,0,24,24,5819354,0,0,0,0,0,0,0,0,0
200711,29,047,2,4,Clay County                   ,14,14,2319900,0,0,0,0,0,0,0,0,0,14,14,2319900,0,0,0,0,0,0,0,0,0
200711,29,049,2,4,Clinton County                ,4,4,762872,0,0,0,0,0,0,0,0,0,1,1,270000,0,0,0,0,0,0,0,0,0
200711,29,065,2,4,Dent County                   ,0,0,0,0,0,0,0,0,0,0,0,0,0,0,0,0,0,0,0,0,0,0,0,0
200711,29,071,2,4,Franklin County               ,26,26,5519402,0,0,0,2,8,1056156,0,0,0,10,10,1545083,0,0,0,2,8,1056156,0,0,0
200711,29,079,2,4,Grundy County                 ,1,1,79580,0,0,0,0,0,0,0,0,0,0,0,0,0,0,0,0,0,0,0,0,0
200711,29,095,2,4,Jackson County                ,119,119,19906258,0,0,0,5,20,1818853,0,0,0,114,114,19021886,0,0,0,5,20,1818853,0,0,0
200711,29,099,2,4,Jefferson County              ,74,74,9928311,1,2,140000,6,24,1542020,0,0,0,74,74,9928311,1,2,140000,6,24,1542020,0,0,0
200711,29,105,2,4,Laclede County                ,4,4,399450,1,2,113595,0,0,0,0,0,0,0,0,0,0,0,0,0,0,0,0,0,0
200711,29,107,2,4,Lafayette County              ,3,3,525472,0,0,0,0,0,0,0,0,0,0,0,0,0,0,0,0,0,0,0,0,0
200711,29,113,2,4,Lincoln County                ,9,9,988700,0,0,0,0,0,0,0,0,0,9,9,988700,0,0,0,0,0,0,0,0,0
200711,29,141,2,4,Morgan County                 ,0,0,0,0,0,0,0,0,0,0,0,0,0,0,0,0,0,0,0,0,0,0,0,0
200711,29,161,2,4,Phelps County                 ,0,0,0,2,4,484190,0,0,0,0,0,0,0,0,0,2,4,484190,0,0,0,0,0,0
200711,29,165,2,4,Platte County                 ,14,14,4893858,0,0,0,4,16,1080000,0,0,0,12,12,4594198,0,0,0,4,16,1080000,0,0,0
200711,29,177,2,4,Ray County                    ,2,2,265000,0,0,0,1,4,202000,0,0,0,2,2,265000,0,0,0,1,4,202000,0,0,0
200711,29,183,2,4,St. Charles County            ,124,124,23519534,2,4,430876,3,12,1056100,1,24,2726092,124,124,23519534,2,4,430876,3,12,1056100,1,24,2726092
200711,29,189,2,4,St. Louis County              ,62,62,22579558,0,0,0,0,0,0,1,8,461640,58,58,19578624,0,0,0,0,0,0,1,8,461640
200711,29,219,2,4,Warren County                 ,19,19,2826752,0,0,0,1,4,438253,0,0,0,18,18,2642871,0,0,0,1,4,438253,0,0,0
200711,29,221,2,4,Washington County             ,0,0,0,0,0,0,0,0,0,0,0,0,0,0,0,0,0,0,0,0,0,0,0,0
200711,29,510,2,4,St. Louis (Independent City)  ,15,15,2039250,0,0,0,0,0,0,1,7,425490,0,0,0,0,0,0,0,0,0,0,0,0
200711,30,023,4,8,Deer Lodge County             ,2,2,250500,0,0,0,0,0,0,0,0,0,2,2,250500,0,0,0,0,0,0,0,0,0
200711,30,063,4,8,Missoula County               ,15,15,1593371,2,4,269876,0,0,0,1,17,1193041,15,15,1593371,2,4,269876,0,0,0,1,17,1193041
200711,31,025,2,4,Cass County                   ,4,4,489724,0,0,0,0,0,0,0,0,0,4,4,489724,0,0,0,0,0,0,0,0,0
200711,31,033,2,4,Cheyenne County               ,1,1,202807,0,0,0,0,0,0,0,0,0,1,1,202807,0,0,0,0,0,0,0,0,0
200711,31,055,2,4,Douglas County                ,74,74,10546911,1,2,159907,4,15,797760,3,66,5981508,74,74,10546911,1,2,159907,4,15,797760,3,66,5981508
200711,31,077,2,4,Greeley County                ,0,0,0,0,0,0,0,0,0,0,0,0,0,0,0,0,0,0,0,0,0,0,0,0
200711,31,105,2,4,Kimball County                ,0,0,0,0,0,0,0,0,0,0,0,0,0,0,0,0,0,0,0,0,0,0,0,0
200711,31,153,2,4,Sarpy County                  ,58,58,10027688,0,0,0,0,0,0,1,5,216667,35,35,7440630,0,0,0,0,0,0,0,0,0
200711,31,155,2,4,Saunders County               ,6,6,635975,0,0,0,0,0,0,0,0,0,4,4,378263,0,0,0,0,0,0,0,0,0
200711,31,177,2,4,Washington County             ,4,4,787572,0,0,0,0,0,0,0,0,0,4,4,787572,0,0,0,0,0,0,0,0,0
200711,32,001,4,8,Churchill County              ,18,18,2402270,0,0,0,0,0,0,0,0,0,18,18,2402270,0,0,0,0,0,0,0,0,0
200711,32,003,4,8,Clark County                  ,660,660,121544455,1,2,232662,5,15,1553023,2,831,98927491,660,660,121544455,1,2,232662,5,15,1553023,1,826,98308042
200711,32,005,4,8,Douglas County                ,1,1,382942,0,0,0,0,0,0,0,0,0,1,1,382942,0,0,0,0,0,0,0,0,0
200711,32,007,4,8,Elko County                   ,15,15,1971405,0,0,0,0,0,0,0,0,0,15,15,1971405,0,0,0,0,0,0,0,0,0
200711,32,013,4,8,Humboldt County               ,1,1,131294,0,0,0,0,0,0,0,0,0,0,0,0,0,0,0,0,0,0,0,0,0
200711,32,015,4,8,Lander County                 ,0,0,0,0,0,0,0,0,0,0,0,0,0,0,0,0,0,0,0,0,0,0,0,0
200711,32,017,4,8,Lincoln County                ,1,1,163500,0,0,0,0,0,0,0,0,0,0,0,0,0,0,0,0,0,0,0,0,0
200711,32,019,4,8,Lyon County                   ,8,8,1166640,0,0,0,0,0,0,0,0,0,7,7,960307,0,0,0,0,0,0,0,0,0
200711,32,021,4,8,Mineral County                ,0,0,0,0,0,0,0,0,0,0,0,0,0,0,0,0,0,0,0,0,0,0,0,0
200711,32,027,4,8,Pershing County               ,0,0,0,0,0,0,0,0,0,0,0,0,0,0,0,0,0,0,0,0,0,0,0,0
200711,32,029,4,8,Storey County                 ,1,1,184131,0,0,0,0,0,0,0,0,0,0,0,0,0,0,0,0,0,0,0,0,0
200711,32,031,4,8,Washoe County                 ,98,98,19669913,0,0,0,1,3,251735,0,0,0,77,77,14259009,0,0,0,0,0,0,0,0,0
200711,32,033,4,8,White Pine County             ,0,0,0,0,0,0,0,0,0,0,0,0,0,0,0,0,0,0,0,0,0,0,0,0
200711,32,510,4,8,Carson City (Independent City),0,0,0,0,0,0,0,0,0,0,0,0,0,0,0,0,0,0,0,0,0,0,0,0
200711,33,015,1,1,Rockingham County             ,47,47,9827657,3,6,610841,1,3,305217,0,0,0,38,38,8063707,3,6,610841,0,0,0,0,0,0
200711,33,017,1,1,Strafford County              ,25,25,3985500,0,0,0,0,0,0,0,0,0,9,9,1277544,0,0,0,0,0,0,0,0,0
200711,34,001,1,2,Atlantic County               ,64,64,9470260,0,0,0,0,0,0,0,0,0,57,57,8547568,0,0,0,0,0,0,0,0,0
200711,34,003,1,2,Bergen County                 ,55,55,24100172,6,12,1766717,0,0,0,2,20,1855004,32,32,15551597,5,10,1586900,0,0,0,0,0,0
200711,34,005,1,2,Burlington County             ,45,45,8000267,0,0,0,0,0,0,2,12,769882,22,22,5081916,0,0,0,0,0,0,0,0,0
200711,34,007,1,2,Camden County                 ,43,43,4982971,1,2,36000,0,0,0,0,0,0,14,14,2144350,1,2,36000,0,0,0,0,0,0
200711,34,009,1,2,Cape May County               ,38,38,10765589,3,6,967000,1,3,725423,0,0,0,35,35,10261577,3,6,967000,1,3,725423,0,0,0
200711,34,011,1,2,Cumberland County             ,45,45,5670616,0,0,0,0,0,0,0,0,0,24,24,3622628,0,0,0,0,0,0,0,0,0
200711,34,013,1,2,Essex County                  ,41,41,11663047,13,26,2574913,11,33,2948914,3,31,5311394,33,33,10157145,13,26,2574913,11,33,2948914,2,13,1526435
200711,34,015,1,2,Gloucester County             ,57,57,7524099,0,0,0,0,0,0,0,0,0,50,50,6927382,0,0,0,0,0,0,0,0,0
200711,34,017,1,2,Hudson County                 ,15,15,2406991,8,16,985215,5,17,1942752,7,538,19398561,10,10,1561350,5,10,357375,5,17,1942752,5,503,10570100
200711,34,019,1,2,Hunterdon County              ,13,13,3332561,0,0,0,0,0,0,1,5,173250,6,6,2229994,0,0,0,0,0,0,0,0,0
200711,34,021,1,2,Mercer County                 ,21,21,3628120,2,4,209678,0,0,0,1,15,620654,8,8,2321600,0,0,0,0,0,0,0,0,0
200711,34,023,1,2,Middlesex County              ,90,90,13303731,1,2,87733,0,0,0,6,52,3491141,80,80,12116842,0,0,0,0,0,0,0,0,0
200711,34,025,1,2,Monmouth County               ,63,63,14036007,1,2,27000,0,0,0,7,191,18838102,47,47,10416696,1,2,27000,0,0,0,4,174,17406000
200711,34,027,1,2,Morris County                 ,40,40,11111366,2,4,400000,2,7,918650,3,37,3739495,23,23,6858800,2,4,400000,1,4,361250,1,8,1582500
200711,34,029,1,2,Ocean County                  ,88,88,14808605,0,0,0,1,4,3002000,0,0,0,67,67,10071589,0,0,0,1,4,3002000,0,0,0
200711,34,031,1,2,Passaic County                ,17,17,2432412,4,8,700000,0,0,0,2,41,391545,7,7,1057470,4,8,700000,0,0,0,1,36,60000
200711,34,033,1,2,Salem County                  ,7,7,828935,0,0,0,0,0,0,0,0,0,4,4,568310,0,0,0,0,0,0,0,0,0
200711,34,035,1,2,Somerset County               ,47,47,11964209,0,0,0,0,0,0,4,41,3565314,39,39,7853270,0,0,0,0,0,0,1,24,2064405
200711,34,037,1,2,Sussex County                 ,19,19,3730645,0,0,0,1,3,1174480,0,0,0,5,5,1458002,0,0,0,0,0,0,0,0,0
200711,34,039,1,2,Union County                  ,21,21,4739289,5,10,863100,0,0,0,3,50,3923123,4,4,1500300,5,10,863100,0,0,0,1,36,3500000
200711,34,041,1,2,Warren County                 ,20,20,2183086,0,0,0,0,0,0,2,11,566484,4,4,892050,0,0,0,0,0,0,0,0,0
200711,35,000,4,8,New Mexico Balance of State   ,85,85,28801856,0,0,0,0,0,0,0,0,0,85,85,28801856,0,0,0,0,0,0,0,0,0
200711,35,001,4,8,Bernalillo County             ,90,90,17646434,0,0,0,0,0,0,0,0,0,90,90,17646434,0,0,0,0,0,0,0,0,0
200711,35,005,4,8,Chaves County                 ,3,3,593498,0,0,0,0,0,0,0,0,0,0,0,0,0,0,0,0,0,0,0,0,0
200711,35,007,4,8,Colfax County                 ,1,1,349148,0,0,0,0,0,0,0,0,0,0,0,0,0,0,0,0,0,0,0,0,0
200711,35,009,4,8,Curry County                  ,4,4,622600,6,12,2043696,0,0,0,0,0,0,4,4,622600,6,12,2043696,0,0,0,0,0,0
200711,35,013,4,8,Dona Ana County               ,71,71,13795216,1,2,95000,0,0,0,0,0,0,71,71,13795216,1,2,95000,0,0,0,0,0,0
200711,35,015,4,8,Eddy County                   ,4,4,566131,0,0,0,1,4,250000,0,0,0,1,1,155000,0,0,0,1,4,250000,0,0,0
200711,35,025,4,8,Lea County                    ,6,6,1105000,2,4,502400,0,0,0,0,0,0,6,6,1105000,2,4,502400,0,0,0,0,0,0
200711,35,027,4,8,Lincoln County                ,9,9,1581939,0,0,0,1,3,131650,0,0,0,0,0,0,0,0,0,0,0,0,0,0,0
200711,35,028,4,8,Los Alamos County             ,0,0,0,0,0,0,0,0,0,0,0,0,0,0,0,0,0,0,0,0,0,0,0,0
200711,35,029,4,8,Luna County                   ,5,5,949409,0,0,0,0,0,0,0,0,0,0,0,0,0,0,0,0,0,0,0,0,0
200711,35,031,4,8,McKinley County               ,3,3,272000,0,0,0,0,0,0,0,0,0,3,3,272000,0,0,0,0,0,0,0,0,0
200711,35,035,4,8,Otero County                  ,6,6,1304367,0,0,0,0,0,0,0,0,0,6,6,1304367,0,0,0,0,0,0,0,0,0
200711,35,039,4,8,Rio Arriba County             ,0,0,0,0,0,0,0,0,0,0,0,0,0,0,0,0,0,0,0,0,0,0,0,0
200711,35,041,4,8,Roosevelt County              ,1,1,165000,0,0,0,0,0,0,0,0,0,1,1,165000,0,0,0,0,0,0,0,0,0
200711,35,043,4,8,Sandoval County               ,49,49,10910404,0,0,0,32,128,10970880,0,0,0,49,49,10910404,0,0,0,32,128,10970880,0,0,0
200711,35,045,4,8,San Juan County               ,12,12,2165120,0,0,0,0,0,0,0,0,0,12,12,2165120,0,0,0,0,0,0,0,0,0
200711,35,049,4,8,Santa Fe County               ,12,12,1602128,0,0,0,0,0,0,0,0,0,0,0,0,0,0,0,0,0,0,0,0,0
200711,35,051,4,8,Sierra County                 ,0,0,0,0,0,0,0,0,0,0,0,0,0,0,0,0,0,0,0,0,0,0,0,0
200711,35,053,4,8,Socorro County                ,0,0,0,0,0,0,0,0,0,0,0,0,0,0,0,0,0,0,0,0,0,0,0,0
200711,35,055,4,8,Taos County                   ,13,13,1907429,0,0,0,0,0,0,0,0,0,4,4,920529,0,0,0,0,0,0,0,0,0
200711,35,061,4,8,Valencia County               ,9,9,1136727,0,0,0,0,0,0,0,0,0,0,0,0,0,0,0,0,0,0,0,0,0
200711,36,005,1,2,Bronx County                  ,1,1,203797,14,28,2665886,8,25,2234026,3,101,8687705,1,1,203797,14,28,2665886,8,25,2234026,3,101,8687705
200711,36,047,1,2,Kings County                  ,0,0,0,5,10,952102,59,184,16442428,25,394,33890652,0,0,0,5,10,952102,59,184,16442428,25,394,33890652
200711,36,059,1,2,Nassau County                 ,51,51,20256996,1,2,154485,0,0,0,1,5,1086373,31,31,13052294,0,0,0,0,0,0,0,0,0
200711,36,061,1,2,New York County               ,0,0,0,0,0,0,1,4,357444,8,963,82834258,0,0,0,0,0,0,1,4,357444,8,963,82834258
200711,36,079,1,2,Putnam County                 ,6,6,1775898,0,0,0,0,0,0,0,0,0,5,5,1548080,0,0,0,0,0,0,0,0,0
200711,36,081,1,2,Queens County                 ,12,12,2445564,46,92,8759339,12,37,3306358,10,451,38793614,12,12,2445564,46,92,8759339,12,37,3306358,10,451,38793614
200711,36,085,1,2,Richmond County               ,16,16,3260752,24,48,4570090,0,0,0,0,0,0,16,16,3260752,24,48,4570090,0,0,0,0,0,0
200711,36,087,1,2,Rockland County               ,38,38,5412340,0,0,0,20,60,5361661,1,5,302326,36,36,5174740,0,0,0,20,60,5361661,0,0,0
200711,36,103,1,2,Suffolk County                ,162,162,62905437,0,0,0,0,0,0,0,0,0,129,129,56114758,0,0,0,0,0,0,0,0,0
200711,36,119,1,2,Westchester County            ,27,27,13955977,2,4,358098,0,0,0,2,20,2593235,15,15,9267000,0,0,0,0,0,0,1,14,1505000
200711,37,003,3,5,Alexander County              ,20,20,3739555,0,0,0,0,0,0,0,0,0,20,20,3739555,0,0,0,0,0,0,0,0,0
200711,37,007,3,5,Anson County                  ,2,2,291907,0,0,0,0,0,0,0,0,0,0,0,0,0,0,0,0,0,0,0,0,0
200711,37,009,3,5,Ashe County                   ,27,27,7911826,0,0,0,0,0,0,0,0,0,27,27,7911826,0,0,0,0,0,0,0,0,0
200711,37,011,3,5,Avery County                  ,7,7,3363600,0,0,0,0,0,0,0,0,0,7,7,3363600,0,0,0,0,0,0,0,0,0
200711,37,019,3,5,Brunswick County              ,184,184,31616252,0,0,0,0,0,0,1,6,895226,56,56,11234915,0,0,0,0,0,0,0,0,0
200711,37,025,3,5,Cabarrus County               ,93,93,15582875,0,0,0,0,0,0,0,0,0,93,93,15582875,0,0,0,0,0,0,0,0,0
200711,37,027,3,5,Caldwell County               ,29,29,4462500,0,0,0,0,0,0,0,0,0,29,29,4462500,0,0,0,0,0,0,0,0,0
200711,37,037,3,5,Chatham County                ,17,17,7116779,0,0,0,0,0,0,0,0,0,17,17,7116779,0,0,0,0,0,0,0,0,0
200711,37,039,3,5,Cherokee County               ,19,19,3145806,0,0,0,0,0,0,0,0,0,19,19,3145806,0,0,0,0,0,0,0,0,0
200711,37,049,3,5,Craven County                 ,25,25,3547079,0,0,0,0,0,0,0,0,0,25,25,3547079,0,0,0,0,0,0,0,0,0
200711,37,053,3,5,Currituck County              ,11,11,3168268,0,0,0,0,0,0,0,0,0,0,0,0,0,0,0,0,0,0,0,0,0
200711,37,059,3,5,Davie County                  ,14,14,2442986,0,0,0,1,3,360000,0,0,0,0,0,0,0,0,0,0,0,0,0,0,0
200711,37,063,3,5,Durham County                 ,79,79,14165182,0,0,0,0,0,0,4,62,2956592,0,0,0,0,0,0,0,0,0,0,0,0
200711,37,067,3,5,Forsyth County                ,108,108,17391193,0,0,0,0,0,0,0,0,0,108,108,17391193,0,0,0,0,0,0,0,0,0
200711,37,069,3,5,Franklin County               ,22,22,3549148,0,0,0,0,0,0,0,0,0,22,22,3549148,0,0,0,0,0,0,0,0,0
200711,37,071,3,5,Gaston County                 ,105,105,22485273,0,0,0,0,0,0,0,0,0,105,105,22485273,0,0,0,0,0,0,0,0,0
200711,37,081,3,5,Guilford County               ,191,191,30130500,0,0,0,0,0,0,4,138,3362505,112,112,14138428,0,0,0,0,0,0,4,138,3362505
200711,37,089,3,5,Henderson County              ,66,66,13186421,0,0,0,0,0,0,0,0,0,66,66,13186421,0,0,0,0,0,0,0,0,0
200711,37,097,3,5,Iredell County                ,81,81,12385277,1,2,132206,0,0,0,3,37,2265432,0,0,0,0,0,0,0,0,0,0,0,0
200711,37,101,3,5,Johnston County               ,94,94,15953349,0,0,0,0,0,0,0,0,0,93,93,15828349,0,0,0,0,0,0,0,0,0
200711,37,105,3,5,Lee County                    ,15,15,2709535,0,0,0,0,0,0,0,0,0,15,15,2709535,0,0,0,0,0,0,0,0,0
200711,37,109,3,5,Lincoln County                ,36,36,12476283,0,0,0,0,0,0,0,0,0,0,0,0,0,0,0,0,0,0,0,0,0
200711,37,113,3,5,Macon County                  ,25,25,9467250,0,0,0,0,0,0,0,0,0,25,25,9467250,0,0,0,0,0,0,0,0,0
200711,37,119,3,5,Mecklenburg County            ,416,416,69704044,3,6,543660,3,11,1133110,27,683,67764635,416,416,69704044,3,6,543660,3,11,1133110,27,683,67764635
200711,37,127,3,5,Nash County                   ,40,40,4759620,0,0,0,0,0,0,0,0,0,30,30,3958236,0,0,0,0,0,0,0,0,0
200711,37,129,3,5,New Hanover County            ,60,60,16354593,6,12,1883048,0,0,0,1,38,9500000,60,60,16354593,6,12,1883048,0,0,0,1,38,9500000
200711,37,135,3,5,Orange County                 ,33,33,8020458,1,2,550000,0,0,0,2,32,2576993,33,33,8020458,1,2,550000,0,0,0,2,32,2576993
200711,37,137,3,5,Pamlico County                ,7,7,2647400,0,0,0,0,0,0,0,0,0,7,7,2647400,0,0,0,0,0,0,0,0,0
200711,37,141,3,5,Pender County                 ,29,29,4160839,0,0,0,0,0,0,0,0,0,27,27,3858353,0,0,0,0,0,0,0,0,0
200711,37,145,3,5,Person County                 ,8,8,1535000,0,0,0,0,0,0,0,0,0,8,8,1535000,0,0,0,0,0,0,0,0,0
200711,37,147,3,5,Pitt County                   ,85,85,9490214,15,30,2505100,0,0,0,21,174,9829260,85,85,9490214,15,30,2505100,0,0,0,21,174,9829260
200711,37,149,3,5,Polk County                   ,9,9,1776021,0,0,0,0,0,0,0,0,0,0,0,0,0,0,0,0,0,0,0,0,0
200711,37,151,3,5,Randolph County               ,64,64,5177185,0,0,0,0,0,0,0,0,0,44,44,1796000,0,0,0,0,0,0,0,0,0
200711,37,157,3,5,Rockingham County             ,28,28,5918755,0,0,0,0,0,0,1,56,3878417,28,28,5918755,0,0,0,0,0,0,1,56,3878417
200711,37,159,3,5,Rowan County                  ,63,63,12670447,0,0,0,0,0,0,0,0,0,63,63,12670447,0,0,0,0,0,0,0,0,0
200711,37,163,3,5,Sampson County                ,7,7,1409000,0,0,0,0,0,0,0,0,0,7,7,1409000,0,0,0,0,0,0,0,0,0
200711,37,167,3,5,Stanly County                 ,17,17,1782292,0,0,0,0,0,0,1,5,267480,0,0,0,0,0,0,0,0,0,0,0,0
200711,37,171,3,5,Surry County                  ,11,11,1322332,0,0,0,0,0,0,0,0,0,11,11,1322332,0,0,0,0,0,0,0,0,0
200711,37,175,3,5,Transylvania County           ,18,18,3398825,0,0,0,0,0,0,0,0,0,18,18,3398825,0,0,0,0,0,0,0,0,0
200711,37,179,3,5,Union County                  ,104,104,24734197,0,0,0,0,0,0,0,0,0,104,104,24734197,0,0,0,0,0,0,0,0,0
200711,37,181,3,5,Vance County                  ,7,7,1375000,0,0,0,0,0,0,0,0,0,7,7,1375000,0,0,0,0,0,0,0,0,0
200711,37,183,3,5,Wake County                   ,608,608,127528807,0,0,0,1,4,412040,11,252,25335284,608,608,127528807,0,0,0,1,4,412040,11,252,25335284
200711,37,195,3,5,Wilson County                 ,26,26,3331019,0,0,0,0,0,0,5,120,10954940,26,26,3331019,0,0,0,0,0,0,5,120,10954940
200711,39,015,2,3,Brown County                  ,7,7,1035061,0,0,0,2,8,588235,0,0,0,0,0,0,0,0,0,0,0,0,0,0,0
200711,39,017,2,3,Butler County                 ,51,51,10901753,0,0,0,2,8,1720900,0,0,0,39,39,9049290,0,0,0,2,8,1720900,0,0,0
200711,39,025,2,3,Clermont County               ,25,25,5799374,1,2,165000,0,0,0,3,15,720000,25,25,5799374,1,2,165000,0,0,0,3,15,720000
200711,39,035,2,3,Cuyahoga County               ,55,55,12194151,0,0,0,1,3,136408,2,10,511604,25,25,7158095,0,0,0,0,0,0,0,0,0
200711,39,041,2,3,Delaware County               ,64,64,12477870,0,0,0,0,0,0,0,0,0,64,64,12477870,0,0,0,0,0,0,0,0,0
200711,39,045,2,3,Fairfield County              ,18,18,3902893,0,0,0,0,0,0,0,0,0,13,13,3025930,0,0,0,0,0,0,0,0,0
200711,39,049,2,3,Franklin County               ,100,100,23162415,4,8,1030000,13,52,5152732,27,184,15407240,82,82,19729795,4,8,1030000,13,52,5152732,27,184,15407240
200711,39,055,2,3,Geauga County                 ,13,13,2691969,0,0,0,0,0,0,0,0,0,13,13,2691969,0,0,0,0,0,0,0,0,0
200711,39,061,2,3,Hamilton County               ,32,32,10527819,0,0,0,0,0,0,4,70,6295368,9,9,3436575,0,0,0,0,0,0,1,55,5043072
200711,39,085,2,3,Lake County                   ,31,31,6448593,0,0,0,0,0,0,0,0,0,8,8,1660000,0,0,0,0,0,0,0,0,0
200711,39,089,2,3,Licking County                ,22,22,5529585,0,0,0,2,8,799875,0,0,0,22,22,5529585,0,0,0,2,8,799875,0,0,0
200711,39,093,2,3,Lorain County                 ,59,59,11279372,0,0,0,1,3,393120,0,0,0,38,38,8088914,0,0,0,0,0,0,0,0,0
200711,39,097,2,3,Madison County                ,7,7,1320985,0,0,0,0,0,0,0,0,0,6,6,1170985,0,0,0,0,0,0,0,0,0
200711,39,103,2,3,Medina County                 ,47,47,9241856,0,0,0,0,0,0,12,144,6300000,47,47,9241856,0,0,0,0,0,0,12,144,6300000
200711,39,117,2,3,Morrow County                 ,8,8,1173189,0,0,0,0,0,0,0,0,0,5,5,835492,0,0,0,0,0,0,0,0,0
200711,39,129,2,3,Pickaway County               ,7,7,1287447,0,0,0,0,0,0,0,0,0,6,6,1109492,0,0,0,0,0,0,0,0,0
200711,39,159,2,3,Union County                  ,11,11,2146805,0,0,0,0,0,0,0,0,0,11,11,2146805,0,0,0,0,0,0,0,0,0
200711,39,165,2,3,Warren County                 ,80,80,22524377,1,2,447819,1,3,544912,0,0,0,74,74,21481825,1,2,447819,1,3,544912,0,0,0
200711,39,169,2,3,Wayne County                  ,16,16,1718550,0,0,0,1,4,500000,7,53,6625000,16,16,1718550,0,0,0,1,4,500000,7,53,6625000
200711,40,017,3,7,Canadian County               ,45,45,5943195,2,4,292576,6,24,1903999,0,0,0,41,41,5144459,2,4,292576,6,24,1903999,0,0,0
200711,40,021,3,7,Cherokee County               ,3,3,472228,0,0,0,0,0,0,0,0,0,0,0,0,0,0,0,0,0,0,0,0,0
200711,40,027,3,7,Cleveland County              ,62,62,10304744,0,0,0,0,0,0,0,0,0,62,62,10304744,0,0,0,0,0,0,0,0,0
200711,40,029,3,7,Coal County                   ,0,0,0,0,0,0,0,0,0,0,0,0,0,0,0,0,0,0,0,0,0,0,0,0
200711,40,037,3,7,Creek County                  ,16,16,1581861,0,0,0,0,0,0,0,0,0,15,15,1539000,0,0,0,0,0,0,0,0,0
200711,40,051,3,7,Grady County                  ,11,11,2589032,0,0,0,0,0,0,0,0,0,10,10,2501000,0,0,0,0,0,0,0,0,0
200711,40,081,3,7,Lincoln County                ,3,3,439300,0,0,0,0,0,0,0,0,0,3,3,439300,0,0,0,0,0,0,0,0,0
200711,40,083,3,7,Logan County                  ,1,1,130000,0,0,0,0,0,0,0,0,0,1,1,130000,0,0,0,0,0,0,0,0,0
200711,40,087,3,7,McClain County                ,10,10,1525468,0,0,0,0,0,0,0,0,0,8,8,1377000,0,0,0,0,0,0,0,0,0
200711,40,099,3,7,Murray County                 ,1,1,121857,0,0,0,0,0,0,0,0,0,0,0,0,0,0,0,0,0,0,0,0,0
200711,40,109,3,7,Oklahoma County               ,221,221,41045639,3,6,925196,0,0,0,10,120,10237970,87,87,23034289,1,2,480000,0,0,0,9,108,9450000
200711,40,111,3,7,Okmulgee County               ,1,1,132500,0,0,0,0,0,0,0,0,0,0,0,0,0,0,0,0,0,0,0,0,0
200711,40,113,3,7,Osage County                  ,24,24,3674765,0,0,0,0,0,0,0,0,0,24,24,3674765,0,0,0,0,0,0,0,0,0
200711,40,117,3,7,Pawnee County                 ,0,0,0,0,0,0,0,0,0,0,0,0,0,0,0,0,0,0,0,0,0,0,0,0
200711,40,131,3,7,Rogers County                 ,42,42,5881664,0,0,0,0,0,0,0,0,0,42,42,5881664,0,0,0,0,0,0,0,0,0
200711,40,143,3,7,Tulsa County                  ,156,156,31539899,0,0,0,0,0,0,1,40,3000000,154,154,31144346,0,0,0,0,0,0,1,40,3000000
200711,40,145,3,7,Wagoner County                ,26,26,4304235,0,0,0,0,0,0,0,0,0,26,26,4304235,0,0,0,0,0,0,0,0,0
200711,41,000,4,9,Oregon Balance of State       ,11,11,1944942,0,0,0,0,0,0,0,0,0,0,0,0,0,0,0,0,0,0,0,0,0
200711,41,001,4,9,Baker County                  ,2,2,369702,0,0,0,0,0,0,0,0,0,2,2,369702,0,0,0,0,0,0,0,0,0
200711,41,005,4,9,Clackamas County              ,88,88,24675183,0,0,0,0,0,0,0,0,0,86,86,24295505,0,0,0,0,0,0,0,0,0
200711,41,009,4,9,Columbia County               ,12,12,2267664,0,0,0,0,0,0,0,0,0,7,7,1021320,0,0,0,0,0,0,0,0,0
200711,41,017,4,9,Deschutes County              ,83,83,22743484,0,0,0,1,3,494824,5,30,3935265,83,83,22743484,0,0,0,1,3,494824,5,30,3935265
200711,41,025,4,9,Harney County                 ,2,2,226444,0,0,0,0,0,0,0,0,0,2,2,226444,0,0,0,0,0,0,0,0,0
200711,41,033,4,9,Josephine County              ,26,26,3857128,0,0,0,0,0,0,0,0,0,13,13,1849292,0,0,0,0,0,0,0,0,0
200711,41,035,4,9,Klamath County                ,12,12,3313730,0,0,0,0,0,0,0,0,0,12,12,3313730,0,0,0,0,0,0,0,0,0
200711,41,045,4,9,Malheur County                ,2,2,884820,0,0,0,0,0,0,0,0,0,2,2,884820,0,0,0,0,0,0,0,0,0
200711,41,051,4,9,Multnomah County              ,90,90,18234888,2,4,497073,1,4,414140,5,107,12734819,90,90,18234888,2,4,497073,1,4,414140,5,107,12734819
200711,41,059,4,9,Umatilla County               ,5,5,976485,1,2,172430,0,0,0,0,0,0,1,1,300000,0,0,0,0,0,0,0,0,0
200711,41,061,4,9,Union County                  ,2,2,500118,0,0,0,0,0,0,0,0,0,2,2,500118,0,0,0,0,0,0,0,0,0
200711,41,067,4,9,Washington County             ,80,80,21832617,2,4,465324,3,9,931814,3,17,1965584,77,77,20933084,2,4,465324,3,9,931814,3,17,1965584
200711,41,071,4,9,Yamhill County                ,34,34,6682390,0,0,0,0,0,0,0,0,0,28,28,5416908,0,0,0,0,0,0,0,0,0
200711,42,001,1,2,Adams County                  ,9,9,1706200,0,0,0,0,0,0,0,0,0,9,9,1706200,0,0,0,0,0,0,0,0,0
200711,42,003,1,2,Allegheny County              ,106,106,21363221,1,2,225000,0,0,0,1,5,220794,88,88,18269860,1,2,225000,0,0,0,0,0,0
200711,42,005,1,2,Armstrong County              ,4,4,411159,0,0,0,1,4,175000,0,0,0,0,0,0,0,0,0,0,0,0,0,0,0
200711,42,007,1,2,Beaver County                 ,12,12,2112813,0,0,0,1,3,303900,0,0,0,10,10,1990712,0,0,0,0,0,0,0,0,0
200711,42,017,1,2,Bucks County                  ,106,106,17808822,0,0,0,0,0,0,0,0,0,99,99,16848617,0,0,0,0,0,0,0,0,0
200711,42,019,1,2,Butler County                 ,36,36,8711015,0,0,0,3,11,1225245,0,0,0,29,29,7376610,0,0,0,3,11,1225245,0,0,0
200711,42,025,1,2,Carbon County                 ,24,24,4095921,0,0,0,0,0,0,0,0,0,20,20,3604512,0,0,0,0,0,0,0,0,0
200711,42,029,1,2,Chester County                ,93,93,15181600,0,0,0,0,0,0,2,13,2307237,62,62,10719732,0,0,0,0,0,0,0,0,0
200711,42,045,1,2,Delaware County               ,22,22,4828960,0,0,0,0,0,0,0,0,0,4,4,815188,0,0,0,0,0,0,0,0,0
200711,42,051,1,2,Fayette County                ,3,3,538146,0,0,0,0,0,0,0,0,0,0,0,0,0,0,0,0,0,0,0,0,0
200711,42,055,1,2,Franklin County               ,35,35,6003665,0,0,0,0,0,0,0,0,0,25,25,4705094,0,0,0,0,0,0,0,0,0
200711,42,065,1,2,Jefferson County              ,3,3,258000,0,0,0,0,0,0,0,0,0,3,3,258000,0,0,0,0,0,0,0,0,0
200711,42,077,1,2,Lehigh County                 ,71,71,8630933,0,0,0,0,0,0,0,0,0,53,53,6306491,0,0,0,0,0,0,0,0,0
200711,42,091,1,2,Montgomery County             ,95,95,20267771,1,2,424708,1,3,360300,4,53,4669107,73,73,16059732,0,0,0,0,0,0,2,28,964898
200711,42,095,1,2,Northampton County            ,69,69,12084320,1,2,127333,1,3,840000,1,5,538636,29,29,5791250,0,0,0,0,0,0,0,0,0
200711,42,101,1,2,Philadelphia County           ,59,59,12024023,3,6,571261,0,0,0,0,0,0,59,59,12024023,3,6,571261,0,0,0,0,0,0
200711,42,103,1,2,Pike County                   ,45,45,9527575,0,0,0,0,0,0,0,0,0,38,38,8130536,0,0,0,0,0,0,0,0,0
200711,42,125,1,2,Washington County             ,56,56,7815728,0,0,0,0,0,0,0,0,0,53,53,7472645,0,0,0,0,0,0,0,0,0
200711,42,129,1,2,Westmoreland County           ,34,34,6752740,1,2,300000,0,0,0,0,0,0,24,24,5080287,1,2,300000,0,0,0,0,0,0
200711,44,001,1,1,Bristol County                ,6,6,1843000,0,0,0,0,0,0,0,0,0,6,6,1843000,0,0,0,0,0,0,0,0,0
200711,44,003,1,1,Kent County                   ,15,15,2342516,0,0,0,0,0,0,0,0,0,9,9,1496900,0,0,0,0,0,0,0,0,0
200711,44,005,1,1,Newport County                ,14,14,6320166,0,0,0,1,4,575000,0,0,0,14,14,6320166,0,0,0,1,4,575000,0,0,0
200711,44,007,1,1,Providence County             ,35,35,4701773,7,14,783686,1,4,204930,1,6,849000,23,23,3168879,0,0,0,0,0,0,1,6,849000
200711,44,009,1,1,Washington County             ,31,31,7058734,0,0,0,0,0,0,1,28,3364000,18,18,5529821,0,0,0,0,0,0,1,28,3364000
200711,45,009,3,5,Bamberg County                ,0,0,0,0,0,0,0,0,0,0,0,0,0,0,0,0,0,0,0,0,0,0,0,0
200711,45,015,3,5,Berkeley County               ,95,95,14339831,0,0,0,0,0,0,1,5,307884,39,39,4239031,0,0,0,0,0,0,0,0,0
200711,45,017,3,5,Calhoun County                ,6,6,1341200,0,0,0,0,0,0,0,0,0,6,6,1341200,0,0,0,0,0,0,0,0,0
200711,45,019,3,5,Charleston County             ,151,151,37302681,0,0,0,1,4,352293,3,31,3886073,117,117,31046064,0,0,0,0,0,0,0,0,0
200711,45,035,3,5,Dorchester County             ,72,72,14193650,0,0,0,0,0,0,0,0,0,72,72,14193650,0,0,0,0,0,0,0,0,0
200711,45,039,3,5,Fairfield County              ,3,3,347994,0,0,0,0,0,0,0,0,0,0,0,0,0,0,0,0,0,0,0,0,0
200711,45,041,3,5,Florence County               ,27,27,3598992,0,0,0,0,0,0,0,0,0,0,0,0,0,0,0,0,0,0,0,0,0
200711,45,045,3,5,Greenville County             ,198,198,21972907,0,0,0,0,0,0,1,40,7902960,198,198,21972907,0,0,0,0,0,0,1,40,7902960
200711,45,047,3,5,Greenwood County              ,6,6,926015,0,0,0,0,0,0,0,0,0,6,6,926015,0,0,0,0,0,0,0,0,0
200711,45,055,3,5,Kershaw County                ,30,30,2704658,0,0,0,0,0,0,0,0,0,30,30,2704658,0,0,0,0,0,0,0,0,0
200711,45,059,3,5,Laurens County                ,8,8,906574,0,0,0,0,0,0,0,0,0,8,8,906574,0,0,0,0,0,0,0,0,0
200711,45,063,3,5,Lexington County              ,101,101,13403351,3,6,480000,2,7,612886,0,0,0,17,17,2949980,3,6,480000,0,0,0,0,0,0
200711,45,077,3,5,Pickens County                ,30,30,6774554,0,0,0,0,0,0,1,10,946794,27,27,6061922,0,0,0,0,0,0,0,0,0
200711,45,079,3,5,Richland County               ,163,163,17695639,1,2,107811,0,0,0,12,222,16609064,69,69,6950533,0,0,0,0,0,0,10,174,13900000
200711,45,081,3,5,Saluda County                 ,4,4,540082,0,0,0,0,0,0,0,0,0,4,4,540082,0,0,0,0,0,0,0,0,0
200711,45,085,3,5,Sumter County                 ,27,27,4003671,0,0,0,0,0,0,0,0,0,27,27,4003671,0,0,0,0,0,0,0,0,0
200711,45,091,3,5,York County                   ,122,122,24516996,0,0,0,1,3,306353,2,28,1463609,30,30,9428685,0,0,0,0,0,0,0,0,0
200711,46,005,2,4,Beadle County                 ,1,1,82448,0,0,0,0,0,0,0,0,0,1,1,82448,0,0,0,0,0,0,0,0,0
200711,46,069,2,4,Hyde County                   ,0,0,0,0,0,0,0,0,0,0,0,0,0,0,0,0,0,0,0,0,0,0,0,0
200711,46,121,2,4,Todd County                   ,0,0,0,0,0,0,0,0,0,0,0,0,0,0,0,0,0,0,0,0,0,0,0,0
200711,47,011,3,6,Bradley County                ,20,20,2686868,2,4,213611,0,0,0,0,0,0,15,15,1975000,1,2,100000,0,0,0,0,0,0
200711,47,015,3,6,Cannon County                 ,1,1,146222,0,0,0,0,0,0,0,0,0,0,0,0,0,0,0,0,0,0,0,0,0
200711,47,021,3,6,Cheatham County               ,19,19,3461779,0,0,0,0,0,0,0,0,0,15,15,2700000,0,0,0,0,0,0,0,0,0
200711,47,037,3,6,Davidson County               ,105,105,21110209,14,28,2537081,1,4,412040,19,650,57289857,104,104,20255154,14,28,2537081,1,4,412040,19,650,57289857
200711,47,039,3,6,Decatur County                ,0,0,0,0,0,0,0,0,0,0,0,0,0,0,0,0,0,0,0,0,0,0,0,0
200711,47,043,3,6,Dickson County                ,15,15,1983473,0,0,0,0,0,0,0,0,0,10,10,1474367,0,0,0,0,0,0,0,0,0
200711,47,047,3,6,Fayette County                ,28,28,8011072,0,0,0,0,0,0,0,0,0,27,27,7802678,0,0,0,0,0,0,0,0,0
200711,47,063,3,6,Hamblen County                ,3,3,367115,0,0,0,0,0,0,0,0,0,0,0,0,0,0,0,0,0,0,0,0,0
200711,47,071,3,6,Hardin County                 ,3,3,170000,0,0,0,0,0,0,0,0,0,3,3,170000,0,0,0,0,0,0,0,0,0
200711,47,081,3,6,Hickman County                ,0,0,0,0,0,0,0,0,0,0,0,0,0,0,0,0,0,0,0,0,0,0,0,0
200711,47,091,3,6,Johnson County                ,0,0,0,0,0,0,0,0,0,0,0,0,0,0,0,0,0,0,0,0,0,0,0,0
200711,47,093,3,6,Knox County                   ,138,138,16447905,0,0,0,0,0,0,0,0,0,138,138,16447905,0,0,0,0,0,0,0,0,0
200711,47,111,3,6,Macon County                  ,0,0,0,0,0,0,0,0,0,0,0,0,0,0,0,0,0,0,0,0,0,0,0,0
200711,47,113,3,6,Madison County                ,28,28,7178924,0,0,0,0,0,0,0,0,0,28,28,7178924,0,0,0,0,0,0,0,0,0
200711,47,125,3,6,Montgomery County             ,164,164,18890148,1,2,70000,10,39,1545000,0,0,0,164,164,18890148,1,2,70000,10,39,1545000,0,0,0
200711,47,141,3,6,Putnam County                 ,22,22,3468103,1,2,102400,1,3,218985,1,9,724235,18,18,2660000,0,0,0,0,0,0,0,0,0
200711,47,147,3,6,Robertson County              ,22,22,2958639,0,0,0,0,0,0,0,0,0,20,20,2652160,0,0,0,0,0,0,0,0,0
200711,47,149,3,6,Rutherford County             ,86,86,14404381,1,2,100000,0,0,0,0,0,0,65,65,11651731,1,2,100000,0,0,0,0,0,0
200711,47,157,3,6,Shelby County                 ,120,120,24834314,0,0,0,0,0,0,7,619,61414801,120,120,24834314,0,0,0,0,0,0,7,619,61414801
200711,47,159,3,6,Smith County                  ,10,10,1566770,0,0,0,0,0,0,0,0,0,9,9,1508020,0,0,0,0,0,0,0,0,0
200711,47,165,3,6,Sumner County                 ,123,123,35273366,1,2,118000,0,0,0,0,0,0,123,123,35273366,1,2,118000,0,0,0,0,0,0
200711,47,167,3,6,Tipton County                 ,22,22,2920558,0,0,0,0,0,0,0,0,0,21,21,2798246,0,0,0,0,0,0,0,0,0
200711,47,169,3,6,Trousdale County              ,4,4,375000,0,0,0,0,0,0,0,0,0,4,4,375000,0,0,0,0,0,0,0,0,0
200711,47,179,3,6,Washington County             ,31,31,3508023,1,2,155466,2,8,880000,4,27,2087064,5,5,793161,1,2,155466,2,8,880000,4,27,2087064
200711,47,187,3,6,Williamson County             ,36,36,12379287,0,0,0,2,8,824080,0,0,0,35,35,11992542,0,0,0,2,8,824080,0,0,0
200711,47,189,3,6,Wilson County                 ,65,65,11626104,0,0,0,0,0,0,0,0,0,65,65,11626104,0,0,0,0,0,0,0,0,0
200711,48,013,3,7,Atascosa County               ,7,7,702705,0,0,0,0,0,0,0,0,0,4,4,476000,0,0,0,0,0,0,0,0,0
200711,48,015,3,7,Austin County                 ,5,5,738750,0,0,0,0,0,0,0,0,0,4,4,598000,0,0,0,0,0,0,0,0,0
200711,48,019,3,7,Bandera County                ,0,0,0,0,0,0,0,0,0,0,0,0,0,0,0,0,0,0,0,0,0,0,0,0
200711,48,021,3,7,Bastrop County                ,4,4,410000,0,0,0,0,0,0,12,152,5222778,4,4,410000,0,0,0,0,0,0,12,152,5222778
200711,48,029,3,7,Bexar County                  ,308,308,54175891,1,2,181220,0,0,0,22,393,38713248,277,277,50097015,1,2,181220,0,0,0,19,372,36908410
200711,48,039,3,7,Brazoria County               ,155,155,29716907,0,0,0,0,0,0,0,0,0,153,153,29474341,0,0,0,0,0,0,0,0,0
200711,48,041,3,7,Brazos County                 ,49,49,9162466,0,0,0,0,0,0,1,7,725000,49,49,9162466,0,0,0,0,0,0,1,7,725000
200711,48,055,3,7,Caldwell County               ,1,1,95842,0,0,0,0,0,0,0,0,0,0,0,0,0,0,0,0,0,0,0,0,0
200711,48,063,3,7,Camp County                   ,0,0,0,0,0,0,0,0,0,0,0,0,0,0,0,0,0,0,0,0,0,0,0,0
200711,48,071,3,7,Chambers County               ,38,38,6367197,0,0,0,0,0,0,0,0,0,38,38,6367197,0,0,0,0,0,0,0,0,0
200711,48,085,3,7,Collin County                 ,379,379,86865094,0,0,0,0,0,0,10,1303,110313413,374,374,85489084,0,0,0,0,0,0,10,1303,110313413
200711,48,091,3,7,Comal County                  ,136,136,32937040,0,0,0,0,0,0,0,0,0,136,136,32937040,0,0,0,0,0,0,0,0,0
200711,48,113,3,7,Dallas County                 ,339,339,80422285,3,6,543660,1,4,412040,6,37,5937706,324,324,71673234,3,6,543660,1,4,412040,5,32,3174917
200711,48,117,3,7,Deaf Smith County             ,0,0,0,0,0,0,0,0,0,0,0,0,0,0,0,0,0,0,0,0,0,0,0,0
200711,48,119,3,7,Delta County                  ,2,2,335116,0,0,0,0,0,0,0,0,0,2,2,335116,0,0,0,0,0,0,0,0,0
200711,48,121,3,7,Denton County                 ,123,123,30549326,0,0,0,0,0,0,0,0,0,111,111,28491889,0,0,0,0,0,0,0,0,0
200711,48,133,3,7,Eastland County               ,0,0,0,0,0,0,0,0,0,0,0,0,0,0,0,0,0,0,0,0,0,0,0,0
200711,48,135,3,7,Ector County                  ,11,11,1959594,0,0,0,0,0,0,0,0,0,11,11,1959594,0,0,0,0,0,0,0,0,0
200711,48,139,3,7,Ellis County                  ,49,49,7779328,0,0,0,0,0,0,0,0,0,46,46,7268514,0,0,0,0,0,0,0,0,0
200711,48,157,3,7,Fort Bend County              ,403,403,70050491,0,0,0,0,0,0,24,320,31749170,397,397,68814441,0,0,0,0,0,0,24,320,31749170
200711,48,167,3,7,Galveston County              ,119,119,20089627,1,2,170907,0,0,0,1,18,817436,39,39,5903312,0,0,0,0,0,0,0,0,0
200711,48,187,3,7,Guadalupe County              ,63,63,11596701,0,0,0,0,0,0,0,0,0,60,60,11266418,0,0,0,0,0,0,0,0,0
200711,48,201,3,7,Harris County                 ,1405,1405,214894346,20,40,3594818,5,18,1854180,103,1530,123319069,1376,1376,210166180,19,38,3343151,5,18,1854180,102,1522,120682262
200711,48,209,3,7,Hays County                   ,81,81,10797859,0,0,0,0,0,0,1,37,2217838,53,53,6766521,0,0,0,0,0,0,0,0,0
200711,48,215,3,7,Hidalgo County                ,305,305,44004916,3,6,384033,9,35,2775200,2,27,2125107,287,287,42983105,2,4,300000,9,35,2775200,2,27,2125107
200711,48,231,3,7,Hunt County                   ,3,3,546000,0,0,0,0,0,0,0,0,0,3,3,546000,0,0,0,0,0,0,0,0,0
200711,48,233,3,7,Hutchinson County             ,0,0,0,0,0,0,0,0,0,0,0,0,0,0,0,0,0,0,0,0,0,0,0,0
200711,48,251,3,7,Johnson County                ,49,49,6801824,0,0,0,0,0,0,0,0,0,47,47,6528471,0,0,0,0,0,0,0,0,0
200711,48,257,3,7,Kaufman County                ,21,21,2714933,0,0,0,0,0,0,1,8,333252,0,0,0,0,0,0,0,0,0,0,0,0
200711,48,259,3,7,Kendall County                ,24,24,6749190,0,0,0,0,0,0,0,0,0,13,13,4395610,0,0,0,0,0,0,0,0,0
200711,48,271,3,7,Kinney County                 ,0,0,0,0,0,0,0,0,0,0,0,0,0,0,0,0,0,0,0,0,0,0,0,0
200711,48,291,3,7,Liberty County                ,14,14,2029475,0,0,0,0,0,0,0,0,0,13,13,1958000,0,0,0,0,0,0,0,0,0
200711,48,307,3,7,McCulloch County              ,0,0,0,0,0,0,0,0,0,0,0,0,0,0,0,0,0,0,0,0,0,0,0,0
200711,48,323,3,7,Maverick County               ,6,6,430201,0,0,0,0,0,0,0,0,0,6,6,430201,0,0,0,0,0,0,0,0,0
200711,48,325,3,7,Medina County                 ,1,1,80000,0,0,0,0,0,0,0,0,0,1,1,80000,0,0,0,0,0,0,0,0,0
200711,48,329,3,7,Midland County                ,41,41,4366008,0,0,0,0,0,0,0,0,0,41,41,4366008,0,0,0,0,0,0,0,0,0
200711,48,339,3,7,Montgomery County             ,268,268,55582553,0,0,0,0,0,0,0,0,0,265,265,55233051,0,0,0,0,0,0,0,0,0
200711,48,353,3,7,Nolan County                  ,0,0,0,0,0,0,0,0,0,0,0,0,0,0,0,0,0,0,0,0,0,0,0,0
200711,48,359,3,7,Oldham County                 ,0,0,0,0,0,0,0,0,0,0,0,0,0,0,0,0,0,0,0,0,0,0,0,0
200711,48,367,3,7,Parker County                 ,17,17,2513889,1,2,109524,1,4,296038,0,0,0,2,2,303500,0,0,0,0,0,0,0,0,0
200711,48,375,3,7,Potter County                 ,25,25,4843020,0,0,0,0,0,0,1,20,1236699,0,0,0,0,0,0,0,0,0,0,0,0
200711,48,383,3,7,Reagan County                 ,0,0,0,0,0,0,0,0,0,0,0,0,0,0,0,0,0,0,0,0,0,0,0,0
200711,48,385,3,7,Real County                   ,0,0,0,0,0,0,0,0,0,0,0,0,0,0,0,0,0,0,0,0,0,0,0,0
200711,48,397,3,7,Rockwall County               ,46,46,8441661,0,0,0,0,0,0,0,0,0,19,19,4405216,0,0,0,0,0,0,0,0,0
200711,48,407,3,7,San Jacinto County            ,0,0,0,0,0,0,0,0,0,0,0,0,0,0,0,0,0,0,0,0,0,0,0,0
200711,48,435,3,7,Sutton County                 ,0,0,0,0,0,0,0,0,0,0,0,0,0,0,0,0,0,0,0,0,0,0,0,0
200711,48,437,3,7,Swisher County                ,0,0,0,0,0,0,0,0,0,0,0,0,0,0,0,0,0,0,0,0,0,0,0,0
200711,48,439,3,7,Tarrant County                ,499,499,94122848,3,6,554940,0,0,0,21,339,35691928,444,444,79615379,2,4,362440,0,0,0,20,327,35210813
200711,48,451,3,7,Tom Green County              ,41,41,6777701,0,0,0,0,0,0,0,0,0,41,41,6777701,0,0,0,0,0,0,0,0,0
200711,48,453,3,7,Travis County                 ,312,312,49210748,10,20,1812201,3,11,429030,12,562,55759480,302,302,47741126,10,20,1812201,3,11,429030,12,562,55759480
200711,48,463,3,7,Uvalde County                 ,1,1,47500,0,0,0,0,0,0,0,0,0,1,1,47500,0,0,0,0,0,0,0,0,0
200711,48,469,3,7,Victoria County               ,6,6,850038,0,0,0,0,0,0,0,0,0,0,0,0,0,0,0,0,0,0,0,0,0
200711,48,471,3,7,Walker County                 ,5,5,857653,0,0,0,0,0,0,0,0,0,5,5,857653,0,0,0,0,0,0,0,0,0
200711,48,473,3,7,Waller County                 ,4,4,339916,0,0,0,0,0,0,1,11,243977,1,1,148000,0,0,0,0,0,0,0,0,0
200711,48,479,3,7,Webb County                   ,75,75,7878812,0,0,0,2,6,298063,1,17,817475,0,0,0,0,0,0,0,0,0,0,0,0
200711,48,491,3,7,Williamson County             ,193,193,34068472,1,2,100000,0,0,0,0,0,0,164,164,31688996,0,0,0,0,0,0,0,0,0
200711,48,493,3,7,Wilson County                 ,1,1,131295,0,0,0,0,0,0,0,0,0,0,0,0,0,0,0,0,0,0,0,0,0
200711,48,497,3,7,Wise County                   ,7,7,1059848,0,0,0,0,0,0,0,0,0,5,5,595785,0,0,0,0,0,0,0,0,0
200711,49,009,4,8,Daggett County                ,0,0,0,0,0,0,0,0,0,0,0,0,0,0,0,0,0,0,0,0,0,0,0,0
200711,49,019,4,8,Grand County                  ,4,4,874791,0,0,0,0,0,0,0,0,0,4,4,874791,0,0,0,0,0,0,0,0,0
200711,49,021,4,8,Iron County                   ,29,29,5109939,3,6,565200,0,0,0,0,0,0,8,8,1738865,0,0,0,0,0,0,0,0,0
200711,49,033,4,8,Rich County                   ,6,6,1563704,0,0,0,0,0,0,0,0,0,3,3,778987,0,0,0,0,0,0,0,0,0
200711,49,035,4,8,Salt Lake County              ,116,116,26475129,2,4,408463,5,17,2020526,2,26,3377961,84,84,20998957,1,2,210000,2,8,1055552,1,16,2854677
200711,49,039,4,8,Sanpete County                ,2,2,308320,0,0,0,0,0,0,0,0,0,2,2,308320,0,0,0,0,0,0,0,0,0
200711,49,043,4,8,Summit County                 ,20,20,6141079,1,2,219818,0,0,0,3,57,14785395,9,9,3422932,0,0,0,0,0,0,2,48,12970380
200711,49,045,4,8,Tooele County                 ,28,28,4504624,0,0,0,0,0,0,0,0,0,21,21,3476052,0,0,0,0,0,0,0,0,0
200711,49,051,4,8,Wasatch County                ,21,21,8959346,2,4,594650,0,0,0,0,0,0,21,21,8959346,2,4,594650,0,0,0,0,0,0
200711,51,003,3,5,Albemarle County              ,24,24,9137900,0,0,0,0,0,0,0,0,0,24,24,9137900,0,0,0,0,0,0,0,0,0
200711,51,007,3,5,Amelia County                 ,7,7,608310,0,0,0,0,0,0,0,0,0,7,7,608310,0,0,0,0,0,0,0,0,0
200711,51,013,3,5,Arlington County              ,5,5,1765000,0,0,0,0,0,0,0,0,0,5,5,1765000,0,0,0,0,0,0,0,0,0
200711,51,015,3,5,Augusta County                ,13,13,2174000,0,0,0,0,0,0,0,0,0,13,13,2174000,0,0,0,0,0,0,0,0,0
200711,51,019,3,5,Bedford County                ,40,40,9391000,0,0,0,0,0,0,0,0,0,40,40,9391000,0,0,0,0,0,0,0,0,0
200711,51,023,3,5,Botetourt County              ,3,3,515000,0,0,0,0,0,0,0,0,0,3,3,515000,0,0,0,0,0,0,0,0,0
200711,51,031,3,5,Campbell County               ,12,12,1822967,0,0,0,0,0,0,0,0,0,0,0,0,0,0,0,0,0,0,0,0,0
200711,51,033,3,5,Caroline County               ,28,28,6428978,0,0,0,0,0,0,0,0,0,28,28,6428978,0,0,0,0,0,0,0,0,0
200711,51,036,3,5,Charles City County           ,1,1,156632,0,0,0,0,0,0,0,0,0,0,0,0,0,0,0,0,0,0,0,0,0
200711,51,037,3,5,Charlotte County              ,2,2,80000,0,0,0,0,0,0,0,0,0,2,2,80000,0,0,0,0,0,0,0,0,0
200711,51,041,3,5,Chesterfield County           ,60,60,10053468,0,0,0,0,0,0,3,57,5655321,60,60,10053468,0,0,0,0,0,0,3,57,5655321
200711,51,043,3,5,Clarke County                 ,6,6,926000,0,0,0,0,0,0,0,0,0,6,6,926000,0,0,0,0,0,0,0,0,0
200711,51,049,3,5,Cumberland County             ,0,0,0,0,0,0,0,0,0,0,0,0,0,0,0,0,0,0,0,0,0,0,0,0
200711,51,053,3,5,Dinwiddie County              ,6,6,761333,0,0,0,0,0,0,0,0,0,0,0,0,0,0,0,0,0,0,0,0,0
200711,51,059,3,5,Fairfax County                ,79,79,13166835,0,0,0,0,0,0,0,0,0,79,79,13166835,0,0,0,0,0,0,0,0,0
200711,51,061,3,5,Fauquier County               ,18,18,4072269,0,0,0,0,0,0,1,7,428571,16,16,3721000,0,0,0,0,0,0,0,0,0
200711,51,065,3,5,Fluvanna County               ,15,15,3575055,0,0,0,0,0,0,0,0,0,15,15,3575055,0,0,0,0,0,0,0,0,0
200711,51,067,3,5,Franklin County               ,20,20,6685431,0,0,0,0,0,0,0,0,0,20,20,6685431,0,0,0,0,0,0,0,0,0
200711,51,069,3,5,Frederick County              ,15,15,2320000,0,0,0,0,0,0,0,0,0,15,15,2320000,0,0,0,0,0,0,0,0,0
200711,51,073,3,5,Gloucester County             ,28,28,4076902,0,0,0,0,0,0,0,0,0,28,28,4076902,0,0,0,0,0,0,0,0,0
200711,51,075,3,5,Goochland County              ,16,16,4866972,0,0,0,0,0,0,0,0,0,16,16,4866972,0,0,0,0,0,0,0,0,0
200711,51,079,3,5,Greene County                 ,14,14,2967900,0,0,0,0,0,0,0,0,0,14,14,2967900,0,0,0,0,0,0,0,0,0
200711,51,085,3,5,Hanover County                ,25,25,4188945,0,0,0,0,0,0,0,0,0,25,25,4188945,0,0,0,0,0,0,0,0,0
200711,51,087,3,5,Henrico County                ,63,63,10556141,0,0,0,0,0,0,0,0,0,63,63,10556141,0,0,0,0,0,0,0,0,0
200711,51,093,3,5,Isle of Wight County          ,9,9,1960000,0,0,0,0,0,0,0,0,0,9,9,1960000,0,0,0,0,0,0,0,0,0
200711,51,095,3,5,James City County             ,25,25,4188945,0,0,0,0,0,0,0,0,0,25,25,4188945,0,0,0,0,0,0,0,0,0
200711,51,097,3,5,King and Queen County         ,4,4,403000,0,0,0,0,0,0,0,0,0,4,4,403000,0,0,0,0,0,0,0,0,0
200711,51,099,3,5,King George County            ,10,10,1705442,0,0,0,0,0,0,0,0,0,10,10,1705442,0,0,0,0,0,0,0,0,0
200711,51,101,3,5,King William County           ,17,17,2340164,0,0,0,0,0,0,0,0,0,17,17,2340164,0,0,0,0,0,0,0,0,0
200711,51,107,3,5,Loudoun County                ,121,121,20274493,0,0,0,0,0,0,2,27,2678836,121,121,20274493,0,0,0,0,0,0,2,27,2678836
200711,51,109,3,5,Louisa County                 ,24,24,4976626,0,0,0,0,0,0,0,0,0,24,24,4976626,0,0,0,0,0,0,0,0,0
200711,51,115,3,5,Mathews County                ,0,0,0,0,0,0,0,0,0,0,0,0,0,0,0,0,0,0,0,0,0,0,0,0
200711,51,119,3,5,Middlesex County              ,5,5,869000,0,0,0,0,0,0,0,0,0,5,5,869000,0,0,0,0,0,0,0,0,0
200711,51,127,3,5,New Kent County               ,12,12,1551000,0,0,0,0,0,0,0,0,0,12,12,1551000,0,0,0,0,0,0,0,0,0
200711,51,137,3,5,Orange County                 ,11,11,2012000,0,0,0,0,0,0,0,0,0,11,11,2012000,0,0,0,0,0,0,0,0,0
200711,51,143,3,5,Pittsylvania County           ,8,8,993600,0,0,0,0,0,0,0,0,0,0,0,0,0,0,0,0,0,0,0,0,0
200711,51,145,3,5,Powhatan County               ,5,5,2111612,0,0,0,0,0,0,0,0,0,5,5,2111612,0,0,0,0,0,0,0,0,0
200711,51,149,3,5,Prince George County          ,6,6,1005347,0,0,0,0,0,0,0,0,0,6,6,1005347,0,0,0,0,0,0,0,0,0
200711,51,153,3,5,Prince William County         ,148,148,17873298,0,0,0,0,0,0,0,0,0,146,146,17591500,0,0,0,0,0,0,0,0,0
200711,51,157,3,5,Rappahannock County           ,3,3,800268,0,0,0,0,0,0,0,0,0,0,0,0,0,0,0,0,0,0,0,0,0
200711,51,161,3,5,Roanoke County                ,27,27,5097058,0,0,0,0,0,0,0,0,0,27,27,5097058,0,0,0,0,0,0,0,0,0
200711,51,163,3,5,Rockbridge County             ,15,15,3948059,0,0,0,0,0,0,1,8,352501,15,15,3948059,0,0,0,0,0,0,1,8,352501
200711,51,165,3,5,Rockingham County             ,45,45,5714000,0,0,0,0,0,0,0,0,0,45,45,5714000,0,0,0,0,0,0,0,0,0
200711,51,169,3,5,Scott County                  ,0,0,0,0,0,0,0,0,0,0,0,0,0,0,0,0,0,0,0,0,0,0,0,0
200711,51,171,3,5,Shenandoah County             ,31,31,5059002,0,0,0,0,0,0,0,0,0,31,31,5059002,0,0,0,0,0,0,0,0,0
200711,51,177,3,5,Spotsylvania County           ,43,43,9030342,0,0,0,0,0,0,1,9,425556,0,0,0,0,0,0,0,0,0,0,0,0
200711,51,179,3,5,Stafford County               ,47,47,7875216,0,0,0,0,0,0,0,0,0,47,47,7875216,0,0,0,0,0,0,0,0,0
200711,51,181,3,5,Surry County                  ,9,9,1609915,0,0,0,0,0,0,0,0,0,9,9,1609915,0,0,0,0,0,0,0,0,0
200711,51,183,3,5,Sussex County                 ,4,4,513270,0,0,0,0,0,0,0,0,0,0,0,0,0,0,0,0,0,0,0,0,0
200711,51,187,3,5,Warren County                 ,12,12,1563075,0,0,0,0,0,0,0,0,0,12,12,1563075,0,0,0,0,0,0,0,0,0
200711,51,199,3,5,York County                   ,10,10,2564028,0,0,0,0,0,0,0,0,0,10,10,2564028,0,0,0,0,0,0,0,0,0
200711,51,510,3,5,Alexandria (Independent City) ,2,2,673750,0,0,0,0,0,0,1,57,1600000,2,2,673750,0,0,0,0,0,0,1,57,1600000
200711,51,530,3,5,Buena Vista (Independent City),1,1,114233,0,0,0,0,0,0,0,0,0,0,0,0,0,0,0,0,0,0,0,0,0
200711,51,550,3,5,Chesapeake(Independent City)  ,48,48,8042774,0,0,0,0,0,0,0,0,0,48,48,8042774,0,0,0,0,0,0,0,0,0
200711,51,570,3,5,Colonial Heights (Independent ,1,1,85000,0,0,0,0,0,0,0,0,0,1,1,85000,0,0,0,0,0,0,0,0,0
200711,51,580,3,5,Covington (Independent City)  ,0,0,0,0,0,0,0,0,0,0,0,0,0,0,0,0,0,0,0,0,0,0,0,0
200711,51,600,3,5,Fairfax (Independent City)    ,0,0,0,0,0,0,0,0,0,0,0,0,0,0,0,0,0,0,0,0,0,0,0,0
200711,51,610,3,5,Falls Church (Independent City,1,1,211734,0,0,0,0,0,0,0,0,0,0,0,0,0,0,0,0,0,0,0,0,0
200711,51,630,3,5,Fredericksburg(Independent Cit,5,5,1030000,0,0,0,0,0,0,0,0,0,5,5,1030000,0,0,0,0,0,0,0,0,0
200711,51,650,3,5,Hampton (Independent City)    ,9,9,1510833,0,0,0,0,0,0,1,9,833189,0,0,0,0,0,0,0,0,0,0,0,0
200711,51,660,3,5,Harrisonburg (Independent City,31,31,2724000,0,0,0,0,0,0,3,36,1092000,31,31,2724000,0,0,0,0,0,0,3,36,1092000
200711,51,670,3,5,Hopewell (Independent City)   ,5,5,349464,0,0,0,0,0,0,0,0,0,5,5,349464,0,0,0,0,0,0,0,0,0
200711,51,680,3,5,Lynchburg (Independent City)  ,128,128,21954928,0,0,0,0,0,0,0,0,0,128,128,21954928,0,0,0,0,0,0,0,0,0
200711,51,683,3,5,Manassas (Independent City)   ,5,5,566348,0,0,0,0,0,0,0,0,0,0,0,0,0,0,0,0,0,0,0,0,0
200711,51,685,3,5,Manassas Park (Independent Cit,0,0,0,0,0,0,0,0,0,0,0,0,0,0,0,0,0,0,0,0,0,0,0,0
200711,51,700,3,5,Newport News (Independent City,10,10,1295602,0,0,0,0,0,0,1,20,2464952,0,0,0,0,0,0,0,0,0,0,0,0
200711,51,710,3,5,Norfolk (Independent City)    ,9,9,1508020,0,0,0,0,0,0,0,0,0,9,9,1508020,0,0,0,0,0,0,0,0,0
200711,51,730,3,5,Petersburg (Independent City) ,2,2,312926,0,0,0,0,0,0,0,0,0,0,0,0,0,0,0,0,0,0,0,0,0
200711,51,735,3,5,Poquoson (Independent City)   ,4,4,1996612,0,0,0,0,0,0,0,0,0,4,4,1996612,0,0,0,0,0,0,0,0,0
200711,51,740,3,5,Portsmouth (Independent City) ,23,23,3853829,0,0,0,0,0,0,0,0,0,23,23,3853829,0,0,0,0,0,0,0,0,0
200711,51,760,3,5,Richmond (Independent City)   ,12,12,2046530,0,0,0,0,0,0,0,0,0,12,12,2046530,0,0,0,0,0,0,0,0,0
200711,51,770,3,5,Roanoke (Independent City)    ,8,8,1423554,0,0,0,0,0,0,0,0,0,8,8,1423554,0,0,0,0,0,0,0,0,0
200711,51,800,3,5,Suffolk (Independent City)    ,28,28,4691618,0,0,0,0,0,0,0,0,0,28,28,4691618,0,0,0,0,0,0,0,0,0
200711,51,810,3,5,Virginia Beach (Independent Ci,19,19,3183598,4,8,724880,5,20,2060200,2,17,1686675,19,19,3183598,4,8,724880,5,20,2060200,2,17,1686675
200711,51,830,3,5,Williamsburg (Independent City,2,2,251500,0,0,0,0,0,0,0,0,0,2,2,251500,0,0,0,0,0,0,0,0,0
200711,53,011,4,9,Clark County                  ,59,59,10932074,0,0,0,0,0,0,13,96,4813542,14,14,2701229,0,0,0,0,0,0,13,96,4813542
200711,53,033,4,9,King County                   ,249,249,61616792,28,56,6546363,20,72,7635823,18,605,81732077,238,238,57665588,28,56,6546363,20,72,7635823,15,584,78207225
200711,53,041,4,9,Lewis County                  ,14,14,1832574,0,0,0,0,0,0,0,0,0,14,14,1832574,0,0,0,0,0,0,0,0,0
200711,53,053,4,9,Pierce County                 ,192,192,41356501,6,12,1554608,0,0,0,11,151,15941458,189,189,40458328,6,12,1554608,0,0,0,10,146,15554791
200711,53,059,4,9,Skamania County               ,0,0,0,0,0,0,0,0,0,0,0,0,0,0,0,0,0,0,0,0,0,0,0,0
200711,53,061,4,9,Snohomish County              ,191,191,31964107,5,10,955451,5,17,1572538,5,40,3116181,161,161,27930796,2,4,465324,4,14,1310744,1,6,450000
200711,54,037,3,5,Jefferson County              ,48,48,9436144,0,0,0,0,0,0,0,0,0,48,48,9436144,0,0,0,0,0,0,0,0,0
200711,55,021,2,3,Columbia County               ,14,14,2160000,0,0,0,1,4,500000,0,0,0,14,14,2160000,0,0,0,1,4,500000,0,0,0
200711,55,025,2,3,Dane County                   ,107,107,26471898,1,2,385000,5,18,1867000,3,35,6022584,104,104,25916280,1,2,385000,5,18,1867000,2,30,5700000
200711,55,031,2,3,Douglas County                ,8,8,1291292,0,0,0,0,0,0,0,0,0,8,8,1291292,0,0,0,0,0,0,0,0,0
200711,55,037,2,3,Florence County               ,2,2,103850,0,0,0,0,0,0,0,0,0,0,0,0,0,0,0,0,0,0,0,0,0
200711,55,049,2,3,Iowa County                   ,9,9,1945773,1,2,180000,0,0,0,0,0,0,8,8,1791000,1,2,180000,0,0,0,0,0,0
200711,55,059,2,3,Kenosha County                ,35,35,8159634,0,0,0,0,0,0,0,0,0,34,34,8004634,0,0,0,0,0,0,0,0,0
200711,55,079,2,3,Milwaukee County              ,18,18,4104233,0,0,0,3,12,825000,0,0,0,16,16,3554756,0,0,0,3,12,825000,0,0,0
200711,55,089,2,3,Ozaukee County                ,14,14,4290979,1,2,238000,0,0,0,0,0,0,9,9,1886040,1,2,238000,0,0,0,0,0,0
200711,55,093,2,3,Pierce County                 ,8,8,1163877,0,0,0,0,0,0,0,0,0,7,7,1134317,0,0,0,0,0,0,0,0,0
200711,55,109,2,3,St. Croix County              ,26,26,4168360,0,0,0,1,3,289983,0,0,0,21,21,3458470,0,0,0,1,3,289983,0,0,0
200711,55,113,2,3,Sawyer County                 ,9,9,1854627,0,0,0,0,0,0,0,0,0,9,9,1854627,0,0,0,0,0,0,0,0,0
200711,55,131,2,3,Washington County             ,29,29,6042976,3,6,1090000,1,4,358889,1,7,484252,23,23,4539000,3,6,1090000,0,0,0,0,0,0
200711,55,133,2,3,Waukesha County               ,81,81,30062166,0,0,0,0,0,0,1,5,468750,74,74,27962397,0,0,0,0,0,0,0,0,0
200711,56,019,4,8,Johnson County                ,3,3,343844,0,0,0,0,0,0,0,0,0,3,3,343844,0,0,0,0,0,0,0,0,0
200711,56,039,4,8,Teton County                  ,8,8,5709905,0,0,0,1,3,832950,1,5,242651,0,0,0,0,0,0,0,0,0,0,0,0
