Survey,FIPS,FIPS,Region,Division,County,,1-unit,,,2-units,,,3-4 units,,,5+ units,,,1-unit rep,,,2-units rep,,,3-4 units rep,,, 5+units rep
Date,State,County,Code,Code,Name,Bldgs,Units,Value,Bldgs,Units,Value,Bldgs,Units,Value,Bldgs,Units,Value,Bldgs,Units,Value,Bldgs,Units,Value,Bldgs,Units,Value,Bldgs,Units,Value
 
200702,01,001,3,6,Autauga County                ,30,30,4327257,0,0,0,0,0,0,0,0,0,30,30,4327257,0,0,0,0,0,0,0,0,0
200702,01,007,3,6,Bibb County                   ,1,1,157048,0,0,0,0,0,0,0,0,0,1,1,157048,0,0,0,0,0,0,0,0,0
200702,01,009,3,6,Blount County                 ,0,0,0,0,0,0,0,0,0,0,0,0,0,0,0,0,0,0,0,0,0,0,0,0
200702,01,021,3,6,Chilton County                ,5,5,942220,0,0,0,0,0,0,0,0,0,4,4,790000,0,0,0,0,0,0,0,0,0
200702,01,037,3,6,Coosa County                  ,0,0,0,0,0,0,0,0,0,0,0,0,0,0,0,0,0,0,0,0,0,0,0,0
200702,01,073,3,6,Jefferson County              ,209,209,38067987,0,0,0,0,0,0,0,0,0,204,204,37471543,0,0,0,0,0,0,0,0,0
200702,01,081,3,6,Lee County                    ,119,119,19862906,6,12,1213369,0,0,0,1,10,1208517,119,119,19862906,6,12,1213369,0,0,0,1,10,1208517
200702,01,115,3,6,St. Clair County              ,51,51,6821116,0,0,0,0,0,0,0,0,0,51,51,6821116,0,0,0,0,0,0,0,0,0
200702,01,117,3,6,Shelby County                 ,168,168,30064447,0,0,0,0,0,0,0,0,0,111,111,20313061,0,0,0,0,0,0,0,0,0
200702,01,127,3,6,Walker County                 ,5,5,617000,0,0,0,0,0,0,0,0,0,5,5,617000,0,0,0,0,0,0,0,0,0
200702,02,000,4,9,Alaska Balance of State       ,11,11,2101940,0,0,0,0,0,0,0,0,0,0,0,0,0,0,0,0,0,0,0,0,0
200702,02,013,4,9,Aleutians East Borough        ,0,0,0,0,0,0,0,0,0,0,0,0,0,0,0,0,0,0,0,0,0,0,0,0
200702,02,016,4,9,Aleutians West Census Area    ,0,0,0,0,0,0,0,0,0,0,0,0,0,0,0,0,0,0,0,0,0,0,0,0
200702,02,020,4,9,Anchorage Borough             ,16,16,6088261,13,26,3816773,0,0,0,2,65,3474500,16,16,6088261,13,26,3816773,0,0,0,2,65,3474500
200702,02,050,4,9,Bethel Census Area            ,3,3,429081,0,0,0,0,0,0,0,0,0,0,0,0,0,0,0,0,0,0,0,0,0
200702,02,060,4,9,Bristol Bay Borough           ,0,0,0,0,0,0,0,0,0,0,0,0,0,0,0,0,0,0,0,0,0,0,0,0
200702,02,090,4,9,Fairbanks North Star Borough  ,11,11,2376824,0,0,0,0,0,0,0,0,0,10,10,2285000,0,0,0,0,0,0,0,0,0
200702,02,100,4,9,Haines Borough                ,0,0,0,0,0,0,0,0,0,0,0,0,0,0,0,0,0,0,0,0,0,0,0,0
200702,02,110,4,9,Juneau Borough                ,2,2,614718,0,0,0,0,0,0,0,0,0,2,2,614718,0,0,0,0,0,0,0,0,0
200702,02,122,4,9,Kenai Peninsula Borough       ,4,4,858041,1,2,58500,0,0,0,0,0,0,2,2,473199,0,0,0,0,0,0,0,0,0
200702,02,130,4,9,Ketchikan Gateway Borough     ,2,2,372636,0,0,0,0,0,0,0,0,0,2,2,372636,0,0,0,0,0,0,0,0,0
200702,02,150,4,9,Kodiak Island Borough         ,2,2,284032,0,0,0,0,0,0,0,0,0,2,2,284032,0,0,0,0,0,0,0,0,0
200702,02,170,4,9,Matanuska-Susitna Borough     ,3,3,330000,0,0,0,0,0,0,0,0,0,0,0,0,0,0,0,0,0,0,0,0,0
200702,02,180,4,9,Nome Census Area              ,0,0,0,0,0,0,0,0,0,0,0,0,0,0,0,0,0,0,0,0,0,0,0,0
200702,02,185,4,9,North Slope Borough           ,3,3,558954,0,0,0,0,0,0,0,0,0,3,3,558954,0,0,0,0,0,0,0,0,0
200702,02,188,4,9,Northwest Arctic Borough      ,0,0,0,0,0,0,0,0,0,0,0,0,0,0,0,0,0,0,0,0,0,0,0,0
200702,02,201,4,9,Prince of Wales-Outer Ketchika,0,0,0,4,8,872104,0,0,0,0,0,0,0,0,0,4,8,872104,0,0,0,0,0,0
200702,02,220,4,9,Sitka Borough                 ,2,2,440021,0,0,0,0,0,0,1,5,449762,0,0,0,0,0,0,0,0,0,0,0,0
200702,02,232,4,9,Skagway-Hoonah-Angoon Census A,0,0,0,0,0,0,0,0,0,0,0,0,0,0,0,0,0,0,0,0,0,0,0,0
200702,02,261,4,9,Valdez-Cordova Census Area    ,3,3,230000,0,0,0,0,0,0,0,0,0,3,3,230000,0,0,0,0,0,0,0,0,0
200702,02,280,4,9,Wrangell-Petersburg Census Are,0,0,0,0,0,0,0,0,0,0,0,0,0,0,0,0,0,0,0,0,0,0,0,0
200702,02,282,4,9,Yakutat Borough               ,0,0,0,0,0,0,0,0,0,0,0,0,0,0,0,0,0,0,0,0,0,0,0,0
200702,02,290,4,9,Yukon-Koyukuk Census Area     ,0,0,0,0,0,0,0,0,0,0,0,0,0,0,0,0,0,0,0,0,0,0,0,0
200702,04,013,4,8,Maricopa County               ,2145,2145,410449953,12,24,2624477,63,193,19850581,127,1955,195235513,2118,2118,403811097,12,24,2624477,63,193,19850581,125,1941,193395976
200702,04,019,4,8,Pima County                   ,507,507,89293925,6,12,1158798,3,11,717804,1,10,575217,108,108,20327221,0,0,0,0,0,0,0,0,0
200702,04,021,4,8,Pinal County                  ,591,591,75374857,1,2,131156,2,8,603724,0,0,0,517,517,65453588,0,0,0,1,4,362000,0,0,0
200702,05,023,3,7,Cleburne County               ,2,2,330000,0,0,0,0,0,0,0,0,0,2,2,330000,0,0,0,0,0,0,0,0,0
200702,05,025,3,7,Cleveland County              ,0,0,0,0,0,0,0,0,0,0,0,0,0,0,0,0,0,0,0,0,0,0,0,0
200702,05,027,3,7,Columbia County               ,0,0,0,0,0,0,0,0,0,0,0,0,0,0,0,0,0,0,0,0,0,0,0,0
200702,05,035,3,7,Crittenden County             ,21,21,3679752,0,0,0,0,0,0,0,0,0,21,21,3679752,0,0,0,0,0,0,0,0,0
200702,05,059,3,7,Hot Spring County             ,0,0,0,0,0,0,0,0,0,0,0,0,0,0,0,0,0,0,0,0,0,0,0,0
200702,05,061,3,7,Howard County                 ,1,1,92283,0,0,0,0,0,0,0,0,0,0,0,0,0,0,0,0,0,0,0,0,0
200702,05,099,3,7,Nevada County                 ,0,0,0,0,0,0,0,0,0,0,0,0,0,0,0,0,0,0,0,0,0,0,0,0
200702,06,001,4,9,Alameda County                ,78,78,24074894,0,0,0,4,13,3749173,6,107,14443482,74,74,22344472,0,0,0,4,13,3749173,6,107,14443482
200702,06,003,4,9,Alpine County                 ,0,0,0,0,0,0,0,0,0,0,0,0,0,0,0,0,0,0,0,0,0,0,0,0
200702,06,009,4,9,Calaveras County              ,15,15,5285510,0,0,0,0,0,0,0,0,0,15,15,5285510,0,0,0,0,0,0,0,0,0
200702,06,013,4,9,Contra Costa County           ,297,297,88114562,0,0,0,2,6,1330104,1,15,1359016,286,286,85785069,0,0,0,2,6,1330104,0,0,0
200702,06,017,4,9,El Dorado County              ,39,39,10391193,0,0,0,0,0,0,0,0,0,39,39,10391193,0,0,0,0,0,0,0,0,0
200702,06,037,4,9,Los Angeles County            ,575,575,133937242,36,72,8360371,22,80,6214223,33,652,64693680,537,537,124487187,35,70,8269005,18,67,4794469,25,584,59060331
200702,06,041,4,9,Marin County                  ,19,19,8450455,0,0,0,0,0,0,1,14,1379708,5,5,4086430,0,0,0,0,0,0,0,0,0
200702,06,045,4,9,Mendocino County              ,14,14,2370412,0,0,0,1,3,154604,0,0,0,13,13,2215003,0,0,0,0,0,0,0,0,0
200702,06,049,4,9,Modoc County                  ,0,0,0,0,0,0,0,0,0,0,0,0,0,0,0,0,0,0,0,0,0,0,0,0
200702,06,051,4,9,Mono County                   ,11,11,4139841,1,2,595219,0,0,0,1,26,5496076,0,0,0,0,0,0,0,0,0,0,0,0
200702,06,059,4,9,Orange County                 ,183,183,54756715,3,6,1319998,1,3,518172,11,205,38932291,171,171,49792083,0,0,0,1,3,518172,10,200,38314784
200702,06,061,4,9,Placer County                 ,204,204,40553267,0,0,0,0,0,0,0,0,0,204,204,40553267,0,0,0,0,0,0,0,0,0
200702,06,063,4,9,Plumas County                 ,13,13,1118450,0,0,0,0,0,0,0,0,0,13,13,1118450,0,0,0,0,0,0,0,0,0
200702,06,065,4,9,Riverside County              ,924,924,208204486,4,8,1029443,1,3,298646,17,241,17302899,813,813,185116186,3,6,869474,0,0,0,14,208,13981840
200702,06,067,4,9,Sacramento County             ,341,341,67459847,1,2,295186,6,24,2860216,14,103,10334616,341,341,67459847,1,2,295186,6,24,2860216,14,103,10334616
200702,06,069,4,9,San Benito County             ,2,2,900318,0,0,0,0,0,0,1,5,322306,2,2,900318,0,0,0,0,0,0,0,0,0
200702,06,071,4,9,San Bernardino County         ,614,614,125126401,7,14,1087565,3,9,799603,10,58,6244092,506,506,105974757,3,6,347044,2,6,604280,10,58,6244092
200702,06,073,4,9,San Diego County              ,314,314,76671615,8,16,2005863,4,13,1309273,11,211,28389071,303,303,75218149,6,12,1411106,4,13,1309273,11,211,28389071
200702,06,075,4,9,San Francisco County          ,2,2,375662,2,4,470369,0,0,0,1,6,648453,2,2,375662,2,4,470369,0,0,0,1,6,648453
200702,06,077,4,9,San Joaquin County            ,249,249,60648009,0,0,0,0,0,0,2,21,2675019,249,249,60648009,0,0,0,0,0,0,2,21,2675019
200702,06,081,4,9,San Mateo County              ,26,26,10882541,0,0,0,0,0,0,2,10,1385746,19,19,8736368,0,0,0,0,0,0,0,0,0
200702,06,085,4,9,Santa Clara County            ,227,227,62636827,5,10,1495400,0,0,0,10,76,9244643,215,215,59866454,5,10,1495400,0,0,0,9,70,8444456
200702,06,091,4,9,Sierra County                 ,0,0,0,0,0,0,0,0,0,0,0,0,0,0,0,0,0,0,0,0,0,0,0,0
200702,06,113,4,9,Yolo County                   ,143,143,23346681,1,2,280000,0,0,0,0,0,0,143,143,23346681,1,2,280000,0,0,0,0,0,0
200702,08,001,4,8,Adams County                  ,107,107,19154401,1,2,122450,0,0,0,1,5,520071,81,81,14849020,1,2,122450,0,0,0,0,0,0
200702,08,005,4,8,Arapahoe County               ,157,157,40781128,0,0,0,1,3,467073,9,224,13464588,156,156,39600912,0,0,0,1,3,467073,9,224,13464588
200702,08,014,4,8,Broomfield County             ,42,42,9767846,0,0,0,0,0,0,0,0,0,42,42,9767846,0,0,0,0,0,0,0,0,0
200702,08,015,4,8,Chaffee County                ,12,12,2252713,0,0,0,0,0,0,0,0,0,12,12,2252713,0,0,0,0,0,0,0,0,0
200702,08,019,4,8,Clear Creek County            ,3,3,615411,0,0,0,0,0,0,0,0,0,0,0,0,0,0,0,0,0,0,0,0,0
200702,08,023,4,8,Costilla County               ,1,1,163199,0,0,0,0,0,0,0,0,0,0,0,0,0,0,0,0,0,0,0,0,0
200702,08,031,4,8,Denver County                 ,124,124,23291069,0,0,0,0,0,0,4,443,47877446,124,124,23291069,0,0,0,0,0,0,4,443,47877446
200702,08,033,4,8,Dolores County                ,0,0,0,0,0,0,0,0,0,0,0,0,0,0,0,0,0,0,0,0,0,0,0,0
200702,08,035,4,8,Douglas County                ,154,154,33762935,0,0,0,4,12,1727100,0,0,0,154,154,33762935,0,0,0,4,12,1727100,0,0,0
200702,08,039,4,8,Elbert County                 ,7,7,1889662,0,0,0,0,0,0,0,0,0,7,7,1889662,0,0,0,0,0,0,0,0,0
200702,08,041,4,8,El Paso County                ,210,210,39357570,3,6,383000,1,4,293000,0,0,0,210,210,39357570,3,6,383000,1,4,293000,0,0,0
200702,08,047,4,8,Gilpin County                 ,3,3,376991,0,0,0,0,0,0,0,0,0,0,0,0,0,0,0,0,0,0,0,0,0
200702,08,049,4,8,Grand County                  ,25,25,6309647,0,0,0,0,0,0,1,5,552045,1,1,634741,0,0,0,0,0,0,0,0,0
200702,08,059,4,8,Jefferson County              ,28,28,8423406,1,2,449894,2,6,604280,0,0,0,27,27,8166105,1,2,449894,2,6,604280,0,0,0
200702,08,069,4,8,Larimer County                ,88,88,20704283,0,0,0,0,0,0,2,29,3116148,85,85,19912947,0,0,0,0,0,0,1,24,2593812
200702,08,077,4,8,Mesa County                   ,99,99,19111212,0,0,0,0,0,0,0,0,0,99,99,19111212,0,0,0,0,0,0,0,0,0
200702,08,093,4,8,Park County                   ,8,8,1343366,0,0,0,0,0,0,0,0,0,8,8,1343366,0,0,0,0,0,0,0,0,0
200702,08,101,4,8,Pueblo County                 ,75,75,12878752,1,2,218124,0,0,0,0,0,0,75,75,12878752,1,2,218124,0,0,0,0,0,0
200702,08,107,4,8,Routt County                  ,6,6,2909499,0,0,0,0,0,0,1,10,2440650,6,6,2909499,0,0,0,0,0,0,1,10,2440650
200702,08,119,4,8,Teller County                 ,9,9,2221865,0,0,0,0,0,0,0,0,0,0,0,0,0,0,0,0,0,0,0,0,0
200702,08,123,4,8,Weld County                   ,167,167,35609305,0,0,0,0,0,0,0,0,0,161,161,34971648,0,0,0,0,0,0,0,0,0
200702,10,001,3,5,Kent County                   ,122,122,16839679,0,0,0,0,0,0,0,0,0,120,120,16622826,0,0,0,0,0,0,0,0,0
200702,10,003,3,5,New Castle County             ,86,86,7749643,0,0,0,0,0,0,3,30,967440,81,81,7352442,0,0,0,0,0,0,2,24,871440
200702,10,005,3,5,Sussex County                 ,152,152,21235890,3,6,760426,2,8,1940000,2,14,1218000,152,152,21235890,3,6,760426,2,8,1940000,2,14,1218000
200702,11,001,3,5,Washington  DC                ,357,357,43573000,0,0,0,2,8,360000,0,0,320000,357,357,43573000,0,0,0,2,8,360000,0,0,320000
200702,12,003,3,5,Baker County                  ,13,13,1756178,0,0,0,0,0,0,0,0,0,13,13,1756178,0,0,0,0,0,0,0,0,0
200702,12,009,3,5,Brevard County                ,162,162,34830216,2,4,200000,1,4,400000,0,0,0,162,162,34830216,2,4,200000,1,4,400000,0,0,0
200702,12,011,3,5,Broward County                ,188,188,24915824,6,12,1025439,3,11,1552738,10,191,29076099,139,139,18382589,6,12,1025439,2,8,1334190,6,56,7111067
200702,12,013,3,5,Calhoun County                ,2,2,188000,0,0,0,0,0,0,0,0,0,2,2,188000,0,0,0,0,0,0,0,0,0
200702,12,015,3,5,Charlotte County              ,107,107,21546723,4,8,1369592,0,0,0,0,0,0,107,107,21546723,4,8,1369592,0,0,0,0,0,0
200702,12,019,3,5,Clay County                   ,105,105,13097910,0,0,0,0,0,0,0,0,0,105,105,13097910,0,0,0,0,0,0,0,0,0
200702,12,021,3,5,Collier County                ,159,159,40100688,0,0,0,5,20,6105000,2,16,2076000,159,159,40100688,0,0,0,5,20,6105000,2,16,2076000
200702,12,023,3,5,Columbia County               ,42,42,4031760,0,0,0,0,0,0,0,0,0,11,11,995000,0,0,0,0,0,0,0,0,0
200702,12,031,3,5,Duval County                  ,295,295,49563364,17,34,2107379,1,3,978000,22,507,52164400,295,295,49563364,17,34,2107379,1,3,978000,22,507,52164400
200702,12,033,3,5,Escambia County               ,105,105,15825926,1,2,170907,0,0,0,10,131,12954721,105,105,15825926,1,2,170907,0,0,0,10,131,12954721
200702,12,041,3,5,Gilchrist County              ,5,5,636807,0,0,0,0,0,0,0,0,0,0,0,0,0,0,0,0,0,0,0,0,0
200702,12,047,3,5,Hamilton County               ,6,6,460000,0,0,0,0,0,0,0,0,0,6,6,460000,0,0,0,0,0,0,0,0,0
200702,12,049,3,5,Hardee County                 ,1,1,83850,0,0,0,0,0,0,0,0,0,1,1,83850,0,0,0,0,0,0,0,0,0
200702,12,053,3,5,Hernando County               ,80,80,15794971,0,0,0,0,0,0,0,0,0,78,78,15337244,0,0,0,0,0,0,0,0,0
200702,12,055,3,5,Highlands County              ,400,400,72182410,0,0,0,0,0,0,7,210,14040600,400,400,72182410,0,0,0,0,0,0,7,210,14040600
200702,12,057,3,5,Hillsborough County           ,341,341,62981200,0,0,0,15,46,4761397,0,0,0,341,341,62981200,0,0,0,15,46,4761397,0,0,0
200702,12,061,3,5,Indian River County           ,166,166,36428280,0,0,0,1,4,501627,1,5,1487050,12,12,5051521,0,0,0,0,0,0,0,0,0
200702,12,063,3,5,Jackson County                ,10,10,1636900,0,0,0,0,0,0,0,0,0,10,10,1636900,0,0,0,0,0,0,0,0,0
200702,12,065,3,5,Jefferson County              ,7,7,903847,0,0,0,0,0,0,0,0,0,7,7,903847,0,0,0,0,0,0,0,0,0
200702,12,067,3,5,Lafayette County              ,0,0,0,0,0,0,0,0,0,0,0,0,0,0,0,0,0,0,0,0,0,0,0,0
200702,12,069,3,5,Lake County                   ,298,298,46563210,7,14,1673910,0,0,0,3,25,1265062,58,58,14214497,7,14,1673910,0,0,0,0,0,0
200702,12,071,3,5,Lee County                    ,524,524,105527364,3,6,364563,1,4,465388,15,150,28985386,524,524,105527364,3,6,364563,1,4,465388,15,150,28985386
200702,12,073,3,5,Leon County                   ,105,105,16406962,2,4,297600,4,16,1182827,3,70,4685138,38,38,7410361,0,0,0,0,0,0,0,0,0
200702,12,077,3,5,Liberty County                ,4,4,520000,0,0,0,0,0,0,0,0,0,4,4,520000,0,0,0,0,0,0,0,0,0
200702,12,081,3,5,Manatee County                ,70,70,17824207,1,2,360000,2,8,651960,1,6,437005,65,65,16699819,0,0,0,2,8,651960,0,0,0
200702,12,083,3,5,Marion County                 ,266,266,41946734,0,0,0,10,38,1831000,0,0,0,266,266,41946734,0,0,0,10,38,1831000,0,0,0
200702,12,085,3,5,Martin County                 ,30,30,11282445,0,0,0,0,0,0,0,0,0,29,29,8263305,0,0,0,0,0,0,0,0,0
200702,12,086,3,5,Miami-Dade County             ,329,329,52683088,13,26,2655056,0,0,0,11,789,16458594,161,161,26864342,4,8,306865,0,0,0,1,41,7600000
200702,12,089,3,5,Nassau County                 ,70,70,11719667,0,0,0,0,0,0,0,0,0,67,67,11440066,0,0,0,0,0,0,0,0,0
200702,12,095,3,5,Orange County                 ,346,346,57630928,1,2,170907,1,3,272762,20,231,23068980,339,339,54890830,1,2,170907,1,3,272762,19,226,21468286
200702,12,097,3,5,Osceola County                ,239,239,53775380,0,0,0,0,0,0,6,137,18383402,239,239,53775380,0,0,0,0,0,0,6,137,18383402
200702,12,099,3,5,Palm Beach County             ,164,164,48381203,4,8,1424769,0,0,0,4,79,9023476,128,128,36916712,4,8,1424769,0,0,0,2,64,6180106
200702,12,101,3,5,Pasco County                  ,182,182,34448560,8,16,1621810,0,0,0,3,22,2007440,182,182,34448560,8,16,1621810,0,0,0,3,22,2007440
200702,12,103,3,5,Pinellas County               ,69,69,21135235,0,0,0,0,0,0,0,0,0,69,69,21135235,0,0,0,0,0,0,0,0,0
200702,12,105,3,5,Polk County                   ,342,342,58688642,2,4,341813,0,0,0,0,0,0,328,328,56837254,2,4,341813,0,0,0,0,0,0
200702,12,109,3,5,St. Johns County              ,141,141,43855655,5,10,1000000,0,0,0,3,84,11279876,138,138,43336260,5,10,1000000,0,0,0,3,84,11279876
200702,12,111,3,5,St. Lucie County              ,108,108,17656448,0,0,0,0,0,0,4,64,4581130,108,108,17656448,0,0,0,0,0,0,4,64,4581130
200702,12,113,3,5,Santa Rosa County             ,65,65,10208126,0,0,0,0,0,0,0,0,0,65,65,10208126,0,0,0,0,0,0,0,0,0
200702,12,115,3,5,Sarasota County               ,111,111,29811051,1,2,1190000,0,0,0,0,0,0,111,111,29811051,1,2,1190000,0,0,0,0,0,0
200702,12,117,3,5,Seminole County               ,101,101,27877342,0,0,0,0,0,0,0,0,0,92,92,26482300,0,0,0,0,0,0,0,0,0
200702,12,119,3,5,Sumter County                 ,208,208,32682737,0,0,0,0,0,0,0,0,0,208,208,32682737,0,0,0,0,0,0,0,0,0
200702,12,123,3,5,Taylor County                 ,7,7,780446,0,0,0,0,0,0,0,0,0,0,0,0,0,0,0,0,0,0,0,0,0
200702,12,125,3,5,Union County                  ,7,7,736440,0,0,0,0,0,0,0,0,0,7,7,736440,0,0,0,0,0,0,0,0,0
200702,12,127,3,5,Volusia County                ,223,223,50919138,1,2,231997,0,0,0,6,49,11008911,109,109,32217851,1,2,231997,0,0,0,4,20,8486582
200702,12,129,3,5,Wakulla County                ,31,31,3565763,0,0,0,0,0,0,0,0,0,31,31,3565763,0,0,0,0,0,0,0,0,0
200702,12,131,3,5,Walton County                 ,75,75,35033050,0,0,0,0,0,0,0,0,0,75,75,35033050,0,0,0,0,0,0,0,0,0
200702,13,005,3,5,Bacon County                  ,2,2,275000,0,0,0,0,0,0,0,0,0,2,2,275000,0,0,0,0,0,0,0,0,0
200702,13,013,3,5,Barrow County                 ,104,104,8694131,0,0,0,0,0,0,0,0,0,89,89,7050223,0,0,0,0,0,0,0,0,0
200702,13,015,3,5,Bartow County                 ,68,68,10825718,0,0,0,3,12,824040,0,0,0,64,64,10240824,0,0,0,3,12,824040,0,0,0
200702,13,029,3,5,Bryan County                  ,27,27,5636294,0,0,0,0,0,0,2,13,1210000,7,7,1960484,0,0,0,0,0,0,2,13,1210000
200702,13,035,3,5,Butts County                  ,0,0,0,0,0,0,0,0,0,0,0,0,0,0,0,0,0,0,0,0,0,0,0,0
200702,13,045,3,5,Carroll County                ,80,80,10125876,0,0,0,0,0,0,0,0,0,80,80,10125876,0,0,0,0,0,0,0,0,0
200702,13,057,3,5,Cherokee County               ,220,220,31321265,0,0,0,0,0,0,0,0,0,220,220,31321265,0,0,0,0,0,0,0,0,0
200702,13,059,3,5,Clarke County                 ,57,57,4209780,0,0,0,0,0,0,8,120,6181585,57,57,4209780,0,0,0,0,0,0,8,120,6181585
200702,13,063,3,5,Clayton County                ,153,153,23328704,0,0,0,0,0,0,0,0,0,150,150,22855829,0,0,0,0,0,0,0,0,0
200702,13,067,3,5,Cobb County                   ,249,249,50811163,1,2,231334,5,20,3188399,8,53,13668145,236,236,49618603,1,2,231334,5,20,3188399,8,53,13668145
200702,13,077,3,5,Coweta County                 ,102,102,22387204,0,0,0,0,0,0,0,0,0,102,102,22387204,0,0,0,0,0,0,0,0,0
200702,13,085,3,5,Dawson County                 ,30,30,8243000,0,0,0,0,0,0,0,0,0,30,30,8243000,0,0,0,0,0,0,0,0,0
200702,13,089,3,5,DeKalb County                 ,207,207,45205857,0,0,0,0,0,0,6,176,14134846,207,207,45205857,0,0,0,0,0,0,6,176,14134846
200702,13,097,3,5,Douglas County                ,108,108,10575970,0,0,0,0,0,0,0,0,0,108,108,10575970,0,0,0,0,0,0,0,0,0
200702,13,113,3,5,Fayette County                ,17,17,5168876,0,0,0,0,0,0,0,0,0,17,17,5168876,0,0,0,0,0,0,0,0,0
200702,13,117,3,5,Forsyth County                ,250,250,32023435,0,0,0,0,0,0,0,0,0,250,250,32023435,0,0,0,0,0,0,0,0,0
200702,13,121,3,5,Fulton County                 ,309,309,46550944,4,8,683626,1,4,356360,6,557,55082287,284,284,44659713,4,8,683626,1,4,356360,6,557,55082287
200702,13,127,3,5,Glynn County                  ,52,52,11880639,0,0,0,0,0,0,1,5,86500,0,0,0,0,0,0,0,0,0,0,0,0
200702,13,133,3,5,Greene County                 ,19,19,9650623,0,0,0,0,0,0,0,0,0,19,19,9650623,0,0,0,0,0,0,0,0,0
200702,13,135,3,5,Gwinnett County               ,482,482,73061850,2,4,341813,4,12,1091049,0,0,0,455,455,70811447,2,4,341813,4,12,1091049,0,0,0
200702,13,143,3,5,Haralson County               ,6,6,761803,0,0,0,1,3,120000,0,0,0,4,4,628192,0,0,0,0,0,0,0,0,0
200702,13,145,3,5,Harris County                 ,24,24,5430425,0,0,0,0,0,0,0,0,0,24,24,5430425,0,0,0,0,0,0,0,0,0
200702,13,149,3,5,Heard County                  ,3,3,448800,0,0,0,0,0,0,0,0,0,1,1,180000,0,0,0,0,0,0,0,0,0
200702,13,151,3,5,Henry County                  ,178,178,33068175,0,0,0,0,0,0,1,5,218796,150,150,29787825,0,0,0,0,0,0,0,0,0
200702,13,159,3,5,Jasper County                 ,6,6,1631293,0,0,0,0,0,0,0,0,0,6,6,1631293,0,0,0,0,0,0,0,0,0
200702,13,169,3,5,Jones County                  ,27,27,3909171,0,0,0,0,0,0,0,0,0,27,27,3909171,0,0,0,0,0,0,0,0,0
200702,13,171,3,5,Lamar County                  ,11,11,1206857,0,0,0,0,0,0,0,0,0,9,9,1076158,0,0,0,0,0,0,0,0,0
200702,13,177,3,5,Lee County                    ,22,22,2514275,0,0,0,0,0,0,0,0,0,0,0,0,0,0,0,0,0,0,0,0,0
200702,13,189,3,5,McDuffie County               ,3,3,471655,0,0,0,0,0,0,0,0,0,0,0,0,0,0,0,0,0,0,0,0,0
200702,13,199,3,5,Meriwether County             ,19,19,2842018,0,0,0,0,0,0,0,0,0,19,19,2842018,0,0,0,0,0,0,0,0,0
200702,13,211,3,5,Morgan County                 ,23,23,3764406,0,0,0,0,0,0,0,0,0,23,23,3764406,0,0,0,0,0,0,0,0,0
200702,13,215,3,5,Muscogee County               ,44,44,4678307,0,0,0,1,3,136982,2,25,1760524,0,0,0,0,0,0,0,0,0,0,0,0
200702,13,217,3,5,Newton County                 ,77,77,12549395,0,0,0,0,0,0,0,0,0,77,77,12549395,0,0,0,0,0,0,0,0,0
200702,13,223,3,5,Paulding County               ,197,197,30875527,0,0,0,0,0,0,0,0,0,178,178,27954561,0,0,0,0,0,0,0,0,0
200702,13,227,3,5,Pickens County                ,26,26,4220626,0,0,0,0,0,0,0,0,0,6,6,160000,0,0,0,0,0,0,0,0,0
200702,13,231,3,5,Pike County                   ,16,16,1985914,0,0,0,0,0,0,0,0,0,2,2,190000,0,0,0,0,0,0,0,0,0
200702,13,237,3,5,Putnam County                 ,36,36,8051675,0,0,0,0,0,0,0,0,0,36,36,8051675,0,0,0,0,0,0,0,0,0
200702,13,239,3,5,Quitman County                ,0,0,0,0,0,0,0,0,0,0,0,0,0,0,0,0,0,0,0,0,0,0,0,0
200702,13,247,3,5,Rockdale County               ,62,62,10756040,0,0,0,0,0,0,0,0,0,62,62,10756040,0,0,0,0,0,0,0,0,0
200702,13,255,3,5,Spalding County               ,42,42,6268599,0,0,0,0,0,0,0,0,0,42,42,6268599,0,0,0,0,0,0,0,0,0
200702,13,291,3,5,Union County                  ,21,21,3338477,0,0,0,0,0,0,0,0,0,21,21,3338477,0,0,0,0,0,0,0,0,0
200702,13,297,3,5,Walton County                 ,86,86,11753720,0,0,0,0,0,0,0,0,0,86,86,11753720,0,0,0,0,0,0,0,0,0
200702,13,313,3,5,Whitfield County              ,29,29,2920982,1,2,99087,1,3,170982,1,7,357901,0,0,0,0,0,0,0,0,0,0,0,0
200702,13,321,3,5,Worth County                  ,6,6,741300,0,0,0,0,0,0,0,0,0,6,6,741300,0,0,0,0,0,0,0,0,0
200702,15,001,4,9,Hawaii County                 ,128,128,30002236,0,0,0,2,8,2778928,6,55,10659152,0,0,0,0,0,0,0,0,0,0,0,0
200702,15,003,4,9,Honolulu County               ,92,92,18881327,0,0,0,3,12,1210356,8,175,32289802,0,0,0,0,0,0,0,0,0,0,0,0
200702,15,007,4,9,Kauai County                  ,23,23,9319400,0,0,0,0,0,0,0,0,0,23,23,9319400,0,0,0,0,0,0,0,0,0
200702,15,009,4,9,Maui County                   ,81,81,15214327,1,2,235184,0,0,0,7,114,12320607,81,81,15214327,1,2,235184,0,0,0,7,114,12320607
200702,16,001,4,8,Ada County                    ,246,246,56805580,12,24,2303062,9,36,1696000,0,0,0,246,246,56805580,12,24,2303062,9,36,1696000,0,0,0
200702,16,015,4,8,Boise County                  ,0,0,0,0,0,0,0,0,0,0,0,0,0,0,0,0,0,0,0,0,0,0,0,0
200702,16,027,4,8,Canyon County                 ,115,115,19716463,3,6,573924,0,0,0,0,0,0,115,115,19716463,3,6,573924,0,0,0,0,0,0
200702,16,045,4,8,Gem County                    ,7,7,951821,0,0,0,0,0,0,0,0,0,2,2,375662,0,0,0,0,0,0,0,0,0
200702,16,073,4,8,Owyhee County                 ,3,3,501736,0,0,0,0,0,0,0,0,0,0,0,0,0,0,0,0,0,0,0,0,0
200702,17,005,2,3,Bond County                   ,4,4,518000,0,0,0,0,0,0,0,0,0,4,4,518000,0,0,0,0,0,0,0,0,0
200702,17,013,2,3,Calhoun County                ,4,4,235000,0,0,0,0,0,0,0,0,0,4,4,235000,0,0,0,0,0,0,0,0,0
200702,17,027,2,3,Clinton County                ,14,14,2378913,0,0,0,0,0,0,0,0,0,12,12,2309960,0,0,0,0,0,0,0,0,0
200702,17,031,2,3,Cook County                   ,212,212,54189500,2,4,409249,21,65,5732916,23,1555,132339704,183,183,47535111,2,4,409249,21,65,5732916,19,1509,127875931
200702,17,037,2,3,DeKalb County                 ,34,34,5454682,0,0,0,0,0,0,0,0,0,24,24,4135649,0,0,0,0,0,0,0,0,0
200702,17,039,2,3,De Witt County                ,1,1,10000,0,0,0,0,0,0,0,0,0,1,1,10000,0,0,0,0,0,0,0,0,0
200702,17,043,2,3,DuPage County                 ,87,87,25094041,0,0,0,0,0,0,2,17,1970633,62,62,18719080,0,0,0,0,0,0,0,0,0
200702,17,063,2,3,Grundy County                 ,5,5,867311,0,0,0,0,0,0,1,6,307692,4,4,706763,0,0,0,0,0,0,0,0,0
200702,17,083,2,3,Jersey County                 ,2,2,307277,0,0,0,0,0,0,0,0,0,1,1,183881,0,0,0,0,0,0,0,0,0
200702,17,089,2,3,Kane County                   ,148,148,29730046,1,2,315000,0,0,0,0,0,0,145,145,29184458,1,2,315000,0,0,0,0,0,0
200702,17,093,2,3,Kendall County                ,99,99,14412271,0,0,0,0,0,0,0,0,0,99,99,14412271,0,0,0,0,0,0,0,0,0
200702,17,097,2,3,Lake County                   ,98,98,23299235,0,0,0,0,0,0,3,55,10665395,83,83,20089710,0,0,0,0,0,0,1,45,9200000
200702,17,111,2,3,McHenry County                ,88,88,15515254,2,4,543249,1,4,358224,0,0,0,70,70,12452065,1,2,350000,1,4,358224,0,0,0
200702,17,117,2,3,Macoupin County               ,0,0,0,0,0,0,0,0,0,0,0,0,0,0,0,0,0,0,0,0,0,0,0,0
200702,17,119,2,3,Madison County                ,54,54,10681787,0,0,0,0,0,0,0,0,0,39,39,7895419,0,0,0,0,0,0,0,0,0
200702,17,133,2,3,Monroe County                 ,10,10,1818502,0,0,0,1,3,276844,0,0,0,5,5,1010000,0,0,0,0,0,0,0,0,0
200702,17,163,2,3,St. Clair County              ,81,81,11296819,4,8,569600,0,0,0,1,5,187500,60,60,7974207,3,6,435600,0,0,0,0,0,0
200702,17,197,2,3,Will County                   ,198,198,47294112,0,0,0,0,0,0,1,5,317560,195,195,46965992,0,0,0,0,0,0,0,0,0
200702,18,001,2,3,Adams County                  ,2,2,186314,0,0,0,0,0,0,0,0,0,1,1,65000,0,0,0,0,0,0,0,0,0
200702,18,003,2,3,Allen County                  ,53,53,10430678,0,0,0,0,0,0,0,0,0,53,53,10430678,0,0,0,0,0,0,0,0,0
200702,18,011,2,3,Boone County                  ,25,25,5495034,0,0,0,0,0,0,0,0,0,20,20,4585742,0,0,0,0,0,0,0,0,0
200702,18,013,2,3,Brown County                  ,4,4,661122,0,0,0,0,0,0,0,0,0,0,0,0,0,0,0,0,0,0,0,0,0
200702,18,019,2,3,Clark County                  ,97,97,18899083,0,0,0,0,0,0,0,0,0,97,97,18899083,0,0,0,0,0,0,0,0,0
200702,18,029,2,3,Dearborn County               ,5,5,542950,0,0,0,0,0,0,0,0,0,5,5,542950,0,0,0,0,0,0,0,0,0
200702,18,043,2,3,Floyd County                  ,12,12,2177201,0,0,0,0,0,0,0,0,0,10,10,1890000,0,0,0,0,0,0,0,0,0
200702,18,047,2,3,Franklin County               ,1,1,190000,0,0,0,0,0,0,0,0,0,1,1,190000,0,0,0,0,0,0,0,0,0
200702,18,057,2,3,Hamilton County               ,179,179,38040526,0,0,0,0,0,0,6,96,5707206,178,178,37869063,0,0,0,0,0,0,6,96,5707206
200702,18,059,2,3,Hancock County                ,30,30,5900432,0,0,0,0,0,0,0,0,0,21,21,4652908,0,0,0,0,0,0,0,0,0
200702,18,061,2,3,Harrison County               ,10,10,1850000,0,0,0,0,0,0,0,0,0,10,10,1850000,0,0,0,0,0,0,0,0,0
200702,18,063,2,3,Hendricks County              ,53,53,8787561,0,0,0,0,0,0,0,0,0,50,50,8266243,0,0,0,0,0,0,0,0,0
200702,18,065,2,3,Henry County                  ,2,2,174000,0,0,0,0,0,0,0,0,0,2,2,174000,0,0,0,0,0,0,0,0,0
200702,18,069,2,3,Huntington County             ,3,3,762000,0,0,0,0,0,0,0,0,0,3,3,762000,0,0,0,0,0,0,0,0,0
200702,18,073,2,3,Jasper County                 ,5,5,766644,0,0,0,0,0,0,0,0,0,5,5,766644,0,0,0,0,0,0,0,0,0
200702,18,079,2,3,Jennings County               ,2,2,131900,0,0,0,0,0,0,0,0,0,2,2,131900,0,0,0,0,0,0,0,0,0
200702,18,081,2,3,Johnson County                ,53,53,8367821,0,0,0,0,0,0,0,0,0,53,53,8367821,0,0,0,0,0,0,0,0,0
200702,18,087,2,3,Lagrange County               ,6,6,649588,0,0,0,0,0,0,0,0,0,0,0,0,0,0,0,0,0,0,0,0,0
200702,18,089,2,3,Lake County                   ,67,67,13205047,6,12,1300940,0,0,0,0,0,0,66,66,13098043,6,12,1300940,0,0,0,0,0,0
200702,18,097,2,3,Marion County                 ,73,73,13315697,1,2,204625,2,7,626892,0,0,0,62,62,11400640,1,2,204625,2,7,626892,0,0,0
200702,18,109,2,3,Morgan County                 ,3,3,565000,0,0,0,0,0,0,0,0,0,3,3,565000,0,0,0,0,0,0,0,0,0
200702,18,111,2,3,Newton County                 ,1,1,200000,0,0,0,0,0,0,0,0,0,1,1,200000,0,0,0,0,0,0,0,0,0
200702,18,115,2,3,Ohio County                   ,1,1,150000,0,0,0,0,0,0,0,0,0,1,1,150000,0,0,0,0,0,0,0,0,0
200702,18,125,2,3,Pike County                   ,0,0,0,0,0,0,0,0,0,0,0,0,0,0,0,0,0,0,0,0,0,0,0,0
200702,18,127,2,3,Porter County                 ,33,33,8133436,1,2,391515,1,3,236550,0,0,0,14,14,3534060,1,2,391515,0,0,0,0,0,0
200702,18,133,2,3,Putnam County                 ,1,1,70000,0,0,0,0,0,0,0,0,0,1,1,70000,0,0,0,0,0,0,0,0,0
200702,18,145,2,3,Shelby County                 ,5,5,720785,0,0,0,0,0,0,0,0,0,5,5,720785,0,0,0,0,0,0,0,0,0
200702,18,155,2,3,Switzerland County            ,3,3,174798,0,0,0,0,0,0,0,0,0,0,0,0,0,0,0,0,0,0,0,0,0
200702,18,157,2,3,Tippecanoe County             ,45,45,7861608,0,0,0,0,0,0,0,0,0,45,45,7861608,0,0,0,0,0,0,0,0,0
200702,18,163,2,3,Vanderburgh County            ,18,18,2228034,1,2,95000,0,0,0,2,16,471125,0,0,0,0,0,0,0,0,0,0,0,0
200702,18,167,2,3,Vigo County                   ,11,11,1512784,2,4,396996,0,0,0,1,8,314692,8,8,1191766,2,4,396996,0,0,0,0,0,0
200702,18,175,2,3,Washington County             ,2,2,334103,0,0,0,0,0,0,0,0,0,2,2,334103,0,0,0,0,0,0,0,0,0
200702,18,179,2,3,Wells County                  ,2,2,367763,0,0,0,0,0,0,0,0,0,2,2,367763,0,0,0,0,0,0,0,0,0
200702,18,181,2,3,White County                  ,2,2,306645,0,0,0,0,0,0,0,0,0,0,0,0,0,0,0,0,0,0,0,0,0
200702,18,183,2,3,Whitley County                ,1,1,225000,0,0,0,0,0,0,0,0,0,1,1,225000,0,0,0,0,0,0,0,0,0
200702,19,049,2,4,Dallas County                 ,20,20,3703196,0,0,0,0,0,0,0,0,0,19,19,3592425,0,0,0,0,0,0,0,0,0
200702,19,077,2,4,Guthrie County                ,4,4,516000,0,0,0,0,0,0,0,0,0,4,4,516000,0,0,0,0,0,0,0,0,0
200702,19,085,2,4,Harrison County               ,3,3,551644,0,0,0,0,0,0,0,0,0,3,3,551644,0,0,0,0,0,0,0,0,0
200702,19,121,2,4,Madison County                ,4,4,753364,0,0,0,0,0,0,0,0,0,0,0,0,0,0,0,0,0,0,0,0,0
200702,19,129,2,4,Mills County                  ,1,1,140000,0,0,0,0,0,0,0,0,0,1,1,140000,0,0,0,0,0,0,0,0,0
200702,19,153,2,4,Polk County                   ,72,72,12520094,0,0,0,0,0,0,1,8,841567,72,72,12520094,0,0,0,0,0,0,1,8,841567
200702,19,155,2,4,Pottawattamie County          ,8,8,912187,0,0,0,0,0,0,0,0,0,8,8,912187,0,0,0,0,0,0,0,0,0
200702,19,181,2,4,Warren County                 ,12,12,2311506,0,0,0,0,0,0,0,0,0,12,12,2311506,0,0,0,0,0,0,0,0,0
200702,20,055,2,4,Finney County                 ,0,0,0,0,0,0,0,0,0,0,0,0,0,0,0,0,0,0,0,0,0,0,0,0
200702,20,059,2,4,Franklin County               ,3,3,578433,0,0,0,0,0,0,0,0,0,3,3,578433,0,0,0,0,0,0,0,0,0
200702,20,063,2,4,Gove County                   ,0,0,0,0,0,0,0,0,0,0,0,0,0,0,0,0,0,0,0,0,0,0,0,0
200702,20,091,2,4,Johnson County                ,127,127,37641314,1,2,179550,1,3,280220,0,0,0,127,127,37641314,1,2,179550,1,3,280220,0,0,0
200702,20,103,2,4,Leavenworth County            ,30,30,4248803,0,0,0,0,0,0,0,0,0,25,25,3589477,0,0,0,0,0,0,0,0,0
200702,20,107,2,4,Linn County                   ,1,1,173773,0,0,0,0,0,0,0,0,0,0,0,0,0,0,0,0,0,0,0,0,0
200702,20,121,2,4,Miami County                  ,8,8,1385687,0,0,0,0,0,0,0,0,0,4,4,590357,0,0,0,0,0,0,0,0,0
200702,20,129,2,4,Morton County                 ,0,0,0,0,0,0,0,0,0,0,0,0,0,0,0,0,0,0,0,0,0,0,0,0
200702,20,151,2,4,Pratt County                  ,1,1,153000,0,0,0,0,0,0,0,0,0,1,1,153000,0,0,0,0,0,0,0,0,0
200702,20,183,2,4,Smith County                  ,0,0,0,0,0,0,0,0,0,0,0,0,0,0,0,0,0,0,0,0,0,0,0,0
200702,20,209,2,4,Wyandotte County              ,27,27,3728869,0,0,0,1,4,220000,0,0,0,27,27,3728869,0,0,0,1,4,220000,0,0,0
200702,21,005,3,6,Anderson County               ,14,14,1268490,0,0,0,0,0,0,0,0,0,14,14,1268490,0,0,0,0,0,0,0,0,0
200702,21,015,3,6,Boone County                  ,71,71,9327453,0,0,0,0,0,0,0,0,0,71,71,9327453,0,0,0,0,0,0,0,0,0
200702,21,021,3,6,Boyle County                  ,4,4,904000,0,0,0,0,0,0,0,0,0,4,4,904000,0,0,0,0,0,0,0,0,0
200702,21,029,3,6,Bullitt County                ,28,28,5474050,0,0,0,0,0,0,1,16,800000,28,28,5474050,0,0,0,0,0,0,1,16,800000
200702,21,037,3,6,Campbell County               ,17,17,3267752,0,0,0,1,3,559380,0,0,0,16,16,3150752,0,0,0,0,0,0,0,0,0
200702,21,049,3,6,Clark County                  ,14,14,2209781,0,0,0,0,0,0,0,0,0,0,0,0,0,0,0,0,0,0,0,0,0
200702,21,053,3,6,Clinton County                ,0,0,0,0,0,0,0,0,0,0,0,0,0,0,0,0,0,0,0,0,0,0,0,0
200702,21,059,3,6,Daviess County                ,18,18,1648303,0,0,0,0,0,0,0,0,0,18,18,1648303,0,0,0,0,0,0,0,0,0
200702,21,067,3,6,Fayette County                ,127,127,15936080,0,0,0,0,0,0,1,17,864404,0,0,0,0,0,0,0,0,0,0,0,0
200702,21,077,3,6,Gallatin County               ,0,0,0,0,0,0,0,0,0,0,0,0,0,0,0,0,0,0,0,0,0,0,0,0
200702,21,081,3,6,Grant County                  ,7,7,930432,0,0,0,0,0,0,1,5,200000,0,0,0,0,0,0,0,0,0,0,0,0
200702,21,103,3,6,Henry County                  ,2,2,326000,0,0,0,0,0,0,0,0,0,2,2,326000,0,0,0,0,0,0,0,0,0
200702,21,111,3,6,Jefferson County              ,100,100,17270305,0,0,0,7,28,1497720,1,5,1320000,100,100,17270305,0,0,0,7,28,1497720,1,5,1320000
200702,21,113,3,6,Jessamine County              ,20,20,5199000,0,0,0,0,0,0,0,0,0,20,20,5199000,0,0,0,0,0,0,0,0,0
200702,21,117,3,6,Kenton County                 ,46,46,5203415,0,0,0,0,0,0,1,6,152023,29,29,3394747,0,0,0,0,0,0,0,0,0
200702,21,137,3,6,Lincoln County                ,7,7,1112826,0,0,0,0,0,0,0,0,0,7,7,1112826,0,0,0,0,0,0,0,0,0
200702,21,151,3,6,Madison County                ,26,26,2443404,1,2,80000,1,4,180000,1,5,168959,7,7,780000,1,2,80000,1,4,180000,0,0,0
200702,21,157,3,6,Marshall County               ,2,2,242418,0,0,0,0,0,0,0,0,0,0,0,0,0,0,0,0,0,0,0,0,0
200702,21,163,3,6,Meade County                  ,3,3,336000,1,2,62500,0,0,0,0,0,0,2,2,211000,0,0,0,0,0,0,0,0,0
200702,21,167,3,6,Mercer County                 ,12,12,786000,0,0,0,0,0,0,0,0,0,12,12,786000,0,0,0,0,0,0,0,0,0
200702,21,179,3,6,Nelson County                 ,13,13,1522914,0,0,0,1,3,110000,0,0,0,13,13,1522914,0,0,0,1,3,110000,0,0,0
200702,21,185,3,6,Oldham County                 ,31,31,7819951,0,0,0,0,0,0,0,0,0,0,0,0,0,0,0,0,0,0,0,0,0
200702,21,191,3,6,Pendleton County              ,0,0,0,0,0,0,0,0,0,0,0,0,0,0,0,0,0,0,0,0,0,0,0,0
200702,21,205,3,6,Rowan County                  ,1,1,90877,0,0,0,0,0,0,0,0,0,0,0,0,0,0,0,0,0,0,0,0,0
200702,21,209,3,6,Scott County                  ,35,35,4074750,0,0,0,0,0,0,0,0,0,35,35,4074750,0,0,0,0,0,0,0,0,0
200702,21,211,3,6,Shelby County                 ,18,18,2857336,0,0,0,0,0,0,0,0,0,18,18,2857336,0,0,0,0,0,0,0,0,0
200702,21,213,3,6,Simpson County                ,5,5,520000,0,0,0,0,0,0,0,0,0,5,5,520000,0,0,0,0,0,0,0,0,0
200702,21,215,3,6,Spencer County                ,17,17,2669818,0,0,0,0,0,0,0,0,0,17,17,2669818,0,0,0,0,0,0,0,0,0
200702,21,221,3,6,Trigg County                  ,1,1,50000,0,0,0,0,0,0,0,0,0,1,1,50000,0,0,0,0,0,0,0,0,0
200702,21,239,3,6,Woodford County               ,18,18,5148400,0,0,0,0,0,0,0,0,0,18,18,5148400,0,0,0,0,0,0,0,0,0
200702,22,051,3,7,Jefferson Parish              ,44,44,6842468,0,0,0,1,4,500000,0,0,0,44,44,6842468,0,0,0,1,4,500000,0,0,0
200702,22,071,3,7,Orleans Parish                ,60,60,9101000,11,22,1867435,0,0,0,0,0,0,60,60,9101000,11,22,1867435,0,0,0,0,0,0
200702,22,075,3,7,Plaquemines Parish            ,10,10,898380,0,0,0,0,0,0,0,0,0,10,10,898380,0,0,0,0,0,0,0,0,0
200702,22,087,3,7,St. Bernard Parish            ,17,17,2010037,0,0,0,0,0,0,0,0,0,17,17,2010037,0,0,0,0,0,0,0,0,0
200702,22,089,3,7,St. Charles Parish            ,8,8,1360000,0,0,0,0,0,0,0,0,0,8,8,1360000,0,0,0,0,0,0,0,0,0
200702,22,095,3,7,St. John the Baptist Parish   ,0,0,0,0,0,0,0,0,0,0,0,0,0,0,0,0,0,0,0,0,0,0,0,0
200702,22,103,3,7,St. Tammany Parish            ,125,125,28958198,0,0,0,0,0,0,0,0,0,125,125,28958198,0,0,0,0,0,0,0,0,0
200702,22,109,3,7,Terrebonne Parish             ,24,24,7657888,0,0,0,0,0,0,0,0,0,24,24,7657888,0,0,0,0,0,0,0,0,0
200702,23,000,1,1,Maine Unorganized Territory   ,7,7,929601,0,0,0,0,0,0,0,0,0,0,0,0,0,0,0,0,0,0,0,0,0
200702,24,003,3,5,Anne Arundel County           ,102,102,16330666,0,0,0,0,0,0,2,14,2451251,97,97,15233665,0,0,0,0,0,0,0,0,0
200702,24,005,3,5,Baltimore County              ,93,93,14605473,2,4,341813,0,0,0,0,0,0,93,93,14605473,2,4,341813,0,0,0,0,0,0
200702,24,009,3,5,Calvert County                ,29,29,4554395,0,0,0,0,0,0,0,0,0,29,29,4554395,0,0,0,0,0,0,0,0,0
200702,24,013,3,5,Carroll County                ,21,21,3762770,0,0,0,0,0,0,0,0,0,21,21,3762770,0,0,0,0,0,0,0,0,0
200702,24,015,3,5,Cecil County                  ,27,27,3158000,0,0,0,0,0,0,0,0,0,27,27,3158000,0,0,0,0,0,0,0,0,0
200702,24,017,3,5,Charles County                ,61,61,14041665,0,0,0,0,0,0,1,5,316667,54,54,12913700,0,0,0,0,0,0,0,0,0
200702,24,021,3,5,Frederick County              ,36,36,6610457,0,0,0,0,0,0,1,53,5241223,36,36,6610457,0,0,0,0,0,0,1,53,5241223
200702,24,023,3,5,Garrett County                ,8,8,2103000,0,0,0,0,0,0,0,0,0,8,8,2103000,0,0,0,0,0,0,0,0,0
200702,24,025,3,5,Harford County                ,89,89,15675397,2,4,341813,3,12,1091049,5,60,11413976,89,89,15675397,2,4,341813,3,12,1091049,5,60,11413976
200702,24,027,3,5,Howard County                 ,55,55,8637645,0,0,0,0,0,0,0,0,0,55,55,8637645,0,0,0,0,0,0,0,0,0
200702,24,031,3,5,Montgomery County             ,205,205,44698205,0,0,0,0,0,0,2,101,11000000,205,205,44698205,0,0,0,0,0,0,2,101,11000000
200702,24,033,3,5,Prince George County          ,154,154,24966196,0,0,0,0,0,0,2,252,24920532,154,154,24966196,0,0,0,0,0,0,2,252,24920532
200702,24,035,3,5,Queen Anne County             ,14,14,2787924,0,0,0,0,0,0,0,0,0,6,6,1965000,0,0,0,0,0,0,0,0,0
200702,24,510,3,5,Baltimore (Independent City)  ,34,34,3982557,0,0,0,0,0,0,1,39,5134835,0,0,0,0,0,0,0,0,0,0,0,0
200702,25,009,1,1,Essex County                  ,37,37,8108902,4,8,793700,0,0,0,3,19,2245370,24,24,5139952,4,8,793700,0,0,0,1,5,1003000
200702,25,017,1,1,Middlesex County              ,59,59,12714143,5,10,1168184,0,0,0,4,88,6448160,37,37,9028776,3,6,811000,0,0,0,1,60,4141398
200702,25,019,1,1,Nantucket County              ,14,14,8130400,0,0,0,0,0,0,0,0,0,14,14,8130400,0,0,0,0,0,0,0,0,0
200702,25,021,1,1,Norfolk County                ,23,23,10156637,2,4,364450,0,0,0,6,85,7778619,12,12,7228900,0,0,0,0,0,0,1,26,1984870
200702,25,023,1,1,Plymouth County               ,55,55,12018856,1,2,256553,1,3,295443,3,30,2799730,15,15,4981652,0,0,0,0,0,0,2,24,2570000
200702,25,025,1,1,Suffolk County                ,5,5,1057047,0,0,0,0,0,0,1,7,547237,4,4,779618,0,0,0,0,0,0,1,7,547237
200702,26,000,2,3,Michigan Balance of State     ,5,5,399499,0,0,0,0,0,0,0,0,0,5,5,399499,0,0,0,0,0,0,0,0,0
200702,26,001,2,3,Alcona County                 ,1,1,230000,0,0,0,0,0,0,0,0,0,1,1,230000,0,0,0,0,0,0,0,0,0
200702,26,009,2,3,Antrim County                 ,7,7,1749034,0,0,0,0,0,0,0,0,0,7,7,1749034,0,0,0,0,0,0,0,0,0
200702,26,015,2,3,Barry County                  ,9,9,948000,0,0,0,0,0,0,0,0,0,9,9,948000,0,0,0,0,0,0,0,0,0
200702,26,019,2,3,Benzie County                 ,2,2,375000,0,0,0,0,0,0,0,0,0,2,2,375000,0,0,0,0,0,0,0,0,0
200702,26,029,2,3,Charlevoix County             ,6,6,774051,0,0,0,0,0,0,0,0,0,0,0,0,0,0,0,0,0,0,0,0,0
200702,26,031,2,3,Cheboygan County              ,2,2,740000,0,0,0,0,0,0,0,0,0,2,2,740000,0,0,0,0,0,0,0,0,0
200702,26,047,2,3,Emmet County                  ,2,2,151049,0,0,0,0,0,0,0,0,0,2,2,151049,0,0,0,0,0,0,0,0,0
200702,26,051,2,3,Gladwin County                ,2,2,297942,0,0,0,0,0,0,0,0,0,2,2,297942,0,0,0,0,0,0,0,0,0
200702,26,067,2,3,Ionia County                  ,12,12,463572,0,0,0,0,0,0,0,0,0,3,3,206000,0,0,0,0,0,0,0,0,0
200702,26,079,2,3,Kalkaska County               ,2,2,262642,0,0,0,0,0,0,0,0,0,0,0,0,0,0,0,0,0,0,0,0,0
200702,26,081,2,3,Kent County                   ,73,73,13554070,0,0,0,1,3,255000,1,10,1085730,60,60,12181188,0,0,0,0,0,0,0,0,0
200702,26,087,2,3,Lapeer County                 ,1,1,181000,0,0,0,0,0,0,0,0,0,1,1,181000,0,0,0,0,0,0,0,0,0
200702,26,089,2,3,Leelanau County               ,2,2,242914,0,0,0,0,0,0,0,0,0,2,2,242914,0,0,0,0,0,0,0,0,0
200702,26,093,2,3,Livingston County             ,21,21,3993995,0,0,0,0,0,0,0,0,0,18,18,3692949,0,0,0,0,0,0,0,0,0
200702,26,099,2,3,Macomb County                 ,122,122,20548591,1,2,145000,1,3,232727,0,0,0,120,120,20372334,0,0,0,0,0,0,0,0,0
200702,26,103,2,3,Marquette County              ,1,1,254000,0,0,0,0,0,0,0,0,0,1,1,254000,0,0,0,0,0,0,0,0,0
200702,26,113,2,3,Missaukee County              ,0,0,0,0,0,0,0,0,0,0,0,0,0,0,0,0,0,0,0,0,0,0,0,0
200702,26,123,2,3,Newaygo County                ,4,4,712844,0,0,0,0,0,0,0,0,0,3,3,622000,0,0,0,0,0,0,0,0,0
200702,26,125,2,3,Oakland County                ,77,77,16852104,1,2,217594,0,0,0,1,7,493509,55,55,11713406,1,2,217594,0,0,0,0,0,0
200702,26,129,2,3,Ogemaw County                 ,2,2,160000,0,0,0,0,0,0,0,0,0,2,2,160000,0,0,0,0,0,0,0,0,0
200702,26,133,2,3,Osceola County                ,2,2,168000,0,0,0,0,0,0,0,0,0,2,2,168000,0,0,0,0,0,0,0,0,0
200702,26,137,2,3,Otsego County                 ,2,2,296031,0,0,0,0,0,0,0,0,0,0,0,0,0,0,0,0,0,0,0,0,0
200702,26,141,2,3,Presque Isle County           ,0,0,0,0,0,0,0,0,0,0,0,0,0,0,0,0,0,0,0,0,0,0,0,0
200702,26,147,2,3,St. Clair County              ,12,12,1534832,0,0,0,0,0,0,0,0,0,6,6,906000,0,0,0,0,0,0,0,0,0
200702,26,163,2,3,Wayne County                  ,83,83,17623640,0,0,0,0,0,0,3,30,3336950,80,80,17141389,0,0,0,0,0,0,3,30,3336950
200702,27,003,2,4,Anoka County                  ,54,54,11502790,0,0,0,0,0,0,0,0,0,51,51,10991574,0,0,0,0,0,0,0,0,0
200702,27,019,2,4,Carver County                 ,35,35,10536531,0,0,0,0,0,0,0,0,0,33,33,10165221,0,0,0,0,0,0,0,0,0
200702,27,025,2,4,Chisago County                ,3,3,649902,0,0,0,0,0,0,0,0,0,3,3,649902,0,0,0,0,0,0,0,0,0
200702,27,037,2,4,Dakota County                 ,62,62,14366193,0,0,0,0,0,0,1,6,945389,62,62,14366193,0,0,0,0,0,0,1,6,945389
200702,27,053,2,4,Hennepin County               ,76,76,32626517,0,0,0,0,0,0,2,10,1294680,70,70,31200059,0,0,0,0,0,0,0,0,0
200702,27,059,2,4,Isanti County                 ,9,9,1371765,0,0,0,0,0,0,0,0,0,9,9,1371765,0,0,0,0,0,0,0,0,0
200702,27,123,2,4,Ramsey County                 ,18,18,2902396,0,0,0,0,0,0,0,0,0,18,18,2902396,0,0,0,0,0,0,0,0,0
200702,27,139,2,4,Scott County                  ,38,38,8957389,0,0,0,0,0,0,0,0,0,38,38,8957389,0,0,0,0,0,0,0,0,0
200702,27,141,2,4,Sherburne County              ,7,7,1420041,0,0,0,0,0,0,0,0,0,7,7,1420041,0,0,0,0,0,0,0,0,0
200702,27,163,2,4,Washington County             ,75,75,23290552,0,0,0,0,0,0,0,0,0,63,63,21465734,0,0,0,0,0,0,0,0,0
200702,27,171,2,4,Wright County                 ,32,32,5631537,0,0,0,0,0,0,0,0,0,32,32,5631537,0,0,0,0,0,0,0,0,0
200702,28,021,3,6,Claiborne County              ,0,0,0,0,0,0,0,0,0,0,0,0,0,0,0,0,0,0,0,0,0,0,0,0
200702,28,033,3,6,DeSoto County                 ,150,150,19007435,0,0,0,0,0,0,0,0,0,150,150,19007435,0,0,0,0,0,0,0,0,0
200702,28,039,3,6,George County                 ,2,2,201103,0,0,0,0,0,0,0,0,0,2,2,201103,0,0,0,0,0,0,0,0,0
200702,28,071,3,6,Lafayette County              ,27,27,3585000,0,0,0,0,0,0,0,0,0,27,27,3585000,0,0,0,0,0,0,0,0,0
200702,28,091,3,6,Marion County                 ,1,1,50000,0,0,0,0,0,0,0,0,0,1,1,50000,0,0,0,0,0,0,0,0,0
200702,28,093,3,6,Marshall County               ,29,29,5546923,0,0,0,0,0,0,0,0,0,28,28,5500000,0,0,0,0,0,0,0,0,0
200702,28,137,3,6,Tate County                   ,12,12,1156677,0,0,0,0,0,0,0,0,0,2,2,260000,0,0,0,0,0,0,0,0,0
200702,28,143,3,6,Tunica County                 ,0,0,0,0,0,0,0,0,0,0,0,0,0,0,0,0,0,0,0,0,0,0,0,0
200702,28,153,3,6,Wayne County                  ,0,0,0,0,0,0,0,0,0,0,0,0,0,0,0,0,0,0,0,0,0,0,0,0
200702,29,001,2,4,Adair County                  ,0,0,0,0,0,0,0,0,0,0,0,0,0,0,0,0,0,0,0,0,0,0,0,0
200702,29,013,2,4,Bates County                  ,0,0,0,0,0,0,0,0,0,0,0,0,0,0,0,0,0,0,0,0,0,0,0,0
200702,29,019,2,4,Boone County                  ,38,38,6839400,1,2,360000,1,4,350000,0,0,0,38,38,6839400,1,2,360000,1,4,350000,0,0,0
200702,29,025,2,4,Caldwell County               ,1,1,173773,0,0,0,0,0,0,0,0,0,0,0,0,0,0,0,0,0,0,0,0,0
200702,29,037,2,4,Cass County                   ,31,31,4708445,1,2,219750,1,3,144296,0,0,0,15,15,1917255,0,0,0,0,0,0,0,0,0
200702,29,047,2,4,Clay County                   ,18,18,2930663,0,0,0,0,0,0,0,0,0,18,18,2930663,0,0,0,0,0,0,0,0,0
200702,29,049,2,4,Clinton County                ,3,3,416444,0,0,0,0,0,0,0,0,0,3,3,416444,0,0,0,0,0,0,0,0,0
200702,29,065,2,4,Dent County                   ,3,3,384000,0,0,0,0,0,0,0,0,0,3,3,384000,0,0,0,0,0,0,0,0,0
200702,29,071,2,4,Franklin County               ,21,21,4194890,7,14,1477536,0,0,0,1,9,506250,5,5,928864,7,14,1477536,0,0,0,0,0,0
200702,29,079,2,4,Grundy County                 ,1,1,79580,0,0,0,0,0,0,0,0,0,0,0,0,0,0,0,0,0,0,0,0,0
200702,29,095,2,4,Jackson County                ,140,140,25200592,15,30,1543673,1,4,358224,0,0,0,138,138,24933885,15,30,1543673,1,4,358224,0,0,0
200702,29,099,2,4,Jefferson County              ,70,70,9324707,0,0,0,0,0,0,0,0,0,70,70,9324707,0,0,0,0,0,0,0,0,0
200702,29,105,2,4,Laclede County                ,2,2,199556,1,2,113446,0,0,0,0,0,0,0,0,0,0,0,0,0,0,0,0,0,0
200702,29,107,2,4,Lafayette County              ,3,3,521318,0,0,0,0,0,0,0,0,0,0,0,0,0,0,0,0,0,0,0,0,0
200702,29,113,2,4,Lincoln County                ,12,12,1505850,0,0,0,0,0,0,0,0,0,12,12,1505850,0,0,0,0,0,0,0,0,0
200702,29,141,2,4,Morgan County                 ,0,0,0,0,0,0,0,0,0,0,0,0,0,0,0,0,0,0,0,0,0,0,0,0
200702,29,161,2,4,Phelps County                 ,1,1,167310,9,18,1539320,0,0,0,0,0,0,1,1,167310,9,18,1539320,0,0,0,0,0,0
200702,29,165,2,4,Platte County                 ,12,12,2783441,0,0,0,0,0,0,0,0,0,12,12,2783441,0,0,0,0,0,0,0,0,0
200702,29,177,2,4,Ray County                    ,4,4,546000,0,0,0,0,0,0,0,0,0,4,4,546000,0,0,0,0,0,0,0,0,0
200702,29,183,2,4,St. Charles County            ,161,161,33640978,3,6,725441,3,10,985200,1,12,1019061,161,161,33640978,3,6,725441,3,10,985200,1,12,1019061
200702,29,189,2,4,St. Louis County              ,125,125,36559995,0,0,0,0,0,0,0,0,0,119,119,35722280,0,0,0,0,0,0,0,0,0
200702,29,219,2,4,Warren County                 ,21,21,3644584,1,2,230140,1,4,384869,0,0,0,20,20,3432074,1,2,230140,1,4,384869,0,0,0
200702,29,221,2,4,Washington County             ,0,0,0,0,0,0,0,0,0,0,0,0,0,0,0,0,0,0,0,0,0,0,0,0
200702,29,510,2,4,St. Louis (Independent City)  ,41,41,4566007,0,0,0,18,61,6051235,9,54,3911550,41,41,4566007,0,0,0,18,61,6051235,9,54,3911550
200702,30,023,4,8,Deer Lodge County             ,0,0,0,0,0,0,0,0,0,0,0,0,0,0,0,0,0,0,0,0,0,0,0,0
200702,30,063,4,8,Missoula County               ,34,34,5242300,1,2,107981,0,0,0,3,48,2654744,34,34,5242300,1,2,107981,0,0,0,3,48,2654744
200702,31,025,2,4,Cass County                   ,5,5,654244,0,0,0,0,0,0,0,0,0,5,5,654244,0,0,0,0,0,0,0,0,0
200702,31,033,2,4,Cheyenne County               ,2,2,254500,0,0,0,0,0,0,0,0,0,2,2,254500,0,0,0,0,0,0,0,0,0
200702,31,055,2,4,Douglas County                ,108,108,11796375,0,0,0,0,0,0,0,0,0,106,106,11550797,0,0,0,0,0,0,0,0,0
200702,31,077,2,4,Greeley County                ,0,0,0,0,0,0,0,0,0,0,0,0,0,0,0,0,0,0,0,0,0,0,0,0
200702,31,105,2,4,Kimball County                ,0,0,0,0,0,0,0,0,0,0,0,0,0,0,0,0,0,0,0,0,0,0,0,0
200702,31,153,2,4,Sarpy County                  ,83,83,15289192,0,0,0,0,0,0,0,0,0,83,83,15289192,0,0,0,0,0,0,0,0,0
200702,31,155,2,4,Saunders County               ,7,7,1200065,0,0,0,0,0,0,1,8,543475,7,7,1200065,0,0,0,0,0,0,1,8,543475
200702,31,177,2,4,Washington County             ,0,0,0,0,0,0,0,0,0,0,0,0,0,0,0,0,0,0,0,0,0,0,0,0
200702,32,001,4,8,Churchill County              ,13,13,1826619,0,0,0,0,0,0,0,0,0,13,13,1826619,0,0,0,0,0,0,0,0,0
200702,32,003,4,8,Clark County                  ,1182,1182,168856548,1,2,352169,16,60,4577780,10,337,45244823,1182,1182,168856548,1,2,352169,16,60,4577780,10,337,45244823
200702,32,005,4,8,Douglas County                ,6,6,1798697,0,0,0,0,0,0,0,0,0,6,6,1798697,0,0,0,0,0,0,0,0,0
200702,32,007,4,8,Elko County                   ,12,12,1416050,2,4,228180,0,0,0,0,0,0,12,12,1416050,2,4,228180,0,0,0,0,0,0
200702,32,013,4,8,Humboldt County               ,4,4,488566,0,0,0,0,0,0,0,0,0,4,4,488566,0,0,0,0,0,0,0,0,0
200702,32,015,4,8,Lander County                 ,0,0,0,0,0,0,0,0,0,0,0,0,0,0,0,0,0,0,0,0,0,0,0,0
200702,32,017,4,8,Lincoln County                ,2,2,950000,0,0,0,0,0,0,0,0,0,2,2,950000,0,0,0,0,0,0,0,0,0
200702,32,019,4,8,Lyon County                   ,44,44,7496664,0,0,0,0,0,0,0,0,0,17,17,3006845,0,0,0,0,0,0,0,0,0
200702,32,021,4,8,Mineral County                ,0,0,0,0,0,0,0,0,0,0,0,0,0,0,0,0,0,0,0,0,0,0,0,0
200702,32,027,4,8,Pershing County               ,0,0,0,0,0,0,0,0,0,0,0,0,0,0,0,0,0,0,0,0,0,0,0,0
200702,32,029,4,8,Storey County                 ,3,3,520607,0,0,0,0,0,0,0,0,0,3,3,520607,0,0,0,0,0,0,0,0,0
200702,32,031,4,8,Washoe County                 ,178,178,33550787,1,2,115000,0,0,0,1,39,4378700,178,178,33550787,1,2,115000,0,0,0,1,39,4378700
200702,32,033,4,8,White Pine County             ,0,0,0,0,0,0,0,0,0,0,0,0,0,0,0,0,0,0,0,0,0,0,0,0
200702,32,510,4,8,Carson City (Independent City),0,0,0,0,0,0,0,0,0,0,0,0,0,0,0,0,0,0,0,0,0,0,0,0
200702,33,015,1,1,Rockingham County             ,36,36,7800662,0,0,0,0,0,0,1,5,428700,21,21,4819642,0,0,0,0,0,0,0,0,0
200702,33,017,1,1,Strafford County              ,21,21,3794943,1,2,254000,0,0,0,0,0,0,9,9,1785588,1,2,254000,0,0,0,0,0,0
200702,34,001,1,2,Atlantic County               ,131,131,16968024,1,2,535842,0,0,0,0,0,0,126,126,16288174,1,2,535842,0,0,0,0,0,0
200702,34,003,1,2,Bergen County                 ,42,42,13424338,5,10,981941,1,3,347571,3,50,4857090,22,22,7276454,3,6,520000,0,0,0,0,0,20000
200702,34,005,1,2,Burlington County             ,59,59,8410757,1,2,305693,0,0,0,6,65,3075850,41,41,5016599,0,0,0,0,0,0,5,60,2825000
200702,34,007,1,2,Camden County                 ,67,67,5455361,0,0,0,1,3,171403,2,10,844421,55,55,4380479,0,0,0,0,0,0,0,0,0
200702,34,009,1,2,Cape May County               ,39,39,12402249,7,14,1917940,1,3,510000,1,5,575000,35,35,11855584,7,14,1917940,1,3,510000,1,5,575000
200702,34,011,1,2,Cumberland County             ,35,35,4893001,1,2,261143,0,0,0,0,0,0,16,16,3144960,0,0,0,0,0,0,0,0,0
200702,34,013,1,2,Essex County                  ,10,10,2514331,23,46,5099548,29,87,8156305,5,49,1704578,6,6,1889809,22,44,4957385,29,87,8156305,2,33,301800
200702,34,015,1,2,Gloucester County             ,55,55,8264502,0,0,0,0,0,0,0,0,0,44,44,7281006,0,0,0,0,0,0,0,0,0
200702,34,017,1,2,Hudson County                 ,18,18,1563070,17,34,3052305,1,4,207879,4,137,15745595,7,7,502500,1,2,131200,0,0,0,1,8,1400000
200702,34,019,1,2,Hunterdon County              ,16,16,5381156,0,0,0,0,0,0,1,5,257083,12,12,4536219,0,0,0,0,0,0,0,0,0
200702,34,021,1,2,Mercer County                 ,38,38,5128060,0,0,0,0,0,0,0,0,0,19,19,3685286,0,0,0,0,0,0,0,0,0
200702,34,023,1,2,Middlesex County              ,72,72,9711393,0,0,0,0,0,0,6,71,5641900,65,65,8896708,0,0,0,0,0,0,5,66,5215332
200702,34,025,1,2,Monmouth County               ,68,68,12623351,1,2,40000,1,3,6606,4,30,662961,31,31,6530356,1,2,40000,0,0,0,1,5,6700
200702,34,027,1,2,Morris County                 ,25,25,9028574,0,0,0,0,0,0,2,12,695969,13,13,6361351,0,0,0,0,0,0,0,0,0
200702,34,029,1,2,Ocean County                  ,105,105,20338601,1,2,41000,1,3,345000,0,0,0,102,102,19881218,0,0,0,1,3,345000,0,0,0
200702,34,031,1,2,Passaic County                ,15,15,2678671,0,0,0,1,4,193700,0,0,0,13,13,2113616,0,0,0,1,4,193700,0,0,0
200702,34,033,1,2,Salem County                  ,12,12,2007561,0,0,0,0,0,0,0,0,0,10,10,1751980,0,0,0,0,0,0,0,0,0
200702,34,035,1,2,Somerset County               ,18,18,3242571,0,0,0,0,0,0,2,18,1548826,13,13,1758554,0,0,0,0,0,0,0,0,0
200702,34,037,1,2,Sussex County                 ,16,16,3646409,0,0,0,0,0,0,1,10,1000000,10,10,2553600,0,0,0,0,0,0,1,10,1000000
200702,34,039,1,2,Union County                  ,28,28,5272468,8,16,1105063,0,0,0,2,12,975127,20,20,4351342,0,0,0,0,0,0,1,6,427001
200702,34,041,1,2,Warren County                 ,13,13,2232435,0,0,0,0,0,0,1,5,389196,2,2,499400,0,0,0,0,0,0,0,0,0
200702,35,000,4,8,New Mexico Balance of State   ,90,90,23421179,0,0,0,0,0,0,0,0,0,90,90,23421179,0,0,0,0,0,0,0,0,0
200702,35,001,4,8,Bernalillo County             ,235,235,34529956,0,0,0,1,3,152958,1,27,1370019,24,24,5351303,0,0,0,0,0,0,0,0,0
200702,35,005,4,8,Chaves County                 ,3,3,547048,0,0,0,0,0,0,0,0,0,0,0,0,0,0,0,0,0,0,0,0,0
200702,35,007,4,8,Colfax County                 ,4,4,1276217,0,0,0,0,0,0,0,0,0,0,0,0,0,0,0,0,0,0,0,0,0
200702,35,009,4,8,Curry County                  ,23,23,4284970,0,0,0,0,0,0,0,0,0,23,23,4284970,0,0,0,0,0,0,0,0,0
200702,35,013,4,8,Dona Ana County               ,98,98,14058810,0,0,0,0,0,0,0,0,0,98,98,14058810,0,0,0,0,0,0,0,0,0
200702,35,015,4,8,Eddy County                   ,4,4,625973,0,0,0,0,0,0,0,0,0,0,0,0,0,0,0,0,0,0,0,0,0
200702,35,025,4,8,Lea County                    ,8,8,1717616,0,0,0,0,0,0,0,0,0,8,8,1717616,0,0,0,0,0,0,0,0,0
200702,35,027,4,8,Lincoln County                ,12,12,2058669,0,0,0,1,3,131650,0,0,0,0,0,0,0,0,0,0,0,0,0,0,0
200702,35,028,4,8,Los Alamos County             ,2,2,684980,0,0,0,0,0,0,0,0,0,2,2,684980,0,0,0,0,0,0,0,0,0
200702,35,029,4,8,Luna County                   ,12,12,2404387,0,0,0,0,0,0,0,0,0,12,12,2404387,0,0,0,0,0,0,0,0,0
200702,35,031,4,8,McKinley County               ,5,5,380000,0,0,0,0,0,0,0,0,0,5,5,380000,0,0,0,0,0,0,0,0,0
200702,35,035,4,8,Otero County                  ,11,11,2056858,0,0,0,0,0,0,0,0,0,0,0,0,0,0,0,0,0,0,0,0,0
200702,35,039,4,8,Rio Arriba County             ,2,2,421618,0,0,0,0,0,0,0,0,0,2,2,421618,0,0,0,0,0,0,0,0,0
200702,35,041,4,8,Roosevelt County              ,2,2,229000,2,4,149000,0,0,0,0,0,0,2,2,229000,2,4,149000,0,0,0,0,0,0
200702,35,043,4,8,Sandoval County               ,105,105,20544339,0,0,0,0,0,0,0,0,0,105,105,20544339,0,0,0,0,0,0,0,0,0
200702,35,045,4,8,San Juan County               ,30,30,4998212,0,0,0,0,0,0,0,0,0,30,30,4998212,0,0,0,0,0,0,0,0,0
200702,35,049,4,8,Santa Fe County               ,25,25,3321462,0,0,0,0,0,0,0,0,0,0,0,0,0,0,0,0,0,0,0,0,0
200702,35,051,4,8,Sierra County                 ,0,0,0,0,0,0,0,0,0,0,0,0,0,0,0,0,0,0,0,0,0,0,0,0
200702,35,053,4,8,Socorro County                ,2,2,393000,0,0,0,0,0,0,0,0,0,2,2,393000,0,0,0,0,0,0,0,0,0
200702,35,055,4,8,Taos County                   ,15,15,2005576,0,0,0,0,0,0,0,0,0,0,0,0,0,0,0,0,0,0,0,0,0
200702,35,061,4,8,Valencia County               ,19,19,2370601,0,0,0,0,0,0,0,0,0,0,0,0,0,0,0,0,0,0,0,0,0
200702,36,005,1,2,Bronx County                  ,3,3,584713,21,42,4362885,22,66,6187542,5,38,2970717,3,3,584713,21,42,4362885,22,66,6187542,5,38,2970717
200702,36,047,1,2,Kings County                  ,0,0,0,14,28,2908590,37,112,10500071,10,84,6566849,0,0,0,14,28,2908590,37,112,10500071,10,84,6566849
200702,36,059,1,2,Nassau County                 ,42,42,13182280,2,4,242083,0,0,0,1,16,1354560,14,14,6798750,1,2,87600,0,0,0,1,16,1354560
200702,36,061,1,2,New York County               ,0,0,0,0,0,0,1,4,375003,10,910,71140864,0,0,0,0,0,0,1,4,375003,10,910,71140864
200702,36,079,1,2,Putnam County                 ,6,6,1632816,0,0,0,0,0,0,0,0,0,3,3,899000,0,0,0,0,0,0,0,0,0
200702,36,081,1,2,Queens County                 ,12,12,2338853,46,92,9556795,31,93,8718809,7,326,25485628,12,12,2338853,46,92,9556795,31,93,8718809,7,326,25485628
200702,36,085,1,2,Richmond County               ,25,25,4872610,14,28,2908590,0,0,0,0,0,0,25,25,4872610,14,28,2908590,0,0,0,0,0,0
200702,36,087,1,2,Rockland County               ,13,13,4491496,0,0,0,2,6,900000,1,5,390884,11,11,4128000,0,0,0,2,6,900000,1,5,390884
200702,36,103,1,2,Suffolk County                ,100,100,27452085,1,2,350000,0,0,0,0,0,0,79,79,23589660,1,2,350000,0,0,0,0,0,0
200702,36,119,1,2,Westchester County            ,27,27,8861187,2,4,400000,0,0,0,1,5,194001,15,15,5059960,2,4,400000,0,0,0,0,0,0
200702,37,003,3,5,Alexander County              ,23,23,2327540,0,0,0,0,0,0,0,0,0,23,23,2327540,0,0,0,0,0,0,0,0,0
200702,37,007,3,5,Anson County                  ,7,7,1185925,0,0,0,0,0,0,0,0,0,7,7,1185925,0,0,0,0,0,0,0,0,0
200702,37,009,3,5,Ashe County                   ,17,17,3640000,0,0,0,0,0,0,0,0,0,17,17,3640000,0,0,0,0,0,0,0,0,0
200702,37,011,3,5,Avery County                  ,12,12,4134713,0,0,0,1,4,974850,0,0,0,12,12,4134713,0,0,0,1,4,974850,0,0,0
200702,37,019,3,5,Brunswick County              ,209,209,34770215,0,0,0,0,0,0,1,6,615440,20,20,7019988,0,0,0,0,0,0,0,0,0
200702,37,025,3,5,Cabarrus County               ,208,208,28326145,0,0,0,0,0,0,0,0,0,208,208,28326145,0,0,0,0,0,0,0,0,0
200702,37,027,3,5,Caldwell County               ,23,23,4297700,0,0,0,0,0,0,0,0,0,23,23,4297700,0,0,0,0,0,0,0,0,0
200702,37,037,3,5,Chatham County                ,55,55,18808907,0,0,0,0,0,0,0,0,0,55,55,18808907,0,0,0,0,0,0,0,0,0
200702,37,039,3,5,Cherokee County               ,28,28,3850241,0,0,0,0,0,0,0,0,0,28,28,3850241,0,0,0,0,0,0,0,0,0
200702,37,049,3,5,Craven County                 ,57,57,6511070,0,0,0,1,3,130000,0,0,0,57,57,6511070,0,0,0,1,3,130000,0,0,0
200702,37,053,3,5,Currituck County              ,21,21,5303319,0,0,0,0,0,0,0,0,0,21,21,5303319,0,0,0,0,0,0,0,0,0
200702,37,059,3,5,Davie County                  ,23,23,3731579,1,2,106688,0,0,0,0,0,0,0,0,0,0,0,0,0,0,0,0,0,0
200702,37,063,3,5,Durham County                 ,145,145,26850920,3,6,555000,0,0,0,0,0,0,145,145,26850920,3,6,555000,0,0,0,0,0,0
200702,37,067,3,5,Forsyth County                ,190,190,24364930,0,0,0,0,0,0,0,0,0,190,190,24364930,0,0,0,0,0,0,0,0,0
200702,37,069,3,5,Franklin County               ,67,67,10569263,0,0,0,0,0,0,0,0,0,67,67,10569263,0,0,0,0,0,0,0,0,0
200702,37,071,3,5,Gaston County                 ,99,99,15141085,0,0,0,0,0,0,0,0,0,99,99,15141085,0,0,0,0,0,0,0,0,0
200702,37,081,3,5,Guilford County               ,208,208,35877269,2,4,876366,0,0,0,9,124,6768888,86,86,12470842,2,4,876366,0,0,0,8,96,4892000
200702,37,089,3,5,Henderson County              ,122,122,21981860,0,0,0,0,0,0,0,0,0,122,122,21981860,0,0,0,0,0,0,0,0,0
200702,37,097,3,5,Iredell County                ,144,144,22018262,0,0,0,0,0,0,2,29,1775557,0,0,0,0,0,0,0,0,0,0,0,0
200702,37,101,3,5,Johnston County               ,171,171,26551227,0,0,0,3,9,724775,0,0,0,171,171,26551227,0,0,0,2,6,659775,0,0,0
200702,37,105,3,5,Lee County                    ,35,35,5487007,0,0,0,0,0,0,0,0,0,35,35,5487007,0,0,0,0,0,0,0,0,0
200702,37,109,3,5,Lincoln County                ,52,52,5958214,0,0,0,0,0,0,0,0,0,0,0,0,0,0,0,0,0,0,0,0,0
200702,37,113,3,5,Macon County                  ,21,21,8288620,0,0,0,0,0,0,0,0,0,21,21,8288620,0,0,0,0,0,0,0,0,0
200702,37,119,3,5,Mecklenburg County            ,559,559,87789884,0,0,0,0,0,0,11,257,25414987,559,559,87789884,0,0,0,0,0,0,11,257,25414987
200702,37,129,3,5,New Hanover County            ,111,111,25348842,0,0,0,0,0,0,17,372,28939365,101,101,24341183,0,0,0,0,0,0,17,372,28939365
200702,37,135,3,5,Orange County                 ,32,32,8759626,0,0,0,0,0,0,0,0,0,32,32,8759626,0,0,0,0,0,0,0,0,0
200702,37,137,3,5,Pamlico County                ,7,7,1530693,0,0,0,1,3,318000,0,0,0,0,0,0,0,0,0,0,0,0,0,0,0
200702,37,141,3,5,Pender County                 ,43,43,6364448,0,0,0,0,0,0,0,0,0,40,40,6069805,0,0,0,0,0,0,0,0,0
200702,37,145,3,5,Person County                 ,13,13,2620000,1,2,65000,0,0,0,0,0,0,13,13,2620000,1,2,65000,0,0,0,0,0,0
200702,37,147,3,5,Pitt County                   ,114,114,14808943,11,22,1689500,0,0,0,3,72,3900000,114,114,14808943,11,22,1689500,0,0,0,3,72,3900000
200702,37,149,3,5,Polk County                   ,12,12,1927040,0,0,0,0,0,0,0,0,0,0,0,0,0,0,0,0,0,0,0,0,0
200702,37,151,3,5,Randolph County               ,30,30,4932617,1,2,50000,0,0,0,0,0,0,30,30,4932617,1,2,50000,0,0,0,0,0,0
200702,37,157,3,5,Rockingham County             ,25,25,3839112,0,0,0,0,0,0,0,0,0,25,25,3839112,0,0,0,0,0,0,0,0,0
200702,37,159,3,5,Rowan County                  ,61,61,12197000,0,0,0,0,0,0,0,0,0,61,61,12197000,0,0,0,0,0,0,0,0,0
200702,37,163,3,5,Sampson County                ,10,10,1568801,0,0,0,1,3,192000,0,0,0,10,10,1568801,0,0,0,1,3,192000,0,0,0
200702,37,167,3,5,Stanly County                 ,30,30,3145226,1,2,78362,0,0,0,1,5,267480,0,0,0,0,0,0,0,0,0,0,0,0
200702,37,171,3,5,Surry County                  ,13,13,2362836,0,0,0,0,0,0,0,0,0,13,13,2362836,0,0,0,0,0,0,0,0,0
200702,37,175,3,5,Transylvania County           ,25,25,9630111,0,0,0,0,0,0,0,0,0,25,25,9630111,0,0,0,0,0,0,0,0,0
200702,37,179,3,5,Union County                  ,275,275,66496139,0,0,0,0,0,0,0,0,0,275,275,66496139,0,0,0,0,0,0,0,0,0
200702,37,181,3,5,Vance County                  ,9,9,1121200,0,0,0,0,0,0,0,0,0,9,9,1121200,0,0,0,0,0,0,0,0,0
200702,37,183,3,5,Wake County                   ,787,787,192998013,0,0,0,0,0,0,2,84,5730215,787,787,192998013,0,0,0,0,0,0,2,84,5730215
200702,37,195,3,5,Wilson County                 ,42,42,4845287,1,2,72640,0,0,0,0,0,0,42,42,4845287,1,2,72640,0,0,0,0,0,0
200702,39,015,2,3,Brown County                  ,4,4,625000,0,0,0,0,0,0,0,0,0,4,4,625000,0,0,0,0,0,0,0,0,0
200702,39,017,2,3,Butler County                 ,65,65,12756373,0,0,0,0,0,0,0,0,0,65,65,12756373,0,0,0,0,0,0,0,0,0
200702,39,025,2,3,Clermont County               ,45,45,7417097,1,2,230000,0,0,0,0,0,0,45,45,7417097,1,2,230000,0,0,0,0,0,0
200702,39,035,2,3,Cuyahoga County               ,68,68,22977201,0,0,0,1,3,136408,0,0,0,49,49,20321250,0,0,0,0,0,0,0,0,0
200702,39,041,2,3,Delaware County               ,83,83,16667944,0,0,0,1,4,210000,5,40,4000000,83,83,16667944,0,0,0,1,4,210000,5,40,4000000
200702,39,045,2,3,Fairfield County              ,16,16,3232777,0,0,0,1,4,358224,0,0,0,8,8,1954406,0,0,0,1,4,358224,0,0,0
200702,39,049,2,3,Franklin County               ,205,205,46082005,0,0,0,6,24,2241120,13,96,8115302,186,186,42768267,0,0,0,6,24,2241120,13,96,8115302
200702,39,055,2,3,Geauga County                 ,11,11,2118813,0,0,0,0,0,0,0,0,0,11,11,2118813,0,0,0,0,0,0,0,0,0
200702,39,061,2,3,Hamilton County               ,39,39,10645695,0,0,0,0,0,0,1,17,1011693,15,15,4521500,0,0,0,0,0,0,0,0,0
200702,39,085,2,3,Lake County                   ,31,31,7108040,0,0,0,0,0,0,1,5,394872,12,12,3095000,0,0,0,0,0,0,0,0,0
200702,39,089,2,3,Licking County                ,9,9,2164345,0,0,0,0,0,0,0,0,0,9,9,2164345,0,0,0,0,0,0,0,0,0
200702,39,093,2,3,Lorain County                 ,56,56,9335123,1,2,275000,1,3,393120,0,0,0,50,50,8422220,1,2,275000,0,0,0,0,0,0
200702,39,097,2,3,Madison County                ,7,7,1111080,0,0,0,0,0,0,0,0,0,5,5,919406,0,0,0,0,0,0,0,0,0
200702,39,103,2,3,Medina County                 ,40,40,7771745,0,0,0,0,0,0,0,0,0,40,40,7771745,0,0,0,0,0,0,0,0,0
200702,39,117,2,3,Morrow County                 ,5,5,810619,0,0,0,0,0,0,0,0,0,3,3,551644,0,0,0,0,0,0,0,0,0
200702,39,129,2,3,Pickaway County               ,7,7,1369762,0,0,0,0,0,0,0,0,0,7,7,1369762,0,0,0,0,0,0,0,0,0
200702,39,159,2,3,Union County                  ,13,13,2497548,0,0,0,0,0,0,0,0,0,13,13,2497548,0,0,0,0,0,0,0,0,0
200702,39,165,2,3,Warren County                 ,63,63,15984026,0,0,0,1,4,800000,2,10,1989096,59,59,15244288,0,0,0,1,4,800000,2,10,1989096
200702,39,169,2,3,Wayne County                  ,16,16,3314500,0,0,0,0,0,0,0,0,0,16,16,3314500,0,0,0,0,0,0,0,0,0
200702,40,017,3,7,Canadian County               ,40,40,7866256,0,0,0,0,0,0,0,0,0,40,40,7866256,0,0,0,0,0,0,0,0,0
200702,40,021,3,7,Cherokee County               ,2,2,265000,0,0,0,0,0,0,0,0,0,2,2,265000,0,0,0,0,0,0,0,0,0
200702,40,027,3,7,Cleveland County              ,81,81,12224688,0,0,0,0,0,0,0,0,0,78,78,11851693,0,0,0,0,0,0,0,0,0
200702,40,029,3,7,Coal County                   ,0,0,0,0,0,0,0,0,0,0,0,0,0,0,0,0,0,0,0,0,0,0,0,0
200702,40,037,3,7,Creek County                  ,14,14,2189700,0,0,0,0,0,0,0,0,0,14,14,2189700,0,0,0,0,0,0,0,0,0
200702,40,051,3,7,Grady County                  ,6,6,1283127,0,0,0,0,0,0,0,0,0,4,4,1106000,0,0,0,0,0,0,0,0,0
200702,40,081,3,7,Lincoln County                ,5,5,338224,0,0,0,0,0,0,0,0,0,5,5,338224,0,0,0,0,0,0,0,0,0
200702,40,083,3,7,Logan County                  ,7,7,820000,0,0,0,0,0,0,0,0,0,7,7,820000,0,0,0,0,0,0,0,0,0
200702,40,087,3,7,McClain County                ,17,17,2448202,0,0,0,0,0,0,0,0,0,0,0,0,0,0,0,0,0,0,0,0,0
200702,40,099,3,7,Murray County                 ,1,1,116077,0,0,0,0,0,0,0,0,0,0,0,0,0,0,0,0,0,0,0,0,0
200702,40,109,3,7,Oklahoma County               ,298,298,53740161,1,2,145216,0,0,0,1,12,782988,81,81,24709450,0,0,0,0,0,0,0,0,0
200702,40,111,3,7,Okmulgee County               ,1,1,30538,0,0,0,0,0,0,0,0,0,0,0,0,0,0,0,0,0,0,0,0,0
200702,40,113,3,7,Osage County                  ,14,14,2812500,0,0,0,0,0,0,0,0,0,14,14,2812500,0,0,0,0,0,0,0,0,0
200702,40,117,3,7,Pawnee County                 ,0,0,0,0,0,0,0,0,0,0,0,0,0,0,0,0,0,0,0,0,0,0,0,0
200702,40,131,3,7,Rogers County                 ,36,36,5062500,0,0,0,0,0,0,0,0,0,36,36,5062500,0,0,0,0,0,0,0,0,0
200702,40,143,3,7,Tulsa County                  ,191,191,35965271,3,6,561813,3,9,818287,5,388,6467127,191,191,35965271,3,6,561813,3,9,818287,5,388,6467127
200702,40,145,3,7,Wagoner County                ,41,41,6402580,0,0,0,0,0,0,0,0,0,41,41,6402580,0,0,0,0,0,0,0,0,0
200702,41,000,4,9,Oregon Balance of State       ,15,15,2634360,0,0,0,0,0,0,0,0,0,0,0,0,0,0,0,0,0,0,0,0,0
200702,41,001,4,9,Baker County                  ,1,1,272132,0,0,0,0,0,0,0,0,0,1,1,272132,0,0,0,0,0,0,0,0,0
200702,41,005,4,9,Clackamas County              ,164,164,37988412,3,6,705553,0,0,0,3,33,2759310,155,155,35717797,3,6,705553,0,0,0,3,33,2759310
200702,41,009,4,9,Columbia County               ,14,14,2724433,0,0,0,0,0,0,0,0,0,8,8,1417271,0,0,0,0,0,0,0,0,0
200702,41,017,4,9,Deschutes County              ,172,172,34636148,0,0,0,1,3,239175,0,0,0,135,135,29123948,0,0,0,0,0,0,0,0,0
200702,41,025,4,9,Harney County                 ,0,0,0,0,0,0,0,0,0,0,0,0,0,0,0,0,0,0,0,0,0,0,0,0
200702,41,033,4,9,Josephine County              ,33,33,5269718,1,2,233826,0,0,0,0,0,0,17,17,2799832,1,2,233826,0,0,0,0,0,0
200702,41,035,4,9,Klamath County                ,22,22,5594675,0,0,0,0,0,0,0,0,0,22,22,5594675,0,0,0,0,0,0,0,0,0
200702,41,045,4,9,Malheur County                ,4,4,701988,0,0,0,0,0,0,0,0,0,4,4,701988,0,0,0,0,0,0,0,0,0
200702,41,051,4,9,Multnomah County              ,134,134,27408945,12,24,2637184,3,10,1007133,5,808,87325004,134,134,27408945,12,24,2637184,3,10,1007133,5,808,87325004
200702,41,059,4,9,Umatilla County               ,12,12,1994143,2,4,331238,0,0,0,0,0,0,12,12,1994143,2,4,331238,0,0,0,0,0,0
200702,41,061,4,9,Union County                  ,3,3,631108,0,0,0,0,0,0,0,0,0,0,0,0,0,0,0,0,0,0,0,0,0
200702,41,067,4,9,Washington County             ,187,187,41829583,0,0,0,1,3,210057,6,35,4223253,143,143,32722551,0,0,0,1,3,210057,4,24,2691568
200702,41,071,4,9,Yamhill County                ,75,75,14139901,0,0,0,0,0,0,0,0,0,75,75,14139901,0,0,0,0,0,0,0,0,0
200702,42,001,1,2,Adams County                  ,16,16,4167577,0,0,0,0,0,0,0,0,0,16,16,4167577,0,0,0,0,0,0,0,0,0
200702,42,003,1,2,Allegheny County              ,103,103,20914843,0,0,0,2,7,1125332,2,13,1055129,87,87,17853976,0,0,0,2,7,1125332,0,0,0
200702,42,005,1,2,Armstrong County              ,5,5,599782,0,0,0,1,3,131250,0,0,0,1,1,139000,0,0,0,0,0,0,0,0,0
200702,42,007,1,2,Beaver County                 ,14,14,3070741,0,0,0,0,0,0,1,5,503904,13,13,2865963,0,0,0,0,0,0,0,0,0
200702,42,017,1,2,Bucks County                  ,69,69,12292885,0,0,0,0,0,0,1,5,304587,48,48,9451673,0,0,0,0,0,0,0,0,0
200702,42,019,1,2,Butler County                 ,48,48,9272147,1,2,190000,0,0,0,0,0,0,42,42,8414587,0,0,0,0,0,0,0,0,0
200702,42,025,1,2,Carbon County                 ,16,16,2537215,0,0,0,0,0,0,0,0,0,14,14,2247313,0,0,0,0,0,0,0,0,0
200702,42,029,1,2,Chester County                ,123,123,21725304,0,0,0,1,4,820000,2,10,867045,105,105,19282677,0,0,0,1,4,820000,0,0,0
200702,42,045,1,2,Delaware County               ,25,25,5394354,0,0,0,1,3,410000,0,0,0,15,15,2761347,0,0,0,0,0,0,0,0,0
200702,42,051,1,2,Fayette County                ,4,4,432200,0,0,0,0,0,0,0,0,0,3,3,370000,0,0,0,0,0,0,0,0,0
200702,42,055,1,2,Franklin County               ,34,34,5642686,6,12,576000,0,0,0,0,0,0,26,26,4485200,6,12,576000,0,0,0,0,0,0
200702,42,065,1,2,Jefferson County              ,1,1,123800,0,0,0,0,0,0,0,0,0,1,1,123800,0,0,0,0,0,0,0,0,0
200702,42,077,1,2,Lehigh County                 ,43,43,9600473,0,0,0,1,3,200000,0,0,0,34,34,8142265,0,0,0,1,3,200000,0,0,0
200702,42,091,1,2,Montgomery County             ,107,107,16317232,0,0,0,2,6,600000,1,6,484294,88,88,13263493,0,0,0,0,0,0,0,0,0
200702,42,095,1,2,Northampton County            ,64,64,13003361,0,0,0,0,0,0,0,0,0,25,25,6260850,0,0,0,0,0,0,0,0,0
200702,42,101,1,2,Philadelphia County           ,18,18,3508279,1,2,207756,0,0,0,2,118,9224859,18,18,3508279,1,2,207756,0,0,0,2,118,9224859
200702,42,103,1,2,Pike County                   ,21,21,4396608,0,0,0,0,0,0,0,0,0,17,17,3733812,0,0,0,0,0,0,0,0,0
200702,42,125,1,2,Washington County             ,39,39,9621791,0,0,0,0,0,0,0,0,0,37,37,9369736,0,0,0,0,0,0,0,0,0
200702,42,129,1,2,Westmoreland County           ,35,35,5779484,1,2,320000,0,0,0,1,40,4900000,24,24,3961336,1,2,320000,0,0,0,1,40,4900000
200702,44,001,1,1,Bristol County                ,1,1,315000,0,0,0,0,0,0,0,0,0,1,1,315000,0,0,0,0,0,0,0,0,0
200702,44,003,1,1,Kent County                   ,10,10,1341262,0,0,0,0,0,0,0,0,0,6,6,929340,0,0,0,0,0,0,0,0,0
200702,44,005,1,1,Newport County                ,10,10,1927740,0,0,0,0,0,0,0,0,0,10,10,1927740,0,0,0,0,0,0,0,0,0
200702,44,007,1,1,Providence County             ,19,19,2784224,8,16,860000,1,4,144500,4,95,6288816,16,16,2156345,8,16,860000,1,4,144500,4,95,6288816
200702,44,009,1,1,Washington County             ,21,21,4914612,0,0,0,0,0,0,0,0,0,16,16,4093945,0,0,0,0,0,0,0,0,0
200702,45,009,3,5,Bamberg County                ,0,0,0,0,0,0,0,0,0,0,0,0,0,0,0,0,0,0,0,0,0,0,0,0
200702,45,015,3,5,Berkeley County               ,94,94,15114397,0,0,0,0,0,0,2,10,803908,0,0,0,0,0,0,0,0,0,0,0,0
200702,45,017,3,5,Calhoun County                ,2,2,188500,0,0,0,0,0,0,0,0,0,2,2,188500,0,0,0,0,0,0,0,0,0
200702,45,019,3,5,Charleston County             ,309,309,53679149,0,0,0,0,0,0,0,0,0,307,307,52650765,0,0,0,0,0,0,0,0,0
200702,45,035,3,5,Dorchester County             ,86,86,18502244,0,0,0,0,0,0,0,0,0,86,86,18502244,0,0,0,0,0,0,0,0,0
200702,45,039,3,5,Fairfield County              ,5,5,579982,0,0,0,0,0,0,0,0,0,0,0,0,0,0,0,0,0,0,0,0,0
200702,45,041,3,5,Florence County               ,38,38,5111150,0,0,0,0,0,0,0,0,0,0,0,0,0,0,0,0,0,0,0,0,0
200702,45,045,3,5,Greenville County             ,340,340,37636073,0,0,0,0,0,0,0,0,0,324,324,35558126,0,0,0,0,0,0,0,0,0
200702,45,047,3,5,Greenwood County              ,13,13,2213324,0,0,0,3,12,813024,0,0,0,13,13,2213324,0,0,0,3,12,813024,0,0,0
200702,45,055,3,5,Kershaw County                ,45,45,4524234,0,0,0,0,0,0,0,0,0,45,45,4524234,0,0,0,0,0,0,0,0,0
200702,45,059,3,5,Laurens County                ,22,22,3648903,0,0,0,0,0,0,0,0,0,20,20,3484851,0,0,0,0,0,0,0,0,0
200702,45,063,3,5,Lexington County              ,202,202,30320102,0,0,0,0,0,0,0,0,0,202,202,30320102,0,0,0,0,0,0,0,0,0
200702,45,077,3,5,Pickens County                ,54,54,14518721,0,0,0,0,0,0,0,0,0,51,51,13922316,0,0,0,0,0,0,0,0,0
200702,45,079,3,5,Richland County               ,218,218,26016665,1,2,107811,0,0,0,2,44,2484199,63,63,8135308,0,0,0,0,0,0,0,0,0
200702,45,081,3,5,Saluda County                 ,1,1,199527,0,0,0,0,0,0,0,0,0,1,1,199527,0,0,0,0,0,0,0,0,0
200702,45,085,3,5,Sumter County                 ,30,30,3037923,2,4,195467,0,0,0,0,0,0,0,0,0,0,0,0,0,0,0,0,0,0
200702,45,091,3,5,York County                   ,189,189,34865849,0,0,0,1,4,408471,1,7,752447,84,84,16757544,0,0,0,0,0,0,0,0,0
200702,46,005,2,4,Beadle County                 ,0,0,0,0,0,0,0,0,0,0,0,0,0,0,0,0,0,0,0,0,0,0,0,0
200702,46,069,2,4,Hyde County                   ,1,1,129559,0,0,0,0,0,0,0,0,0,0,0,0,0,0,0,0,0,0,0,0,0
200702,46,121,2,4,Todd County                   ,0,0,0,0,0,0,0,0,0,0,0,0,0,0,0,0,0,0,0,0,0,0,0,0
200702,47,011,3,6,Bradley County                ,32,32,4916000,2,4,218000,1,3,250000,1,5,444000,32,32,4916000,2,4,218000,1,3,250000,1,5,444000
200702,47,015,3,6,Cannon County                 ,0,0,0,0,0,0,0,0,0,0,0,0,0,0,0,0,0,0,0,0,0,0,0,0
200702,47,021,3,6,Cheatham County               ,23,23,3511152,0,0,0,0,0,0,0,0,0,18,18,2566789,0,0,0,0,0,0,0,0,0
200702,47,037,3,6,Davidson County               ,226,226,44189271,12,24,2050878,0,0,0,1,64,6329024,226,226,44189271,12,24,2050878,0,0,0,1,64,6329024
200702,47,039,3,6,Decatur County                ,0,0,0,0,0,0,0,0,0,0,0,0,0,0,0,0,0,0,0,0,0,0,0,0
200702,47,043,3,6,Dickson County                ,30,30,4349794,0,0,0,0,0,0,0,0,0,29,29,4289794,0,0,0,0,0,0,0,0,0
200702,47,047,3,6,Fayette County                ,49,49,9928086,0,0,0,0,0,0,0,0,0,32,32,5547400,0,0,0,0,0,0,0,0,0
200702,47,063,3,6,Hamblen County                ,36,36,3512517,0,0,0,0,0,0,0,0,0,36,36,3512517,0,0,0,0,0,0,0,0,0
200702,47,071,3,6,Hardin County                 ,1,1,300000,0,0,0,0,0,0,0,0,0,1,1,300000,0,0,0,0,0,0,0,0,0
200702,47,081,3,6,Hickman County                ,0,0,0,0,0,0,0,0,0,0,0,0,0,0,0,0,0,0,0,0,0,0,0,0
200702,47,091,3,6,Johnson County                ,0,0,0,0,0,0,0,0,0,0,0,0,0,0,0,0,0,0,0,0,0,0,0,0
200702,47,093,3,6,Knox County                   ,243,243,27994928,0,0,0,0,0,0,1,17,786803,200,200,24202676,0,0,0,0,0,0,0,0,0
200702,47,111,3,6,Macon County                  ,0,0,0,0,0,0,0,0,0,0,0,0,0,0,0,0,0,0,0,0,0,0,0,0
200702,47,113,3,6,Madison County                ,23,23,4429700,0,0,0,0,0,0,0,0,0,23,23,4429700,0,0,0,0,0,0,0,0,0
200702,47,125,3,6,Montgomery County             ,96,96,11628000,1,2,100000,1,4,363600,7,73,5042950,96,96,11628000,1,2,100000,1,4,363600,7,73,5042950
200702,47,141,3,6,Putnam County                 ,43,43,6007493,1,2,174080,0,0,0,1,8,444708,43,43,6007493,1,2,174080,0,0,0,1,8,444708
200702,47,147,3,6,Robertson County              ,34,34,5081605,0,0,0,0,0,0,0,0,0,34,34,5081605,0,0,0,0,0,0,0,0,0
200702,47,149,3,6,Rutherford County             ,339,339,52551425,0,0,0,0,0,0,0,0,0,309,309,49705357,0,0,0,0,0,0,0,0,0
200702,47,157,3,6,Shelby County                 ,200,200,50047813,0,0,0,0,0,0,8,96,3843520,200,200,50047813,0,0,0,0,0,0,8,96,3843520
200702,47,159,3,6,Smith County                  ,4,4,628192,0,0,0,0,0,0,0,0,0,4,4,628192,0,0,0,0,0,0,0,0,0
200702,47,165,3,6,Sumner County                 ,108,108,14835102,1,2,117307,2,6,209750,0,0,0,88,88,10136984,0,0,0,0,0,0,0,0,0
200702,47,167,3,6,Tipton County                 ,26,26,3048773,0,0,0,0,0,0,0,0,0,19,19,2225240,0,0,0,0,0,0,0,0,0
200702,47,169,3,6,Trousdale County              ,3,3,321270,0,0,0,0,0,0,0,0,0,3,3,321270,0,0,0,0,0,0,0,0,0
200702,47,179,3,6,Washington County             ,26,26,4210562,0,0,0,0,0,0,0,0,0,13,13,2568470,0,0,0,0,0,0,0,0,0
200702,47,187,3,6,Williamson County             ,97,97,24115614,0,0,0,0,0,0,0,0,0,74,74,14104520,0,0,0,0,0,0,0,0,0
200702,47,189,3,6,Wilson County                 ,102,102,17321033,0,0,0,0,0,0,0,0,0,101,101,17236658,0,0,0,0,0,0,0,0,0
200702,48,013,3,7,Atascosa County               ,12,12,1162980,0,0,0,0,0,0,0,0,0,11,11,1095850,0,0,0,0,0,0,0,0,0
200702,48,015,3,7,Austin County                 ,3,3,350000,0,0,0,0,0,0,0,0,0,3,3,350000,0,0,0,0,0,0,0,0,0
200702,48,019,3,7,Bandera County                ,1,1,132340,0,0,0,0,0,0,0,0,0,1,1,132340,0,0,0,0,0,0,0,0,0
200702,48,021,3,7,Bastrop County                ,6,6,457186,0,0,0,0,0,0,0,0,0,6,6,457186,0,0,0,0,0,0,0,0,0
200702,48,029,3,7,Bexar County                  ,513,513,82089700,15,30,2299873,9,36,3072420,26,799,55868888,467,467,75987045,15,30,2299873,9,36,3072420,24,776,55082552
200702,48,039,3,7,Brazoria County               ,195,195,31725807,0,0,0,0,0,0,21,126,7024952,191,191,31214908,0,0,0,0,0,0,21,126,7024952
200702,48,041,3,7,Brazos County                 ,61,61,9497355,5,10,773804,0,0,0,0,0,0,61,61,9497355,5,10,773804,0,0,0,0,0,0
200702,48,055,3,7,Caldwell County               ,5,5,505316,0,0,0,0,0,0,0,0,0,0,0,0,0,0,0,0,0,0,0,0,0
200702,48,063,3,7,Camp County                   ,1,1,64000,0,0,0,0,0,0,0,0,0,1,1,64000,0,0,0,0,0,0,0,0,0
200702,48,071,3,7,Chambers County               ,44,44,7250463,0,0,0,0,0,0,0,0,0,44,44,7250463,0,0,0,0,0,0,0,0,0
200702,48,085,3,7,Collin County                 ,516,516,107535599,0,0,0,1,4,363683,11,302,29865082,506,506,104585860,0,0,0,1,4,363683,11,302,29865082
200702,48,091,3,7,Comal County                  ,149,149,30881480,0,0,0,0,0,0,0,0,0,149,149,30881480,0,0,0,0,0,0,0,0,0
200702,48,113,3,7,Dallas County                 ,457,457,98290168,1,2,170907,1,4,363683,3,136,14561286,433,433,88195184,1,2,170907,1,4,363683,3,136,14561286
200702,48,117,3,7,Deaf Smith County             ,9,9,1137000,0,0,0,0,0,0,0,0,0,9,9,1137000,0,0,0,0,0,0,0,0,0
200702,48,119,3,7,Delta County                  ,0,0,0,0,0,0,0,0,0,0,0,0,0,0,0,0,0,0,0,0,0,0,0,0
200702,48,121,3,7,Denton County                 ,196,196,43725892,1,2,298564,0,0,0,1,26,2143538,177,177,40183781,1,2,298564,0,0,0,0,0,0
200702,48,133,3,7,Eastland County               ,0,0,0,0,0,0,0,0,0,0,0,0,0,0,0,0,0,0,0,0,0,0,0,0
200702,48,135,3,7,Ector County                  ,19,19,3438000,0,0,0,0,0,0,0,0,0,19,19,3438000,0,0,0,0,0,0,0,0,0
200702,48,139,3,7,Ellis County                  ,109,109,15403365,0,0,0,0,0,0,0,0,0,104,104,14747324,0,0,0,0,0,0,0,0,0
200702,48,157,3,7,Fort Bend County              ,669,669,110915019,0,0,0,0,0,0,0,0,0,655,655,109161376,0,0,0,0,0,0,0,0,0
200702,48,167,3,7,Galveston County              ,313,313,51429361,1,2,55582,2,8,1015600,1,90,21000000,274,274,45761433,0,0,0,2,8,1015600,1,90,21000000
200702,48,187,3,7,Guadalupe County              ,183,183,29781564,0,0,0,0,0,0,0,0,0,183,183,29781564,0,0,0,0,0,0,0,0,0
200702,48,201,3,7,Harris County                 ,2227,2227,367357644,13,26,2073065,8,31,2818543,29,1145,111338879,2211,2211,364443299,13,26,2073065,8,31,2818543,26,1106,109373446
200702,48,209,3,7,Hays County                   ,119,119,15642423,0,0,0,0,0,0,2,33,1980890,69,69,8341538,0,0,0,0,0,0,0,0,0
200702,48,215,3,7,Hidalgo County                ,497,497,62090489,2,4,254940,9,35,3182226,3,30,2966730,452,452,58804279,1,2,170907,9,35,3182226,3,30,2966730
200702,48,231,3,7,Hunt County                   ,4,4,439117,0,0,0,0,0,0,0,0,0,3,3,314820,0,0,0,0,0,0,0,0,0
200702,48,233,3,7,Hutchinson County             ,0,0,0,0,0,0,0,0,0,0,0,0,0,0,0,0,0,0,0,0,0,0,0,0
200702,48,251,3,7,Johnson County                ,82,82,9090150,6,12,767900,0,0,0,0,0,0,80,80,8816797,6,12,767900,0,0,0,0,0,0
200702,48,257,3,7,Kaufman County                ,38,38,4721861,0,0,0,0,0,0,0,0,0,4,4,672000,0,0,0,0,0,0,0,0,0
200702,48,259,3,7,Kendall County                ,33,33,7228606,0,0,0,0,0,0,0,0,0,15,15,3377410,0,0,0,0,0,0,0,0,0
200702,48,271,3,7,Kinney County                 ,0,0,0,0,0,0,0,0,0,0,0,0,0,0,0,0,0,0,0,0,0,0,0,0
200702,48,291,3,7,Liberty County                ,21,21,2545667,0,0,0,0,0,0,0,0,0,20,20,2439750,0,0,0,0,0,0,0,0,0
200702,48,307,3,7,McCulloch County              ,0,0,0,0,0,0,0,0,0,0,0,0,0,0,0,0,0,0,0,0,0,0,0,0
200702,48,323,3,7,Maverick County               ,15,15,882888,0,0,0,0,0,0,0,0,0,0,0,0,0,0,0,0,0,0,0,0,0
200702,48,325,3,7,Medina County                 ,2,2,197040,0,0,0,0,0,0,0,0,0,1,1,130000,0,0,0,0,0,0,0,0,0
200702,48,329,3,7,Midland County                ,49,49,6403592,0,0,0,0,0,0,0,0,0,49,49,6403592,0,0,0,0,0,0,0,0,0
200702,48,339,3,7,Montgomery County             ,514,514,85508381,0,0,0,2,8,200000,5,120,2500000,507,507,84669978,0,0,0,2,8,200000,5,120,2500000
200702,48,353,3,7,Nolan County                  ,0,0,0,0,0,0,0,0,0,0,0,0,0,0,0,0,0,0,0,0,0,0,0,0
200702,48,359,3,7,Oldham County                 ,0,0,0,0,0,0,0,0,0,0,0,0,0,0,0,0,0,0,0,0,0,0,0,0
200702,48,367,3,7,Parker County                 ,35,35,5693898,0,0,0,0,0,0,0,0,0,33,33,5315844,0,0,0,0,0,0,0,0,0
200702,48,375,3,7,Potter County                 ,70,70,13860234,0,0,0,0,0,0,0,0,0,70,70,13860234,0,0,0,0,0,0,0,0,0
200702,48,383,3,7,Reagan County                 ,0,0,0,0,0,0,0,0,0,0,0,0,0,0,0,0,0,0,0,0,0,0,0,0
200702,48,385,3,7,Real County                   ,0,0,0,0,0,0,0,0,0,0,0,0,0,0,0,0,0,0,0,0,0,0,0,0
200702,48,397,3,7,Rockwall County               ,71,71,18786717,0,0,0,0,0,0,0,0,0,71,71,18786717,0,0,0,0,0,0,0,0,0
200702,48,407,3,7,San Jacinto County            ,0,0,0,0,0,0,0,0,0,0,0,0,0,0,0,0,0,0,0,0,0,0,0,0
200702,48,435,3,7,Sutton County                 ,0,0,0,0,0,0,0,0,0,0,0,0,0,0,0,0,0,0,0,0,0,0,0,0
200702,48,437,3,7,Swisher County                ,0,0,0,0,0,0,0,0,0,0,0,0,0,0,0,0,0,0,0,0,0,0,0,0
200702,48,439,3,7,Tarrant County                ,690,690,119762845,9,18,1537249,0,0,0,15,282,27887262,650,650,110790747,9,18,1537249,0,0,0,15,282,27887262
200702,48,451,3,7,Tom Green County              ,22,22,3691000,0,0,0,0,0,0,0,0,0,22,22,3691000,0,0,0,0,0,0,0,0,0
200702,48,453,3,7,Travis County                 ,781,781,122579304,17,34,2606522,8,32,2431780,24,496,41206788,772,772,120158969,17,34,2606522,8,32,2431780,23,491,40500626
200702,48,463,3,7,Uvalde County                 ,1,1,40000,0,0,0,0,0,0,0,0,0,1,1,40000,0,0,0,0,0,0,0,0,0
200702,48,469,3,7,Victoria County               ,6,6,728464,0,0,0,0,0,0,0,0,0,0,0,0,0,0,0,0,0,0,0,0,0
200702,48,471,3,7,Walker County                 ,6,6,1076350,1,2,150000,0,0,0,0,0,0,6,6,1076350,1,2,150000,0,0,0,0,0,0
200702,48,473,3,7,Waller County                 ,4,4,387578,0,0,0,0,0,0,1,11,244021,3,3,252733,0,0,0,0,0,0,0,0,0
200702,48,479,3,7,Webb County                   ,140,140,15645499,0,0,0,1,4,172584,1,48,3271087,140,140,15645499,0,0,0,1,4,172584,1,48,3271087
200702,48,491,3,7,Williamson County             ,411,411,67447388,2,4,373456,0,0,0,0,0,0,407,407,67112666,2,4,373456,0,0,0,0,0,0
200702,48,493,3,7,Wilson County                 ,3,3,442346,0,0,0,0,0,0,0,0,0,2,2,317950,0,0,0,0,0,0,0,0,0
200702,48,497,3,7,Wise County                   ,6,6,728000,0,0,0,0,0,0,0,0,0,5,5,683000,0,0,0,0,0,0,0,0,0
200702,49,009,4,8,Daggett County                ,0,0,0,0,0,0,0,0,0,0,0,0,0,0,0,0,0,0,0,0,0,0,0,0
200702,49,019,4,8,Grand County                  ,12,12,1951514,0,0,0,0,0,0,0,0,0,12,12,1951514,0,0,0,0,0,0,0,0,0
200702,49,021,4,8,Iron County                   ,36,36,5984231,2,4,357935,0,0,0,1,8,506352,8,8,1431202,0,0,0,0,0,0,0,0,0
200702,49,033,4,8,Rich County                   ,3,3,637473,0,0,0,0,0,0,0,0,0,1,1,212155,0,0,0,0,0,0,0,0,0
200702,49,035,4,8,Salt Lake County              ,234,234,48354335,2,4,457273,1,3,274499,12,263,21934251,201,201,43166239,0,0,0,0,0,0,9,168,14443977
200702,49,039,4,8,Sanpete County                ,1,1,88896,0,0,0,0,0,0,0,0,0,1,1,88896,0,0,0,0,0,0,0,0,0
200702,49,043,4,8,Summit County                 ,27,27,7068237,1,2,254960,1,4,471565,3,74,23979907,5,5,2307169,0,0,0,0,0,0,2,63,22790857
200702,49,045,4,8,Tooele County                 ,22,22,3030393,0,0,0,1,4,222230,0,0,0,8,8,1073047,0,0,0,0,0,0,0,0,0
200702,49,051,4,8,Wasatch County                ,39,39,15396125,0,0,0,0,0,0,0,0,0,39,39,15396125,0,0,0,0,0,0,0,0,0
200702,51,003,3,5,Albemarle County              ,53,53,15823098,0,0,0,0,0,0,0,0,0,53,53,15823098,0,0,0,0,0,0,0,0,0
200702,51,007,3,5,Amelia County                 ,7,7,1245330,0,0,0,0,0,0,0,0,0,7,7,1245330,0,0,0,0,0,0,0,0,0
200702,51,013,3,5,Arlington County              ,9,9,2582664,0,0,0,1,3,925000,1,71,6131953,0,0,0,0,0,0,0,0,0,0,0,0
200702,51,015,3,5,Augusta County                ,38,38,7869315,0,0,0,0,0,0,0,0,0,38,38,7869315,0,0,0,0,0,0,0,0,0
200702,51,019,3,5,Bedford County                ,56,56,14908700,0,0,0,0,0,0,0,0,0,56,56,14908700,0,0,0,0,0,0,0,0,0
200702,51,023,3,5,Botetourt County              ,16,16,2480515,0,0,0,0,0,0,0,0,0,16,16,2480515,0,0,0,0,0,0,0,0,0
200702,51,031,3,5,Campbell County               ,18,18,2570206,0,0,0,0,0,0,0,0,0,0,0,0,0,0,0,0,0,0,0,0,0
200702,51,033,3,5,Caroline County               ,19,19,3474850,0,0,0,0,0,0,0,0,0,19,19,3474850,0,0,0,0,0,0,0,0,0
200702,51,036,3,5,Charles City County           ,2,2,315317,0,0,0,0,0,0,0,0,0,0,0,0,0,0,0,0,0,0,0,0,0
200702,51,037,3,5,Charlotte County              ,8,8,734000,0,0,0,0,0,0,0,0,0,8,8,734000,0,0,0,0,0,0,0,0,0
200702,51,041,3,5,Chesterfield County           ,145,145,22771974,0,0,0,1,4,363683,1,6,593346,145,145,22771974,0,0,0,1,4,363683,1,6,593346
200702,51,043,3,5,Clarke County                 ,3,3,392000,0,0,0,0,0,0,0,0,0,3,3,392000,0,0,0,0,0,0,0,0,0
200702,51,049,3,5,Cumberland County             ,4,4,400000,0,0,0,0,0,0,0,0,0,4,4,400000,0,0,0,0,0,0,0,0,0
200702,51,053,3,5,Dinwiddie County              ,9,9,1054552,0,0,0,0,0,0,0,0,0,0,0,0,0,0,0,0,0,0,0,0,0
200702,51,059,3,5,Fairfax County                ,74,74,11621559,0,0,0,0,0,0,1,72,7120152,74,74,11621559,0,0,0,0,0,0,1,72,7120152
200702,51,061,3,5,Fauquier County               ,27,27,6159603,0,0,0,0,0,0,0,0,0,22,22,5231360,0,0,0,0,0,0,0,0,0
200702,51,065,3,5,Fluvanna County               ,16,16,3702405,0,0,0,0,0,0,0,0,0,16,16,3702405,0,0,0,0,0,0,0,0,0
200702,51,067,3,5,Franklin County               ,29,29,11251975,0,0,0,0,0,0,0,0,0,29,29,11251975,0,0,0,0,0,0,0,0,0
200702,51,069,3,5,Frederick County              ,30,30,5930000,0,0,0,0,0,0,0,0,0,30,30,5930000,0,0,0,0,0,0,0,0,0
200702,51,073,3,5,Gloucester County             ,43,43,7893104,0,0,0,0,0,0,0,0,0,43,43,7893104,0,0,0,0,0,0,0,0,0
200702,51,075,3,5,Goochland County              ,20,20,5499360,0,0,0,0,0,0,0,0,0,20,20,5499360,0,0,0,0,0,0,0,0,0
200702,51,079,3,5,Greene County                 ,5,5,660000,0,0,0,0,0,0,0,0,0,5,5,660000,0,0,0,0,0,0,0,0,0
200702,51,085,3,5,Hanover County                ,31,31,6272582,0,0,0,0,0,0,0,0,0,31,31,6272582,0,0,0,0,0,0,0,0,0
200702,51,087,3,5,Henrico County                ,107,107,16804146,0,0,0,0,0,0,1,5,494455,107,107,16804146,0,0,0,0,0,0,1,5,494455
200702,51,093,3,5,Isle of Wight County          ,23,23,3404228,0,0,0,0,0,0,0,0,0,23,23,3404228,0,0,0,0,0,0,0,0,0
200702,51,095,3,5,James City County             ,47,47,13316917,0,0,0,0,0,0,0,0,0,47,47,13316917,0,0,0,0,0,0,0,0,0
200702,51,097,3,5,King and Queen County         ,4,4,661500,0,0,0,0,0,0,0,0,0,4,4,661500,0,0,0,0,0,0,0,0,0
200702,51,099,3,5,King George County            ,15,15,2384626,0,0,0,0,0,0,0,0,0,15,15,2384626,0,0,0,0,0,0,0,0,0
200702,51,101,3,5,King William County           ,18,18,2878304,0,0,0,0,0,0,0,0,0,18,18,2878304,0,0,0,0,0,0,0,0,0
200702,51,107,3,5,Loudoun County                ,198,198,31095523,0,0,0,0,0,0,0,0,0,198,198,31095523,0,0,0,0,0,0,0,0,0
200702,51,109,3,5,Louisa County                 ,43,43,7247393,0,0,0,0,0,0,0,0,0,43,43,7247393,0,0,0,0,0,0,0,0,0
200702,51,115,3,5,Mathews County                ,5,5,2028000,0,0,0,0,0,0,0,0,0,5,5,2028000,0,0,0,0,0,0,0,0,0
200702,51,119,3,5,Middlesex County              ,17,17,3198040,0,0,0,0,0,0,0,0,0,17,17,3198040,0,0,0,0,0,0,0,0,0
200702,51,127,3,5,New Kent County               ,17,17,5125154,0,0,0,0,0,0,0,0,0,17,17,5125154,0,0,0,0,0,0,0,0,0
200702,51,137,3,5,Orange County                 ,16,16,4353747,0,0,0,0,0,0,0,0,0,16,16,4353747,0,0,0,0,0,0,0,0,0
200702,51,143,3,5,Pittsylvania County           ,14,14,1738261,0,0,0,0,0,0,0,0,0,0,0,0,0,0,0,0,0,0,0,0,0
200702,51,145,3,5,Powhatan County               ,23,23,6210541,0,0,0,0,0,0,0,0,0,23,23,6210541,0,0,0,0,0,0,0,0,0
200702,51,149,3,5,Prince George County          ,19,19,3289125,0,0,0,0,0,0,0,0,0,19,19,3289125,0,0,0,0,0,0,0,0,0
200702,51,153,3,5,Prince William County         ,229,229,34873000,0,0,0,0,0,0,0,0,0,229,229,34873000,0,0,0,0,0,0,0,0,0
200702,51,157,3,5,Rappahannock County           ,4,4,892467,0,0,0,0,0,0,0,0,0,0,0,0,0,0,0,0,0,0,0,0,0
200702,51,161,3,5,Roanoke County                ,20,20,1970357,0,0,0,0,0,0,0,0,0,0,0,0,0,0,0,0,0,0,0,0,0
200702,51,163,3,5,Rockbridge County             ,6,6,1297613,0,0,0,0,0,0,0,0,0,6,6,1297613,0,0,0,0,0,0,0,0,0
200702,51,165,3,5,Rockingham County             ,39,39,8725120,0,0,0,0,0,0,0,0,0,39,39,8725120,0,0,0,0,0,0,0,0,0
200702,51,169,3,5,Scott County                  ,0,0,0,0,0,0,0,0,0,0,0,0,0,0,0,0,0,0,0,0,0,0,0,0
200702,51,171,3,5,Shenandoah County             ,19,19,3468561,0,0,0,0,0,0,0,0,0,19,19,3468561,0,0,0,0,0,0,0,0,0
200702,51,177,3,5,Spotsylvania County           ,80,80,15210001,0,0,0,0,0,0,1,12,509824,0,0,0,0,0,0,0,0,0,0,0,0
200702,51,179,3,5,Stafford County               ,73,73,11464511,0,0,0,0,0,0,0,0,0,73,73,11464511,0,0,0,0,0,0,0,0,0
200702,51,181,3,5,Surry County                  ,4,4,579838,0,0,0,0,0,0,0,0,0,0,0,0,0,0,0,0,0,0,0,0,0
200702,51,183,3,5,Sussex County                 ,11,11,1115000,0,0,0,0,0,0,0,0,0,11,11,1115000,0,0,0,0,0,0,0,0,0
200702,51,187,3,5,Warren County                 ,22,22,4656000,0,0,0,0,0,0,0,0,0,22,22,4656000,0,0,0,0,0,0,0,0,0
200702,51,199,3,5,York County                   ,16,16,3791074,0,0,0,6,18,2160000,0,0,0,16,16,3791074,0,0,0,6,18,2160000,0,0,0
200702,51,510,3,5,Alexandria (Independent City) ,2,2,314096,0,0,0,0,0,0,0,0,0,2,2,314096,0,0,0,0,0,0,0,0,0
200702,51,530,3,5,Buena Vista (Independent City),1,1,156533,0,0,0,0,0,0,0,0,0,0,0,0,0,0,0,0,0,0,0,0,0
200702,51,550,3,5,Chesapeake(Independent City)  ,59,59,12143727,0,0,0,0,0,0,0,0,0,59,59,12143727,0,0,0,0,0,0,0,0,0
200702,51,570,3,5,Colonial Heights (Independent ,0,0,0,0,0,0,0,0,0,0,0,0,0,0,0,0,0,0,0,0,0,0,0,0
200702,51,580,3,5,Covington (Independent City)  ,0,0,0,0,0,0,0,0,0,0,0,0,0,0,0,0,0,0,0,0,0,0,0,0
200702,51,600,3,5,Fairfax (Independent City)    ,5,5,1813776,0,0,0,0,0,0,0,0,0,5,5,1813776,0,0,0,0,0,0,0,0,0
200702,51,610,3,5,Falls Church (Independent City,1,1,188701,0,0,0,0,0,0,0,0,0,0,0,0,0,0,0,0,0,0,0,0,0
200702,51,630,3,5,Fredericksburg(Independent Cit,3,3,844000,0,0,0,0,0,0,0,0,0,3,3,844000,0,0,0,0,0,0,0,0,0
200702,51,650,3,5,Hampton (Independent City)    ,14,14,2709389,0,0,0,0,0,0,2,40,1359234,0,0,0,0,0,0,0,0,0,0,0,0
200702,51,660,3,5,Harrisonburg (Independent City,10,10,912000,0,0,0,0,0,0,0,0,0,10,10,912000,0,0,0,0,0,0,0,0,0
200702,51,670,3,5,Hopewell (Independent City)   ,10,10,632700,0,0,0,0,0,0,0,0,0,10,10,632700,0,0,0,0,0,0,0,0,0
200702,51,680,3,5,Lynchburg (Independent City)  ,8,8,2025612,0,0,0,0,0,0,0,0,0,8,8,2025612,0,0,0,0,0,0,0,0,0
200702,51,683,3,5,Manassas (Independent City)   ,8,8,928687,0,0,0,0,0,0,0,0,0,0,0,0,0,0,0,0,0,0,0,0,0
200702,51,685,3,5,Manassas Park (Independent Cit,5,5,604981,0,0,0,0,0,0,1,7,307432,0,0,0,0,0,0,0,0,0,0,0,0
200702,51,700,3,5,Newport News (Independent City,10,10,1223711,0,0,0,0,0,0,2,29,1219372,0,0,0,0,0,0,0,0,0,0,0,0
200702,51,710,3,5,Norfolk (Independent City)    ,24,24,3769154,0,0,0,0,0,0,0,0,0,24,24,3769154,0,0,0,0,0,0,0,0,0
200702,51,730,3,5,Petersburg (Independent City) ,1,1,45000,0,0,0,0,0,0,0,0,0,1,1,45000,0,0,0,0,0,0,0,0,0
200702,51,735,3,5,Poquoson (Independent City)   ,1,1,178000,0,0,0,0,0,0,0,0,0,1,1,178000,0,0,0,0,0,0,0,0,0
200702,51,740,3,5,Portsmouth (Independent City) ,15,15,2355721,0,0,0,0,0,0,11,156,15426996,15,15,2355721,0,0,0,0,0,0,11,156,15426996
200702,51,760,3,5,Richmond (Independent City)   ,26,26,3287837,0,0,0,0,0,0,0,0,0,26,26,3287837,0,0,0,0,0,0,0,0,0
200702,51,770,3,5,Roanoke (Independent City)    ,2,2,130000,0,0,0,0,0,0,0,0,0,2,2,130000,0,0,0,0,0,0,0,0,0
200702,51,800,3,5,Suffolk (Independent City)    ,36,36,5653731,0,0,0,0,0,0,0,0,0,36,36,5653731,0,0,0,0,0,0,0,0,0
200702,51,810,3,5,Virginia Beach (Independent Ci,73,73,11464511,6,12,1025439,1,3,272762,8,45,4450095,73,73,11464511,6,12,1025439,1,3,272762,8,45,4450095
200702,51,830,3,5,Williamsburg (Independent City,0,0,0,0,0,0,0,0,0,0,0,0,0,0,0,0,0,0,0,0,0,0,0,0
200702,53,011,4,9,Clark County                  ,148,148,26413422,4,8,598556,0,0,0,0,0,0,52,52,10861779,4,8,598556,0,0,0,0,0,0
200702,53,033,4,9,King County                   ,349,349,102851336,29,58,6820348,24,76,7654211,19,1341,165721871,339,339,100305383,29,58,6820348,24,76,7654211,17,1331,164549767
200702,53,041,4,9,Lewis County                  ,42,42,6420313,1,2,63193,0,0,0,0,0,0,42,42,6420313,1,2,63193,0,0,0,0,0,0
200702,53,053,4,9,Pierce County                 ,407,407,61478836,17,34,3560804,1,4,520000,2,126,12239421,394,394,58545123,17,34,3560804,0,0,0,1,120,11775421
200702,53,059,4,9,Skamania County               ,6,6,1111316,0,0,0,0,0,0,0,0,0,6,6,1111316,0,0,0,0,0,0,0,0,0
200702,53,061,4,9,Snohomish County              ,352,352,62229646,5,10,1025610,1,3,275588,4,42,3288032,295,295,55043861,2,4,535719,0,0,0,0,0,0
200702,54,037,3,5,Jefferson County              ,35,35,10039317,0,0,0,0,0,0,0,0,0,31,31,9568686,0,0,0,0,0,0,0,0,0
200702,55,021,2,3,Columbia County               ,9,9,1581390,2,4,390000,0,0,0,0,0,0,4,4,590000,2,4,390000,0,0,0,0,0,0
200702,55,025,2,3,Dane County                   ,68,68,15276005,3,6,702000,0,0,0,5,84,8197580,66,66,14947742,3,6,702000,0,0,0,4,79,7875000
200702,55,031,2,3,Douglas County                ,2,2,231000,0,0,0,0,0,0,0,0,0,2,2,231000,0,0,0,0,0,0,0,0,0
200702,55,037,2,3,Florence County               ,0,0,0,0,0,0,0,0,0,0,0,0,0,0,0,0,0,0,0,0,0,0,0,0
200702,55,049,2,3,Iowa County                   ,2,2,404437,0,0,0,0,0,0,1,5,226221,1,1,260000,0,0,0,0,0,0,0,0,0
200702,55,059,2,3,Kenosha County                ,25,25,5230979,0,0,0,0,0,0,0,0,0,23,23,4884358,0,0,0,0,0,0,0,0,0
200702,55,079,2,3,Milwaukee County              ,12,12,2634291,0,0,0,5,20,3077250,1,42,7567500,12,12,2634291,0,0,0,5,20,3077250,1,42,7567500
200702,55,089,2,3,Ozaukee County                ,11,11,2632760,0,0,0,0,0,0,0,0,0,8,8,1257258,0,0,0,0,0,0,0,0,0
200702,55,093,2,3,Pierce County                 ,5,5,1140000,0,0,0,0,0,0,0,0,0,5,5,1140000,0,0,0,0,0,0,0,0,0
200702,55,109,2,3,St. Croix County              ,21,21,4487953,0,0,0,0,0,0,0,0,0,15,15,3521750,0,0,0,0,0,0,0,0,0
200702,55,113,2,3,Sawyer County                 ,4,4,540000,0,0,0,0,0,0,0,0,0,4,4,540000,0,0,0,0,0,0,0,0,0
200702,55,131,2,3,Washington County             ,31,31,5830754,0,0,0,0,0,0,1,16,1200000,29,29,5165124,0,0,0,0,0,0,1,16,1200000
200702,55,133,2,3,Waukesha County               ,64,64,19115568,0,0,0,0,0,0,0,0,0,61,61,18385728,0,0,0,0,0,0,0,0,0
200702,56,019,4,8,Johnson County                ,1,1,98593,0,0,0,0,0,0,0,0,0,1,1,98593,0,0,0,0,0,0,0,0,0
200702,56,039,4,8,Teton County                  ,14,14,13062332,0,0,0,1,3,832950,1,5,243003,11,11,12445000,0,0,0,0,0,0,0,0,0
