Survey,FIPS,FIPS,Region,Division,County,,1-unit,,,2-units,,,3-4 units,,,5+ units,,,1-unit rep,,,2-units rep,,,3-4 units rep,,, 5+units rep
Date,State,County,Code,Code,Name,Bldgs,Units,Value,Bldgs,Units,Value,Bldgs,Units,Value,Bldgs,Units,Value,Bldgs,Units,Value,Bldgs,Units,Value,Bldgs,Units,Value,Bldgs,Units,Value
 
200805,01,001,3,6,Autauga County                ,16,16,2673966,0,0,0,0,0,0,0,0,0,0,0,0,0,0,0,0,0,0,0,0,0
200805,01,007,3,6,Bibb County                   ,2,2,371500,0,0,0,0,0,0,0,0,0,2,2,371500,0,0,0,0,0,0,0,0,0
200805,01,009,3,6,Blount County                 ,3,3,635000,2,4,110000,0,0,0,0,0,0,3,3,635000,2,4,110000,0,0,0,0,0,0
200805,01,021,3,6,Chilton County                ,6,6,765000,0,0,0,0,0,0,0,0,0,6,6,765000,0,0,0,0,0,0,0,0,0
200805,01,037,3,6,Coosa County                  ,0,0,0,0,0,0,0,0,0,0,0,0,0,0,0,0,0,0,0,0,0,0,0,0
200805,01,073,3,6,Jefferson County              ,140,140,26339864,0,0,0,1,4,604000,2,18,1566335,80,80,13190727,0,0,0,1,4,604000,0,0,0
200805,01,081,3,6,Lee County                    ,74,74,14647173,1,2,165480,0,0,0,0,0,0,74,74,14647173,1,2,165480,0,0,0,0,0,0
200805,01,115,3,6,St. Clair County              ,24,24,3886536,0,0,0,0,0,0,0,0,0,24,24,3886536,0,0,0,0,0,0,0,0,0
200805,01,117,3,6,Shelby County                 ,81,81,13567081,0,0,0,0,0,0,0,0,0,27,27,4395902,0,0,0,0,0,0,0,0,0
200805,01,127,3,6,Walker County                 ,2,2,344000,0,0,0,0,0,0,1,5,475610,0,0,0,0,0,0,0,0,0,0,0,0
200805,02,000,4,9,Alaska Balance of State       ,10,10,1927707,0,0,0,0,0,0,0,0,0,0,0,0,0,0,0,0,0,0,0,0,0
200805,02,013,4,9,Aleutians East Borough        ,0,0,0,0,0,0,0,0,0,0,0,0,0,0,0,0,0,0,0,0,0,0,0,0
200805,02,016,4,9,Aleutians West Census Area    ,0,0,0,0,0,0,0,0,0,0,0,0,0,0,0,0,0,0,0,0,0,0,0,0
200805,02,020,4,9,Anchorage Borough             ,18,18,6545376,1,2,581929,2,7,1237000,0,0,0,18,18,6545376,1,2,581929,2,7,1237000,0,0,0
200805,02,050,4,9,Bethel Census Area            ,2,2,286920,0,0,0,0,0,0,0,0,0,0,0,0,0,0,0,0,0,0,0,0,0
200805,02,060,4,9,Bristol Bay Borough           ,0,0,0,0,0,0,0,0,0,0,0,0,0,0,0,0,0,0,0,0,0,0,0,0
200805,02,090,4,9,Fairbanks North Star Borough  ,5,5,820212,0,0,0,0,0,0,0,0,0,1,1,232000,0,0,0,0,0,0,0,0,0
200805,02,100,4,9,Haines Borough                ,0,0,0,0,0,0,0,0,0,0,0,0,0,0,0,0,0,0,0,0,0,0,0,0
200805,02,110,4,9,Juneau Borough                ,4,4,981594,0,0,0,0,0,0,0,0,0,0,0,0,0,0,0,0,0,0,0,0,0
200805,02,122,4,9,Kenai Peninsula Borough       ,19,19,3357675,0,0,0,0,0,0,0,0,0,15,15,2701152,0,0,0,0,0,0,0,0,0
200805,02,130,4,9,Ketchikan Gateway Borough     ,2,2,439640,0,0,0,0,0,0,0,0,0,2,2,439640,0,0,0,0,0,0,0,0,0
200805,02,150,4,9,Kodiak Island Borough         ,5,5,896654,0,0,0,0,0,0,0,0,0,5,5,896654,0,0,0,0,0,0,0,0,0
200805,02,170,4,9,Matanuska-Susitna Borough     ,5,5,705810,0,0,0,0,0,0,0,0,0,2,2,286140,0,0,0,0,0,0,0,0,0
200805,02,180,4,9,Nome Census Area              ,1,1,173457,0,0,0,0,0,0,0,0,0,0,0,0,0,0,0,0,0,0,0,0,0
200805,02,185,4,9,North Slope Borough           ,0,0,0,0,0,0,0,0,0,0,0,0,0,0,0,0,0,0,0,0,0,0,0,0
200805,02,188,4,9,Northwest Arctic Borough      ,0,0,0,0,0,0,0,0,0,0,0,0,0,0,0,0,0,0,0,0,0,0,0,0
200805,02,201,4,9,Prince of Wales-Outer Ketchika,0,0,0,0,0,0,0,0,0,0,0,0,0,0,0,0,0,0,0,0,0,0,0,0
200805,02,220,4,9,Sitka Borough                 ,1,1,265507,1,2,454968,0,0,0,0,0,0,0,0,0,0,0,0,0,0,0,0,0,0
200805,02,232,4,9,Skagway-Hoonah-Angoon Census A,2,2,300445,0,0,0,0,0,0,0,0,0,1,1,219820,0,0,0,0,0,0,0,0,0
200805,02,261,4,9,Valdez-Cordova Census Area    ,15,15,1276900,0,0,0,0,0,0,1,9,200000,15,15,1276900,0,0,0,0,0,0,1,9,200000
200805,02,280,4,9,Wrangell-Petersburg Census Are,2,2,330788,0,0,0,0,0,0,0,0,0,0,0,0,0,0,0,0,0,0,0,0,0
200805,02,282,4,9,Yakutat Borough               ,1,1,55000,0,0,0,0,0,0,0,0,0,1,1,55000,0,0,0,0,0,0,0,0,0
200805,02,290,4,9,Yukon-Koyukuk Census Area     ,0,0,0,0,0,0,0,0,0,0,0,0,0,0,0,0,0,0,0,0,0,0,0,0
200805,04,013,4,8,Maricopa County               ,962,962,226031269,2,4,526521,17,53,2461182,34,521,23846109,947,947,221680414,2,4,526521,17,53,2461182,26,409,12632778
200805,04,019,4,8,Pima County                   ,314,314,61073130,2,4,397692,2,7,542524,2,32,1832633,149,149,29736894,0,0,0,0,0,0,0,0,0
200805,04,021,4,8,Pinal County                  ,401,401,47424969,2,4,325597,0,0,0,1,5,360459,392,392,46406585,1,2,194441,0,0,0,0,0,0
200805,05,023,3,7,Cleburne County               ,3,3,1120000,0,0,0,0,0,0,0,0,0,3,3,1120000,0,0,0,0,0,0,0,0,0
200805,05,025,3,7,Cleveland County              ,0,0,0,0,0,0,0,0,0,0,0,0,0,0,0,0,0,0,0,0,0,0,0,0
200805,05,027,3,7,Columbia County               ,2,2,440000,0,0,0,0,0,0,0,0,0,2,2,440000,0,0,0,0,0,0,0,0,0
200805,05,035,3,7,Crittenden County             ,13,13,2299762,0,0,0,0,0,0,0,0,0,9,9,1655167,0,0,0,0,0,0,0,0,0
200805,05,059,3,7,Hot Spring County             ,7,7,458590,0,0,0,0,0,0,0,0,0,7,7,458590,0,0,0,0,0,0,0,0,0
200805,05,061,3,7,Howard County                 ,1,1,102636,0,0,0,0,0,0,0,0,0,0,0,0,0,0,0,0,0,0,0,0,0
200805,05,099,3,7,Nevada County                 ,1,1,18450,0,0,0,0,0,0,0,0,0,1,1,18450,0,0,0,0,0,0,0,0,0
200805,06,001,4,9,Alameda County                ,62,62,19061421,3,6,717088,2,7,866836,4,25,4641982,61,61,18837659,3,6,717088,2,7,866836,4,25,4641982
200805,06,003,4,9,Alpine County                 ,1,1,217094,0,0,0,0,0,0,0,0,0,1,1,217094,0,0,0,0,0,0,0,0,0
200805,06,009,4,9,Calaveras County              ,8,8,3261398,0,0,0,0,0,0,0,0,0,7,7,2995522,0,0,0,0,0,0,0,0,0
200805,06,013,4,9,Contra Costa County           ,72,72,15897282,0,0,0,0,0,0,1,14,1268415,62,62,13896181,0,0,0,0,0,0,0,0,0
200805,06,017,4,9,El Dorado County              ,30,30,10393378,0,0,0,0,0,0,1,34,3700174,26,26,9759092,0,0,0,0,0,0,1,34,3700174
200805,06,037,4,9,Los Angeles County            ,375,375,102519687,28,56,6206885,13,44,6461352,50,1511,196561737,325,325,86365743,27,54,6115519,11,37,6168349,40,1396,183288265
200805,06,041,4,9,Marin County                  ,17,17,6886407,1,2,286824,0,0,0,1,13,1281157,6,6,2307259,0,0,0,0,0,0,0,0,0
200805,06,045,4,9,Mendocino County              ,15,15,1846467,1,2,257801,0,0,0,0,0,0,15,15,1846467,1,2,257801,0,0,0,0,0,0
200805,06,049,4,9,Modoc County                  ,3,3,213531,0,0,0,0,0,0,0,0,0,3,3,213531,0,0,0,0,0,0,0,0,0
200805,06,051,4,9,Mono County                   ,5,5,1681174,0,0,0,0,0,0,0,0,0,0,0,0,0,0,0,0,0,0,0,0,0
200805,06,059,4,9,Orange County                 ,150,150,46254446,9,18,2569133,0,0,0,4,363,53748104,115,115,33508375,8,16,2006326,0,0,0,2,312,48599930
200805,06,061,4,9,Placer County                 ,152,152,37446831,0,0,0,0,0,0,0,0,0,152,152,37446831,0,0,0,0,0,0,0,0,0
200805,06,063,4,9,Plumas County                 ,6,6,1072835,0,0,0,0,0,0,0,0,0,6,6,1072835,0,0,0,0,0,0,0,0,0
200805,06,065,4,9,Riverside County              ,492,492,163764331,8,16,2099643,7,23,3035686,17,424,40665010,430,430,151390334,7,14,1901429,5,16,2326353,14,397,38684206
200805,06,067,4,9,Sacramento County             ,293,293,59074919,0,0,0,0,0,0,0,0,0,291,291,58613769,0,0,0,0,0,0,0,0,0
200805,06,069,4,9,San Benito County             ,0,0,0,0,0,0,0,0,0,0,0,0,0,0,0,0,0,0,0,0,0,0,0,0
200805,06,071,4,9,San Bernardino County         ,192,192,36515654,1,2,89165,2,7,686405,11,95,8449815,88,88,15774289,0,0,0,0,0,0,6,35,4454464
200805,06,073,4,9,San Diego County              ,271,271,73479635,7,14,1890311,3,11,2543062,9,316,23369070,239,239,65794294,7,14,1890311,3,11,2543062,8,289,21014787
200805,06,075,4,9,San Francisco County          ,1,1,209511,1,2,245613,1,3,1200000,4,76,22900000,1,1,209511,1,2,245613,1,3,1200000,4,76,22900000
200805,06,077,4,9,San Joaquin County            ,108,108,24718756,0,0,0,2,7,655325,1,5,749321,67,67,14179791,0,0,0,1,4,240000,0,0,0
200805,06,081,4,9,San Mateo County              ,25,25,18028659,0,0,0,0,0,0,0,0,0,12,12,13338529,0,0,0,0,0,0,0,0,0
200805,06,085,4,9,Santa Clara County            ,74,74,32346287,0,0,0,1,3,628650,5,448,49496442,51,51,24501879,0,0,0,1,3,628650,4,440,47842596
200805,06,091,4,9,Sierra County                 ,1,1,331405,0,0,0,0,0,0,0,0,0,1,1,331405,0,0,0,0,0,0,0,0,0
200805,06,113,4,9,Yolo County                   ,29,29,6118326,0,0,0,0,0,0,0,0,0,27,27,5672982,0,0,0,0,0,0,0,0,0
200805,08,001,4,8,Adams County                  ,79,79,15825936,1,2,245613,0,0,0,1,6,256854,78,78,15700019,1,2,245613,0,0,0,1,6,256854
200805,08,005,4,8,Arapahoe County               ,78,78,24194111,0,0,0,0,0,0,2,139,7465392,72,72,22843455,0,0,0,0,0,0,2,139,7465392
200805,08,014,4,8,Broomfield County             ,33,33,7713656,0,0,0,0,0,0,1,39,2866279,0,0,0,0,0,0,0,0,0,0,0,0
200805,08,015,4,8,Chaffee County                ,13,13,4235706,0,0,0,0,0,0,0,0,0,13,13,4235706,0,0,0,0,0,0,0,0,0
200805,08,019,4,8,Clear Creek County            ,2,2,1962000,0,0,0,0,0,0,0,0,0,2,2,1962000,0,0,0,0,0,0,0,0,0
200805,08,023,4,8,Costilla County               ,1,1,163199,0,0,0,0,0,0,0,0,0,0,0,0,0,0,0,0,0,0,0,0,0
200805,08,031,4,8,Denver County                 ,107,107,22417720,0,0,0,0,0,0,3,590,50019849,107,107,22417720,0,0,0,0,0,0,3,590,50019849
200805,08,033,4,8,Dolores County                ,0,0,0,0,0,0,0,0,0,0,0,0,0,0,0,0,0,0,0,0,0,0,0,0
200805,08,035,4,8,Douglas County                ,94,94,30110095,0,0,0,0,0,0,0,0,0,94,94,30110095,0,0,0,0,0,0,0,0,0
200805,08,039,4,8,Elbert County                 ,9,9,2633735,0,0,0,0,0,0,0,0,0,0,0,0,0,0,0,0,0,0,0,0,0
200805,08,041,4,8,El Paso County                ,204,204,44843280,0,0,0,0,0,0,0,0,0,204,204,44843280,0,0,0,0,0,0,0,0,0
200805,08,047,4,8,Gilpin County                 ,8,8,1343000,0,0,0,0,0,0,0,0,0,8,8,1343000,0,0,0,0,0,0,0,0,0
200805,08,049,4,8,Grand County                  ,27,27,6743931,0,0,0,0,0,0,2,12,1483741,0,0,0,0,0,0,0,0,0,0,0,0
200805,08,059,4,8,Jefferson County              ,38,38,11817753,1,2,474480,0,0,0,1,8,1324194,38,38,11817753,1,2,474480,0,0,0,1,8,1324194
200805,08,069,4,8,Larimer County                ,83,83,18518619,0,0,0,1,4,451166,1,6,647711,83,83,18518619,0,0,0,1,4,451166,1,6,647711
200805,08,077,4,8,Mesa County                   ,75,75,14743198,0,0,0,0,0,0,0,0,0,75,75,14743198,0,0,0,0,0,0,0,0,0
200805,08,093,4,8,Park County                   ,15,15,2480362,0,0,0,0,0,0,0,0,0,15,15,2480362,0,0,0,0,0,0,0,0,0
200805,08,101,4,8,Pueblo County                 ,44,44,7546681,1,2,205952,0,0,0,0,0,0,44,44,7546681,1,2,205952,0,0,0,0,0,0
200805,08,107,4,8,Routt County                  ,27,27,12213613,0,0,0,0,0,0,1,80,102966312,27,27,12213613,0,0,0,0,0,0,1,80,102966312
200805,08,119,4,8,Teller County                 ,4,4,1276458,0,0,0,0,0,0,0,0,0,4,4,1276458,0,0,0,0,0,0,0,0,0
200805,08,123,4,8,Weld County                   ,96,96,22332450,0,0,0,0,0,0,2,21,1357250,63,63,13583927,0,0,0,0,0,0,0,0,0
200805,10,001,3,5,Kent County                   ,81,81,10191390,0,0,0,0,0,0,0,0,0,27,27,2274926,0,0,0,0,0,0,0,0,0
200805,10,003,3,5,New Castle County             ,68,68,6209075,0,0,0,0,0,0,2,17,515720,16,16,1498249,0,0,0,0,0,0,1,12,435720
200805,10,005,3,5,Sussex County                 ,90,90,11853321,5,10,1157024,5,20,2389910,2,13,1190515,90,90,11853321,5,10,1157024,5,20,2389910,2,13,1190515
200805,11,001,3,5,Washington  DC                ,15,15,2700000,0,0,0,0,0,0,0,0,0,15,15,2700000,0,0,0,0,0,0,0,0,0
200805,12,003,3,5,Baker County                  ,10,10,1392628,0,0,0,0,0,0,0,0,0,6,6,640880,0,0,0,0,0,0,0,0,0
200805,12,009,3,5,Brevard County                ,109,109,28569094,0,0,0,0,0,0,2,24,2400000,107,107,28187926,0,0,0,0,0,0,2,24,2400000
200805,12,011,3,5,Broward County                ,109,109,21479146,0,0,0,0,0,0,4,32,1487091,52,52,14138110,0,0,0,0,0,0,2,22,844000
200805,12,013,3,5,Calhoun County                ,2,2,314500,0,0,0,0,0,0,0,0,0,2,2,314500,0,0,0,0,0,0,0,0,0
200805,12,015,3,5,Charlotte County              ,28,28,7048524,0,0,0,2,8,821812,1,5,1345000,26,26,6246000,0,0,0,0,0,0,0,0,0
200805,12,019,3,5,Clay County                   ,47,47,8191796,0,0,0,0,0,0,0,0,0,47,47,8191796,0,0,0,0,0,0,0,0,0
200805,12,021,3,5,Collier County                ,55,55,29400384,0,0,0,0,0,0,1,10,1308000,53,53,27873000,0,0,0,0,0,0,1,10,1308000
200805,12,023,3,5,Columbia County               ,21,21,2029571,0,0,0,0,0,0,0,0,0,1,1,108000,0,0,0,0,0,0,0,0,0
200805,12,031,3,5,Duval County                  ,322,322,57499120,2,4,343412,0,0,0,7,96,8892175,322,322,57499120,2,4,343412,0,0,0,7,96,8892175
200805,12,033,3,5,Escambia County               ,69,69,12491402,0,0,0,0,0,0,0,0,0,69,69,12491402,0,0,0,0,0,0,0,0,0
200805,12,041,3,5,Gilchrist County              ,5,5,486632,0,0,0,0,0,0,0,0,0,0,0,0,0,0,0,0,0,0,0,0,0
200805,12,043,3,5,Glades County                 ,0,0,0,0,0,0,0,0,0,0,0,0,0,0,0,0,0,0,0,0,0,0,0,0
200805,12,047,3,5,Hamilton County               ,2,2,275000,0,0,0,0,0,0,0,0,0,2,2,275000,0,0,0,0,0,0,0,0,0
200805,12,049,3,5,Hardee County                 ,10,10,851130,0,0,0,0,0,0,0,0,0,0,0,0,0,0,0,0,0,0,0,0,0
200805,12,053,3,5,Hernando County               ,43,43,8752290,0,0,0,0,0,0,1,8,225000,43,43,8752290,0,0,0,0,0,0,1,8,225000
200805,12,055,3,5,Highlands County              ,66,66,11643087,0,0,0,0,0,0,1,12,802320,0,0,0,0,0,0,0,0,0,0,0,0
200805,12,057,3,5,Hillsborough County           ,173,173,29580209,0,0,0,2,6,828041,9,475,25972924,173,173,29580209,0,0,0,2,6,828041,9,475,25972924
200805,12,061,3,5,Indian River County           ,46,46,12780842,0,0,0,0,0,0,0,0,0,45,45,11300781,0,0,0,0,0,0,0,0,0
200805,12,063,3,5,Jackson County                ,10,10,1057504,0,0,0,0,0,0,0,0,0,10,10,1057504,0,0,0,0,0,0,0,0,0
200805,12,065,3,5,Jefferson County              ,9,9,1398332,0,0,0,0,0,0,0,0,0,9,9,1398332,0,0,0,0,0,0,0,0,0
200805,12,067,3,5,Lafayette County              ,1,1,93000,0,0,0,0,0,0,0,0,0,1,1,93000,0,0,0,0,0,0,0,0,0
200805,12,069,3,5,Lake County                   ,193,193,30621952,1,2,318321,0,0,0,1,8,440989,30,30,7716032,0,0,0,0,0,0,0,0,0
200805,12,071,3,5,Lee County                    ,168,168,47001809,0,0,0,0,0,0,3,38,2302280,167,167,46527833,0,0,0,0,0,0,3,38,2302280
200805,12,073,3,5,Leon County                   ,51,51,8614113,2,4,284583,0,0,0,2,42,1780293,13,13,2297800,0,0,0,0,0,0,0,0,0
200805,12,077,3,5,Liberty County                ,2,2,244230,0,0,0,0,0,0,0,0,0,0,0,0,0,0,0,0,0,0,0,0,0
200805,12,081,3,5,Manatee County                ,116,116,17827124,0,0,0,0,0,0,3,19,1956218,113,113,17240563,0,0,0,0,0,0,2,12,240000
200805,12,083,3,5,Marion County                 ,104,104,16941013,0,0,0,0,0,0,0,0,0,104,104,16941013,0,0,0,0,0,0,0,0,0
200805,12,085,3,5,Martin County                 ,29,29,12294364,1,2,334906,0,0,0,0,0,0,29,29,12294364,1,2,334906,0,0,0,0,0,0
200805,12,086,3,5,Miami-Dade County             ,69,69,22559789,6,12,2485058,2,7,1850000,3,73,9811583,59,59,19492830,6,12,2485058,2,7,1850000,1,56,7000000
200805,12,089,3,5,Nassau County                 ,40,40,6786668,0,0,0,0,0,0,0,0,0,33,33,5897788,0,0,0,0,0,0,0,0,0
200805,12,095,3,5,Orange County                 ,253,253,47122107,0,0,0,0,0,0,10,409,18263091,227,227,39875803,0,0,0,0,0,0,10,409,18263091
200805,12,097,3,5,Osceola County                ,91,91,19780053,0,0,0,1,4,347568,1,10,1648531,58,58,13364626,0,0,0,1,4,347568,1,10,1648531
200805,12,099,3,5,Palm Beach County             ,124,124,36936895,0,0,0,0,0,0,3,17,2739935,101,101,28528127,0,0,0,0,0,0,0,0,0
200805,12,101,3,5,Pasco County                  ,100,100,17984528,5,10,1380716,0,0,0,1,8,664800,99,99,17792090,5,10,1380716,0,0,0,1,8,664800
200805,12,103,3,5,Pinellas County               ,37,37,10836850,0,0,0,0,0,0,2,96,6989302,35,35,10476854,0,0,0,0,0,0,2,96,6989302
200805,12,105,3,5,Polk County                   ,227,227,43178650,11,22,3062705,0,0,0,0,0,0,222,222,42270438,11,22,3062705,0,0,0,0,0,0
200805,12,107,3,5,Putnam County                 ,2,2,266612,0,0,0,0,0,0,0,0,0,0,0,0,0,0,0,0,0,0,0,0,0
200805,12,109,3,5,St. Johns County              ,99,99,31630227,0,0,0,0,0,0,0,0,0,94,94,30754692,0,0,0,0,0,0,0,0,0
200805,12,111,3,5,St. Lucie County              ,77,77,11094231,0,0,0,1,4,458221,1,9,781332,69,69,9435957,0,0,0,0,0,0,0,0,0
200805,12,113,3,5,Santa Rosa County             ,43,43,7586916,0,0,0,0,0,0,0,0,0,43,43,7586916,0,0,0,0,0,0,0,0,0
200805,12,115,3,5,Sarasota County               ,83,83,28538851,0,0,0,0,0,0,2,54,31603773,48,48,20856929,0,0,0,0,0,0,2,54,31603773
200805,12,117,3,5,Seminole County               ,66,66,12427674,0,0,0,0,0,0,0,0,0,59,59,10916489,0,0,0,0,0,0,0,0,0
200805,12,119,3,5,Sumter County                 ,252,252,60233610,4,8,856020,0,0,0,0,0,0,252,252,60233610,4,8,856020,0,0,0,0,0,0
200805,12,123,3,5,Taylor County                 ,4,4,483690,0,0,0,0,0,0,0,0,0,2,2,200000,0,0,0,0,0,0,0,0,0
200805,12,125,3,5,Union County                  ,3,3,442956,0,0,0,0,0,0,0,0,0,3,3,442956,0,0,0,0,0,0,0,0,0
200805,12,127,3,5,Volusia County                ,97,97,21976719,1,2,200905,0,0,0,1,15,1469404,36,36,8501092,0,0,0,0,0,0,0,0,0
200805,12,129,3,5,Wakulla County                ,5,5,777231,0,0,0,0,0,0,0,0,0,5,5,777231,0,0,0,0,0,0,0,0,0
200805,12,131,3,5,Walton County                 ,29,29,5003379,0,0,0,0,0,0,0,0,0,27,27,4793774,0,0,0,0,0,0,0,0,0
200805,12,133,3,5,Washington County             ,3,3,518973,0,0,0,0,0,0,0,0,0,3,3,518973,0,0,0,0,0,0,0,0,0
200805,13,005,3,5,Bacon County                  ,0,0,0,0,0,0,0,0,0,0,0,0,0,0,0,0,0,0,0,0,0,0,0,0
200805,13,013,3,5,Barrow County                 ,38,38,2683581,0,0,0,0,0,0,0,0,0,38,38,2683581,0,0,0,0,0,0,0,0,0
200805,13,015,3,5,Bartow County                 ,29,29,5371313,0,0,0,0,0,0,0,0,0,27,27,5037938,0,0,0,0,0,0,0,0,0
200805,13,029,3,5,Bryan County                  ,55,55,7629594,0,0,0,0,0,0,0,0,0,42,42,5240355,0,0,0,0,0,0,0,0,0
200805,13,035,3,5,Butts County                  ,9,9,1417500,0,0,0,0,0,0,0,0,0,0,0,0,0,0,0,0,0,0,0,0,0
200805,13,045,3,5,Carroll County                ,60,60,5303452,0,0,0,0,0,0,0,0,0,60,60,5303452,0,0,0,0,0,0,0,0,0
200805,13,057,3,5,Cherokee County               ,86,86,15366518,0,0,0,0,0,0,0,0,0,72,72,12515176,0,0,0,0,0,0,0,0,0
200805,13,059,3,5,Clarke County                 ,28,28,3514962,0,0,0,0,0,0,1,31,1672592,0,0,0,0,0,0,0,0,0,0,0,0
200805,13,063,3,5,Clayton County                ,14,14,2421679,0,0,0,0,0,0,0,0,0,14,14,2421679,0,0,0,0,0,0,0,0,0
200805,13,067,3,5,Cobb County                   ,104,104,20677656,0,0,0,3,12,1897560,3,19,3821924,104,104,20677656,0,0,0,3,12,1897560,3,19,3821924
200805,13,077,3,5,Coweta County                 ,54,54,10596596,0,0,0,0,0,0,0,0,0,48,48,9490914,0,0,0,0,0,0,0,0,0
200805,13,085,3,5,Dawson County                 ,14,14,3400000,0,0,0,0,0,0,0,0,0,14,14,3400000,0,0,0,0,0,0,0,0,0
200805,13,089,3,5,DeKalb County                 ,81,81,22773255,0,0,0,0,0,0,2,13,1516473,75,75,20908933,0,0,0,0,0,0,1,8,643008
200805,13,095,3,5,Dougherty County              ,4,4,445399,1,2,150054,1,3,152768,0,0,0,0,0,0,0,0,0,0,0,0,0,0,0
200805,13,097,3,5,Douglas County                ,31,31,2799450,0,0,0,0,0,0,0,0,0,31,31,2799450,0,0,0,0,0,0,0,0,0
200805,13,113,3,5,Fayette County                ,18,18,4325884,0,0,0,0,0,0,0,0,0,15,15,3383964,0,0,0,0,0,0,0,0,0
200805,13,117,3,5,Forsyth County                ,138,138,17029660,0,0,0,0,0,0,0,0,0,138,138,17029660,0,0,0,0,0,0,0,0,0
200805,13,121,3,5,Fulton County                 ,344,344,60151042,0,0,0,0,0,0,2,235,25296630,326,326,57115444,0,0,0,0,0,0,2,235,25296630
200805,13,127,3,5,Glynn County                  ,41,41,10858472,0,0,0,0,0,0,0,0,0,0,0,0,0,0,0,0,0,0,0,0,0
200805,13,133,3,5,Greene County                 ,9,9,4910500,0,0,0,0,0,0,0,0,0,9,9,4910500,0,0,0,0,0,0,0,0,0
200805,13,135,3,5,Gwinnett County               ,170,170,29649530,0,0,0,0,0,0,1,5,334349,161,161,28313540,0,0,0,0,0,0,0,0,0
200805,13,143,3,5,Haralson County               ,6,6,1058639,0,0,0,0,0,0,0,0,0,6,6,1058639,0,0,0,0,0,0,0,0,0
200805,13,145,3,5,Harris County                 ,18,18,4432710,0,0,0,0,0,0,0,0,0,18,18,4432710,0,0,0,0,0,0,0,0,0
200805,13,149,3,5,Heard County                  ,1,1,134371,0,0,0,0,0,0,0,0,0,0,0,0,0,0,0,0,0,0,0,0,0
200805,13,151,3,5,Henry County                  ,58,58,10007204,0,0,0,0,0,0,1,7,458333,37,37,7621761,0,0,0,0,0,0,0,0,0
200805,13,159,3,5,Jasper County                 ,7,7,984462,0,0,0,0,0,0,0,0,0,0,0,0,0,0,0,0,0,0,0,0,0
200805,13,169,3,5,Jones County                  ,8,8,1065000,0,0,0,0,0,0,0,0,0,8,8,1065000,0,0,0,0,0,0,0,0,0
200805,13,171,3,5,Lamar County                  ,2,2,199153,0,0,0,0,0,0,0,0,0,1,1,78370,0,0,0,0,0,0,0,0,0
200805,13,177,3,5,Lee County                    ,15,15,1714277,0,0,0,0,0,0,0,0,0,0,0,0,0,0,0,0,0,0,0,0,0
200805,13,189,3,5,McDuffie County               ,5,5,1070000,0,0,0,0,0,0,0,0,0,5,5,1070000,0,0,0,0,0,0,0,0,0
200805,13,199,3,5,Meriwether County             ,8,8,1411519,0,0,0,0,0,0,0,0,0,8,8,1411519,0,0,0,0,0,0,0,0,0
200805,13,211,3,5,Morgan County                 ,10,10,1928250,0,0,0,0,0,0,0,0,0,10,10,1928250,0,0,0,0,0,0,0,0,0
200805,13,215,3,5,Muscogee County               ,30,30,3177001,0,0,0,1,3,136311,1,17,1283477,0,0,0,0,0,0,0,0,0,0,0,0
200805,13,217,3,5,Newton County                 ,21,21,2935252,0,0,0,0,0,0,0,0,0,21,21,2935252,0,0,0,0,0,0,0,0,0
200805,13,223,3,5,Paulding County               ,87,87,15289971,0,0,0,0,0,0,0,0,0,73,73,12880113,0,0,0,0,0,0,0,0,0
200805,13,227,3,5,Pickens County                ,8,8,1911818,0,0,0,0,0,0,0,0,0,7,7,1850000,0,0,0,0,0,0,0,0,0
200805,13,231,3,5,Pike County                   ,10,10,1292885,0,0,0,0,0,0,0,0,0,0,0,0,0,0,0,0,0,0,0,0,0
200805,13,237,3,5,Putnam County                 ,7,7,1085000,0,0,0,0,0,0,0,0,0,7,7,1085000,0,0,0,0,0,0,0,0,0
200805,13,239,3,5,Quitman County                ,0,0,0,0,0,0,0,0,0,0,0,0,0,0,0,0,0,0,0,0,0,0,0,0
200805,13,247,3,5,Rockdale County               ,11,11,4501498,0,0,0,0,0,0,0,0,0,11,11,4501498,0,0,0,0,0,0,0,0,0
200805,13,255,3,5,Spalding County               ,35,35,5853092,0,0,0,0,0,0,0,0,0,35,35,5853092,0,0,0,0,0,0,0,0,0
200805,13,291,3,5,Union County                  ,20,20,3347855,0,0,0,0,0,0,0,0,0,0,0,0,0,0,0,0,0,0,0,0,0
200805,13,297,3,5,Walton County                 ,22,22,2753116,0,0,0,0,0,0,0,0,0,17,17,1996500,0,0,0,0,0,0,0,0,0
200805,13,313,3,5,Whitfield County              ,19,19,2157197,1,2,97230,2,6,314854,1,5,247052,0,0,0,0,0,0,0,0,0,0,0,0
200805,13,321,3,5,Worth County                  ,4,4,814800,0,0,0,0,0,0,0,0,0,4,4,814800,0,0,0,0,0,0,0,0,0
200805,15,001,4,9,Hawaii County                 ,74,74,17630655,0,0,0,5,20,2508800,7,49,4514300,74,74,17630655,0,0,0,5,20,2508800,7,49,4514300
200805,15,003,4,9,Honolulu County               ,65,65,18358691,0,0,0,2,7,790923,3,131,17536405,0,0,0,0,0,0,0,0,0,0,0,0
200805,15,007,4,9,Kauai County                  ,26,26,11294100,0,0,0,0,0,0,3,39,14235000,26,26,11294100,0,0,0,0,0,0,3,39,14235000
200805,15,009,4,9,Maui County                   ,31,31,6494854,3,6,1072980,1,3,320219,10,64,8145306,31,31,6494854,3,6,1072980,1,3,320219,10,64,8145306
200805,16,001,4,8,Ada County                    ,200,200,45100811,0,0,0,0,0,0,0,0,0,193,193,43508781,0,0,0,0,0,0,0,0,0
200805,16,015,4,8,Boise County                  ,8,8,1805525,0,0,0,0,0,0,0,0,0,7,7,1694613,0,0,0,0,0,0,0,0,0
200805,16,027,4,8,Canyon County                 ,66,66,10664975,2,4,231789,4,16,912479,0,0,0,14,14,3110572,0,0,0,0,0,0,0,0,0
200805,16,045,4,8,Gem County                    ,3,3,353798,0,0,0,1,3,0,0,0,0,1,1,105638,0,0,0,0,0,0,0,0,0
200805,16,073,4,8,Owyhee County                 ,1,1,164880,0,0,0,0,0,0,0,0,0,1,1,164880,0,0,0,0,0,0,0,0,0
200805,17,005,2,3,Bond County                   ,2,2,220000,0,0,0,0,0,0,0,0,0,2,2,220000,0,0,0,0,0,0,0,0,0
200805,17,013,2,3,Calhoun County                ,4,4,770000,0,0,0,0,0,0,0,0,0,4,4,770000,0,0,0,0,0,0,0,0,0
200805,17,027,2,3,Clinton County                ,9,9,2280776,0,0,0,0,0,0,0,0,0,9,9,2280776,0,0,0,0,0,0,0,0,0
200805,17,031,2,3,Cook County                   ,147,147,46892945,2,4,450000,17,53,6530200,11,502,126092702,95,95,32841180,2,4,450000,17,53,6530200,9,477,124149800
200805,17,037,2,3,DeKalb County                 ,27,27,4140912,0,0,0,1,3,255375,1,5,254405,3,3,443000,0,0,0,0,0,0,0,0,0
200805,17,039,2,3,De Witt County                ,3,3,489238,0,0,0,0,0,0,0,0,0,3,3,489238,0,0,0,0,0,0,0,0,0
200805,17,043,2,3,DuPage County                 ,77,77,27825034,0,0,0,0,0,0,2,13,1744754,22,22,7769253,0,0,0,0,0,0,0,0,0
200805,17,063,2,3,Grundy County                 ,21,21,4624299,0,0,0,3,12,780000,0,0,0,18,18,4125000,0,0,0,3,12,780000,0,0,0
200805,17,083,2,3,Jersey County                 ,9,9,1603414,0,0,0,0,0,0,0,0,0,6,6,1218470,0,0,0,0,0,0,0,0,0
200805,17,089,2,3,Kane County                   ,126,126,26017131,0,0,0,0,0,0,1,5,622393,40,40,11909979,0,0,0,0,0,0,0,0,0
200805,17,093,2,3,Kendall County                ,40,40,7902562,0,0,0,0,0,0,1,41,2000000,40,40,7902562,0,0,0,0,0,0,1,41,2000000
200805,17,097,2,3,Lake County                   ,91,91,20778182,0,0,0,0,0,0,2,12,2181716,24,24,5656459,0,0,0,0,0,0,0,0,0
200805,17,111,2,3,McHenry County                ,55,55,12029669,1,2,22173,0,0,0,2,78,7076662,27,27,7546836,1,2,22173,0,0,0,2,78,7076662
200805,17,117,2,3,Macoupin County               ,8,8,1491008,0,0,0,0,0,0,0,0,0,6,6,1218470,0,0,0,0,0,0,0,0,0
200805,17,119,2,3,Madison County                ,56,56,11140957,0,0,0,0,0,0,0,0,0,34,34,5956399,0,0,0,0,0,0,0,0,0
200805,17,133,2,3,Monroe County                 ,10,10,1892790,0,0,0,0,0,0,0,0,0,2,2,280000,0,0,0,0,0,0,0,0,0
200805,17,163,2,3,St. Clair County              ,71,71,13211581,1,2,138022,0,0,0,1,6,318750,27,27,5631666,0,0,0,0,0,0,0,0,0
200805,17,197,2,3,Will County                   ,162,162,38829382,0,0,0,0,0,0,1,16,1872584,145,145,36125588,0,0,0,0,0,0,1,16,1872584
200805,18,001,2,3,Adams County                  ,4,4,575570,0,0,0,0,0,0,0,0,0,3,3,435000,0,0,0,0,0,0,0,0,0
200805,18,003,2,3,Allen County                  ,58,58,12322976,0,0,0,0,0,0,0,0,0,58,58,12322976,0,0,0,0,0,0,0,0,0
200805,18,011,2,3,Boone County                  ,28,28,6183475,0,0,0,0,0,0,0,0,0,0,0,0,0,0,0,0,0,0,0,0,0
200805,18,013,2,3,Brown County                  ,20,20,4061566,0,0,0,0,0,0,0,0,0,20,20,4061566,0,0,0,0,0,0,0,0,0
200805,18,019,2,3,Clark County                  ,27,27,4961720,0,0,0,1,3,268668,0,0,0,23,23,4216174,0,0,0,0,0,0,0,0,0
200805,18,029,2,3,Dearborn County               ,10,10,1767725,0,0,0,0,0,0,1,5,397727,0,0,0,0,0,0,0,0,0,0,0,0
200805,18,043,2,3,Floyd County                  ,18,18,3463504,0,0,0,0,0,0,0,0,0,15,15,3027705,0,0,0,0,0,0,0,0,0
200805,18,047,2,3,Franklin County               ,4,4,1022800,0,0,0,0,0,0,0,0,0,4,4,1022800,0,0,0,0,0,0,0,0,0
200805,18,057,2,3,Hamilton County               ,151,151,29333176,0,0,0,1,4,301000,5,35,3450954,151,151,29333176,0,0,0,1,4,301000,5,35,3450954
200805,18,059,2,3,Hancock County                ,20,20,2807618,0,0,0,0,0,0,0,0,0,9,9,1404242,0,0,0,0,0,0,0,0,0
200805,18,061,2,3,Harrison County               ,8,8,1624626,0,0,0,0,0,0,0,0,0,8,8,1624626,0,0,0,0,0,0,0,0,0
200805,18,063,2,3,Hendricks County              ,59,59,12450929,0,0,0,0,0,0,0,0,0,57,57,12060601,0,0,0,0,0,0,0,0,0
200805,18,065,2,3,Henry County                  ,3,3,478689,0,0,0,0,0,0,0,0,0,0,0,0,0,0,0,0,0,0,0,0,0
200805,18,069,2,3,Huntington County             ,24,24,2169457,0,0,0,0,0,0,0,0,0,24,24,2169457,0,0,0,0,0,0,0,0,0
200805,18,073,2,3,Jasper County                 ,16,16,2847856,0,0,0,0,0,0,0,0,0,15,15,2724548,0,0,0,0,0,0,0,0,0
200805,18,079,2,3,Jennings County               ,9,9,631099,0,0,0,0,0,0,0,0,0,9,9,631099,0,0,0,0,0,0,0,0,0
200805,18,081,2,3,Johnson County                ,54,54,10268425,0,0,0,1,4,250000,0,0,0,52,52,10037287,0,0,0,1,4,250000,0,0,0
200805,18,087,2,3,Lagrange County               ,13,13,2081343,0,0,0,0,0,0,0,0,0,0,0,0,0,0,0,0,0,0,0,0,0
200805,18,089,2,3,Lake County                   ,59,59,14350931,4,8,799431,1,4,328000,0,0,0,40,40,10166953,3,6,534000,1,4,328000,0,0,0
200805,18,097,2,3,Marion County                 ,89,89,17687117,1,2,250000,1,4,600000,14,220,13307525,89,89,17687117,1,2,250000,1,4,600000,14,220,13307525
200805,18,105,2,3,Monroe County                 ,26,26,4189807,4,8,786004,0,0,0,0,0,0,26,26,4189807,4,8,786004,0,0,0,0,0,0
200805,18,109,2,3,Morgan County                 ,8,8,1385845,0,0,0,0,0,0,0,0,0,0,0,0,0,0,0,0,0,0,0,0,0
200805,18,111,2,3,Newton County                 ,9,9,1282333,0,0,0,0,0,0,0,0,0,8,8,1144000,0,0,0,0,0,0,0,0,0
200805,18,115,2,3,Ohio County                   ,3,3,452000,0,0,0,0,0,0,0,0,0,3,3,452000,0,0,0,0,0,0,0,0,0
200805,18,125,2,3,Pike County                   ,3,3,240000,0,0,0,0,0,0,0,0,0,3,3,240000,0,0,0,0,0,0,0,0,0
200805,18,127,2,3,Porter County                 ,48,48,11995751,1,2,300000,1,4,250000,1,8,750000,47,47,11880478,1,2,300000,1,4,250000,1,8,750000
200805,18,133,2,3,Putnam County                 ,6,6,1165148,0,0,0,0,0,0,0,0,0,1,1,200000,0,0,0,0,0,0,0,0,0
200805,18,145,2,3,Shelby County                 ,8,8,1423850,0,0,0,0,0,0,0,0,0,8,8,1423850,0,0,0,0,0,0,0,0,0
200805,18,155,2,3,Switzerland County            ,8,8,466129,0,0,0,0,0,0,0,0,0,0,0,0,0,0,0,0,0,0,0,0,0
200805,18,157,2,3,Tippecanoe County             ,60,60,10509067,0,0,0,0,0,0,0,0,0,54,54,9837497,0,0,0,0,0,0,0,0,0
200805,18,163,2,3,Vanderburgh County            ,25,25,3224853,1,2,270000,0,0,0,2,10,1881298,0,0,0,0,0,0,0,0,0,0,0,0
200805,18,167,2,3,Vigo County                   ,18,18,2896996,0,0,0,2,6,200000,0,0,0,18,18,2896996,0,0,0,2,6,200000,0,0,0
200805,18,175,2,3,Washington County             ,3,3,441143,0,0,0,0,0,0,0,0,0,1,1,140000,0,0,0,0,0,0,0,0,0
200805,18,179,2,3,Wells County                  ,5,5,1015391,0,0,0,0,0,0,0,0,0,5,5,1015391,0,0,0,0,0,0,0,0,0
200805,18,181,2,3,White County                  ,7,7,1225205,0,0,0,0,0,0,0,0,0,0,0,0,0,0,0,0,0,0,0,0,0
200805,18,183,2,3,Whitley County                ,15,15,3046174,0,0,0,0,0,0,0,0,0,15,15,3046174,0,0,0,0,0,0,0,0,0
200805,19,049,2,4,Dallas County                 ,28,28,7542839,1,2,180000,0,0,0,0,0,0,27,27,7395339,0,0,0,0,0,0,0,0,0
200805,19,077,2,4,Guthrie County                ,0,0,0,0,0,0,0,0,0,0,0,0,0,0,0,0,0,0,0,0,0,0,0,0
200805,19,085,2,4,Harrison County               ,2,2,453078,0,0,0,0,0,0,0,0,0,2,2,453078,0,0,0,0,0,0,0,0,0
200805,19,121,2,4,Madison County                ,5,5,900197,0,0,0,1,4,250000,0,0,0,1,1,167000,0,0,0,1,4,250000,0,0,0
200805,19,129,2,4,Mills County                  ,1,1,110000,0,0,0,0,0,0,0,0,0,1,1,110000,0,0,0,0,0,0,0,0,0
200805,19,153,2,4,Polk County                   ,163,163,32859010,0,0,0,0,0,0,0,0,0,148,148,30582489,0,0,0,0,0,0,0,0,0
200805,19,155,2,4,Pottawattamie County          ,23,23,3517710,1,2,159669,0,0,0,0,0,0,23,23,3517710,1,2,159669,0,0,0,0,0,0
200805,19,181,2,4,Warren County                 ,32,32,5808656,0,0,0,0,0,0,0,0,0,31,31,5616901,0,0,0,0,0,0,0,0,0
200805,20,055,2,4,Finney County                 ,3,3,624880,0,0,0,0,0,0,0,0,0,3,3,624880,0,0,0,0,0,0,0,0,0
200805,20,059,2,4,Franklin County               ,3,3,484989,0,0,0,0,0,0,0,0,0,2,2,305000,0,0,0,0,0,0,0,0,0
200805,20,063,2,4,Gove County                   ,0,0,0,0,0,0,0,0,0,0,0,0,0,0,0,0,0,0,0,0,0,0,0,0
200805,20,091,2,4,Johnson County                ,95,95,27303221,0,0,0,0,0,0,2,20,1394417,55,55,18463158,0,0,0,0,0,0,0,0,0
200805,20,103,2,4,Leavenworth County            ,27,27,4775102,0,0,0,0,0,0,0,0,0,8,8,1551064,0,0,0,0,0,0,0,0,0
200805,20,107,2,4,Linn County                   ,3,3,372790,0,0,0,0,0,0,0,0,0,1,1,90000,0,0,0,0,0,0,0,0,0
200805,20,121,2,4,Miami County                  ,4,4,863279,0,0,0,0,0,0,0,0,0,1,1,161720,0,0,0,0,0,0,0,0,0
200805,20,129,2,4,Morton County                 ,0,0,0,0,0,0,0,0,0,0,0,0,0,0,0,0,0,0,0,0,0,0,0,0
200805,20,151,2,4,Pratt County                  ,2,2,425000,0,0,0,0,0,0,0,0,0,2,2,425000,0,0,0,0,0,0,0,0,0
200805,20,183,2,4,Smith County                  ,0,0,0,0,0,0,0,0,0,0,0,0,0,0,0,0,0,0,0,0,0,0,0,0
200805,20,209,2,4,Wyandotte County              ,21,21,2983781,1,2,160000,0,0,0,0,0,0,21,21,2983781,1,2,160000,0,0,0,0,0,0
200805,21,005,3,6,Anderson County               ,5,5,541900,0,0,0,0,0,0,0,0,0,5,5,541900,0,0,0,0,0,0,0,0,0
200805,21,015,3,6,Boone County                  ,95,95,16761791,0,0,0,0,0,0,2,48,2800000,95,95,16761791,0,0,0,0,0,0,2,48,2800000
200805,21,021,3,6,Boyle County                  ,6,6,2110000,0,0,0,0,0,0,0,0,0,6,6,2110000,0,0,0,0,0,0,0,0,0
200805,21,029,3,6,Bullitt County                ,25,25,4335029,0,0,0,0,0,0,1,5,243571,0,0,0,0,0,0,0,0,0,0,0,0
200805,21,037,3,6,Campbell County               ,16,16,2577383,0,0,0,0,0,0,1,14,900000,11,11,1693287,0,0,0,0,0,0,1,14,900000
200805,21,049,3,6,Clark County                  ,8,8,1366949,0,0,0,0,0,0,0,0,0,0,0,0,0,0,0,0,0,0,0,0,0
200805,21,059,3,6,Daviess County                ,19,19,1695233,0,0,0,2,8,475650,2,34,2800000,19,19,1695233,0,0,0,2,8,475650,2,34,2800000
200805,21,067,3,6,Fayette County                ,73,73,11469193,0,0,0,1,3,324738,1,5,429028,0,0,0,0,0,0,0,0,0,0,0,0
200805,21,077,3,6,Gallatin County               ,3,3,141155,0,0,0,0,0,0,0,0,0,3,3,141155,0,0,0,0,0,0,0,0,0
200805,21,081,3,6,Grant County                  ,8,8,1127000,0,0,0,0,0,0,0,0,0,8,8,1127000,0,0,0,0,0,0,0,0,0
200805,21,103,3,6,Henry County                  ,4,4,608000,0,0,0,0,0,0,0,0,0,4,4,608000,0,0,0,0,0,0,0,0,0
200805,21,111,3,6,Jefferson County              ,87,87,14918007,0,0,0,0,0,0,0,0,0,87,87,14918007,0,0,0,0,0,0,0,0,0
200805,21,113,3,6,Jessamine County              ,15,15,4226014,1,2,120000,0,0,0,0,0,0,5,5,3169456,0,0,0,0,0,0,0,0,0
200805,21,117,3,6,Kenton County                 ,44,44,5408322,0,0,0,0,0,0,2,10,348084,32,32,3906575,0,0,0,0,0,0,0,0,0
200805,21,137,3,6,Lincoln County                ,4,4,710189,0,0,0,0,0,0,0,0,0,4,4,710189,0,0,0,0,0,0,0,0,0
200805,21,151,3,6,Madison County                ,18,18,1584662,1,2,129439,0,0,0,1,5,168572,5,5,450000,0,0,0,0,0,0,0,0,0
200805,21,157,3,6,Marshall County               ,1,1,121209,0,0,0,0,0,0,0,0,0,0,0,0,0,0,0,0,0,0,0,0,0
200805,21,163,3,6,Meade County                  ,8,8,947839,0,0,0,0,0,0,1,5,237500,0,0,0,0,0,0,0,0,0,0,0,0
200805,21,167,3,6,Mercer County                 ,3,3,662000,0,0,0,1,4,210000,0,0,0,3,3,662000,0,0,0,1,4,210000,0,0,0
200805,21,179,3,6,Nelson County                 ,14,14,1810091,0,0,0,0,0,0,0,0,0,0,0,0,0,0,0,0,0,0,0,0,0
200805,21,185,3,6,Oldham County                 ,21,21,5434211,0,0,0,0,0,0,0,0,0,0,0,0,0,0,0,0,0,0,0,0,0
200805,21,191,3,6,Pendleton County              ,0,0,0,0,0,0,0,0,0,0,0,0,0,0,0,0,0,0,0,0,0,0,0,0
200805,21,205,3,6,Rowan County                  ,0,0,0,0,0,0,1,3,84375,0,0,0,0,0,0,0,0,0,0,0,0,0,0,0
200805,21,209,3,6,Scott County                  ,37,37,5164644,0,0,0,0,0,0,0,0,0,37,37,5164644,0,0,0,0,0,0,0,0,0
200805,21,211,3,6,Shelby County                 ,18,18,2934000,0,0,0,0,0,0,0,0,0,18,18,2934000,0,0,0,0,0,0,0,0,0
200805,21,213,3,6,Simpson County                ,4,4,574918,0,0,0,0,0,0,0,0,0,0,0,0,0,0,0,0,0,0,0,0,0
200805,21,215,3,6,Spencer County                ,15,15,2646599,0,0,0,0,0,0,0,0,0,15,15,2646599,0,0,0,0,0,0,0,0,0
200805,21,221,3,6,Trigg County                  ,0,0,0,0,0,0,0,0,0,0,0,0,0,0,0,0,0,0,0,0,0,0,0,0
200805,21,239,3,6,Woodford County               ,11,11,2255900,0,0,0,0,0,0,0,0,0,11,11,2255900,0,0,0,0,0,0,0,0,0
200805,22,009,3,7,Avoyelles Parish              ,5,5,563102,0,0,0,0,0,0,0,0,0,0,0,0,0,0,0,0,0,0,0,0,0
200805,22,039,3,7,Evangeline Parish             ,5,5,848909,0,0,0,0,0,0,0,0,0,0,0,0,0,0,0,0,0,0,0,0,0
200805,22,051,3,7,Jefferson Parish              ,38,38,5548960,0,0,0,0,0,0,0,0,0,38,38,5548960,0,0,0,0,0,0,0,0,0
200805,22,071,3,7,Orleans Parish                ,84,84,13248838,12,24,1849000,1,3,160000,8,276,16007000,84,84,13248838,12,24,1849000,1,3,160000,8,276,16007000
200805,22,075,3,7,Plaquemines Parish            ,8,8,572830,0,0,0,0,0,0,0,0,0,8,8,572830,0,0,0,0,0,0,0,0,0
200805,22,077,3,7,Pointe Coupee Parish          ,6,6,1149115,0,0,0,0,0,0,0,0,0,6,6,1149115,0,0,0,0,0,0,0,0,0
200805,22,087,3,7,St. Bernard Parish            ,12,12,1635960,0,0,0,0,0,0,0,0,0,12,12,1635960,0,0,0,0,0,0,0,0,0
200805,22,089,3,7,St. Charles Parish            ,7,7,1607743,0,0,0,0,0,0,0,0,0,0,0,0,0,0,0,0,0,0,0,0,0
200805,22,091,3,7,St. Helena Parish             ,2,2,254318,0,0,0,0,0,0,0,0,0,0,0,0,0,0,0,0,0,0,0,0,0
200805,22,095,3,7,St. John the Baptist Parish   ,12,12,1844252,0,0,0,0,0,0,0,0,0,12,12,1844252,0,0,0,0,0,0,0,0,0
200805,22,103,3,7,St. Tammany Parish            ,68,68,15172025,2,4,240000,0,0,0,0,0,0,64,64,14385210,2,4,240000,0,0,0,0,0,0
200805,22,109,3,7,Terrebonne Parish             ,34,34,8736549,0,0,0,0,0,0,0,0,0,34,34,8736549,0,0,0,0,0,0,0,0,0
200805,22,117,3,7,Washington Parish             ,14,14,1732380,0,0,0,0,0,0,0,0,0,14,14,1732380,0,0,0,0,0,0,0,0,0
200805,23,000,1,1,Maine Unorganized Territory   ,11,11,1460802,0,0,0,0,0,0,0,0,0,0,0,0,0,0,0,0,0,0,0,0,0
200805,24,003,3,5,Anne Arundel County           ,100,100,17848255,0,0,0,0,0,0,0,0,0,98,98,17291111,0,0,0,0,0,0,0,0,0
200805,24,005,3,5,Baltimore County              ,48,48,8469116,0,0,0,0,0,0,1,16,3000000,48,48,8469116,0,0,0,0,0,0,1,16,3000000
200805,24,009,3,5,Calvert County                ,18,18,3175918,0,0,0,0,0,0,0,0,0,18,18,3175918,0,0,0,0,0,0,0,0,0
200805,24,013,3,5,Carroll County                ,21,21,3705238,0,0,0,0,0,0,0,0,0,21,21,3705238,0,0,0,0,0,0,0,0,0
200805,24,015,3,5,Cecil County                  ,21,21,3339923,0,0,0,0,0,0,1,6,782774,4,4,260000,0,0,0,0,0,0,0,0,0
200805,24,017,3,5,Charles County                ,40,40,6971185,0,0,0,0,0,0,1,5,600000,36,36,6351837,0,0,0,0,0,0,0,0,0
200805,24,021,3,5,Frederick County              ,39,39,6872937,0,0,0,0,0,0,0,0,0,39,39,6872937,0,0,0,0,0,0,0,0,0
200805,24,023,3,5,Garrett County                ,17,17,2969046,0,0,0,0,0,0,0,0,0,17,17,2969046,0,0,0,0,0,0,0,0,0
200805,24,025,3,5,Harford County                ,46,46,8190234,0,0,0,0,0,0,0,0,0,40,40,7057596,0,0,0,0,0,0,0,0,0
200805,24,027,3,5,Howard County                 ,68,68,11997914,0,0,0,0,0,0,0,0,0,68,68,11997914,0,0,0,0,0,0,0,0,0
200805,24,031,3,5,Montgomery County             ,86,86,20256442,0,0,0,0,0,0,2,306,58700391,82,82,19572497,0,0,0,0,0,0,1,301,58000000
200805,24,033,3,5,Prince George County          ,54,54,8559704,0,0,0,0,0,0,1,24,1847682,49,49,7312700,0,0,0,0,0,0,0,0,0
200805,24,035,3,5,Queen Anne County             ,11,11,1817666,0,0,0,0,0,0,0,0,0,11,11,1817666,0,0,0,0,0,0,0,0,0
200805,24,510,3,5,Baltimore (Independent City)  ,12,12,1827600,0,0,0,0,0,0,1,6,555037,0,0,0,0,0,0,0,0,0,0,0,0
200805,25,009,1,1,Essex County                  ,58,58,13769254,1,2,150000,0,0,0,4,34,3004263,36,36,7329540,1,2,150000,0,0,0,0,0,0
200805,25,017,1,1,Middlesex County              ,129,129,30816997,1,2,140000,0,0,0,6,98,21000048,90,90,22779449,0,0,0,0,0,0,0,0,0
200805,25,019,1,1,Nantucket County              ,2,2,850000,0,0,0,0,0,0,0,0,0,2,2,850000,0,0,0,0,0,0,0,0,0
200805,25,021,1,1,Norfolk County                ,46,46,16129344,2,4,575000,0,0,0,16,182,21321479,33,33,11773161,2,4,575000,0,0,0,8,95,13388000
200805,25,023,1,1,Plymouth County               ,59,59,12021535,0,0,0,0,0,0,1,10,718000,27,27,5811803,0,0,0,0,0,0,1,10,718000
200805,25,025,1,1,Suffolk County                ,1,1,155914,5,10,1750941,4,15,4350000,12,135,35445000,0,0,0,4,8,1526018,4,15,4350000,12,135,35445000
200805,26,000,2,3,Michigan Balance of State     ,4,4,945350,0,0,0,0,0,0,0,0,0,4,4,945350,0,0,0,0,0,0,0,0,0
200805,26,001,2,3,Alcona County                 ,9,9,865000,0,0,0,0,0,0,0,0,0,9,9,865000,0,0,0,0,0,0,0,0,0
200805,26,009,2,3,Antrim County                 ,6,6,829378,0,0,0,0,0,0,0,0,0,6,6,829378,0,0,0,0,0,0,0,0,0
200805,26,015,2,3,Barry County                  ,11,11,1226881,0,0,0,0,0,0,0,0,0,0,0,0,0,0,0,0,0,0,0,0,0
200805,26,019,2,3,Benzie County                 ,11,11,1235000,0,0,0,0,0,0,0,0,0,11,11,1235000,0,0,0,0,0,0,0,0,0
200805,26,029,2,3,Charlevoix County             ,12,12,1800000,0,0,0,1,3,750000,0,0,0,0,0,0,0,0,0,0,0,0,0,0,0
200805,26,031,2,3,Cheboygan County              ,5,5,684500,0,0,0,0,0,0,0,0,0,5,5,684500,0,0,0,0,0,0,0,0,0
200805,26,047,2,3,Emmet County                  ,7,7,2370677,0,0,0,0,0,0,0,0,0,7,7,2370677,0,0,0,0,0,0,0,0,0
200805,26,051,2,3,Gladwin County                ,5,5,805732,0,0,0,0,0,0,0,0,0,5,5,805732,0,0,0,0,0,0,0,0,0
200805,26,067,2,3,Ionia County                  ,11,11,1669550,0,0,0,0,0,0,1,5,422672,1,1,100000,0,0,0,0,0,0,0,0,0
200805,26,079,2,3,Kalkaska County               ,10,10,1571300,0,0,0,0,0,0,0,0,0,10,10,1571300,0,0,0,0,0,0,0,0,0
200805,26,081,2,3,Kent County                   ,86,86,15872580,1,2,126061,1,3,226136,2,30,2720845,67,67,13795158,0,0,0,0,0,0,1,24,2063954
200805,26,087,2,3,Lapeer County                 ,9,9,1788691,0,0,0,0,0,0,0,0,0,9,9,1788691,0,0,0,0,0,0,0,0,0
200805,26,089,2,3,Leelanau County               ,11,11,2856878,0,0,0,0,0,0,0,0,0,11,11,2856878,0,0,0,0,0,0,0,0,0
200805,26,093,2,3,Livingston County             ,21,21,5330137,0,0,0,0,0,0,1,10,1564960,19,19,5126193,0,0,0,0,0,0,1,10,1564960
200805,26,099,2,3,Macomb County                 ,33,33,7503927,0,0,0,0,0,0,0,0,0,28,28,6918962,0,0,0,0,0,0,0,0,0
200805,26,103,2,3,Marquette County              ,22,22,3287000,1,2,350000,0,0,0,0,0,0,22,22,3287000,1,2,350000,0,0,0,0,0,0
200805,26,113,2,3,Missaukee County              ,4,4,610672,0,0,0,0,0,0,0,0,0,0,0,0,0,0,0,0,0,0,0,0,0
200805,26,123,2,3,Newaygo County                ,6,6,709785,0,0,0,0,0,0,0,0,0,4,4,365000,0,0,0,0,0,0,0,0,0
200805,26,125,2,3,Oakland County                ,83,83,17314544,0,0,0,1,3,238365,0,0,0,56,56,10869202,0,0,0,0,0,0,0,0,0
200805,26,129,2,3,Ogemaw County                 ,9,9,1016500,0,0,0,0,0,0,0,0,0,9,9,1016500,0,0,0,0,0,0,0,0,0
200805,26,133,2,3,Osceola County                ,6,6,645344,0,0,0,0,0,0,0,0,0,0,0,0,0,0,0,0,0,0,0,0,0
200805,26,137,2,3,Otsego County                 ,6,6,1407902,0,0,0,0,0,0,0,0,0,0,0,0,0,0,0,0,0,0,0,0,0
200805,26,141,2,3,Presque Isle County           ,5,5,865000,0,0,0,0,0,0,0,0,0,5,5,865000,0,0,0,0,0,0,0,0,0
200805,26,147,2,3,St. Clair County              ,11,11,1771045,0,0,0,0,0,0,0,0,0,5,5,813168,0,0,0,0,0,0,0,0,0
200805,26,163,2,3,Wayne County                  ,62,62,12598147,0,0,0,1,4,300000,2,94,8413123,56,56,11714959,0,0,0,1,4,300000,2,94,8413123
200805,27,003,2,4,Anoka County                  ,131,131,11185458,0,0,0,1,4,456567,0,0,0,121,121,9136838,0,0,0,1,4,456567,0,0,0
200805,27,019,2,4,Carver County                 ,14,14,3659963,0,0,0,0,0,0,0,0,0,11,11,3044886,0,0,0,0,0,0,0,0,0
200805,27,025,2,4,Chisago County                ,9,9,1423679,0,0,0,0,0,0,1,32,2595000,3,3,590841,0,0,0,0,0,0,1,32,2595000
200805,27,037,2,4,Dakota County                 ,44,44,11562849,0,0,0,0,0,0,3,18,1644026,15,15,4196778,0,0,0,0,0,0,1,8,747918
200805,27,053,2,4,Hennepin County               ,129,129,39500620,1,2,275000,2,8,1561000,2,19,2868315,113,113,31619051,1,2,275000,2,8,1561000,1,10,1857860
200805,27,059,2,4,Isanti County                 ,6,6,910551,0,0,0,0,0,0,0,0,0,2,2,300000,0,0,0,0,0,0,0,0,0
200805,27,123,2,4,Ramsey County                 ,10,10,2688803,0,0,0,0,0,0,1,5,695000,6,6,1404235,0,0,0,0,0,0,0,0,0
200805,27,139,2,4,Scott County                  ,53,53,9829669,0,0,0,0,0,0,0,0,0,50,50,9219281,0,0,0,0,0,0,0,0,0
200805,27,141,2,4,Sherburne County              ,14,14,2557201,0,0,0,0,0,0,0,0,0,6,6,1122043,0,0,0,0,0,0,0,0,0
200805,27,163,2,4,Washington County             ,63,63,17899931,0,0,0,1,4,404000,0,0,0,55,55,15293895,0,0,0,1,4,404000,0,0,0
200805,27,171,2,4,Wright County                 ,30,30,6590289,0,0,0,0,0,0,0,0,0,22,22,5003776,0,0,0,0,0,0,0,0,0
200805,28,021,3,6,Claiborne County              ,0,0,0,0,0,0,0,0,0,0,0,0,0,0,0,0,0,0,0,0,0,0,0,0
200805,28,033,3,6,DeSoto County                 ,63,63,7640137,0,0,0,0,0,0,0,0,0,22,22,2503160,0,0,0,0,0,0,0,0,0
200805,28,039,3,6,George County                 ,1,1,110000,0,0,0,0,0,0,0,0,0,1,1,110000,0,0,0,0,0,0,0,0,0
200805,28,071,3,6,Lafayette County              ,50,50,4147260,0,0,0,0,0,0,0,0,0,50,50,4147260,0,0,0,0,0,0,0,0,0
200805,28,091,3,6,Marion County                 ,1,1,60000,0,0,0,0,0,0,0,0,0,1,1,60000,0,0,0,0,0,0,0,0,0
200805,28,093,3,6,Marshall County               ,15,15,2319578,0,0,0,0,0,0,0,0,0,2,2,206000,0,0,0,0,0,0,0,0,0
200805,28,137,3,6,Tate County                   ,8,8,717658,0,0,0,0,0,0,0,0,0,1,1,90000,0,0,0,0,0,0,0,0,0
200805,28,143,3,6,Tunica County                 ,1,1,80403,0,0,0,0,0,0,0,0,0,0,0,0,0,0,0,0,0,0,0,0,0
200805,28,153,3,6,Wayne County                  ,0,0,0,0,0,0,0,0,0,0,0,0,0,0,0,0,0,0,0,0,0,0,0,0
200805,29,001,2,4,Adair County                  ,2,2,1187692,0,0,0,0,0,0,0,0,0,2,2,1187692,0,0,0,0,0,0,0,0,0
200805,29,013,2,4,Bates County                  ,0,0,0,1,2,130000,0,0,0,0,0,0,0,0,0,1,2,130000,0,0,0,0,0,0
200805,29,019,2,4,Boone County                  ,74,74,11631165,0,0,0,0,0,0,0,0,0,74,74,11631165,0,0,0,0,0,0,0,0,0
200805,29,025,2,4,Caldwell County               ,1,1,195164,0,0,0,0,0,0,0,0,0,0,0,0,0,0,0,0,0,0,0,0,0
200805,29,037,2,4,Cass County                   ,20,20,3619012,0,0,0,0,0,0,5,64,5035400,8,8,1787300,0,0,0,0,0,0,5,64,5035400
200805,29,047,2,4,Clay County                   ,14,14,2895288,0,0,0,0,0,0,0,0,0,14,14,2895288,0,0,0,0,0,0,0,0,0
200805,29,049,2,4,Clinton County                ,5,5,853057,0,0,0,0,0,0,0,0,0,0,0,0,0,0,0,0,0,0,0,0,0
200805,29,065,2,4,Dent County                   ,1,1,180000,0,0,0,0,0,0,0,0,0,1,1,180000,0,0,0,0,0,0,0,0,0
200805,29,071,2,4,Franklin County               ,39,39,6590108,0,0,0,0,0,0,0,0,0,22,22,2789344,0,0,0,0,0,0,0,0,0
200805,29,079,2,4,Grundy County                 ,1,1,250000,0,0,0,0,0,0,0,0,0,1,1,250000,0,0,0,0,0,0,0,0,0
200805,29,095,2,4,Jackson County                ,46,46,9268386,0,0,0,3,12,840500,7,75,3814228,43,43,8929453,0,0,0,3,12,840500,7,75,3814228
200805,29,099,2,4,Jefferson County              ,74,74,10372426,2,4,458890,2,8,515240,0,0,0,74,74,10372426,2,4,458890,2,8,515240,0,0,0
200805,29,105,2,4,Laclede County                ,3,3,299322,0,0,0,0,0,0,0,0,0,0,0,0,0,0,0,0,0,0,0,0,0
200805,29,107,2,4,Lafayette County              ,5,5,915656,0,0,0,0,0,0,0,0,0,0,0,0,0,0,0,0,0,0,0,0,0
200805,29,113,2,4,Lincoln County                ,5,5,803000,0,0,0,0,0,0,0,0,0,5,5,803000,0,0,0,0,0,0,0,0,0
200805,29,141,2,4,Morgan County                 ,0,0,0,0,0,0,0,0,0,0,0,0,0,0,0,0,0,0,0,0,0,0,0,0
200805,29,161,2,4,Phelps County                 ,1,1,179175,0,0,0,0,0,0,0,0,0,1,1,179175,0,0,0,0,0,0,0,0,0
200805,29,165,2,4,Platte County                 ,15,15,5415551,0,0,0,0,0,0,0,0,0,15,15,5415551,0,0,0,0,0,0,0,0,0
200805,29,177,2,4,Ray County                    ,4,4,703022,0,0,0,0,0,0,0,0,0,1,1,200000,0,0,0,0,0,0,0,0,0
200805,29,183,2,4,St. Charles County            ,114,114,26296091,1,2,324603,0,0,0,1,12,1138218,114,114,26296091,1,2,324603,0,0,0,1,12,1138218
200805,29,189,2,4,St. Louis County              ,65,65,26439021,0,0,0,0,0,0,0,0,0,54,54,22794392,0,0,0,0,0,0,0,0,0
200805,29,219,2,4,Warren County                 ,20,20,3484151,0,0,0,0,0,0,0,0,0,15,15,2673940,0,0,0,0,0,0,0,0,0
200805,29,221,2,4,Washington County             ,0,0,0,0,0,0,0,0,0,0,0,0,0,0,0,0,0,0,0,0,0,0,0,0
200805,29,510,2,4,St. Louis (Independent City)  ,17,17,2256586,0,0,0,1,3,326350,1,10,1224227,0,0,0,0,0,0,0,0,0,0,0,0
200805,30,023,4,8,Deer Lodge County             ,2,2,323934,0,0,0,0,0,0,0,0,0,0,0,0,0,0,0,0,0,0,0,0,0
200805,30,063,4,8,Missoula County               ,37,37,6335351,0,0,0,0,0,0,1,35,1677552,37,37,6335351,0,0,0,0,0,0,1,35,1677552
200805,31,025,2,4,Cass County                   ,10,10,1278771,0,0,0,0,0,0,0,0,0,10,10,1278771,0,0,0,0,0,0,0,0,0
200805,31,033,2,4,Cheyenne County               ,4,4,766166,0,0,0,0,0,0,0,0,0,4,4,766166,0,0,0,0,0,0,0,0,0
200805,31,055,2,4,Douglas County                ,190,190,17972558,3,6,408466,0,0,0,1,40,6608916,190,190,17972558,3,6,408466,0,0,0,1,40,6608916
200805,31,077,2,4,Greeley County                ,0,0,0,0,0,0,0,0,0,0,0,0,0,0,0,0,0,0,0,0,0,0,0,0
200805,31,105,2,4,Kimball County                ,0,0,0,0,0,0,0,0,0,0,0,0,0,0,0,0,0,0,0,0,0,0,0,0
200805,31,153,2,4,Sarpy County                  ,105,105,23312171,0,0,0,0,0,0,0,0,0,83,83,19207019,0,0,0,0,0,0,0,0,0
200805,31,155,2,4,Saunders County               ,7,7,1104076,0,0,0,0,0,0,0,0,0,6,6,962007,0,0,0,0,0,0,0,0,0
200805,31,177,2,4,Washington County             ,9,9,1281480,0,0,0,0,0,0,0,0,0,9,9,1281480,0,0,0,0,0,0,0,0,0
200805,32,001,4,8,Churchill County              ,23,23,1828706,0,0,0,0,0,0,0,0,0,20,20,1262879,0,0,0,0,0,0,0,0,0
200805,32,003,4,8,Clark County                  ,766,766,112577938,2,4,346813,4,14,1777186,31,360,33824385,765,765,112344773,2,4,346813,4,14,1777186,31,360,33824385
200805,32,005,4,8,Douglas County                ,10,10,3300688,0,0,0,0,0,0,1,5,456860,0,0,0,0,0,0,0,0,0,0,0,0
200805,32,007,4,8,Elko County                   ,11,11,1562111,0,0,0,0,0,0,0,0,0,8,8,1010083,0,0,0,0,0,0,0,0,0
200805,32,013,4,8,Humboldt County               ,3,3,399169,0,0,0,0,0,0,1,5,315365,1,1,144450,0,0,0,0,0,0,0,0,0
200805,32,015,4,8,Lander County                 ,0,0,0,0,0,0,0,0,0,0,0,0,0,0,0,0,0,0,0,0,0,0,0,0
200805,32,017,4,8,Lincoln County                ,3,3,517000,0,0,0,0,0,0,0,0,0,3,3,517000,0,0,0,0,0,0,0,0,0
200805,32,019,4,8,Lyon County                   ,6,6,1515781,0,0,0,0,0,0,0,0,0,6,6,1515781,0,0,0,0,0,0,0,0,0
200805,32,021,4,8,Mineral County                ,0,0,0,0,0,0,0,0,0,0,0,0,0,0,0,0,0,0,0,0,0,0,0,0
200805,32,027,4,8,Pershing County               ,0,0,0,0,0,0,0,0,0,0,0,0,0,0,0,0,0,0,0,0,0,0,0,0
200805,32,029,4,8,Storey County                 ,1,1,159000,0,0,0,0,0,0,0,0,0,1,1,159000,0,0,0,0,0,0,0,0,0
200805,32,031,4,8,Washoe County                 ,70,70,16839271,0,0,0,1,3,389547,2,17,1654111,14,14,4986875,0,0,0,0,0,0,1,12,1117000
200805,32,033,4,8,White Pine County             ,0,0,0,0,0,0,0,0,0,0,0,0,0,0,0,0,0,0,0,0,0,0,0,0
200805,32,510,4,8,Carson City (Independent City),1,1,400000,0,0,0,0,0,0,0,0,0,1,1,400000,0,0,0,0,0,0,0,0,0
200805,33,015,1,1,Rockingham County             ,37,37,10258170,1,2,300000,0,0,0,1,18,1407274,18,18,6282502,1,2,300000,0,0,0,0,0,0
200805,33,017,1,1,Strafford County              ,20,20,3633917,0,0,0,0,0,0,1,6,516101,6,6,852234,0,0,0,0,0,0,0,0,0
200805,34,001,1,2,Atlantic County               ,61,61,9142007,0,0,0,0,0,0,3,40,4590279,44,44,6755567,0,0,0,0,0,0,1,30,4201400
200805,34,003,1,2,Bergen County                 ,79,79,29246979,8,16,2486407,2,6,918000,6,218,24405912,42,42,19697570,6,12,2027500,2,6,918000,2,55,8060000
200805,34,005,1,2,Burlington County             ,71,71,11832691,0,0,0,0,0,0,1,9,448433,45,45,7675996,0,0,0,0,0,0,0,0,0
200805,34,007,1,2,Camden County                 ,25,25,2946044,0,0,0,0,0,0,4,37,1647402,6,6,633900,0,0,0,0,0,0,0,0,0
200805,34,009,1,2,Cape May County               ,22,22,5612322,0,0,0,1,4,729600,1,7,2393622,21,21,5557516,0,0,0,1,4,729600,1,7,2393622
200805,34,011,1,2,Cumberland County             ,36,36,4485323,0,0,0,0,0,0,1,5,453514,20,20,2631492,0,0,0,0,0,0,0,0,0
200805,34,013,1,2,Essex County                  ,38,38,10178704,2,4,306741,3,10,325585,6,95,4040151,24,24,8335225,1,2,169500,3,10,325585,3,80,2623200
200805,34,015,1,2,Gloucester County             ,66,66,11125325,0,0,0,0,0,0,0,0,0,56,56,9856058,0,0,0,0,0,0,0,0,0
200805,34,017,1,2,Hudson County                 ,7,7,1064024,6,12,1460196,1,3,439000,8,160,26019099,3,3,395634,5,10,1252700,1,3,439000,2,62,8620000
200805,34,019,1,2,Hunterdon County              ,13,13,3018651,0,0,0,0,0,0,1,5,211768,8,8,2235120,0,0,0,0,0,0,0,0,0
200805,34,021,1,2,Mercer County                 ,28,28,4603257,0,0,0,1,3,2000,2,51,4953438,10,10,2480900,0,0,0,1,3,2000,1,24,2330000
200805,34,023,1,2,Middlesex County              ,61,61,10279712,0,0,0,1,4,273835,5,61,4907322,47,47,8246078,0,0,0,0,0,0,0,0,0
200805,34,025,1,2,Monmouth County               ,56,56,16538214,1,2,600,0,0,0,5,91,13532802,25,25,9991568,1,2,600,0,0,0,2,55,8929400
200805,34,027,1,2,Morris County                 ,43,43,9907735,0,0,0,2,6,647000,13,73,3658952,18,18,4995101,0,0,0,1,3,89000,10,50,1860351
200805,34,029,1,2,Ocean County                  ,75,75,15111882,0,0,0,0,0,0,0,0,0,62,62,11224316,0,0,0,0,0,0,0,0,0
200805,34,031,1,2,Passaic County                ,16,16,3066997,3,6,385000,0,0,0,4,33,1630990,2,2,831816,3,6,385000,0,0,0,1,12,18000
200805,34,033,1,2,Salem County                  ,6,6,811766,0,0,0,0,0,0,0,0,0,5,5,645655,0,0,0,0,0,0,0,0,0
200805,34,035,1,2,Somerset County               ,27,27,5755757,0,0,0,0,0,0,4,28,2600909,17,17,4536231,0,0,0,0,0,0,0,0,0
200805,34,037,1,2,Sussex County                 ,17,17,3617490,0,0,0,0,0,0,1,94,5600000,8,8,1663475,0,0,0,0,0,0,1,94,5600000
200805,34,039,1,2,Union County                  ,26,26,5384704,4,8,537000,0,0,0,4,23,1343365,16,16,2593255,4,8,537000,0,0,0,0,0,0
200805,34,041,1,2,Warren County                 ,15,15,2793569,0,0,0,0,0,0,0,0,0,10,10,1958541,0,0,0,0,0,0,0,0,0
200805,35,000,4,8,New Mexico Balance of State   ,109,109,27249939,0,0,0,0,0,0,0,0,0,109,109,27249939,0,0,0,0,0,0,0,0,0
200805,35,001,4,8,Bernalillo County             ,136,136,25157228,0,0,0,1,3,422318,1,48,3680556,18,18,3105191,0,0,0,0,0,0,0,0,0
200805,35,005,4,8,Chaves County                 ,3,3,876273,0,0,0,0,0,0,0,0,0,2,2,700000,0,0,0,0,0,0,0,0,0
200805,35,007,4,8,Colfax County                 ,1,1,360752,0,0,0,0,0,0,0,0,0,0,0,0,0,0,0,0,0,0,0,0,0
200805,35,009,4,8,Curry County                  ,10,10,2056013,0,0,0,0,0,0,0,0,0,10,10,2056013,0,0,0,0,0,0,0,0,0
200805,35,013,4,8,Dona Ana County               ,101,101,16769046,0,0,0,0,0,0,0,0,0,101,101,16769046,0,0,0,0,0,0,0,0,0
200805,35,015,4,8,Eddy County                   ,6,6,1080567,0,0,0,0,0,0,0,0,0,6,6,1080567,0,0,0,0,0,0,0,0,0
200805,35,025,4,8,Lea County                    ,11,11,2467676,0,0,0,1,4,330000,0,0,0,11,11,2467676,0,0,0,1,4,330000,0,0,0
200805,35,027,4,8,Lincoln County                ,10,10,1747366,0,0,0,0,0,0,0,0,0,0,0,0,0,0,0,0,0,0,0,0,0
200805,35,028,4,8,Los Alamos County             ,2,2,1115440,0,0,0,0,0,0,0,0,0,2,2,1115440,0,0,0,0,0,0,0,0,0
200805,35,029,4,8,Luna County                   ,5,5,904461,0,0,0,0,0,0,0,0,0,0,0,0,0,0,0,0,0,0,0,0,0
200805,35,031,4,8,McKinley County               ,1,1,115000,0,0,0,0,0,0,0,0,0,1,1,115000,0,0,0,0,0,0,0,0,0
200805,35,035,4,8,Otero County                  ,12,12,2468840,0,0,0,0,0,0,0,0,0,2,2,217247,0,0,0,0,0,0,0,0,0
200805,35,039,4,8,Rio Arriba County             ,0,0,0,0,0,0,0,0,0,0,0,0,0,0,0,0,0,0,0,0,0,0,0,0
200805,35,041,4,8,Roosevelt County              ,2,2,278903,0,0,0,0,0,0,0,0,0,0,0,0,0,0,0,0,0,0,0,0,0
200805,35,043,4,8,Sandoval County               ,64,64,13428827,0,0,0,2,6,510455,0,0,0,0,0,0,0,0,0,0,0,0,0,0,0
200805,35,045,4,8,San Juan County               ,24,24,5045782,0,0,0,0,0,0,0,0,0,24,24,5045782,0,0,0,0,0,0,0,0,0
200805,35,049,4,8,Santa Fe County               ,16,16,2133006,0,0,0,0,0,0,0,0,0,0,0,0,0,0,0,0,0,0,0,0,0
200805,35,051,4,8,Sierra County                 ,1,1,150000,0,0,0,0,0,0,0,0,0,1,1,150000,0,0,0,0,0,0,0,0,0
200805,35,053,4,8,Socorro County                ,1,1,130000,0,0,0,0,0,0,0,0,0,1,1,130000,0,0,0,0,0,0,0,0,0
200805,35,055,4,8,Taos County                   ,13,13,1716697,0,0,0,0,0,0,0,0,0,0,0,0,0,0,0,0,0,0,0,0,0
200805,35,061,4,8,Valencia County               ,12,12,1474764,0,0,0,0,0,0,0,0,0,0,0,0,0,0,0,0,0,0,0,0,0
200805,36,005,1,2,Bronx County                  ,73,73,16077097,0,0,0,4,14,1421770,1,10,947420,73,73,16077097,0,0,0,4,14,1421770,1,10,947420
200805,36,047,1,2,Kings County                  ,0,0,0,3,6,637222,7,22,4773085,75,1388,131501896,0,0,0,3,6,637222,7,22,4773085,75,1388,131501896
200805,36,059,1,2,Nassau County                 ,52,52,19844156,0,0,0,0,0,0,3,115,12932768,45,45,16986556,0,0,0,0,0,0,2,110,12525000
200805,36,061,1,2,New York County               ,0,0,0,0,0,0,0,0,0,20,1157,109616494,0,0,0,0,0,0,0,0,0,20,1157,109616494
200805,36,079,1,2,Putnam County                 ,5,5,1776000,0,0,0,0,0,0,0,0,0,5,5,1776000,0,0,0,0,0,0,0,0,0
200805,36,081,1,2,Queens County                 ,11,11,2422576,18,36,3823333,5,15,1523325,34,1055,99952810,11,11,2422576,18,36,3823333,5,15,1523325,34,1055,99952810
200805,36,085,1,2,Richmond County               ,17,17,3743981,16,32,3398518,0,0,0,1,5,473710,17,17,3743981,16,32,3398518,0,0,0,1,5,473710
200805,36,087,1,2,Rockland County               ,19,19,2854785,0,0,0,0,0,0,2,11,1434402,15,15,2289295,0,0,0,0,0,0,0,0,0
200805,36,103,1,2,Suffolk County                ,96,96,31334870,0,0,0,0,0,0,0,0,0,43,43,12324860,0,0,0,0,0,0,0,0,0
200805,36,119,1,2,Westchester County            ,30,30,13058653,3,6,628134,1,3,250000,7,229,45121636,15,15,7145550,0,0,0,1,3,250000,5,76,7115350
200805,37,003,3,5,Alexander County              ,18,18,2692762,0,0,0,0,0,0,0,0,0,0,0,0,0,0,0,0,0,0,0,0,0
200805,37,007,3,5,Anson County                  ,5,5,1009625,0,0,0,0,0,0,0,0,0,5,5,1009625,0,0,0,0,0,0,0,0,0
200805,37,009,3,5,Ashe County                   ,25,25,5536962,0,0,0,0,0,0,0,0,0,0,0,0,0,0,0,0,0,0,0,0,0
200805,37,011,3,5,Avery County                  ,11,11,4478434,0,0,0,0,0,0,0,0,0,0,0,0,0,0,0,0,0,0,0,0,0
200805,37,019,3,5,Brunswick County              ,244,244,44613330,0,0,0,1,4,523701,1,6,763024,75,75,15131558,0,0,0,1,4,523701,1,6,763024
200805,37,025,3,5,Cabarrus County               ,113,113,18135085,0,0,0,0,0,0,0,0,0,113,113,18135085,0,0,0,0,0,0,0,0,0
200805,37,027,3,5,Caldwell County               ,19,19,3514018,0,0,0,0,0,0,0,0,0,0,0,0,0,0,0,0,0,0,0,0,0
200805,37,037,3,5,Chatham County                ,47,47,11711509,0,0,0,0,0,0,0,0,0,47,47,11711509,0,0,0,0,0,0,0,0,0
200805,37,039,3,5,Cherokee County               ,14,14,2492425,0,0,0,0,0,0,0,0,0,14,14,2492425,0,0,0,0,0,0,0,0,0
200805,37,049,3,5,Craven County                 ,36,36,3832192,0,0,0,0,0,0,0,0,0,10,10,1995600,0,0,0,0,0,0,0,0,0
200805,37,053,3,5,Currituck County              ,13,13,3533500,0,0,0,0,0,0,0,0,0,13,13,3533500,0,0,0,0,0,0,0,0,0
200805,37,059,3,5,Davie County                  ,15,15,2562769,0,0,0,0,0,0,0,0,0,0,0,0,0,0,0,0,0,0,0,0,0
200805,37,063,3,5,Durham County                 ,94,94,19645305,0,0,0,0,0,0,0,0,0,94,94,19645305,0,0,0,0,0,0,0,0,0
200805,37,067,3,5,Forsyth County                ,142,142,18398294,0,0,0,0,0,0,0,0,0,142,142,18398294,0,0,0,0,0,0,0,0,0
200805,37,069,3,5,Franklin County               ,35,35,6258308,0,0,0,0,0,0,0,0,0,35,35,6258308,0,0,0,0,0,0,0,0,0
200805,37,071,3,5,Gaston County                 ,73,73,14873071,1,2,220000,0,0,0,1,40,3540884,73,73,14873071,1,2,220000,0,0,0,1,40,3540884
200805,37,081,3,5,Guilford County               ,123,123,23224921,0,0,0,0,0,0,5,90,3774616,75,75,12089584,0,0,0,0,0,0,5,90,3774616
200805,37,089,3,5,Henderson County              ,42,42,11108077,0,0,0,0,0,0,0,0,0,42,42,11108077,0,0,0,0,0,0,0,0,0
200805,37,093,3,5,Hoke County                   ,45,45,7989624,0,0,0,0,0,0,0,0,0,45,45,7989624,0,0,0,0,0,0,0,0,0
200805,37,097,3,5,Iredell County                ,200,200,36249697,1,2,110342,0,0,0,1,24,1744305,0,0,0,0,0,0,0,0,0,0,0,0
200805,37,101,3,5,Johnston County               ,108,108,17212787,1,2,218850,0,0,0,0,0,0,0,0,0,0,0,0,0,0,0,0,0,0
200805,37,105,3,5,Lee County                    ,19,19,3047302,0,0,0,0,0,0,0,0,0,19,19,3047302,0,0,0,0,0,0,0,0,0
200805,37,109,3,5,Lincoln County                ,56,56,12557674,0,0,0,0,0,0,0,0,0,0,0,0,0,0,0,0,0,0,0,0,0
200805,37,113,3,5,Macon County                  ,23,23,7517149,0,0,0,0,0,0,0,0,0,23,23,7517149,0,0,0,0,0,0,0,0,0
200805,37,119,3,5,Mecklenburg County            ,278,278,49050294,0,0,0,11,35,3334653,12,466,43164098,278,278,49050294,0,0,0,11,35,3334653,12,466,43164098
200805,37,127,3,5,Nash County                   ,51,51,5755695,1,2,194286,0,0,0,0,0,0,37,37,4693452,0,0,0,0,0,0,0,0,0
200805,37,129,3,5,New Hanover County            ,60,60,14979141,1,2,238793,0,0,0,3,60,5555053,0,0,0,0,0,0,0,0,0,0,0,0
200805,37,135,3,5,Orange County                 ,46,46,11856307,0,0,0,0,0,0,0,0,0,46,46,11856307,0,0,0,0,0,0,0,0,0
200805,37,137,3,5,Pamlico County                ,10,10,3864600,0,0,0,0,0,0,0,0,0,10,10,3864600,0,0,0,0,0,0,0,0,0
200805,37,141,3,5,Pender County                 ,27,27,3468622,0,0,0,0,0,0,1,5,519975,27,27,3468622,0,0,0,0,0,0,0,0,0
200805,37,145,3,5,Person County                 ,12,12,2030000,0,0,0,0,0,0,0,0,0,12,12,2030000,0,0,0,0,0,0,0,0,0
200805,37,147,3,5,Pitt County                   ,75,75,11483528,0,0,0,0,0,0,0,0,0,74,74,11344300,0,0,0,0,0,0,0,0,0
200805,37,149,3,5,Polk County                   ,9,9,1657345,0,0,0,0,0,0,0,0,0,9,9,1657345,0,0,0,0,0,0,0,0,0
200805,37,151,3,5,Randolph County               ,24,24,4324508,0,0,0,0,0,0,0,0,0,17,17,3836802,0,0,0,0,0,0,0,0,0
200805,37,157,3,5,Rockingham County             ,19,19,3936804,0,0,0,0,0,0,0,0,0,1,1,435000,0,0,0,0,0,0,0,0,0
200805,37,159,3,5,Rowan County                  ,79,79,11556620,0,0,0,0,0,0,0,0,0,79,79,11556620,0,0,0,0,0,0,0,0,0
200805,37,163,3,5,Sampson County                ,4,4,711375,0,0,0,0,0,0,0,0,0,4,4,711375,0,0,0,0,0,0,0,0,0
200805,37,167,3,5,Stanly County                 ,20,20,2096815,0,0,0,0,0,0,1,5,267480,0,0,0,0,0,0,0,0,0,0,0,0
200805,37,171,3,5,Surry County                  ,13,13,2131981,0,0,0,0,0,0,0,0,0,0,0,0,0,0,0,0,0,0,0,0,0
200805,37,175,3,5,Transylvania County           ,16,16,5185672,0,0,0,0,0,0,0,0,0,0,0,0,0,0,0,0,0,0,0,0,0
200805,37,179,3,5,Union County                  ,143,143,28198543,0,0,0,0,0,0,0,0,0,129,129,24829015,0,0,0,0,0,0,0,0,0
200805,37,181,3,5,Vance County                  ,7,7,1128266,0,0,0,0,0,0,0,0,0,0,0,0,0,0,0,0,0,0,0,0,0
200805,37,183,3,5,Wake County                   ,563,563,132138823,0,0,0,0,0,0,0,0,0,531,531,125834852,0,0,0,0,0,0,0,0,0
200805,37,195,3,5,Wilson County                 ,28,28,4176661,2,4,243674,0,0,0,0,0,0,28,28,4176661,2,4,243674,0,0,0,0,0,0
200805,39,015,2,3,Brown County                  ,7,7,1090676,1,2,184333,3,9,872459,0,0,0,0,0,0,0,0,0,0,0,0,0,0,0
200805,39,017,2,3,Butler County                 ,57,57,10556534,0,0,0,0,0,0,0,0,0,49,49,9330080,0,0,0,0,0,0,0,0,0
200805,39,025,2,3,Clermont County               ,38,38,6756318,1,2,195000,0,0,0,1,10,420461,0,0,0,0,0,0,0,0,0,0,0,0
200805,39,035,2,3,Cuyahoga County               ,73,73,16667128,0,0,0,0,0,0,2,10,999069,39,39,10461048,0,0,0,0,0,0,0,0,0
200805,39,041,2,3,Delaware County               ,71,71,14713335,0,0,0,0,0,0,1,5,500000,63,63,12517545,0,0,0,0,0,0,0,0,0
200805,39,045,2,3,Fairfield County              ,26,26,5647668,0,0,0,0,0,0,0,0,0,19,19,4417322,0,0,0,0,0,0,0,0,0
200805,39,049,2,3,Franklin County               ,118,118,25249205,3,6,1435800,4,14,1154874,7,69,4026798,32,32,10081051,3,6,1435800,0,0,0,0,0,0
200805,39,055,2,3,Geauga County                 ,23,23,4670801,0,0,0,0,0,0,0,0,0,23,23,4670801,0,0,0,0,0,0,0,0,0
200805,39,061,2,3,Hamilton County               ,47,47,15686398,0,0,0,0,0,0,3,23,1569980,12,12,4460437,0,0,0,0,0,0,0,0,0
200805,39,085,2,3,Lake County                   ,34,34,7903390,1,2,300000,0,0,0,1,5,220000,13,13,2851622,0,0,0,0,0,0,0,0,0
200805,39,089,2,3,Licking County                ,21,21,4923836,0,0,0,0,0,0,1,5,438900,21,21,4923836,0,0,0,0,0,0,1,5,438900
200805,39,093,2,3,Lorain County                 ,70,70,16086142,0,0,0,0,0,0,0,0,0,59,59,13975866,0,0,0,0,0,0,0,0,0
200805,39,097,2,3,Madison County                ,5,5,864514,0,0,0,0,0,0,0,0,0,3,3,609235,0,0,0,0,0,0,0,0,0
200805,39,103,2,3,Medina County                 ,45,45,7157590,0,0,0,0,0,0,0,0,0,45,45,7157590,0,0,0,0,0,0,0,0,0
200805,39,117,2,3,Morrow County                 ,4,4,768020,0,0,0,0,0,0,0,0,0,0,0,0,0,0,0,0,0,0,0,0,0
200805,39,129,2,3,Pickaway County               ,7,7,1613643,0,0,0,0,0,0,0,0,0,7,7,1613643,0,0,0,0,0,0,0,0,0
200805,39,159,2,3,Union County                  ,10,10,2030783,0,0,0,0,0,0,0,0,0,10,10,2030783,0,0,0,0,0,0,0,0,0
200805,39,165,2,3,Warren County                 ,70,70,19245499,0,0,0,2,7,827705,0,0,0,64,64,18116107,0,0,0,2,7,827705,0,0,0
200805,39,169,2,3,Wayne County                  ,19,19,3717754,0,0,0,0,0,0,0,0,0,19,19,3717754,0,0,0,0,0,0,0,0,0
200805,40,017,3,7,Canadian County               ,20,20,4628283,0,0,0,0,0,0,0,0,0,15,15,3526500,0,0,0,0,0,0,0,0,0
200805,40,021,3,7,Cherokee County               ,6,6,740013,0,0,0,0,0,0,1,5,161364,0,0,0,0,0,0,0,0,0,0,0,0
200805,40,027,3,7,Cleveland County              ,75,75,13006084,0,0,0,0,0,0,0,0,0,72,72,12601725,0,0,0,0,0,0,0,0,0
200805,40,029,3,7,Coal County                   ,0,0,0,0,0,0,0,0,0,0,0,0,0,0,0,0,0,0,0,0,0,0,0,0
200805,40,037,3,7,Creek County                  ,7,7,844000,0,0,0,0,0,0,0,0,0,7,7,844000,0,0,0,0,0,0,0,0,0
200805,40,051,3,7,Grady County                  ,2,2,228209,0,0,0,0,0,0,0,0,0,1,1,140000,0,0,0,0,0,0,0,0,0
200805,40,081,3,7,Lincoln County                ,1,1,160000,6,12,1800000,0,0,0,0,0,0,1,1,160000,6,12,1800000,0,0,0,0,0,0
200805,40,083,3,7,Logan County                  ,4,4,420000,0,0,0,0,0,0,0,0,0,4,4,420000,0,0,0,0,0,0,0,0,0
200805,40,087,3,7,McClain County                ,13,13,1858478,0,0,0,0,0,0,0,0,0,0,0,0,0,0,0,0,0,0,0,0,0
200805,40,099,3,7,Murray County                 ,0,0,0,0,0,0,0,0,0,0,0,0,0,0,0,0,0,0,0,0,0,0,0,0
200805,40,109,3,7,Oklahoma County               ,234,234,44452318,2,4,316858,0,0,0,1,18,1012475,78,78,21784549,0,0,0,0,0,0,0,0,0
200805,40,111,3,7,Okmulgee County               ,0,0,0,0,0,0,0,0,0,0,0,0,0,0,0,0,0,0,0,0,0,0,0,0
200805,40,113,3,7,Osage County                  ,15,15,2146000,0,0,0,0,0,0,0,0,0,15,15,2146000,0,0,0,0,0,0,0,0,0
200805,40,117,3,7,Pawnee County                 ,0,0,0,0,0,0,0,0,0,0,0,0,0,0,0,0,0,0,0,0,0,0,0,0
200805,40,131,3,7,Rogers County                 ,47,47,5673973,0,0,0,0,0,0,0,0,0,47,47,5673973,0,0,0,0,0,0,0,0,0
200805,40,143,3,7,Tulsa County                  ,159,159,29388134,0,0,0,0,0,0,0,0,0,150,150,28486006,0,0,0,0,0,0,0,0,0
200805,40,145,3,7,Wagoner County                ,30,30,5448757,0,0,0,0,0,0,0,0,0,30,30,5448757,0,0,0,0,0,0,0,0,0
200805,41,000,4,9,Oregon Balance of State       ,13,13,2072562,0,0,0,0,0,0,0,0,0,0,0,0,0,0,0,0,0,0,0,0,0
200805,41,001,4,9,Baker County                  ,6,6,1443935,0,0,0,0,0,0,0,0,0,6,6,1443935,0,0,0,0,0,0,0,0,0
200805,41,005,4,9,Clackamas County              ,101,101,21621949,0,0,0,0,0,0,0,0,0,89,89,19056196,0,0,0,0,0,0,0,0,0
200805,41,009,4,9,Columbia County               ,6,6,1508377,0,0,0,0,0,0,0,0,0,0,0,0,0,0,0,0,0,0,0,0,0
200805,41,017,4,9,Deschutes County              ,68,68,16784202,0,0,0,0,0,0,1,53,6937945,65,65,16124161,0,0,0,0,0,0,1,53,6937945
200805,41,019,4,9,Douglas County                ,36,36,6090940,0,0,0,0,0,0,0,0,0,35,35,5872444,0,0,0,0,0,0,0,0,0
200805,41,025,4,9,Harney County                 ,2,2,414823,0,0,0,0,0,0,0,0,0,0,0,0,0,0,0,0,0,0,0,0,0
200805,41,033,4,9,Josephine County              ,19,19,3515342,0,0,0,0,0,0,0,0,0,9,9,1287098,0,0,0,0,0,0,0,0,0
200805,41,035,4,9,Klamath County                ,23,23,5429750,0,0,0,0,0,0,0,0,0,23,23,5429750,0,0,0,0,0,0,0,0,0
200805,41,045,4,9,Malheur County                ,3,3,905635,0,0,0,0,0,0,0,0,0,0,0,0,0,0,0,0,0,0,0,0,0
200805,41,051,4,9,Multnomah County              ,95,95,20613028,1,2,158378,0,0,0,1,354,47100000,95,95,20613028,1,2,158378,0,0,0,1,354,47100000
200805,41,059,4,9,Umatilla County               ,8,8,1273163,0,0,0,0,0,0,0,0,0,2,2,323289,0,0,0,0,0,0,0,0,0
200805,41,061,4,9,Union County                  ,4,4,885195,0,0,0,0,0,0,0,0,0,4,4,885195,0,0,0,0,0,0,0,0,0
200805,41,067,4,9,Washington County             ,135,135,31726886,0,0,0,0,0,0,1,13,1101120,134,134,31437695,0,0,0,0,0,0,1,13,1101120
200805,41,071,4,9,Yamhill County                ,28,28,6432404,0,0,0,0,0,0,0,0,0,28,28,6432404,0,0,0,0,0,0,0,0,0
200805,42,001,1,2,Adams County                  ,22,22,6638038,0,0,0,0,0,0,0,0,0,22,22,6638038,0,0,0,0,0,0,0,0,0
200805,42,003,1,2,Allegheny County              ,169,169,35730656,1,2,123000,0,0,0,1,6,264953,146,146,31259139,0,0,0,0,0,0,0,0,0
200805,42,005,1,2,Armstrong County              ,4,4,551833,0,0,0,0,0,0,0,0,0,1,1,166000,0,0,0,0,0,0,0,0,0
200805,42,007,1,2,Beaver County                 ,11,11,2121657,0,0,0,0,0,0,0,0,0,9,9,1753737,0,0,0,0,0,0,0,0,0
200805,42,017,1,2,Bucks County                  ,66,66,13701668,0,0,0,0,0,0,2,32,1872257,54,54,11283147,0,0,0,0,0,0,1,12,420000
200805,42,019,1,2,Butler County                 ,71,71,15686304,0,0,0,1,4,336000,0,0,0,65,65,14534314,0,0,0,1,4,336000,0,0,0
200805,42,025,1,2,Carbon County                 ,21,21,3330349,0,0,0,0,0,0,0,0,0,16,16,2457100,0,0,0,0,0,0,0,0,0
200805,42,029,1,2,Chester County                ,138,138,23025330,0,0,0,0,0,0,1,5,412500,106,106,18426879,0,0,0,0,0,0,0,0,0
200805,42,045,1,2,Delaware County               ,55,55,16127484,0,0,0,0,0,0,1,24,1450000,49,49,15049734,0,0,0,0,0,0,1,24,1450000
200805,42,051,1,2,Fayette County                ,6,6,990764,0,0,0,0,0,0,0,0,0,4,4,645000,0,0,0,0,0,0,0,0,0
200805,42,055,1,2,Franklin County               ,102,102,12862069,1,2,150000,0,0,0,5,26,1600000,86,86,10797926,0,0,0,0,0,0,1,6,600000
200805,42,065,1,2,Jefferson County              ,5,5,869000,0,0,0,4,16,817304,2,24,1456245,5,5,869000,0,0,0,4,16,817304,2,24,1456245
200805,42,077,1,2,Lehigh County                 ,88,88,14651886,0,0,0,0,0,0,1,5,226250,60,60,10761858,0,0,0,0,0,0,0,0,0
200805,42,091,1,2,Montgomery County             ,150,150,20635712,1,2,4350,3,12,982532,2,17,2215325,119,119,14214893,1,2,4350,3,12,982532,0,0,0
200805,42,095,1,2,Northampton County            ,75,75,13632233,0,0,0,0,0,0,1,5,356000,31,31,6418126,0,0,0,0,0,0,0,0,0
200805,42,101,1,2,Philadelphia County           ,64,64,14094989,6,12,225000,4,16,1624880,4,66,6252972,64,64,14094989,6,12,225000,4,16,1624880,4,66,6252972
200805,42,103,1,2,Pike County                   ,52,52,11325989,0,0,0,0,0,0,0,0,0,46,46,10098127,0,0,0,0,0,0,0,0,0
200805,42,125,1,2,Washington County             ,43,43,8363324,0,0,0,0,0,0,0,0,0,37,37,7404674,0,0,0,0,0,0,0,0,0
200805,42,129,1,2,Westmoreland County           ,50,50,9934918,0,0,0,1,3,237130,2,12,810000,32,32,6460051,0,0,0,0,0,0,1,6,660000
200805,44,001,1,1,Bristol County                ,3,3,885000,0,0,0,0,0,0,0,0,0,3,3,885000,0,0,0,0,0,0,0,0,0
200805,44,003,1,1,Kent County                   ,18,18,2160740,0,0,0,1,3,372675,1,7,261383,2,2,260000,0,0,0,0,0,0,0,0,0
200805,44,005,1,1,Newport County                ,10,10,5609683,0,0,0,0,0,0,0,0,0,5,5,3670000,0,0,0,0,0,0,0,0,0
200805,44,007,1,1,Providence County             ,46,46,7085474,2,4,207771,0,0,0,1,5,157000,35,35,5663614,0,0,0,0,0,0,0,0,0
200805,44,009,1,1,Washington County             ,14,14,4272328,0,0,0,1,3,624810,1,6,127500,7,7,2657786,0,0,0,0,0,0,0,0,0
200805,45,009,3,5,Bamberg County                ,2,2,352880,0,0,0,0,0,0,0,0,0,2,2,352880,0,0,0,0,0,0,0,0,0
200805,45,015,3,5,Berkeley County               ,112,112,18790688,0,0,0,0,0,0,1,5,306711,46,46,5757388,0,0,0,0,0,0,0,0,0
200805,45,017,3,5,Calhoun County                ,3,3,613965,0,0,0,0,0,0,0,0,0,2,2,435000,0,0,0,0,0,0,0,0,0
200805,45,019,3,5,Charleston County             ,179,179,37366535,0,0,0,4,15,1689360,1,14,2587113,91,91,14124065,0,0,0,3,12,447360,0,0,0
200805,45,035,3,5,Dorchester County             ,27,27,6070321,0,0,0,0,0,0,0,0,0,27,27,6070321,0,0,0,0,0,0,0,0,0
200805,45,039,3,5,Fairfield County              ,3,3,347992,0,0,0,0,0,0,0,0,0,0,0,0,0,0,0,0,0,0,0,0,0
200805,45,041,3,5,Florence County               ,40,40,5438744,0,0,0,0,0,0,1,16,960000,0,0,0,0,0,0,0,0,0,0,0,0
200805,45,045,3,5,Greenville County             ,183,183,24924511,0,0,0,0,0,0,1,28,2374046,163,163,21696787,0,0,0,0,0,0,0,0,0
200805,45,047,3,5,Greenwood County              ,6,6,844887,0,0,0,0,0,0,0,0,0,6,6,844887,0,0,0,0,0,0,0,0,0
200805,45,055,3,5,Kershaw County                ,22,22,2338774,0,0,0,0,0,0,0,0,0,22,22,2338774,0,0,0,0,0,0,0,0,0
200805,45,059,3,5,Laurens County                ,14,14,2010894,0,0,0,0,0,0,0,0,0,14,14,2010894,0,0,0,0,0,0,0,0,0
200805,45,063,3,5,Lexington County              ,164,164,28795009,0,0,0,0,0,0,0,0,0,158,158,27700478,0,0,0,0,0,0,0,0,0
200805,45,077,3,5,Pickens County                ,32,32,8208795,0,0,0,0,0,0,1,5,682679,8,8,1061400,0,0,0,0,0,0,0,0,0
200805,45,079,3,5,Richland County               ,185,185,23931064,2,4,93600,0,0,0,2,33,1862648,82,82,11969763,2,4,93600,0,0,0,0,0,0
200805,45,081,3,5,Saluda County                 ,2,2,355505,0,0,0,0,0,0,0,0,0,0,0,0,0,0,0,0,0,0,0,0,0
200805,45,085,3,5,Sumter County                 ,34,34,4056922,3,6,343368,0,0,0,1,17,692421,0,0,0,0,0,0,0,0,0,0,0,0
200805,45,091,3,5,York County                   ,375,375,100376237,0,0,0,0,0,0,0,0,0,375,375,100376237,0,0,0,0,0,0,0,0,0
200805,46,005,2,4,Beadle County                 ,4,4,518927,0,0,0,0,0,0,0,0,0,4,4,518927,0,0,0,0,0,0,0,0,0
200805,46,069,2,4,Hyde County                   ,0,0,0,0,0,0,0,0,0,0,0,0,0,0,0,0,0,0,0,0,0,0,0,0
200805,46,121,2,4,Todd County                   ,0,0,0,0,0,0,0,0,0,0,0,0,0,0,0,0,0,0,0,0,0,0,0,0
200805,47,011,3,6,Bradley County                ,30,30,4697721,1,2,122718,1,4,244585,1,5,356812,20,20,3391000,0,0,0,0,0,0,0,0,0
200805,47,015,3,6,Cannon County                 ,0,0,0,0,0,0,0,0,0,0,0,0,0,0,0,0,0,0,0,0,0,0,0,0
200805,47,021,3,6,Cheatham County               ,15,15,3218368,0,0,0,0,0,0,0,0,0,11,11,2424000,0,0,0,0,0,0,0,0,0
200805,47,037,3,6,Davidson County               ,96,96,17379258,1,2,246514,0,0,0,0,0,0,94,94,17249677,1,2,246514,0,0,0,0,0,0
200805,47,039,3,6,Decatur County                ,0,0,0,0,0,0,0,0,0,0,0,0,0,0,0,0,0,0,0,0,0,0,0,0
200805,47,043,3,6,Dickson County                ,30,30,5718732,1,2,50000,0,0,0,0,0,0,29,29,5658732,0,0,0,0,0,0,0,0,0
200805,47,047,3,6,Fayette County                ,28,28,6505398,0,0,0,0,0,0,0,0,0,26,26,6255300,0,0,0,0,0,0,0,0,0
200805,47,063,3,6,Hamblen County                ,12,12,2547570,3,6,390000,0,0,0,0,0,0,7,7,1888000,3,6,390000,0,0,0,0,0,0
200805,47,071,3,6,Hardin County                 ,4,4,307000,0,0,0,0,0,0,0,0,0,4,4,307000,0,0,0,0,0,0,0,0,0
200805,47,081,3,6,Hickman County                ,0,0,0,0,0,0,0,0,0,0,0,0,0,0,0,0,0,0,0,0,0,0,0,0
200805,47,091,3,6,Johnson County                ,2,2,100000,0,0,0,0,0,0,0,0,0,2,2,100000,0,0,0,0,0,0,0,0,0
200805,47,093,3,6,Knox County                   ,215,215,27880099,0,0,0,0,0,0,2,29,1655402,104,104,14669522,0,0,0,0,0,0,0,0,0
200805,47,111,3,6,Macon County                  ,0,0,0,0,0,0,1,3,297000,0,0,0,0,0,0,0,0,0,1,3,297000,0,0,0
200805,47,113,3,6,Madison County                ,40,40,5227852,0,0,0,0,0,0,0,0,0,40,40,5227852,0,0,0,0,0,0,0,0,0
200805,47,125,3,6,Montgomery County             ,58,58,7627475,2,4,376000,0,0,0,0,0,0,58,58,7627475,2,4,376000,0,0,0,0,0,0
200805,47,141,3,6,Putnam County                 ,26,26,4521994,5,10,878000,3,12,1143310,0,0,0,26,26,4521994,5,10,878000,3,12,1143310,0,0,0
200805,47,147,3,6,Robertson County              ,26,26,4014677,0,0,0,0,0,0,0,0,0,14,14,2424000,0,0,0,0,0,0,0,0,0
200805,47,149,3,6,Rutherford County             ,156,156,25110692,0,0,0,0,0,0,0,0,0,105,105,19114575,0,0,0,0,0,0,0,0,0
200805,47,157,3,6,Shelby County                 ,77,77,16317323,11,22,1570056,0,0,0,0,0,0,77,77,16317323,11,22,1570056,0,0,0,0,0,0
200805,47,159,3,6,Smith County                  ,4,4,705760,0,0,0,0,0,0,0,0,0,4,4,705760,0,0,0,0,0,0,0,0,0
200805,47,165,3,6,Sumner County                 ,88,88,16077693,0,0,0,0,0,0,0,0,0,66,66,11369360,0,0,0,0,0,0,0,0,0
200805,47,167,3,6,Tipton County                 ,17,17,2281853,0,0,0,0,0,0,0,0,0,15,15,2026295,0,0,0,0,0,0,0,0,0
200805,47,169,3,6,Trousdale County              ,3,3,360000,0,0,0,0,0,0,0,0,0,3,3,360000,0,0,0,0,0,0,0,0,0
200805,47,179,3,6,Washington County             ,68,68,7749183,0,0,0,0,0,0,0,0,0,44,44,5156825,0,0,0,0,0,0,0,0,0
200805,47,187,3,6,Williamson County             ,52,52,17502358,0,0,0,0,0,0,1,5,1308333,28,28,7030156,0,0,0,0,0,0,0,0,0
200805,47,189,3,6,Wilson County                 ,84,84,14811006,0,0,0,0,0,0,0,0,0,52,52,8884420,0,0,0,0,0,0,0,0,0
200805,48,013,3,7,Atascosa County               ,4,4,597000,0,0,0,0,0,0,0,0,0,4,4,597000,0,0,0,0,0,0,0,0,0
200805,48,015,3,7,Austin County                 ,2,2,317558,1,2,221000,0,0,0,0,0,0,1,1,150000,1,2,221000,0,0,0,0,0,0
200805,48,019,3,7,Bandera County                ,0,0,0,0,0,0,0,0,0,0,0,0,0,0,0,0,0,0,0,0,0,0,0,0
200805,48,021,3,7,Bastrop County                ,1,1,114000,0,0,0,0,0,0,0,0,0,1,1,114000,0,0,0,0,0,0,0,0,0
200805,48,029,3,7,Bexar County                  ,396,396,69713286,1,2,165000,0,0,0,64,1213,61373357,351,351,63901528,1,2,165000,0,0,0,61,1172,59427562
200805,48,039,3,7,Brazoria County               ,223,223,42231874,0,0,0,0,0,0,0,0,0,211,211,40327224,0,0,0,0,0,0,0,0,0
200805,48,041,3,7,Brazos County                 ,63,63,9445724,4,8,689885,2,8,781555,1,6,592280,63,63,9445724,4,8,689885,2,8,781555,1,6,592280
200805,48,055,3,7,Caldwell County               ,1,1,99871,0,0,0,0,0,0,0,0,0,0,0,0,0,0,0,0,0,0,0,0,0
200805,48,063,3,7,Camp County                   ,3,3,297300,0,0,0,0,0,0,0,0,0,3,3,297300,0,0,0,0,0,0,0,0,0
200805,48,071,3,7,Chambers County               ,58,58,10219115,0,0,0,0,0,0,0,0,0,58,58,10219115,0,0,0,0,0,0,0,0,0
200805,48,085,3,7,Collin County                 ,434,434,90173958,5,10,600000,0,0,0,0,0,0,420,420,86051100,5,10,600000,0,0,0,0,0,0
200805,48,091,3,7,Comal County                  ,104,104,18784719,0,0,0,0,0,0,0,0,0,64,64,13294795,0,0,0,0,0,0,0,0,0
200805,48,113,3,7,Dallas County                 ,405,405,104997541,0,0,0,0,0,0,10,683,48342639,391,391,102019259,0,0,0,0,0,0,9,648,46666666
200805,48,117,3,7,Deaf Smith County             ,2,2,299902,0,0,0,0,0,0,0,0,0,0,0,0,0,0,0,0,0,0,0,0,0
200805,48,119,3,7,Delta County                  ,0,0,0,0,0,0,0,0,0,0,0,0,0,0,0,0,0,0,0,0,0,0,0,0
200805,48,121,3,7,Denton County                 ,159,159,38378138,0,0,0,0,0,0,30,240,23587004,147,147,35527088,0,0,0,0,0,0,30,240,23587004
200805,48,133,3,7,Eastland County               ,0,0,0,0,0,0,0,0,0,0,0,0,0,0,0,0,0,0,0,0,0,0,0,0
200805,48,135,3,7,Ector County                  ,26,26,4542870,0,0,0,0,0,0,0,0,0,26,26,4542870,0,0,0,0,0,0,0,0,0
200805,48,139,3,7,Ellis County                  ,51,51,8419182,0,0,0,0,0,0,0,0,0,48,48,7887473,0,0,0,0,0,0,0,0,0
200805,48,157,3,7,Fort Bend County              ,461,461,81565342,0,0,0,0,0,0,3,51,5054886,91,91,21205919,0,0,0,0,0,0,0,0,0
200805,48,167,3,7,Galveston County              ,156,156,28242417,2,4,379112,0,0,0,9,47,4488677,57,57,12380000,1,2,224680,0,0,0,7,36,3049531
200805,48,187,3,7,Guadalupe County              ,68,68,12632144,0,0,0,0,0,0,0,0,0,22,22,3933268,0,0,0,0,0,0,0,0,0
200805,48,201,3,7,Harris County                 ,1664,1664,304621209,3,6,655854,8,31,3386098,32,799,46960419,1649,1649,301022967,3,6,655854,8,31,3386098,32,799,46960419
200805,48,209,3,7,Hays County                   ,124,124,17667701,0,0,0,0,0,0,1,25,1499044,92,92,13047116,0,0,0,0,0,0,0,0,0
200805,48,215,3,7,Hidalgo County                ,180,180,24344581,5,10,262000,5,19,800185,0,0,0,159,159,22752888,5,10,262000,3,11,535000,0,0,0
200805,48,231,3,7,Hunt County                   ,15,15,1952950,1,2,117500,0,0,0,0,0,0,14,14,1798950,0,0,0,0,0,0,0,0,0
200805,48,233,3,7,Hutchinson County             ,0,0,0,0,0,0,0,0,0,0,0,0,0,0,0,0,0,0,0,0,0,0,0,0
200805,48,251,3,7,Johnson County                ,78,78,10985944,0,0,0,0,0,0,1,9,588000,11,11,1229880,0,0,0,0,0,0,0,0,0
200805,48,257,3,7,Kaufman County                ,18,18,3879820,0,0,0,0,0,0,0,0,0,17,17,3784820,0,0,0,0,0,0,0,0,0
200805,48,259,3,7,Kendall County                ,17,17,3615502,0,0,0,0,0,0,0,0,0,6,6,1261943,0,0,0,0,0,0,0,0,0
200805,48,271,3,7,Kinney County                 ,0,0,0,0,0,0,0,0,0,0,0,0,0,0,0,0,0,0,0,0,0,0,0,0
200805,48,291,3,7,Liberty County                ,32,32,3084602,0,0,0,0,0,0,0,0,0,31,31,2940000,0,0,0,0,0,0,0,0,0
200805,48,307,3,7,McCulloch County              ,0,0,0,0,0,0,0,0,0,0,0,0,0,0,0,0,0,0,0,0,0,0,0,0
200805,48,323,3,7,Maverick County               ,8,8,449655,0,0,0,0,0,0,0,0,0,0,0,0,0,0,0,0,0,0,0,0,0
200805,48,325,3,7,Medina County                 ,1,1,133947,0,0,0,0,0,0,0,0,0,0,0,0,0,0,0,0,0,0,0,0,0
200805,48,329,3,7,Midland County                ,64,64,7345124,0,0,0,0,0,0,0,0,0,64,64,7345124,0,0,0,0,0,0,0,0,0
200805,48,339,3,7,Montgomery County             ,394,394,85837866,4,8,493917,0,0,0,0,0,0,390,390,85371863,4,8,493917,0,0,0,0,0,0
200805,48,353,3,7,Nolan County                  ,1,1,90000,0,0,0,0,0,0,0,0,0,1,1,90000,0,0,0,0,0,0,0,0,0
200805,48,359,3,7,Oldham County                 ,0,0,0,0,0,0,0,0,0,0,0,0,0,0,0,0,0,0,0,0,0,0,0,0
200805,48,367,3,7,Parker County                 ,25,25,4648000,0,0,0,1,4,299077,0,0,0,5,5,1469735,0,0,0,0,0,0,0,0,0
200805,48,375,3,7,Potter County                 ,48,48,11462103,0,0,0,0,0,0,0,0,0,48,48,11462103,0,0,0,0,0,0,0,0,0
200805,48,383,3,7,Reagan County                 ,0,0,0,0,0,0,0,0,0,0,0,0,0,0,0,0,0,0,0,0,0,0,0,0
200805,48,385,3,7,Real County                   ,0,0,0,0,0,0,0,0,0,0,0,0,0,0,0,0,0,0,0,0,0,0,0,0
200805,48,397,3,7,Rockwall County               ,47,47,9960094,0,0,0,0,0,0,0,0,0,15,15,3142719,0,0,0,0,0,0,0,0,0
200805,48,407,3,7,San Jacinto County            ,0,0,0,0,0,0,0,0,0,0,0,0,0,0,0,0,0,0,0,0,0,0,0,0
200805,48,435,3,7,Sutton County                 ,20,20,3550944,0,0,0,0,0,0,0,0,0,20,20,3550944,0,0,0,0,0,0,0,0,0
200805,48,437,3,7,Swisher County                ,0,0,0,0,0,0,0,0,0,0,0,0,0,0,0,0,0,0,0,0,0,0,0,0
200805,48,439,3,7,Tarrant County                ,570,570,110069636,7,14,862611,0,0,0,27,684,55706168,511,511,95359471,6,12,655283,0,0,0,26,667,54852133
200805,48,451,3,7,Tom Green County              ,21,21,3529200,0,0,0,0,0,0,0,0,0,21,21,3529200,0,0,0,0,0,0,0,0,0
200805,48,453,3,7,Travis County                 ,488,488,86132760,55,110,8525255,4,14,739880,16,594,35048793,481,481,84630135,55,110,8525255,3,11,739880,16,594,35048793
200805,48,463,3,7,Uvalde County                 ,2,2,310000,0,0,0,0,0,0,0,0,0,2,2,310000,0,0,0,0,0,0,0,0,0
200805,48,469,3,7,Victoria County               ,6,6,906526,0,0,0,0,0,0,0,0,0,0,0,0,0,0,0,0,0,0,0,0,0
200805,48,471,3,7,Walker County                 ,3,3,398548,0,0,0,0,0,0,0,0,0,3,3,398548,0,0,0,0,0,0,0,0,0
200805,48,473,3,7,Waller County                 ,0,0,0,0,0,0,0,0,0,1,9,199627,0,0,0,0,0,0,0,0,0,0,0,0
200805,48,479,3,7,Webb County                   ,75,75,9226816,0,0,0,2,6,301841,1,15,890001,0,0,0,0,0,0,0,0,0,0,0,0
200805,48,491,3,7,Williamson County             ,213,213,38437091,0,0,0,1,4,708554,0,0,0,181,181,35769001,0,0,0,1,4,708554,0,0,0
200805,48,493,3,7,Wilson County                 ,2,2,276771,0,0,0,0,0,0,0,0,0,0,0,0,0,0,0,0,0,0,0,0,0
200805,48,497,3,7,Wise County                   ,4,4,834000,0,0,0,0,0,0,0,0,0,4,4,834000,0,0,0,0,0,0,0,0,0
200805,49,009,4,8,Daggett County                ,4,4,380060,0,0,0,0,0,0,0,0,0,4,4,380060,0,0,0,0,0,0,0,0,0
200805,49,019,4,8,Grand County                  ,3,3,1336667,0,0,0,0,0,0,0,0,0,3,3,1336667,0,0,0,0,0,0,0,0,0
200805,49,021,4,8,Iron County                   ,30,30,7890160,6,12,1349431,1,3,1257412,1,8,648688,18,18,4891334,0,0,0,0,0,0,0,0,0
200805,49,033,4,8,Rich County                   ,5,5,1113691,0,0,0,0,0,0,0,0,0,3,3,516600,0,0,0,0,0,0,0,0,0
200805,49,035,4,8,Salt Lake County              ,166,166,32130571,2,4,448898,5,17,2091533,4,58,8551970,116,116,22837713,1,2,212000,4,13,1596345,2,40,7125102
200805,49,039,4,8,Sanpete County                ,5,5,664440,0,0,0,0,0,0,0,0,0,5,5,664440,0,0,0,0,0,0,0,0,0
200805,49,043,4,8,Summit County                 ,33,33,9543580,0,0,0,0,0,0,1,28,5021631,6,6,2594557,0,0,0,0,0,0,0,0,0
200805,49,045,4,8,Tooele County                 ,30,30,3849160,0,0,0,0,0,0,0,0,0,30,30,3849160,0,0,0,0,0,0,0,0,0
200805,49,051,4,8,Wasatch County                ,14,14,5470239,0,0,0,0,0,0,1,8,1040847,3,3,719560,0,0,0,0,0,0,1,8,1040847
200805,51,003,3,5,Albemarle County              ,49,49,18786050,0,0,0,0,0,0,0,0,0,49,49,18786050,0,0,0,0,0,0,0,0,0
200805,51,007,3,5,Amelia County                 ,2,2,204600,0,0,0,0,0,0,0,0,0,2,2,204600,0,0,0,0,0,0,0,0,0
200805,51,013,3,5,Arlington County              ,9,9,2453435,0,0,0,0,0,0,1,115,13541099,0,0,0,0,0,0,0,0,0,0,0,0
200805,51,015,3,5,Augusta County                ,15,15,3003846,0,0,0,0,0,0,0,0,0,15,15,3003846,0,0,0,0,0,0,0,0,0
200805,51,019,3,5,Bedford County                ,25,25,5483000,0,0,0,0,0,0,0,0,0,25,25,5483000,0,0,0,0,0,0,0,0,0
200805,51,023,3,5,Botetourt County              ,11,11,1899637,0,0,0,0,0,0,0,0,0,11,11,1899637,0,0,0,0,0,0,0,0,0
200805,51,031,3,5,Campbell County               ,17,17,2856065,0,0,0,0,0,0,1,10,629730,0,0,0,0,0,0,0,0,0,0,0,0
200805,51,033,3,5,Caroline County               ,9,9,1603300,0,0,0,0,0,0,0,0,0,9,9,1603300,0,0,0,0,0,0,0,0,0
200805,51,036,3,5,Charles City County           ,2,2,330169,0,0,0,0,0,0,0,0,0,0,0,0,0,0,0,0,0,0,0,0,0
200805,51,037,3,5,Charlotte County              ,1,1,70000,0,0,0,0,0,0,0,0,0,1,1,70000,0,0,0,0,0,0,0,0,0
200805,51,041,3,5,Chesterfield County           ,93,93,16408911,0,0,0,0,0,0,1,6,555761,93,93,16408911,0,0,0,0,0,0,1,6,555761
200805,51,043,3,5,Clarke County                 ,4,4,687714,0,0,0,0,0,0,0,0,0,0,0,0,0,0,0,0,0,0,0,0,0
200805,51,049,3,5,Cumberland County             ,6,6,858000,0,0,0,0,0,0,0,0,0,6,6,858000,0,0,0,0,0,0,0,0,0
200805,51,053,3,5,Dinwiddie County              ,13,13,1539968,0,0,0,0,0,0,0,0,0,0,0,0,0,0,0,0,0,0,0,0,0
200805,51,059,3,5,Fairfax County                ,90,90,15467873,0,0,0,0,0,0,1,12,1152000,90,90,15467873,0,0,0,0,0,0,1,12,1152000
200805,51,061,3,5,Fauquier County               ,11,11,5003879,0,0,0,0,0,0,0,0,0,9,9,4650200,0,0,0,0,0,0,0,0,0
200805,51,065,3,5,Fluvanna County               ,6,6,1142847,0,0,0,0,0,0,0,0,0,6,6,1142847,0,0,0,0,0,0,0,0,0
200805,51,067,3,5,Franklin County               ,19,19,5435613,0,0,0,0,0,0,0,0,0,19,19,5435613,0,0,0,0,0,0,0,0,0
200805,51,069,3,5,Frederick County              ,43,43,7810565,0,0,0,0,0,0,0,0,0,43,43,7810565,0,0,0,0,0,0,0,0,0
200805,51,073,3,5,Gloucester County             ,28,28,4020840,0,0,0,0,0,0,0,0,0,28,28,4020840,0,0,0,0,0,0,0,0,0
200805,51,075,3,5,Goochland County              ,12,12,3652143,0,0,0,0,0,0,0,0,0,0,0,0,0,0,0,0,0,0,0,0,0
200805,51,079,3,5,Greene County                 ,8,8,3761801,0,0,0,0,0,0,0,0,0,8,8,3761801,0,0,0,0,0,0,0,0,0
200805,51,085,3,5,Hanover County                ,34,34,5985036,0,0,0,0,0,0,0,0,0,34,34,5985036,0,0,0,0,0,0,0,0,0
200805,51,087,3,5,Henrico County                ,86,86,15173832,0,0,0,0,0,0,0,0,0,86,86,15173832,0,0,0,0,0,0,0,0,0
200805,51,093,3,5,Isle of Wight County          ,12,12,3060190,0,0,0,0,0,0,0,0,0,12,12,3060190,0,0,0,0,0,0,0,0,0
200805,51,095,3,5,James City County             ,50,50,10536101,0,0,0,0,0,0,0,0,0,50,50,10536101,0,0,0,0,0,0,0,0,0
200805,51,097,3,5,King and Queen County         ,6,6,530000,0,0,0,0,0,0,0,0,0,6,6,530000,0,0,0,0,0,0,0,0,0
200805,51,099,3,5,King George County            ,9,9,1597925,0,0,0,0,0,0,0,0,0,9,9,1597925,0,0,0,0,0,0,0,0,0
200805,51,101,3,5,King William County           ,10,10,1501613,0,0,0,0,0,0,0,0,0,10,10,1501613,0,0,0,0,0,0,0,0,0
200805,51,107,3,5,Loudoun County                ,117,117,20643469,0,0,0,0,0,0,2,16,1424000,117,117,20643469,0,0,0,0,0,0,2,16,1424000
200805,51,109,3,5,Louisa County                 ,28,28,3853585,0,0,0,0,0,0,0,0,0,28,28,3853585,0,0,0,0,0,0,0,0,0
200805,51,115,3,5,Mathews County                ,3,3,750059,0,0,0,0,0,0,0,0,0,0,0,0,0,0,0,0,0,0,0,0,0
200805,51,119,3,5,Middlesex County              ,6,6,896658,0,0,0,0,0,0,0,0,0,6,6,896658,0,0,0,0,0,0,0,0,0
200805,51,127,3,5,New Kent County               ,27,27,5350735,0,0,0,0,0,0,0,0,0,27,27,5350735,0,0,0,0,0,0,0,0,0
200805,51,137,3,5,Orange County                 ,7,7,1276000,0,0,0,0,0,0,0,0,0,7,7,1276000,0,0,0,0,0,0,0,0,0
200805,51,143,3,5,Pittsylvania County           ,9,9,1117699,0,0,0,0,0,0,0,0,0,0,0,0,0,0,0,0,0,0,0,0,0
200805,51,145,3,5,Powhatan County               ,13,13,3087480,0,0,0,0,0,0,0,0,0,13,13,3087480,0,0,0,0,0,0,0,0,0
200805,51,149,3,5,Prince George County          ,11,11,1940839,0,0,0,0,0,0,0,0,0,11,11,1940839,0,0,0,0,0,0,0,0,0
200805,51,153,3,5,Prince William County         ,118,118,20819909,0,0,0,0,0,0,0,0,0,118,118,20819909,0,0,0,0,0,0,0,0,0
200805,51,157,3,5,Rappahannock County           ,3,3,1015700,0,0,0,0,0,0,0,0,0,0,0,0,0,0,0,0,0,0,0,0,0
200805,51,161,3,5,Roanoke County                ,32,32,5232887,0,0,0,0,0,0,0,0,0,32,32,5232887,0,0,0,0,0,0,0,0,0
200805,51,163,3,5,Rockbridge County             ,8,8,1668000,1,2,711632,0,0,0,0,0,0,8,8,1668000,1,2,711632,0,0,0,0,0,0
200805,51,165,3,5,Rockingham County             ,33,33,6127883,0,0,0,0,0,0,0,0,0,0,0,0,0,0,0,0,0,0,0,0,0
200805,51,169,3,5,Scott County                  ,4,4,230000,0,0,0,0,0,0,0,0,0,4,4,230000,0,0,0,0,0,0,0,0,0
200805,51,171,3,5,Shenandoah County             ,11,11,1766383,0,0,0,0,0,0,0,0,0,11,11,1766383,0,0,0,0,0,0,0,0,0
200805,51,177,3,5,Spotsylvania County           ,35,35,9150109,0,0,0,0,0,0,0,0,0,0,0,0,0,0,0,0,0,0,0,0,0
200805,51,179,3,5,Stafford County               ,24,24,6402788,1,2,190000,0,0,0,0,0,0,24,24,6402788,1,2,190000,0,0,0,0,0,0
200805,51,181,3,5,Surry County                  ,5,5,1219757,0,0,0,0,0,0,0,0,0,5,5,1219757,0,0,0,0,0,0,0,0,0
200805,51,183,3,5,Sussex County                 ,4,4,471800,0,0,0,0,0,0,0,0,0,4,4,471800,0,0,0,0,0,0,0,0,0
200805,51,187,3,5,Warren County                 ,3,3,568000,0,0,0,0,0,0,0,0,0,3,3,568000,0,0,0,0,0,0,0,0,0
200805,51,199,3,5,York County                   ,26,26,3625441,0,0,0,0,0,0,0,0,0,26,26,3625441,0,0,0,0,0,0,0,0,0
200805,51,510,3,5,Alexandria (Independent City) ,1,1,470000,0,0,0,0,0,0,0,0,23520000,1,1,470000,0,0,0,0,0,0,0,0,23520000
200805,51,530,3,5,Buena Vista (Independent City),1,1,149918,0,0,0,0,0,0,0,0,0,0,0,0,0,0,0,0,0,0,0,0,0
200805,51,550,3,5,Chesapeake(Independent City)  ,41,41,7234036,0,0,0,0,0,0,1,30,2778805,41,41,7234036,0,0,0,0,0,0,1,30,2778805
200805,51,570,3,5,Colonial Heights (Independent ,1,1,108500,0,0,0,0,0,0,0,0,0,1,1,108500,0,0,0,0,0,0,0,0,0
200805,51,580,3,5,Covington (Independent City)  ,0,0,0,0,0,0,0,0,0,0,0,0,0,0,0,0,0,0,0,0,0,0,0,0
200805,51,600,3,5,Fairfax (Independent City)    ,0,0,0,0,0,0,0,0,0,0,0,0,0,0,0,0,0,0,0,0,0,0,0,0
200805,51,610,3,5,Falls Church (Independent City,0,0,0,0,0,0,0,0,0,0,0,0,0,0,0,0,0,0,0,0,0,0,0,0
200805,51,630,3,5,Fredericksburg(Independent Cit,9,9,1714000,0,0,0,0,0,0,0,0,0,9,9,1714000,0,0,0,0,0,0,0,0,0
200805,51,650,3,5,Hampton (Independent City)    ,13,13,2994885,0,0,0,0,0,0,1,11,567270,0,0,0,0,0,0,0,0,0,0,0,0
200805,51,660,3,5,Harrisonburg (Independent City,33,33,3096000,0,0,0,0,0,0,2,197,12669775,33,33,3096000,0,0,0,0,0,0,2,197,12669775
200805,51,670,3,5,Hopewell (Independent City)   ,11,11,377482,0,0,0,0,0,0,0,0,0,11,11,377482,0,0,0,0,0,0,0,0,0
200805,51,680,3,5,Lynchburg (Independent City)  ,24,24,3009160,0,0,0,0,0,0,0,0,0,24,24,3009160,0,0,0,0,0,0,0,0,0
200805,51,683,3,5,Manassas (Independent City)   ,6,6,684242,0,0,0,0,0,0,0,0,0,0,0,0,0,0,0,0,0,0,0,0,0
200805,51,685,3,5,Manassas Park (Independent Cit,0,0,0,0,0,0,0,0,0,0,0,0,0,0,0,0,0,0,0,0,0,0,0,0
200805,51,700,3,5,Newport News (Independent City,7,7,758684,0,0,0,0,0,0,1,25,1234568,0,0,0,0,0,0,0,0,0,0,0,0
200805,51,710,3,5,Norfolk (Independent City)    ,25,25,5162550,0,0,0,0,0,0,0,0,0,25,25,5162550,0,0,0,0,0,0,0,0,0
200805,51,730,3,5,Petersburg (Independent City) ,2,2,197528,0,0,0,2,6,372412,0,0,0,0,0,0,0,0,0,0,0,0,0,0,0
200805,51,735,3,5,Poquoson (Independent City)   ,2,2,522800,0,0,0,0,0,0,0,0,0,2,2,522800,0,0,0,0,0,0,0,0,0
200805,51,740,3,5,Portsmouth (Independent City) ,2,2,352880,0,0,0,0,0,0,0,0,0,2,2,352880,0,0,0,0,0,0,0,0,0
200805,51,760,3,5,Richmond (Independent City)   ,20,20,2748772,0,0,0,0,0,0,0,0,0,20,20,2748772,0,0,0,0,0,0,0,0,0
200805,51,770,3,5,Roanoke (Independent City)    ,6,6,817270,0,0,0,0,0,0,0,0,0,6,6,817270,0,0,0,0,0,0,0,0,0
200805,51,800,3,5,Suffolk (Independent City)    ,25,25,4410998,0,0,0,0,0,0,0,0,0,25,25,4410998,0,0,0,0,0,0,0,0,0
200805,51,810,3,5,Virginia Beach (Independent Ci,50,50,8821995,1,2,250000,0,0,0,1,6,80000,50,50,8821995,1,2,250000,0,0,0,1,6,80000
200805,51,830,3,5,Williamsburg (Independent City,1,1,300000,0,0,0,0,0,0,0,0,0,1,1,300000,0,0,0,0,0,0,0,0,0
200805,53,011,4,9,Clark County                  ,103,103,18135537,1,2,136494,0,0,0,3,36,2814970,23,23,5847767,0,0,0,0,0,0,0,0,0
200805,53,033,4,9,King County                   ,296,296,90275790,12,24,6478581,8,27,3183429,10,669,166175753,262,262,80827418,11,22,6051952,7,24,2781322,7,594,156583178
200805,53,041,4,9,Lewis County                  ,20,20,2788389,0,0,0,2,8,644400,1,12,517000,20,20,2788389,0,0,0,2,8,644400,1,12,517000
200805,53,053,4,9,Pierce County                 ,185,185,34414574,5,10,1242941,0,0,0,4,32,3077454,178,178,32772203,5,10,1242941,0,0,0,2,14,1717069
200805,53,059,4,9,Skamania County               ,5,5,1060927,0,0,0,0,0,0,0,0,0,4,4,893884,0,0,0,0,0,0,0,0,0
200805,53,061,4,9,Snohomish County              ,146,146,27439333,6,12,1560381,8,31,3860200,7,53,5010497,103,103,21579675,5,10,1468831,8,31,3860200,2,12,1527245
200805,54,037,3,5,Jefferson County              ,18,18,5250965,0,0,0,0,0,0,0,0,0,2,2,636035,0,0,0,0,0,0,0,0,0
200805,55,021,2,3,Columbia County               ,10,10,1670000,0,0,0,0,0,0,0,0,0,10,10,1670000,0,0,0,0,0,0,0,0,0
200805,55,025,2,3,Dane County                   ,54,54,14998448,8,16,1989366,2,7,748192,2,160,22183129,46,46,13567984,7,14,1800000,1,4,500000,1,155,21860546
200805,55,031,2,3,Douglas County                ,14,14,2630783,0,0,0,0,0,0,0,0,0,14,14,2630783,0,0,0,0,0,0,0,0,0
200805,55,037,2,3,Florence County               ,2,2,103850,0,0,0,0,0,0,0,0,0,0,0,0,0,0,0,0,0,0,0,0,0
200805,55,049,2,3,Iowa County                   ,7,7,1223500,0,0,0,0,0,0,0,0,0,6,6,1075000,0,0,0,0,0,0,0,0,0
200805,55,059,2,3,Kenosha County                ,33,33,8084748,0,0,0,0,0,0,0,0,0,28,28,6563537,0,0,0,0,0,0,0,0,0
200805,55,079,2,3,Milwaukee County              ,21,21,6783255,0,0,0,0,0,0,4,132,15400000,20,20,6602422,0,0,0,0,0,0,4,132,15400000
200805,55,089,2,3,Ozaukee County                ,10,10,2977417,1,2,388000,0,0,0,0,0,0,6,6,1260688,1,2,388000,0,0,0,0,0,0
200805,55,093,2,3,Pierce County                 ,9,9,1598250,0,0,0,0,0,0,0,0,0,8,8,1472000,0,0,0,0,0,0,0,0,0
200805,55,109,2,3,St. Croix County              ,19,19,3504865,0,0,0,0,0,0,0,0,0,13,13,2516305,0,0,0,0,0,0,0,0,0
200805,55,113,2,3,Sawyer County                 ,16,16,2199278,0,0,0,0,0,0,0,0,0,16,16,2199278,0,0,0,0,0,0,0,0,0
200805,55,131,2,3,Washington County             ,31,31,7168098,0,0,0,0,0,0,1,5,408474,18,18,4096355,0,0,0,0,0,0,0,0,0
200805,55,133,2,3,Waukesha County               ,73,73,26856336,1,2,250000,0,0,0,1,62,5000000,60,60,23072525,1,2,250000,0,0,0,1,62,5000000
200805,56,019,4,8,Johnson County                ,0,0,0,0,0,0,0,0,0,0,0,0,0,0,0,0,0,0,0,0,0,0,0,0
200805,56,039,4,8,Teton County                  ,14,14,10985146,0,0,0,0,0,0,1,5,539715,12,12,10580000,0,0,0,0,0,0,0,0,0
