Survey,FIPS,FIPS,Region,Division,County,,1-unit,,,2-units,,,3-4 units,,,5+ units,,,1-unit rep,,,2-units rep,,,3-4 units rep,,, 5+units rep
Date,State,County,Code,Code,Name,Bldgs,Units,Value,Bldgs,Units,Value,Bldgs,Units,Value,Bldgs,Units,Value,Bldgs,Units,Value,Bldgs,Units,Value,Bldgs,Units,Value,Bldgs,Units,Value
 
200804,01,001,3,6,Autauga County                ,17,17,2841089,0,0,0,0,0,0,0,0,0,0,0,0,0,0,0,0,0,0,0,0,0
200804,01,007,3,6,Bibb County                   ,2,2,372000,0,0,0,0,0,0,0,0,0,2,2,372000,0,0,0,0,0,0,0,0,0
200804,01,009,3,6,Blount County                 ,2,2,307510,1,2,66700,0,0,0,0,0,0,2,2,307510,1,2,66700,0,0,0,0,0,0
200804,01,021,3,6,Chilton County                ,5,5,534333,0,0,0,0,0,0,0,0,0,2,2,190000,0,0,0,0,0,0,0,0,0
200804,01,037,3,6,Coosa County                  ,0,0,0,0,0,0,0,0,0,0,0,0,0,0,0,0,0,0,0,0,0,0,0,0
200804,01,073,3,6,Jefferson County              ,175,175,34573007,4,8,476798,0,0,0,9,247,19886374,147,147,29536622,4,8,476798,0,0,0,8,232,18718782
200804,01,081,3,6,Lee County                    ,91,91,18486581,3,6,754038,1,4,450036,0,0,0,91,91,18486581,3,6,754038,1,4,450036,0,0,0
200804,01,115,3,6,St. Clair County              ,14,14,2068580,0,0,0,0,0,0,0,0,0,13,13,1903124,0,0,0,0,0,0,0,0,0
200804,01,117,3,6,Shelby County                 ,104,104,15673989,0,0,0,0,0,0,0,0,0,47,47,5989006,0,0,0,0,0,0,0,0,0
200804,01,127,3,6,Walker County                 ,3,3,550833,0,0,0,0,0,0,1,5,475610,0,0,0,0,0,0,0,0,0,0,0,0
200804,02,000,4,9,Alaska Balance of State       ,9,9,1716398,0,0,0,0,0,0,0,0,0,0,0,0,0,0,0,0,0,0,0,0,0
200804,02,013,4,9,Aleutians East Borough        ,0,0,0,0,0,0,0,0,0,0,0,0,0,0,0,0,0,0,0,0,0,0,0,0
200804,02,016,4,9,Aleutians West Census Area    ,1,1,98141,0,0,0,0,0,0,0,0,0,0,0,0,0,0,0,0,0,0,0,0,0
200804,02,020,4,9,Anchorage Borough             ,29,29,11737860,4,8,1632373,1,4,728323,0,0,0,29,29,11737860,4,8,1632373,1,4,728323,0,0,0
200804,02,050,4,9,Bethel Census Area            ,2,2,286920,0,0,0,0,0,0,0,0,0,0,0,0,0,0,0,0,0,0,0,0,0
200804,02,060,4,9,Bristol Bay Borough           ,0,0,0,0,0,0,0,0,0,0,0,0,0,0,0,0,0,0,0,0,0,0,0,0
200804,02,090,4,9,Fairbanks North Star Borough  ,4,4,661851,0,0,0,0,0,0,0,0,0,0,0,0,0,0,0,0,0,0,0,0,0
200804,02,100,4,9,Haines Borough                ,0,0,0,0,0,0,0,0,0,0,0,0,0,0,0,0,0,0,0,0,0,0,0,0
200804,02,110,4,9,Juneau Borough                ,2,2,444648,0,0,0,0,0,0,0,0,0,2,2,444648,0,0,0,0,0,0,0,0,0
200804,02,122,4,9,Kenai Peninsula Borough       ,9,9,2490855,0,0,0,0,0,0,0,0,0,7,7,2090262,0,0,0,0,0,0,0,0,0
200804,02,130,4,9,Ketchikan Gateway Borough     ,6,6,1318920,0,0,0,0,0,0,0,0,0,6,6,1318920,0,0,0,0,0,0,0,0,0
200804,02,150,4,9,Kodiak Island Borough         ,1,1,199630,0,0,0,0,0,0,0,0,0,1,1,199630,0,0,0,0,0,0,0,0,0
200804,02,170,4,9,Matanuska-Susitna Borough     ,4,4,664180,2,4,603304,0,0,0,0,0,0,1,1,244510,1,2,350000,0,0,0,0,0,0
200804,02,180,4,9,Nome Census Area              ,0,0,0,0,0,0,0,0,0,0,0,0,0,0,0,0,0,0,0,0,0,0,0,0
200804,02,185,4,9,North Slope Borough           ,0,0,0,0,0,0,0,0,0,0,0,0,0,0,0,0,0,0,0,0,0,0,0,0
200804,02,188,4,9,Northwest Arctic Borough      ,0,0,0,0,0,0,0,0,0,0,0,0,0,0,0,0,0,0,0,0,0,0,0,0
200804,02,201,4,9,Prince of Wales-Outer Ketchika,2,2,439640,0,0,0,0,0,0,0,0,0,2,2,439640,0,0,0,0,0,0,0,0,0
200804,02,220,4,9,Sitka Borough                 ,1,1,265507,1,2,454968,0,0,0,0,0,0,0,0,0,0,0,0,0,0,0,0,0,0
200804,02,232,4,9,Skagway-Hoonah-Angoon Census A,1,1,219820,0,0,0,0,0,0,0,0,0,1,1,219820,0,0,0,0,0,0,0,0,0
200804,02,261,4,9,Valdez-Cordova Census Area    ,1,1,309000,0,0,0,0,0,0,0,0,0,1,1,309000,0,0,0,0,0,0,0,0,0
200804,02,280,4,9,Wrangell-Petersburg Census Are,1,1,106288,0,0,0,0,0,0,0,0,0,0,0,0,0,0,0,0,0,0,0,0,0
200804,02,282,4,9,Yakutat Borough               ,0,0,0,0,0,0,0,0,0,0,0,0,0,0,0,0,0,0,0,0,0,0,0,0
200804,02,290,4,9,Yukon-Koyukuk Census Area     ,0,0,0,0,0,0,0,0,0,0,0,0,0,0,0,0,0,0,0,0,0,0,0,0
200804,04,013,4,8,Maricopa County               ,957,957,224693407,12,24,1384593,10,30,1197886,33,792,22771112,944,944,220429748,12,24,1384593,10,30,1197886,32,787,22341416
200804,04,019,4,8,Pima County                   ,351,351,74414041,2,4,397692,1,4,304069,2,23,1314475,189,189,43746208,0,0,0,0,0,0,0,0,0
200804,04,021,4,8,Pinal County                  ,330,330,39149079,0,0,0,1,3,222843,1,5,360459,291,291,34634938,0,0,0,0,0,0,0,0,0
200804,05,023,3,7,Cleburne County               ,1,1,120000,0,0,0,0,0,0,0,0,0,1,1,120000,0,0,0,0,0,0,0,0,0
200804,05,025,3,7,Cleveland County              ,0,0,0,0,0,0,0,0,0,0,0,0,0,0,0,0,0,0,0,0,0,0,0,0
200804,05,027,3,7,Columbia County               ,0,0,0,0,0,0,0,0,0,0,0,0,0,0,0,0,0,0,0,0,0,0,0,0
200804,05,035,3,7,Crittenden County             ,14,14,2038300,0,0,0,1,4,256000,0,0,0,14,14,2038300,0,0,0,1,4,256000,0,0,0
200804,05,059,3,7,Hot Spring County             ,0,0,0,0,0,0,0,0,0,0,0,0,0,0,0,0,0,0,0,0,0,0,0,0
200804,05,061,3,7,Howard County                 ,0,0,0,0,0,0,0,0,0,0,0,0,0,0,0,0,0,0,0,0,0,0,0,0
200804,05,099,3,7,Nevada County                 ,0,0,0,0,0,0,0,0,0,0,0,0,0,0,0,0,0,0,0,0,0,0,0,0
200804,06,001,4,9,Alameda County                ,80,80,22345663,2,4,1380000,0,0,0,6,147,23560202,77,77,21006788,2,4,1380000,0,0,0,5,142,23069428
200804,06,003,4,9,Alpine County                 ,0,0,0,0,0,0,0,0,0,0,0,0,0,0,0,0,0,0,0,0,0,0,0,0
200804,06,009,4,9,Calaveras County              ,9,9,2892672,0,0,0,0,0,0,0,0,0,9,9,2892672,0,0,0,0,0,0,0,0,0
200804,06,013,4,9,Contra Costa County           ,92,92,30569124,0,0,0,0,0,0,5,35,6526998,65,65,24724297,0,0,0,0,0,0,4,24,5530386
200804,06,017,4,9,El Dorado County              ,26,26,5603254,0,0,0,0,0,0,0,0,0,23,23,4868890,0,0,0,0,0,0,0,0,0
200804,06,037,4,9,Los Angeles County            ,418,418,107182459,18,36,4717189,9,32,5402711,35,604,112615175,379,379,96658539,17,34,4344355,5,20,4279000,26,520,105011952
200804,06,041,4,9,Marin County                  ,20,20,9037848,0,0,0,0,0,0,1,10,985505,11,11,5860627,0,0,0,0,0,0,0,0,0
200804,06,045,4,9,Mendocino County              ,10,10,1374648,0,0,0,0,0,0,0,0,0,10,10,1374648,0,0,0,0,0,0,0,0,0
200804,06,049,4,9,Modoc County                  ,1,1,113680,0,0,0,0,0,0,0,0,0,0,0,0,0,0,0,0,0,0,0,0,0
200804,06,051,4,9,Mono County                   ,5,5,1681174,0,0,0,0,0,0,0,0,0,0,0,0,0,0,0,0,0,0,0,0,0
200804,06,059,4,9,Orange County                 ,205,205,58214923,1,2,562807,3,12,2218137,10,115,13240987,172,172,48418849,0,0,0,3,12,2218137,7,67,8073744
200804,06,061,4,9,Placer County                 ,84,84,18536522,0,0,0,2,6,733630,0,0,0,84,84,18536522,0,0,0,2,6,733630,0,0,0
200804,06,063,4,9,Plumas County                 ,8,8,1313084,0,0,0,0,0,0,0,0,0,8,8,1313084,0,0,0,0,0,0,0,0,0
200804,06,065,4,9,Riverside County              ,388,388,87845825,0,0,0,2,6,681847,3,160,19061128,335,335,74757918,0,0,0,1,3,162448,1,141,17945126
200804,06,067,4,9,Sacramento County             ,228,228,41870255,0,0,0,0,0,0,0,0,0,225,225,41178530,0,0,0,0,0,0,0,0,0
200804,06,069,4,9,San Benito County             ,1,1,50825,0,0,0,0,0,0,0,0,0,1,1,50825,0,0,0,0,0,0,0,0,0
200804,06,071,4,9,San Bernardino County         ,188,188,37339435,1,2,89165,4,16,1409771,2,15,1396503,163,163,32692425,0,0,0,4,16,1409771,1,6,763622
200804,06,073,4,9,San Diego County              ,214,214,63649581,5,10,865421,4,16,2614202,16,281,4747693,209,209,62505956,5,10,865421,4,16,2614202,16,281,4747693
200804,06,075,4,9,San Francisco County          ,3,3,628534,4,8,3200000,0,0,0,4,896,195321665,3,3,628534,4,8,3200000,0,0,0,4,896,195321665
200804,06,077,4,9,San Joaquin County            ,76,76,17605704,0,0,0,0,0,0,0,0,0,75,75,17357376,0,0,0,0,0,0,0,0,0
200804,06,081,4,9,San Mateo County              ,28,28,26644353,0,0,0,0,0,0,0,0,0,14,14,20533929,0,0,0,0,0,0,0,0,0
200804,06,085,4,9,Santa Clara County            ,90,90,29085210,0,0,0,0,0,0,4,39,4967248,82,82,25905165,0,0,0,0,0,0,3,34,4008505
200804,06,091,4,9,Sierra County                 ,1,1,209511,0,0,0,0,0,0,0,0,0,1,1,209511,0,0,0,0,0,0,0,0,0
200804,06,113,4,9,Yolo County                   ,23,23,6015825,0,0,0,0,0,0,0,0,0,23,23,6015825,0,0,0,0,0,0,0,0,0
200804,08,001,4,8,Adams County                  ,64,64,12047782,0,0,0,0,0,0,0,0,0,62,62,11795948,0,0,0,0,0,0,0,0,0
200804,08,005,4,8,Arapahoe County               ,89,89,24826091,0,0,0,0,0,0,5,30,5152750,78,78,19167724,0,0,0,0,0,0,5,30,5152750
200804,08,014,4,8,Broomfield County             ,33,33,7713656,0,0,0,0,0,0,1,29,2131336,0,0,0,0,0,0,0,0,0,0,0,0
200804,08,015,4,8,Chaffee County                ,13,13,2872355,0,0,0,0,0,0,0,0,0,0,0,0,0,0,0,0,0,0,0,0,0
200804,08,019,4,8,Clear Creek County            ,0,0,0,0,0,0,0,0,0,0,0,0,0,0,0,0,0,0,0,0,0,0,0,0
200804,08,023,4,8,Costilla County               ,2,2,326397,0,0,0,0,0,0,0,0,0,0,0,0,0,0,0,0,0,0,0,0,0
200804,08,031,4,8,Denver County                 ,112,112,23465278,0,0,0,0,0,0,8,250,15802322,112,112,23465278,0,0,0,0,0,0,8,250,15802322
200804,08,033,4,8,Dolores County                ,0,0,0,0,0,0,0,0,0,0,0,0,0,0,0,0,0,0,0,0,0,0,0,0
200804,08,035,4,8,Douglas County                ,122,122,34829697,0,0,0,0,0,0,1,6,1236272,122,122,34829697,0,0,0,0,0,0,1,6,1236272
200804,08,039,4,8,Elbert County                 ,8,8,2567119,0,0,0,0,0,0,0,0,0,8,8,2567119,0,0,0,0,0,0,0,0,0
200804,08,041,4,8,El Paso County                ,173,173,17069334,0,0,0,0,0,0,0,0,0,173,173,17069334,0,0,0,0,0,0,0,0,0
200804,08,047,4,8,Gilpin County                 ,1,1,100000,0,0,0,0,0,0,0,0,0,1,1,100000,0,0,0,0,0,0,0,0,0
200804,08,049,4,8,Grand County                  ,26,26,6507504,1,2,216781,0,0,0,2,12,1483741,0,0,0,0,0,0,0,0,0,0,0,0
200804,08,059,4,8,Jefferson County              ,34,34,11495429,0,0,0,0,0,0,0,0,0,31,31,10586468,0,0,0,0,0,0,0,0,0
200804,08,069,4,8,Larimer County                ,90,90,21327143,3,6,685007,2,8,1316718,4,102,4697515,89,89,21070418,3,6,685007,2,8,1316718,4,102,4697515
200804,08,077,4,8,Mesa County                   ,76,76,14919192,2,4,327638,0,0,0,0,0,0,76,76,14919192,2,4,327638,0,0,0,0,0,0
200804,08,093,4,8,Park County                   ,8,8,1676091,0,0,0,0,0,0,0,0,0,8,8,1676091,0,0,0,0,0,0,0,0,0
200804,08,101,4,8,Pueblo County                 ,80,80,11010341,1,2,236573,0,0,0,0,0,0,80,80,11010341,1,2,236573,0,0,0,0,0,0
200804,08,107,4,8,Routt County                  ,17,17,6952897,0,0,0,0,0,0,1,19,4242031,0,0,0,0,0,0,0,0,0,0,0,0
200804,08,119,4,8,Teller County                 ,8,8,2007291,0,0,0,0,0,0,0,0,0,0,0,0,0,0,0,0,0,0,0,0,0
200804,08,123,4,8,Weld County                   ,101,101,23016802,0,0,0,0,0,0,1,12,347250,97,97,22475781,0,0,0,0,0,0,0,0,0
200804,10,001,3,5,Kent County                   ,74,74,10171527,0,0,0,0,0,0,1,5,342049,7,7,672389,0,0,0,0,0,0,0,0,0
200804,10,003,3,5,New Castle County             ,61,61,5302800,0,0,0,0,0,0,2,12,334170,38,38,3432901,0,0,0,0,0,0,0,0,0
200804,10,005,3,5,Sussex County                 ,130,130,19501028,2,4,361550,2,8,1084006,3,19,2120000,130,130,19501028,2,4,361550,2,8,1084006,3,19,2120000
200804,11,001,3,5,Washington  DC                ,96,96,15357390,0,0,0,0,0,0,14,70,4107550,96,96,15357390,0,0,0,0,0,0,14,70,4107550
200804,12,003,3,5,Baker County                  ,10,10,1388360,0,0,0,0,0,0,0,0,0,5,5,448675,0,0,0,0,0,0,0,0,0
200804,12,009,3,5,Brevard County                ,130,130,30709823,0,0,0,0,0,0,3,49,3543367,106,106,25914836,0,0,0,0,0,0,1,12,1200000
200804,12,011,3,5,Broward County                ,117,117,23870977,2,4,320000,5,15,584410,5,54,3616091,65,65,16063532,2,4,320000,5,15,584410,3,44,2973000
200804,12,013,3,5,Calhoun County                ,1,1,190000,0,0,0,0,0,0,0,0,0,1,1,190000,0,0,0,0,0,0,0,0,0
200804,12,015,3,5,Charlotte County              ,24,24,5053900,0,0,0,0,0,0,0,0,0,24,24,5053900,0,0,0,0,0,0,0,0,0
200804,12,019,3,5,Clay County                   ,51,51,8954565,0,0,0,0,0,0,0,0,0,48,48,8469116,0,0,0,0,0,0,0,0,0
200804,12,021,3,5,Collier County                ,69,69,29779296,0,0,0,4,16,4036000,1,10,1308000,69,69,29779296,0,0,0,4,16,4036000,1,10,1308000
200804,12,023,3,5,Columbia County               ,20,20,1921571,0,0,0,0,0,0,0,0,0,0,0,0,0,0,0,0,0,0,0,0,0
200804,12,031,3,5,Duval County                  ,286,286,50885373,0,0,0,0,0,0,2,40,3705073,286,286,50885373,0,0,0,0,0,0,2,40,3705073
200804,12,033,3,5,Escambia County               ,53,53,9298520,0,0,0,0,0,0,0,0,0,53,53,9298520,0,0,0,0,0,0,0,0,0
200804,12,041,3,5,Gilchrist County              ,4,4,322950,0,0,0,1,3,100000,0,0,0,4,4,322950,0,0,0,1,3,100000,0,0,0
200804,12,043,3,5,Glades County                 ,1,1,100000,0,0,0,0,0,0,0,0,0,1,1,100000,0,0,0,0,0,0,0,0,0
200804,12,047,3,5,Hamilton County               ,2,2,275000,0,0,0,0,0,0,0,0,0,2,2,275000,0,0,0,0,0,0,0,0,0
200804,12,049,3,5,Hardee County                 ,1,1,100000,0,0,0,0,0,0,0,0,0,1,1,100000,0,0,0,0,0,0,0,0,0
200804,12,053,3,5,Hernando County               ,45,45,8530851,0,0,0,0,0,0,0,0,0,42,42,7211512,0,0,0,0,0,0,0,0,0
200804,12,055,3,5,Highlands County              ,18,18,2819917,2,4,541800,0,0,0,0,0,0,15,15,1885890,2,4,541800,0,0,0,0,0,0
200804,12,057,3,5,Hillsborough County           ,205,205,29381190,1,2,127014,0,0,0,16,288,27748482,205,205,29381190,1,2,127014,0,0,0,16,288,27748482
200804,12,061,3,5,Indian River County           ,92,92,27129015,0,0,0,1,4,560052,0,0,0,92,92,27129015,0,0,0,1,4,560052,0,0,0
200804,12,063,3,5,Jackson County                ,13,13,1402600,0,0,0,0,0,0,0,0,0,13,13,1402600,0,0,0,0,0,0,0,0,0
200804,12,065,3,5,Jefferson County              ,4,4,474422,0,0,0,0,0,0,0,0,0,4,4,474422,0,0,0,0,0,0,0,0,0
200804,12,067,3,5,Lafayette County              ,1,1,167126,0,0,0,0,0,0,0,0,0,0,0,0,0,0,0,0,0,0,0,0,0
200804,12,069,3,5,Lake County                   ,81,81,24693634,0,0,0,0,0,0,2,43,3058724,74,74,23012951,0,0,0,0,0,0,0,0,0
200804,12,071,3,5,Lee County                    ,117,117,34175364,3,6,354066,0,0,0,4,30,8593885,100,100,28758544,3,6,354066,0,0,0,3,22,3650221
200804,12,073,3,5,Leon County                   ,62,62,11297369,6,12,764583,0,0,0,2,48,2034620,21,21,4482400,4,8,480000,0,0,0,0,0,0
200804,12,077,3,5,Liberty County                ,2,2,308459,0,0,0,0,0,0,0,0,0,0,0,0,0,0,0,0,0,0,0,0,0
200804,12,081,3,5,Manatee County                ,107,107,19790554,0,0,0,1,4,650000,0,0,0,107,107,19790554,0,0,0,1,4,650000,0,0,0
200804,12,083,3,5,Marion County                 ,117,117,21023960,0,0,0,0,0,0,0,0,0,117,117,21023960,0,0,0,0,0,0,0,0,0
200804,12,085,3,5,Martin County                 ,26,26,10312580,0,0,0,2,7,1711108,3,17,3842208,24,24,8689862,0,0,0,2,7,1711108,3,17,3842208
200804,12,086,3,5,Miami-Dade County             ,117,117,21402479,5,10,981025,0,0,0,8,334,15477816,73,73,13164848,5,10,981025,0,0,0,3,290,2457145
200804,12,089,3,5,Nassau County                 ,51,51,9824127,1,2,257268,0,0,0,0,0,0,44,44,8935247,1,2,257268,0,0,0,0,0,0
200804,12,095,3,5,Orange County                 ,239,239,47753728,0,0,0,0,0,0,2,425,24886450,212,212,40228720,0,0,0,0,0,0,2,425,24886450
200804,12,097,3,5,Osceola County                ,103,103,18367514,0,0,0,0,0,0,15,640,92638348,68,68,11563273,0,0,0,0,0,0,15,640,92638348
200804,12,099,3,5,Palm Beach County             ,125,125,41198557,1,2,202019,0,0,0,4,106,42675974,100,100,31998682,0,0,0,0,0,0,2,93,40917415
200804,12,101,3,5,Pasco County                  ,115,115,23136836,1,2,293460,6,18,2100000,2,12,1176180,113,113,22934417,1,2,293460,6,18,2100000,2,12,1176180
200804,12,103,3,5,Pinellas County               ,25,25,5276318,0,0,0,0,0,0,0,0,0,24,24,5113318,0,0,0,0,0,0,0,0,0
200804,12,105,3,5,Polk County                   ,250,250,45393087,1,2,82011,1,4,525000,0,0,0,245,245,44727998,1,2,82011,1,4,525000,0,0,0
200804,12,107,3,5,Putnam County                 ,3,3,362506,0,0,0,0,0,0,0,0,0,0,0,0,0,0,0,0,0,0,0,0,0
200804,12,109,3,5,St. Johns County              ,137,137,31879999,0,0,0,0,0,0,1,12,1200000,137,137,31879999,0,0,0,0,0,0,1,12,1200000
200804,12,111,3,5,St. Lucie County              ,106,106,17610105,0,0,0,1,4,458221,1,12,1041776,16,16,4022554,0,0,0,0,0,0,0,0,0
200804,12,113,3,5,Santa Rosa County             ,52,52,9174875,0,0,0,0,0,0,0,0,0,52,52,9174875,0,0,0,0,0,0,0,0,0
200804,12,115,3,5,Sarasota County               ,58,58,19093093,1,2,204274,0,0,0,1,24,4861145,58,58,19093093,1,2,204274,0,0,0,1,24,4861145
200804,12,117,3,5,Seminole County               ,72,72,13724555,0,0,0,0,0,0,0,0,0,67,67,12892523,0,0,0,0,0,0,0,0,0
200804,12,119,3,5,Sumter County                 ,192,192,43590587,0,0,0,0,0,0,0,0,0,192,192,43590587,0,0,0,0,0,0,0,0,0
200804,12,123,3,5,Taylor County                 ,3,3,339655,0,0,0,0,0,0,0,0,0,3,3,339655,0,0,0,0,0,0,0,0,0
200804,12,125,3,5,Union County                  ,4,4,382025,0,0,0,0,0,0,0,0,0,0,0,0,0,0,0,0,0,0,0,0,0
200804,12,127,3,5,Volusia County                ,125,125,29942128,0,0,0,0,0,0,3,26,4141079,61,61,15520705,0,0,0,0,0,0,0,0,0
200804,12,129,3,5,Wakulla County                ,4,4,422620,0,0,0,0,0,0,0,0,0,4,4,422620,0,0,0,0,0,0,0,0,0
200804,12,131,3,5,Walton County                 ,50,50,8731871,0,0,0,0,0,0,0,0,0,48,48,8522266,0,0,0,0,0,0,0,0,0
200804,12,133,3,5,Washington County             ,3,3,341326,0,0,0,0,0,0,0,0,0,3,3,341326,0,0,0,0,0,0,0,0,0
200804,13,005,3,5,Bacon County                  ,0,0,0,0,0,0,0,0,0,0,0,0,0,0,0,0,0,0,0,0,0,0,0,0
200804,13,013,3,5,Barrow County                 ,39,39,3281698,0,0,0,0,0,0,0,0,0,39,39,3281698,0,0,0,0,0,0,0,0,0
200804,13,015,3,5,Bartow County                 ,44,44,7935632,0,0,0,2,6,571655,0,0,0,42,42,7602257,0,0,0,2,6,571655,0,0,0
200804,13,029,3,5,Bryan County                  ,20,20,3718220,0,0,0,0,0,0,0,0,0,20,20,3718220,0,0,0,0,0,0,0,0,0
200804,13,035,3,5,Butts County                  ,8,8,1260000,0,0,0,0,0,0,0,0,0,0,0,0,0,0,0,0,0,0,0,0,0
200804,13,045,3,5,Carroll County                ,27,27,3219983,0,0,0,0,0,0,0,0,0,24,24,2891089,0,0,0,0,0,0,0,0,0
200804,13,057,3,5,Cherokee County               ,65,65,13490717,1,2,285000,0,0,0,0,0,0,65,65,13490717,1,2,285000,0,0,0,0,0,0
200804,13,059,3,5,Clarke County                 ,22,22,4674956,1,2,276264,1,4,1020354,0,0,0,22,22,4674956,1,2,276264,1,4,1020354,0,0,0
200804,13,063,3,5,Clayton County                ,64,64,8034958,0,0,0,0,0,0,0,0,0,64,64,8034958,0,0,0,0,0,0,0,0,0
200804,13,067,3,5,Cobb County                   ,80,80,18575689,0,0,0,3,11,1750529,3,19,2546425,80,80,18575689,0,0,0,3,11,1750529,3,19,2546425
200804,13,077,3,5,Coweta County                 ,47,47,11633518,0,0,0,0,0,0,0,0,0,39,39,10341036,0,0,0,0,0,0,0,0,0
200804,13,085,3,5,Dawson County                 ,14,14,2910537,0,0,0,0,0,0,0,0,0,14,14,2910537,0,0,0,0,0,0,0,0,0
200804,13,089,3,5,DeKalb County                 ,494,494,87706582,0,0,0,0,0,0,0,0,0,493,493,87530914,0,0,0,0,0,0,0,0,0
200804,13,095,3,5,Dougherty County              ,4,4,445399,1,2,150054,1,3,152768,0,0,0,0,0,0,0,0,0,0,0,0,0,0,0
200804,13,097,3,5,Douglas County                ,43,43,4768560,0,0,0,0,0,0,0,0,0,43,43,4768560,0,0,0,0,0,0,0,0,0
200804,13,113,3,5,Fayette County                ,13,13,3671681,0,0,0,0,0,0,0,0,0,6,6,1977648,0,0,0,0,0,0,0,0,0
200804,13,117,3,5,Forsyth County                ,145,145,18389087,0,0,0,0,0,0,0,0,0,145,145,18389087,0,0,0,0,0,0,0,0,0
200804,13,121,3,5,Fulton County                 ,260,260,41175081,2,4,630258,2,6,772971,4,132,13867753,239,239,37599700,2,4,630258,2,6,772971,4,132,13867753
200804,13,127,3,5,Glynn County                  ,43,43,11388154,0,0,0,0,0,0,0,0,0,0,0,0,0,0,0,0,0,0,0,0,0
200804,13,133,3,5,Greene County                 ,12,12,4471632,0,0,0,0,0,0,0,0,0,12,12,4471632,0,0,0,0,0,0,0,0,0
200804,13,135,3,5,Gwinnett County               ,146,146,19156029,0,0,0,0,0,0,1,12,843012,136,136,17747967,0,0,0,0,0,0,1,12,843012
200804,13,143,3,5,Haralson County               ,7,7,1235079,0,0,0,0,0,0,0,0,0,7,7,1235079,0,0,0,0,0,0,0,0,0
200804,13,145,3,5,Harris County                 ,13,13,2602990,0,0,0,0,0,0,0,0,0,13,13,2602990,0,0,0,0,0,0,0,0,0
200804,13,149,3,5,Heard County                  ,1,1,134371,0,0,0,0,0,0,0,0,0,0,0,0,0,0,0,0,0,0,0,0,0
200804,13,151,3,5,Henry County                  ,43,43,7904015,1,2,383344,0,0,0,1,13,851190,21,21,5404979,1,2,383344,0,0,0,0,0,0
200804,13,159,3,5,Jasper County                 ,8,8,1125100,0,0,0,0,0,0,0,0,0,0,0,0,0,0,0,0,0,0,0,0,0
200804,13,169,3,5,Jones County                  ,15,15,2839000,0,0,0,0,0,0,0,0,0,15,15,2839000,0,0,0,0,0,0,0,0,0
200804,13,171,3,5,Lamar County                  ,6,6,797001,0,0,0,0,0,0,0,0,0,2,2,352880,0,0,0,0,0,0,0,0,0
200804,13,177,3,5,Lee County                    ,16,16,1828562,0,0,0,0,0,0,0,0,0,0,0,0,0,0,0,0,0,0,0,0,0
200804,13,189,3,5,McDuffie County               ,2,2,410000,0,0,0,0,0,0,0,0,0,2,2,410000,0,0,0,0,0,0,0,0,0
200804,13,199,3,5,Meriwether County             ,5,5,882200,0,0,0,0,0,0,0,0,0,5,5,882200,0,0,0,0,0,0,0,0,0
200804,13,211,3,5,Morgan County                 ,15,15,3085923,0,0,0,0,0,0,0,0,0,15,15,3085923,0,0,0,0,0,0,0,0,0
200804,13,215,3,5,Muscogee County               ,31,31,3282901,0,0,0,1,3,136311,2,19,1434474,0,0,0,0,0,0,0,0,0,0,0,0
200804,13,217,3,5,Newton County                 ,17,17,2847727,0,0,0,0,0,0,0,0,0,17,17,2847727,0,0,0,0,0,0,0,0,0
200804,13,223,3,5,Paulding County               ,62,62,10874667,0,0,0,0,0,0,0,0,0,47,47,8292676,0,0,0,0,0,0,0,0,0
200804,13,227,3,5,Pickens County                ,12,12,2757107,0,0,0,0,0,0,0,0,0,11,11,2663974,0,0,0,0,0,0,0,0,0
200804,13,231,3,5,Pike County                   ,13,13,1788596,0,0,0,0,0,0,0,0,0,4,4,625000,0,0,0,0,0,0,0,0,0
200804,13,237,3,5,Putnam County                 ,25,25,4953071,0,0,0,0,0,0,0,0,0,25,25,4953071,0,0,0,0,0,0,0,0,0
200804,13,239,3,5,Quitman County                ,0,0,0,0,0,0,0,0,0,0,0,0,0,0,0,0,0,0,0,0,0,0,0,0
200804,13,247,3,5,Rockdale County               ,11,11,3197625,0,0,0,0,0,0,0,0,0,11,11,3197625,0,0,0,0,0,0,0,0,0
200804,13,255,3,5,Spalding County               ,6,6,1000440,0,0,0,0,0,0,0,0,0,6,6,1000440,0,0,0,0,0,0,0,0,0
200804,13,291,3,5,Union County                  ,11,11,1953019,0,0,0,0,0,0,0,0,0,11,11,1953019,0,0,0,0,0,0,0,0,0
200804,13,297,3,5,Walton County                 ,23,23,3949783,0,0,0,1,3,0,0,0,0,18,18,3193167,0,0,0,0,0,0,0,0,0
200804,13,313,3,5,Whitfield County              ,21,21,2380458,1,2,97230,0,0,0,1,5,247052,0,0,0,0,0,0,0,0,0,0,0,0
200804,13,321,3,5,Worth County                  ,3,3,354368,0,0,0,0,0,0,0,0,0,0,0,0,0,0,0,0,0,0,0,0,0
200804,15,001,4,9,Hawaii County                 ,130,130,63731052,0,0,0,0,0,0,0,0,0,130,130,63731052,0,0,0,0,0,0,0,0,0
200804,15,003,4,9,Honolulu County               ,63,63,17793809,0,0,0,2,8,903912,3,102,13654300,0,0,0,0,0,0,0,0,0,0,0,0
200804,15,007,4,9,Kauai County                  ,19,19,6530900,0,0,0,0,0,0,0,0,0,19,19,6530900,0,0,0,0,0,0,0,0,0
200804,15,009,4,9,Maui County                   ,42,42,9232440,39,78,15745100,2,7,1715300,1,11,3700000,42,42,9232440,39,78,15745100,2,7,1715300,1,11,3700000
200804,16,001,4,8,Ada County                    ,198,198,47245967,8,16,2000000,1,4,301312,0,0,0,191,191,45653937,8,16,2000000,1,4,301312,0,0,0
200804,16,015,4,8,Boise County                  ,4,4,830625,0,0,0,0,0,0,0,0,0,4,4,830625,0,0,0,0,0,0,0,0,0
200804,16,027,4,8,Canyon County                 ,99,99,13853836,0,0,0,5,20,1169251,0,0,0,63,63,8648328,0,0,0,0,0,0,0,0,0
200804,16,045,4,8,Gem County                    ,1,1,126266,1,2,124773,1,4,367025,0,0,0,1,1,126266,1,2,124773,1,4,367025,0,0,0
200804,16,073,4,8,Owyhee County                 ,3,3,811441,0,0,0,0,0,0,0,0,0,3,3,811441,0,0,0,0,0,0,0,0,0
200804,17,005,2,3,Bond County                   ,5,5,1108000,0,0,0,0,0,0,0,0,0,5,5,1108000,0,0,0,0,0,0,0,0,0
200804,17,013,2,3,Calhoun County                ,3,3,716000,0,0,0,0,0,0,0,0,0,3,3,716000,0,0,0,0,0,0,0,0,0
200804,17,027,2,3,Clinton County                ,15,15,3155977,0,0,0,0,0,0,0,0,0,13,13,2766533,0,0,0,0,0,0,0,0,0
200804,17,031,2,3,Cook County                   ,230,230,59379217,1,2,280000,24,74,13810600,16,1266,229183498,183,183,46530145,1,2,280000,24,74,13810600,11,1214,224758395
200804,17,037,2,3,DeKalb County                 ,24,24,3566516,0,0,0,0,0,0,1,5,254405,1,1,300000,0,0,0,0,0,0,0,0,0
200804,17,039,2,3,De Witt County                ,2,2,400000,0,0,0,0,0,0,0,0,0,2,2,400000,0,0,0,0,0,0,0,0,0
200804,17,043,2,3,DuPage County                 ,73,73,25125152,0,0,0,0,0,0,2,17,2221433,23,23,5955505,0,0,0,0,0,0,0,0,0
200804,17,063,2,3,Grundy County                 ,11,11,2001870,0,0,0,0,0,0,1,5,256410,7,7,1142235,0,0,0,0,0,0,0,0,0
200804,17,083,2,3,Jersey County                 ,5,5,831957,1,2,222156,0,0,0,1,5,289248,0,0,0,0,0,0,0,0,0,0,0,0
200804,17,089,2,3,Kane County                   ,129,129,26268117,0,0,0,0,0,0,4,58,8358504,49,49,12112128,0,0,0,0,0,0,2,48,6000000
200804,17,093,2,3,Kendall County                ,45,45,8349041,0,0,0,0,0,0,0,0,0,42,42,7223507,0,0,0,0,0,0,0,0,0
200804,17,097,2,3,Lake County                   ,83,83,30130121,0,0,0,0,0,0,1,8,1779104,41,41,17012183,0,0,0,0,0,0,0,0,0
200804,17,111,2,3,McHenry County                ,61,61,12697092,1,2,288750,1,3,228493,2,11,139054,31,31,7874995,0,0,0,0,0,0,2,11,139054
200804,17,117,2,3,Macoupin County               ,5,5,847728,0,0,0,0,0,0,0,0,0,0,0,0,0,0,0,0,0,0,0,0,0
200804,17,119,2,3,Madison County                ,60,60,12041897,0,0,0,0,0,0,1,5,269444,41,41,8292341,0,0,0,0,0,0,0,0,0
200804,17,133,2,3,Monroe County                 ,15,15,3313881,0,0,0,0,0,0,0,0,0,14,14,3156681,0,0,0,0,0,0,0,0,0
200804,17,163,2,3,St. Clair County              ,67,67,11866098,0,0,0,1,3,251842,0,0,0,16,16,2422039,0,0,0,0,0,0,0,0,0
200804,17,197,2,3,Will County                   ,148,148,38454936,0,0,0,0,0,0,1,6,515989,119,119,31521737,0,0,0,0,0,0,1,6,515989
200804,18,001,2,3,Adams County                  ,8,8,1074140,0,0,0,0,0,0,0,0,0,6,6,793000,0,0,0,0,0,0,0,0,0
200804,18,003,2,3,Allen County                  ,63,63,12110310,0,0,0,0,0,0,10,80,4001132,63,63,12110310,0,0,0,0,0,0,10,80,4001132
200804,18,011,2,3,Boone County                  ,26,26,4689235,0,0,0,0,0,0,0,0,0,21,21,3814235,0,0,0,0,0,0,0,0,0
200804,18,013,2,3,Brown County                  ,24,24,4873879,0,0,0,0,0,0,0,0,0,24,24,4873879,0,0,0,0,0,0,0,0,0
200804,18,019,2,3,Clark County                  ,44,44,7601740,0,0,0,0,0,0,0,0,0,41,41,7045856,0,0,0,0,0,0,0,0,0
200804,18,029,2,3,Dearborn County               ,10,10,1732800,0,0,0,0,0,0,0,0,0,10,10,1732800,0,0,0,0,0,0,0,0,0
200804,18,043,2,3,Floyd County                  ,15,15,2930551,0,0,0,0,0,0,0,0,0,13,13,2640018,0,0,0,0,0,0,0,0,0
200804,18,047,2,3,Franklin County               ,7,7,1875800,0,0,0,0,0,0,0,0,0,7,7,1875800,0,0,0,0,0,0,0,0,0
200804,18,057,2,3,Hamilton County               ,183,183,35669651,1,2,216099,0,0,0,1,6,515989,183,183,35669651,1,2,216099,0,0,0,1,6,515989
200804,18,059,2,3,Hancock County                ,26,26,4983763,0,0,0,0,0,0,0,0,0,14,14,3459926,0,0,0,0,0,0,0,0,0
200804,18,061,2,3,Harrison County               ,10,10,2030783,0,0,0,0,0,0,0,0,0,10,10,2030783,0,0,0,0,0,0,0,0,0
200804,18,063,2,3,Hendricks County              ,57,57,9799519,0,0,0,0,0,0,0,0,0,43,43,7665387,0,0,0,0,0,0,0,0,0
200804,18,065,2,3,Henry County                  ,3,3,364126,0,0,0,0,0,0,0,0,0,1,1,45000,0,0,0,0,0,0,0,0,0
200804,18,069,2,3,Huntington County             ,3,3,675407,0,0,0,0,0,0,0,0,0,3,3,675407,0,0,0,0,0,0,0,0,0
200804,18,073,2,3,Jasper County                 ,16,16,2846548,0,0,0,0,0,0,0,0,0,16,16,2846548,0,0,0,0,0,0,0,0,0
200804,18,079,2,3,Jennings County               ,10,10,1197873,0,0,0,0,0,0,0,0,0,10,10,1197873,0,0,0,0,0,0,0,0,0
200804,18,081,2,3,Johnson County                ,57,57,11371135,0,0,0,1,3,290000,0,0,0,30,30,7480698,0,0,0,0,0,0,0,0,0
200804,18,087,2,3,Lagrange County               ,13,13,2081343,0,0,0,0,0,0,0,0,0,0,0,0,0,0,0,0,0,0,0,0,0
200804,18,089,2,3,Lake County                   ,79,79,17889326,1,2,230000,0,0,0,5,91,4741680,60,60,14324802,1,2,230000,0,0,0,5,91,4741680
200804,18,097,2,3,Marion County                 ,93,93,18214933,0,0,0,2,8,711500,0,0,0,93,93,18214933,0,0,0,2,8,711500,0,0,0
200804,18,105,2,3,Monroe County                 ,29,29,4673246,1,2,196501,0,0,0,1,16,1127204,29,29,4673246,1,2,196501,0,0,0,1,16,1127204
200804,18,109,2,3,Morgan County                 ,14,14,3097818,1,2,175167,1,3,223000,0,0,0,12,12,2746855,0,0,0,0,0,0,0,0,0
200804,18,111,2,3,Newton County                 ,5,5,958333,0,0,0,0,0,0,0,0,0,4,4,820000,0,0,0,0,0,0,0,0,0
200804,18,115,2,3,Ohio County                   ,0,0,0,0,0,0,0,0,0,0,0,0,0,0,0,0,0,0,0,0,0,0,0,0
200804,18,125,2,3,Pike County                   ,2,2,250000,0,0,0,0,0,0,0,0,0,2,2,250000,0,0,0,0,0,0,0,0,0
200804,18,127,2,3,Porter County                 ,43,43,8576312,0,0,0,0,0,0,0,0,0,43,43,8576312,0,0,0,0,0,0,0,0,0
200804,18,133,2,3,Putnam County                 ,7,7,1220391,0,0,0,0,0,0,0,0,0,7,7,1220391,0,0,0,0,0,0,0,0,0
200804,18,145,2,3,Shelby County                 ,5,5,710674,0,0,0,0,0,0,0,0,0,5,5,710674,0,0,0,0,0,0,0,0,0
200804,18,155,2,3,Switzerland County            ,8,8,466129,0,0,0,0,0,0,0,0,0,0,0,0,0,0,0,0,0,0,0,0,0
200804,18,157,2,3,Tippecanoe County             ,53,53,9262579,0,0,0,0,0,0,0,0,40000,53,53,9262579,0,0,0,0,0,0,0,0,40000
200804,18,163,2,3,Vanderburgh County            ,25,25,3243284,0,0,0,0,0,0,2,13,2882861,0,0,0,0,0,0,0,0,0,0,0,0
200804,18,167,2,3,Vigo County                   ,6,6,865112,1,2,190859,0,0,0,1,8,456897,2,2,322293,0,0,0,0,0,0,0,0,0
200804,18,175,2,3,Washington County             ,6,6,1359283,1,2,217717,0,0,0,0,0,0,6,6,1359283,1,2,217717,0,0,0,0,0,0
200804,18,179,2,3,Wells County                  ,2,2,406157,0,0,0,0,0,0,0,0,0,2,2,406157,0,0,0,0,0,0,0,0,0
200804,18,181,2,3,White County                  ,7,7,1223677,0,0,0,0,0,0,0,0,0,7,7,1223677,0,0,0,0,0,0,0,0,0
200804,18,183,2,3,Whitley County                ,15,15,2124400,0,0,0,0,0,0,0,0,0,15,15,2124400,0,0,0,0,0,0,0,0,0
200804,19,049,2,4,Dallas County                 ,17,17,3941393,1,2,180000,0,0,0,0,0,0,16,16,3773893,0,0,0,0,0,0,0,0,0
200804,19,077,2,4,Guthrie County                ,1,1,60000,0,0,0,0,0,0,0,0,0,1,1,60000,0,0,0,0,0,0,0,0,0
200804,19,085,2,4,Harrison County               ,4,4,812313,0,0,0,0,0,0,0,0,0,4,4,812313,0,0,0,0,0,0,0,0,0
200804,19,121,2,4,Madison County                ,6,6,856667,0,0,0,0,0,0,0,0,0,5,5,703000,0,0,0,0,0,0,0,0,0
200804,19,129,2,4,Mills County                  ,8,8,841000,0,0,0,0,0,0,0,0,0,8,8,841000,0,0,0,0,0,0,0,0,0
200804,19,153,2,4,Polk County                   ,162,162,27774888,0,0,0,0,0,0,2,82,6057290,108,108,17957581,0,0,0,0,0,0,2,82,6057290
200804,19,155,2,4,Pottawattamie County          ,22,22,3095417,0,0,0,0,0,0,0,0,0,22,22,3095417,0,0,0,0,0,0,0,0,0
200804,19,181,2,4,Warren County                 ,14,14,2737155,1,2,225250,1,3,349420,1,18,2700000,13,13,2545400,1,2,225250,1,3,349420,1,18,2700000
200804,20,055,2,4,Finney County                 ,0,0,0,0,0,0,0,0,0,0,0,0,0,0,0,0,0,0,0,0,0,0,0,0
200804,20,059,2,4,Franklin County               ,4,4,613790,0,0,0,0,0,0,0,0,0,4,4,613790,0,0,0,0,0,0,0,0,0
200804,20,063,2,4,Gove County                   ,0,0,0,0,0,0,0,0,0,0,0,0,0,0,0,0,0,0,0,0,0,0,0,0
200804,20,091,2,4,Johnson County                ,101,101,30983280,1,2,162400,0,0,0,1,10,439098,77,77,27240089,1,2,162400,0,0,0,0,0,0
200804,20,103,2,4,Leavenworth County            ,27,27,5641153,0,0,0,0,0,0,0,0,0,12,12,2808174,0,0,0,0,0,0,0,0,0
200804,20,107,2,4,Linn County                   ,2,2,282790,0,0,0,0,0,0,0,0,0,0,0,0,0,0,0,0,0,0,0,0,0
200804,20,121,2,4,Miami County                  ,7,7,1361765,0,0,0,0,0,0,0,0,0,2,2,339334,0,0,0,0,0,0,0,0,0
200804,20,129,2,4,Morton County                 ,0,0,0,0,0,0,0,0,0,0,0,0,0,0,0,0,0,0,0,0,0,0,0,0
200804,20,151,2,4,Pratt County                  ,0,0,0,0,0,0,0,0,0,0,0,0,0,0,0,0,0,0,0,0,0,0,0,0
200804,20,183,2,4,Smith County                  ,1,1,119314,1,2,198498,0,0,0,0,0,0,0,0,0,0,0,0,0,0,0,0,0,0
200804,20,209,2,4,Wyandotte County              ,32,32,4099636,2,4,280000,0,0,0,0,0,0,32,32,4099636,2,4,280000,0,0,0,0,0,0
200804,21,005,3,6,Anderson County               ,5,5,987600,0,0,0,0,0,0,0,0,0,5,5,987600,0,0,0,0,0,0,0,0,0
200804,21,015,3,6,Boone County                  ,55,55,7631164,1,2,208048,0,0,0,1,5,369348,0,0,0,0,0,0,0,0,0,0,0,0
200804,21,021,3,6,Boyle County                  ,6,6,965475,1,2,106900,1,3,301929,0,0,0,0,0,0,0,0,0,0,0,0,0,0,0
200804,21,029,3,6,Bullitt County                ,32,32,5190250,0,0,0,0,0,0,0,0,0,32,32,5190250,0,0,0,0,0,0,0,0,0
200804,21,037,3,6,Campbell County               ,15,15,2172717,0,0,0,0,0,0,2,19,9950000,10,10,1312940,0,0,0,0,0,0,1,12,8400000
200804,21,049,3,6,Clark County                  ,9,9,1537817,0,0,0,0,0,0,0,0,0,0,0,0,0,0,0,0,0,0,0,0,0
200804,21,059,3,6,Daviess County                ,20,20,2149048,0,0,0,0,0,0,0,0,0,20,20,2149048,0,0,0,0,0,0,0,0,0
200804,21,067,3,6,Fayette County                ,64,64,10935000,0,0,0,3,10,815700,10,222,12750000,64,64,10935000,0,0,0,3,10,815700,10,222,12750000
200804,21,077,3,6,Gallatin County               ,7,7,212290,0,0,0,0,0,0,0,0,0,7,7,212290,0,0,0,0,0,0,0,0,0
200804,21,081,3,6,Grant County                  ,12,12,1350000,0,0,0,0,0,0,0,0,0,12,12,1350000,0,0,0,0,0,0,0,0,0
200804,21,103,3,6,Henry County                  ,3,3,527000,0,0,0,0,0,0,0,0,0,3,3,527000,0,0,0,0,0,0,0,0,0
200804,21,111,3,6,Jefferson County              ,130,130,21238086,0,0,0,0,0,0,0,0,0,130,130,21238086,0,0,0,0,0,0,0,0,0
200804,21,113,3,6,Jessamine County              ,17,17,2672214,0,0,0,0,0,0,0,0,0,6,6,1510000,0,0,0,0,0,0,0,0,0
200804,21,117,3,6,Kenton County                 ,49,49,6000282,0,0,0,0,0,0,2,10,348084,38,38,4980080,0,0,0,0,0,0,0,0,0
200804,21,137,3,6,Lincoln County                ,8,8,1420378,0,0,0,0,0,0,0,0,0,8,8,1420378,0,0,0,0,0,0,0,0,0
200804,21,151,3,6,Madison County                ,19,19,1907662,0,0,0,1,4,170000,3,16,752572,6,6,773000,0,0,0,1,4,170000,2,11,584000
200804,21,157,3,6,Marshall County               ,1,1,121209,0,0,0,0,0,0,0,0,0,0,0,0,0,0,0,0,0,0,0,0,0
200804,21,163,3,6,Meade County                  ,13,13,1964518,1,2,67167,1,3,96429,0,0,0,12,12,1855000,0,0,0,0,0,0,0,0,0
200804,21,167,3,6,Mercer County                 ,4,4,535000,0,0,0,0,0,0,0,0,0,4,4,535000,0,0,0,0,0,0,0,0,0
200804,21,179,3,6,Nelson County                 ,31,31,3705900,0,0,0,0,0,0,0,0,0,31,31,3705900,0,0,0,0,0,0,0,0,0
200804,21,185,3,6,Oldham County                 ,23,23,5951755,0,0,0,0,0,0,0,0,0,0,0,0,0,0,0,0,0,0,0,0,0
200804,21,191,3,6,Pendleton County              ,0,0,0,0,0,0,0,0,0,0,0,0,0,0,0,0,0,0,0,0,0,0,0,0
200804,21,205,3,6,Rowan County                  ,0,0,0,0,0,0,0,0,0,0,0,0,0,0,0,0,0,0,0,0,0,0,0,0
200804,21,209,3,6,Scott County                  ,29,29,4267000,0,0,0,0,0,0,0,0,0,29,29,4267000,0,0,0,0,0,0,0,0,0
200804,21,211,3,6,Shelby County                 ,23,23,4392855,0,0,0,0,0,0,0,0,0,23,23,4392855,0,0,0,0,0,0,0,0,0
200804,21,213,3,6,Simpson County                ,4,4,574918,1,2,102467,0,0,0,0,0,0,0,0,0,0,0,0,0,0,0,0,0,0
200804,21,215,3,6,Spencer County                ,7,7,1235079,0,0,0,0,0,0,0,0,0,7,7,1235079,0,0,0,0,0,0,0,0,0
200804,21,221,3,6,Trigg County                  ,1,1,160000,0,0,0,0,0,0,0,0,0,1,1,160000,0,0,0,0,0,0,0,0,0
200804,21,239,3,6,Woodford County               ,10,10,1525900,0,0,0,0,0,0,0,0,0,10,10,1525900,0,0,0,0,0,0,0,0,0
200804,22,009,3,7,Avoyelles Parish              ,4,4,450481,0,0,0,0,0,0,0,0,0,0,0,0,0,0,0,0,0,0,0,0,0
200804,22,039,3,7,Evangeline Parish             ,5,5,873000,0,0,0,0,0,0,0,0,0,5,5,873000,0,0,0,0,0,0,0,0,0
200804,22,051,3,7,Jefferson Parish              ,26,26,4776605,1,2,140760,0,0,0,0,0,0,20,20,3846470,0,0,0,0,0,0,0,0,0
200804,22,071,3,7,Orleans Parish                ,91,91,12946191,18,36,1972490,0,0,0,0,0,0,91,91,12946191,18,36,1972490,0,0,0,0,0,0
200804,22,075,3,7,Plaquemines Parish            ,10,10,754610,0,0,0,0,0,0,0,0,0,10,10,754610,0,0,0,0,0,0,0,0,0
200804,22,077,3,7,Pointe Coupee Parish          ,4,4,712592,0,0,0,0,0,0,0,0,0,0,0,0,0,0,0,0,0,0,0,0,0
200804,22,087,3,7,St. Bernard Parish            ,8,8,995000,0,0,0,0,0,0,0,0,0,8,8,995000,0,0,0,0,0,0,0,0,0
200804,22,089,3,7,St. Charles Parish            ,8,8,1837420,0,0,0,0,0,0,0,0,0,0,0,0,0,0,0,0,0,0,0,0,0
200804,22,091,3,7,St. Helena Parish             ,2,2,254318,0,0,0,0,0,0,0,0,0,0,0,0,0,0,0,0,0,0,0,0,0
200804,22,095,3,7,St. John the Baptist Parish   ,4,4,622836,0,0,0,0,0,0,0,0,0,0,0,0,0,0,0,0,0,0,0,0,0
200804,22,103,3,7,St. Tammany Parish            ,109,109,18079781,0,0,0,0,0,0,0,0,0,109,109,18079781,0,0,0,0,0,0,0,0,0
200804,22,109,3,7,Terrebonne Parish             ,29,29,8872335,0,0,0,0,0,0,0,0,0,29,29,8872335,0,0,0,0,0,0,0,0,0
200804,22,117,3,7,Washington Parish             ,23,23,3774333,0,0,0,0,0,0,0,0,0,0,0,0,0,0,0,0,0,0,0,0,0
200804,23,000,1,1,Maine Unorganized Territory   ,12,12,1593602,0,0,0,0,0,0,0,0,0,0,0,0,0,0,0,0,0,0,0,0,0
200804,24,003,3,5,Anne Arundel County           ,110,110,19612654,0,0,0,0,0,0,0,0,0,108,108,19055510,0,0,0,0,0,0,0,0,0
200804,24,005,3,5,Baltimore County              ,49,49,8645555,0,0,0,0,0,0,0,0,0,49,49,8645555,0,0,0,0,0,0,0,0,0
200804,24,009,3,5,Calvert County                ,35,35,6175397,0,0,0,0,0,0,0,0,0,35,35,6175397,0,0,0,0,0,0,0,0,0
200804,24,013,3,5,Carroll County                ,31,31,5469637,0,0,0,0,0,0,0,0,0,31,31,5469637,0,0,0,0,0,0,0,0,0
200804,24,015,3,5,Cecil County                  ,16,16,2479637,0,0,0,0,0,0,1,12,420000,13,13,2148000,0,0,0,0,0,0,1,12,420000
200804,24,017,3,5,Charles County                ,58,58,14789128,0,0,0,0,0,0,0,0,0,53,53,14014943,0,0,0,0,0,0,0,0,0
200804,24,021,3,5,Frederick County              ,40,40,7425397,0,0,0,0,0,0,0,0,0,40,40,7425397,0,0,0,0,0,0,0,0,0
200804,24,023,3,5,Garrett County                ,30,30,8261739,0,0,0,0,0,0,0,0,0,30,30,8261739,0,0,0,0,0,0,0,0,0
200804,24,025,3,5,Harford County                ,76,76,13487040,0,0,0,0,0,0,1,5,485078,68,68,11997914,0,0,0,0,0,0,0,0,0
200804,24,027,3,5,Howard County                 ,85,85,14997392,0,0,0,0,0,0,0,0,0,85,85,14997392,0,0,0,0,0,0,0,0,0
200804,24,031,3,5,Montgomery County             ,101,101,26119278,0,0,0,0,0,0,1,5,700391,97,97,25435333,0,0,0,0,0,0,0,0,0
200804,24,033,3,5,Prince George County          ,64,64,9723004,0,0,0,0,0,0,1,28,2155629,59,59,8476000,0,0,0,0,0,0,0,0,0
200804,24,035,3,5,Queen Anne County             ,20,20,3078393,0,0,0,0,0,0,0,0,0,20,20,3078393,0,0,0,0,0,0,0,0,0
200804,24,510,3,5,Baltimore (Independent City)  ,13,13,1979900,0,0,0,0,0,0,1,9,832555,0,0,0,0,0,0,0,0,0,0,0,0
200804,25,009,1,1,Essex County                  ,44,44,13773230,2,4,299259,0,0,0,3,20,1705994,26,26,8865447,0,0,0,0,0,0,0,0,0
200804,25,017,1,1,Middlesex County              ,111,111,26941681,2,4,500237,0,0,0,5,59,11443800,58,58,15207216,0,0,0,0,0,0,0,0,0
200804,25,019,1,1,Nantucket County              ,9,9,3147000,0,0,0,0,0,0,0,0,0,9,9,3147000,0,0,0,0,0,0,0,0,0
200804,25,021,1,1,Norfolk County                ,38,38,14558881,1,2,300000,0,0,0,5,46,4190215,31,31,12723840,1,2,300000,0,0,0,0,0,0
200804,25,023,1,1,Plymouth County               ,46,46,8427357,1,2,314037,3,11,1121443,3,30,2154000,11,11,1801485,0,0,0,2,8,826000,3,30,2154000
200804,25,025,1,1,Suffolk County                ,2,2,448000,1,2,185000,0,0,0,2,149,14116558,2,2,448000,1,2,185000,0,0,0,2,149,14116558
200804,26,000,2,3,Michigan Balance of State     ,11,11,1348484,0,0,0,0,0,0,0,0,0,11,11,1348484,0,0,0,0,0,0,0,0,0
200804,26,001,2,3,Alcona County                 ,6,6,609000,0,0,0,0,0,0,0,0,0,6,6,609000,0,0,0,0,0,0,0,0,0
200804,26,009,2,3,Antrim County                 ,10,10,1628624,0,0,0,0,0,0,0,0,0,0,0,0,0,0,0,0,0,0,0,0,0
200804,26,015,2,3,Barry County                  ,10,10,2137000,0,0,0,0,0,0,0,0,0,10,10,2137000,0,0,0,0,0,0,0,0,0
200804,26,019,2,3,Benzie County                 ,6,6,621000,0,0,0,0,0,0,0,0,0,6,6,621000,0,0,0,0,0,0,0,0,0
200804,26,029,2,3,Charlevoix County             ,11,11,1650000,0,0,0,0,0,0,1,5,875000,0,0,0,0,0,0,0,0,0,0,0,0
200804,26,031,2,3,Cheboygan County              ,8,8,1787159,0,0,0,0,0,0,0,0,0,8,8,1787159,0,0,0,0,0,0,0,0,0
200804,26,047,2,3,Emmet County                  ,8,8,2362606,0,0,0,0,0,0,0,0,0,1,1,180000,0,0,0,0,0,0,0,0,0
200804,26,051,2,3,Gladwin County                ,3,3,483439,0,0,0,0,0,0,0,0,0,3,3,483439,0,0,0,0,0,0,0,0,0
200804,26,067,2,3,Ionia County                  ,9,9,1393373,0,0,0,0,0,0,0,0,0,0,0,0,0,0,0,0,0,0,0,0,0
200804,26,079,2,3,Kalkaska County               ,3,3,265000,0,0,0,0,0,0,0,0,0,3,3,265000,0,0,0,0,0,0,0,0,0
200804,26,081,2,3,Kent County                   ,92,92,23133856,0,0,0,1,3,349500,0,0,0,74,74,20661849,0,0,0,0,0,0,0,0,0
200804,26,087,2,3,Lapeer County                 ,7,7,993000,0,0,0,0,0,0,0,0,0,7,7,993000,0,0,0,0,0,0,0,0,0
200804,26,089,2,3,Leelanau County               ,6,6,1459610,1,2,112800,0,0,0,0,0,0,6,6,1459610,1,2,112800,0,0,0,0,0,0
200804,26,093,2,3,Livingston County             ,26,26,5217252,0,0,0,0,0,0,0,0,0,23,23,4911335,0,0,0,0,0,0,0,0,0
200804,26,099,2,3,Macomb County                 ,41,41,8598186,0,0,0,0,0,0,1,5,633215,30,30,6143978,0,0,0,0,0,0,0,0,0
200804,26,103,2,3,Marquette County              ,8,8,1634500,0,0,0,0,0,0,0,0,0,8,8,1634500,0,0,0,0,0,0,0,0,0
200804,26,113,2,3,Missaukee County              ,4,4,610672,0,0,0,0,0,0,0,0,0,0,0,0,0,0,0,0,0,0,0,0,0
200804,26,123,2,3,Newaygo County                ,6,6,1855379,0,0,0,0,0,0,0,0,0,3,3,1364000,0,0,0,0,0,0,0,0,0
200804,26,125,2,3,Oakland County                ,60,60,14937954,0,0,0,0,0,0,1,5,569119,43,43,8990979,0,0,0,0,0,0,0,0,0
200804,26,129,2,3,Ogemaw County                 ,6,6,710000,0,0,0,0,0,0,0,0,0,6,6,710000,0,0,0,0,0,0,0,0,0
200804,26,133,2,3,Osceola County                ,4,4,455000,0,0,0,0,0,0,0,0,0,4,4,455000,0,0,0,0,0,0,0,0,0
200804,26,137,2,3,Otsego County                 ,6,6,1407902,0,0,0,0,0,0,0,0,0,0,0,0,0,0,0,0,0,0,0,0,0
200804,26,141,2,3,Presque Isle County           ,7,7,1225000,0,0,0,0,0,0,0,0,0,7,7,1225000,0,0,0,0,0,0,0,0,0
200804,26,147,2,3,St. Clair County              ,15,15,1932856,0,0,0,0,0,0,0,0,0,10,10,1306458,0,0,0,0,0,0,0,0,0
200804,26,163,2,3,Wayne County                  ,90,90,13719045,0,0,0,0,0,0,0,0,0,90,90,13719045,0,0,0,0,0,0,0,0,0
200804,27,003,2,4,Anoka County                  ,58,58,11475587,0,0,0,0,0,0,1,5,264683,8,8,1714658,0,0,0,0,0,0,0,0,0
200804,27,019,2,4,Carver County                 ,21,21,7082245,0,0,0,0,0,0,0,0,0,18,18,6495012,0,0,0,0,0,0,0,0,0
200804,27,025,2,4,Chisago County                ,4,4,724088,0,0,0,0,0,0,0,0,0,3,3,562842,0,0,0,0,0,0,0,0,0
200804,27,037,2,4,Dakota County                 ,41,41,9594599,0,0,0,0,0,0,2,42,4720591,11,11,2037058,0,0,0,0,0,0,1,36,4190791
200804,27,053,2,4,Hennepin County               ,80,80,31921503,0,0,0,0,0,0,0,0,0,65,65,25054446,0,0,0,0,0,0,0,0,0
200804,27,059,2,4,Isanti County                 ,5,5,763188,0,0,0,0,0,0,0,0,0,0,0,0,0,0,0,0,0,0,0,0,0
200804,27,123,2,4,Ramsey County                 ,8,8,1764994,0,0,0,0,0,0,0,0,0,7,7,1578078,0,0,0,0,0,0,0,0,0
200804,27,139,2,4,Scott County                  ,27,27,7620899,0,0,0,0,0,0,0,0,0,24,24,7010511,0,0,0,0,0,0,0,0,0
200804,27,141,2,4,Sherburne County              ,11,11,1921143,0,0,0,0,0,0,0,0,0,11,11,1921143,0,0,0,0,0,0,0,0,0
200804,27,163,2,4,Washington County             ,67,67,13221988,0,0,0,0,0,0,0,0,0,60,60,11720777,0,0,0,0,0,0,0,0,0
200804,27,171,2,4,Wright County                 ,47,47,8416081,0,0,0,0,0,0,0,0,0,21,21,4551183,0,0,0,0,0,0,0,0,0
200804,28,021,3,6,Claiborne County              ,0,0,0,0,0,0,0,0,0,0,0,0,0,0,0,0,0,0,0,0,0,0,0,0
200804,28,033,3,6,DeSoto County                 ,75,75,9221086,0,0,0,0,0,0,1,88,3941685,55,55,6481755,0,0,0,0,0,0,1,88,3941685
200804,28,039,3,6,George County                 ,0,0,0,0,0,0,0,0,0,0,0,0,0,0,0,0,0,0,0,0,0,0,0,0
200804,28,071,3,6,Lafayette County              ,22,22,4494990,0,0,0,0,0,0,0,0,0,22,22,4494990,0,0,0,0,0,0,0,0,0
200804,28,091,3,6,Marion County                 ,0,0,0,0,0,0,0,0,0,0,0,0,0,0,0,0,0,0,0,0,0,0,0,0
200804,28,093,3,6,Marshall County               ,15,15,2341161,0,0,0,0,0,0,0,0,0,1,1,65000,0,0,0,0,0,0,0,0,0
200804,28,137,3,6,Tate County                   ,13,13,1372658,0,0,0,0,0,0,0,0,0,6,6,745000,0,0,0,0,0,0,0,0,0
200804,28,143,3,6,Tunica County                 ,1,1,80403,0,0,0,0,0,0,0,0,0,0,0,0,0,0,0,0,0,0,0,0,0
200804,28,153,3,6,Wayne County                  ,2,2,120000,0,0,0,0,0,0,0,0,0,2,2,120000,0,0,0,0,0,0,0,0,0
200804,29,001,2,4,Adair County                  ,4,4,739209,1,2,202945,0,0,0,0,0,0,4,4,739209,1,2,202945,0,0,0,0,0,0
200804,29,013,2,4,Bates County                  ,0,0,0,0,0,0,0,0,0,0,0,0,0,0,0,0,0,0,0,0,0,0,0,0
200804,29,019,2,4,Boone County                  ,56,56,9124454,0,0,0,2,8,569410,0,0,0,56,56,9124454,0,0,0,2,8,569410,0,0,0
200804,29,025,2,4,Caldwell County               ,1,1,195164,0,0,0,0,0,0,0,0,0,0,0,0,0,0,0,0,0,0,0,0,0
200804,29,037,2,4,Cass County                   ,18,18,3407083,2,4,339646,4,16,1840000,5,76,5822600,8,8,1730251,1,2,230000,4,16,1840000,5,76,5822600
200804,29,047,2,4,Clay County                   ,24,24,4772486,0,0,0,0,0,0,0,0,0,18,18,3747455,0,0,0,0,0,0,0,0,0
200804,29,049,2,4,Clinton County                ,4,4,656124,0,0,0,0,0,0,0,0,0,0,0,0,0,0,0,0,0,0,0,0,0
200804,29,065,2,4,Dent County                   ,1,1,50000,0,0,0,0,0,0,0,0,0,1,1,50000,0,0,0,0,0,0,0,0,0
200804,29,071,2,4,Franklin County               ,28,28,5408240,3,6,392000,0,0,0,0,0,0,10,10,1378778,3,6,392000,0,0,0,0,0,0
200804,29,079,2,4,Grundy County                 ,0,0,0,0,0,0,0,0,0,0,0,0,0,0,0,0,0,0,0,0,0,0,0,0
200804,29,095,2,4,Jackson County                ,95,95,16677898,1,2,187000,6,23,1341348,7,82,5972836,85,85,15564615,1,2,187000,4,15,816348,7,82,5972836
200804,29,099,2,4,Jefferson County              ,82,82,10755905,0,0,0,2,8,513360,0,0,0,82,82,10755905,0,0,0,2,8,513360,0,0,0
200804,29,105,2,4,Laclede County                ,4,4,399096,2,4,256872,1,3,222750,1,5,250000,0,0,0,0,0,0,0,0,0,0,0,0
200804,29,107,2,4,Lafayette County              ,8,8,1556548,0,0,0,0,0,0,0,0,0,7,7,1421548,0,0,0,0,0,0,0,0,0
200804,29,113,2,4,Lincoln County                ,11,11,1669013,0,0,0,0,0,0,0,0,0,11,11,1669013,0,0,0,0,0,0,0,0,0
200804,29,141,2,4,Morgan County                 ,0,0,0,0,0,0,0,0,0,0,0,0,0,0,0,0,0,0,0,0,0,0,0,0
200804,29,161,2,4,Phelps County                 ,4,4,488420,0,0,0,0,0,0,0,0,0,0,0,0,0,0,0,0,0,0,0,0,0
200804,29,165,2,4,Platte County                 ,11,11,3446993,0,0,0,7,28,1822500,0,0,0,10,10,2919850,0,0,0,7,28,1822500,0,0,0
200804,29,177,2,4,Ray County                    ,3,3,503022,0,0,0,0,0,0,0,0,0,0,0,0,0,0,0,0,0,0,0,0,0
200804,29,183,2,4,St. Charles County            ,139,139,29281940,0,0,0,4,14,1486314,8,160,14664565,131,131,27709526,0,0,0,3,11,1126314,8,160,14664565
200804,29,189,2,4,St. Louis County              ,73,73,23399453,0,0,0,0,0,0,2,17,2305484,14,14,4307859,0,0,0,0,0,0,0,0,0
200804,29,219,2,4,Warren County                 ,14,14,2398425,0,0,0,0,0,0,0,0,0,8,8,1401470,0,0,0,0,0,0,0,0,0
200804,29,221,2,4,Washington County             ,0,0,0,0,0,0,0,0,0,0,0,0,0,0,0,0,0,0,0,0,0,0,0,0
200804,29,510,2,4,St. Louis (Independent City)  ,18,18,2389326,0,0,0,2,6,652700,1,14,1713918,0,0,0,0,0,0,0,0,0,0,0,0
200804,30,023,4,8,Deer Lodge County             ,1,1,72040,0,0,0,0,0,0,0,0,0,1,1,72040,0,0,0,0,0,0,0,0,0
200804,30,063,4,8,Missoula County               ,35,35,7332899,2,4,359365,1,3,203129,0,0,0,35,35,7332899,2,4,359365,1,3,203129,0,0,0
200804,31,025,2,4,Cass County                   ,8,8,765211,0,0,0,0,0,0,0,0,0,8,8,765211,0,0,0,0,0,0,0,0,0
200804,31,033,2,4,Cheyenne County               ,4,4,782000,0,0,0,0,0,0,0,0,0,3,3,697000,0,0,0,0,0,0,0,0,0
200804,31,055,2,4,Douglas County                ,141,141,15663750,2,4,416002,1,4,353226,2,22,1570194,138,138,15027206,2,4,416002,1,4,353226,2,22,1570194
200804,31,077,2,4,Greeley County                ,0,0,0,0,0,0,0,0,0,0,0,0,0,0,0,0,0,0,0,0,0,0,0,0
200804,31,105,2,4,Kimball County                ,0,0,0,0,0,0,0,0,0,0,0,0,0,0,0,0,0,0,0,0,0,0,0,0
200804,31,153,2,4,Sarpy County                  ,108,108,24099628,0,0,0,0,0,0,0,0,0,86,86,19994476,0,0,0,0,0,0,0,0,0
200804,31,155,2,4,Saunders County               ,9,9,1219804,0,0,0,0,0,0,0,0,0,9,9,1219804,0,0,0,0,0,0,0,0,0
200804,31,177,2,4,Washington County             ,3,3,464630,0,0,0,0,0,0,0,0,0,1,1,135940,0,0,0,0,0,0,0,0,0
200804,32,001,4,8,Churchill County              ,6,6,544067,0,0,0,0,0,0,0,0,0,6,6,544067,0,0,0,0,0,0,0,0,0
200804,32,003,4,8,Clark County                  ,668,668,127751387,0,0,0,8,24,1678596,6,144,7853100,667,667,127518222,0,0,0,8,24,1678596,6,144,7853100
200804,32,005,4,8,Douglas County                ,9,9,2970619,0,0,0,0,0,0,1,5,456860,0,0,0,0,0,0,0,0,0,0,0,0
200804,32,007,4,8,Elko County                   ,10,10,1371407,0,0,0,0,0,0,0,0,0,1,1,194000,0,0,0,0,0,0,0,0,0
200804,32,013,4,8,Humboldt County               ,4,4,575633,0,0,0,0,0,0,1,5,315365,2,2,320914,0,0,0,0,0,0,0,0,0
200804,32,015,4,8,Lander County                 ,0,0,0,0,0,0,0,0,0,0,0,0,0,0,0,0,0,0,0,0,0,0,0,0
200804,32,017,4,8,Lincoln County                ,0,0,0,0,0,0,0,0,0,0,0,0,0,0,0,0,0,0,0,0,0,0,0,0
200804,32,019,4,8,Lyon County                   ,7,7,1474702,0,0,0,0,0,0,0,0,0,7,7,1474702,0,0,0,0,0,0,0,0,0
200804,32,021,4,8,Mineral County                ,1,1,94250,0,0,0,0,0,0,0,0,0,0,0,0,0,0,0,0,0,0,0,0,0
200804,32,027,4,8,Pershing County               ,0,0,0,0,0,0,0,0,0,0,0,0,0,0,0,0,0,0,0,0,0,0,0,0
200804,32,029,4,8,Storey County                 ,1,1,187003,0,0,0,0,0,0,0,0,0,0,0,0,0,0,0,0,0,0,0,0,0
200804,32,031,4,8,Washoe County                 ,132,132,25024060,0,0,0,0,0,0,1,5,314669,110,110,19730135,0,0,0,0,0,0,0,0,0
200804,32,033,4,8,White Pine County             ,0,0,0,0,0,0,0,0,0,0,0,0,0,0,0,0,0,0,0,0,0,0,0,0
200804,32,510,4,8,Carson City (Independent City),0,0,0,0,0,0,0,0,0,0,0,0,0,0,0,0,0,0,0,0,0,0,0,0
200804,33,015,1,1,Rockingham County             ,59,59,15925127,0,0,0,0,0,0,1,7,547273,38,38,11174274,0,0,0,0,0,0,0,0,0
200804,33,017,1,1,Strafford County              ,27,27,4325076,2,4,308000,0,0,0,1,5,430084,10,10,1623321,2,4,308000,0,0,0,0,0,0
200804,34,001,1,2,Atlantic County               ,143,143,7369213,1,2,219393,0,0,0,1,5,262296,132,132,5929852,0,0,0,0,0,0,0,0,0
200804,34,003,1,2,Bergen County                 ,57,57,20355596,3,6,600893,2,7,809750,6,62,5197070,27,27,9957450,0,0,0,1,4,351500,0,0,0
200804,34,005,1,2,Burlington County             ,60,60,9644042,0,0,0,0,0,0,1,5,64542,32,32,5590415,0,0,0,0,0,0,0,0,0
200804,34,007,1,2,Camden County                 ,64,64,6523703,9,18,1350000,0,0,0,4,27,1321566,53,53,5399830,9,18,1350000,0,0,0,1,8,600000
200804,34,009,1,2,Cape May County               ,32,32,10446873,2,4,620400,0,0,0,1,5,70000,25,25,9114154,2,4,620400,0,0,0,1,5,70000
200804,34,011,1,2,Cumberland County             ,46,46,6631626,0,0,0,0,0,0,1,5,453514,25,25,4405672,0,0,0,0,0,0,0,0,0
200804,34,013,1,2,Essex County                  ,78,78,20937527,9,18,1413400,0,0,0,2,21,1970871,69,69,19398741,9,18,1413400,0,0,0,1,10,1000000
200804,34,015,1,2,Gloucester County             ,73,73,12374401,1,2,122244,1,3,30000,0,0,0,55,55,9726885,0,0,0,0,0,0,0,0,0
200804,34,017,1,2,Hudson County                 ,7,7,1115065,25,50,5849929,3,9,443828,8,82,12661055,0,0,0,24,48,5845200,2,6,356700,2,14,1326388
200804,34,019,1,2,Hunterdon County              ,15,15,10607560,0,0,0,0,0,0,1,5,211768,8,8,9322335,0,0,0,0,0,0,0,0,0
200804,34,021,1,2,Mercer County                 ,27,27,4078728,1,2,312250,0,0,0,1,14,1360301,1,1,117900,0,0,0,0,0,0,0,0,0
200804,34,023,1,2,Middlesex County              ,72,72,15610458,0,0,0,1,4,700000,1,15,682114,64,64,14543866,0,0,0,1,4,700000,0,0,0
200804,34,025,1,2,Monmouth County               ,72,72,15488139,1,2,211950,1,4,440000,8,48,5150938,54,54,9503520,1,2,211950,1,4,440000,7,43,4730000
200804,34,027,1,2,Morris County                 ,51,51,15360458,0,0,0,1,3,238200,3,19,1192817,26,26,10150477,0,0,0,0,0,0,0,0,0
200804,34,029,1,2,Ocean County                  ,86,86,15527980,0,0,0,2,6,427606,4,21,160409,40,40,7207863,0,0,0,0,0,0,0,0,0
200804,34,031,1,2,Passaic County                ,19,19,4160075,2,4,350000,0,0,0,2,10,640081,6,6,2000951,2,4,350000,0,0,0,0,0,0
200804,34,033,1,2,Salem County                  ,10,10,1523384,0,0,0,0,0,0,0,0,0,10,10,1523384,0,0,0,0,0,0,0,0,0
200804,34,035,1,2,Somerset County               ,35,35,7827981,0,0,0,0,0,0,2,14,1148826,15,15,4534868,0,0,0,0,0,0,0,0,0
200804,34,037,1,2,Sussex County                 ,18,18,3104977,0,0,0,0,0,0,0,0,0,3,3,272250,0,0,0,0,0,0,0,0,0
200804,34,039,1,2,Union County                  ,29,29,6583776,0,0,0,0,0,0,3,49,5264115,20,20,4779559,0,0,0,0,0,0,1,27,3557501
200804,34,041,1,2,Warren County                 ,14,14,2208522,0,0,0,0,0,0,0,0,0,6,6,908150,0,0,0,0,0,0,0,0,0
200804,35,000,4,8,New Mexico Balance of State   ,83,83,21422592,0,0,0,0,0,0,0,0,0,0,0,0,0,0,0,0,0,0,0,0,0
200804,35,001,4,8,Bernalillo County             ,129,129,24253105,0,0,0,1,4,563091,1,33,2530382,0,0,0,0,0,0,0,0,0,0,0,0
200804,35,005,4,8,Chaves County                 ,3,3,544963,0,0,0,0,0,0,0,0,0,0,0,0,0,0,0,0,0,0,0,0,0
200804,35,007,4,8,Colfax County                 ,2,2,721504,0,0,0,0,0,0,0,0,0,0,0,0,0,0,0,0,0,0,0,0,0
200804,35,009,4,8,Curry County                  ,12,12,2241433,0,0,0,2,6,654326,0,0,0,12,12,2241433,0,0,0,2,6,654326,0,0,0
200804,35,013,4,8,Dona Ana County               ,80,80,13702480,1,2,168989,2,7,473510,0,0,0,26,26,6166379,0,0,0,1,4,263534,0,0,0
200804,35,015,4,8,Eddy County                   ,18,18,3556028,0,0,0,0,0,0,0,0,0,18,18,3556028,0,0,0,0,0,0,0,0,0
200804,35,025,4,8,Lea County                    ,8,8,1264063,0,0,0,0,0,0,0,0,0,8,8,1264063,0,0,0,0,0,0,0,0,0
200804,35,027,4,8,Lincoln County                ,10,10,1747366,0,0,0,0,0,0,0,0,0,0,0,0,0,0,0,0,0,0,0,0,0
200804,35,028,4,8,Los Alamos County             ,0,0,0,0,0,0,0,0,0,0,0,0,0,0,0,0,0,0,0,0,0,0,0,0
200804,35,029,4,8,Luna County                   ,4,4,723569,0,0,0,0,0,0,0,0,0,0,0,0,0,0,0,0,0,0,0,0,0
200804,35,031,4,8,McKinley County               ,0,0,0,0,0,0,0,0,0,0,0,0,0,0,0,0,0,0,0,0,0,0,0,0
200804,35,035,4,8,Otero County                  ,10,10,2602734,0,0,0,1,3,595241,0,0,0,1,1,576300,0,0,0,0,0,0,0,0,0
200804,35,039,4,8,Rio Arriba County             ,0,0,0,0,0,0,0,0,0,0,0,0,0,0,0,0,0,0,0,0,0,0,0,0
200804,35,041,4,8,Roosevelt County              ,2,2,278903,0,0,0,0,0,0,0,0,0,0,0,0,0,0,0,0,0,0,0,0,0
200804,35,043,4,8,Sandoval County               ,82,82,14657425,0,0,0,0,0,0,0,0,0,82,82,14657425,0,0,0,0,0,0,0,0,0
200804,35,045,4,8,San Juan County               ,22,22,4225980,0,0,0,0,0,0,0,0,0,10,10,2243421,0,0,0,0,0,0,0,0,0
200804,35,049,4,8,Santa Fe County               ,15,15,1999694,0,0,0,0,0,0,0,0,0,0,0,0,0,0,0,0,0,0,0,0,0
200804,35,051,4,8,Sierra County                 ,0,0,0,0,0,0,0,0,0,0,0,0,0,0,0,0,0,0,0,0,0,0,0,0
200804,35,053,4,8,Socorro County                ,0,0,0,0,0,0,0,0,0,0,0,0,0,0,0,0,0,0,0,0,0,0,0,0
200804,35,055,4,8,Taos County                   ,11,11,1351800,0,0,0,0,0,0,0,0,0,0,0,0,0,0,0,0,0,0,0,0,0
200804,35,061,4,8,Valencia County               ,12,12,1474764,0,0,0,0,0,0,0,0,0,0,0,0,0,0,0,0,0,0,0,0,0
200804,36,005,1,2,Bronx County                  ,4,4,880937,28,56,5947407,2,7,710885,5,63,5968746,4,4,880937,28,56,5947407,2,7,710885,5,63,5968746
200804,36,047,1,2,Kings County                  ,0,0,0,19,38,4035741,7,22,2234210,27,315,29843730,0,0,0,19,38,4035741,7,22,2234210,27,315,29843730
200804,36,059,1,2,Nassau County                 ,59,59,19208451,2,4,630000,0,0,0,1,5,407768,40,40,10721437,2,4,630000,0,0,0,0,0,0
200804,36,061,1,2,New York County               ,0,0,0,0,0,0,0,0,0,13,715,67740530,0,0,0,0,0,0,0,0,0,13,715,67740530
200804,36,079,1,2,Putnam County                 ,6,6,1669377,0,0,0,0,0,0,0,0,0,5,5,1285650,0,0,0,0,0,0,0,0,0
200804,36,081,1,2,Queens County                 ,22,22,4845152,26,52,5522593,9,28,2843540,20,529,50118518,22,22,4845152,26,52,5522593,9,28,2843540,20,529,50118518
200804,36,085,1,2,Richmond County               ,20,20,4404684,11,22,2336481,0,0,0,10,96,9095232,20,20,4404684,11,22,2336481,0,0,0,10,96,9095232
200804,36,087,1,2,Rockland County               ,25,25,3074218,1,2,350000,1,3,268083,1,5,943396,22,22,2608965,1,2,350000,0,0,0,0,0,0
200804,36,103,1,2,Suffolk County                ,91,91,31946034,0,0,0,1,3,0,0,0,0,44,44,12388285,0,0,0,0,0,0,0,0,0
200804,36,119,1,2,Westchester County            ,37,37,15391366,5,10,1070414,0,0,0,2,85,20840003,20,20,5718775,0,0,0,0,0,0,0,0,0
200804,37,003,3,5,Alexander County              ,19,19,2842360,0,0,0,0,0,0,0,0,0,0,0,0,0,0,0,0,0,0,0,0,0
200804,37,007,3,5,Anson County                  ,4,4,596427,0,0,0,0,0,0,0,0,0,0,0,0,0,0,0,0,0,0,0,0,0
200804,37,009,3,5,Ashe County                   ,24,24,6480342,0,0,0,0,0,0,0,0,0,24,24,6480342,0,0,0,0,0,0,0,0,0
200804,37,011,3,5,Avery County                  ,12,12,4885565,0,0,0,1,3,459881,0,0,0,0,0,0,0,0,0,0,0,0,0,0,0
200804,37,019,3,5,Brunswick County              ,225,225,38447521,0,0,0,0,0,0,0,0,0,47,47,7176254,0,0,0,0,0,0,0,0,0
200804,37,025,3,5,Cabarrus County               ,121,121,20329708,0,0,0,0,0,0,0,0,0,121,121,20329708,0,0,0,0,0,0,0,0,0
200804,37,027,3,5,Caldwell County               ,14,14,3227000,0,0,0,0,0,0,0,0,0,14,14,3227000,0,0,0,0,0,0,0,0,0
200804,37,037,3,5,Chatham County                ,40,40,11625745,0,0,0,0,0,0,0,0,0,3,3,262000,0,0,0,0,0,0,0,0,0
200804,37,039,3,5,Cherokee County               ,22,22,2947829,0,0,0,0,0,0,0,0,0,22,22,2947829,0,0,0,0,0,0,0,0,0
200804,37,049,3,5,Craven County                 ,36,36,3241757,1,2,232500,0,0,0,0,0,0,10,10,1405165,0,0,0,0,0,0,0,0,0
200804,37,053,3,5,Currituck County              ,13,13,4692850,0,0,0,0,0,0,0,0,0,13,13,4692850,0,0,0,0,0,0,0,0,0
200804,37,059,3,5,Davie County                  ,16,16,2733620,0,0,0,0,0,0,0,0,0,0,0,0,0,0,0,0,0,0,0,0,0
200804,37,063,3,5,Durham County                 ,143,143,25848966,0,0,0,0,0,0,0,0,0,143,143,25848966,0,0,0,0,0,0,0,0,0
200804,37,067,3,5,Forsyth County                ,129,129,21446500,0,0,0,0,0,0,0,0,0,129,129,21446500,0,0,0,0,0,0,0,0,0
200804,37,069,3,5,Franklin County               ,18,18,4342600,0,0,0,0,0,0,0,0,0,18,18,4342600,0,0,0,0,0,0,0,0,0
200804,37,071,3,5,Gaston County                 ,79,79,14224110,0,0,0,0,0,0,0,0,0,79,79,14224110,0,0,0,0,0,0,0,0,0
200804,37,081,3,5,Guilford County               ,170,170,29182634,0,0,0,0,0,0,3,60,2454180,24,24,4442517,0,0,0,0,0,0,0,0,0
200804,37,089,3,5,Henderson County              ,41,41,9805000,0,0,0,0,0,0,0,0,0,41,41,9805000,0,0,0,0,0,0,0,0,0
200804,37,097,3,5,Iredell County                ,213,213,26996547,0,0,0,0,0,0,0,0,0,213,213,26996547,0,0,0,0,0,0,0,0,0
200804,37,101,3,5,Johnston County               ,163,163,23424157,0,0,0,0,0,0,0,0,0,162,162,23279132,0,0,0,0,0,0,0,0,0
200804,37,105,3,5,Lee County                    ,23,23,3816899,0,0,0,0,0,0,0,0,0,0,0,0,0,0,0,0,0,0,0,0,0
200804,37,109,3,5,Lincoln County                ,58,58,13006163,0,0,0,0,0,0,1,5,416667,0,0,0,0,0,0,0,0,0,0,0,0
200804,37,113,3,5,Macon County                  ,40,40,7267125,0,0,0,0,0,0,0,0,0,40,40,7267125,0,0,0,0,0,0,0,0,0
200804,37,119,3,5,Mecklenburg County            ,25,25,4410998,1,2,171706,1,4,381103,3,19,1759910,25,25,4410998,1,2,171706,1,4,381103,3,19,1759910
200804,37,127,3,5,Nash County                   ,40,40,4003154,0,0,0,0,0,0,0,0,0,24,24,2789162,0,0,0,0,0,0,0,0,0
200804,37,129,3,5,New Hanover County            ,64,64,15974479,2,4,477586,0,0,0,4,68,6295727,1,1,275000,0,0,0,0,0,0,0,0,0
200804,37,135,3,5,Orange County                 ,29,29,7687747,1,2,180481,0,0,0,0,0,0,27,27,6766224,1,2,180481,0,0,0,0,0,0
200804,37,137,3,5,Pamlico County                ,6,6,1029500,0,0,0,0,0,0,0,0,0,6,6,1029500,0,0,0,0,0,0,0,0,0
200804,37,141,3,5,Pender County                 ,26,26,3472790,0,0,0,0,0,0,0,0,0,26,26,3472790,0,0,0,0,0,0,0,0,0
200804,37,145,3,5,Person County                 ,21,21,4243000,0,0,0,0,0,0,0,0,0,21,21,4243000,0,0,0,0,0,0,0,0,0
200804,37,147,3,5,Pitt County                   ,83,83,10714925,6,12,1011200,0,0,0,2,24,2230470,83,83,10714925,6,12,1011200,0,0,0,2,24,2230470
200804,37,149,3,5,Polk County                   ,12,12,2586874,0,0,0,0,0,0,0,0,0,0,0,0,0,0,0,0,0,0,0,0,0
200804,37,151,3,5,Randolph County               ,35,35,5970432,1,2,70000,0,0,0,1,5,220000,28,28,5482726,0,0,0,0,0,0,0,0,0
200804,37,157,3,5,Rockingham County             ,16,16,3023010,0,0,0,0,0,0,0,0,0,15,15,2913661,0,0,0,0,0,0,0,0,0
200804,37,159,3,5,Rowan County                  ,52,52,11596483,0,0,0,0,0,0,0,0,0,0,0,0,0,0,0,0,0,0,0,0,0
200804,37,163,3,5,Sampson County                ,2,2,382000,0,0,0,0,0,0,0,0,0,2,2,382000,0,0,0,0,0,0,0,0,0
200804,37,167,3,5,Stanly County                 ,21,21,2201656,0,0,0,0,0,0,1,5,267480,0,0,0,0,0,0,0,0,0,0,0,0
200804,37,171,3,5,Surry County                  ,9,9,2027096,0,0,0,0,0,0,0,0,0,9,9,2027096,0,0,0,0,0,0,0,0,0
200804,37,175,3,5,Transylvania County           ,17,17,5509776,0,0,0,0,0,0,0,0,0,0,0,0,0,0,0,0,0,0,0,0,0
200804,37,179,3,5,Union County                  ,109,109,23909203,0,0,0,0,0,0,0,0,0,94,94,20298995,0,0,0,0,0,0,0,0,0
200804,37,181,3,5,Vance County                  ,7,7,1115975,0,0,0,0,0,0,0,0,0,7,7,1115975,0,0,0,0,0,0,0,0,0
200804,37,183,3,5,Wake County                   ,539,539,119707636,0,0,0,0,0,0,30,817,61644588,533,533,118786002,0,0,0,0,0,0,30,817,61644588
200804,37,195,3,5,Wilson County                 ,17,17,4498185,0,0,0,0,0,0,0,0,0,17,17,4498185,0,0,0,0,0,0,0,0,0
200804,39,015,2,3,Brown County                  ,8,8,1246486,1,2,184333,4,12,1163279,0,0,0,0,0,0,0,0,0,0,0,0,0,0,0
200804,39,017,2,3,Butler County                 ,56,56,10775332,0,0,0,0,0,0,0,0,0,51,51,10092205,0,0,0,0,0,0,0,0,0
200804,39,025,2,3,Clermont County               ,33,33,5541858,0,0,0,0,0,0,0,0,0,33,33,5541858,0,0,0,0,0,0,0,0,0
200804,39,035,2,3,Cuyahoga County               ,63,63,12627923,0,0,0,1,3,136408,1,5,530305,34,34,7302473,0,0,0,0,0,0,0,0,0
200804,39,041,2,3,Delaware County               ,65,65,13626329,0,0,0,0,0,0,0,0,0,65,65,13626329,0,0,0,0,0,0,0,0,0
200804,39,045,2,3,Fairfield County              ,32,32,6559013,0,0,0,0,0,0,0,0,0,11,11,2239315,0,0,0,0,0,0,0,0,0
200804,39,049,2,3,Franklin County               ,256,256,60963370,6,12,1580564,6,24,1158975,5,75,2963389,211,211,48950399,5,10,1355000,6,24,1158975,5,75,2963389
200804,39,055,2,3,Geauga County                 ,4,4,1010902,0,0,0,0,0,0,0,0,0,3,3,609235,0,0,0,0,0,0,0,0,0
200804,39,061,2,3,Hamilton County               ,47,47,13873633,3,6,240000,1,4,308000,4,31,1993606,10,10,2134000,3,6,240000,1,4,308000,0,0,0
200804,39,085,2,3,Lake County                   ,35,35,8566978,0,0,0,0,0,0,1,7,308000,11,11,2676624,0,0,0,0,0,0,0,0,0
200804,39,089,2,3,Licking County                ,15,15,3046174,0,0,0,0,0,0,0,0,0,15,15,3046174,0,0,0,0,0,0,0,0,0
200804,39,093,2,3,Lorain County                 ,57,57,9378461,0,0,0,1,3,270000,0,0,0,19,19,3368068,0,0,0,0,0,0,0,0,0
200804,39,097,2,3,Madison County                ,5,5,864514,0,0,0,0,0,0,0,0,0,3,3,609235,0,0,0,0,0,0,0,0,0
200804,39,103,2,3,Medina County                 ,43,43,8651410,0,0,0,0,0,0,2,22,651250,40,40,8091975,0,0,0,0,0,0,1,11,170000
200804,39,117,2,3,Morrow County                 ,8,8,1076015,0,0,0,0,0,0,0,0,0,5,5,500000,0,0,0,0,0,0,0,0,0
200804,39,129,2,3,Pickaway County               ,5,5,649329,0,0,0,14,56,6250000,0,0,0,4,4,477700,0,0,0,14,56,6250000,0,0,0
200804,39,159,2,3,Union County                  ,12,12,3470042,0,0,0,0,0,0,0,0,0,12,12,3470042,0,0,0,0,0,0,0,0,0
200804,39,165,2,3,Warren County                 ,75,75,21000052,0,0,0,2,7,820924,0,0,0,70,70,20052672,0,0,0,2,7,820924,0,0,0
200804,39,169,2,3,Wayne County                  ,23,23,4598572,1,2,150000,0,0,0,0,0,0,23,23,4598572,1,2,150000,0,0,0,0,0,0
200804,40,017,3,7,Canadian County               ,28,28,5890375,0,0,0,0,0,0,0,0,0,28,28,5890375,0,0,0,0,0,0,0,0,0
200804,40,021,3,7,Cherokee County               ,6,6,740013,0,0,0,0,0,0,1,6,193636,0,0,0,0,0,0,0,0,0,0,0,0
200804,40,027,3,7,Cleveland County              ,76,76,12409885,0,0,0,0,0,0,1,8,356896,75,75,12280845,0,0,0,0,0,0,1,8,356896
200804,40,029,3,7,Coal County                   ,0,0,0,0,0,0,0,0,0,0,0,0,0,0,0,0,0,0,0,0,0,0,0,0
200804,40,037,3,7,Creek County                  ,15,15,1502500,0,0,0,0,0,0,0,0,0,15,15,1502500,0,0,0,0,0,0,0,0,0
200804,40,051,3,7,Grady County                  ,6,6,933836,0,0,0,0,0,0,0,0,0,5,5,845627,0,0,0,0,0,0,0,0,0
200804,40,081,3,7,Lincoln County                ,0,0,0,0,0,0,0,0,0,0,0,0,0,0,0,0,0,0,0,0,0,0,0,0
200804,40,083,3,7,Logan County                  ,2,2,271538,0,0,0,0,0,0,0,0,0,0,0,0,0,0,0,0,0,0,0,0,0
200804,40,087,3,7,McClain County                ,16,16,2319626,0,0,0,0,0,0,0,0,0,8,8,1207700,0,0,0,0,0,0,0,0,0
200804,40,099,3,7,Murray County                 ,1,1,106666,0,0,0,0,0,0,0,0,0,0,0,0,0,0,0,0,0,0,0,0,0
200804,40,109,3,7,Oklahoma County               ,250,250,46813440,2,4,316858,0,0,0,1,20,1124972,73,73,19546610,0,0,0,0,0,0,0,0,0
200804,40,111,3,7,Okmulgee County               ,0,0,0,0,0,0,0,0,0,0,0,0,0,0,0,0,0,0,0,0,0,0,0,0
200804,40,113,3,7,Osage County                  ,15,15,2182325,0,0,0,0,0,0,0,0,0,15,15,2182325,0,0,0,0,0,0,0,0,0
200804,40,117,3,7,Pawnee County                 ,0,0,0,0,0,0,0,0,0,0,0,0,0,0,0,0,0,0,0,0,0,0,0,0
200804,40,131,3,7,Rogers County                 ,46,46,8509946,0,0,0,0,0,0,0,0,0,46,46,8509946,0,0,0,0,0,0,0,0,0
200804,40,143,3,7,Tulsa County                  ,193,193,39022878,10,20,681994,0,0,0,0,0,0,179,179,37048617,10,20,681994,0,0,0,0,0,0
200804,40,145,3,7,Wagoner County                ,29,29,4921848,0,0,0,0,0,0,0,0,0,29,29,4921848,0,0,0,0,0,0,0,0,0
200804,41,000,4,9,Oregon Balance of State       ,10,10,905698,0,0,0,0,0,0,0,0,0,10,10,905698,0,0,0,0,0,0,0,0,0
200804,41,001,4,9,Baker County                  ,7,7,1106702,0,0,0,0,0,0,0,0,0,7,7,1106702,0,0,0,0,0,0,0,0,0
200804,41,005,4,9,Clackamas County              ,111,111,25774339,0,0,0,0,0,0,0,0,0,106,106,24822387,0,0,0,0,0,0,0,0,0
200804,41,009,4,9,Columbia County               ,10,10,2424393,1,2,143532,1,3,233817,0,0,0,6,6,1355000,1,2,143532,1,3,233817,0,0,0
200804,41,017,4,9,Deschutes County              ,77,77,23890384,0,0,0,0,0,0,0,0,0,74,74,23230343,0,0,0,0,0,0,0,0,0
200804,41,019,4,9,Douglas County                ,27,27,5064127,0,0,0,0,0,0,0,0,0,27,27,5064127,0,0,0,0,0,0,0,0,0
200804,41,025,4,9,Harney County                 ,0,0,0,0,0,0,0,0,0,0,0,0,0,0,0,0,0,0,0,0,0,0,0,0
200804,41,033,4,9,Josephine County              ,22,22,4483172,0,0,0,0,0,0,0,0,0,22,22,4483172,0,0,0,0,0,0,0,0,0
200804,41,035,4,9,Klamath County                ,23,23,5913035,0,0,0,0,0,0,0,0,0,23,23,5913035,0,0,0,0,0,0,0,0,0
200804,41,045,4,9,Malheur County                ,5,5,1104845,0,0,0,0,0,0,0,0,0,4,4,942557,0,0,0,0,0,0,0,0,0
200804,41,051,4,9,Multnomah County              ,77,77,16581967,13,26,3088966,0,0,0,3,35,1865925,60,60,12702467,12,24,2862169,0,0,0,2,30,1333700
200804,41,059,4,9,Umatilla County               ,6,6,991562,0,0,0,0,0,0,0,0,0,1,1,200000,0,0,0,0,0,0,0,0,0
200804,41,061,4,9,Union County                  ,3,3,552694,0,0,0,0,0,0,0,0,0,3,3,552694,0,0,0,0,0,0,0,0,0
200804,41,067,4,9,Washington County             ,92,92,21032514,0,0,0,0,0,0,4,22,2717234,92,92,21032514,0,0,0,0,0,0,4,22,2717234
200804,41,071,4,9,Yamhill County                ,32,32,9518631,3,6,938611,0,0,0,1,6,376112,30,30,9128132,3,6,938611,0,0,0,1,6,376112
200804,42,001,1,2,Adams County                  ,27,27,5477512,0,0,0,0,0,0,0,0,0,27,27,5477512,0,0,0,0,0,0,0,0,0
200804,42,003,1,2,Allegheny County              ,127,127,25037981,1,2,123000,1,3,476250,3,15,1930365,85,85,16269341,0,0,0,0,0,0,2,10,1709571
200804,42,005,1,2,Armstrong County              ,4,4,505919,0,0,0,1,3,131250,0,0,0,1,1,135000,0,0,0,0,0,0,0,0,0
200804,42,007,1,2,Beaver County                 ,20,20,3809824,0,0,0,0,0,0,0,0,0,18,18,3488298,0,0,0,0,0,0,0,0,0
200804,42,017,1,2,Bucks County                  ,72,72,13451272,0,0,0,0,0,0,3,28,1550286,51,51,9591430,0,0,0,0,0,0,1,12,420000
200804,42,019,1,2,Butler County                 ,47,47,9068807,0,0,0,1,4,445527,0,0,0,45,45,8660467,0,0,0,1,4,445527,0,0,0
200804,42,025,1,2,Carbon County                 ,22,22,3769641,0,0,0,0,0,0,0,0,0,15,15,2541993,0,0,0,0,0,0,0,0,0
200804,42,029,1,2,Chester County                ,125,125,24277854,0,0,0,0,0,0,0,0,0,71,71,16199355,0,0,0,0,0,0,0,0,0
200804,42,045,1,2,Delaware County               ,29,29,7207735,0,0,0,0,0,0,0,0,0,15,15,4302587,0,0,0,0,0,0,0,0,0
200804,42,051,1,2,Fayette County                ,3,3,597882,0,0,0,0,0,0,0,0,0,2,2,425000,0,0,0,0,0,0,0,0,0
200804,42,055,1,2,Franklin County               ,41,41,6739511,2,4,550000,0,0,0,2,13,650000,27,27,4975083,1,2,400000,0,0,0,0,0,0
200804,42,065,1,2,Jefferson County              ,6,6,893000,0,0,0,0,0,0,0,0,0,6,6,893000,0,0,0,0,0,0,0,0,0
200804,42,077,1,2,Lehigh County                 ,77,77,11558773,0,0,0,0,0,0,0,0,0,49,49,7661750,0,0,0,0,0,0,0,0,0
200804,42,091,1,2,Montgomery County             ,100,100,20420310,2,4,365000,0,0,0,2,11,1356294,49,49,10008838,1,2,125000,0,0,0,0,0,0
200804,42,095,1,2,Northampton County            ,57,57,9639055,0,0,0,0,0,0,1,5,604091,15,15,3007000,0,0,0,0,0,0,0,0,0
200804,42,101,1,2,Philadelphia County           ,44,44,9690305,8,16,920000,2,7,488000,2,281,55625000,44,44,9690305,8,16,920000,2,7,488000,2,281,55625000
200804,42,103,1,2,Pike County                   ,43,43,8696753,0,0,0,0,0,0,0,0,0,30,30,5936696,0,0,0,0,0,0,0,0,0
200804,42,125,1,2,Washington County             ,47,47,8421569,0,0,0,0,0,0,0,0,0,42,42,7587588,0,0,0,0,0,0,0,0,0
200804,42,129,1,2,Westmoreland County           ,52,52,11204648,1,2,320000,0,0,0,1,6,150000,34,34,7896316,1,2,320000,0,0,0,0,0,0
200804,44,001,1,1,Bristol County                ,3,3,382370,0,0,0,0,0,0,1,19,11400000,3,3,382370,0,0,0,0,0,0,1,19,11400000
200804,44,003,1,1,Kent County                   ,17,17,2298443,0,0,0,0,0,0,0,0,0,1,1,80232,0,0,0,0,0,0,0,0,0
200804,44,005,1,1,Newport County                ,17,17,4125500,2,4,400000,0,0,0,0,0,0,17,17,4125500,2,4,400000,0,0,0,0,0,0
200804,44,007,1,1,Providence County             ,31,31,4076935,2,4,324384,0,0,0,0,0,0,29,29,3728564,2,4,324384,0,0,0,0,0,0
200804,44,009,1,1,Washington County             ,25,25,7726428,0,0,0,0,0,0,1,5,106250,18,18,6111886,0,0,0,0,0,0,0,0,0
200804,45,009,3,5,Bamberg County                ,1,1,109007,0,0,0,0,0,0,0,0,0,1,1,109007,0,0,0,0,0,0,0,0,0
200804,45,015,3,5,Berkeley County               ,182,182,31052651,0,0,0,0,0,0,1,5,306711,169,169,28783563,0,0,0,0,0,0,0,0,0
200804,45,017,3,5,Calhoun County                ,7,7,1346600,0,0,0,0,0,0,0,0,0,7,7,1346600,0,0,0,0,0,0,0,0,0
200804,45,019,3,5,Charleston County             ,196,196,60593380,0,0,0,0,0,0,1,6,218880,166,166,51345108,0,0,0,0,0,0,1,6,218880
200804,45,035,3,5,Dorchester County             ,93,93,19377251,0,0,0,0,0,0,0,0,0,93,93,19377251,0,0,0,0,0,0,0,0,0
200804,45,039,3,5,Fairfield County              ,4,4,463990,0,0,0,0,0,0,0,0,0,0,0,0,0,0,0,0,0,0,0,0,0
200804,45,041,3,5,Florence County               ,42,42,5710682,0,0,0,0,0,0,1,17,1020000,0,0,0,0,0,0,0,0,0,0,0,0
200804,45,045,3,5,Greenville County             ,237,237,27959460,0,0,0,1,4,226560,13,258,16304789,221,221,25823108,0,0,0,0,0,0,13,258,16304789
200804,45,047,3,5,Greenwood County              ,11,11,1366430,0,0,0,0,0,0,0,0,0,11,11,1366430,0,0,0,0,0,0,0,0,0
200804,45,055,3,5,Kershaw County                ,30,30,3163631,0,0,0,0,0,0,0,0,0,29,29,3065704,0,0,0,0,0,0,0,0,0
200804,45,059,3,5,Laurens County                ,18,18,2342919,0,0,0,0,0,0,0,0,0,17,17,2262192,0,0,0,0,0,0,0,0,0
200804,45,063,3,5,Lexington County              ,171,171,25562057,0,0,0,0,0,0,0,0,0,36,36,5443810,0,0,0,0,0,0,0,0,0
200804,45,077,3,5,Pickens County                ,32,32,8516638,0,0,0,0,0,0,0,0,0,7,7,1039448,0,0,0,0,0,0,0,0,0
200804,45,079,3,5,Richland County               ,158,158,19097043,1,2,107811,0,0,0,4,69,4040039,5,5,613553,0,0,0,0,0,0,0,0,0
200804,45,081,3,5,Saluda County                 ,6,6,1049490,0,0,0,0,0,0,0,0,0,6,6,1049490,0,0,0,0,0,0,0,0,0
200804,45,085,3,5,Sumter County                 ,20,20,2243290,0,0,0,0,0,0,0,0,0,20,20,2243290,0,0,0,0,0,0,0,0,0
200804,45,091,3,5,York County                   ,395,395,105831695,0,0,0,0,0,0,0,0,0,390,390,105186219,0,0,0,0,0,0,0,0,0
200804,46,005,2,4,Beadle County                 ,6,6,1107807,0,0,0,0,0,0,0,0,0,6,6,1107807,0,0,0,0,0,0,0,0,0
200804,46,069,2,4,Hyde County                   ,0,0,0,0,0,0,0,0,0,0,0,0,0,0,0,0,0,0,0,0,0,0,0,0
200804,46,121,2,4,Todd County                   ,0,0,0,0,0,0,0,0,0,0,0,0,0,0,0,0,0,0,0,0,0,0,0,0
200804,47,011,3,6,Bradley County                ,32,32,4806643,1,2,122718,1,4,244585,1,5,356812,21,21,3369250,0,0,0,0,0,0,0,0,0
200804,47,015,3,6,Cannon County                 ,0,0,0,0,0,0,0,0,0,0,0,0,0,0,0,0,0,0,0,0,0,0,0,0
200804,47,021,3,6,Cheatham County               ,14,14,2450368,0,0,0,0,0,0,0,0,0,10,10,1656000,0,0,0,0,0,0,0,0,0
200804,47,037,3,6,Davidson County               ,207,207,42141629,2,4,226401,0,0,0,3,110,9238443,207,207,42141629,2,4,226401,0,0,0,3,110,9238443
200804,47,039,3,6,Decatur County                ,1,1,70000,0,0,0,0,0,0,0,0,0,1,1,70000,0,0,0,0,0,0,0,0,0
200804,47,043,3,6,Dickson County                ,16,16,3038524,0,0,0,0,0,0,0,0,0,15,15,2978524,0,0,0,0,0,0,0,0,0
200804,47,047,3,6,Fayette County                ,37,37,9612088,0,0,0,0,0,0,0,0,0,35,35,9271000,0,0,0,0,0,0,0,0,0
200804,47,063,3,6,Hamblen County                ,15,15,1706484,0,0,0,0,0,0,0,0,0,9,9,915000,0,0,0,0,0,0,0,0,0
200804,47,071,3,6,Hardin County                 ,1,1,92667,0,0,0,0,0,0,0,0,0,0,0,0,0,0,0,0,0,0,0,0,0
200804,47,081,3,6,Hickman County                ,0,0,0,0,0,0,0,0,0,0,0,0,0,0,0,0,0,0,0,0,0,0,0,0
200804,47,091,3,6,Johnson County                ,0,0,0,0,0,0,0,0,0,0,0,0,0,0,0,0,0,0,0,0,0,0,0,0
200804,47,093,3,6,Knox County                   ,129,129,22054031,5,10,1432800,0,0,0,0,0,0,129,129,22054031,5,10,1432800,0,0,0,0,0,0
200804,47,111,3,6,Macon County                  ,1,1,55000,0,0,0,0,0,0,0,0,0,1,1,55000,0,0,0,0,0,0,0,0,0
200804,47,113,3,6,Madison County                ,34,34,4149000,0,0,0,0,0,0,0,0,0,34,34,4149000,0,0,0,0,0,0,0,0,0
200804,47,125,3,6,Montgomery County             ,86,86,11089380,0,0,0,3,11,631000,0,0,0,86,86,11089380,0,0,0,3,11,631000,0,0,0
200804,47,141,3,6,Putnam County                 ,26,26,4739359,1,2,177480,0,0,0,0,0,0,18,18,3158440,0,0,0,0,0,0,0,0,0
200804,47,147,3,6,Robertson County              ,31,31,4456294,0,0,0,0,0,0,0,0,0,18,18,2786000,0,0,0,0,0,0,0,0,0
200804,47,149,3,6,Rutherford County             ,162,162,27723941,0,0,0,0,0,0,0,0,0,138,138,24514861,0,0,0,0,0,0,0,0,0
200804,47,157,3,6,Shelby County                 ,104,104,22077179,1,2,256000,0,0,0,0,0,0,104,104,22077179,1,2,256000,0,0,0,0,0,0
200804,47,159,3,6,Smith County                  ,5,5,882200,0,0,0,0,0,0,0,0,0,5,5,882200,0,0,0,0,0,0,0,0,0
200804,47,165,3,6,Sumner County                 ,94,94,13712697,0,0,0,0,0,0,0,0,0,94,94,13712697,0,0,0,0,0,0,0,0,0
200804,47,167,3,6,Tipton County                 ,19,19,2620787,0,0,0,0,0,0,0,0,0,15,15,2184010,0,0,0,0,0,0,0,0,0
200804,47,169,3,6,Trousdale County              ,3,3,355000,0,0,0,0,0,0,0,0,0,3,3,355000,0,0,0,0,0,0,0,0,0
200804,47,179,3,6,Washington County             ,60,60,9642019,0,0,0,0,0,0,0,0,0,36,36,7084871,0,0,0,0,0,0,0,0,0
200804,47,187,3,6,Williamson County             ,67,67,16779276,0,0,0,0,0,0,0,0,0,67,67,16779276,0,0,0,0,0,0,0,0,0
200804,47,189,3,6,Wilson County                 ,87,87,14431522,0,0,0,0,0,0,0,0,0,52,52,7949318,0,0,0,0,0,0,0,0,0
200804,48,013,3,7,Atascosa County               ,7,7,1050534,0,0,0,0,0,0,0,0,0,6,6,984950,0,0,0,0,0,0,0,0,0
200804,48,015,3,7,Austin County                 ,4,4,709258,0,0,0,0,0,0,0,0,0,3,3,541700,0,0,0,0,0,0,0,0,0
200804,48,019,3,7,Bandera County                ,1,1,311670,0,0,0,0,0,0,0,0,0,0,0,0,0,0,0,0,0,0,0,0,0
200804,48,021,3,7,Bastrop County                ,2,2,190000,0,0,0,0,0,0,0,0,0,2,2,190000,0,0,0,0,0,0,0,0,0
200804,48,029,3,7,Bexar County                  ,316,316,55302703,15,30,2065130,1,3,175000,8,90,9931225,266,266,48170998,15,30,2065130,1,3,175000,3,38,6623410
200804,48,039,3,7,Brazoria County               ,214,214,39914480,0,0,0,0,0,0,0,0,0,209,209,39039798,0,0,0,0,0,0,0,0,0
200804,48,041,3,7,Brazos County                 ,123,123,18315509,14,28,2332308,0,0,0,4,62,3062300,123,123,18315509,14,28,2332308,0,0,0,4,62,3062300
200804,48,055,3,7,Caldwell County               ,2,2,249871,0,0,0,0,0,0,0,0,0,0,0,0,0,0,0,0,0,0,0,0,0
200804,48,063,3,7,Camp County                   ,0,0,0,0,0,0,0,0,0,0,0,0,0,0,0,0,0,0,0,0,0,0,0,0
200804,48,071,3,7,Chambers County               ,29,29,5140554,0,0,0,0,0,0,0,0,0,26,26,4587438,0,0,0,0,0,0,0,0,0
200804,48,085,3,7,Collin County                 ,477,477,108009175,0,0,0,1,4,307600,3,355,27137400,474,474,106761939,0,0,0,1,4,307600,3,355,27137400
200804,48,091,3,7,Comal County                  ,117,117,26696637,0,0,0,0,0,0,0,0,0,49,49,11197911,0,0,0,0,0,0,0,0,0
200804,48,113,3,7,Dallas County                 ,406,406,113032686,0,0,0,1,4,960000,15,735,42570159,375,375,97667344,0,0,0,1,4,960000,14,696,40702646
200804,48,117,3,7,Deaf Smith County             ,0,0,0,0,0,0,0,0,0,0,0,0,0,0,0,0,0,0,0,0,0,0,0,0
200804,48,119,3,7,Delta County                  ,0,0,0,0,0,0,0,0,0,0,0,0,0,0,0,0,0,0,0,0,0,0,0,0
200804,48,121,3,7,Denton County                 ,187,187,40782709,0,0,0,0,0,0,0,0,0,163,163,36248607,0,0,0,0,0,0,0,0,0
200804,48,133,3,7,Eastland County               ,0,0,0,0,0,0,0,0,0,0,0,0,0,0,0,0,0,0,0,0,0,0,0,0
200804,48,135,3,7,Ector County                  ,25,25,5124410,0,0,0,0,0,0,0,0,0,25,25,5124410,0,0,0,0,0,0,0,0,0
200804,48,139,3,7,Ellis County                  ,68,68,10674082,0,0,0,0,0,0,0,0,0,65,65,10142373,0,0,0,0,0,0,0,0,0
200804,48,157,3,7,Fort Bend County              ,482,482,84489593,0,0,0,0,0,0,3,57,5649578,106,106,22391662,0,0,0,0,0,0,0,0,0
200804,48,167,3,7,Galveston County              ,160,160,27449212,1,2,154432,0,0,0,2,12,1672479,43,43,7972072,0,0,0,0,0,0,0,0,0
200804,48,187,3,7,Guadalupe County              ,85,85,13613488,0,0,0,0,0,0,0,0,0,85,85,13613488,0,0,0,0,0,0,0,0,0
200804,48,201,3,7,Harris County                 ,1678,1678,310222845,14,28,3005539,0,0,0,81,2018,157723409,1653,1653,304950655,13,26,2884206,0,0,0,79,1989,156047643
200804,48,209,3,7,Hays County                   ,127,127,18779993,1,2,135850,0,0,0,1,28,1678929,94,94,13991330,0,0,0,0,0,0,0,0,0
200804,48,215,3,7,Hidalgo County                ,342,342,48883524,1,2,96878,9,31,1132102,1,5,120000,293,293,45016788,0,0,0,5,17,659035,1,5,120000
200804,48,231,3,7,Hunt County                   ,7,7,812028,0,0,0,2,8,440000,2,10,350000,7,7,812028,0,0,0,2,8,440000,2,10,350000
200804,48,233,3,7,Hutchinson County             ,0,0,0,0,0,0,0,0,0,0,0,0,0,0,0,0,0,0,0,0,0,0,0,0
200804,48,251,3,7,Johnson County                ,87,87,11973228,1,2,140000,0,0,0,0,0,0,56,56,7053936,1,2,140000,0,0,0,0,0,0
200804,48,257,3,7,Kaufman County                ,28,28,4923962,0,0,0,0,0,0,0,0,0,27,27,4787120,0,0,0,0,0,0,0,0,0
200804,48,259,3,7,Kendall County                ,24,24,4770134,0,0,0,0,0,0,0,0,0,12,12,2202615,0,0,0,0,0,0,0,0,0
200804,48,271,3,7,Kinney County                 ,0,0,0,0,0,0,0,0,0,0,0,0,0,0,0,0,0,0,0,0,0,0,0,0
200804,48,291,3,7,Liberty County                ,21,21,1970409,0,0,0,0,0,0,0,0,0,15,15,1259700,0,0,0,0,0,0,0,0,0
200804,48,307,3,7,McCulloch County              ,0,0,0,0,0,0,0,0,0,0,0,0,0,0,0,0,0,0,0,0,0,0,0,0
200804,48,323,3,7,Maverick County               ,8,8,449655,0,0,0,0,0,0,0,0,0,0,0,0,0,0,0,0,0,0,0,0,0
200804,48,325,3,7,Medina County                 ,0,0,0,0,0,0,0,0,0,0,0,0,0,0,0,0,0,0,0,0,0,0,0,0
200804,48,329,3,7,Midland County                ,56,56,6478041,0,0,0,0,0,0,0,0,0,56,56,6478041,0,0,0,0,0,0,0,0,0
200804,48,339,3,7,Montgomery County             ,414,414,79238404,0,0,0,0,0,0,1,24,1476000,409,409,78682446,0,0,0,0,0,0,1,24,1476000
200804,48,353,3,7,Nolan County                  ,0,0,0,0,0,0,0,0,0,0,0,0,0,0,0,0,0,0,0,0,0,0,0,0
200804,48,359,3,7,Oldham County                 ,0,0,0,0,0,0,0,0,0,0,0,0,0,0,0,0,0,0,0,0,0,0,0,0
200804,48,367,3,7,Parker County                 ,31,31,5246967,0,0,0,0,0,0,0,0,0,20,20,3441336,0,0,0,0,0,0,0,0,0
200804,48,375,3,7,Potter County                 ,41,41,9179673,0,0,0,0,0,0,3,39,2819863,0,0,0,0,0,0,0,0,0,0,0,0
200804,48,383,3,7,Reagan County                 ,0,0,0,0,0,0,0,0,0,0,0,0,0,0,0,0,0,0,0,0,0,0,0,0
200804,48,385,3,7,Real County                   ,0,0,0,0,0,0,0,0,0,0,0,0,0,0,0,0,0,0,0,0,0,0,0,0
200804,48,397,3,7,Rockwall County               ,52,52,9391759,0,0,0,0,0,0,0,0,0,38,38,6303293,0,0,0,0,0,0,0,0,0
200804,48,407,3,7,San Jacinto County            ,0,0,0,0,0,0,0,0,0,0,0,0,0,0,0,0,0,0,0,0,0,0,0,0
200804,48,435,3,7,Sutton County                 ,0,0,0,0,0,0,0,0,0,0,0,0,0,0,0,0,0,0,0,0,0,0,0,0
200804,48,437,3,7,Swisher County                ,0,0,0,0,0,0,0,0,0,0,0,0,0,0,0,0,0,0,0,0,0,0,0,0
200804,48,439,3,7,Tarrant County                ,621,621,121318894,9,18,1038000,2,8,740000,18,485,3265368,548,548,103805084,9,18,1038000,2,8,740000,17,467,2361096
200804,48,451,3,7,Tom Green County              ,29,29,5116757,0,0,0,0,0,0,0,0,0,29,29,5116757,0,0,0,0,0,0,0,0,0
200804,48,453,3,7,Travis County                 ,569,569,104922273,9,18,2467332,0,0,0,1,20,2904040,564,564,102460869,9,18,2467332,0,0,0,1,20,2904040
200804,48,463,3,7,Uvalde County                 ,2,2,65650,0,0,0,0,0,0,0,0,0,2,2,65650,0,0,0,0,0,0,0,0,0
200804,48,469,3,7,Victoria County               ,7,7,1057614,0,0,0,0,0,0,0,0,0,0,0,0,0,0,0,0,0,0,0,0,0
200804,48,471,3,7,Walker County                 ,8,8,1869999,0,0,0,0,0,0,0,0,0,8,8,1869999,0,0,0,0,0,0,0,0,0
200804,48,473,3,7,Waller County                 ,0,0,0,0,0,0,0,0,0,1,8,177446,0,0,0,0,0,0,0,0,0,0,0,0
200804,48,479,3,7,Webb County                   ,80,80,9841938,0,0,0,1,4,201227,1,17,1008668,0,0,0,0,0,0,0,0,0,0,0,0
200804,48,491,3,7,Williamson County             ,327,327,59235480,0,0,0,0,0,0,4,22,3224300,294,294,56484012,0,0,0,0,0,0,4,22,3224300
200804,48,493,3,7,Wilson County                 ,3,3,415157,0,0,0,0,0,0,0,0,0,0,0,0,0,0,0,0,0,0,0,0,0
200804,48,497,3,7,Wise County                   ,3,3,907510,0,0,0,0,0,0,0,0,0,3,3,907510,0,0,0,0,0,0,0,0,0
200804,49,009,4,8,Daggett County                ,5,5,873916,0,0,0,0,0,0,0,0,0,5,5,873916,0,0,0,0,0,0,0,0,0
200804,49,019,4,8,Grand County                  ,5,5,1602420,0,0,0,0,0,0,0,0,0,5,5,1602420,0,0,0,0,0,0,0,0,0
200804,49,021,4,8,Iron County                   ,36,36,7290064,0,0,0,0,0,0,0,0,0,34,34,6110021,0,0,0,0,0,0,0,0,0
200804,49,033,4,8,Rich County                   ,6,6,1964612,0,0,0,0,0,0,0,0,0,6,6,1964612,0,0,0,0,0,0,0,0,0
200804,49,035,4,8,Salt Lake County              ,192,192,33247600,3,6,789684,3,10,1268988,13,315,28351111,142,142,24288041,1,2,280546,2,7,897597,11,304,27472401
200804,49,039,4,8,Sanpete County                ,3,3,321968,0,0,0,0,0,0,0,0,0,3,3,321968,0,0,0,0,0,0,0,0,0
200804,49,043,4,8,Summit County                 ,28,28,7844177,0,0,0,0,0,0,0,0,0,26,26,7513939,0,0,0,0,0,0,0,0,0
200804,49,045,4,8,Tooele County                 ,29,29,5003652,0,0,0,0,0,0,0,0,0,21,21,3852152,0,0,0,0,0,0,0,0,0
200804,49,051,4,8,Wasatch County                ,14,14,5747789,0,0,0,0,0,0,0,0,0,3,3,997110,0,0,0,0,0,0,0,0,0
200804,51,003,3,5,Albemarle County              ,33,33,9007400,0,0,0,0,0,0,3,48,3917922,33,33,9007400,0,0,0,0,0,0,3,48,3917922
200804,51,007,3,5,Amelia County                 ,4,4,711540,0,0,0,0,0,0,0,0,0,4,4,711540,0,0,0,0,0,0,0,0,0
200804,51,013,3,5,Arlington County              ,9,9,2453435,0,0,0,0,0,0,1,128,15071832,0,0,0,0,0,0,0,0,0,0,0,0
200804,51,015,3,5,Augusta County                ,40,40,552010,0,0,0,0,0,0,0,0,0,40,40,552010,0,0,0,0,0,0,0,0,0
200804,51,019,3,5,Bedford County                ,26,26,6261571,0,0,0,0,0,0,0,0,0,26,26,6261571,0,0,0,0,0,0,0,0,0
200804,51,023,3,5,Botetourt County              ,9,9,1775933,0,0,0,0,0,0,0,0,0,9,9,1775933,0,0,0,0,0,0,0,0,0
200804,51,031,3,5,Campbell County               ,18,18,3024069,0,0,0,0,0,0,1,11,692703,0,0,0,0,0,0,0,0,0,0,0,0
200804,51,033,3,5,Caroline County               ,23,23,3699000,0,0,0,0,0,0,0,0,0,23,23,3699000,0,0,0,0,0,0,0,0,0
200804,51,036,3,5,Charles City County           ,3,3,495254,0,0,0,0,0,0,0,0,0,0,0,0,0,0,0,0,0,0,0,0,0
200804,51,037,3,5,Charlotte County              ,3,3,417000,0,0,0,0,0,0,0,0,0,3,3,417000,0,0,0,0,0,0,0,0,0
200804,51,041,3,5,Chesterfield County           ,70,70,12350793,0,0,0,1,4,381103,0,0,0,70,70,12350793,0,0,0,1,4,381103,0,0,0
200804,51,043,3,5,Clarke County                 ,1,1,157000,0,0,0,0,0,0,0,0,0,1,1,157000,0,0,0,0,0,0,0,0,0
200804,51,049,3,5,Cumberland County             ,2,2,242000,0,0,0,0,0,0,0,0,0,2,2,242000,0,0,0,0,0,0,0,0,0
200804,51,053,3,5,Dinwiddie County              ,14,14,1658428,0,0,0,0,0,0,0,0,0,0,0,0,0,0,0,0,0,0,0,0,0
200804,51,059,3,5,Fairfax County                ,94,94,16462152,0,0,0,0,0,0,0,0,0,94,94,16462152,0,0,0,0,0,0,0,0,0
200804,51,061,3,5,Fauquier County               ,18,18,3667679,0,0,0,0,0,0,0,0,0,16,16,3314000,0,0,0,0,0,0,0,0,0
200804,51,065,3,5,Fluvanna County               ,22,22,4559279,0,0,0,0,0,0,0,0,0,22,22,4559279,0,0,0,0,0,0,0,0,0
200804,51,067,3,5,Franklin County               ,23,23,3915400,0,0,0,0,0,0,0,0,0,23,23,3915400,0,0,0,0,0,0,0,0,0
200804,51,069,3,5,Frederick County              ,30,30,6114800,0,0,0,0,0,0,0,0,0,30,30,6114800,0,0,0,0,0,0,0,0,0
200804,51,073,3,5,Gloucester County             ,22,22,3699545,0,0,0,0,0,0,0,0,0,0,0,0,0,0,0,0,0,0,0,0,0
200804,51,075,3,5,Goochland County              ,13,13,3956488,0,0,0,0,0,0,0,0,0,0,0,0,0,0,0,0,0,0,0,0,0
200804,51,079,3,5,Greene County                 ,9,9,1793350,0,0,0,0,0,0,0,0,0,9,9,1793350,0,0,0,0,0,0,0,0,0
200804,51,085,3,5,Hanover County                ,34,34,5449670,0,0,0,0,0,0,0,0,0,34,34,5449670,0,0,0,0,0,0,0,0,0
200804,51,087,3,5,Henrico County                ,79,79,13938753,0,0,0,0,0,0,0,0,0,79,79,13938753,0,0,0,0,0,0,0,0,0
200804,51,093,3,5,Isle of Wight County          ,15,15,2800945,0,0,0,0,0,0,0,0,0,0,0,0,0,0,0,0,0,0,0,0,0
200804,51,095,3,5,James City County             ,20,20,4993447,0,0,0,0,0,0,0,0,0,20,20,4993447,0,0,0,0,0,0,0,0,0
200804,51,097,3,5,King and Queen County         ,4,4,485400,0,0,0,0,0,0,0,0,0,4,4,485400,0,0,0,0,0,0,0,0,0
200804,51,099,3,5,King George County            ,13,13,2308114,0,0,0,0,0,0,0,0,0,13,13,2308114,0,0,0,0,0,0,0,0,0
200804,51,101,3,5,King William County           ,15,15,1997556,0,0,0,0,0,0,0,0,0,15,15,1997556,0,0,0,0,0,0,0,0,0
200804,51,107,3,5,Loudoun County                ,139,139,24525147,0,0,0,0,0,0,0,0,0,139,139,24525147,0,0,0,0,0,0,0,0,0
200804,51,109,3,5,Louisa County                 ,29,29,5657172,0,0,0,0,0,0,0,0,0,29,29,5657172,0,0,0,0,0,0,0,0,0
200804,51,115,3,5,Mathews County                ,3,3,260000,0,0,0,0,0,0,0,0,0,3,3,260000,0,0,0,0,0,0,0,0,0
200804,51,119,3,5,Middlesex County              ,4,4,687000,1,2,100000,0,0,0,0,0,0,4,4,687000,1,2,100000,0,0,0,0,0,0
200804,51,127,3,5,New Kent County               ,14,14,2556395,0,0,0,0,0,0,0,0,0,14,14,2556395,0,0,0,0,0,0,0,0,0
200804,51,137,3,5,Orange County                 ,9,9,1041560,0,0,0,0,0,0,0,0,0,9,9,1041560,0,0,0,0,0,0,0,0,0
200804,51,143,3,5,Pittsylvania County           ,9,9,1117699,0,0,0,0,0,0,0,0,0,0,0,0,0,0,0,0,0,0,0,0,0
200804,51,145,3,5,Powhatan County               ,10,10,2382610,0,0,0,0,0,0,0,0,0,10,10,2382610,0,0,0,0,0,0,0,0,0
200804,51,149,3,5,Prince George County          ,19,19,3352358,0,0,0,0,0,0,0,0,0,19,19,3352358,0,0,0,0,0,0,0,0,0
200804,51,153,3,5,Prince William County         ,160,160,21664000,0,0,0,0,0,0,0,0,0,160,160,21664000,0,0,0,0,0,0,0,0,0
200804,51,157,3,5,Rappahannock County           ,3,3,1015700,0,0,0,0,0,0,0,0,0,0,0,0,0,0,0,0,0,0,0,0,0
200804,51,161,3,5,Roanoke County                ,19,19,3953310,0,0,0,0,0,0,0,0,0,19,19,3953310,0,0,0,0,0,0,0,0,0
200804,51,163,3,5,Rockbridge County             ,19,19,3417350,0,0,0,0,0,0,0,0,0,19,19,3417350,0,0,0,0,0,0,0,0,0
200804,51,165,3,5,Rockingham County             ,36,36,6684964,0,0,0,0,0,0,0,0,0,0,0,0,0,0,0,0,0,0,0,0,0
200804,51,169,3,5,Scott County                  ,3,3,450000,0,0,0,0,0,0,0,0,0,3,3,450000,0,0,0,0,0,0,0,0,0
200804,51,171,3,5,Shenandoah County             ,9,9,1382900,0,0,0,0,0,0,0,0,0,9,9,1382900,0,0,0,0,0,0,0,0,0
200804,51,177,3,5,Spotsylvania County           ,36,36,9411540,0,0,0,0,0,0,0,0,0,0,0,0,0,0,0,0,0,0,0,0,0
200804,51,179,3,5,Stafford County               ,41,41,10114595,12,24,2210000,0,0,0,0,0,0,41,41,10114595,12,24,2210000,0,0,0,0,0,0
200804,51,181,3,5,Surry County                  ,5,5,749206,0,0,0,0,0,0,0,0,0,0,0,0,0,0,0,0,0,0,0,0,0
200804,51,183,3,5,Sussex County                 ,6,6,739169,0,0,0,0,0,0,0,0,0,0,0,0,0,0,0,0,0,0,0,0,0
200804,51,187,3,5,Warren County                 ,15,15,2972911,0,0,0,0,0,0,0,0,0,0,0,0,0,0,0,0,0,0,0,0,0
200804,51,199,3,5,York County                   ,7,7,1130199,0,0,0,0,0,0,0,0,0,7,7,1130199,0,0,0,0,0,0,0,0,0
200804,51,510,3,5,Alexandria (Independent City) ,9,9,1587959,0,0,0,0,0,0,0,0,0,9,9,1587959,0,0,0,0,0,0,0,0,0
200804,51,530,3,5,Buena Vista (Independent City),1,1,149918,0,0,0,0,0,0,0,0,0,0,0,0,0,0,0,0,0,0,0,0,0
200804,51,550,3,5,Chesapeake(Independent City)  ,69,69,12174354,0,0,0,0,0,0,0,0,0,69,69,12174354,0,0,0,0,0,0,0,0,0
200804,51,570,3,5,Colonial Heights (Independent ,0,0,0,0,0,0,0,0,0,0,0,0,0,0,0,0,0,0,0,0,0,0,0,0
200804,51,580,3,5,Covington (Independent City)  ,1,1,82333,0,0,0,0,0,0,0,0,0,0,0,0,0,0,0,0,0,0,0,0,0
200804,51,600,3,5,Fairfax (Independent City)    ,2,2,509977,0,0,0,0,0,0,0,0,0,0,0,0,0,0,0,0,0,0,0,0,0
200804,51,610,3,5,Falls Church (Independent City,0,0,0,0,0,0,0,0,0,0,0,0,0,0,0,0,0,0,0,0,0,0,0,0
200804,51,630,3,5,Fredericksburg(Independent Cit,6,6,803000,0,0,0,0,0,0,0,0,0,6,6,803000,0,0,0,0,0,0,0,0,0
200804,51,650,3,5,Hampton (Independent City)    ,14,14,3225261,1,2,174600,0,0,0,1,12,618840,0,0,0,0,0,0,0,0,0,0,0,0
200804,51,660,3,5,Harrisonburg (Independent City,44,44,3807200,1,2,250000,0,0,0,5,60,3191991,44,44,3807200,1,2,250000,0,0,0,5,60,3191991
200804,51,670,3,5,Hopewell (Independent City)   ,18,18,344065,0,0,0,0,0,0,0,0,0,18,18,344065,0,0,0,0,0,0,0,0,0
200804,51,680,3,5,Lynchburg (Independent City)  ,41,41,5677599,0,0,0,0,0,0,0,0,0,41,41,5677599,0,0,0,0,0,0,0,0,0
200804,51,683,3,5,Manassas (Independent City)   ,6,6,684242,0,0,0,0,0,0,0,0,0,0,0,0,0,0,0,0,0,0,0,0,0
200804,51,685,3,5,Manassas Park (Independent Cit,0,0,0,0,0,0,0,0,0,0,0,0,0,0,0,0,0,0,0,0,0,0,0,0
200804,51,700,3,5,Newport News (Independent City,8,8,867067,0,0,0,0,0,0,2,29,1432099,0,0,0,0,0,0,0,0,0,0,0,0
200804,51,710,3,5,Norfolk (Independent City)    ,20,20,2617760,0,0,0,0,0,0,0,0,0,20,20,2617760,0,0,0,0,0,0,0,0,0
200804,51,730,3,5,Petersburg (Independent City) ,2,2,197528,0,0,0,2,6,372412,0,0,0,0,0,0,0,0,0,0,0,0,0,0,0
200804,51,735,3,5,Poquoson (Independent City)   ,4,4,490228,0,0,0,0,0,0,0,0,0,4,4,490228,0,0,0,0,0,0,0,0,0
200804,51,740,3,5,Portsmouth (Independent City) ,10,10,1764399,0,0,0,0,0,0,1,8,591356,10,10,1764399,0,0,0,0,0,0,1,8,591356
200804,51,760,3,5,Richmond (Independent City)   ,31,31,5469637,0,0,0,0,0,0,1,6,555761,31,31,5469637,0,0,0,0,0,0,1,6,555761
200804,51,770,3,5,Roanoke (Independent City)    ,11,11,1127739,0,0,0,0,0,0,0,0,0,11,11,1127739,0,0,0,0,0,0,0,0,0
200804,51,800,3,5,Suffolk (Independent City)    ,44,44,7763356,1,2,171706,0,0,0,0,0,0,44,44,7763356,1,2,171706,0,0,0,0,0,0
200804,51,810,3,5,Virginia Beach (Independent Ci,34,34,5998957,3,6,500000,3,12,200000,3,29,2686178,34,34,5998957,3,6,500000,3,12,200000,3,29,2686178
200804,51,830,3,5,Williamsburg (Independent City,2,2,439147,0,0,0,0,0,0,1,13,912795,0,0,0,0,0,0,0,0,0,0,0,0
200804,53,011,4,9,Clark County                  ,97,97,16585893,0,0,0,0,0,0,2,25,1954841,17,17,4298123,0,0,0,0,0,0,0,0,0
200804,53,033,4,9,King County                   ,345,345,93447442,24,48,6091779,18,60,9447224,12,690,77464911,305,305,81045163,24,48,6091779,18,60,9447224,9,642,71702114
200804,53,041,4,9,Lewis County                  ,29,29,4393639,0,0,0,0,0,0,0,0,0,29,29,4393639,0,0,0,0,0,0,0,0,0
200804,53,053,4,9,Pierce County                 ,202,202,38881365,8,16,1912929,0,0,0,3,38,2893731,197,197,37878650,8,16,1912929,0,0,0,1,24,1834776
200804,53,059,4,9,Skamania County               ,6,6,1050409,0,0,0,0,0,0,0,0,0,6,6,1050409,0,0,0,0,0,0,0,0,0
200804,53,061,4,9,Snohomish County              ,207,207,35600106,8,16,2002784,3,10,1366105,4,31,2455610,163,163,29315438,5,10,1512757,2,7,1055500,0,0,0
200804,54,037,3,5,Jefferson County              ,26,26,6926163,0,0,0,0,0,0,1,22,253320,5,5,990024,0,0,0,0,0,0,0,0,0
200804,55,021,2,3,Columbia County               ,20,20,4840507,0,0,0,0,0,0,0,0,0,20,20,4840507,0,0,0,0,0,0,0,0,0
200804,55,025,2,3,Dane County                   ,79,79,21310481,5,10,1543333,0,0,0,3,15,1395816,61,61,17026229,4,8,1150000,0,0,0,0,0,0
200804,55,031,2,3,Douglas County                ,13,13,1656498,0,0,0,0,0,0,0,0,0,13,13,1656498,0,0,0,0,0,0,0,0,0
200804,55,037,2,3,Florence County               ,2,2,103850,0,0,0,0,0,0,0,0,0,0,0,0,0,0,0,0,0,0,0,0,0
200804,55,049,2,3,Iowa County                   ,6,6,1000000,0,0,0,0,0,0,0,0,0,6,6,1000000,0,0,0,0,0,0,0,0,0
200804,55,059,2,3,Kenosha County                ,23,23,5605682,0,0,0,0,0,0,0,0,0,16,16,3705530,0,0,0,0,0,0,0,0,0
200804,55,079,2,3,Milwaukee County              ,33,33,7256546,3,6,641286,0,0,0,2,66,9853400,26,26,5614269,2,4,417000,0,0,0,1,61,9374829
200804,55,089,2,3,Ozaukee County                ,19,19,5755647,0,0,0,0,0,0,0,0,0,14,14,3609735,0,0,0,0,0,0,0,0,0
200804,55,093,2,3,Pierce County                 ,11,11,1932338,0,0,0,0,0,0,0,0,0,4,4,1001000,0,0,0,0,0,0,0,0,0
200804,55,109,2,3,St. Croix County              ,23,23,4648056,3,6,533116,0,0,0,0,0,0,14,14,3005450,3,6,533116,0,0,0,0,0,0
200804,55,113,2,3,Sawyer County                 ,14,14,3229300,0,0,0,0,0,0,0,0,0,13,13,2776300,0,0,0,0,0,0,0,0,0
200804,55,131,2,3,Washington County             ,33,33,8720236,1,2,279231,1,4,280000,2,10,649973,19,19,5251090,0,0,0,1,4,280000,0,0,0
200804,55,133,2,3,Waukesha County               ,74,74,25383499,0,0,0,1,3,315000,0,0,0,53,53,19809330,0,0,0,0,0,0,0,0,0
200804,56,019,4,8,Johnson County                ,1,1,143400,0,0,0,0,0,0,0,0,0,1,1,143400,0,0,0,0,0,0,0,0,0
200804,56,039,4,8,Teton County                  ,11,11,10734573,0,0,0,0,0,0,1,5,539715,0,0,0,0,0,0,0,0,0,0,0,0
