Survey,FIPS,FIPS,Region,Division,County,,1-unit,,,2-units,,,3-4 units,,,5+ units,,,1-unit rep,,,2-units rep,,,3-4 units rep,,, 5+units rep
Date,State,County,Code,Code,Name,Bldgs,Units,Value,Bldgs,Units,Value,Bldgs,Units,Value,Bldgs,Units,Value,Bldgs,Units,Value,Bldgs,Units,Value,Bldgs,Units,Value,Bldgs,Units,Value
 
200912,01,001,3,6,Autauga County                ,19,19,3053447,0,0,0,0,0,0,0,0,0,19,19,3053447,0,0,0,0,0,0,0,0,0
200912,01,007,3,6,Bibb County                   ,0,0,0,0,0,0,0,0,0,0,0,0,0,0,0,0,0,0,0,0,0,0,0,0
200912,01,009,3,6,Blount County                 ,1,1,160000,0,0,0,0,0,0,0,0,0,1,1,160000,0,0,0,0,0,0,0,0,0
200912,01,021,3,6,Chilton County                ,2,2,319583,0,0,0,0,0,0,0,0,0,1,1,180000,0,0,0,0,0,0,0,0,0
200912,01,037,3,6,Coosa County                  ,0,0,0,0,0,0,0,0,0,0,0,0,0,0,0,0,0,0,0,0,0,0,0,0
200912,01,073,3,6,Jefferson County              ,56,56,13438988,0,0,0,0,0,0,1,12,892497,45,45,11556596,0,0,0,0,0,0,0,0,0
200912,01,081,3,6,Lee County                    ,60,60,14521764,0,0,0,0,0,0,0,0,0,60,60,14521764,0,0,0,0,0,0,0,0,0
200912,01,115,3,6,St. Clair County              ,4,4,574102,0,0,0,0,0,0,0,0,0,4,4,574102,0,0,0,0,0,0,0,0,0
200912,01,117,3,6,Shelby County                 ,53,53,8892252,0,0,0,0,0,0,0,0,0,32,32,4712038,0,0,0,0,0,0,0,0,0
200912,01,127,3,6,Walker County                 ,0,0,0,0,0,0,0,0,0,0,0,0,0,0,0,0,0,0,0,0,0,0,0,0
200912,02,000,4,9,Alaska Balance of State       ,2,2,348465,0,0,0,0,0,0,0,0,0,0,0,0,0,0,0,0,0,0,0,0,0
200912,02,013,4,9,Aleutians East Borough        ,0,0,0,0,0,0,0,0,0,0,0,0,0,0,0,0,0,0,0,0,0,0,0,0
200912,02,016,4,9,Aleutians West Census Area    ,0,0,0,0,0,0,0,0,0,0,0,0,0,0,0,0,0,0,0,0,0,0,0,0
200912,02,020,4,9,Anchorage Borough             ,11,11,3919417,1,2,480161,0,0,0,0,0,0,11,11,3919417,1,2,480161,0,0,0,0,0,0
200912,02,050,4,9,Bethel Census Area            ,0,0,0,0,0,0,0,0,0,0,0,0,0,0,0,0,0,0,0,0,0,0,0,0
200912,02,060,4,9,Bristol Bay Borough           ,0,0,0,0,0,0,0,0,0,0,0,0,0,0,0,0,0,0,0,0,0,0,0,0
200912,02,090,4,9,Fairbanks North Star Borough  ,3,3,557214,0,0,0,0,0,0,0,0,0,0,0,0,0,0,0,0,0,0,0,0,0
200912,02,100,4,9,Haines Borough                ,2,2,458056,0,0,0,0,0,0,0,0,0,2,2,458056,0,0,0,0,0,0,0,0,0
200912,02,110,4,9,Juneau Borough                ,1,1,252735,0,0,0,0,0,0,0,0,0,0,0,0,0,0,0,0,0,0,0,0,0
200912,02,122,4,9,Kenai Peninsula Borough       ,1,1,50000,0,0,0,0,0,0,0,0,0,1,1,50000,0,0,0,0,0,0,0,0,0
200912,02,130,4,9,Ketchikan Gateway Borough     ,1,1,229028,0,0,0,0,0,0,0,0,0,1,1,229028,0,0,0,0,0,0,0,0,0
200912,02,150,4,9,Kodiak Island Borough         ,1,1,299284,1,2,292877,0,0,0,0,0,0,1,1,299284,1,2,292877,0,0,0,0,0,0
200912,02,170,4,9,Matanuska-Susitna Borough     ,2,2,353208,0,0,0,0,0,0,0,0,0,2,2,353208,0,0,0,0,0,0,0,0,0
200912,02,180,4,9,Nome Census Area              ,0,0,0,0,0,0,0,0,0,0,0,0,0,0,0,0,0,0,0,0,0,0,0,0
200912,02,185,4,9,North Slope Borough           ,1,1,229028,0,0,0,0,0,0,0,0,0,1,1,229028,0,0,0,0,0,0,0,0,0
200912,02,188,4,9,Northwest Arctic Borough      ,0,0,0,0,0,0,0,0,0,0,0,0,0,0,0,0,0,0,0,0,0,0,0,0
200912,02,201,4,9,Prince of Wales-Outer Ketchika,0,0,0,0,0,0,0,0,0,0,0,0,0,0,0,0,0,0,0,0,0,0,0,0
200912,02,220,4,9,Sitka Borough                 ,1,1,295979,0,0,0,0,0,0,0,0,0,0,0,0,0,0,0,0,0,0,0,0,0
200912,02,232,4,9,Skagway-Hoonah-Angoon Census A,0,0,0,0,0,0,0,0,0,0,0,0,0,0,0,0,0,0,0,0,0,0,0,0
200912,02,261,4,9,Valdez-Cordova Census Area    ,2,2,497000,0,0,0,0,0,0,0,0,0,2,2,497000,0,0,0,0,0,0,0,0,0
200912,02,280,4,9,Wrangell-Petersburg Census Are,0,0,0,0,0,0,0,0,0,0,0,0,0,0,0,0,0,0,0,0,0,0,0,0
200912,02,282,4,9,Yakutat Borough               ,0,0,0,0,0,0,0,0,0,0,0,0,0,0,0,0,0,0,0,0,0,0,0,0
200912,02,290,4,9,Yukon-Koyukuk Census Area     ,0,0,0,0,0,0,0,0,0,0,0,0,0,0,0,0,0,0,0,0,0,0,0,0
200912,04,013,4,8,Maricopa County               ,605,605,141617250,0,0,0,0,0,0,1,28,3972726,605,605,141617250,0,0,0,0,0,0,1,28,3972726
200912,04,019,4,8,Pima County                   ,165,165,34158465,1,2,209810,0,0,0,1,10,640767,18,18,4855870,0,0,0,0,0,0,0,0,0
200912,04,021,4,8,Pinal County                  ,205,205,27140763,0,0,0,0,0,0,0,0,0,176,176,23278956,0,0,0,0,0,0,0,0,0
200912,05,023,3,7,Cleburne County               ,2,2,307000,0,0,0,0,0,0,0,0,0,2,2,307000,0,0,0,0,0,0,0,0,0
200912,05,025,3,7,Cleveland County              ,0,0,0,0,0,0,0,0,0,0,0,0,0,0,0,0,0,0,0,0,0,0,0,0
200912,05,027,3,7,Columbia County               ,0,0,0,0,0,0,0,0,0,0,0,0,0,0,0,0,0,0,0,0,0,0,0,0
200912,05,035,3,7,Crittenden County             ,2,2,260000,0,0,0,0,0,0,0,0,0,2,2,260000,0,0,0,0,0,0,0,0,0
200912,05,059,3,7,Hot Spring County             ,0,0,0,0,0,0,0,0,0,0,0,0,0,0,0,0,0,0,0,0,0,0,0,0
200912,05,061,3,7,Howard County                 ,0,0,0,0,0,0,0,0,0,0,0,0,0,0,0,0,0,0,0,0,0,0,0,0
200912,05,099,3,7,Nevada County                 ,0,0,0,0,0,0,0,0,0,0,0,0,0,0,0,0,0,0,0,0,0,0,0,0
200912,06,001,4,9,Alameda County                ,120,120,32552536,3,6,382000,2,8,1417387,0,0,0,117,117,31216363,3,6,382000,2,8,1417387,0,0,0
200912,06,003,4,9,Alpine County                 ,0,0,0,0,0,0,0,0,0,0,0,0,0,0,0,0,0,0,0,0,0,0,0,0
200912,06,009,4,9,Calaveras County              ,4,4,1098181,0,0,0,0,0,0,0,0,0,0,0,0,0,0,0,0,0,0,0,0,0
200912,06,013,4,9,Contra Costa County           ,87,87,20199486,0,0,0,2,8,1870376,3,17,3218199,83,83,19339319,0,0,0,2,8,1870376,2,12,2765194
200912,06,017,4,9,El Dorado County              ,7,7,1768833,0,0,0,0,0,0,0,0,0,7,7,1768833,0,0,0,0,0,0,0,0,0
200912,06,037,4,9,Los Angeles County            ,223,223,88326210,14,28,4707559,1,4,897917,5,30,7042259,203,203,83184868,14,28,4707559,1,4,897917,3,20,5527371
200912,06,041,4,9,Marin County                  ,13,13,4480720,0,0,0,0,0,0,0,0,0,2,2,444050,0,0,0,0,0,0,0,0,0
200912,06,045,4,9,Mendocino County              ,5,5,783431,0,0,0,0,0,0,0,0,0,5,5,783431,0,0,0,0,0,0,0,0,0
200912,06,049,4,9,Modoc County                  ,0,0,0,0,0,0,0,0,0,0,0,0,0,0,0,0,0,0,0,0,0,0,0,0
200912,06,051,4,9,Mono County                   ,1,1,138804,0,0,0,0,0,0,0,0,0,0,0,0,0,0,0,0,0,0,0,0,0
200912,06,059,4,9,Orange County                 ,137,137,39996528,5,10,2090996,1,3,576413,12,76,9998256,122,122,30706579,4,8,1575640,1,3,576413,11,71,9209950
200912,06,061,4,9,Placer County                 ,72,72,14270598,0,0,0,0,0,0,0,0,0,72,72,14270598,0,0,0,0,0,0,0,0,0
200912,06,063,4,9,Plumas County                 ,2,2,106803,0,0,0,0,0,0,0,0,0,2,2,106803,0,0,0,0,0,0,0,0,0
200912,06,065,4,9,Riverside County              ,362,362,83246380,0,0,0,0,0,0,1,6,927798,343,343,79418532,0,0,0,0,0,0,1,6,927798
200912,06,067,4,9,Sacramento County             ,81,81,19009404,1,2,333041,0,0,0,0,0,0,78,78,18448462,1,2,333041,0,0,0,0,0,0
200912,06,069,4,9,San Benito County             ,14,14,3491350,0,0,0,0,0,0,0,0,0,14,14,3491350,0,0,0,0,0,0,0,0,0
200912,06,071,4,9,San Bernardino County         ,135,135,26515585,0,0,0,1,4,570923,5,29,4129265,113,113,22004709,0,0,0,1,4,570923,5,29,4129265
200912,06,073,4,9,San Diego County              ,191,191,57795606,4,8,2712008,3,11,1696081,1,61,4323512,191,191,57795606,4,8,2712008,3,11,1696081,1,61,4323512
200912,06,075,4,9,San Francisco County          ,0,0,0,0,0,0,2,7,2100000,3,96,24386000,0,0,0,0,0,0,2,7,2100000,3,96,24386000
200912,06,077,4,9,San Joaquin County            ,55,55,11748434,0,0,0,0,0,0,0,0,0,38,38,7349590,0,0,0,0,0,0,0,0,0
200912,06,081,4,9,San Mateo County              ,45,45,18710678,0,0,0,0,0,0,1,5,877398,38,38,16050818,0,0,0,0,0,0,0,0,0
200912,06,085,4,9,Santa Clara County            ,60,60,23800098,0,0,0,0,0,0,6,217,21178676,52,52,20692658,0,0,0,0,0,0,5,212,21082522
200912,06,091,4,9,Sierra County                 ,1,1,107415,0,0,0,0,0,0,0,0,0,1,1,107415,0,0,0,0,0,0,0,0,0
200912,06,113,4,9,Yolo County                   ,15,15,3011625,0,0,0,0,0,0,0,0,0,15,15,3011625,0,0,0,0,0,0,0,0,0
200912,08,001,4,8,Adams County                  ,43,43,9742344,0,0,0,0,0,0,0,0,0,43,43,9742344,0,0,0,0,0,0,0,0,0
200912,08,005,4,8,Arapahoe County               ,67,67,17110623,0,0,0,0,0,0,0,0,0,67,67,17110623,0,0,0,0,0,0,0,0,0
200912,08,014,4,8,Broomfield County             ,14,14,3486814,0,0,0,0,0,0,0,0,0,14,14,3486814,0,0,0,0,0,0,0,0,0
200912,08,015,4,8,Chaffee County                ,5,5,1479627,0,0,0,0,0,0,0,0,0,5,5,1479627,0,0,0,0,0,0,0,0,0
200912,08,019,4,8,Clear Creek County            ,1,1,398090,0,0,0,0,0,0,0,0,0,0,0,0,0,0,0,0,0,0,0,0,0
200912,08,023,4,8,Costilla County               ,0,0,0,0,0,0,0,0,0,0,0,0,0,0,0,0,0,0,0,0,0,0,0,0
200912,08,031,4,8,Denver County                 ,44,44,7318979,6,12,2375206,0,0,0,2,148,10424864,44,44,7318979,6,12,2375206,0,0,0,2,148,10424864
200912,08,033,4,8,Dolores County                ,0,0,0,0,0,0,0,0,0,0,0,0,0,0,0,0,0,0,0,0,0,0,0,0
200912,08,035,4,8,Douglas County                ,50,50,12850080,0,0,0,2,8,855404,0,0,0,50,50,12850080,0,0,0,2,8,855404,0,0,0
200912,08,039,4,8,Elbert County                 ,4,4,1107206,0,0,0,0,0,0,0,0,0,0,0,0,0,0,0,0,0,0,0,0,0
200912,08,041,4,8,El Paso County                ,98,98,33606504,0,0,0,0,0,0,0,0,0,98,98,33606504,0,0,0,0,0,0,0,0,0
200912,08,047,4,8,Gilpin County                 ,1,1,225383,0,0,0,0,0,0,0,0,0,1,1,225383,0,0,0,0,0,0,0,0,0
200912,08,049,4,8,Grand County                  ,7,7,1654978,0,0,0,0,0,0,0,0,0,0,0,0,0,0,0,0,0,0,0,0,0
200912,08,059,4,8,Jefferson County              ,31,31,8573277,0,0,0,0,0,0,7,56,4725665,31,31,8573277,0,0,0,0,0,0,7,56,4725665
200912,08,069,4,8,Larimer County                ,28,28,6992727,0,0,0,1,4,667164,1,6,685957,28,28,6992727,0,0,0,1,4,667164,1,6,685957
200912,08,077,4,8,Mesa County                   ,14,14,2738533,0,0,0,0,0,0,0,0,0,14,14,2738533,0,0,0,0,0,0,0,0,0
200912,08,093,4,8,Park County                   ,2,2,217742,0,0,0,0,0,0,0,0,0,2,2,217742,0,0,0,0,0,0,0,0,0
200912,08,101,4,8,Pueblo County                 ,15,15,2409802,0,0,0,0,0,0,0,0,0,15,15,2409802,0,0,0,0,0,0,0,0,0
200912,08,107,4,8,Routt County                  ,4,4,3717410,0,0,0,0,0,0,0,0,0,4,4,3717410,0,0,0,0,0,0,0,0,0
200912,08,119,4,8,Teller County                 ,3,3,670165,0,0,0,0,0,0,0,0,0,2,2,598748,0,0,0,0,0,0,0,0,0
200912,08,123,4,8,Weld County                   ,54,54,13385256,0,0,0,0,0,0,0,0,0,49,49,12094209,0,0,0,0,0,0,0,0,0
200912,10,001,3,5,Kent County                   ,57,57,7814100,0,0,0,0,0,0,2,28,1839100,48,48,6771755,0,0,0,0,0,0,2,28,1839100
200912,10,003,3,5,New Castle County             ,38,38,2939986,0,0,0,0,0,0,2,10,483846,10,10,667364,0,0,0,0,0,0,0,0,0
200912,10,005,3,5,Sussex County                 ,126,126,16223738,2,4,214022,0,0,0,0,0,0,126,126,16223738,2,4,214022,0,0,0,0,0,0
200912,11,001,3,5,Washington  DC                ,15,15,2476077,1,2,178260,0,0,0,1,7,633433,0,0,0,0,0,0,0,0,0,0,0,0
200912,12,003,3,5,Baker County                  ,5,5,739901,0,0,0,0,0,0,0,0,0,5,5,739901,0,0,0,0,0,0,0,0,0
200912,12,009,3,5,Brevard County                ,112,112,26785713,0,0,0,0,0,0,2,17,2352323,87,87,21896238,0,0,0,0,0,0,1,12,1834560
200912,12,011,3,5,Broward County                ,92,92,23418299,0,0,0,1,4,562347,2,12,1265955,78,78,21519370,0,0,0,1,4,562347,1,7,953815
200912,12,013,3,5,Calhoun County                ,2,2,164229,0,0,0,0,0,0,0,0,0,1,1,80000,0,0,0,0,0,0,0,0,0
200912,12,015,3,5,Charlotte County              ,20,20,4731084,0,0,0,0,0,0,1,5,661290,1,1,289175,0,0,0,0,0,0,0,0,0
200912,12,019,3,5,Clay County                   ,37,37,6420737,0,0,0,0,0,0,2,11,919213,37,37,6420737,0,0,0,0,0,0,2,11,919213
200912,12,021,3,5,Collier County                ,91,91,26937000,0,0,0,3,12,2762000,0,0,0,91,91,26937000,0,0,0,3,12,2762000,0,0,0
200912,12,023,3,5,Columbia County               ,10,10,1260900,0,0,0,0,0,0,0,0,0,10,10,1260900,0,0,0,0,0,0,0,0,0
200912,12,031,3,5,Duval County                  ,118,118,21327635,1,2,144000,0,0,0,0,0,0,118,118,21327635,1,2,144000,0,0,0,0,0,0
200912,12,033,3,5,Escambia County               ,50,50,8698073,0,0,0,0,0,0,0,0,0,50,50,8698073,0,0,0,0,0,0,0,0,0
200912,12,041,3,5,Gilchrist County              ,3,3,310054,0,0,0,0,0,0,0,0,0,0,0,0,0,0,0,0,0,0,0,0,0
200912,12,043,3,5,Glades County                 ,4,4,439347,0,0,0,0,0,0,0,0,0,4,4,439347,0,0,0,0,0,0,0,0,0
200912,12,047,3,5,Hamilton County               ,1,1,150000,0,0,0,0,0,0,0,0,0,1,1,150000,0,0,0,0,0,0,0,0,0
200912,12,049,3,5,Hardee County                 ,1,1,231000,0,0,0,0,0,0,0,0,0,1,1,231000,0,0,0,0,0,0,0,0,0
200912,12,053,3,5,Hernando County               ,16,16,2258079,0,0,0,0,0,0,0,0,0,16,16,2258079,0,0,0,0,0,0,0,0,0
200912,12,055,3,5,Highlands County              ,7,7,1181390,0,0,0,0,0,0,0,0,0,7,7,1181390,0,0,0,0,0,0,0,0,0
200912,12,057,3,5,Hillsborough County           ,214,214,53244691,0,0,0,1,3,77870,7,179,18529984,174,174,45697163,0,0,0,0,0,0,6,144,16548277
200912,12,061,3,5,Indian River County           ,23,23,7387237,0,0,0,0,0,0,0,0,0,23,23,7387237,0,0,0,0,0,0,0,0,0
200912,12,063,3,5,Jackson County                ,5,5,500000,1,2,85000,0,0,0,0,0,0,5,5,500000,1,2,85000,0,0,0,0,0,0
200912,12,065,3,5,Jefferson County              ,2,2,499261,0,0,0,0,0,0,0,0,0,2,2,499261,0,0,0,0,0,0,0,0,0
200912,12,067,3,5,Lafayette County              ,0,0,0,0,0,0,0,0,0,0,0,0,0,0,0,0,0,0,0,0,0,0,0,0
200912,12,069,3,5,Lake County                   ,50,50,13525263,0,0,0,0,0,0,2,14,955257,44,44,12152557,0,0,0,0,0,0,1,9,566923
200912,12,071,3,5,Lee County                    ,62,62,13042194,0,0,0,0,0,0,0,0,0,54,54,10410025,0,0,0,0,0,0,0,0,0
200912,12,073,3,5,Leon County                   ,35,35,5480790,1,2,183375,0,0,0,1,9,718000,16,16,2315235,0,0,0,0,0,0,0,0,0
200912,12,077,3,5,Liberty County                ,0,0,0,0,0,0,0,0,0,0,0,0,0,0,0,0,0,0,0,0,0,0,0,0
200912,12,081,3,5,Manatee County                ,103,103,18312144,0,0,0,1,4,309154,6,98,8070000,103,103,18312144,0,0,0,1,4,309154,6,98,8070000
200912,12,083,3,5,Marion County                 ,29,29,5331737,0,0,0,0,0,0,0,0,0,29,29,5331737,0,0,0,0,0,0,0,0,0
200912,12,085,3,5,Martin County                 ,6,6,4041043,0,0,0,1,4,1083388,1,6,1788057,5,5,2271343,0,0,0,1,4,1083388,1,6,1788057
200912,12,086,3,5,Miami-Dade County             ,42,42,9762945,1,2,120000,0,0,0,1,5,966848,38,38,9118827,1,2,120000,0,0,0,0,0,0
200912,12,089,3,5,Nassau County                 ,17,17,3191014,0,0,0,0,0,0,0,0,0,16,16,3099584,0,0,0,0,0,0,0,0,0
200912,12,095,3,5,Orange County                 ,147,147,28346636,0,0,0,0,0,0,0,0,0,147,147,28346636,0,0,0,0,0,0,0,0,0
200912,12,097,3,5,Osceola County                ,68,68,12153644,0,0,0,0,0,0,0,0,0,68,68,12153644,0,0,0,0,0,0,0,0,0
200912,12,099,3,5,Palm Beach County             ,87,87,21612763,0,0,0,0,0,0,1,5,625466,83,83,20410399,0,0,0,0,0,0,0,0,0
200912,12,101,3,5,Pasco County                  ,84,84,13853706,2,4,608700,0,0,0,29,522,28954164,83,83,13738610,2,4,608700,0,0,0,29,522,28954164
200912,12,103,3,5,Pinellas County               ,32,32,10334587,0,0,0,0,0,0,0,0,0,31,31,9786743,0,0,0,0,0,0,0,0,0
200912,12,105,3,5,Polk County                   ,92,92,16060130,0,0,0,0,0,0,0,0,0,81,81,14107527,0,0,0,0,0,0,0,0,0
200912,12,107,3,5,Putnam County                 ,4,4,500918,0,0,0,0,0,0,0,0,0,1,1,101000,0,0,0,0,0,0,0,0,0
200912,12,109,3,5,St. Johns County              ,95,95,25686754,0,0,0,0,0,0,0,0,0,95,95,25686754,0,0,0,0,0,0,0,0,0
200912,12,111,3,5,St. Lucie County              ,25,25,2309414,0,0,0,0,0,0,0,0,0,25,25,2309414,0,0,0,0,0,0,0,0,0
200912,12,113,3,5,Santa Rosa County             ,27,27,4863351,0,0,0,0,0,0,0,0,0,27,27,4863351,0,0,0,0,0,0,0,0,0
200912,12,115,3,5,Sarasota County               ,32,32,11783104,0,0,0,0,0,0,3,108,9569055,32,32,11783104,0,0,0,0,0,0,3,108,9569055
200912,12,117,3,5,Seminole County               ,84,84,12153725,0,0,0,0,0,0,0,0,0,83,83,11708141,0,0,0,0,0,0,0,0,0
200912,12,119,3,5,Sumter County                 ,203,203,54056441,0,0,0,0,0,0,0,0,0,203,203,54056441,0,0,0,0,0,0,0,0,0
200912,12,123,3,5,Taylor County                 ,1,1,150000,0,0,0,0,0,0,0,0,0,1,1,150000,0,0,0,0,0,0,0,0,0
200912,12,125,3,5,Union County                  ,0,0,0,0,0,0,0,0,0,0,0,0,0,0,0,0,0,0,0,0,0,0,0,0
200912,12,127,3,5,Volusia County                ,42,42,9744364,0,0,0,0,0,0,1,6,587883,11,11,2426238,0,0,0,0,0,0,0,0,0
200912,12,129,3,5,Wakulla County                ,7,7,594000,0,0,0,0,0,0,0,0,0,7,7,594000,0,0,0,0,0,0,0,0,0
200912,12,131,3,5,Walton County                 ,14,14,5112067,0,0,0,0,0,0,0,0,0,14,14,5112067,0,0,0,0,0,0,0,0,0
200912,12,133,3,5,Washington County             ,1,1,185130,0,0,0,0,0,0,0,0,0,1,1,185130,0,0,0,0,0,0,0,0,0
200912,13,005,3,5,Bacon County                  ,0,0,0,0,0,0,0,0,0,0,0,0,0,0,0,0,0,0,0,0,0,0,0,0
200912,13,013,3,5,Barrow County                 ,1,1,91168,0,0,0,0,0,0,0,0,0,1,1,91168,0,0,0,0,0,0,0,0,0
200912,13,015,3,5,Bartow County                 ,7,7,1318505,0,0,0,0,0,0,0,0,0,7,7,1318505,0,0,0,0,0,0,0,0,0
200912,13,029,3,5,Bryan County                  ,14,14,2504122,0,0,0,0,0,0,0,0,0,14,14,2504122,0,0,0,0,0,0,0,0,0
200912,13,035,3,5,Butts County                  ,2,2,118725,0,0,0,0,0,0,0,0,0,2,2,118725,0,0,0,0,0,0,0,0,0
200912,13,045,3,5,Carroll County                ,5,5,457644,0,0,0,0,0,0,0,0,0,5,5,457644,0,0,0,0,0,0,0,0,0
200912,13,057,3,5,Cherokee County               ,24,24,5054273,0,0,0,0,0,0,0,0,0,17,17,3127737,0,0,0,0,0,0,0,0,0
200912,13,059,3,5,Clarke County                 ,13,13,1908274,0,0,0,0,0,0,1,5,487793,0,0,0,0,0,0,0,0,0,0,0,0
200912,13,063,3,5,Clayton County                ,6,6,1080745,0,0,0,0,0,0,0,0,0,6,6,1080745,0,0,0,0,0,0,0,0,0
200912,13,067,3,5,Cobb County                   ,69,69,16027867,0,0,0,1,4,978980,1,8,1328135,69,69,16027867,0,0,0,1,4,978980,1,8,1328135
200912,13,077,3,5,Coweta County                 ,30,30,7896725,0,0,0,0,0,0,0,0,0,27,27,7346851,0,0,0,0,0,0,0,0,0
200912,13,085,3,5,Dawson County                 ,1,1,350000,0,0,0,0,0,0,0,0,0,1,1,350000,0,0,0,0,0,0,0,0,0
200912,13,089,3,5,DeKalb County                 ,15,15,3181377,0,0,0,0,0,0,0,0,0,12,12,2161489,0,0,0,0,0,0,0,0,0
200912,13,095,3,5,Dougherty County              ,2,2,224020,1,2,150133,0,0,0,0,0,0,0,0,0,0,0,0,0,0,0,0,0,0
200912,13,097,3,5,Douglas County                ,4,4,720496,0,0,0,0,0,0,0,0,0,4,4,720496,0,0,0,0,0,0,0,0,0
200912,13,113,3,5,Fayette County                ,5,5,1854554,0,0,0,0,0,0,0,0,0,3,3,1231559,0,0,0,0,0,0,0,0,0
200912,13,117,3,5,Forsyth County                ,78,78,10216750,0,0,0,0,0,0,0,0,0,78,78,10216750,0,0,0,0,0,0,0,0,0
200912,13,121,3,5,Fulton County                 ,62,62,11705322,0,0,0,0,0,0,2,137,11161453,61,61,11506820,0,0,0,0,0,0,2,137,11161453
200912,13,127,3,5,Glynn County                  ,25,25,6391411,0,0,0,0,0,0,0,0,0,0,0,0,0,0,0,0,0,0,0,0,0
200912,13,133,3,5,Greene County                 ,24,24,5676558,0,0,0,0,0,0,0,0,0,24,24,5676558,0,0,0,0,0,0,0,0,0
200912,13,135,3,5,Gwinnett County               ,57,57,11989481,0,0,0,0,0,0,0,0,0,56,56,11866980,0,0,0,0,0,0,0,0,0
200912,13,143,3,5,Haralson County               ,3,3,517248,0,0,0,0,0,0,0,0,0,3,3,517248,0,0,0,0,0,0,0,0,0
200912,13,145,3,5,Harris County                 ,16,16,3737990,0,0,0,0,0,0,0,0,0,16,16,3737990,0,0,0,0,0,0,0,0,0
200912,13,149,3,5,Heard County                  ,0,0,0,0,0,0,0,0,0,0,0,0,0,0,0,0,0,0,0,0,0,0,0,0
200912,13,151,3,5,Henry County                  ,18,18,3715720,0,0,0,0,0,0,0,0,0,18,18,3715720,0,0,0,0,0,0,0,0,0
200912,13,159,3,5,Jasper County                 ,3,3,426000,0,0,0,0,0,0,0,0,0,3,3,426000,0,0,0,0,0,0,0,0,0
200912,13,169,3,5,Jones County                  ,4,4,726000,0,0,0,0,0,0,0,0,0,4,4,726000,0,0,0,0,0,0,0,0,0
200912,13,171,3,5,Lamar County                  ,2,2,228361,0,0,0,0,0,0,0,0,0,2,2,228361,0,0,0,0,0,0,0,0,0
200912,13,177,3,5,Lee County                    ,9,9,1028566,0,0,0,0,0,0,0,0,0,0,0,0,0,0,0,0,0,0,0,0,0
200912,13,189,3,5,McDuffie County               ,2,2,350176,0,0,0,0,0,0,0,0,0,0,0,0,0,0,0,0,0,0,0,0,0
200912,13,199,3,5,Meriwether County             ,1,1,90000,0,0,0,0,0,0,0,0,0,0,0,0,0,0,0,0,0,0,0,0,0
200912,13,211,3,5,Morgan County                 ,2,2,351000,0,0,0,0,0,0,0,0,0,2,2,351000,0,0,0,0,0,0,0,0,0
200912,13,213,3,5,Murray County                 ,0,0,392600,0,0,0,0,0,0,0,0,0,0,0,392600,0,0,0,0,0,0,0,0,0
200912,13,215,3,5,Muscogee County               ,18,18,1905271,0,0,0,1,3,136255,1,6,455957,0,0,0,0,0,0,0,0,0,0,0,0
200912,13,217,3,5,Newton County                 ,5,5,794482,0,0,0,0,0,0,0,0,0,5,5,794482,0,0,0,0,0,0,0,0,0
200912,13,223,3,5,Paulding County               ,10,10,1801241,0,0,0,0,0,0,0,0,0,10,10,1801241,0,0,0,0,0,0,0,0,0
200912,13,227,3,5,Pickens County                ,4,4,598000,0,0,0,0,0,0,0,0,0,2,2,420000,0,0,0,0,0,0,0,0,0
200912,13,231,3,5,Pike County                   ,5,5,647055,0,0,0,0,0,0,0,0,0,0,0,0,0,0,0,0,0,0,0,0,0
200912,13,237,3,5,Putnam County                 ,5,5,957000,0,0,0,0,0,0,0,0,0,5,5,957000,0,0,0,0,0,0,0,0,0
200912,13,239,3,5,Quitman County                ,0,0,0,0,0,0,0,0,0,0,0,0,0,0,0,0,0,0,0,0,0,0,0,0
200912,13,247,3,5,Rockdale County               ,4,4,1193825,0,0,0,0,0,0,0,0,0,4,4,1193825,0,0,0,0,0,0,0,0,0
200912,13,255,3,5,Spalding County               ,7,7,755491,0,0,0,0,0,0,0,0,0,7,7,755491,0,0,0,0,0,0,0,0,0
200912,13,291,3,5,Union County                  ,5,5,885566,0,0,0,0,0,0,0,0,0,5,5,885566,0,0,0,0,0,0,0,0,0
200912,13,297,3,5,Walton County                 ,0,0,0,0,0,0,0,0,0,0,0,0,0,0,0,0,0,0,0,0,0,0,0,0
200912,13,313,3,5,Whitfield County              ,9,9,1090358,0,0,0,0,0,0,1,5,249757,0,0,0,0,0,0,0,0,0,0,0,0
200912,13,321,3,5,Worth County                  ,0,0,0,0,0,0,0,0,0,0,0,0,0,0,0,0,0,0,0,0,0,0,0,0
200912,15,001,4,9,Hawaii County                 ,11,11,4248570,0,0,0,0,0,0,0,0,0,11,11,4248570,0,0,0,0,0,0,0,0,0
200912,15,003,4,9,Honolulu County               ,65,65,18241681,0,0,0,1,4,1060000,0,0,0,65,65,18241681,0,0,0,1,4,1060000,0,0,0
200912,15,007,4,9,Kauai County                  ,10,10,4638100,0,0,0,0,0,0,0,0,0,10,10,4638100,0,0,0,0,0,0,0,0,0
200912,15,009,4,9,Maui County                   ,28,28,7690109,0,0,0,0,0,0,0,0,0,28,28,7690109,0,0,0,0,0,0,0,0,0
200912,16,001,4,8,Ada County                    ,96,96,19898968,0,0,0,0,0,0,0,0,0,96,96,19898968,0,0,0,0,0,0,0,0,0
200912,16,015,4,8,Boise County                  ,0,0,0,0,0,0,0,0,0,0,0,0,0,0,0,0,0,0,0,0,0,0,0,0
200912,16,027,4,8,Canyon County                 ,28,28,4250392,0,0,0,0,0,0,0,0,0,27,27,4075426,0,0,0,0,0,0,0,0,0
200912,16,045,4,8,Gem County                    ,1,1,76507,0,0,0,0,0,0,0,0,0,1,1,76507,0,0,0,0,0,0,0,0,0
200912,16,073,4,8,Owyhee County                 ,1,1,360000,0,0,0,0,0,0,0,0,0,1,1,360000,0,0,0,0,0,0,0,0,0
200912,17,005,2,3,Bond County                   ,2,2,279544,0,0,0,0,0,0,0,0,0,1,1,120000,0,0,0,0,0,0,0,0,0
200912,17,013,2,3,Calhoun County                ,1,1,175000,0,0,0,0,0,0,0,0,0,1,1,175000,0,0,0,0,0,0,0,0,0
200912,17,027,2,3,Clinton County                ,4,4,860759,0,0,0,0,0,0,0,0,0,2,2,360000,0,0,0,0,0,0,0,0,0
200912,17,031,2,3,Cook County                   ,38,38,16206890,0,0,0,1,4,750000,7,93,14800986,29,29,13057141,0,0,0,1,4,750000,5,68,12670000
200912,17,037,2,3,DeKalb County                 ,11,11,2494097,0,0,0,0,0,0,0,0,0,10,10,2357000,0,0,0,0,0,0,0,0,0
200912,17,039,2,3,De Witt County                ,0,0,0,0,0,0,0,0,0,0,0,0,0,0,0,0,0,0,0,0,0,0,0,0
200912,17,043,2,3,DuPage County                 ,34,34,16515039,0,0,0,0,0,0,0,0,0,34,34,16515039,0,0,0,0,0,0,0,0,0
200912,17,063,2,3,Grundy County                 ,1,1,160549,0,0,0,0,0,0,0,0,0,0,0,0,0,0,0,0,0,0,0,0,0
200912,17,083,2,3,Jersey County                 ,2,2,253410,0,0,0,0,0,0,0,0,0,1,1,121239,0,0,0,0,0,0,0,0,0
200912,17,089,2,3,Kane County                   ,26,26,5333084,0,0,0,0,0,0,0,0,0,24,24,4970284,0,0,0,0,0,0,0,0,0
200912,17,093,2,3,Kendall County                ,11,11,3038058,0,0,0,0,0,0,0,0,0,11,11,3038058,0,0,0,0,0,0,0,0,0
200912,17,097,2,3,Lake County                   ,32,32,10580756,0,0,0,0,0,0,2,10,1647222,21,21,7398602,0,0,0,0,0,0,0,0,0
200912,17,111,2,3,McHenry County                ,17,17,3213123,0,0,0,0,0,0,0,0,0,9,9,1867254,0,0,0,0,0,0,0,0,0
200912,17,117,2,3,Macoupin County               ,3,3,584498,0,0,0,0,0,0,0,0,0,0,0,0,0,0,0,0,0,0,0,0,0
200912,17,119,2,3,Madison County                ,28,28,5779107,0,0,0,0,0,0,0,0,0,24,24,4788296,0,0,0,0,0,0,0,0,0
200912,17,133,2,3,Monroe County                 ,3,3,504839,0,0,0,0,0,0,0,0,0,3,3,504839,0,0,0,0,0,0,0,0,0
200912,17,163,2,3,St. Clair County              ,40,40,7993503,1,2,160000,0,0,0,1,98,8000000,23,23,4321000,1,2,160000,0,0,0,1,98,8000000
200912,17,197,2,3,Will County                   ,66,66,8799375,0,0,0,0,0,0,0,0,0,58,58,7229321,0,0,0,0,0,0,0,0,0
200912,18,001,2,3,Adams County                  ,0,0,0,0,0,0,0,0,0,0,0,0,0,0,0,0,0,0,0,0,0,0,0,0
200912,18,003,2,3,Allen County                  ,42,42,7489587,0,0,0,0,0,0,0,0,0,42,42,7489587,0,0,0,0,0,0,0,0,0
200912,18,011,2,3,Boone County                  ,19,19,3825280,0,0,0,0,0,0,0,0,0,19,19,3825280,0,0,0,0,0,0,0,0,0
200912,18,013,2,3,Brown County                  ,0,0,0,0,0,0,0,0,0,0,0,0,0,0,0,0,0,0,0,0,0,0,0,0
200912,18,019,2,3,Clark County                  ,37,37,5348574,0,0,0,0,0,0,0,0,0,36,36,5169478,0,0,0,0,0,0,0,0,0
200912,18,029,2,3,Dearborn County               ,5,5,835000,0,0,0,0,0,0,0,0,0,5,5,835000,0,0,0,0,0,0,0,0,0
200912,18,043,2,3,Floyd County                  ,8,8,1360777,0,0,0,0,0,0,0,0,0,6,6,1070000,0,0,0,0,0,0,0,0,0
200912,18,047,2,3,Franklin County               ,3,3,555000,0,0,0,0,0,0,0,0,0,3,3,555000,0,0,0,0,0,0,0,0,0
200912,18,049,2,3,Fulton County                 ,1,1,191688,0,0,0,0,0,0,0,0,0,0,0,0,0,0,0,0,0,0,0,0,0
200912,18,057,2,3,Hamilton County               ,106,106,18028746,0,0,0,0,0,0,0,0,0,106,106,18028746,0,0,0,0,0,0,0,0,0
200912,18,059,2,3,Hancock County                ,7,7,1440930,0,0,0,0,0,0,1,12,588095,4,4,990000,0,0,0,0,0,0,0,0,0
200912,18,061,2,3,Harrison County               ,6,6,1238034,0,0,0,0,0,0,3,24,2145360,6,6,1238034,0,0,0,0,0,0,3,24,2145360
200912,18,063,2,3,Hendricks County              ,52,52,9477892,0,0,0,0,0,0,0,0,0,44,44,8256038,0,0,0,0,0,0,0,0,0
200912,18,065,2,3,Henry County                  ,2,2,318545,0,0,0,0,0,0,0,0,0,2,2,318545,0,0,0,0,0,0,0,0,0
200912,18,069,2,3,Huntington County             ,0,0,0,0,0,0,0,0,0,0,0,0,0,0,0,0,0,0,0,0,0,0,0,0
200912,18,073,2,3,Jasper County                 ,6,6,1091678,0,0,0,0,0,0,0,0,0,6,6,1091678,0,0,0,0,0,0,0,0,0
200912,18,079,2,3,Jennings County               ,3,3,409715,0,0,0,0,0,0,0,0,0,3,3,409715,0,0,0,0,0,0,0,0,0
200912,18,081,2,3,Johnson County                ,12,12,1998839,0,0,0,1,3,431152,1,19,1012871,11,11,1883270,0,0,0,1,3,431152,0,0,0
200912,18,087,2,3,Lagrange County               ,4,4,685000,0,0,0,0,0,0,0,0,0,4,4,685000,0,0,0,0,0,0,0,0,0
200912,18,089,2,3,Lake County                   ,41,41,9334158,1,2,160000,0,0,0,0,0,0,36,36,8405774,1,2,160000,0,0,0,0,0,0
200912,18,097,2,3,Marion County                 ,54,54,6560732,0,0,0,0,0,0,1,30,1720000,48,48,5653008,0,0,0,0,0,0,1,30,1720000
200912,18,105,2,3,Monroe County                 ,9,9,1512862,2,4,398009,0,0,0,0,0,0,9,9,1512862,2,4,398009,0,0,0,0,0,0
200912,18,109,2,3,Morgan County                 ,6,6,789500,0,0,0,0,0,0,0,0,0,6,6,789500,0,0,0,0,0,0,0,0,0
200912,18,111,2,3,Newton County                 ,1,1,306669,0,0,0,0,0,0,0,0,0,1,1,306669,0,0,0,0,0,0,0,0,0
200912,18,115,2,3,Ohio County                   ,0,0,0,0,0,0,0,0,0,0,0,0,0,0,0,0,0,0,0,0,0,0,0,0
200912,18,125,2,3,Pike County                   ,2,2,75000,0,0,0,0,0,0,0,0,0,2,2,75000,0,0,0,0,0,0,0,0,0
200912,18,127,2,3,Porter County                 ,25,25,6104839,0,0,0,0,0,0,1,40,4584213,25,25,6104839,0,0,0,0,0,0,1,40,4584213
200912,18,133,2,3,Putnam County                 ,1,1,110000,0,0,0,0,0,0,0,0,0,1,1,110000,0,0,0,0,0,0,0,0,0
200912,18,145,2,3,Shelby County                 ,3,3,760000,0,0,0,0,0,0,0,0,0,3,3,760000,0,0,0,0,0,0,0,0,0
200912,18,155,2,3,Switzerland County            ,2,2,116532,0,0,0,0,0,0,0,0,0,0,0,0,0,0,0,0,0,0,0,0,0
200912,18,157,2,3,Tippecanoe County             ,42,42,7114763,0,0,0,0,0,0,1,23,1200000,42,42,7114763,0,0,0,0,0,0,1,23,1200000
200912,18,163,2,3,Vanderburgh County            ,12,12,1546027,0,0,0,0,0,0,2,10,1747083,0,0,0,0,0,0,0,0,0,0,0,0
200912,18,167,2,3,Vigo County                   ,4,4,604006,0,0,0,1,3,100000,0,0,0,3,3,504287,0,0,0,0,0,0,0,0,0
200912,18,175,2,3,Washington County             ,2,2,286051,0,0,0,0,0,0,0,0,0,0,0,0,0,0,0,0,0,0,0,0,0
200912,18,179,2,3,Wells County                  ,1,1,206339,0,0,0,0,0,0,0,0,0,1,1,206339,0,0,0,0,0,0,0,0,0
200912,18,181,2,3,White County                  ,2,2,385000,0,0,0,0,0,0,0,0,0,2,2,385000,0,0,0,0,0,0,0,0,0
200912,18,183,2,3,Whitley County                ,5,5,1157000,0,0,0,0,0,0,0,0,0,5,5,1157000,0,0,0,0,0,0,0,0,0
200912,19,049,2,4,Dallas County                 ,4,4,654173,0,0,0,0,0,0,0,0,0,4,4,654173,0,0,0,0,0,0,0,0,0
200912,19,077,2,4,Guthrie County                ,0,0,0,0,0,0,0,0,0,0,0,0,0,0,0,0,0,0,0,0,0,0,0,0
200912,19,085,2,4,Harrison County               ,0,0,0,0,0,0,0,0,0,0,0,0,0,0,0,0,0,0,0,0,0,0,0,0
200912,19,121,2,4,Madison County                ,2,2,364161,0,0,0,0,0,0,0,0,0,0,0,0,0,0,0,0,0,0,0,0,0
200912,19,129,2,4,Mills County                  ,0,0,0,0,0,0,0,0,0,0,0,0,0,0,0,0,0,0,0,0,0,0,0,0
200912,19,153,2,4,Polk County                   ,94,94,19125113,0,0,0,2,8,1258412,0,0,0,94,94,19125113,0,0,0,2,8,1258412,0,0,0
200912,19,155,2,4,Pottawattamie County          ,14,14,2161493,0,0,0,0,0,0,0,0,0,14,14,2161493,0,0,0,0,0,0,0,0,0
200912,19,181,2,4,Warren County                 ,13,13,2086711,0,0,0,0,0,0,1,66,4417800,13,13,2086711,0,0,0,0,0,0,1,66,4417800
200912,20,055,2,4,Finney County                 ,0,0,0,0,0,0,0,0,0,0,0,0,0,0,0,0,0,0,0,0,0,0,0,0
200912,20,059,2,4,Franklin County               ,4,4,479257,0,0,0,0,0,0,0,0,0,4,4,479257,0,0,0,0,0,0,0,0,0
200912,20,063,2,4,Gove County                   ,0,0,0,0,0,0,0,0,0,0,0,0,0,0,0,0,0,0,0,0,0,0,0,0
200912,20,091,2,4,Johnson County                ,65,65,20379658,0,0,0,2,8,1200000,11,276,19132665,60,60,19388884,0,0,0,2,8,1200000,11,276,19132665
200912,20,103,2,4,Leavenworth County            ,5,5,619940,0,0,0,0,0,0,0,0,0,5,5,619940,0,0,0,0,0,0,0,0,0
200912,20,107,2,4,Linn County                   ,1,1,148893,0,0,0,0,0,0,0,0,0,0,0,0,0,0,0,0,0,0,0,0,0
200912,20,121,2,4,Miami County                  ,5,5,1005928,0,0,0,0,0,0,0,0,0,3,3,281000,0,0,0,0,0,0,0,0,0
200912,20,129,2,4,Morton County                 ,0,0,0,0,0,0,0,0,0,0,0,0,0,0,0,0,0,0,0,0,0,0,0,0
200912,20,151,2,4,Pratt County                  ,1,1,264650,0,0,0,0,0,0,0,0,0,1,1,264650,0,0,0,0,0,0,0,0,0
200912,20,183,2,4,Smith County                  ,0,0,0,0,0,0,0,0,0,0,0,0,0,0,0,0,0,0,0,0,0,0,0,0
200912,20,209,2,4,Wyandotte County              ,15,15,1870552,0,0,0,0,0,0,0,0,0,14,14,1753485,0,0,0,0,0,0,0,0,0
200912,21,005,3,6,Anderson County               ,4,4,861468,0,0,0,0,0,0,0,0,0,4,4,861468,0,0,0,0,0,0,0,0,0
200912,21,015,3,6,Boone County                  ,39,39,5358178,0,0,0,0,0,0,0,0,0,39,39,5358178,0,0,0,0,0,0,0,0,0
200912,21,021,3,6,Boyle County                  ,1,1,196500,0,0,0,0,0,0,1,6,300000,1,1,196500,0,0,0,0,0,0,1,6,300000
200912,21,029,3,6,Bullitt County                ,28,28,4696862,0,0,0,0,0,0,3,20,1060000,28,28,4696862,0,0,0,0,0,0,3,20,1060000
200912,21,037,3,6,Campbell County               ,4,4,818927,0,0,0,0,0,0,1,12,999000,4,4,818927,0,0,0,0,0,0,1,12,999000
200912,21,049,3,6,Clark County                  ,7,7,842000,0,0,0,0,0,0,0,0,0,7,7,842000,0,0,0,0,0,0,0,0,0
200912,21,059,3,6,Daviess County                ,26,26,2310703,0,0,0,0,0,0,0,0,0,26,26,2310703,0,0,0,0,0,0,0,0,0
200912,21,067,3,6,Fayette County                ,33,33,3874000,0,0,0,0,0,0,0,0,0,33,33,3874000,0,0,0,0,0,0,0,0,0
200912,21,077,3,6,Gallatin County               ,4,4,225440,0,0,0,0,0,0,0,0,0,4,4,225440,0,0,0,0,0,0,0,0,0
200912,21,081,3,6,Grant County                  ,3,3,300000,0,0,0,0,0,0,0,0,0,3,3,300000,0,0,0,0,0,0,0,0,0
200912,21,103,3,6,Henry County                  ,0,0,0,0,0,0,0,0,0,0,0,0,0,0,0,0,0,0,0,0,0,0,0,0
200912,21,111,3,6,Jefferson County              ,58,58,11558450,0,0,0,0,0,0,2,16,536329,58,58,11558450,0,0,0,0,0,0,2,16,536329
200912,21,113,3,6,Jessamine County              ,2,2,606000,0,0,0,0,0,0,0,0,0,2,2,606000,0,0,0,0,0,0,0,0,0
200912,21,117,3,6,Kenton County                 ,24,24,3359402,0,0,0,0,0,0,1,5,600000,24,24,3359402,0,0,0,0,0,0,1,5,600000
200912,21,137,3,6,Lincoln County                ,1,1,177113,0,0,0,0,0,0,0,0,0,1,1,177113,0,0,0,0,0,0,0,0,0
200912,21,151,3,6,Madison County                ,10,10,983495,0,0,0,2,8,400000,0,0,0,4,4,460000,0,0,0,2,8,400000,0,0,0
200912,21,157,3,6,Marshall County               ,3,3,475435,0,0,0,0,0,0,1,5,277778,2,2,354226,0,0,0,0,0,0,0,0,0
200912,21,163,3,6,Meade County                  ,9,9,914201,0,0,0,0,0,0,0,0,0,8,8,780000,0,0,0,0,0,0,0,0,0
200912,21,167,3,6,Mercer County                 ,0,0,0,0,0,0,0,0,0,0,0,0,0,0,0,0,0,0,0,0,0,0,0,0
200912,21,179,3,6,Nelson County                 ,11,11,1075000,0,0,0,0,0,0,0,0,0,11,11,1075000,0,0,0,0,0,0,0,0,0
200912,21,185,3,6,Oldham County                 ,11,11,2997383,1,2,290465,0,0,0,1,5,292143,0,0,0,0,0,0,0,0,0,0,0,0
200912,21,191,3,6,Pendleton County              ,0,0,0,0,0,0,0,0,0,0,0,0,0,0,0,0,0,0,0,0,0,0,0,0
200912,21,205,3,6,Rowan County                  ,0,0,0,0,0,0,0,0,0,0,0,0,0,0,0,0,0,0,0,0,0,0,0,0
200912,21,209,3,6,Scott County                  ,10,10,1801241,0,0,0,0,0,0,0,0,0,10,10,1801241,0,0,0,0,0,0,0,0,0
200912,21,211,3,6,Shelby County                 ,8,8,820442,0,0,0,0,0,0,0,0,0,8,8,820442,0,0,0,0,0,0,0,0,0
200912,21,213,3,6,Simpson County                ,1,1,55000,0,0,0,0,0,0,0,0,0,1,1,55000,0,0,0,0,0,0,0,0,0
200912,21,215,3,6,Spencer County                ,2,2,360248,0,0,0,0,0,0,0,0,0,2,2,360248,0,0,0,0,0,0,0,0,0
200912,21,221,3,6,Trigg County                  ,0,0,0,0,0,0,0,0,0,0,0,0,0,0,0,0,0,0,0,0,0,0,0,0
200912,21,239,3,6,Woodford County               ,2,2,179000,0,0,0,0,0,0,0,0,0,2,2,179000,0,0,0,0,0,0,0,0,0
200912,22,009,3,7,Avoyelles Parish              ,3,3,350757,0,0,0,0,0,0,0,0,0,0,0,0,0,0,0,0,0,0,0,0,0
200912,22,017,3,7,Caddo Parish                  ,21,21,5905964,0,0,0,0,0,0,0,0,0,21,21,5905964,0,0,0,0,0,0,0,0,0
200912,22,039,3,7,Evangeline Parish             ,4,4,605530,0,0,0,0,0,0,0,0,0,4,4,605530,0,0,0,0,0,0,0,0,0
200912,22,051,3,7,Jefferson Parish              ,29,29,5858320,1,2,150000,0,0,0,0,0,0,29,29,5858320,1,2,150000,0,0,0,0,0,0
200912,22,071,3,7,Orleans Parish                ,66,66,8934524,14,28,1563912,0,0,0,0,0,0,66,66,8934524,14,28,1563912,0,0,0,0,0,0
200912,22,075,3,7,Plaquemines Parish            ,6,6,550530,0,0,0,0,0,0,0,0,0,6,6,550530,0,0,0,0,0,0,0,0,0
200912,22,077,3,7,Pointe Coupee Parish          ,1,1,220270,0,0,0,0,0,0,0,0,0,1,1,220270,0,0,0,0,0,0,0,0,0
200912,22,087,3,7,St. Bernard Parish            ,2,2,205300,0,0,0,0,0,0,0,0,0,2,2,205300,0,0,0,0,0,0,0,0,0
200912,22,089,3,7,St. Charles Parish            ,6,6,1174348,0,0,0,0,0,0,0,0,0,0,0,0,0,0,0,0,0,0,0,0,0
200912,22,091,3,7,St. Helena Parish             ,1,1,150000,0,0,0,0,0,0,0,0,0,0,0,0,0,0,0,0,0,0,0,0,0
200912,22,095,3,7,St. John the Baptist Parish   ,4,4,642370,0,0,0,0,0,0,0,0,0,4,4,642370,0,0,0,0,0,0,0,0,0
200912,22,103,3,7,St. Tammany Parish            ,51,51,14730135,0,0,0,0,0,0,0,0,0,51,51,14730135,0,0,0,0,0,0,0,0,0
200912,22,109,3,7,Terrebonne Parish             ,34,34,9616203,0,0,0,0,0,0,0,0,0,34,34,9616203,0,0,0,0,0,0,0,0,0
200912,22,117,3,7,Washington Parish             ,6,6,811995,0,0,0,0,0,0,0,0,0,0,0,0,0,0,0,0,0,0,0,0,0
200912,23,000,1,1,Maine Unorganized Territory   ,5,5,664001,0,0,0,0,0,0,0,0,0,0,0,0,0,0,0,0,0,0,0,0,0
200912,24,003,3,5,Anne Arundel County           ,69,69,12559520,0,0,0,0,0,0,1,106,6943761,68,68,12248438,0,0,0,0,0,0,1,106,6943761
200912,24,005,3,5,Baltimore County              ,34,34,6124219,1,2,180000,0,0,0,2,132,12100000,34,34,6124219,1,2,180000,0,0,0,2,132,12100000
200912,24,009,3,5,Calvert County                ,23,23,4142854,0,0,0,0,0,0,0,0,0,23,23,4142854,0,0,0,0,0,0,0,0,0
200912,24,013,3,5,Carroll County                ,14,14,2521737,0,0,0,0,0,0,0,0,0,14,14,2521737,0,0,0,0,0,0,0,0,0
200912,24,015,3,5,Cecil County                  ,16,16,2752965,0,0,0,0,0,0,1,12,1033622,1,1,75000,0,0,0,0,0,0,0,0,0
200912,24,017,3,5,Charles County                ,50,50,12128900,0,0,0,0,0,0,0,0,0,50,50,12128900,0,0,0,0,0,0,0,0,0
200912,24,021,3,5,Frederick County              ,58,58,12052812,0,0,0,0,0,0,0,0,0,29,29,6168501,0,0,0,0,0,0,0,0,0
200912,24,023,3,5,Garrett County                ,2,2,320000,0,0,0,0,0,0,0,0,0,2,2,320000,0,0,0,0,0,0,0,0,0
200912,24,025,3,5,Harford County                ,37,37,6523977,0,0,0,0,0,0,1,80,6148376,36,36,6339200,0,0,0,0,0,0,1,80,6148376
200912,24,027,3,5,Howard County                 ,95,95,17111789,0,0,0,0,0,0,2,102,13077192,95,95,17111789,0,0,0,0,0,0,2,102,13077192
200912,24,031,3,5,Montgomery County             ,104,104,21170771,0,0,0,0,0,0,0,0,0,104,104,21170771,0,0,0,0,0,0,0,0,0
200912,24,033,3,5,Prince George County          ,90,90,16231044,0,0,0,0,0,0,0,0,0,90,90,16231044,0,0,0,0,0,0,0,0,0
200912,24,035,3,5,Queen Anne County             ,10,10,1153000,0,0,0,0,0,0,1,5,750000,10,10,1153000,0,0,0,0,0,0,1,5,750000
200912,24,510,3,5,Baltimore (Independent City)  ,10,10,1397451,0,0,0,0,0,0,1,35,2804624,0,0,0,0,0,0,0,0,0,0,0,0
200912,25,009,1,1,Essex County                  ,39,39,10887322,1,2,159883,0,0,0,4,40,3680902,28,28,7677249,0,0,0,0,0,0,1,25,2350000
200912,25,017,1,1,Middlesex County              ,135,135,31796979,6,12,1642000,2,8,1046000,2,11,926630,116,116,28679891,6,12,1642000,2,8,1046000,0,0,0
200912,25,019,1,1,Nantucket County              ,6,6,3787500,0,0,0,0,0,0,0,0,0,6,6,3787500,0,0,0,0,0,0,0,0,0
200912,25,021,1,1,Norfolk County                ,46,46,10949748,2,4,940000,1,4,400000,7,151,12294617,35,35,7846565,2,4,940000,1,4,400000,3,112,8961962
200912,25,023,1,1,Plymouth County               ,42,42,9074255,0,0,0,0,0,0,2,102,13063708,15,15,4838650,0,0,0,0,0,0,1,97,12887036
200912,25,025,1,1,Suffolk County                ,2,2,369659,1,2,300000,0,0,0,1,10,1330249,1,1,225308,1,2,300000,0,0,0,0,0,0
200912,26,000,2,3,Michigan Balance of State     ,6,6,818846,0,0,0,0,0,0,0,0,0,6,6,818846,0,0,0,0,0,0,0,0,0
200912,26,001,2,3,Alcona County                 ,0,0,0,0,0,0,0,0,0,0,0,0,0,0,0,0,0,0,0,0,0,0,0,0
200912,26,009,2,3,Antrim County                 ,1,1,157764,0,0,0,0,0,0,0,0,0,1,1,157764,0,0,0,0,0,0,0,0,0
200912,26,015,2,3,Barry County                  ,7,7,792166,0,0,0,0,0,0,0,0,0,0,0,0,0,0,0,0,0,0,0,0,0
200912,26,019,2,3,Benzie County                 ,5,5,700473,0,0,0,0,0,0,0,0,0,5,5,700473,0,0,0,0,0,0,0,0,0
200912,26,029,2,3,Charlevoix County             ,7,7,1021699,0,0,0,0,0,0,0,0,0,0,0,0,0,0,0,0,0,0,0,0,0
200912,26,031,2,3,Cheboygan County              ,4,4,1545000,0,0,0,0,0,0,0,0,0,4,4,1545000,0,0,0,0,0,0,0,0,0
200912,26,047,2,3,Emmet County                  ,0,0,0,0,0,0,0,0,0,0,0,0,0,0,0,0,0,0,0,0,0,0,0,0
200912,26,051,2,3,Gladwin County                ,2,2,336192,0,0,0,0,0,0,0,0,0,2,2,336192,0,0,0,0,0,0,0,0,0
200912,26,059,2,3,Hillsdale County              ,2,2,200374,0,0,0,0,0,0,0,0,0,2,2,200374,0,0,0,0,0,0,0,0,0
200912,26,067,2,3,Ionia County                  ,4,4,609073,0,0,0,0,0,0,0,0,0,0,0,0,0,0,0,0,0,0,0,0,0
200912,26,079,2,3,Kalkaska County               ,0,0,0,0,0,0,0,0,0,0,0,0,0,0,0,0,0,0,0,0,0,0,0,0
200912,26,081,2,3,Kent County                   ,60,60,10241590,0,0,0,0,0,0,1,15,1000000,52,52,8747020,0,0,0,0,0,0,1,15,1000000
200912,26,087,2,3,Lapeer County                 ,1,1,150000,0,0,0,0,0,0,0,0,0,1,1,150000,0,0,0,0,0,0,0,0,0
200912,26,089,2,3,Leelanau County               ,4,4,896590,0,0,0,0,0,0,0,0,0,4,4,896590,0,0,0,0,0,0,0,0,0
200912,26,093,2,3,Livingston County             ,12,12,2775181,0,0,0,0,0,0,0,0,0,11,11,2673099,0,0,0,0,0,0,0,0,0
200912,26,099,2,3,Macomb County                 ,21,21,5764596,0,0,0,0,0,0,0,0,0,18,18,4928028,0,0,0,0,0,0,0,0,0
200912,26,103,2,3,Marquette County              ,1,1,119000,0,0,0,0,0,0,0,0,0,1,1,119000,0,0,0,0,0,0,0,0,0
200912,26,113,2,3,Missaukee County              ,0,0,0,0,0,0,0,0,0,0,0,0,0,0,0,0,0,0,0,0,0,0,0,0
200912,26,123,2,3,Newaygo County                ,2,2,216077,0,0,0,0,0,0,0,0,0,1,1,125000,0,0,0,0,0,0,0,0,0
200912,26,125,2,3,Oakland County                ,62,62,13396964,0,0,0,1,3,238509,0,0,0,54,54,12219700,0,0,0,0,0,0,0,0,0
200912,26,129,2,3,Ogemaw County                 ,6,6,1008575,0,0,0,0,0,0,0,0,0,6,6,1008575,0,0,0,0,0,0,0,0,0
200912,26,133,2,3,Osceola County                ,3,3,360000,0,0,0,0,0,0,0,0,0,3,3,360000,0,0,0,0,0,0,0,0,0
200912,26,137,2,3,Otsego County                 ,1,1,233429,0,0,0,0,0,0,0,0,0,0,0,0,0,0,0,0,0,0,0,0,0
200912,26,141,2,3,Presque Isle County           ,0,0,0,0,0,0,0,0,0,0,0,0,0,0,0,0,0,0,0,0,0,0,0,0
200912,26,147,2,3,St. Clair County              ,5,5,1061601,0,0,0,0,0,0,0,0,0,5,5,1061601,0,0,0,0,0,0,0,0,0
200912,26,163,2,3,Wayne County                  ,19,19,3776836,0,0,0,0,0,0,0,0,0,18,18,3576085,0,0,0,0,0,0,0,0,0
200912,27,003,2,4,Anoka County                  ,40,40,7941569,0,0,0,0,0,0,0,0,0,39,39,7716261,0,0,0,0,0,0,0,0,0
200912,27,019,2,4,Carver County                 ,24,24,6503342,0,0,0,0,0,0,0,0,0,21,21,5771691,0,0,0,0,0,0,0,0,0
200912,27,025,2,4,Chisago County                ,6,6,927410,0,0,0,0,0,0,0,0,0,6,6,927410,0,0,0,0,0,0,0,0,0
200912,27,037,2,4,Dakota County                 ,34,34,8656972,0,0,0,1,4,632000,0,0,0,32,32,8029027,0,0,0,1,4,632000,0,0,0
200912,27,053,2,4,Hennepin County               ,63,63,24878428,0,0,0,0,0,0,3,137,16420767,60,60,23193343,0,0,0,0,0,0,2,132,15976323
200912,27,059,2,4,Isanti County                 ,0,0,0,0,0,0,0,0,0,6,30,3100000,0,0,0,0,0,0,0,0,0,6,30,3100000
200912,27,123,2,4,Ramsey County                 ,6,6,1552500,0,0,0,0,0,0,3,18,900000,6,6,1552500,0,0,0,0,0,0,3,18,900000
200912,27,139,2,4,Scott County                  ,50,50,12638726,0,0,0,0,0,0,0,0,0,47,47,11050619,0,0,0,0,0,0,0,0,0
200912,27,141,2,4,Sherburne County              ,8,8,1742568,0,0,0,0,0,0,0,0,0,7,7,1598820,0,0,0,0,0,0,0,0,0
200912,27,163,2,4,Washington County             ,48,48,13264718,0,0,0,0,0,0,0,0,0,45,45,12717730,0,0,0,0,0,0,0,0,0
200912,27,171,2,4,Wright County                 ,11,11,2017093,0,0,0,0,0,0,0,0,0,5,5,1019058,0,0,0,0,0,0,0,0,0
200912,28,021,3,6,Claiborne County              ,0,0,0,0,0,0,0,0,0,0,0,0,0,0,0,0,0,0,0,0,0,0,0,0
200912,28,033,3,6,DeSoto County                 ,36,36,4851196,0,0,0,0,0,0,0,0,0,29,29,3723632,0,0,0,0,0,0,0,0,0
200912,28,039,3,6,George County                 ,0,0,0,0,0,0,0,0,0,0,0,0,0,0,0,0,0,0,0,0,0,0,0,0
200912,28,071,3,6,Lafayette County              ,2,2,220000,0,0,0,0,0,0,0,0,0,2,2,220000,0,0,0,0,0,0,0,0,0
200912,28,091,3,6,Marion County                 ,0,0,0,0,0,0,0,0,0,0,0,0,0,0,0,0,0,0,0,0,0,0,0,0
200912,28,093,3,6,Marshall County               ,10,10,1453709,0,0,0,0,0,0,0,0,0,2,2,161000,0,0,0,0,0,0,0,0,0
200912,28,137,3,6,Tate County                   ,4,4,358660,0,0,0,0,0,0,0,0,0,0,0,0,0,0,0,0,0,0,0,0,0
200912,28,143,3,6,Tunica County                 ,1,1,80312,0,0,0,0,0,0,0,0,0,0,0,0,0,0,0,0,0,0,0,0,0
200912,28,153,3,6,Wayne County                  ,1,1,300000,0,0,0,0,0,0,0,0,0,1,1,300000,0,0,0,0,0,0,0,0,0
200912,29,001,2,4,Adair County                  ,0,0,0,0,0,0,0,0,0,0,0,0,0,0,0,0,0,0,0,0,0,0,0,0
200912,29,013,2,4,Bates County                  ,0,0,0,0,0,0,0,0,0,0,0,0,0,0,0,0,0,0,0,0,0,0,0,0
200912,29,019,2,4,Boone County                  ,40,40,6485930,0,0,0,0,0,0,2,16,785048,40,40,6485930,0,0,0,0,0,0,2,16,785048
200912,29,025,2,4,Caldwell County               ,1,1,206339,0,0,0,0,0,0,0,0,0,1,1,206339,0,0,0,0,0,0,0,0,0
200912,29,037,2,4,Cass County                   ,22,22,5794717,0,0,0,0,0,0,0,0,0,19,19,5511663,0,0,0,0,0,0,0,0,0
200912,29,047,2,4,Clay County                   ,10,10,2336800,0,0,0,0,0,0,0,0,0,10,10,2336800,0,0,0,0,0,0,0,0,0
200912,29,049,2,4,Clinton County                ,2,2,355948,0,0,0,0,0,0,0,0,0,0,0,0,0,0,0,0,0,0,0,0,0
200912,29,065,2,4,Dent County                   ,0,0,0,0,0,0,0,0,0,0,0,0,0,0,0,0,0,0,0,0,0,0,0,0
200912,29,071,2,4,Franklin County               ,12,12,2524008,2,4,302000,0,0,0,0,0,0,2,2,306141,2,4,302000,0,0,0,0,0,0
200912,29,079,2,4,Grundy County                 ,0,0,0,0,0,0,0,0,0,0,0,0,0,0,0,0,0,0,0,0,0,0,0,0
200912,29,095,2,4,Jackson County                ,25,25,4871367,0,0,0,0,0,0,9,389,19815450,25,25,4871367,0,0,0,0,0,0,9,389,19815450
200912,29,099,2,4,Jefferson County              ,38,38,4814914,0,0,0,0,0,0,0,0,0,33,33,4385818,0,0,0,0,0,0,0,0,0
200912,29,105,2,4,Laclede County                ,0,0,0,0,0,0,0,0,0,0,0,0,0,0,0,0,0,0,0,0,0,0,0,0
200912,29,107,2,4,Lafayette County              ,3,3,602057,0,0,0,0,0,0,0,0,0,0,0,0,0,0,0,0,0,0,0,0,0
200912,29,113,2,4,Lincoln County                ,7,7,788341,0,0,0,0,0,0,0,0,0,7,7,788341,0,0,0,0,0,0,0,0,0
200912,29,141,2,4,Morgan County                 ,0,0,0,0,0,0,0,0,0,0,0,0,0,0,0,0,0,0,0,0,0,0,0,0
200912,29,161,2,4,Phelps County                 ,24,24,1731575,0,0,0,0,0,0,0,0,0,24,24,1731575,0,0,0,0,0,0,0,0,0
200912,29,165,2,4,Platte County                 ,5,5,1305344,0,0,0,0,0,0,0,0,0,5,5,1305344,0,0,0,0,0,0,0,0,0
200912,29,177,2,4,Ray County                    ,1,1,150000,0,0,0,0,0,0,0,0,0,1,1,150000,0,0,0,0,0,0,0,0,0
200912,29,183,2,4,St. Charles County            ,101,101,17580450,0,0,0,3,11,246000,1,12,840000,94,94,15323373,0,0,0,3,11,246000,1,12,840000
200912,29,189,2,4,St. Louis County              ,37,37,14172510,0,0,0,0,0,0,1,6,529223,13,13,5581690,0,0,0,0,0,0,0,0,0
200912,29,219,2,4,Warren County                 ,9,9,1380367,0,0,0,0,0,0,0,0,0,7,7,1088356,0,0,0,0,0,0,0,0,0
200912,29,221,2,4,Washington County             ,0,0,0,0,0,0,0,0,0,0,0,0,0,0,0,0,0,0,0,0,0,0,0,0
200912,29,510,2,4,St. Louis (Independent City)  ,2,2,415194,0,0,0,0,0,0,0,0,0,2,2,415194,0,0,0,0,0,0,0,0,0
200912,30,023,4,8,Deer Lodge County             ,0,0,0,0,0,0,0,0,0,0,0,0,0,0,0,0,0,0,0,0,0,0,0,0
200912,30,063,4,8,Missoula County               ,5,5,730199,0,0,0,0,0,0,0,0,0,5,5,730199,0,0,0,0,0,0,0,0,0
200912,31,025,2,4,Cass County                   ,1,1,197486,0,0,0,0,0,0,0,0,0,1,1,197486,0,0,0,0,0,0,0,0,0
200912,31,033,2,4,Cheyenne County               ,0,0,0,0,0,0,0,0,0,0,0,0,0,0,0,0,0,0,0,0,0,0,0,0
200912,31,055,2,4,Douglas County                ,91,91,11370028,0,0,0,0,0,0,2,83,6666622,91,91,11370028,0,0,0,0,0,0,2,83,6666622
200912,31,077,2,4,Greeley County                ,0,0,0,0,0,0,0,0,0,0,0,0,0,0,0,0,0,0,0,0,0,0,0,0
200912,31,105,2,4,Kimball County                ,0,0,0,0,0,0,0,0,0,0,0,0,0,0,0,0,0,0,0,0,0,0,0,0
200912,31,153,2,4,Sarpy County                  ,50,50,12378313,0,0,0,0,0,0,0,0,0,50,50,12378313,0,0,0,0,0,0,0,0,0
200912,31,155,2,4,Saunders County               ,1,1,215452,0,0,0,0,0,0,0,0,0,1,1,215452,0,0,0,0,0,0,0,0,0
200912,31,177,2,4,Washington County             ,3,3,537355,0,0,0,0,0,0,0,0,0,3,3,537355,0,0,0,0,0,0,0,0,0
200912,32,001,4,8,Churchill County              ,0,0,0,0,0,0,0,0,0,0,0,0,0,0,0,0,0,0,0,0,0,0,0,0
200912,32,003,4,8,Clark County                  ,348,348,47588640,1,2,138240,10,31,2347404,0,0,0,347,347,47285794,1,2,138240,10,31,2347404,0,0,0
200912,32,005,4,8,Douglas County                ,6,6,1630204,0,0,0,0,0,0,0,0,0,6,6,1630204,0,0,0,0,0,0,0,0,0
200912,32,007,4,8,Elko County                   ,5,5,682772,0,0,0,0,0,0,0,0,0,5,5,682772,0,0,0,0,0,0,0,0,0
200912,32,013,4,8,Humboldt County               ,1,1,148461,1,2,250581,0,0,0,0,0,0,1,1,148461,1,2,250581,0,0,0,0,0,0
200912,32,015,4,8,Lander County                 ,1,1,140071,0,0,0,0,0,0,0,0,0,1,1,140071,0,0,0,0,0,0,0,0,0
200912,32,017,4,8,Lincoln County                ,1,1,168022,0,0,0,0,0,0,0,0,0,0,0,0,0,0,0,0,0,0,0,0,0
200912,32,019,4,8,Lyon County                   ,5,5,773591,0,0,0,0,0,0,0,0,0,5,5,773591,0,0,0,0,0,0,0,0,0
200912,32,021,4,8,Mineral County                ,0,0,0,0,0,0,0,0,0,0,0,0,0,0,0,0,0,0,0,0,0,0,0,0
200912,32,027,4,8,Pershing County               ,0,0,0,0,0,0,0,0,0,0,0,0,0,0,0,0,0,0,0,0,0,0,0,0
200912,32,029,4,8,Storey County                 ,0,0,0,0,0,0,0,0,0,0,0,0,0,0,0,0,0,0,0,0,0,0,0,0
200912,32,031,4,8,Washoe County                 ,69,69,15500804,0,0,0,0,0,0,0,0,0,69,69,15500804,0,0,0,0,0,0,0,0,0
200912,32,033,4,8,White Pine County             ,0,0,0,0,0,0,0,0,0,0,0,0,0,0,0,0,0,0,0,0,0,0,0,0
200912,32,510,4,8,Carson City (Independent City),2,2,606801,0,0,0,0,0,0,0,0,0,2,2,606801,0,0,0,0,0,0,0,0,0
200912,33,015,1,1,Rockingham County             ,39,39,8847862,0,0,0,2,7,1025217,0,0,0,29,29,6463886,0,0,0,1,4,720000,0,0,0
200912,33,017,1,1,Strafford County              ,9,9,1608038,2,4,210000,0,0,0,0,0,0,0,0,0,2,4,210000,0,0,0,0,0,0
200912,34,001,1,2,Atlantic County               ,36,36,7185322,0,0,0,0,0,0,0,0,0,25,25,5470808,0,0,0,0,0,0,0,0,0
200912,34,003,1,2,Bergen County                 ,48,48,20879952,3,6,964134,0,0,801000,2,11,1135985,28,28,13460525,2,4,780200,0,0,801000,0,0,100000
200912,34,005,1,2,Burlington County             ,39,39,5802871,0,0,0,0,0,0,2,96,8438983,23,23,3503597,0,0,0,0,0,0,1,91,8190000
200912,34,007,1,2,Camden County                 ,16,16,2434504,0,0,0,0,0,0,4,45,2119907,7,7,1103600,0,0,0,0,0,0,1,22,400000
200912,34,009,1,2,Cape May County               ,26,26,11939228,3,6,1000000,0,0,0,1,90,7721000,22,22,11372839,3,6,1000000,0,0,0,1,90,7721000
200912,34,011,1,2,Cumberland County             ,15,15,1573185,0,0,0,0,0,0,0,0,0,6,6,545826,0,0,0,0,0,0,0,0,0
200912,34,013,1,2,Essex County                  ,15,15,3679164,0,0,0,3,9,621200,4,25,2012642,7,7,2185363,0,0,0,3,9,621200,0,0,0
200912,34,015,1,2,Gloucester County             ,54,54,8190659,7,14,801518,0,0,0,0,0,0,45,45,6916715,7,14,801518,0,0,0,0,0,0
200912,34,017,1,2,Hudson County                 ,6,6,1047462,5,10,1114878,1,3,545250,5,117,12460166,1,1,223500,1,2,39685,0,0,0,1,23,1000000
200912,34,019,1,2,Hunterdon County              ,3,3,301595,0,0,0,0,0,0,1,5,203395,1,1,218730,0,0,0,0,0,0,0,0,0
200912,34,021,1,2,Mercer County                 ,13,13,4189201,0,0,0,0,0,0,0,0,0,8,8,3120275,0,0,0,0,0,0,0,0,0
200912,34,023,1,2,Middlesex County              ,76,76,12948770,0,0,0,0,0,0,5,81,9450140,67,67,11673890,0,0,0,0,0,0,2,66,8277100
200912,34,025,1,2,Monmouth County               ,71,71,13270683,0,0,0,0,0,0,4,23,526660,61,61,11259311,0,0,0,0,0,0,1,8,42000
200912,34,027,1,2,Morris County                 ,32,32,8122549,0,0,0,0,0,0,1,5,245973,14,14,4096267,0,0,0,0,0,0,0,0,0
200912,34,029,1,2,Ocean County                  ,91,91,18655774,0,0,0,0,0,0,0,0,0,83,83,16757137,0,0,0,0,0,0,0,0,0
200912,34,031,1,2,Passaic County                ,10,10,1423399,1,2,143382,0,0,0,2,22,1390000,1,1,15600,0,0,0,0,0,0,2,22,1390000
200912,34,033,1,2,Salem County                  ,8,8,1595602,0,0,0,0,0,0,10,79,5835936,7,7,1495780,0,0,0,0,0,0,9,74,5612400
200912,34,035,1,2,Somerset County               ,43,43,7642648,0,0,0,0,0,0,3,15,1248826,31,31,5968725,0,0,0,0,0,0,0,0,0
200912,34,037,1,2,Sussex County                 ,13,13,2679358,0,0,0,0,0,0,0,0,0,6,6,1380537,0,0,0,0,0,0,0,0,0
200912,34,039,1,2,Union County                  ,16,16,3080296,2,4,319500,0,0,0,1,5,176074,9,9,1406503,2,4,319500,0,0,0,0,0,0
200912,34,041,1,2,Warren County                 ,8,8,1321936,0,0,0,0,0,0,0,0,0,2,2,312177,0,0,0,0,0,0,0,0,0
200912,35,000,4,8,New Mexico Balance of State   ,56,56,8111134,0,0,0,0,0,0,0,0,0,56,56,8111134,0,0,0,0,0,0,0,0,0
200912,35,001,4,8,Bernalillo County             ,84,84,15739159,0,0,0,0,0,0,1,9,705852,14,14,3408903,0,0,0,0,0,0,0,0,0
200912,35,005,4,8,Chaves County                 ,0,0,0,0,0,0,0,0,0,0,0,0,0,0,0,0,0,0,0,0,0,0,0,0
200912,35,007,4,8,Colfax County                 ,0,0,0,0,0,0,0,0,0,0,0,0,0,0,0,0,0,0,0,0,0,0,0,0
200912,35,009,4,8,Curry County                  ,20,20,4278586,0,0,0,0,0,0,0,0,0,20,20,4278586,0,0,0,0,0,0,0,0,0
200912,35,013,4,8,Dona Ana County               ,62,62,11951310,0,0,0,0,0,0,0,0,0,62,62,11951310,0,0,0,0,0,0,0,0,0
200912,35,015,4,8,Eddy County                   ,5,5,866518,0,0,0,0,0,0,0,0,0,2,2,337000,0,0,0,0,0,0,0,0,0
200912,35,025,4,8,Lea County                    ,1,1,28350,0,0,0,0,0,0,0,0,0,1,1,28350,0,0,0,0,0,0,0,0,0
200912,35,027,4,8,Lincoln County                ,4,4,699912,0,0,0,0,0,0,0,0,0,0,0,0,0,0,0,0,0,0,0,0,0
200912,35,028,4,8,Los Alamos County             ,1,1,500000,0,0,0,0,0,0,0,0,0,1,1,500000,0,0,0,0,0,0,0,0,0
200912,35,029,4,8,Luna County                   ,1,1,183548,0,0,0,0,0,0,0,0,0,0,0,0,0,0,0,0,0,0,0,0,0
200912,35,031,4,8,McKinley County               ,0,0,0,0,0,0,0,0,0,0,0,0,0,0,0,0,0,0,0,0,0,0,0,0
200912,35,035,4,8,Otero County                  ,0,0,0,0,0,0,0,0,0,0,0,0,0,0,0,0,0,0,0,0,0,0,0,0
200912,35,039,4,8,Rio Arriba County             ,0,0,0,0,0,0,0,0,0,0,0,0,0,0,0,0,0,0,0,0,0,0,0,0
200912,35,041,4,8,Roosevelt County              ,8,8,1154000,0,0,0,0,0,0,0,0,0,8,8,1154000,0,0,0,0,0,0,0,0,0
200912,35,043,4,8,Sandoval County               ,39,39,6160103,0,0,0,0,0,0,0,0,0,39,39,6160103,0,0,0,0,0,0,0,0,0
200912,35,045,4,8,San Juan County               ,12,12,1817041,0,0,0,0,0,0,0,0,0,12,12,1817041,0,0,0,0,0,0,0,0,0
200912,35,049,4,8,Santa Fe County               ,9,9,1200287,0,0,0,0,0,0,0,0,0,0,0,0,0,0,0,0,0,0,0,0,0
200912,35,051,4,8,Sierra County                 ,0,0,0,0,0,0,0,0,0,0,0,0,0,0,0,0,0,0,0,0,0,0,0,0
200912,35,053,4,8,Socorro County                ,0,0,0,0,0,0,0,0,0,0,0,0,0,0,0,0,0,0,0,0,0,0,0,0
200912,35,055,4,8,Taos County                   ,4,4,438624,0,0,0,0,0,0,0,0,0,0,0,0,0,0,0,0,0,0,0,0,0
200912,35,061,4,8,Valencia County               ,6,6,737250,0,0,0,0,0,0,0,0,0,0,0,0,0,0,0,0,0,0,0,0,0
200912,36,005,1,2,Bronx County                  ,2,2,450617,4,8,903942,0,0,0,5,339,37497198,2,2,450617,4,8,903942,0,0,0,5,339,37497198
200912,36,047,1,2,Kings County                  ,1,1,225308,2,4,451971,2,6,640145,3,65,7189728,1,1,225308,2,4,451971,2,6,640145,3,65,7189728
200912,36,059,1,2,Nassau County                 ,36,36,19152126,1,2,366000,0,0,0,1,5,874126,31,31,17964231,1,2,366000,0,0,0,0,0,0
200912,36,061,1,2,New York County               ,0,0,0,0,0,0,0,0,0,3,160,17697792,0,0,0,0,0,0,0,0,0,3,160,17697792
200912,36,079,1,2,Putnam County                 ,2,2,374000,0,0,0,0,0,0,0,0,0,2,2,374000,0,0,0,0,0,0,0,0,0
200912,36,081,1,2,Queens County                 ,10,10,2253083,13,26,2937813,6,23,2453891,3,102,11282343,10,10,2253083,13,26,2937813,6,23,2453891,3,102,11282343
200912,36,085,1,2,Richmond County               ,14,14,3154316,8,16,1807885,0,0,0,0,0,0,14,14,3154316,8,16,1807885,0,0,0,0,0,0
200912,36,087,1,2,Rockland County               ,3,3,1400000,0,0,0,0,0,0,0,0,0,3,3,1400000,0,0,0,0,0,0,0,0,0
200912,36,103,1,2,Suffolk County                ,120,120,35198569,0,0,0,0,0,0,1,5,502696,104,104,29150220,0,0,0,0,0,0,0,0,0
200912,36,119,1,2,Westchester County            ,17,17,6233015,1,2,250000,0,0,0,0,0,0,8,8,2425000,1,2,250000,0,0,0,0,0,0
200912,37,003,3,5,Alexander County              ,6,6,514820,0,0,0,0,0,0,0,0,0,6,6,514820,0,0,0,0,0,0,0,0,0
200912,37,007,3,5,Anson County                  ,2,2,221585,0,0,0,0,0,0,0,0,0,2,2,221585,0,0,0,0,0,0,0,0,0
200912,37,009,3,5,Ashe County                   ,3,3,1324000,0,0,0,0,0,0,0,0,0,3,3,1324000,0,0,0,0,0,0,0,0,0
200912,37,011,3,5,Avery County                  ,6,6,1874030,0,0,0,0,0,0,0,0,0,6,6,1874030,0,0,0,0,0,0,0,0,0
200912,37,019,3,5,Brunswick County              ,89,89,17798868,0,0,0,0,0,0,0,0,0,89,89,17798868,0,0,0,0,0,0,0,0,0
200912,37,025,3,5,Cabarrus County               ,35,35,4703002,0,0,0,0,0,0,0,0,0,35,35,4703002,0,0,0,0,0,0,0,0,0
200912,37,027,3,5,Caldwell County               ,2,2,412470,0,0,0,0,0,0,0,0,0,2,2,412470,0,0,0,0,0,0,0,0,0
200912,37,037,3,5,Chatham County                ,19,19,4766844,0,0,0,0,0,0,0,0,0,19,19,4766844,0,0,0,0,0,0,0,0,0
200912,37,039,3,5,Cherokee County               ,11,11,2191592,0,0,0,0,0,0,0,0,0,11,11,2191592,0,0,0,0,0,0,0,0,0
200912,37,049,3,5,Craven County                 ,26,26,2678373,0,0,0,0,0,0,0,0,0,12,12,1549513,0,0,0,0,0,0,0,0,0
200912,37,053,3,5,Currituck County              ,9,9,3019217,0,0,0,0,0,0,0,0,0,0,0,0,0,0,0,0,0,0,0,0,0
200912,37,059,3,5,Davie County                  ,6,6,1105650,0,0,0,0,0,0,0,0,0,6,6,1105650,0,0,0,0,0,0,0,0,0
200912,37,063,3,5,Durham County                 ,63,63,11809780,0,0,0,1,4,300000,0,0,0,63,63,11809780,0,0,0,1,4,300000,0,0,0
200912,37,067,3,5,Forsyth County                ,57,57,7232531,0,0,0,0,0,0,0,0,0,57,57,7232531,0,0,0,0,0,0,0,0,0
200912,37,069,3,5,Franklin County               ,10,10,1441672,0,0,0,0,0,0,0,0,0,10,10,1441672,0,0,0,0,0,0,0,0,0
200912,37,071,3,5,Gaston County                 ,38,38,8013245,0,0,0,0,0,0,0,0,0,38,38,8013245,0,0,0,0,0,0,0,0,0
200912,37,081,3,5,Guilford County               ,108,108,18514569,0,0,0,0,0,0,1,5,565404,61,61,8373859,0,0,0,0,0,0,0,0,0
200912,37,089,3,5,Henderson County              ,16,16,2526135,0,0,0,0,0,0,0,0,0,16,16,2526135,0,0,0,0,0,0,0,0,0
200912,37,093,3,5,Hoke County                   ,27,27,4782056,0,0,0,0,0,0,0,0,0,27,27,4782056,0,0,0,0,0,0,0,0,0
200912,37,097,3,5,Iredell County                ,87,87,12335252,1,2,233333,0,0,0,0,0,0,0,0,0,0,0,0,0,0,0,0,0,0
200912,37,101,3,5,Johnston County               ,65,65,9803100,0,0,0,0,0,0,0,0,0,65,65,9803100,0,0,0,0,0,0,0,0,0
200912,37,105,3,5,Lee County                    ,8,8,1560975,0,0,0,0,0,0,0,0,0,8,8,1560975,0,0,0,0,0,0,0,0,0
200912,37,109,3,5,Lincoln County                ,18,18,3867628,1,2,110000,0,0,0,0,0,0,0,0,0,0,0,0,0,0,0,0,0,0
200912,37,113,3,5,Macon County                  ,9,9,2226593,0,0,0,0,0,0,0,0,0,9,9,2226593,0,0,0,0,0,0,0,0,0
200912,37,119,3,5,Mecklenburg County            ,200,200,36024819,0,0,0,0,0,0,2,19,1547939,200,200,36024819,0,0,0,0,0,0,2,19,1547939
200912,37,127,3,5,Nash County                   ,16,16,2298612,0,0,0,0,0,0,0,0,0,16,16,2298612,0,0,0,0,0,0,0,0,0
200912,37,129,3,5,New Hanover County            ,35,35,9921379,0,0,0,0,0,0,0,0,0,35,35,9921379,0,0,0,0,0,0,0,0,0
200912,37,135,3,5,Orange County                 ,27,27,5773630,0,0,0,0,0,0,1,76,7660194,24,24,4999073,0,0,0,0,0,0,1,76,7660194
200912,37,137,3,5,Pamlico County                ,5,5,1015000,0,0,0,0,0,0,0,0,0,5,5,1015000,0,0,0,0,0,0,0,0,0
200912,37,141,3,5,Pender County                 ,17,17,2417091,0,0,0,0,0,0,1,5,519975,15,15,2050340,0,0,0,0,0,0,0,0,0
200912,37,145,3,5,Person County                 ,4,4,720496,0,0,0,0,0,0,0,0,0,4,4,720496,0,0,0,0,0,0,0,0,0
200912,37,147,3,5,Pitt County                   ,38,38,5473330,3,6,593200,0,0,0,0,0,0,38,38,5473330,3,6,593200,0,0,0,0,0,0
200912,37,149,3,5,Polk County                   ,7,7,2140556,0,0,0,0,0,0,0,0,0,7,7,2140556,0,0,0,0,0,0,0,0,0
200912,37,151,3,5,Randolph County               ,21,21,2994659,1,2,155199,0,0,0,0,0,0,21,21,2994659,1,2,155199,0,0,0,0,0,0
200912,37,157,3,5,Rockingham County             ,8,8,2059168,0,0,0,0,0,0,0,0,0,8,8,2059168,0,0,0,0,0,0,0,0,0
200912,37,159,3,5,Rowan County                  ,9,9,2643536,0,0,0,0,0,0,0,0,0,9,9,2643536,0,0,0,0,0,0,0,0,0
200912,37,163,3,5,Sampson County                ,5,5,693000,0,0,0,0,0,0,0,0,0,5,5,693000,0,0,0,0,0,0,0,0,0
200912,37,167,3,5,Stanly County                 ,11,11,1153248,0,0,0,0,0,0,0,0,0,0,0,0,0,0,0,0,0,0,0,0,0
200912,37,171,3,5,Surry County                  ,7,7,1261147,0,0,0,0,0,0,0,0,0,7,7,1261147,0,0,0,0,0,0,0,0,0
200912,37,175,3,5,Transylvania County           ,0,0,0,0,0,0,0,0,0,0,0,0,0,0,0,0,0,0,0,0,0,0,0,0
200912,37,179,3,5,Union County                  ,60,60,9478511,0,0,0,0,0,0,0,0,0,60,60,9478511,0,0,0,0,0,0,0,0,0
200912,37,181,3,5,Vance County                  ,3,3,537000,0,0,0,0,0,0,0,0,0,3,3,537000,0,0,0,0,0,0,0,0,0
200912,37,183,3,5,Wake County                   ,297,297,57320463,1,2,310270,0,0,0,0,0,0,297,297,57320463,1,2,310270,0,0,0,0,0,0
200912,37,195,3,5,Wilson County                 ,14,14,2641143,0,0,0,0,0,0,0,0,0,14,14,2641143,0,0,0,0,0,0,0,0,0
200912,39,015,2,3,Brown County                  ,2,2,340000,0,0,0,0,0,0,0,0,0,2,2,340000,0,0,0,0,0,0,0,0,0
200912,39,017,2,3,Butler County                 ,29,29,4957689,0,0,0,0,0,0,0,0,0,28,28,4815726,0,0,0,0,0,0,0,0,0
200912,39,025,2,3,Clermont County               ,40,40,5438314,1,2,160000,4,16,1444000,0,0,0,40,40,5438314,1,2,160000,4,16,1444000,0,0,0
200912,39,035,2,3,Cuyahoga County               ,30,30,6361035,0,0,0,1,3,840000,1,5,530305,20,20,4808925,0,0,0,1,3,840000,0,0,0
200912,39,041,2,3,Delaware County               ,33,33,7075028,0,0,0,0,0,0,0,0,0,33,33,7075028,0,0,0,0,0,0,0,0,0
200912,39,045,2,3,Fairfield County              ,13,13,3270464,0,0,0,0,0,0,0,0,0,12,12,3120464,0,0,0,0,0,0,0,0,0
200912,39,049,2,3,Franklin County               ,96,96,21589466,3,6,1771130,3,12,2100000,11,302,22725000,93,93,20920175,3,6,1771130,3,12,2100000,11,302,22725000
200912,39,055,2,3,Geauga County                 ,2,2,412678,0,0,0,0,0,0,0,0,0,2,2,412678,0,0,0,0,0,0,0,0,0
200912,39,061,2,3,Hamilton County               ,30,30,9750169,0,0,0,0,0,0,0,0,0,27,27,8527769,0,0,0,0,0,0,0,0,0
200912,39,085,2,3,Lake County                   ,20,20,4324687,0,0,0,0,0,0,0,0,0,11,11,1996346,0,0,0,0,0,0,0,0,0
200912,39,089,2,3,Licking County                ,8,8,1642652,0,0,0,0,0,0,0,0,0,7,7,1444373,0,0,0,0,0,0,0,0,0
200912,39,093,2,3,Lorain County                 ,51,51,8366109,0,0,0,0,0,0,0,0,0,48,48,8060479,0,0,0,0,0,0,0,0,0
200912,39,097,2,3,Madison County                ,4,4,448778,0,0,0,0,0,0,0,0,0,4,4,448778,0,0,0,0,0,0,0,0,0
200912,39,103,2,3,Medina County                 ,30,30,5238650,0,0,0,0,0,0,0,0,0,30,30,5238650,0,0,0,0,0,0,0,0,0
200912,39,117,2,3,Morrow County                 ,2,2,296263,0,0,0,0,0,0,0,0,0,0,0,0,0,0,0,0,0,0,0,0,0
200912,39,129,2,3,Pickaway County               ,1,1,199121,0,0,0,0,0,0,0,0,0,0,0,0,0,0,0,0,0,0,0,0,0
200912,39,159,2,3,Union County                  ,6,6,1238034,0,0,0,0,0,0,0,0,0,6,6,1238034,0,0,0,0,0,0,0,0,0
200912,39,165,2,3,Warren County                 ,53,53,11615125,0,0,0,0,0,0,0,0,0,51,51,11252295,0,0,0,0,0,0,0,0,0
200912,39,169,2,3,Wayne County                  ,3,3,540000,0,0,0,0,0,0,0,0,0,3,3,540000,0,0,0,0,0,0,0,0,0
200912,40,017,3,7,Canadian County               ,15,15,3057746,0,0,0,0,0,0,0,0,0,15,15,3057746,0,0,0,0,0,0,0,0,0
200912,40,021,3,7,Cherokee County               ,2,2,378979,0,0,0,0,0,0,0,0,0,0,0,0,0,0,0,0,0,0,0,0,0
200912,40,027,3,7,Cleveland County              ,46,46,8182700,0,0,0,0,0,0,14,168,5850000,46,46,8182700,0,0,0,0,0,0,14,168,5850000
200912,40,029,3,7,Coal County                   ,1,1,55000,0,0,0,0,0,0,0,0,0,1,1,55000,0,0,0,0,0,0,0,0,0
200912,40,037,3,7,Creek County                  ,8,8,968680,0,0,0,0,0,0,0,0,0,2,2,270000,0,0,0,0,0,0,0,0,0
200912,40,051,3,7,Grady County                  ,2,2,358133,0,0,0,0,0,0,0,0,0,1,1,270000,0,0,0,0,0,0,0,0,0
200912,40,081,3,7,Lincoln County                ,0,0,0,0,0,0,0,0,0,0,0,0,0,0,0,0,0,0,0,0,0,0,0,0
200912,40,083,3,7,Logan County                  ,1,1,100000,0,0,0,0,0,0,0,0,0,1,1,100000,0,0,0,0,0,0,0,0,0
200912,40,087,3,7,McClain County                ,18,18,1277917,0,0,0,0,0,0,0,0,0,15,15,890000,0,0,0,0,0,0,0,0,0
200912,40,099,3,7,Murray County                 ,0,0,0,0,0,0,0,0,0,0,0,0,0,0,0,0,0,0,0,0,0,0,0,0
200912,40,109,3,7,Oklahoma County               ,147,147,26764006,1,2,158429,0,0,0,1,6,347654,50,50,12948038,0,0,0,0,0,0,0,0,0
200912,40,111,3,7,Okmulgee County               ,0,0,0,0,0,0,0,0,0,0,0,0,0,0,0,0,0,0,0,0,0,0,0,0
200912,40,113,3,7,Osage County                  ,10,10,940000,0,0,0,0,0,0,0,0,0,10,10,940000,0,0,0,0,0,0,0,0,0
200912,40,117,3,7,Pawnee County                 ,0,0,0,0,0,0,0,0,0,0,0,0,0,0,0,0,0,0,0,0,0,0,0,0
200912,40,131,3,7,Rogers County                 ,16,16,3834448,0,0,0,0,0,0,0,0,0,16,16,3834448,0,0,0,0,0,0,0,0,0
200912,40,143,3,7,Tulsa County                  ,142,142,29761320,0,0,0,0,0,0,0,0,0,142,142,29761320,0,0,0,0,0,0,0,0,0
200912,40,145,3,7,Wagoner County                ,9,9,1446411,0,0,0,0,0,0,0,0,0,7,7,1114000,0,0,0,0,0,0,0,0,0
200912,41,000,4,9,Oregon Balance of State       ,5,5,643865,0,0,0,0,0,0,0,0,0,5,5,643865,0,0,0,0,0,0,0,0,0
200912,41,001,4,9,Baker County                  ,1,1,173871,0,0,0,0,0,0,0,0,0,1,1,173871,0,0,0,0,0,0,0,0,0
200912,41,005,4,9,Clackamas County              ,72,72,19099531,0,0,0,0,0,0,0,0,0,71,71,18907576,0,0,0,0,0,0,0,0,0
200912,41,009,4,9,Columbia County               ,4,4,809691,0,0,0,0,0,0,0,0,0,3,3,601388,0,0,0,0,0,0,0,0,0
200912,41,017,4,9,Deschutes County              ,22,22,5072920,0,0,0,0,0,0,0,0,0,22,22,5072920,0,0,0,0,0,0,0,0,0
200912,41,019,4,9,Douglas County                ,9,9,1650605,0,0,0,0,0,0,0,0,0,9,9,1650605,0,0,0,0,0,0,0,0,0
200912,41,025,4,9,Harney County                 ,0,0,0,0,0,0,0,0,0,0,0,0,0,0,0,0,0,0,0,0,0,0,0,0
200912,41,033,4,9,Josephine County              ,3,3,492036,1,2,270708,0,0,0,0,0,0,3,3,492036,1,2,270708,0,0,0,0,0,0
200912,41,035,4,9,Klamath County                ,4,4,705312,0,0,0,0,0,0,5,36,4318000,4,4,705312,0,0,0,0,0,0,5,36,4318000
200912,41,045,4,9,Malheur County                ,1,1,194214,0,0,0,0,0,0,0,0,0,1,1,194214,0,0,0,0,0,0,0,0,0
200912,41,051,4,9,Multnomah County              ,41,41,9247234,1,2,266802,0,0,0,0,0,0,41,41,9247234,1,2,266802,0,0,0,0,0,0
200912,41,057,4,9,Tillamook County              ,1,1,229028,0,0,0,0,0,0,0,0,0,1,1,229028,0,0,0,0,0,0,0,0,0
200912,41,059,4,9,Umatilla County               ,1,1,143758,1,2,159596,0,0,0,0,0,0,0,0,0,0,0,0,0,0,0,0,0,0
200912,41,061,4,9,Union County                  ,3,3,627332,0,0,0,0,0,0,0,0,0,3,3,627332,0,0,0,0,0,0,0,0,0
200912,41,067,4,9,Washington County             ,91,91,21115778,0,0,0,1,4,483155,2,12,1345784,88,88,20315785,0,0,0,1,4,483155,2,12,1345784
200912,41,071,4,9,Yamhill County                ,16,16,2946838,0,0,0,0,0,0,0,0,0,7,7,1218207,0,0,0,0,0,0,0,0,0
200912,42,001,1,2,Adams County                  ,17,17,3027365,0,0,0,0,0,0,0,0,0,17,17,3027365,0,0,0,0,0,0,0,0,0
200912,42,003,1,2,Allegheny County              ,101,101,21241169,11,22,2116481,0,0,0,2,14,940000,75,75,16076133,11,22,2116481,0,0,0,1,9,360000
200912,42,005,1,2,Armstrong County              ,1,1,60308,0,0,0,0,0,0,0,0,0,0,0,0,0,0,0,0,0,0,0,0,0
200912,42,007,1,2,Beaver County                 ,10,10,1625946,0,0,0,0,0,0,0,0,0,7,7,992700,0,0,0,0,0,0,0,0,0
200912,42,017,1,2,Bucks County                  ,36,36,6914683,0,0,0,0,0,0,0,0,0,28,28,5027772,0,0,0,0,0,0,0,0,0
200912,42,019,1,2,Butler County                 ,36,36,6895438,0,0,0,0,0,0,0,0,0,26,26,4125700,0,0,0,0,0,0,0,0,0
200912,42,025,1,2,Carbon County                 ,15,15,2493021,0,0,0,0,0,0,0,0,0,13,13,2117573,0,0,0,0,0,0,0,0,0
200912,42,029,1,2,Chester County                ,80,80,13880195,0,0,0,0,0,0,0,0,0,42,42,7922216,0,0,0,0,0,0,0,0,0
200912,42,045,1,2,Delaware County               ,45,45,10232747,0,0,0,0,0,0,1,5,1470922,26,26,6170707,0,0,0,0,0,0,0,0,0
200912,42,051,1,2,Fayette County                ,26,26,4969450,0,0,0,0,0,0,0,0,0,5,5,565000,0,0,0,0,0,0,0,0,0
200912,42,055,1,2,Franklin County               ,45,45,5639934,1,2,150000,0,0,0,3,15,1250000,32,32,4153384,0,0,0,0,0,0,1,5,750000
200912,42,065,1,2,Jefferson County              ,5,5,725000,0,0,0,0,0,0,0,0,0,5,5,725000,0,0,0,0,0,0,0,0,0
200912,42,077,1,2,Lehigh County                 ,77,77,10461066,0,0,0,0,0,0,1,10,750000,71,71,9328971,0,0,0,0,0,0,1,10,750000
200912,42,091,1,2,Montgomery County             ,44,44,8006092,0,0,0,0,0,0,2,72,7964007,28,28,4817430,0,0,0,0,0,0,2,72,7964007
200912,42,095,1,2,Northampton County            ,32,32,7239847,0,0,0,1,3,180000,0,0,0,19,19,5055790,0,0,0,1,3,180000,0,0,0
200912,42,101,1,2,Philadelphia County           ,43,43,9688257,4,8,535000,3,10,950000,3,136,48960000,43,43,9688257,4,8,535000,3,10,950000,3,136,48960000
200912,42,103,1,2,Pike County                   ,24,24,5407903,0,0,0,0,0,0,0,0,0,21,21,4774066,0,0,0,0,0,0,0,0,0
200912,42,125,1,2,Washington County             ,41,41,7799291,0,0,0,0,0,0,0,0,0,32,32,6268068,0,0,0,0,0,0,0,0,0
200912,42,129,1,2,Westmoreland County           ,52,52,12157483,0,0,0,0,0,0,1,5,635263,34,34,8664367,0,0,0,0,0,0,0,0,0
200912,44,001,1,1,Bristol County                ,2,2,2225834,0,0,0,0,0,0,0,0,0,2,2,2225834,0,0,0,0,0,0,0,0,0
200912,44,003,1,1,Kent County                   ,10,10,1298601,0,0,0,0,0,0,0,0,0,9,9,902638,0,0,0,0,0,0,0,0,0
200912,44,005,1,1,Newport County                ,6,6,1854000,0,0,0,2,6,450000,0,0,0,6,6,1854000,0,0,0,2,6,450000,0,0,0
200912,44,007,1,1,Providence County             ,25,25,3681405,1,2,100000,1,3,435000,2,17,3050716,24,24,3530745,1,2,100000,1,3,435000,2,17,3050716
200912,44,009,1,1,Washington County             ,19,19,2943822,0,0,0,0,0,0,0,0,0,13,13,1353280,0,0,0,0,0,0,0,0,0
200912,45,003,3,5,Aiken County                  ,44,44,10173177,0,0,0,0,0,0,0,0,0,38,38,9501080,0,0,0,0,0,0,0,0,0
200912,45,009,3,5,Bamberg County                ,1,1,65000,0,0,0,0,0,0,0,0,0,1,1,65000,0,0,0,0,0,0,0,0,0
200912,45,015,3,5,Berkeley County               ,78,78,14977411,0,0,0,0,0,0,0,0,0,78,78,14977411,0,0,0,0,0,0,0,0,0
200912,45,017,3,5,Calhoun County                ,1,1,246000,0,0,0,0,0,0,0,0,0,1,1,246000,0,0,0,0,0,0,0,0,0
200912,45,019,3,5,Charleston County             ,102,102,23214211,0,0,0,0,0,0,2,21,1052177,49,49,8103886,0,0,0,0,0,0,0,0,0
200912,45,035,3,5,Dorchester County             ,45,45,9802642,0,0,0,0,0,0,0,0,0,45,45,9802642,0,0,0,0,0,0,0,0,0
200912,45,039,3,5,Fairfield County              ,2,2,231995,0,0,0,0,0,0,0,0,0,0,0,0,0,0,0,0,0,0,0,0,0
200912,45,041,3,5,Florence County               ,23,23,3112844,0,0,0,0,0,0,1,6,360000,0,0,0,0,0,0,0,0,0,0,0,0
200912,45,045,3,5,Greenville County             ,74,74,15271005,5,10,617749,0,0,0,0,0,0,73,73,15180997,5,10,617749,0,0,0,0,0,0
200912,45,047,3,5,Greenwood County              ,1,1,195670,0,0,0,0,0,0,0,0,0,1,1,195670,0,0,0,0,0,0,0,0,0
200912,45,055,3,5,Kershaw County                ,44,44,7101584,0,0,0,0,0,0,0,0,0,44,44,7101584,0,0,0,0,0,0,0,0,0
200912,45,059,3,5,Laurens County                ,2,2,277000,0,0,0,0,0,0,0,0,0,2,2,277000,0,0,0,0,0,0,0,0,0
200912,45,063,3,5,Lexington County              ,100,100,16489221,0,0,0,0,0,0,0,0,0,20,20,2319300,0,0,0,0,0,0,0,0,0
200912,45,077,3,5,Pickens County                ,22,22,5057804,0,0,0,0,0,0,0,0,0,21,21,4833804,0,0,0,0,0,0,0,0,0
200912,45,079,3,5,Richland County               ,88,88,11322299,0,0,0,0,0,0,1,16,903078,24,24,3690000,0,0,0,0,0,0,0,0,0
200912,45,081,3,5,Saluda County                 ,2,2,430000,0,0,0,0,0,0,0,0,0,2,2,430000,0,0,0,0,0,0,0,0,0
200912,45,085,3,5,Sumter County                 ,24,24,2806538,0,0,0,0,0,0,0,0,0,24,24,2806538,0,0,0,0,0,0,0,0,0
200912,45,091,3,5,York County                   ,110,110,27022603,0,0,0,0,0,0,1,5,388958,12,12,2429776,0,0,0,0,0,0,0,0,0
200912,46,005,2,4,Beadle County                 ,0,0,0,0,0,0,0,0,0,0,0,0,0,0,0,0,0,0,0,0,0,0,0,0
200912,46,069,2,4,Hyde County                   ,0,0,0,0,0,0,0,0,0,0,0,0,0,0,0,0,0,0,0,0,0,0,0,0
200912,46,121,2,4,Todd County                   ,0,0,0,0,0,0,0,0,0,0,0,0,0,0,0,0,0,0,0,0,0,0,0,0
200912,47,011,3,6,Bradley County                ,11,11,1276000,2,4,140000,0,0,0,0,0,0,11,11,1276000,2,4,140000,0,0,0,0,0,0
200912,47,015,3,6,Cannon County                 ,0,0,0,0,0,0,0,0,0,0,0,0,0,0,0,0,0,0,0,0,0,0,0,0
200912,47,021,3,6,Cheatham County               ,8,8,1124163,0,0,0,0,0,0,0,0,0,8,8,1124163,0,0,0,0,0,0,0,0,0
200912,47,037,3,6,Davidson County               ,77,77,18554998,0,0,0,0,0,0,0,0,0,77,77,18554998,0,0,0,0,0,0,0,0,0
200912,47,039,3,6,Decatur County                ,0,0,0,0,0,0,0,0,0,0,0,0,0,0,0,0,0,0,0,0,0,0,0,0
200912,47,043,3,6,Dickson County                ,3,3,466654,0,0,0,0,0,0,0,0,0,3,3,466654,0,0,0,0,0,0,0,0,0
200912,47,047,3,6,Fayette County                ,10,10,1975858,0,0,0,0,0,0,0,0,0,4,4,930190,0,0,0,0,0,0,0,0,0
200912,47,063,3,6,Hamblen County                ,8,8,928128,0,0,0,0,0,0,0,0,0,4,4,570000,0,0,0,0,0,0,0,0,0
200912,47,071,3,6,Hardin County                 ,1,1,63888,0,0,0,0,0,0,0,0,0,0,0,0,0,0,0,0,0,0,0,0,0
200912,47,081,3,6,Hickman County                ,0,0,0,0,0,0,0,0,0,0,0,0,0,0,0,0,0,0,0,0,0,0,0,0
200912,47,091,3,6,Johnson County                ,0,0,0,0,0,0,0,0,0,0,0,0,0,0,0,0,0,0,0,0,0,0,0,0
200912,47,093,3,6,Knox County                   ,41,41,8263330,1,2,260000,0,0,0,1,122,3000000,41,41,8263330,1,2,260000,0,0,0,1,122,3000000
200912,47,111,3,6,Macon County                  ,0,0,0,0,0,0,0,0,0,1,5,70000,0,0,0,0,0,0,0,0,0,1,5,70000
200912,47,113,3,6,Madison County                ,19,19,2464065,0,0,0,0,0,0,0,0,0,19,19,2464065,0,0,0,0,0,0,0,0,0
200912,47,125,3,6,Montgomery County             ,111,111,12915410,4,8,697500,0,0,0,0,0,0,111,111,12915410,4,8,697500,0,0,0,0,0,0
200912,47,141,3,6,Putnam County                 ,13,13,3024210,0,0,0,0,0,0,4,32,1400000,13,13,3024210,0,0,0,0,0,0,4,32,1400000
200912,47,147,3,6,Robertson County              ,13,13,1605542,0,0,0,0,0,0,0,0,0,11,11,1292595,0,0,0,0,0,0,0,0,0
200912,47,149,3,6,Rutherford County             ,81,81,13442055,1,2,130000,0,0,0,1,14,669593,57,57,10474721,1,2,130000,0,0,0,0,0,0
200912,47,157,3,6,Shelby County                 ,59,59,10516253,0,0,0,0,0,0,0,0,0,59,59,10516253,0,0,0,0,0,0,0,0,0
200912,47,159,3,6,Smith County                  ,1,1,180124,0,0,0,0,0,0,0,0,0,1,1,180124,0,0,0,0,0,0,0,0,0
200912,47,165,3,6,Sumner County                 ,46,46,7487805,0,0,0,0,0,0,0,0,0,24,24,3843228,0,0,0,0,0,0,0,0,0
200912,47,167,3,6,Tipton County                 ,12,12,1365483,0,0,0,0,0,0,0,0,0,9,9,982160,0,0,0,0,0,0,0,0,0
200912,47,169,3,6,Trousdale County              ,0,0,0,0,0,0,0,0,0,0,0,0,0,0,0,0,0,0,0,0,0,0,0,0
200912,47,179,3,6,Washington County             ,58,58,5944776,0,0,0,0,0,0,0,0,0,58,58,5944776,0,0,0,0,0,0,0,0,0
200912,47,187,3,6,Williamson County             ,41,41,12866239,0,0,0,0,0,0,0,0,0,40,40,12523008,0,0,0,0,0,0,0,0,0
200912,47,189,3,6,Wilson County                 ,37,37,6083750,0,0,0,0,0,0,0,0,0,37,37,6083750,0,0,0,0,0,0,0,0,0
200912,48,013,3,7,Atascosa County               ,3,3,441372,0,0,0,0,0,0,0,0,0,2,2,308000,0,0,0,0,0,0,0,0,0
200912,48,015,3,7,Austin County                 ,1,1,180124,0,0,0,0,0,0,0,0,0,1,1,180124,0,0,0,0,0,0,0,0,0
200912,48,019,3,7,Bandera County                ,1,1,60000,0,0,0,0,0,0,0,0,0,1,1,60000,0,0,0,0,0,0,0,0,0
200912,48,021,3,7,Bastrop County                ,2,2,200000,0,0,0,0,0,0,0,0,0,2,2,200000,0,0,0,0,0,0,0,0,0
200912,48,029,3,7,Bexar County                  ,350,350,62605870,0,0,0,0,0,0,1,13,1724801,329,329,59432071,0,0,0,0,0,0,0,0,0
200912,48,039,3,7,Brazoria County               ,133,133,20776124,0,0,0,0,0,0,13,347,20854250,132,132,20601714,0,0,0,0,0,0,13,347,20854250
200912,48,041,3,7,Brazos County                 ,68,68,9306045,0,0,0,0,0,0,0,0,0,68,68,9306045,0,0,0,0,0,0,0,0,0
200912,48,055,3,7,Caldwell County               ,2,2,171497,0,0,0,0,0,0,0,0,0,0,0,0,0,0,0,0,0,0,0,0,0
200912,48,063,3,7,Camp County                   ,1,1,60000,0,0,0,0,0,0,0,0,0,1,1,60000,0,0,0,0,0,0,0,0,0
200912,48,071,3,7,Chambers County               ,22,22,3924483,0,0,0,0,0,0,0,0,0,19,19,3422358,0,0,0,0,0,0,0,0,0
200912,48,085,3,7,Collin County                 ,308,308,86072861,0,0,0,0,0,0,2,25,1221171,293,293,81010299,0,0,0,0,0,0,0,0,0
200912,48,091,3,7,Comal County                  ,76,76,17415903,0,0,0,0,0,0,0,0,0,43,43,10883946,0,0,0,0,0,0,0,0,0
200912,48,113,3,7,Dallas County                 ,220,220,53914605,0,0,0,2,7,820000,6,343,32699619,204,204,45681264,0,0,0,2,7,820000,5,331,32125000
200912,48,117,3,7,Deaf Smith County             ,0,0,0,0,0,0,0,0,0,0,0,0,0,0,0,0,0,0,0,0,0,0,0,0
200912,48,119,3,7,Delta County                  ,0,0,0,0,0,0,0,0,0,0,0,0,0,0,0,0,0,0,0,0,0,0,0,0
200912,48,121,3,7,Denton County                 ,129,129,33267436,0,0,0,0,0,0,0,0,0,117,117,30116056,0,0,0,0,0,0,0,0,0
200912,48,133,3,7,Eastland County               ,0,0,0,0,0,0,0,0,0,0,0,0,0,0,0,0,0,0,0,0,0,0,0,0
200912,48,135,3,7,Ector County                  ,17,17,2064137,0,0,0,0,0,0,0,0,0,17,17,2064137,0,0,0,0,0,0,0,0,0
200912,48,139,3,7,Ellis County                  ,38,38,6153846,0,0,0,0,0,0,1,5,272133,22,22,3899545,0,0,0,0,0,0,0,0,0
200912,48,157,3,7,Fort Bend County              ,407,407,76113297,0,0,0,0,0,0,0,0,0,374,374,67089665,0,0,0,0,0,0,0,0,0
200912,48,167,3,7,Galveston County              ,83,83,13666275,0,0,0,0,0,0,1,5,227066,24,24,4034688,0,0,0,0,0,0,0,0,0
200912,48,187,3,7,Guadalupe County              ,45,45,8742566,0,0,0,0,0,0,0,0,0,45,45,8742566,0,0,0,0,0,0,0,0,0
200912,48,201,3,7,Harris County                 ,994,994,143698045,4,8,701918,0,0,0,4,129,7807950,984,984,139879471,4,8,701918,0,0,0,4,129,7807950
200912,48,209,3,7,Hays County                   ,72,72,12765873,0,0,0,0,0,0,1,12,719467,13,13,2423657,0,0,0,0,0,0,0,0,0
200912,48,215,3,7,Hidalgo County                ,151,151,22155979,1,2,183608,0,0,0,0,0,0,137,137,21270694,1,2,183608,0,0,0,0,0,0
200912,48,231,3,7,Hunt County                   ,6,6,853000,0,0,0,0,0,0,0,0,0,6,6,853000,0,0,0,0,0,0,0,0,0
200912,48,233,3,7,Hutchinson County             ,0,0,0,0,0,0,0,0,0,0,0,0,0,0,0,0,0,0,0,0,0,0,0,0
200912,48,251,3,7,Johnson County                ,39,39,5542439,0,0,0,0,0,0,0,0,0,1,1,100000,0,0,0,0,0,0,0,0,0
200912,48,257,3,7,Kaufman County                ,16,16,2746290,0,0,0,0,0,0,0,0,0,16,16,2746290,0,0,0,0,0,0,0,0,0
200912,48,259,3,7,Kendall County                ,14,14,2376529,0,0,0,0,0,0,0,0,0,7,7,878805,0,0,0,0,0,0,0,0,0
200912,48,271,3,7,Kinney County                 ,0,0,0,0,0,0,0,0,0,0,0,0,0,0,0,0,0,0,0,0,0,0,0,0
200912,48,291,3,7,Liberty County                ,24,24,2582050,0,0,0,0,0,0,0,0,0,22,22,2272826,0,0,0,0,0,0,0,0,0
200912,48,307,3,7,McCulloch County              ,0,0,0,0,0,0,0,0,0,0,0,0,0,0,0,0,0,0,0,0,0,0,0,0
200912,48,323,3,7,Maverick County               ,6,6,332730,0,0,0,1,4,117500,0,0,0,6,6,332730,0,0,0,1,4,117500,0,0,0
200912,48,325,3,7,Medina County                 ,1,1,196000,0,0,0,0,0,0,0,0,0,1,1,196000,0,0,0,0,0,0,0,0,0
200912,48,329,3,7,Midland County                ,25,25,2721166,0,0,0,0,0,0,0,0,0,25,25,2721166,0,0,0,0,0,0,0,0,0
200912,48,339,3,7,Montgomery County             ,264,264,48341980,0,0,0,0,0,0,0,0,0,261,261,47975541,0,0,0,0,0,0,0,0,0
200912,48,353,3,7,Nolan County                  ,0,0,0,0,0,0,0,0,0,0,0,0,0,0,0,0,0,0,0,0,0,0,0,0
200912,48,359,3,7,Oldham County                 ,0,0,0,0,0,0,0,0,0,0,0,0,0,0,0,0,0,0,0,0,0,0,0,0
200912,48,367,3,7,Parker County                 ,13,13,2766420,0,0,0,0,0,0,0,0,0,13,13,2766420,0,0,0,0,0,0,0,0,0
200912,48,375,3,7,Potter County                 ,40,40,11419319,1,2,280941,0,0,0,0,0,0,40,40,11419319,1,2,280941,0,0,0,0,0,0
200912,48,383,3,7,Reagan County                 ,0,0,0,0,0,0,0,0,0,0,0,0,0,0,0,0,0,0,0,0,0,0,0,0
200912,48,385,3,7,Real County                   ,0,0,0,0,0,0,0,0,0,0,0,0,0,0,0,0,0,0,0,0,0,0,0,0
200912,48,397,3,7,Rockwall County               ,58,58,11285535,0,0,0,0,0,0,0,0,0,50,50,10165535,0,0,0,0,0,0,0,0,0
200912,48,407,3,7,San Jacinto County            ,0,0,0,0,0,0,0,0,0,0,0,0,0,0,0,0,0,0,0,0,0,0,0,0
200912,48,435,3,7,Sutton County                 ,0,0,0,0,0,0,0,0,0,0,0,0,0,0,0,0,0,0,0,0,0,0,0,0
200912,48,437,3,7,Swisher County                ,0,0,0,0,0,0,0,0,0,0,0,0,0,0,0,0,0,0,0,0,0,0,0,0
200912,48,439,3,7,Tarrant County                ,309,309,65732525,0,0,0,0,0,0,0,0,0,266,266,51105532,0,0,0,0,0,0,0,0,0
200912,48,451,3,7,Tom Green County              ,14,14,2577000,0,0,0,0,0,0,0,0,0,14,14,2577000,0,0,0,0,0,0,0,0,0
200912,48,453,3,7,Travis County                 ,290,290,50754635,0,0,0,0,0,0,0,0,0,284,284,49689352,0,0,0,0,0,0,0,0,0
200912,48,463,3,7,Uvalde County                 ,5,5,900620,1,2,70000,0,0,0,0,0,0,5,5,900620,1,2,70000,0,0,0,0,0,0
200912,48,469,3,7,Victoria County               ,4,4,624932,0,0,0,0,0,0,0,0,0,0,0,0,0,0,0,0,0,0,0,0,0
200912,48,471,3,7,Walker County                 ,1,1,178465,0,0,0,0,0,0,0,0,0,1,1,178465,0,0,0,0,0,0,0,0,0
200912,48,473,3,7,Waller County                 ,0,0,0,0,0,0,0,0,0,0,0,0,0,0,0,0,0,0,0,0,0,0,0,0
200912,48,479,3,7,Webb County                   ,42,42,5752002,1,2,93879,1,4,199470,1,15,865758,0,0,0,0,0,0,0,0,0,0,0,0
200912,48,491,3,7,Williamson County             ,121,121,27131778,0,0,0,0,0,0,3,15,764456,102,102,24958985,0,0,0,0,0,0,3,15,764456
200912,48,493,3,7,Wilson County                 ,2,2,328005,0,0,0,0,0,0,0,0,0,1,1,177113,0,0,0,0,0,0,0,0,0
200912,48,497,3,7,Wise County                   ,3,3,368813,0,0,0,0,0,0,0,0,0,1,1,126000,0,0,0,0,0,0,0,0,0
200912,49,009,4,8,Daggett County                ,0,0,0,0,0,0,0,0,0,0,0,0,0,0,0,0,0,0,0,0,0,0,0,0
200912,49,019,4,8,Grand County                  ,0,0,0,0,0,0,0,0,0,0,0,0,0,0,0,0,0,0,0,0,0,0,0,0
200912,49,021,4,8,Iron County                   ,6,6,1503808,1,2,224905,0,0,0,1,5,373463,1,1,178000,0,0,0,0,0,0,0,0,0
200912,49,033,4,8,Rich County                   ,3,3,580137,0,0,0,0,0,0,0,0,0,3,3,580137,0,0,0,0,0,0,0,0,0
200912,49,035,4,8,Salt Lake County              ,170,170,26097790,1,2,198463,0,0,0,4,89,8874156,150,150,23214854,0,0,0,0,0,0,2,71,7341588
200912,49,039,4,8,Sanpete County                ,0,0,0,0,0,0,0,0,0,0,0,0,0,0,0,0,0,0,0,0,0,0,0,0
200912,49,043,4,8,Summit County                 ,3,3,409659,0,0,0,0,0,0,0,0,0,3,3,409659,0,0,0,0,0,0,0,0,0
200912,49,045,4,8,Tooele County                 ,18,18,2725341,0,0,0,0,0,0,0,0,0,18,18,2725341,0,0,0,0,0,0,0,0,0
200912,49,051,4,8,Wasatch County                ,13,13,3956566,0,0,0,0,0,0,0,0,0,13,13,3956566,0,0,0,0,0,0,0,0,0
200912,51,003,3,5,Albemarle County              ,24,24,7548820,0,0,0,0,0,0,0,0,0,0,0,0,0,0,0,0,0,0,0,0,0
200912,51,007,3,5,Amelia County                 ,3,3,278400,0,0,0,0,0,0,0,0,0,3,3,278400,0,0,0,0,0,0,0,0,0
200912,51,013,3,5,Arlington County              ,13,13,4342920,0,0,0,0,0,0,0,0,0,13,13,4342920,0,0,0,0,0,0,0,0,0
200912,51,015,3,5,Augusta County                ,0,0,0,0,0,0,3,12,1020000,0,0,0,0,0,0,0,0,0,3,12,1020000,0,0,0
200912,51,019,3,5,Bedford County                ,18,18,3864500,0,0,0,0,0,0,0,0,0,18,18,3864500,0,0,0,0,0,0,0,0,0
200912,51,023,3,5,Botetourt County              ,7,7,1188000,0,0,0,0,0,0,0,0,0,7,7,1188000,0,0,0,0,0,0,0,0,0
200912,51,031,3,5,Campbell County               ,12,12,1923974,0,0,0,0,0,0,0,0,0,0,0,0,0,0,0,0,0,0,0,0,0
200912,51,033,3,5,Caroline County               ,7,7,887750,0,0,0,0,0,0,0,0,0,7,7,887750,0,0,0,0,0,0,0,0,0
200912,51,036,3,5,Charles City County           ,2,2,305735,0,0,0,0,0,0,0,0,0,0,0,0,0,0,0,0,0,0,0,0,0
200912,51,037,3,5,Charlotte County              ,6,6,836070,0,0,0,0,0,0,0,0,0,6,6,836070,0,0,0,0,0,0,0,0,0
200912,51,041,3,5,Chesterfield County           ,40,40,7204964,0,0,0,0,0,0,0,0,0,40,40,7204964,0,0,0,0,0,0,0,0,0
200912,51,043,3,5,Clarke County                 ,1,1,370000,0,0,0,0,0,0,0,0,0,1,1,370000,0,0,0,0,0,0,0,0,0
200912,51,049,3,5,Cumberland County             ,0,0,0,0,0,0,0,0,0,0,0,0,0,0,0,0,0,0,0,0,0,0,0,0
200912,51,053,3,5,Dinwiddie County              ,8,8,1420378,0,0,0,0,0,0,0,0,0,0,0,0,0,0,0,0,0,0,0,0,0
200912,51,059,3,5,Fairfax County                ,49,49,8767937,0,0,0,0,0,0,0,0,0,47,47,8465832,0,0,0,0,0,0,0,0,0
200912,51,061,3,5,Fauquier County               ,6,6,1107000,0,0,0,0,0,0,0,0,0,6,6,1107000,0,0,0,0,0,0,0,0,0
200912,51,065,3,5,Fluvanna County               ,5,5,843000,1,2,250000,0,0,0,0,0,0,5,5,843000,1,2,250000,0,0,0,0,0,0
200912,51,067,3,5,Franklin County               ,8,8,2340053,0,0,0,0,0,0,0,0,0,8,8,2340053,0,0,0,0,0,0,0,0,0
200912,51,069,3,5,Frederick County              ,17,17,3480000,0,0,0,0,0,0,0,0,0,17,17,3480000,0,0,0,0,0,0,0,0,0
200912,51,073,3,5,Gloucester County             ,6,6,890000,0,0,0,0,0,0,0,0,0,6,6,890000,0,0,0,0,0,0,0,0,0
200912,51,075,3,5,Goochland County              ,5,5,942985,0,0,0,0,0,0,0,0,0,5,5,942985,0,0,0,0,0,0,0,0,0
200912,51,079,3,5,Greene County                 ,2,2,408000,0,0,0,0,0,0,0,0,0,2,2,408000,0,0,0,0,0,0,0,0,0
200912,51,085,3,5,Hanover County                ,19,19,4007339,0,0,0,0,0,0,0,0,0,19,19,4007339,0,0,0,0,0,0,0,0,0
200912,51,087,3,5,Henrico County                ,35,35,6304343,0,0,0,0,0,0,0,0,0,35,35,6304343,0,0,0,0,0,0,0,0,0
200912,51,093,3,5,Isle of Wight County          ,18,18,4579250,0,0,0,0,0,0,0,0,0,18,18,4579250,0,0,0,0,0,0,0,0,0
200912,51,095,3,5,James City County             ,30,30,5552858,0,0,0,0,0,0,0,0,0,30,30,5552858,0,0,0,0,0,0,0,0,0
200912,51,097,3,5,King and Queen County         ,1,1,168995,0,0,0,0,0,0,0,0,0,1,1,168995,0,0,0,0,0,0,0,0,0
200912,51,099,3,5,King George County            ,12,12,2125358,0,0,0,0,0,0,0,0,0,12,12,2125358,0,0,0,0,0,0,0,0,0
200912,51,101,3,5,King William County           ,3,3,395000,0,0,0,0,0,0,0,0,0,3,3,395000,0,0,0,0,0,0,0,0,0
200912,51,107,3,5,Loudoun County                ,144,144,25937870,0,0,0,0,0,0,2,16,265000,144,144,25937870,0,0,0,0,0,0,2,16,265000
200912,51,109,3,5,Louisa County                 ,8,8,1737567,0,0,0,0,0,0,0,0,0,8,8,1737567,0,0,0,0,0,0,0,0,0
200912,51,115,3,5,Mathews County                ,0,0,0,0,0,0,0,0,0,0,0,0,0,0,0,0,0,0,0,0,0,0,0,0
200912,51,119,3,5,Middlesex County              ,2,2,423000,0,0,0,0,0,0,0,0,0,2,2,423000,0,0,0,0,0,0,0,0,0
200912,51,127,3,5,New Kent County               ,11,11,1981365,0,0,0,0,0,0,0,0,0,11,11,1981365,0,0,0,0,0,0,0,0,0
200912,51,137,3,5,Orange County                 ,6,6,1020000,0,0,0,0,0,0,0,0,0,6,6,1020000,0,0,0,0,0,0,0,0,0
200912,51,143,3,5,Pittsylvania County           ,5,5,620960,0,0,0,0,0,0,0,0,0,0,0,0,0,0,0,0,0,0,0,0,0
200912,51,145,3,5,Powhatan County               ,8,8,1150713,0,0,0,0,0,0,0,0,0,8,8,1150713,0,0,0,0,0,0,0,0,0
200912,51,149,3,5,Prince George County          ,2,2,360248,0,0,0,0,0,0,0,0,0,2,2,360248,0,0,0,0,0,0,0,0,0
200912,51,153,3,5,Prince William County         ,109,109,18009000,0,0,0,0,0,0,5,200,15000000,109,109,18009000,0,0,0,0,0,0,5,200,15000000
200912,51,157,3,5,Rappahannock County           ,1,1,295526,0,0,0,0,0,0,0,0,0,0,0,0,0,0,0,0,0,0,0,0,0
200912,51,161,3,5,Roanoke County                ,5,5,1157169,0,0,0,0,0,0,0,0,0,5,5,1157169,0,0,0,0,0,0,0,0,0
200912,51,163,3,5,Rockbridge County             ,7,7,2120020,0,0,0,0,0,0,0,0,0,7,7,2120020,0,0,0,0,0,0,0,0,0
200912,51,165,3,5,Rockingham County             ,19,19,3627977,0,0,0,0,0,0,0,0,0,0,0,0,0,0,0,0,0,0,0,0,0
200912,51,169,3,5,Scott County                  ,2,2,847000,0,0,0,0,0,0,0,0,0,2,2,847000,0,0,0,0,0,0,0,0,0
200912,51,171,3,5,Shenandoah County             ,7,7,1069000,0,0,0,0,0,0,0,0,0,7,7,1069000,0,0,0,0,0,0,0,0,0
200912,51,177,3,5,Spotsylvania County           ,22,22,4181044,0,0,0,0,0,0,0,0,0,22,22,4181044,0,0,0,0,0,0,0,0,0
200912,51,179,3,5,Stafford County               ,38,38,8573500,0,0,0,0,0,0,0,0,0,38,38,8573500,0,0,0,0,0,0,0,0,0
200912,51,181,3,5,Surry County                  ,5,5,456000,0,0,0,0,0,0,0,0,0,5,5,456000,0,0,0,0,0,0,0,0,0
200912,51,183,3,5,Sussex County                 ,4,4,669832,0,0,0,0,0,0,0,0,0,4,4,669832,0,0,0,0,0,0,0,0,0
200912,51,187,3,5,Warren County                 ,3,3,650000,0,0,0,0,0,0,0,0,0,3,3,650000,0,0,0,0,0,0,0,0,0
200912,51,199,3,5,York County                   ,6,6,1080745,0,0,0,0,0,0,0,0,0,6,6,1080745,0,0,0,0,0,0,0,0,0
200912,51,510,3,5,Alexandria (Independent City) ,2,2,360248,0,0,0,0,0,0,0,0,0,2,2,360248,0,0,0,0,0,0,0,0,0
200912,51,530,3,5,Buena Vista (Independent City),0,0,0,0,0,0,0,0,0,0,0,0,0,0,0,0,0,0,0,0,0,0,0,0
200912,51,550,3,5,Chesapeake(Independent City)  ,51,51,9186329,2,4,441800,0,0,0,4,164,6884000,51,51,9186329,2,4,441800,0,0,0,4,164,6884000
200912,51,570,3,5,Colonial Heights (Independent ,0,0,0,0,0,0,0,0,0,0,0,0,0,0,0,0,0,0,0,0,0,0,0,0
200912,51,580,3,5,Covington (Independent City)  ,0,0,0,0,0,0,0,0,0,0,0,0,0,0,0,0,0,0,0,0,0,0,0,0
200912,51,600,3,5,Fairfax (Independent City)    ,0,0,0,0,0,0,0,0,0,0,0,0,0,0,0,0,0,0,0,0,0,0,0,0
200912,51,610,3,5,Falls Church (Independent City,1,1,300000,0,0,0,0,0,0,0,0,0,1,1,300000,0,0,0,0,0,0,0,0,0
200912,51,630,3,5,Fredericksburg(Independent Cit,8,8,1161937,0,0,0,0,0,0,0,0,0,8,8,1161937,0,0,0,0,0,0,0,0,0
200912,51,650,3,5,Hampton (Independent City)    ,7,7,1925250,0,0,0,0,0,0,0,0,0,7,7,1925250,0,0,0,0,0,0,0,0,0
200912,51,660,3,5,Harrisonburg (Independent City,11,11,1152753,0,0,0,0,0,0,1,13,779705,0,0,0,0,0,0,0,0,0,0,0,0
200912,51,670,3,5,Hopewell (Independent City)   ,2,2,160000,0,0,0,0,0,0,0,0,0,2,2,160000,0,0,0,0,0,0,0,0,0
200912,51,680,3,5,Lynchburg (Independent City)  ,10,10,1085120,0,0,0,0,0,0,0,0,0,10,10,1085120,0,0,0,0,0,0,0,0,0
200912,51,683,3,5,Manassas (Independent City)   ,4,4,455265,0,0,0,0,0,0,0,0,0,0,0,0,0,0,0,0,0,0,0,0,0
200912,51,685,3,5,Manassas Park (Independent Cit,0,0,0,0,0,0,0,0,0,0,0,0,0,0,0,0,0,0,0,0,0,0,0,0
200912,51,700,3,5,Newport News (Independent City,10,10,1294310,0,0,0,0,0,0,1,9,385716,0,0,0,0,0,0,0,0,0,0,0,0
200912,51,710,3,5,Norfolk (Independent City)    ,17,17,3062110,0,0,0,0,0,0,0,0,0,17,17,3062110,0,0,0,0,0,0,0,0,0
200912,51,730,3,5,Petersburg (Independent City) ,2,2,186412,0,0,0,0,0,0,0,0,0,0,0,0,0,0,0,0,0,0,0,0,0
200912,51,735,3,5,Poquoson (Independent City)   ,0,0,0,0,0,0,0,0,0,0,0,0,0,0,0,0,0,0,0,0,0,0,0,0
200912,51,740,3,5,Portsmouth (Independent City) ,8,8,1121480,0,0,0,0,0,0,0,0,0,8,8,1121480,0,0,0,0,0,0,0,0,0
200912,51,760,3,5,Richmond (Independent City)   ,4,4,720496,0,0,0,0,0,0,0,0,0,4,4,720496,0,0,0,0,0,0,0,0,0
200912,51,770,3,5,Roanoke (Independent City)    ,1,1,119534,0,0,0,0,0,0,0,0,0,1,1,119534,0,0,0,0,0,0,0,0,0
200912,51,800,3,5,Suffolk (Independent City)    ,32,32,5763971,0,0,0,0,0,0,0,0,0,32,32,5763971,0,0,0,0,0,0,0,0,0
200912,51,810,3,5,Virginia Beach (Independent Ci,42,42,7741778,0,0,0,0,0,0,1,20,1174000,42,42,7741778,0,0,0,0,0,0,1,20,1174000
200912,51,830,3,5,Williamsburg (Independent City,5,5,1446000,0,0,0,0,0,0,0,0,0,5,5,1446000,0,0,0,0,0,0,0,0,0
200912,53,011,4,9,Clark County                  ,80,80,19356063,0,0,0,0,0,0,0,0,0,80,80,19356063,0,0,0,0,0,0,0,0,0
200912,53,033,4,9,King County                   ,197,197,51328292,12,24,4935049,2,7,1223133,4,79,11553770,178,178,46506026,12,24,4935049,2,7,1223133,3,74,11068232
200912,53,041,4,9,Lewis County                  ,4,4,534283,0,0,0,0,0,0,0,0,0,4,4,534283,0,0,0,0,0,0,0,0,0
200912,53,053,4,9,Pierce County                 ,94,94,19060678,1,2,297107,0,0,0,0,0,0,94,94,19060678,1,2,297107,0,0,0,0,0,0
200912,53,059,4,9,Skamania County               ,3,3,531794,0,0,0,0,0,0,0,0,0,0,0,0,0,0,0,0,0,0,0,0,0
200912,53,061,4,9,Snohomish County              ,180,180,40236419,3,6,933439,2,7,1056771,0,0,0,171,171,38263510,3,6,933439,1,4,718021,0,0,0
200912,54,037,3,5,Jefferson County              ,7,7,1331581,0,0,0,0,0,0,0,0,0,4,4,816632,0,0,0,0,0,0,0,0,0
200912,55,021,2,3,Columbia County               ,2,2,484000,0,0,0,0,0,0,0,0,0,2,2,484000,0,0,0,0,0,0,0,0,0
200912,55,025,2,3,Dane County                   ,63,63,14514179,0,0,0,2,8,989889,3,99,10889308,57,57,13268297,0,0,0,1,4,351000,2,88,10000000
200912,55,031,2,3,Douglas County                ,2,2,266339,0,0,0,0,0,0,0,0,0,2,2,266339,0,0,0,0,0,0,0,0,0
200912,55,037,2,3,Florence County               ,0,0,0,0,0,0,0,0,0,0,0,0,0,0,0,0,0,0,0,0,0,0,0,0
200912,55,049,2,3,Iowa County                   ,2,2,500000,0,0,0,0,0,0,0,0,0,2,2,500000,0,0,0,0,0,0,0,0,0
200912,55,059,2,3,Kenosha County                ,18,18,3689626,0,0,0,0,0,0,0,0,0,17,17,3515650,0,0,0,0,0,0,0,0,0
200912,55,079,2,3,Milwaukee County              ,8,8,1544017,0,0,0,0,0,0,1,24,2000000,7,7,1337678,0,0,0,0,0,0,1,24,2000000
200912,55,089,2,3,Ozaukee County                ,9,9,3234797,0,0,0,0,0,0,0,0,0,5,5,1789017,0,0,0,0,0,0,0,0,0
200912,55,093,2,3,Pierce County                 ,1,1,240000,0,0,0,0,0,0,0,0,0,1,1,240000,0,0,0,0,0,0,0,0,0
200912,55,109,2,3,St. Croix County              ,9,9,2073919,0,0,0,0,0,0,0,0,0,8,8,1896565,0,0,0,0,0,0,0,0,0
200912,55,113,2,3,Sawyer County                 ,0,0,0,0,0,0,0,0,0,0,0,0,0,0,0,0,0,0,0,0,0,0,0,0
200912,55,131,2,3,Washington County             ,14,14,3038035,0,0,0,0,0,0,0,0,0,11,11,2025000,0,0,0,0,0,0,0,0,0
200912,55,133,2,3,Waukesha County               ,30,30,9462369,1,2,339000,1,4,640000,0,0,0,27,27,8458964,1,2,339000,1,4,640000,0,0,0
200912,56,019,4,8,Johnson County                ,0,0,0,0,0,0,0,0,0,0,0,0,0,0,0,0,0,0,0,0,0,0,0,0
200912,56,039,4,8,Teton County                  ,6,6,5650354,0,0,0,0,0,0,0,0,0,0,0,0,0,0,0,0,0,0,0,0,0
