Survey,FIPS,FIPS,Region,Division,County,,1-unit,,,2-units,,,3-4 units,,,5+ units,,,1-unit rep,,,2-units rep,,,3-4 units rep,,, 5+units rep
Date,State,County,Code,Code,Name,Bldgs,Units,Value,Bldgs,Units,Value,Bldgs,Units,Value,Bldgs,Units,Value,Bldgs,Units,Value,Bldgs,Units,Value,Bldgs,Units,Value,Bldgs,Units,Value
 
200911,01,001,3,6,Autauga County                ,10,10,1556161,0,0,0,0,0,0,0,0,0,0,0,0,0,0,0,0,0,0,0,0,0
200911,01,007,3,6,Bibb County                   ,3,3,385000,0,0,0,0,0,0,0,0,0,3,3,385000,0,0,0,0,0,0,0,0,0
200911,01,009,3,6,Blount County                 ,1,1,84000,1,2,80000,0,0,0,0,0,0,1,1,84000,1,2,80000,0,0,0,0,0,0
200911,01,021,3,6,Chilton County                ,4,4,629090,0,0,0,0,0,0,0,0,0,4,4,629090,0,0,0,0,0,0,0,0,0
200911,01,037,3,6,Coosa County                  ,0,0,0,0,0,0,0,0,0,0,0,0,0,0,0,0,0,0,0,0,0,0,0,0
200911,01,073,3,6,Jefferson County              ,58,58,10022187,0,0,0,0,0,0,0,0,0,55,55,9700816,0,0,0,0,0,0,0,0,0
200911,01,081,3,6,Lee County                    ,44,44,9092475,0,0,0,0,0,0,0,0,0,44,44,9092475,0,0,0,0,0,0,0,0,0
200911,01,115,3,6,St. Clair County              ,6,6,778215,0,0,0,0,0,0,0,0,0,6,6,778215,0,0,0,0,0,0,0,0,0
200911,01,117,3,6,Shelby County                 ,62,62,10677075,0,0,0,0,0,0,0,0,0,43,43,6748805,0,0,0,0,0,0,0,0,0
200911,01,127,3,6,Walker County                 ,2,2,273000,0,0,0,0,0,0,0,0,0,2,2,273000,0,0,0,0,0,0,0,0,0
200911,02,000,4,9,Alaska Balance of State       ,4,4,771084,0,0,0,0,0,0,0,0,0,0,0,0,0,0,0,0,0,0,0,0,0
200911,02,013,4,9,Aleutians East Borough        ,0,0,0,0,0,0,0,0,0,0,0,0,0,0,0,0,0,0,0,0,0,0,0,0
200911,02,016,4,9,Aleutians West Census Area    ,0,0,0,0,0,0,0,0,0,0,0,0,0,0,0,0,0,0,0,0,0,0,0,0
200911,02,020,4,9,Anchorage Borough             ,13,13,4187114,1,2,372746,0,0,0,0,0,0,13,13,4187114,1,2,372746,0,0,0,0,0,0
200911,02,050,4,9,Bethel Census Area            ,0,0,0,0,0,0,0,0,0,0,0,0,0,0,0,0,0,0,0,0,0,0,0,0
200911,02,060,4,9,Bristol Bay Borough           ,0,0,0,0,0,0,0,0,0,0,0,0,0,0,0,0,0,0,0,0,0,0,0,0
200911,02,090,4,9,Fairbanks North Star Borough  ,2,2,371476,0,0,0,0,0,0,0,0,0,0,0,0,0,0,0,0,0,0,0,0,0
200911,02,100,4,9,Haines Borough                ,0,0,0,0,0,0,0,0,0,0,0,0,0,0,0,0,0,0,0,0,0,0,0,0
200911,02,110,4,9,Juneau Borough                ,1,1,252735,0,0,0,0,0,0,0,0,0,0,0,0,0,0,0,0,0,0,0,0,0
200911,02,122,4,9,Kenai Peninsula Borough       ,2,2,381000,0,0,0,0,0,0,0,0,0,2,2,381000,0,0,0,0,0,0,0,0,0
200911,02,130,4,9,Ketchikan Gateway Borough     ,4,4,916111,0,0,0,0,0,0,0,0,0,4,4,916111,0,0,0,0,0,0,0,0,0
200911,02,150,4,9,Kodiak Island Borough         ,2,2,670189,0,0,0,0,0,0,0,0,0,2,2,670189,0,0,0,0,0,0,0,0,0
200911,02,170,4,9,Matanuska-Susitna Borough     ,2,2,285884,0,0,0,0,0,0,0,0,0,0,0,0,0,0,0,0,0,0,0,0,0
200911,02,180,4,9,Nome Census Area              ,0,0,0,0,0,0,0,0,0,0,0,0,0,0,0,0,0,0,0,0,0,0,0,0
200911,02,185,4,9,North Slope Borough           ,1,1,219820,0,0,0,0,0,0,0,0,0,0,0,0,0,0,0,0,0,0,0,0,0
200911,02,188,4,9,Northwest Arctic Borough      ,0,0,0,0,0,0,0,0,0,0,0,0,0,0,0,0,0,0,0,0,0,0,0,0
200911,02,201,4,9,Prince of Wales-Outer Ketchika,0,0,0,0,0,0,0,0,0,0,0,0,0,0,0,0,0,0,0,0,0,0,0,0
200911,02,220,4,9,Sitka Borough                 ,1,1,295979,0,0,0,0,0,0,0,0,0,0,0,0,0,0,0,0,0,0,0,0,0
200911,02,232,4,9,Skagway-Hoonah-Angoon Census A,0,0,0,0,0,0,0,0,0,0,0,0,0,0,0,0,0,0,0,0,0,0,0,0
200911,02,261,4,9,Valdez-Cordova Census Area    ,0,0,0,0,0,0,0,0,0,0,0,0,0,0,0,0,0,0,0,0,0,0,0,0
200911,02,280,4,9,Wrangell-Petersburg Census Are,1,1,330000,0,0,0,0,0,0,0,0,0,1,1,330000,0,0,0,0,0,0,0,0,0
200911,02,282,4,9,Yakutat Borough               ,0,0,0,0,0,0,0,0,0,0,0,0,0,0,0,0,0,0,0,0,0,0,0,0
200911,02,290,4,9,Yukon-Koyukuk Census Area     ,0,0,0,0,0,0,0,0,0,0,0,0,0,0,0,0,0,0,0,0,0,0,0,0
200911,04,013,4,8,Maricopa County               ,536,536,124377654,0,0,0,7,21,2943713,1,12,480657,495,495,117422960,0,0,0,6,18,2815668,0,0,0
200911,04,019,4,8,Pima County                   ,117,117,24628676,0,0,0,0,0,0,1,5,320383,40,40,9075573,0,0,0,0,0,0,0,0,0
200911,04,021,4,8,Pinal County                  ,155,155,21164991,0,0,0,0,0,0,0,0,0,155,155,21164991,0,0,0,0,0,0,0,0,0
200911,05,023,3,7,Cleburne County               ,0,0,0,0,0,0,0,0,0,0,0,0,0,0,0,0,0,0,0,0,0,0,0,0
200911,05,025,3,7,Cleveland County              ,0,0,0,0,0,0,0,0,0,0,0,0,0,0,0,0,0,0,0,0,0,0,0,0
200911,05,027,3,7,Columbia County               ,1,1,214327,0,0,0,0,0,0,0,0,0,0,0,0,0,0,0,0,0,0,0,0,0
200911,05,035,3,7,Crittenden County             ,2,2,270000,0,0,0,0,0,0,0,0,0,2,2,270000,0,0,0,0,0,0,0,0,0
200911,05,059,3,7,Hot Spring County             ,0,0,0,0,0,0,0,0,0,0,0,0,0,0,0,0,0,0,0,0,0,0,0,0
200911,05,061,3,7,Howard County                 ,0,0,0,0,0,0,0,0,0,0,0,0,0,0,0,0,0,0,0,0,0,0,0,0
200911,05,099,3,7,Nevada County                 ,0,0,0,0,0,0,0,0,0,0,0,0,0,0,0,0,0,0,0,0,0,0,0,0
200911,06,001,4,9,Alameda County                ,81,81,25687766,0,0,0,2,8,2077276,0,0,0,78,78,24348113,0,0,0,2,8,2077276,0,0,0
200911,06,003,4,9,Alpine County                 ,0,0,0,0,0,0,0,0,0,0,0,0,0,0,0,0,0,0,0,0,0,0,0,0
200911,06,009,4,9,Calaveras County              ,6,6,2223740,0,0,0,0,0,0,0,0,0,6,6,2223740,0,0,0,0,0,0,0,0,0
200911,06,013,4,9,Contra Costa County           ,98,98,23529989,0,0,0,3,9,1995156,0,0,0,94,94,22701310,0,0,0,3,9,1995156,0,0,0
200911,06,017,4,9,El Dorado County              ,3,3,676149,0,0,0,0,0,0,0,0,0,3,3,676149,0,0,0,0,0,0,0,0,0
200911,06,037,4,9,Los Angeles County            ,115,115,43079359,12,24,3985524,7,22,3927202,12,135,28156934,99,99,38085544,12,24,3985524,7,22,3927202,11,130,27346470
200911,06,041,4,9,Marin County                  ,7,7,2239527,0,0,0,0,0,0,0,0,0,2,2,599678,0,0,0,0,0,0,0,0,0
200911,06,045,4,9,Mendocino County              ,12,12,1618785,0,0,0,0,0,0,0,0,0,12,12,1618785,0,0,0,0,0,0,0,0,0
200911,06,049,4,9,Modoc County                  ,1,1,80376,0,0,0,0,0,0,0,0,0,1,1,80376,0,0,0,0,0,0,0,0,0
200911,06,051,4,9,Mono County                   ,1,1,138804,0,0,0,0,0,0,0,0,0,0,0,0,0,0,0,0,0,0,0,0,0
200911,06,059,4,9,Orange County                 ,89,89,31149897,3,6,1430469,12,36,6227796,2,20,1639100,78,78,24291869,2,4,915113,12,36,6227796,2,20,1639100
200911,06,061,4,9,Placer County                 ,71,71,13740571,0,0,0,0,0,0,1,6,973378,71,71,13740571,0,0,0,0,0,0,1,6,973378
200911,06,063,4,9,Plumas County                 ,1,1,48328,0,0,0,0,0,0,0,0,0,1,1,48328,0,0,0,0,0,0,0,0,0
200911,06,065,4,9,Riverside County              ,229,229,54390178,0,0,0,0,0,0,0,0,0,213,213,50939460,0,0,0,0,0,0,0,0,0
200911,06,067,4,9,Sacramento County             ,71,71,16635241,0,0,0,1,4,219821,0,0,0,70,70,16404770,0,0,0,1,4,219821,0,0,0
200911,06,069,4,9,San Benito County             ,1,1,1200000,0,0,0,0,0,0,0,0,0,1,1,1200000,0,0,0,0,0,0,0,0,0
200911,06,071,4,9,San Bernardino County         ,84,84,16376145,3,6,657753,4,12,1565805,22,206,18452809,78,78,15310460,3,6,657753,4,12,1565805,22,206,18452809
200911,06,073,4,9,San Diego County              ,106,106,30224377,4,8,1352463,1,4,555820,7,38,5557032,97,97,28013587,4,8,1352463,1,4,555820,7,38,5557032
200911,06,075,4,9,San Francisco County          ,1,1,225383,0,0,0,2,6,1900000,1,55,2000000,1,1,225383,0,0,0,2,6,1900000,1,55,2000000
200911,06,077,4,9,San Joaquin County            ,70,70,13812796,0,0,0,0,0,0,0,0,0,70,70,13812796,0,0,0,0,0,0,0,0,0
200911,06,081,4,9,San Mateo County              ,19,19,15020036,0,0,0,0,0,0,0,0,0,15,15,13337330,0,0,0,0,0,0,0,0,0
200911,06,085,4,9,Santa Clara County            ,64,64,17568847,1,2,261590,0,0,0,0,0,0,63,63,17340945,1,2,261590,0,0,0,0,0,0
200911,06,091,4,9,Sierra County                 ,1,1,741757,0,0,0,0,0,0,0,0,0,1,1,741757,0,0,0,0,0,0,0,0,0
200911,06,113,4,9,Yolo County                   ,10,10,1942493,0,0,0,0,0,0,0,0,0,10,10,1942493,0,0,0,0,0,0,0,0,0
200911,08,001,4,8,Adams County                  ,51,51,10886676,0,0,0,0,0,0,0,0,0,51,51,10886676,0,0,0,0,0,0,0,0,0
200911,08,005,4,8,Arapahoe County               ,44,44,12013373,0,0,0,0,0,0,0,0,0,43,43,9749742,0,0,0,0,0,0,0,0,0
200911,08,014,4,8,Broomfield County             ,18,18,4659958,0,0,0,0,0,0,0,0,0,18,18,4659958,0,0,0,0,0,0,0,0,0
200911,08,015,4,8,Chaffee County                ,8,8,2019442,0,0,0,0,0,0,0,0,0,8,8,2019442,0,0,0,0,0,0,0,0,0
200911,08,019,4,8,Clear Creek County            ,0,0,0,0,0,0,0,0,0,0,0,0,0,0,0,0,0,0,0,0,0,0,0,0
200911,08,023,4,8,Costilla County               ,0,0,0,0,0,0,0,0,0,0,0,0,0,0,0,0,0,0,0,0,0,0,0,0
200911,08,031,4,8,Denver County                 ,40,40,7076407,6,12,1554473,0,0,0,0,0,0,40,40,7076407,6,12,1554473,0,0,0,0,0,0
200911,08,033,4,8,Dolores County                ,0,0,0,0,0,0,0,0,0,0,0,0,0,0,0,0,0,0,0,0,0,0,0,0
200911,08,035,4,8,Douglas County                ,33,33,10973529,0,0,0,0,0,0,0,0,0,33,33,10973529,0,0,0,0,0,0,0,0,0
200911,08,039,4,8,Elbert County                 ,3,3,830405,0,0,0,0,0,0,0,0,0,0,0,0,0,0,0,0,0,0,0,0,0
200911,08,041,4,8,El Paso County                ,84,84,25570411,0,0,0,0,0,0,0,0,300000,84,84,25570411,0,0,0,0,0,0,0,0,300000
200911,08,047,4,8,Gilpin County                 ,1,1,225383,0,0,0,0,0,0,0,0,0,1,1,225383,0,0,0,0,0,0,0,0,0
200911,08,049,4,8,Grand County                  ,9,9,2127829,0,0,0,0,0,0,0,0,0,0,0,0,0,0,0,0,0,0,0,0,0
200911,08,059,4,8,Jefferson County              ,17,17,4637489,0,0,0,0,0,0,0,0,0,17,17,4637489,0,0,0,0,0,0,0,0,0
200911,08,069,4,8,Larimer County                ,25,25,5053797,0,0,0,0,0,0,0,0,0,25,25,5053797,0,0,0,0,0,0,0,0,0
200911,08,077,4,8,Mesa County                   ,21,21,3926151,0,0,0,0,0,0,0,0,0,21,21,3926151,0,0,0,0,0,0,0,0,0
200911,08,093,4,8,Park County                   ,5,5,765861,0,0,0,0,0,0,0,0,0,5,5,765861,0,0,0,0,0,0,0,0,0
200911,08,101,4,8,Pueblo County                 ,10,10,1695409,1,2,214073,0,0,0,0,0,0,10,10,1695409,1,2,214073,0,0,0,0,0,0
200911,08,107,4,8,Routt County                  ,6,6,2121351,0,0,0,0,0,0,0,0,0,6,6,2121351,0,0,0,0,0,0,0,0,0
200911,08,119,4,8,Teller County                 ,5,5,1559465,0,0,0,0,0,0,0,0,0,4,4,1488048,0,0,0,0,0,0,0,0,0
200911,08,123,4,8,Weld County                   ,48,48,10773698,0,0,0,0,0,0,1,5,144687,45,45,10233834,0,0,0,0,0,0,0,0,0
200911,10,001,3,5,Kent County                   ,44,44,5542460,0,0,0,0,0,0,1,5,314910,36,36,4616855,0,0,0,0,0,0,0,0,0
200911,10,003,3,5,New Castle County             ,43,43,3162760,0,0,0,0,0,0,1,5,80000,19,19,1197278,0,0,0,0,0,0,0,0,0
200911,10,005,3,5,Sussex County                 ,117,117,18258921,4,8,625320,0,0,0,0,0,0,117,117,18258921,4,8,625320,0,0,0,0,0,0
200911,11,001,3,5,Washington  DC                ,1,1,180124,0,0,0,0,0,0,0,0,0,1,1,180124,0,0,0,0,0,0,0,0,0
200911,12,003,3,5,Baker County                  ,2,2,285572,0,0,0,0,0,0,0,0,0,2,2,285572,0,0,0,0,0,0,0,0,0
200911,12,009,3,5,Brevard County                ,82,82,20519854,0,0,0,0,0,0,0,0,0,82,82,20519854,0,0,0,0,0,0,0,0,0
200911,12,011,3,5,Broward County                ,37,37,8460008,0,0,0,0,0,0,0,0,0,25,25,6829688,0,0,0,0,0,0,0,0,0
200911,12,013,3,5,Calhoun County                ,2,2,278000,0,0,0,0,0,0,0,0,0,2,2,278000,0,0,0,0,0,0,0,0,0
200911,12,015,3,5,Charlotte County              ,18,18,4079339,0,0,0,0,0,0,0,0,0,1,1,105000,0,0,0,0,0,0,0,0,0
200911,12,019,3,5,Clay County                   ,49,49,7512644,0,0,0,0,0,0,0,0,0,49,49,7512644,0,0,0,0,0,0,0,0,0
200911,12,021,3,5,Collier County                ,37,37,27639112,0,0,0,2,8,1853000,0,0,0,37,37,27639112,0,0,0,2,8,1853000,0,0,0
200911,12,023,3,5,Columbia County               ,10,10,1110900,0,0,0,1,3,225000,0,0,0,10,10,1110900,0,0,0,1,3,225000,0,0,0
200911,12,031,3,5,Duval County                  ,122,122,21975139,0,0,0,0,0,0,0,0,0,122,122,21975139,0,0,0,0,0,0,0,0,0
200911,12,033,3,5,Escambia County               ,28,28,4964936,0,0,0,0,0,0,1,8,651764,28,28,4964936,0,0,0,0,0,0,1,8,651764
200911,12,041,3,5,Gilchrist County              ,2,2,206703,0,0,0,0,0,0,0,0,0,0,0,0,0,0,0,0,0,0,0,0,0
200911,12,043,3,5,Glades County                 ,3,3,399800,0,0,0,0,0,0,0,0,0,3,3,399800,0,0,0,0,0,0,0,0,0
200911,12,047,3,5,Hamilton County               ,0,0,0,0,0,0,0,0,0,0,0,0,0,0,0,0,0,0,0,0,0,0,0,0
200911,12,049,3,5,Hardee County                 ,1,1,280000,0,0,0,0,0,0,0,0,0,1,1,280000,0,0,0,0,0,0,0,0,0
200911,12,053,3,5,Hernando County               ,4,4,390500,0,0,0,0,0,0,0,0,0,4,4,390500,0,0,0,0,0,0,0,0,0
200911,12,055,3,5,Highlands County              ,5,5,955883,0,0,0,0,0,0,0,0,0,4,4,714330,0,0,0,0,0,0,0,0,0
200911,12,057,3,5,Hillsborough County           ,162,162,37311594,0,0,0,2,8,1015816,18,505,64683548,162,162,37311594,0,0,0,2,8,1015816,18,505,64683548
200911,12,061,3,5,Indian River County           ,11,11,3069892,0,0,0,0,0,0,10,52,1937150,11,11,3069892,0,0,0,0,0,0,10,52,1937150
200911,12,063,3,5,Jackson County                ,6,6,443000,0,0,0,0,0,0,0,0,0,6,6,443000,0,0,0,0,0,0,0,0,0
200911,12,065,3,5,Jefferson County              ,1,1,140292,0,0,0,0,0,0,0,0,0,1,1,140292,0,0,0,0,0,0,0,0,0
200911,12,067,3,5,Lafayette County              ,1,1,154252,0,0,0,0,0,0,0,0,0,0,0,0,0,0,0,0,0,0,0,0,0
200911,12,069,3,5,Lake County                   ,39,39,13519222,0,0,0,0,0,0,3,21,1778810,13,13,5701282,0,0,0,0,0,0,1,9,630173
200911,12,071,3,5,Lee County                    ,63,63,13978800,0,0,0,0,0,0,0,0,0,56,56,11675652,0,0,0,0,0,0,0,0,0
200911,12,073,3,5,Leon County                   ,29,29,4152906,1,2,183375,0,0,0,1,7,558444,12,12,1320568,0,0,0,0,0,0,0,0,0
200911,12,077,3,5,Liberty County                ,0,0,0,0,0,0,0,0,0,0,0,0,0,0,0,0,0,0,0,0,0,0,0,0
200911,12,081,3,5,Manatee County                ,74,74,12045349,0,0,0,0,0,0,0,0,0,74,74,12045349,0,0,0,0,0,0,0,0,0
200911,12,083,3,5,Marion County                 ,37,37,7788058,0,0,0,0,0,0,0,0,0,37,37,7788058,0,0,0,0,0,0,0,0,0
200911,12,085,3,5,Martin County                 ,21,21,9209155,0,0,0,0,0,0,0,0,0,20,20,7439455,0,0,0,0,0,0,0,0,0
200911,12,086,3,5,Miami-Dade County             ,71,71,12328574,1,2,1000000,1,4,130000,1,5,966848,66,66,10785015,1,2,1000000,1,4,130000,0,0,0
200911,12,089,3,5,Nassau County                 ,19,19,3718891,0,0,0,0,0,0,0,0,0,18,18,3627461,0,0,0,0,0,0,0,0,0
200911,12,095,3,5,Orange County                 ,133,133,24183189,0,0,0,0,0,0,0,0,0,133,133,24183189,0,0,0,0,0,0,0,0,0
200911,12,097,3,5,Osceola County                ,92,92,16190203,0,0,0,1,4,869075,0,0,0,92,92,16190203,0,0,0,1,4,869075,0,0,0
200911,12,099,3,5,Palm Beach County             ,72,72,22427816,0,0,0,1,4,1165737,1,5,527818,69,69,21342469,0,0,0,1,4,1165737,0,0,0
200911,12,101,3,5,Pasco County                  ,56,56,12053925,3,6,781613,0,0,0,0,0,0,56,56,12053925,3,6,781613,0,0,0,0,0,0
200911,12,103,3,5,Pinellas County               ,20,20,5798901,1,2,352300,0,0,0,8,311,18147244,20,20,5798901,1,2,352300,0,0,0,8,311,18147244
200911,12,105,3,5,Polk County                   ,68,68,12576093,0,0,0,0,0,0,0,0,0,61,61,11316158,0,0,0,0,0,0,0,0,0
200911,12,107,3,5,Putnam County                 ,2,2,266612,0,0,0,0,0,0,0,0,0,0,0,0,0,0,0,0,0,0,0,0,0
200911,12,109,3,5,St. Johns County              ,74,74,17294047,0,0,0,0,0,0,0,0,0,73,73,17012097,0,0,0,0,0,0,0,0,0
200911,12,111,3,5,St. Lucie County              ,23,23,1983691,0,0,0,0,0,0,0,0,0,23,23,1983691,0,0,0,0,0,0,0,0,0
200911,12,113,3,5,Santa Rosa County             ,26,26,4683226,0,0,0,0,0,0,0,0,0,26,26,4683226,0,0,0,0,0,0,0,0,0
200911,12,115,3,5,Sarasota County               ,30,30,9366726,0,0,0,0,0,0,0,0,0,30,30,9366726,0,0,0,0,0,0,0,0,0
200911,12,117,3,5,Seminole County               ,35,35,8320775,0,0,0,0,0,0,0,0,0,35,35,8320775,0,0,0,0,0,0,0,0,0
200911,12,119,3,5,Sumter County                 ,179,179,49546436,0,0,0,0,0,0,0,0,0,178,178,49483936,0,0,0,0,0,0,0,0,0
200911,12,123,3,5,Taylor County                 ,1,1,20000,0,0,0,0,0,0,0,0,0,1,1,20000,0,0,0,0,0,0,0,0,0
200911,12,125,3,5,Union County                  ,1,1,69680,0,0,0,0,0,0,0,0,0,1,1,69680,0,0,0,0,0,0,0,0,0
200911,12,127,3,5,Volusia County                ,55,55,13912993,0,0,0,0,0,0,1,5,489903,27,27,7367152,0,0,0,0,0,0,0,0,0
200911,12,129,3,5,Wakulla County                ,7,7,667000,0,0,0,0,0,0,0,0,0,7,7,667000,0,0,0,0,0,0,0,0,0
200911,12,131,3,5,Walton County                 ,16,16,5729178,0,0,0,0,0,0,0,0,0,16,16,5729178,0,0,0,0,0,0,0,0,0
200911,12,133,3,5,Washington County             ,4,4,983199,0,0,0,0,0,0,0,0,0,4,4,983199,0,0,0,0,0,0,0,0,0
200911,13,005,3,5,Bacon County                  ,0,0,0,0,0,0,0,0,0,0,0,0,0,0,0,0,0,0,0,0,0,0,0,0
200911,13,013,3,5,Barrow County                 ,8,8,910478,0,0,0,0,0,0,0,0,0,4,4,537725,0,0,0,0,0,0,0,0,0
200911,13,015,3,5,Bartow County                 ,4,4,940372,0,0,0,0,0,0,0,0,0,4,4,940372,0,0,0,0,0,0,0,0,0
200911,13,029,3,5,Bryan County                  ,18,18,4457515,0,0,0,0,0,0,0,0,0,12,12,2564603,0,0,0,0,0,0,0,0,0
200911,13,035,3,5,Butts County                  ,1,1,69000,0,0,0,0,0,0,0,0,0,1,1,69000,0,0,0,0,0,0,0,0,0
200911,13,045,3,5,Carroll County                ,4,4,687534,0,0,0,0,0,0,0,0,0,4,4,687534,0,0,0,0,0,0,0,0,0
200911,13,057,3,5,Cherokee County               ,23,23,4672794,0,0,0,0,0,0,0,0,0,17,17,3021477,0,0,0,0,0,0,0,0,0
200911,13,059,3,5,Clarke County                 ,11,11,1614693,1,2,220069,0,0,0,0,0,0,0,0,0,0,0,0,0,0,0,0,0,0
200911,13,063,3,5,Clayton County                ,0,0,0,0,0,0,0,0,0,0,0,0,0,0,0,0,0,0,0,0,0,0,0,0
200911,13,067,3,5,Cobb County                   ,35,35,7015431,0,0,0,1,3,349155,1,6,1067532,35,35,7015431,0,0,0,1,3,349155,1,6,1067532
200911,13,077,3,5,Coweta County                 ,35,35,9126541,0,0,0,0,0,0,0,0,0,33,33,8759958,0,0,0,0,0,0,0,0,0
200911,13,085,3,5,Dawson County                 ,2,2,350000,0,0,0,0,0,0,0,0,0,2,2,350000,0,0,0,0,0,0,0,0,0
200911,13,089,3,5,DeKalb County                 ,22,22,4382407,0,0,0,0,0,0,0,0,0,20,20,3702482,0,0,0,0,0,0,0,0,0
200911,13,095,3,5,Dougherty County              ,2,2,224020,0,0,0,1,3,152768,0,0,0,0,0,0,0,0,0,0,0,0,0,0,0
200911,13,097,3,5,Douglas County                ,13,13,977280,0,0,0,0,0,0,0,0,0,13,13,977280,0,0,0,0,0,0,0,0,0
200911,13,113,3,5,Fayette County                ,5,5,1187551,0,0,0,0,0,0,0,0,0,1,1,150000,0,0,0,0,0,0,0,0,0
200911,13,117,3,5,Forsyth County                ,98,98,12976253,0,0,0,0,0,0,0,0,0,98,98,12976253,0,0,0,0,0,0,0,0,0
200911,13,121,3,5,Fulton County                 ,66,66,11820097,1,2,486642,0,0,0,0,0,0,65,65,11621595,1,2,486642,0,0,0,0,0,0
200911,13,127,3,5,Glynn County                  ,22,22,5624442,0,0,0,0,0,0,0,0,0,0,0,0,0,0,0,0,0,0,0,0,0
200911,13,133,3,5,Greene County                 ,8,8,2453346,0,0,0,0,0,0,0,0,0,0,0,0,0,0,0,0,0,0,0,0,0
200911,13,135,3,5,Gwinnett County               ,48,48,10266741,0,0,0,0,0,0,0,0,0,44,44,9660225,0,0,0,0,0,0,0,0,0
200911,13,143,3,5,Haralson County               ,3,3,519571,0,0,0,0,0,0,0,0,0,0,0,0,0,0,0,0,0,0,0,0,0
200911,13,145,3,5,Harris County                 ,6,6,1301560,0,0,0,0,0,0,0,0,0,6,6,1301560,0,0,0,0,0,0,0,0,0
200911,13,149,3,5,Heard County                  ,0,0,0,0,0,0,0,0,0,0,0,0,0,0,0,0,0,0,0,0,0,0,0,0
200911,13,151,3,5,Henry County                  ,23,23,4312144,0,0,0,0,0,0,0,0,0,14,14,3247366,0,0,0,0,0,0,0,0,0
200911,13,159,3,5,Jasper County                 ,2,2,233680,0,0,0,0,0,0,0,0,0,2,2,233680,0,0,0,0,0,0,0,0,0
200911,13,169,3,5,Jones County                  ,3,3,351000,0,0,0,0,0,0,0,0,0,3,3,351000,0,0,0,0,0,0,0,0,0
200911,13,171,3,5,Lamar County                  ,1,1,76608,0,0,0,0,0,0,0,0,0,1,1,76608,0,0,0,0,0,0,0,0,0
200911,13,177,3,5,Lee County                    ,8,8,914281,0,0,0,0,0,0,0,0,0,0,0,0,0,0,0,0,0,0,0,0,0
200911,13,189,3,5,McDuffie County               ,0,0,0,0,0,0,0,0,0,0,0,0,0,0,0,0,0,0,0,0,0,0,0,0
200911,13,199,3,5,Meriwether County             ,5,5,826496,0,0,0,0,0,0,0,0,0,5,5,826496,0,0,0,0,0,0,0,0,0
200911,13,211,3,5,Morgan County                 ,4,4,925000,0,0,0,0,0,0,0,0,0,4,4,925000,0,0,0,0,0,0,0,0,0
200911,13,213,3,5,Murray County                 ,0,0,0,0,0,0,0,0,0,0,0,0,0,0,0,0,0,0,0,0,0,0,0,0
200911,13,215,3,5,Muscogee County               ,16,16,1693574,0,0,0,0,0,0,1,8,607942,0,0,0,0,0,0,0,0,0,0,0,0
200911,13,217,3,5,Newton County                 ,3,3,540372,0,0,0,0,0,0,0,0,0,3,3,540372,0,0,0,0,0,0,0,0,0
200911,13,223,3,5,Paulding County               ,28,28,5043475,0,0,0,0,0,0,0,0,0,28,28,5043475,0,0,0,0,0,0,0,0,0
200911,13,227,3,5,Pickens County                ,2,2,359000,0,0,0,0,0,0,0,0,0,1,1,270000,0,0,0,0,0,0,0,0,0
200911,13,231,3,5,Pike County                   ,5,5,647055,0,0,0,0,0,0,0,0,0,0,0,0,0,0,0,0,0,0,0,0,0
200911,13,237,3,5,Putnam County                 ,6,6,1343000,0,0,0,0,0,0,0,0,0,6,6,1343000,0,0,0,0,0,0,0,0,0
200911,13,239,3,5,Quitman County                ,0,0,0,0,0,0,0,0,0,0,0,0,0,0,0,0,0,0,0,0,0,0,0,0
200911,13,247,3,5,Rockdale County               ,2,2,521485,0,0,0,0,0,0,0,0,0,2,2,521485,0,0,0,0,0,0,0,0,0
200911,13,255,3,5,Spalding County               ,20,20,2453111,0,0,0,0,0,0,0,0,0,20,20,2453111,0,0,0,0,0,0,0,0,0
200911,13,291,3,5,Union County                  ,4,4,708453,0,0,0,0,0,0,0,0,0,4,4,708453,0,0,0,0,0,0,0,0,0
200911,13,297,3,5,Walton County                 ,5,5,529200,0,0,0,16,64,5323360,0,0,0,5,5,529200,0,0,0,16,64,5323360,0,0,0
200911,13,313,3,5,Whitfield County              ,11,11,851654,0,0,0,0,0,0,1,5,249757,9,9,635000,0,0,0,0,0,0,0,0,0
200911,13,321,3,5,Worth County                  ,3,3,473609,0,0,0,0,0,0,0,0,0,0,0,0,0,0,0,0,0,0,0,0,0
200911,15,001,4,9,Hawaii County                 ,44,44,15279510,0,0,0,0,0,0,1,6,578776,0,0,0,0,0,0,0,0,0,0,0,0
200911,15,003,4,9,Honolulu County               ,72,72,25748047,0,0,0,1,4,549041,3,18,2536875,72,72,25748047,0,0,0,1,4,549041,3,18,2536875
200911,15,007,4,9,Kauai County                  ,14,14,4461600,0,0,0,0,0,0,0,0,0,14,14,4461600,0,0,0,0,0,0,0,0,0
200911,15,009,4,9,Maui County                   ,13,13,2929978,0,0,0,0,0,0,0,0,0,13,13,2929978,0,0,0,0,0,0,0,0,0
200911,16,001,4,8,Ada County                    ,123,123,26329652,0,0,0,0,0,0,0,0,0,123,123,26329652,0,0,0,0,0,0,0,0,0
200911,16,015,4,8,Boise County                  ,1,1,259449,0,0,0,0,0,0,0,0,0,1,1,259449,0,0,0,0,0,0,0,0,0
200911,16,027,4,8,Canyon County                 ,38,38,5242527,0,0,0,1,3,175388,0,0,0,14,14,1914688,0,0,0,0,0,0,0,0,0
200911,16,045,4,8,Gem County                    ,1,1,76765,0,0,0,0,0,0,0,0,0,1,1,76765,0,0,0,0,0,0,0,0,0
200911,16,073,4,8,Owyhee County                 ,1,1,271219,0,0,0,0,0,0,0,0,0,0,0,0,0,0,0,0,0,0,0,0,0
200911,17,005,2,3,Bond County                   ,3,3,453000,0,0,0,0,0,0,0,0,0,3,3,453000,0,0,0,0,0,0,0,0,0
200911,17,013,2,3,Calhoun County                ,2,2,304095,0,0,0,0,0,0,0,0,0,0,0,0,0,0,0,0,0,0,0,0,0
200911,17,027,2,3,Clinton County                ,8,8,1585990,0,0,0,0,0,0,0,0,0,6,6,1146320,0,0,0,0,0,0,0,0,0
200911,17,031,2,3,Cook County                   ,84,84,36493584,2,4,850000,6,21,1233000,4,120,18349073,74,74,32797887,2,4,850000,6,21,1233000,3,106,17302444
200911,17,037,2,3,DeKalb County                 ,8,8,1649193,0,0,0,0,0,0,0,0,0,6,6,1375000,0,0,0,0,0,0,0,0,0
200911,17,039,2,3,De Witt County                ,2,2,251339,0,0,0,0,0,0,0,0,0,2,2,251339,0,0,0,0,0,0,0,0,0
200911,17,043,2,3,DuPage County                 ,40,40,12017884,0,0,0,0,0,0,1,5,455909,30,30,10500591,0,0,0,0,0,0,0,0,0
200911,17,063,2,3,Grundy County                 ,7,7,1211120,0,0,0,0,0,0,1,5,256410,5,5,879000,0,0,0,0,0,0,0,0,0
200911,17,083,2,3,Jersey County                 ,3,3,503282,0,0,0,0,0,0,0,0,0,2,2,371111,0,0,0,0,0,0,0,0,0
200911,17,089,2,3,Kane County                   ,36,36,7865538,0,0,0,0,0,0,0,0,0,28,28,4813859,0,0,0,0,0,0,0,0,0
200911,17,093,2,3,Kendall County                ,8,8,1805190,0,0,0,0,0,0,0,0,0,8,8,1805190,0,0,0,0,0,0,0,0,0
200911,17,097,2,3,Lake County                   ,54,54,10811105,0,0,0,0,0,0,1,5,625000,33,33,6376622,0,0,0,0,0,0,0,0,0
200911,17,111,2,3,McHenry County                ,27,27,4387962,0,0,0,0,0,0,0,0,0,15,15,2510722,0,0,0,0,0,0,0,0,0
200911,17,117,2,3,Macoupin County               ,3,3,570396,0,0,0,0,0,0,0,0,0,1,1,170000,0,0,0,0,0,0,0,0,0
200911,17,119,2,3,Madison County                ,32,32,6965341,0,0,0,0,0,0,0,0,0,27,27,6314161,0,0,0,0,0,0,0,0,0
200911,17,133,2,3,Monroe County                 ,6,6,1086339,0,0,0,0,0,0,0,0,0,6,6,1086339,0,0,0,0,0,0,0,0,0
200911,17,163,2,3,St. Clair County              ,43,43,6842420,0,0,0,0,0,0,10,216,21889000,29,29,4081030,0,0,0,0,0,0,10,216,21889000
200911,17,197,2,3,Will County                   ,43,43,9834806,0,0,0,1,3,269650,0,0,0,34,34,8053807,0,0,0,1,3,269650,0,0,0
200911,18,001,2,3,Adams County                  ,7,7,922000,0,0,0,0,0,0,0,0,0,7,7,922000,0,0,0,0,0,0,0,0,0
200911,18,003,2,3,Allen County                  ,82,82,16919798,0,0,0,0,0,0,0,0,0,82,82,16919798,0,0,0,0,0,0,0,0,0
200911,18,011,2,3,Boone County                  ,9,9,1406187,0,0,0,0,0,0,0,0,0,9,9,1406187,0,0,0,0,0,0,0,0,0
200911,18,013,2,3,Brown County                  ,16,16,3301424,0,0,0,0,0,0,0,0,0,16,16,3301424,0,0,0,0,0,0,0,0,0
200911,18,019,2,3,Clark County                  ,22,22,3860508,0,0,0,0,0,0,0,0,0,19,19,3299239,0,0,0,0,0,0,0,0,0
200911,18,029,2,3,Dearborn County               ,5,5,920000,0,0,0,0,0,0,0,0,0,5,5,920000,0,0,0,0,0,0,0,0,0
200911,18,043,2,3,Floyd County                  ,16,16,3226777,0,0,0,0,0,0,0,0,0,14,14,2936000,0,0,0,0,0,0,0,0,0
200911,18,047,2,3,Franklin County               ,4,4,650000,0,0,0,0,0,0,0,0,0,4,4,650000,0,0,0,0,0,0,0,0,0
200911,18,049,2,3,Fulton County                 ,3,3,648900,0,0,0,0,0,0,0,0,0,3,3,648900,0,0,0,0,0,0,0,0,0
200911,18,057,2,3,Hamilton County               ,62,62,14698667,1,2,212219,1,4,520000,1,12,1072680,62,62,14698667,1,2,212219,1,4,520000,1,12,1072680
200911,18,059,2,3,Hancock County                ,19,19,3800810,0,0,0,0,0,0,1,11,539087,16,16,3349880,0,0,0,0,0,0,0,0,0
200911,18,061,2,3,Harrison County               ,7,7,1444373,0,0,0,0,0,0,0,0,0,7,7,1444373,0,0,0,0,0,0,0,0,0
200911,18,063,2,3,Hendricks County              ,35,35,7162542,0,0,0,0,0,0,0,0,0,26,26,5795149,0,0,0,0,0,0,0,0,0
200911,18,065,2,3,Henry County                  ,1,1,255000,0,0,0,0,0,0,0,0,0,1,1,255000,0,0,0,0,0,0,0,0,0
200911,18,069,2,3,Huntington County             ,3,3,825000,0,0,0,0,0,0,0,0,0,3,3,825000,0,0,0,0,0,0,0,0,0
200911,18,073,2,3,Jasper County                 ,9,9,1192678,0,0,0,0,0,0,0,0,0,9,9,1192678,0,0,0,0,0,0,0,0,0
200911,18,079,2,3,Jennings County               ,4,4,204000,0,0,0,0,0,0,0,0,0,4,4,204000,0,0,0,0,0,0,0,0,0
200911,18,081,2,3,Johnson County                ,17,17,3328209,0,0,0,0,0,0,3,46,3606806,16,16,3212640,0,0,0,0,0,0,2,32,2860480
200911,18,087,2,3,Lagrange County               ,5,5,723346,0,0,0,0,0,0,0,0,0,5,5,723346,0,0,0,0,0,0,0,0,0
200911,18,089,2,3,Lake County                   ,43,43,10273475,5,10,920000,0,0,0,1,5,260532,39,39,9444652,5,10,920000,0,0,0,0,0,0
200911,18,097,2,3,Marion County                 ,49,49,9780301,0,0,0,0,0,0,1,41,3664990,43,43,8872577,0,0,0,0,0,0,1,41,3664990
200911,18,105,2,3,Monroe County                 ,19,19,3193820,1,2,199005,0,0,0,1,8,514968,19,19,3193820,1,2,199005,0,0,0,1,8,514968
200911,18,109,2,3,Morgan County                 ,11,11,1568400,0,0,0,0,0,0,0,0,0,11,11,1568400,0,0,0,0,0,0,0,0,0
200911,18,111,2,3,Newton County                 ,1,1,93500,0,0,0,0,0,0,0,0,0,0,0,0,0,0,0,0,0,0,0,0,0
200911,18,115,2,3,Ohio County                   ,1,1,150000,0,0,0,0,0,0,0,0,0,1,1,150000,0,0,0,0,0,0,0,0,0
200911,18,125,2,3,Pike County                   ,1,1,230000,0,0,0,0,0,0,0,0,0,1,1,230000,0,0,0,0,0,0,0,0,0
200911,18,127,2,3,Porter County                 ,11,11,2502978,0,0,0,0,0,0,0,0,0,11,11,2502978,0,0,0,0,0,0,0,0,0
200911,18,133,2,3,Putnam County                 ,5,5,1068000,0,0,0,0,0,0,0,0,0,5,5,1068000,0,0,0,0,0,0,0,0,0
200911,18,145,2,3,Shelby County                 ,1,1,238000,0,0,0,1,3,0,0,0,0,1,1,238000,0,0,0,0,0,0,0,0,0
200911,18,155,2,3,Switzerland County            ,3,3,174798,0,0,0,0,0,0,0,0,0,0,0,0,0,0,0,0,0,0,0,0,0
200911,18,157,2,3,Tippecanoe County             ,31,31,5101819,0,0,0,0,0,0,1,5,429991,14,14,1680730,0,0,0,0,0,0,0,0,0
200911,18,163,2,3,Vanderburgh County            ,13,13,1657721,1,2,270000,0,0,0,0,0,0,0,0,0,0,0,0,0,0,0,0,0,0
200911,18,167,2,3,Vigo County                   ,4,4,604006,0,0,0,0,0,0,0,0,0,3,3,504287,0,0,0,0,0,0,0,0,0
200911,18,175,2,3,Washington County             ,3,3,429077,1,2,340000,0,0,0,0,0,0,0,0,0,1,2,340000,0,0,0,0,0,0
200911,18,179,2,3,Wells County                  ,5,5,1031695,0,0,0,0,0,0,0,0,0,5,5,1031695,0,0,0,0,0,0,0,0,0
200911,18,181,2,3,White County                  ,3,3,456000,0,0,0,0,0,0,0,0,0,3,3,456000,0,0,0,0,0,0,0,0,0
200911,18,183,2,3,Whitley County                ,7,7,1517000,0,0,0,0,0,0,0,0,0,7,7,1517000,0,0,0,0,0,0,0,0,0
200911,19,049,2,4,Dallas County                 ,8,8,1744286,0,0,0,0,0,0,0,0,0,8,8,1744286,0,0,0,0,0,0,0,0,0
200911,19,077,2,4,Guthrie County                ,0,0,0,0,0,0,0,0,0,0,0,0,0,0,0,0,0,0,0,0,0,0,0,0
200911,19,085,2,4,Harrison County               ,4,4,690000,0,0,0,0,0,0,0,0,0,4,4,690000,0,0,0,0,0,0,0,0,0
200911,19,121,2,4,Madison County                ,3,3,464161,0,0,0,0,0,0,0,0,0,1,1,100000,0,0,0,0,0,0,0,0,0
200911,19,129,2,4,Mills County                  ,0,0,0,0,0,0,0,0,0,0,0,0,0,0,0,0,0,0,0,0,0,0,0,0
200911,19,153,2,4,Polk County                   ,109,109,21956629,0,0,0,1,4,1095176,2,24,2885464,109,109,21956629,0,0,0,1,4,1095176,2,24,2885464
200911,19,155,2,4,Pottawattamie County          ,18,18,2766231,0,0,0,0,0,0,0,0,0,18,18,2766231,0,0,0,0,0,0,0,0,0
200911,19,181,2,4,Warren County                 ,11,11,1645171,0,0,0,0,0,0,0,0,0,11,11,1645171,0,0,0,0,0,0,0,0,0
200911,20,055,2,4,Finney County                 ,1,1,400000,0,0,0,0,0,0,0,0,0,1,1,400000,0,0,0,0,0,0,0,0,0
200911,20,059,2,4,Franklin County               ,4,4,499399,0,0,0,0,0,0,0,0,0,2,2,200000,0,0,0,0,0,0,0,0,0
200911,20,063,2,4,Gove County                   ,0,0,0,0,0,0,0,0,0,0,0,0,0,0,0,0,0,0,0,0,0,0,0,0
200911,20,091,2,4,Johnson County                ,65,65,15319935,1,2,120000,0,0,0,1,36,1382000,64,64,14811765,1,2,120000,0,0,0,1,36,1382000
200911,20,103,2,4,Leavenworth County            ,13,13,1468432,0,0,0,0,0,0,0,0,0,13,13,1468432,0,0,0,0,0,0,0,0,0
200911,20,107,2,4,Linn County                   ,1,1,148893,0,0,0,0,0,0,0,0,0,0,0,0,0,0,0,0,0,0,0,0,0
200911,20,121,2,4,Miami County                  ,2,2,724928,0,0,0,0,0,0,0,0,0,0,0,0,0,0,0,0,0,0,0,0,0
200911,20,129,2,4,Morton County                 ,0,0,0,0,0,0,0,0,0,0,0,0,0,0,0,0,0,0,0,0,0,0,0,0
200911,20,151,2,4,Pratt County                  ,0,0,0,0,0,0,0,0,0,0,0,0,0,0,0,0,0,0,0,0,0,0,0,0
200911,20,183,2,4,Smith County                  ,0,0,0,0,0,0,0,0,0,0,0,0,0,0,0,0,0,0,0,0,0,0,0,0
200911,20,209,2,4,Wyandotte County              ,11,11,1443000,0,0,0,0,0,0,0,0,0,11,11,1443000,0,0,0,0,0,0,0,0,0
200911,21,005,3,6,Anderson County               ,10,10,1745249,0,0,0,0,0,0,0,0,0,10,10,1745249,0,0,0,0,0,0,0,0,0
200911,21,015,3,6,Boone County                  ,48,48,4313028,0,0,0,0,0,0,0,0,0,48,48,4313028,0,0,0,0,0,0,0,0,0
200911,21,021,3,6,Boyle County                  ,0,0,0,0,0,0,0,0,0,0,0,0,0,0,0,0,0,0,0,0,0,0,0,0
200911,21,029,3,6,Bullitt County                ,18,18,3223375,0,0,0,2,8,504000,0,0,0,18,18,3223375,0,0,0,2,8,504000,0,0,0
200911,21,037,3,6,Campbell County               ,8,8,1169738,1,2,193179,0,0,0,0,0,0,6,6,881130,0,0,0,0,0,0,0,0,0
200911,21,049,3,6,Clark County                  ,4,4,655696,0,0,0,0,0,0,0,0,0,0,0,0,0,0,0,0,0,0,0,0,0
200911,21,059,3,6,Daviess County                ,12,12,1085005,2,4,170300,0,0,0,0,0,0,12,12,1085005,2,4,170300,0,0,0,0,0,0
200911,21,067,3,6,Fayette County                ,48,48,6001000,0,0,0,0,0,0,0,0,0,48,48,6001000,0,0,0,0,0,0,0,0,0
200911,21,077,3,6,Gallatin County               ,2,2,88568,0,0,0,0,0,0,0,0,0,2,2,88568,0,0,0,0,0,0,0,0,0
200911,21,081,3,6,Grant County                  ,2,2,200000,0,0,0,0,0,0,0,0,0,2,2,200000,0,0,0,0,0,0,0,0,0
200911,21,103,3,6,Henry County                  ,1,1,130000,0,0,0,0,0,0,0,0,0,1,1,130000,0,0,0,0,0,0,0,0,0
200911,21,111,3,6,Jefferson County              ,43,43,9202284,0,0,0,0,0,0,2,16,800000,43,43,9202284,0,0,0,0,0,0,2,16,800000
200911,21,113,3,6,Jessamine County              ,14,14,4336935,0,0,0,0,0,0,0,0,0,14,14,4336935,0,0,0,0,0,0,0,0,0
200911,21,117,3,6,Kenton County                 ,14,14,1964828,0,0,0,0,0,0,0,0,0,14,14,1964828,0,0,0,0,0,0,0,0,0
200911,21,137,3,6,Lincoln County                ,5,5,885566,0,0,0,0,0,0,0,0,0,5,5,885566,0,0,0,0,0,0,0,0,0
200911,21,151,3,6,Madison County                ,10,10,929468,0,0,0,0,0,0,1,5,168572,0,0,0,0,0,0,0,0,0,0,0,0
200911,21,157,3,6,Marshall County               ,2,2,277113,0,0,0,0,0,0,0,0,0,2,2,277113,0,0,0,0,0,0,0,0,0
200911,21,163,3,6,Meade County                  ,7,7,720000,0,0,0,0,0,0,1,10,240000,7,7,720000,0,0,0,0,0,0,1,10,240000
200911,21,167,3,6,Mercer County                 ,4,4,1127000,0,0,0,0,0,0,0,0,0,4,4,1127000,0,0,0,0,0,0,0,0,0
200911,21,179,3,6,Nelson County                 ,9,9,1007200,0,0,0,0,0,0,0,0,0,9,9,1007200,0,0,0,0,0,0,0,0,0
200911,21,185,3,6,Oldham County                 ,10,10,2724894,0,0,0,0,0,0,1,5,292143,0,0,0,0,0,0,0,0,0,0,0,0
200911,21,191,3,6,Pendleton County              ,0,0,0,0,0,0,0,0,0,0,0,0,0,0,0,0,0,0,0,0,0,0,0,0
200911,21,209,3,6,Scott County                  ,15,15,2160217,0,0,0,0,0,0,0,0,0,0,0,0,0,0,0,0,0,0,0,0,0
200911,21,211,3,6,Shelby County                 ,5,5,843000,0,0,0,0,0,0,0,0,0,5,5,843000,0,0,0,0,0,0,0,0,0
200911,21,213,3,6,Simpson County                ,4,4,734000,0,0,0,0,0,0,0,0,0,4,4,734000,0,0,0,0,0,0,0,0,0
200911,21,215,3,6,Spencer County                ,3,3,540372,0,0,0,0,0,0,0,0,0,3,3,540372,0,0,0,0,0,0,0,0,0
200911,21,221,3,6,Trigg County                  ,0,0,0,0,0,0,0,0,0,0,0,0,0,0,0,0,0,0,0,0,0,0,0,0
200911,21,239,3,6,Woodford County               ,5,5,1227000,0,0,0,0,0,0,0,0,0,5,5,1227000,0,0,0,0,0,0,0,0,0
200911,22,009,3,7,Avoyelles Parish              ,3,3,350757,0,0,0,0,0,0,0,0,0,0,0,0,0,0,0,0,0,0,0,0,0
200911,22,017,3,7,Caddo Parish                  ,26,26,5149105,0,0,0,0,0,0,0,0,0,26,26,5149105,0,0,0,0,0,0,0,0,0
200911,22,039,3,7,Evangeline Parish             ,2,2,360000,0,0,0,0,0,0,0,0,0,2,2,360000,0,0,0,0,0,0,0,0,0
200911,22,051,3,7,Jefferson Parish              ,23,23,4756509,0,0,0,0,0,0,0,0,0,23,23,4756509,0,0,0,0,0,0,0,0,0
200911,22,071,3,7,Orleans Parish                ,34,34,4135006,9,18,1259880,0,0,0,0,0,0,34,34,4135006,9,18,1259880,0,0,0,0,0,0
200911,22,075,3,7,Plaquemines Parish            ,3,3,124620,0,0,0,0,0,0,0,0,0,3,3,124620,0,0,0,0,0,0,0,0,0
200911,22,077,3,7,Pointe Coupee Parish          ,2,2,392390,0,0,0,0,0,0,0,0,0,2,2,392390,0,0,0,0,0,0,0,0,0
200911,22,087,3,7,St. Bernard Parish            ,0,0,0,0,0,0,0,0,0,0,0,0,0,0,0,0,0,0,0,0,0,0,0,0
200911,22,089,3,7,St. Charles Parish            ,3,3,865500,0,0,0,0,0,0,0,0,0,3,3,865500,0,0,0,0,0,0,0,0,0
200911,22,091,3,7,St. Helena Parish             ,0,0,0,0,0,0,0,0,0,0,0,0,0,0,0,0,0,0,0,0,0,0,0,0
200911,22,095,3,7,St. John the Baptist Parish   ,3,3,545370,0,0,0,0,0,0,0,0,0,3,3,545370,0,0,0,0,0,0,0,0,0
200911,22,103,3,7,St. Tammany Parish            ,51,51,22988189,0,0,0,0,0,0,0,0,0,51,51,22988189,0,0,0,0,0,0,0,0,0
200911,22,109,3,7,Terrebonne Parish             ,23,23,7641120,0,0,0,0,0,0,0,0,0,23,23,7641120,0,0,0,0,0,0,0,0,0
200911,22,117,3,7,Washington Parish             ,8,8,1182000,0,0,0,0,0,0,0,0,0,8,8,1182000,0,0,0,0,0,0,0,0,0
200911,23,000,1,1,Maine Unorganized Territory   ,5,5,664001,0,0,0,0,0,0,0,0,0,0,0,0,0,0,0,0,0,0,0,0,0
200911,24,003,3,5,Anne Arundel County           ,83,83,15081258,0,0,0,0,0,0,0,0,0,82,82,14770176,0,0,0,0,0,0,0,0,0
200911,24,005,3,5,Baltimore County              ,44,44,7925460,0,0,0,0,0,0,1,6,648000,44,44,7925460,0,0,0,0,0,0,1,6,648000
200911,24,009,3,5,Calvert County                ,21,21,3782606,0,0,0,0,0,0,0,0,0,21,21,3782606,0,0,0,0,0,0,0,0,0
200911,24,013,3,5,Carroll County                ,16,16,2881986,0,0,0,0,0,0,3,32,2560000,16,16,2881986,0,0,0,0,0,0,3,32,2560000
200911,24,015,3,5,Cecil County                  ,23,23,3170903,0,0,0,0,0,0,1,9,775216,10,10,850000,0,0,0,0,0,0,0,0,0
200911,24,017,3,5,Charles County                ,63,63,13942000,0,0,0,0,0,0,0,0,0,63,63,13942000,0,0,0,0,0,0,0,0,0
200911,24,021,3,5,Frederick County              ,32,32,6530589,0,0,0,0,0,0,1,5,783753,6,6,1255000,0,0,0,0,0,0,0,0,0
200911,24,023,3,5,Garrett County                ,12,12,3405119,0,0,0,0,0,0,0,0,0,12,12,3405119,0,0,0,0,0,0,0,0,0
200911,24,025,3,5,Harford County                ,28,28,5417631,0,0,0,0,0,0,0,0,0,27,27,5232854,0,0,0,0,0,0,0,0,0
200911,24,027,3,5,Howard County                 ,37,37,9021658,0,0,0,0,0,0,1,5,807331,0,0,0,0,0,0,0,0,0,0,0,0
200911,24,031,3,5,Montgomery County             ,50,50,15087861,0,0,0,0,0,0,0,0,0,46,46,14333054,0,0,0,0,0,0,0,0,0
200911,24,033,3,5,Prince George County          ,103,103,18552235,0,0,0,0,0,0,0,0,0,103,103,18552235,0,0,0,0,0,0,0,0,0
200911,24,035,3,5,Queen Anne County             ,13,13,2348768,0,0,0,0,0,0,1,6,720000,13,13,2348768,0,0,0,0,0,0,1,6,720000
200911,24,510,3,5,Baltimore (Independent City)  ,9,9,1257706,0,0,0,0,0,0,1,26,2083435,0,0,0,0,0,0,0,0,0,0,0,0
200911,25,009,1,1,Essex County                  ,35,35,11834627,1,2,131500,1,4,1060000,2,10,1092049,27,27,9650081,1,2,131500,1,4,1060000,0,0,0
200911,25,017,1,1,Middlesex County              ,93,93,22868964,1,2,170000,0,0,0,2,10,830525,75,75,19893878,0,0,0,0,0,0,0,0,0
200911,25,019,1,1,Nantucket County              ,7,7,4255000,0,0,0,0,0,0,0,0,0,7,7,4255000,0,0,0,0,0,0,0,0,0
200911,25,021,1,1,Norfolk County                ,41,41,15354691,2,4,440700,0,0,0,1,8,522373,32,32,12114814,1,2,220700,0,0,0,0,0,0
200911,25,023,1,1,Plymouth County               ,52,52,10814068,0,0,0,0,0,0,1,5,492405,23,23,5846357,0,0,0,0,0,0,0,0,0
200911,25,025,1,1,Suffolk County                ,3,3,594968,2,4,485000,2,6,875515,1,8,950000,2,2,450617,2,4,485000,1,3,300000,1,8,950000
200911,26,000,2,3,Michigan Balance of State     ,4,4,479118,0,0,0,0,0,0,0,0,0,4,4,479118,0,0,0,0,0,0,0,0,0
200911,26,001,2,3,Alcona County                 ,2,2,202194,0,0,0,0,0,0,0,0,0,0,0,0,0,0,0,0,0,0,0,0,0
200911,26,009,2,3,Antrim County                 ,3,3,362029,0,0,0,0,0,0,0,0,0,3,3,362029,0,0,0,0,0,0,0,0,0
200911,26,015,2,3,Barry County                  ,5,5,562890,0,0,0,0,0,0,0,0,0,0,0,0,0,0,0,0,0,0,0,0,0
200911,26,019,2,3,Benzie County                 ,6,6,683200,0,0,0,0,0,0,0,0,0,6,6,683200,0,0,0,0,0,0,0,0,0
200911,26,029,2,3,Charlevoix County             ,13,13,1897440,0,0,0,0,0,0,0,0,0,0,0,0,0,0,0,0,0,0,0,0,0
200911,26,031,2,3,Cheboygan County              ,0,0,0,0,0,0,0,0,0,0,0,0,0,0,0,0,0,0,0,0,0,0,0,0
200911,26,047,2,3,Emmet County                  ,3,3,686275,0,0,0,0,0,0,0,0,0,3,3,686275,0,0,0,0,0,0,0,0,0
200911,26,051,2,3,Gladwin County                ,0,0,0,0,0,0,0,0,0,0,0,0,0,0,0,0,0,0,0,0,0,0,0,0
200911,26,059,2,3,Hillsdale County              ,5,5,646000,0,0,0,0,0,0,0,0,0,5,5,646000,0,0,0,0,0,0,0,0,0
200911,26,067,2,3,Ionia County                  ,4,4,609073,0,0,0,0,0,0,0,0,0,0,0,0,0,0,0,0,0,0,0,0,0
200911,26,079,2,3,Kalkaska County               ,4,4,544000,0,0,0,0,0,0,0,0,0,4,4,544000,0,0,0,0,0,0,0,0,0
200911,26,081,2,3,Kent County                   ,63,63,12510188,0,0,0,0,0,0,0,0,0,57,57,11597439,0,0,0,0,0,0,0,0,0
200911,26,087,2,3,Lapeer County                 ,2,2,602000,0,0,0,0,0,0,0,0,0,2,2,602000,0,0,0,0,0,0,0,0,0
200911,26,089,2,3,Leelanau County               ,7,7,1740130,0,0,0,0,0,0,0,0,0,7,7,1740130,0,0,0,0,0,0,0,0,0
200911,26,093,2,3,Livingston County             ,8,8,1828960,0,0,0,0,0,0,0,0,0,6,6,1624797,0,0,0,0,0,0,0,0,0
200911,26,099,2,3,Macomb County                 ,33,33,7355025,0,0,0,0,0,0,1,5,540965,30,30,6518457,0,0,0,0,0,0,0,0,0
200911,26,103,2,3,Marquette County              ,1,1,200000,0,0,0,0,0,0,0,0,0,1,1,200000,0,0,0,0,0,0,0,0,0
200911,26,113,2,3,Missaukee County              ,0,0,0,0,0,0,0,0,0,0,0,0,0,0,0,0,0,0,0,0,0,0,0,0
200911,26,123,2,3,Newaygo County                ,2,2,171077,0,0,0,0,0,0,0,0,0,1,1,80000,0,0,0,0,0,0,0,0,0
200911,26,125,2,3,Oakland County                ,45,45,10061663,0,0,0,1,3,238509,0,0,0,35,35,8094448,0,0,0,0,0,0,0,0,0
200911,26,129,2,3,Ogemaw County                 ,2,2,336192,0,0,0,0,0,0,0,0,0,2,2,336192,0,0,0,0,0,0,0,0,0
200911,26,133,2,3,Osceola County                ,0,0,0,0,0,0,0,0,0,0,0,0,0,0,0,0,0,0,0,0,0,0,0,0
200911,26,137,2,3,Otsego County                 ,3,3,700286,0,0,0,0,0,0,0,0,0,0,0,0,0,0,0,0,0,0,0,0,0
200911,26,141,2,3,Presque Isle County           ,2,2,250000,0,0,0,0,0,0,0,0,0,2,2,250000,0,0,0,0,0,0,0,0,0
200911,26,147,2,3,St. Clair County              ,6,6,610891,0,0,0,0,0,0,0,0,0,4,4,391339,0,0,0,0,0,0,0,0,0
200911,26,163,2,3,Wayne County                  ,21,21,4289168,0,0,0,0,0,0,0,0,0,21,21,4289168,0,0,0,0,0,0,0,0,0
200911,27,003,2,4,Anoka County                  ,41,41,8154151,0,0,0,0,0,0,0,0,0,40,40,7949151,0,0,0,0,0,0,0,0,0
200911,27,019,2,4,Carver County                 ,31,31,6946353,0,0,0,1,4,334244,0,0,0,31,31,6946353,0,0,0,1,4,334244,0,0,0
200911,27,025,2,4,Chisago County                ,4,4,551119,0,0,0,0,0,0,0,0,0,4,4,551119,0,0,0,0,0,0,0,0,0
200911,27,037,2,4,Dakota County                 ,68,68,11797456,0,0,0,0,0,0,0,0,0,64,64,10837821,0,0,0,0,0,0,0,0,0
200911,27,053,2,4,Hennepin County               ,71,71,23426851,0,0,0,0,0,0,2,36,5222250,71,71,23426851,0,0,0,0,0,0,2,36,5222250
200911,27,059,2,4,Isanti County                 ,4,4,487500,0,0,0,0,0,0,0,0,0,3,3,390000,0,0,0,0,0,0,0,0,0
200911,27,123,2,4,Ramsey County                 ,6,6,2038428,0,0,0,0,0,0,1,6,278000,5,5,1312678,0,0,0,0,0,0,1,6,278000
200911,27,139,2,4,Scott County                  ,35,35,8358661,0,0,0,0,0,0,0,0,0,34,34,8143861,0,0,0,0,0,0,0,0,0
200911,27,141,2,4,Sherburne County              ,5,5,801220,0,0,0,0,0,0,0,0,0,3,3,500601,0,0,0,0,0,0,0,0,0
200911,27,163,2,4,Washington County             ,42,42,11964779,0,0,0,0,0,0,2,16,1987000,41,41,11753085,0,0,0,0,0,0,2,16,1987000
200911,27,171,2,4,Wright County                 ,14,14,3051469,0,0,0,0,0,0,1,8,888312,12,12,2653938,0,0,0,0,0,0,1,8,888312
200911,28,021,3,6,Claiborne County              ,0,0,0,0,0,0,0,0,0,0,0,0,0,0,0,0,0,0,0,0,0,0,0,0
200911,28,033,3,6,DeSoto County                 ,58,58,7363908,0,0,0,0,0,0,0,0,0,52,52,6397425,0,0,0,0,0,0,0,0,0
200911,28,039,3,6,George County                 ,0,0,0,0,0,0,0,0,0,0,0,0,0,0,0,0,0,0,0,0,0,0,0,0
200911,28,071,3,6,Lafayette County              ,1,1,184900,0,0,0,0,0,0,0,0,0,1,1,184900,0,0,0,0,0,0,0,0,0
200911,28,091,3,6,Marion County                 ,0,0,0,0,0,0,0,0,0,0,0,0,0,0,0,0,0,0,0,0,0,0,0,0
200911,28,093,3,6,Marshall County               ,5,5,670000,0,0,0,0,0,0,0,0,0,5,5,670000,0,0,0,0,0,0,0,0,0
200911,28,137,3,6,Tate County                   ,4,4,358660,0,0,0,0,0,0,0,0,0,0,0,0,0,0,0,0,0,0,0,0,0
200911,28,143,3,6,Tunica County                 ,1,1,80312,0,0,0,0,0,0,0,0,0,0,0,0,0,0,0,0,0,0,0,0,0
200911,28,153,3,6,Wayne County                  ,0,0,0,0,0,0,0,0,0,0,0,0,0,0,0,0,0,0,0,0,0,0,0,0
200911,29,001,2,4,Adair County                  ,1,1,264628,0,0,0,0,0,0,0,0,0,1,1,264628,0,0,0,0,0,0,0,0,0
200911,29,013,2,4,Bates County                  ,0,0,0,0,0,0,0,0,0,0,0,0,0,0,0,0,0,0,0,0,0,0,0,0
200911,29,019,2,4,Boone County                  ,48,48,9238000,1,2,130000,0,0,0,0,0,0,48,48,9238000,1,2,130000,0,0,0,0,0,0
200911,29,025,2,4,Caldwell County               ,1,1,201682,0,0,0,0,0,0,0,0,0,0,0,0,0,0,0,0,0,0,0,0,0
200911,29,037,2,4,Cass County                   ,9,9,1887198,1,2,109646,0,0,0,0,0,0,6,6,1642488,0,0,0,0,0,0,0,0,0
200911,29,047,2,4,Clay County                   ,8,8,1637064,0,0,0,0,0,0,0,0,0,6,6,1315749,0,0,0,0,0,0,0,0,0
200911,29,049,2,4,Clinton County                ,2,2,355948,0,0,0,0,0,0,0,0,0,0,0,0,0,0,0,0,0,0,0,0,0
200911,29,065,2,4,Dent County                   ,0,0,0,0,0,0,0,0,0,0,0,0,0,0,0,0,0,0,0,0,0,0,0,0
200911,29,071,2,4,Franklin County               ,11,11,2415178,2,4,540656,0,0,0,0,0,0,1,1,149167,1,2,230000,0,0,0,0,0,0
200911,29,079,2,4,Grundy County                 ,0,0,0,0,0,0,0,0,0,0,0,0,0,0,0,0,0,0,0,0,0,0,0,0
200911,29,095,2,4,Jackson County                ,40,40,7181757,0,0,0,0,0,0,0,0,0,40,40,7181757,0,0,0,0,0,0,0,0,0
200911,29,099,2,4,Jefferson County              ,31,31,4674048,0,0,0,1,3,512366,0,0,0,31,31,4674048,0,0,0,1,3,512366,0,0,0
200911,29,105,2,4,Laclede County                ,1,1,99792,1,2,125962,0,0,0,0,0,0,0,0,0,0,0,0,0,0,0,0,0,0
200911,29,107,2,4,Lafayette County              ,2,2,412678,0,0,0,0,0,0,0,0,0,2,2,412678,0,0,0,0,0,0,0,0,0
200911,29,113,2,4,Lincoln County                ,1,1,101000,0,0,0,2,8,719068,0,0,0,1,1,101000,0,0,0,2,8,719068,0,0,0
200911,29,141,2,4,Morgan County                 ,0,0,0,0,0,0,0,0,0,0,0,0,0,0,0,0,0,0,0,0,0,0,0,0
200911,29,161,2,4,Phelps County                 ,1,1,150455,0,0,0,1,4,314917,0,0,0,1,1,150455,0,0,0,1,4,314917,0,0,0
200911,29,165,2,4,Platte County                 ,9,9,1674621,0,0,0,0,0,0,0,0,0,8,8,1597404,0,0,0,0,0,0,0,0,0
200911,29,177,2,4,Ray County                    ,2,2,368980,0,0,0,1,4,300000,0,0,0,0,0,0,0,0,0,1,4,300000,0,0,0
200911,29,183,2,4,St. Charles County            ,70,70,14839619,0,0,0,0,0,0,2,24,1746000,63,63,12582542,0,0,0,0,0,0,2,24,1746000
200911,29,189,2,4,St. Louis County              ,39,39,13590085,0,0,0,0,0,0,1,5,441020,14,14,4292077,0,0,0,0,0,0,0,0,0
200911,29,219,2,4,Warren County                 ,10,10,1396789,0,0,0,0,0,0,0,0,0,10,10,1396789,0,0,0,0,0,0,0,0,0
200911,29,221,2,4,Washington County             ,0,0,0,0,0,0,0,0,0,0,0,0,0,0,0,0,0,0,0,0,0,0,0,0
200911,29,510,2,4,St. Louis (Independent City)  ,22,22,3336476,0,0,0,0,0,0,4,22,4243118,22,22,3336476,0,0,0,0,0,0,4,22,4243118
200911,30,023,4,8,Deer Lodge County             ,0,0,0,0,0,0,0,0,0,0,0,0,0,0,0,0,0,0,0,0,0,0,0,0
200911,30,063,4,8,Missoula County               ,9,9,1649718,0,0,0,0,0,0,0,0,0,9,9,1649718,0,0,0,0,0,0,0,0,0
200911,31,025,2,4,Cass County                   ,4,4,635392,0,0,0,0,0,0,0,0,0,4,4,635392,0,0,0,0,0,0,0,0,0
200911,31,033,2,4,Cheyenne County               ,2,2,506851,0,0,0,0,0,0,0,0,0,2,2,506851,0,0,0,0,0,0,0,0,0
200911,31,055,2,4,Douglas County                ,105,105,11419753,2,4,388504,0,0,0,2,23,1664147,104,104,11256157,2,4,388504,0,0,0,1,18,1056159
200911,31,077,2,4,Greeley County                ,0,0,0,0,0,0,0,0,0,0,0,0,0,0,0,0,0,0,0,0,0,0,0,0
200911,31,105,2,4,Kimball County                ,0,0,0,0,0,0,0,0,0,0,0,0,0,0,0,0,0,0,0,0,0,0,0,0
200911,31,153,2,4,Sarpy County                  ,47,47,10246105,0,0,0,0,0,0,0,0,0,47,47,10246105,0,0,0,0,0,0,0,0,0
200911,31,155,2,4,Saunders County               ,9,9,1523417,0,0,0,0,0,0,0,0,0,8,8,1273507,0,0,0,0,0,0,0,0,0
200911,31,177,2,4,Washington County             ,2,2,236316,0,0,0,0,0,0,0,0,0,2,2,236316,0,0,0,0,0,0,0,0,0
200911,32,001,4,8,Churchill County              ,0,0,0,0,0,0,0,0,0,0,0,0,0,0,0,0,0,0,0,0,0,0,0,0
200911,32,003,4,8,Clark County                  ,283,283,36455211,0,0,0,0,0,0,2,11,1122744,282,282,36152365,0,0,0,0,0,0,2,11,1122744
200911,32,005,4,8,Douglas County                ,1,1,522653,0,0,0,0,0,0,0,0,0,1,1,522653,0,0,0,0,0,0,0,0,0
200911,32,007,4,8,Elko County                   ,9,9,1079741,0,0,0,0,0,0,0,0,0,9,9,1079741,0,0,0,0,0,0,0,0,0
200911,32,013,4,8,Humboldt County               ,0,0,0,0,0,0,0,0,0,3,24,2214663,0,0,0,0,0,0,0,0,0,3,24,2214663
200911,32,015,4,8,Lander County                 ,0,0,0,0,0,0,0,0,0,0,0,0,0,0,0,0,0,0,0,0,0,0,0,0
200911,32,017,4,8,Lincoln County                ,1,1,180000,0,0,0,0,0,0,0,0,0,1,1,180000,0,0,0,0,0,0,0,0,0
200911,32,019,4,8,Lyon County                   ,3,3,587218,0,0,0,0,0,0,0,0,0,3,3,587218,0,0,0,0,0,0,0,0,0
200911,32,021,4,8,Mineral County                ,0,0,0,0,0,0,0,0,0,0,0,0,0,0,0,0,0,0,0,0,0,0,0,0
200911,32,027,4,8,Pershing County               ,0,0,0,0,0,0,0,0,0,0,0,0,0,0,0,0,0,0,0,0,0,0,0,0
200911,32,029,4,8,Storey County                 ,0,0,0,0,0,0,0,0,0,0,0,0,0,0,0,0,0,0,0,0,0,0,0,0
200911,32,031,4,8,Washoe County                 ,32,32,7721618,0,0,0,0,0,0,0,0,0,24,24,5258090,0,0,0,0,0,0,0,0,0
200911,32,033,4,8,White Pine County             ,0,0,0,0,0,0,0,0,0,0,0,0,0,0,0,0,0,0,0,0,0,0,0,0
200911,32,510,4,8,Carson City (Independent City),0,0,0,0,0,0,0,0,0,0,0,0,0,0,0,0,0,0,0,0,0,0,0,0
200911,33,015,1,1,Rockingham County             ,35,35,8837341,0,0,0,1,4,345980,0,0,0,28,28,7054171,0,0,0,1,4,345980,0,0,0
200911,33,017,1,1,Strafford County              ,7,7,1204803,0,0,0,0,0,0,0,0,0,5,5,715308,0,0,0,0,0,0,0,0,0
200911,34,001,1,2,Atlantic County               ,42,42,4248744,0,0,0,0,0,0,0,0,0,28,28,3002702,0,0,0,0,0,0,0,0,0
200911,34,003,1,2,Bergen County                 ,39,39,14194456,5,10,1071950,0,0,0,3,17,1856424,14,14,6225125,5,10,1071950,0,0,0,1,7,915000
200911,34,005,1,2,Burlington County             ,43,43,7376227,0,0,0,0,0,0,0,0,0,27,27,4558918,0,0,0,0,0,0,0,0,0
200911,34,007,1,2,Camden County                 ,30,30,4446995,0,0,0,0,0,0,2,10,762232,19,19,2762715,0,0,0,0,0,0,0,0,0
200911,34,009,1,2,Cape May County               ,28,28,7602434,4,8,1534608,0,0,0,0,0,0,25,25,7365860,3,6,1164500,0,0,0,0,0,0
200911,34,011,1,2,Cumberland County             ,17,17,1879533,0,0,0,0,0,0,0,0,0,13,13,1514161,0,0,0,0,0,0,0,0,0
200911,34,013,1,2,Essex County                  ,26,26,5948169,1,2,192200,2,7,1078270,1,5,404279,20,20,4661498,1,2,192200,1,4,455000,0,0,0
200911,34,015,1,2,Gloucester County             ,50,50,8645098,1,2,122244,0,0,0,9,91,3036716,35,35,6636058,0,0,0,0,0,0,8,86,2550855
200911,34,017,1,2,Hudson County                 ,2,2,446083,6,12,1724700,1,4,210500,10,137,26604699,1,1,356000,6,12,1724700,1,4,210500,8,118,24157437
200911,34,019,1,2,Hunterdon County              ,6,6,1467807,1,2,123025,0,0,0,0,0,0,3,3,869656,0,0,0,0,0,0,0,0,0
200911,34,021,1,2,Mercer County                 ,18,18,4766405,1,2,87000,0,0,0,1,25,120250,12,12,2986909,1,2,87000,0,0,0,1,25,120250
200911,34,023,1,2,Middlesex County              ,72,72,12376872,0,0,0,1,3,204675,0,0,0,65,65,11348660,0,0,0,0,0,0,0,0,0
200911,34,025,1,2,Monmouth County               ,56,56,13664223,1,2,121945,0,0,0,4,21,2427619,50,50,12580209,0,0,0,0,0,0,1,6,713628
200911,34,027,1,2,Morris County                 ,23,23,6111188,0,0,0,1,3,238200,0,0,0,10,10,3394742,0,0,0,0,0,0,0,0,0
200911,34,029,1,2,Ocean County                  ,75,75,14416190,0,0,0,0,0,0,1,5,271792,53,53,9627865,0,0,0,0,0,0,0,0,0
200911,34,031,1,2,Passaic County                ,12,12,2103230,2,4,283620,0,0,0,1,5,56992,2,2,823025,0,0,0,0,0,0,0,0,0
200911,34,033,1,2,Salem County                  ,6,6,1127916,0,0,0,0,0,0,0,0,0,4,4,806000,0,0,0,0,0,0,0,0,0
200911,34,035,1,2,Somerset County               ,36,36,5428420,0,0,0,0,0,0,1,5,552083,30,30,4834415,0,0,0,0,0,0,0,0,0
200911,34,037,1,2,Sussex County                 ,14,14,2334450,0,0,0,0,0,0,1,5,297872,5,5,422793,0,0,0,0,0,0,0,0,0
200911,34,039,1,2,Union County                  ,20,20,3933949,2,4,287310,0,0,0,0,0,0,7,7,1092000,0,0,0,0,0,0,0,0,0
200911,34,041,1,2,Warren County                 ,4,4,564337,0,0,0,0,0,0,0,0,0,3,3,429540,0,0,0,0,0,0,0,0,0
200911,35,000,4,8,New Mexico Balance of State   ,53,53,8393595,0,0,0,0,0,0,0,0,0,53,53,8393595,0,0,0,0,0,0,0,0,0
200911,35,001,4,8,Bernalillo County             ,65,65,11672886,0,0,0,0,0,0,0,0,0,0,0,0,0,0,0,0,0,0,0,0,0
200911,35,005,4,8,Chaves County                 ,1,1,273717,0,0,0,0,0,0,0,0,0,0,0,0,0,0,0,0,0,0,0,0,0
200911,35,007,4,8,Colfax County                 ,1,1,360752,0,0,0,0,0,0,0,0,0,0,0,0,0,0,0,0,0,0,0,0,0
200911,35,009,4,8,Curry County                  ,20,20,4278586,0,0,0,0,0,0,0,0,0,20,20,4278586,0,0,0,0,0,0,0,0,0
200911,35,013,4,8,Dona Ana County               ,60,60,10840746,0,0,0,0,0,0,0,0,0,60,60,10840746,0,0,0,0,0,0,0,0,0
200911,35,015,4,8,Eddy County                   ,2,2,264000,0,0,0,0,0,0,0,0,0,2,2,264000,0,0,0,0,0,0,0,0,0
200911,35,025,4,8,Lea County                    ,0,0,0,0,0,0,0,0,0,0,0,0,0,0,0,0,0,0,0,0,0,0,0,0
200911,35,027,4,8,Lincoln County                ,5,5,809912,0,0,0,0,0,0,0,0,0,1,1,110000,0,0,0,0,0,0,0,0,0
200911,35,028,4,8,Los Alamos County             ,1,1,300500,0,0,0,0,0,0,0,0,0,1,1,300500,0,0,0,0,0,0,0,0,0
200911,35,029,4,8,Luna County                   ,2,2,367096,0,0,0,0,0,0,0,0,0,0,0,0,0,0,0,0,0,0,0,0,0
200911,35,031,4,8,McKinley County               ,1,1,106000,0,0,0,0,0,0,0,0,0,1,1,106000,0,0,0,0,0,0,0,0,0
200911,35,035,4,8,Otero County                  ,0,0,0,0,0,0,0,0,0,0,0,0,0,0,0,0,0,0,0,0,0,0,0,0
200911,35,039,4,8,Rio Arriba County             ,0,0,0,0,0,0,0,0,0,0,0,0,0,0,0,0,0,0,0,0,0,0,0,0
200911,35,041,4,8,Roosevelt County              ,3,3,484000,0,0,0,0,0,0,0,0,0,3,3,484000,0,0,0,0,0,0,0,0,0
200911,35,043,4,8,Sandoval County               ,35,35,6076285,0,0,0,0,0,0,0,0,0,35,35,6076285,0,0,0,0,0,0,0,0,0
200911,35,045,4,8,San Juan County               ,14,14,2984572,0,0,0,0,0,0,1,14,900000,14,14,2984572,0,0,0,0,0,0,1,14,900000
200911,35,049,4,8,Santa Fe County               ,8,8,1066921,0,0,0,0,0,0,0,0,0,0,0,0,0,0,0,0,0,0,0,0,0
200911,35,051,4,8,Sierra County                 ,0,0,0,0,0,0,0,0,0,0,0,0,0,0,0,0,0,0,0,0,0,0,0,0
200911,35,053,4,8,Socorro County                ,0,0,0,0,0,0,0,0,0,0,0,0,0,0,0,0,0,0,0,0,0,0,0,0
200911,35,055,4,8,Taos County                   ,4,4,438624,0,0,0,0,0,0,0,0,0,0,0,0,0,0,0,0,0,0,0,0,0
200911,35,061,4,8,Valencia County               ,5,5,710376,0,0,0,0,0,0,0,0,0,3,3,401636,0,0,0,0,0,0,0,0,0
200911,36,005,1,2,Bronx County                  ,1,1,225308,2,4,451971,1,3,320073,4,351,38824532,1,1,225308,2,4,451971,1,3,320073,4,351,38824532
200911,36,047,1,2,Kings County                  ,0,0,0,4,8,903942,1,3,320073,2,17,1880390,0,0,0,4,8,903942,1,3,320073,2,17,1880390
200911,36,059,1,2,Nassau County                 ,28,28,11152793,1,2,350000,0,0,0,0,0,0,22,22,7305755,1,2,350000,0,0,0,0,0,0
200911,36,061,1,2,New York County               ,0,0,0,0,0,0,0,0,0,0,0,0,0,0,0,0,0,0,0,0,0,0,0,0
200911,36,079,1,2,Putnam County                 ,4,4,1426130,0,0,0,0,0,0,0,0,0,2,2,760000,0,0,0,0,0,0,0,0,0
200911,36,081,1,2,Queens County                 ,12,12,2703700,15,30,3389784,5,16,1707054,2,24,2654669,12,12,2703700,15,30,3389784,5,16,1707054,2,24,2654669
200911,36,085,1,2,Richmond County               ,4,4,901233,10,20,2259856,0,0,0,0,0,0,4,4,901233,10,20,2259856,0,0,0,0,0,0
200911,36,087,1,2,Rockland County               ,2,2,366667,0,0,0,0,0,0,1,5,553056,1,1,170000,0,0,0,0,0,0,1,5,553056
200911,36,103,1,2,Suffolk County                ,55,55,19513570,0,0,0,0,0,0,1,45,16000000,24,24,12969021,0,0,0,0,0,0,1,45,16000000
200911,36,119,1,2,Westchester County            ,18,18,11701759,0,0,0,0,0,0,4,100,20000000,8,8,8268000,0,0,0,0,0,0,4,100,20000000
200911,37,003,3,5,Alexander County              ,8,8,971267,0,0,0,0,0,0,0,0,0,8,8,971267,0,0,0,0,0,0,0,0,0
200911,37,007,3,5,Anson County                  ,3,3,301795,0,0,0,0,0,0,0,0,0,3,3,301795,0,0,0,0,0,0,0,0,0
200911,37,009,3,5,Ashe County                   ,15,15,2523140,0,0,0,0,0,0,0,0,0,15,15,2523140,0,0,0,0,0,0,0,0,0
200911,37,011,3,5,Avery County                  ,4,4,850000,0,0,0,0,0,0,0,0,0,4,4,850000,0,0,0,0,0,0,0,0,0
200911,37,019,3,5,Brunswick County              ,116,116,21680036,0,0,0,0,0,0,0,0,0,47,47,9490933,0,0,0,0,0,0,0,0,0
200911,37,025,3,5,Cabarrus County               ,33,33,7736667,0,0,0,0,0,0,0,0,0,33,33,7736667,0,0,0,0,0,0,0,0,0
200911,37,027,3,5,Caldwell County               ,6,6,994000,0,0,0,0,0,0,0,0,0,6,6,994000,0,0,0,0,0,0,0,0,0
200911,37,037,3,5,Chatham County                ,19,19,2936355,0,0,0,0,0,0,0,0,0,19,19,2936355,0,0,0,0,0,0,0,0,0
200911,37,039,3,5,Cherokee County               ,9,9,2010931,0,0,0,0,0,0,0,0,0,9,9,2010931,0,0,0,0,0,0,0,0,0
200911,37,049,3,5,Craven County                 ,24,24,2130095,0,0,0,0,0,0,0,0,0,12,12,1162500,0,0,0,0,0,0,0,0,0
200911,37,053,3,5,Currituck County              ,10,10,4207652,0,0,0,0,0,0,0,0,0,10,10,4207652,0,0,0,0,0,0,0,0,0
200911,37,059,3,5,Davie County                  ,1,1,209125,0,0,0,0,0,0,0,0,0,1,1,209125,0,0,0,0,0,0,0,0,0
200911,37,063,3,5,Durham County                 ,41,41,9040822,0,0,0,0,0,0,1,10,375000,41,41,9040822,0,0,0,0,0,0,1,10,375000
200911,37,067,3,5,Forsyth County                ,39,39,5178542,0,0,0,0,0,0,0,0,0,39,39,5178542,0,0,0,0,0,0,0,0,0
200911,37,069,3,5,Franklin County               ,13,13,3249563,0,0,0,0,0,0,0,0,0,13,13,3249563,0,0,0,0,0,0,0,0,0
200911,37,071,3,5,Gaston County                 ,74,74,17807872,7,14,1436512,0,0,0,0,0,0,74,74,17807872,7,14,1436512,0,0,0,0,0,0
200911,37,081,3,5,Guilford County               ,60,60,12297174,0,0,0,0,0,0,5,79,2698076,18,18,3231662,0,0,0,0,0,0,4,74,2132672
200911,37,089,3,5,Henderson County              ,22,22,3682750,0,0,0,0,0,0,0,0,0,22,22,3682750,0,0,0,0,0,0,0,0,0
200911,37,093,3,5,Hoke County                   ,24,24,4250717,0,0,0,0,0,0,0,0,0,24,24,4250717,0,0,0,0,0,0,0,0,0
200911,37,097,3,5,Iredell County                ,75,75,10633838,1,2,233333,0,0,0,0,0,0,0,0,0,0,0,0,0,0,0,0,0,0
200911,37,101,3,5,Johnston County               ,58,58,8699690,0,0,0,0,0,0,0,0,0,57,57,8561947,0,0,0,0,0,0,0,0,0
200911,37,105,3,5,Lee County                    ,9,9,1383390,0,0,0,0,0,0,0,0,0,9,9,1383390,0,0,0,0,0,0,0,0,0
200911,37,109,3,5,Lincoln County                ,16,16,3437892,1,2,110000,0,0,0,0,0,0,0,0,0,0,0,0,0,0,0,0,0,0
200911,37,113,3,5,Macon County                  ,12,12,1605580,0,0,0,0,0,0,0,0,0,12,12,1605580,0,0,0,0,0,0,0,0,0
200911,37,119,3,5,Mecklenburg County            ,119,119,21434767,0,0,0,0,0,0,0,0,0,119,119,21434767,0,0,0,0,0,0,0,0,0
200911,37,127,3,5,Nash County                   ,21,21,4272966,0,0,0,0,0,0,0,0,0,16,16,3936360,0,0,0,0,0,0,0,0,0
200911,37,129,3,5,New Hanover County            ,24,24,5704411,0,0,0,0,0,0,0,0,0,24,24,5704411,0,0,0,0,0,0,0,0,0
200911,37,135,3,5,Orange County                 ,15,15,3915775,0,0,0,0,0,0,1,95,22732998,12,12,3141218,0,0,0,0,0,0,1,95,22732998
200911,37,137,3,5,Pamlico County                ,3,3,740000,0,0,0,0,0,0,0,0,0,3,3,740000,0,0,0,0,0,0,0,0,0
200911,37,141,3,5,Pender County                 ,19,19,3199953,0,0,0,0,0,0,0,0,0,4,4,1157000,0,0,0,0,0,0,0,0,0
200911,37,145,3,5,Person County                 ,5,5,599428,0,0,0,0,0,0,0,0,0,5,5,599428,0,0,0,0,0,0,0,0,0
200911,37,147,3,5,Pitt County                   ,23,23,3523300,5,10,850800,0,0,0,8,64,4563888,23,23,3523300,5,10,850800,0,0,0,8,64,4563888
200911,37,149,3,5,Polk County                   ,2,2,257526,0,0,0,0,0,0,0,0,0,2,2,257526,0,0,0,0,0,0,0,0,0
200911,37,151,3,5,Randolph County               ,19,19,3346563,0,0,0,0,0,0,0,0,0,2,2,115000,0,0,0,0,0,0,0,0,0
200911,37,157,3,5,Rockingham County             ,11,11,2470390,0,0,0,0,0,0,0,0,0,11,11,2470390,0,0,0,0,0,0,0,0,0
200911,37,159,3,5,Rowan County                  ,13,13,2658432,0,0,0,0,0,0,0,0,0,13,13,2658432,0,0,0,0,0,0,0,0,0
200911,37,163,3,5,Sampson County                ,3,3,340000,0,0,0,0,0,0,0,0,0,3,3,340000,0,0,0,0,0,0,0,0,0
200911,37,167,3,5,Stanly County                 ,9,9,943567,0,0,0,0,0,0,1,5,267480,0,0,0,0,0,0,0,0,0,0,0,0
200911,37,171,3,5,Surry County                  ,4,4,609000,0,0,0,0,0,0,0,0,0,4,4,609000,0,0,0,0,0,0,0,0,0
200911,37,175,3,5,Transylvania County           ,5,5,1158100,0,0,0,0,0,0,0,0,0,5,5,1158100,0,0,0,0,0,0,0,0,0
200911,37,179,3,5,Union County                  ,29,29,6686809,0,0,0,0,0,0,0,0,0,29,29,6686809,0,0,0,0,0,0,0,0,0
200911,37,183,3,5,Wake County                   ,322,322,61636064,0,0,0,0,0,0,0,0,0,305,305,58084810,0,0,0,0,0,0,0,0,0
200911,37,195,3,5,Wilson County                 ,11,11,2566979,0,0,0,0,0,0,0,0,0,11,11,2566979,0,0,0,0,0,0,0,0,0
200911,39,015,2,3,Brown County                  ,4,4,630000,0,0,0,0,0,0,0,0,0,4,4,630000,0,0,0,0,0,0,0,0,0
200911,39,017,2,3,Butler County                 ,27,27,5461816,0,0,0,0,0,0,0,0,0,24,24,5010949,0,0,0,0,0,0,0,0,0
200911,39,025,2,3,Clermont County               ,23,23,2336400,0,0,0,1,4,368000,0,0,0,23,23,2336400,0,0,0,1,4,368000,0,0,0
200911,39,035,2,3,Cuyahoga County               ,36,36,6952157,0,0,0,1,3,136408,1,5,530305,24,24,5033416,0,0,0,0,0,0,0,0,0
200911,39,041,2,3,Delaware County               ,48,48,10013945,0,0,0,0,0,0,0,0,0,48,48,10013945,0,0,0,0,0,0,0,0,0
200911,39,045,2,3,Fairfield County              ,9,9,2104539,0,0,0,0,0,0,0,0,0,7,7,1810172,0,0,0,0,0,0,0,0,0
200911,39,049,2,3,Franklin County               ,80,80,18567216,1,2,457560,1,4,250000,3,34,2152000,77,77,17763160,1,2,457560,1,4,250000,3,34,2152000
200911,39,055,2,3,Geauga County                 ,12,12,3946999,0,0,0,0,0,0,0,0,0,12,12,3946999,0,0,0,0,0,0,0,0,0
200911,39,061,2,3,Hamilton County               ,25,25,8426932,0,0,0,0,0,0,0,0,0,7,7,2357661,0,0,0,0,0,0,0,0,0
200911,39,085,2,3,Lake County                   ,24,24,5161660,0,0,0,0,0,0,0,0,0,11,11,2366115,0,0,0,0,0,0,0,0,0
200911,39,089,2,3,Licking County                ,20,20,4221127,0,0,0,0,0,0,0,0,0,20,20,4221127,0,0,0,0,0,0,0,0,0
200911,39,093,2,3,Lorain County                 ,44,44,8161432,0,0,0,0,0,0,0,0,0,41,41,7772654,0,0,0,0,0,0,0,0,0
200911,39,097,2,3,Madison County                ,3,3,509945,0,0,0,0,0,0,0,0,0,3,3,509945,0,0,0,0,0,0,0,0,0
200911,39,103,2,3,Medina County                 ,20,20,3669960,0,0,0,0,0,0,6,50,7000000,20,20,3669960,0,0,0,0,0,0,6,50,7000000
200911,39,117,2,3,Morrow County                 ,2,2,384982,0,0,0,0,0,0,0,0,0,0,0,0,0,0,0,0,0,0,0,0,0
200911,39,129,2,3,Pickaway County               ,1,1,201100,0,0,0,0,0,0,0,0,0,0,0,0,0,0,0,0,0,0,0,0,0
200911,39,159,2,3,Union County                  ,4,4,825356,0,0,0,0,0,0,0,0,0,4,4,825356,0,0,0,0,0,0,0,0,0
200911,39,165,2,3,Warren County                 ,41,41,10851378,0,0,0,1,4,990984,0,0,0,39,39,10488548,0,0,0,1,4,990984,0,0,0
200911,39,169,2,3,Wayne County                  ,6,6,1368000,0,0,0,1,4,500000,0,0,0,6,6,1368000,0,0,0,1,4,500000,0,0,0
200911,40,017,3,7,Canadian County               ,16,16,3557969,0,0,0,0,0,0,0,0,0,13,13,2849250,0,0,0,0,0,0,0,0,0
200911,40,021,3,7,Cherokee County               ,1,1,189490,0,0,0,0,0,0,0,0,0,0,0,0,0,0,0,0,0,0,0,0,0
200911,40,027,3,7,Cleveland County              ,59,59,10248561,0,0,0,1,3,311872,1,5,223060,30,30,4896456,0,0,0,0,0,0,0,0,0
200911,40,029,3,7,Coal County                   ,0,0,0,0,0,0,0,0,0,0,0,0,0,0,0,0,0,0,0,0,0,0,0,0
200911,40,037,3,7,Creek County                  ,7,7,897302,0,0,0,0,0,0,0,0,0,2,2,270000,0,0,0,0,0,0,0,0,0
200911,40,051,3,7,Grady County                  ,3,3,805000,0,0,0,0,0,0,0,0,0,3,3,805000,0,0,0,0,0,0,0,0,0
200911,40,081,3,7,Lincoln County                ,1,1,102000,0,0,0,0,0,0,0,0,0,1,1,102000,0,0,0,0,0,0,0,0,0
200911,40,083,3,7,Logan County                  ,1,1,159000,0,0,0,0,0,0,0,0,0,1,1,159000,0,0,0,0,0,0,0,0,0
200911,40,087,3,7,McClain County                ,10,10,231944,0,0,0,0,0,0,0,0,0,10,10,231944,0,0,0,0,0,0,0,0,0
200911,40,099,3,7,Murray County                 ,1,1,122750,0,0,0,0,0,0,0,0,0,0,0,0,0,0,0,0,0,0,0,0,0
200911,40,109,3,7,Oklahoma County               ,133,133,23775191,1,2,158429,0,0,0,0,0,0,47,47,11578502,0,0,0,0,0,0,0,0,0
200911,40,111,3,7,Okmulgee County               ,0,0,0,0,0,0,0,0,0,0,0,0,0,0,0,0,0,0,0,0,0,0,0,0
200911,40,113,3,7,Osage County                  ,16,16,2015000,5,10,550000,0,0,0,0,0,0,16,16,2015000,5,10,550000,0,0,0,0,0,0
200911,40,117,3,7,Pawnee County                 ,0,0,0,0,0,0,0,0,0,0,0,0,0,0,0,0,0,0,0,0,0,0,0,0
200911,40,131,3,7,Rogers County                 ,31,31,4188712,0,0,0,0,0,0,0,0,0,30,30,4154500,0,0,0,0,0,0,0,0,0
200911,40,143,3,7,Tulsa County                  ,112,112,23012692,1,2,280000,0,0,0,0,0,0,112,112,23012692,1,2,280000,0,0,0,0,0,0
200911,40,145,3,7,Wagoner County                ,8,8,1440993,0,0,0,0,0,0,0,0,0,8,8,1440993,0,0,0,0,0,0,0,0,0
200911,41,000,4,9,Oregon Balance of State       ,3,3,614431,0,0,0,0,0,0,0,0,0,3,3,614431,0,0,0,0,0,0,0,0,0
200911,41,001,4,9,Baker County                  ,3,3,613445,0,0,0,0,0,0,0,0,0,3,3,613445,0,0,0,0,0,0,0,0,0
200911,41,005,4,9,Clackamas County              ,51,51,13714621,0,0,0,0,0,0,3,76,6440080,48,48,12791995,0,0,0,0,0,0,3,76,6440080
200911,41,009,4,9,Columbia County               ,5,5,999832,0,0,0,0,0,0,0,0,0,4,4,791529,0,0,0,0,0,0,0,0,0
200911,41,017,4,9,Deschutes County              ,22,22,5159884,0,0,0,0,0,0,0,0,0,22,22,5159884,0,0,0,0,0,0,0,0,0
200911,41,019,4,9,Douglas County                ,5,5,1569178,1,2,244680,0,0,0,0,0,0,5,5,1569178,1,2,244680,0,0,0,0,0,0
200911,41,025,4,9,Harney County                 ,1,1,360700,0,0,0,0,0,0,0,0,0,1,1,360700,0,0,0,0,0,0,0,0,0
200911,41,033,4,9,Josephine County              ,3,3,747498,0,0,0,0,0,0,0,0,0,3,3,747498,0,0,0,0,0,0,0,0,0
200911,41,035,4,9,Klamath County                ,2,2,354271,0,0,0,0,0,0,0,0,0,2,2,354271,0,0,0,0,0,0,0,0,0
200911,41,045,4,9,Malheur County                ,2,2,362500,0,0,0,0,0,0,0,0,0,2,2,362500,0,0,0,0,0,0,0,0,0
200911,41,051,4,9,Multnomah County              ,26,26,5975787,2,4,541394,0,0,0,0,0,0,26,26,5975787,2,4,541394,0,0,0,0,0,0
200911,41,059,4,9,Umatilla County               ,3,3,362516,0,0,0,0,0,0,0,0,0,0,0,0,0,0,0,0,0,0,0,0,0
200911,41,061,4,9,Union County                  ,0,0,0,0,0,0,0,0,0,0,0,0,0,0,0,0,0,0,0,0,0,0,0,0
200911,41,067,4,9,Washington County             ,54,54,15302357,0,0,0,0,0,0,0,0,0,54,54,15302357,0,0,0,0,0,0,0,0,0
200911,41,071,4,9,Yamhill County                ,6,6,1481654,0,0,0,0,0,0,0,0,0,6,6,1481654,0,0,0,0,0,0,0,0,0
200911,42,001,1,2,Adams County                  ,18,18,4251700,0,0,0,0,0,0,0,0,0,18,18,4251700,0,0,0,0,0,0,0,0,0
200911,42,003,1,2,Allegheny County              ,76,76,16648836,1,2,380000,1,3,600000,1,5,220794,51,51,11263240,1,2,380000,0,0,0,0,0,0
200911,42,005,1,2,Armstrong County              ,4,4,567986,0,0,0,0,0,0,0,0,0,2,2,255000,0,0,0,0,0,0,0,0,0
200911,42,007,1,2,Beaver County                 ,13,13,2311049,0,0,0,0,0,0,0,0,0,9,9,1573511,0,0,0,0,0,0,0,0,0
200911,42,017,1,2,Bucks County                  ,81,81,10727661,0,0,0,0,0,0,1,5,289886,64,64,8062701,0,0,0,0,0,0,0,0,0
200911,42,019,1,2,Butler County                 ,13,13,2739734,0,0,0,0,0,0,0,0,0,8,8,1890566,0,0,0,0,0,0,0,0,0
200911,42,025,1,2,Carbon County                 ,16,16,2464176,0,0,0,0,0,0,0,0,0,14,14,2099422,0,0,0,0,0,0,0,0,0
200911,42,029,1,2,Chester County                ,79,79,13232659,0,0,0,0,0,0,0,0,0,58,58,8903435,0,0,0,0,0,0,0,0,0
200911,42,045,1,2,Delaware County               ,30,30,6829265,1,2,250000,0,0,0,0,0,0,16,16,3768816,0,0,0,0,0,0,0,0,0
200911,42,051,1,2,Fayette County                ,20,20,4030747,0,0,0,0,0,0,0,0,0,2,2,287000,0,0,0,0,0,0,0,0,0
200911,42,055,1,2,Franklin County               ,24,24,3058958,1,2,130000,0,0,0,2,12,870000,17,17,2475929,1,2,130000,0,0,0,2,12,870000
200911,42,065,1,2,Jefferson County              ,4,4,280000,0,0,0,0,0,0,0,0,0,4,4,280000,0,0,0,0,0,0,0,0,0
200911,42,077,1,2,Lehigh County                 ,35,35,5592875,0,0,0,0,0,0,0,0,0,28,28,4299780,0,0,0,0,0,0,0,0,0
200911,42,091,1,2,Montgomery County             ,52,52,14192767,0,0,0,0,0,0,1,6,1200000,38,38,11578339,0,0,0,0,0,0,1,6,1200000
200911,42,095,1,2,Northampton County            ,45,45,6654133,0,0,0,0,0,0,1,6,200000,36,36,5143709,0,0,0,0,0,0,1,6,200000
200911,42,101,1,2,Philadelphia County           ,13,13,2929008,2,4,451971,1,4,426764,1,6,663667,13,13,2929008,2,4,451971,1,4,426764,1,6,663667
200911,42,103,1,2,Pike County                   ,37,37,7314697,0,0,0,0,0,0,0,0,0,36,36,7094463,0,0,0,0,0,0,0,0,0
200911,42,125,1,2,Washington County             ,37,37,7853741,0,0,0,0,0,0,0,0,0,25,25,5555763,0,0,0,0,0,0,0,0,0
200911,42,129,1,2,Westmoreland County           ,36,36,7666555,5,10,1270000,2,6,462130,0,0,0,14,14,3635427,5,10,1270000,1,3,225000,0,0,0
200911,44,001,1,1,Bristol County                ,0,0,0,0,0,0,0,0,0,0,0,0,0,0,0,0,0,0,0,0,0,0,0,0
200911,44,003,1,1,Kent County                   ,10,10,1386719,0,0,0,0,0,0,0,0,0,6,6,632012,0,0,0,0,0,0,0,0,0
200911,44,005,1,1,Newport County                ,21,21,4693100,10,20,2135000,0,0,0,0,0,0,21,21,4693100,10,20,2135000,0,0,0,0,0,0
200911,44,007,1,1,Providence County             ,34,34,4170756,0,0,0,0,0,0,0,0,0,30,30,3513874,0,0,0,0,0,0,0,0,0
200911,44,009,1,1,Washington County             ,30,30,7707192,0,0,0,0,0,0,0,0,0,25,25,6707690,0,0,0,0,0,0,0,0,0
200911,45,003,3,5,Aiken County                  ,55,55,10493457,0,0,0,0,0,0,0,0,0,49,49,9821360,0,0,0,0,0,0,0,0,0
200911,45,009,3,5,Bamberg County                ,0,0,0,0,0,0,0,0,0,0,0,0,0,0,0,0,0,0,0,0,0,0,0,0
200911,45,015,3,5,Berkeley County               ,77,77,12982579,0,0,0,0,0,0,0,0,0,28,28,3718279,0,0,0,0,0,0,0,0,0
200911,45,017,3,5,Calhoun County                ,2,2,262000,0,0,0,0,0,0,0,0,0,2,2,262000,0,0,0,0,0,0,0,0,0
200911,45,019,3,5,Charleston County             ,95,95,20048308,0,0,0,0,0,0,1,17,851763,48,48,6882211,0,0,0,0,0,0,0,0,0
200911,45,035,3,5,Dorchester County             ,39,39,6955916,0,0,0,0,0,0,0,0,0,39,39,6955916,0,0,0,0,0,0,0,0,0
200911,45,039,3,5,Fairfield County              ,2,2,231995,0,0,0,0,0,0,0,0,0,0,0,0,0,0,0,0,0,0,0,0,0
200911,45,041,3,5,Florence County               ,20,20,2706821,0,0,0,0,0,0,1,5,300000,0,0,0,0,0,0,0,0,0,0,0,0
200911,45,045,3,5,Greenville County             ,92,92,20225329,0,0,0,0,0,0,0,0,0,91,91,20135321,0,0,0,0,0,0,0,0,0
200911,45,047,3,5,Greenwood County              ,6,6,865036,0,0,0,0,0,0,0,0,0,6,6,865036,0,0,0,0,0,0,0,0,0
200911,45,055,3,5,Kershaw County                ,20,20,2446343,0,0,0,0,0,0,0,0,0,20,20,2446343,0,0,0,0,0,0,0,0,0
200911,45,059,3,5,Laurens County                ,3,3,374463,0,0,0,0,0,0,0,0,0,3,3,374463,0,0,0,0,0,0,0,0,0
200911,45,063,3,5,Lexington County              ,83,83,13761555,0,0,0,0,0,0,0,0,0,12,12,1185750,0,0,0,0,0,0,0,0,0
200911,45,077,3,5,Pickens County                ,29,29,5405144,0,0,0,0,0,0,0,0,0,27,27,4957144,0,0,0,0,0,0,0,0,0
200911,45,079,3,5,Richland County               ,69,69,7876312,0,0,0,0,0,0,1,12,677308,13,13,1474700,0,0,0,0,0,0,0,0,0
200911,45,081,3,5,Saluda County                 ,3,3,360000,0,0,0,0,0,0,0,0,0,3,3,360000,0,0,0,0,0,0,0,0,0
200911,45,085,3,5,Sumter County                 ,24,24,2598433,0,0,0,0,0,0,0,0,0,24,24,2598433,0,0,0,0,0,0,0,0,0
200911,45,091,3,5,York County                   ,102,102,25605633,0,0,0,0,0,0,1,5,388958,15,15,3773225,0,0,0,0,0,0,0,0,0
200911,46,005,2,4,Beadle County                 ,2,2,327903,0,0,0,0,0,0,0,0,0,1,1,199099,0,0,0,0,0,0,0,0,0
200911,46,069,2,4,Hyde County                   ,0,0,0,0,0,0,0,0,0,0,0,0,0,0,0,0,0,0,0,0,0,0,0,0
200911,46,121,2,4,Todd County                   ,0,0,0,0,0,0,0,0,0,0,0,0,0,0,0,0,0,0,0,0,0,0,0,0
200911,47,011,3,6,Bradley County                ,7,7,1105000,1,2,237000,3,12,463000,0,0,0,7,7,1105000,1,2,237000,3,12,463000,0,0,0
200911,47,015,3,6,Cannon County                 ,0,0,0,0,0,0,0,0,0,0,0,0,0,0,0,0,0,0,0,0,0,0,0,0
200911,47,021,3,6,Cheatham County               ,3,3,382000,0,0,0,0,0,0,0,0,0,3,3,382000,0,0,0,0,0,0,0,0,0
200911,47,037,3,6,Davidson County               ,77,77,16357763,2,4,579474,0,0,0,0,0,0,76,76,15020763,2,4,579474,0,0,0,0,0,0
200911,47,039,3,6,Decatur County                ,0,0,0,0,0,0,0,0,0,0,0,0,0,0,0,0,0,0,0,0,0,0,0,0
200911,47,043,3,6,Dickson County                ,4,4,652977,0,0,0,0,0,0,0,0,0,4,4,652977,0,0,0,0,0,0,0,0,0
200911,47,047,3,6,Fayette County                ,9,9,2104642,0,0,0,0,0,0,0,0,0,8,8,1880000,0,0,0,0,0,0,0,0,0
200911,47,063,3,6,Hamblen County                ,5,5,434104,0,0,0,0,0,0,0,0,0,1,1,75976,0,0,0,0,0,0,0,0,0
200911,47,071,3,6,Hardin County                 ,1,1,50000,0,0,0,0,0,0,0,0,0,1,1,50000,0,0,0,0,0,0,0,0,0
200911,47,081,3,6,Hickman County                ,0,0,0,0,0,0,0,0,0,0,0,0,0,0,0,0,0,0,0,0,0,0,0,0
200911,47,091,3,6,Johnson County                ,0,0,0,0,0,0,0,0,0,0,0,0,0,0,0,0,0,0,0,0,0,0,0,0
200911,47,093,3,6,Knox County                   ,117,117,14952160,9,18,1179000,0,0,0,1,5,542293,103,103,13478110,9,18,1179000,0,0,0,0,0,0
200911,47,111,3,6,Macon County                  ,1,1,60000,0,0,0,0,0,0,0,0,0,1,1,60000,0,0,0,0,0,0,0,0,0
200911,47,113,3,6,Madison County                ,16,16,2254250,0,0,0,0,0,0,0,0,0,16,16,2254250,0,0,0,0,0,0,0,0,0
200911,47,125,3,6,Montgomery County             ,75,75,9787034,0,0,0,1,4,165000,0,0,0,75,75,9787034,0,0,0,1,4,165000,0,0,0
200911,47,141,3,6,Putnam County                 ,12,12,1613853,0,0,0,0,0,0,0,0,0,12,12,1613853,0,0,0,0,0,0,0,0,0
200911,47,147,3,6,Robertson County              ,10,10,1296843,0,0,0,0,0,0,0,0,0,8,8,983896,0,0,0,0,0,0,0,0,0
200911,47,149,3,6,Rutherford County             ,64,64,10762958,0,0,0,0,0,0,1,9,430453,44,44,8282746,0,0,0,0,0,0,0,0,0
200911,47,157,3,6,Shelby County                 ,66,66,12257247,0,0,0,0,0,0,0,0,0,66,66,12257247,0,0,0,0,0,0,0,0,0
200911,47,159,3,6,Smith County                  ,5,5,900620,0,0,0,0,0,0,0,0,0,5,5,900620,0,0,0,0,0,0,0,0,0
200911,47,165,3,6,Sumner County                 ,37,37,6006351,0,0,0,0,0,0,0,0,0,37,37,6006351,0,0,0,0,0,0,0,0,0
200911,47,167,3,6,Tipton County                 ,9,9,959220,0,0,0,0,0,0,0,0,0,9,9,959220,0,0,0,0,0,0,0,0,0
200911,47,169,3,6,Trousdale County              ,3,3,279000,0,0,0,0,0,0,0,0,0,3,3,279000,0,0,0,0,0,0,0,0,0
200911,47,179,3,6,Washington County             ,35,35,4099000,0,0,0,0,0,0,0,0,0,35,35,4099000,0,0,0,0,0,0,0,0,0
200911,47,187,3,6,Williamson County             ,43,43,13180005,0,0,0,0,0,0,0,0,0,32,32,8716061,0,0,0,0,0,0,0,0,0
200911,47,189,3,6,Wilson County                 ,52,52,7890512,0,0,0,0,0,0,0,0,0,52,52,7890512,0,0,0,0,0,0,0,0,0
200911,48,013,3,7,Atascosa County               ,2,2,242000,0,0,0,0,0,0,0,0,0,2,2,242000,0,0,0,0,0,0,0,0,0
200911,48,015,3,7,Austin County                 ,3,3,436440,0,0,0,0,0,0,0,0,0,2,2,260000,0,0,0,0,0,0,0,0,0
200911,48,019,3,7,Bandera County                ,0,0,0,0,0,0,0,0,0,0,0,0,0,0,0,0,0,0,0,0,0,0,0,0
200911,48,021,3,7,Bastrop County                ,2,2,608990,0,0,0,0,0,0,0,0,0,2,2,608990,0,0,0,0,0,0,0,0,0
200911,48,029,3,7,Bexar County                  ,184,184,31666852,0,0,0,0,0,0,1,11,1459447,166,166,29043042,0,0,0,0,0,0,0,0,0
200911,48,039,3,7,Brazoria County               ,129,129,22727030,0,0,0,0,0,0,0,0,0,127,127,22405450,0,0,0,0,0,0,0,0,0
200911,48,041,3,7,Brazos County                 ,42,42,5809863,0,0,0,0,0,0,0,0,0,42,42,5809863,0,0,0,0,0,0,0,0,0
200911,48,055,3,7,Caldwell County               ,3,3,358206,0,0,0,0,0,0,0,0,0,0,0,0,0,0,0,0,0,0,0,0,0
200911,48,063,3,7,Camp County                   ,0,0,0,0,0,0,0,0,0,0,0,0,0,0,0,0,0,0,0,0,0,0,0,0
200911,48,071,3,7,Chambers County               ,25,25,4409040,0,0,0,0,0,0,0,0,0,23,23,4074290,0,0,0,0,0,0,0,0,0
200911,48,085,3,7,Collin County                 ,303,303,78972625,0,0,0,0,0,0,1,72,5000000,302,302,78789125,0,0,0,0,0,0,1,72,5000000
200911,48,091,3,7,Comal County                  ,56,56,9199692,0,0,0,0,0,0,0,0,0,30,30,5600475,0,0,0,0,0,0,0,0,0
200911,48,113,3,7,Dallas County                 ,218,218,66587696,0,0,0,0,0,0,1,11,526734,198,198,57440533,0,0,0,0,0,0,0,0,0
200911,48,117,3,7,Deaf Smith County             ,0,0,0,0,0,0,0,0,0,0,0,0,0,0,0,0,0,0,0,0,0,0,0,0
200911,48,119,3,7,Delta County                  ,1,1,180124,0,0,0,0,0,0,0,0,0,1,1,180124,0,0,0,0,0,0,0,0,0
200911,48,121,3,7,Denton County                 ,82,82,23733374,8,16,2284004,0,0,0,0,0,0,71,71,21171002,8,16,2284004,0,0,0,0,0,0
200911,48,133,3,7,Eastland County               ,0,0,0,0,0,0,0,0,0,0,0,0,0,0,0,0,0,0,0,0,0,0,0,0
200911,48,135,3,7,Ector County                  ,16,16,2642990,0,0,0,0,0,0,0,0,0,16,16,2642990,0,0,0,0,0,0,0,0,0
200911,48,139,3,7,Ellis County                  ,29,29,4592689,0,0,0,0,0,0,0,0,0,28,28,4308633,0,0,0,0,0,0,0,0,0
200911,48,157,3,7,Fort Bend County              ,317,317,58711764,0,0,0,0,0,0,1,8,741015,26,26,5287199,0,0,0,0,0,0,0,0,0
200911,48,167,3,7,Galveston County              ,84,84,15294988,0,0,0,0,0,0,0,0,0,31,31,6942370,0,0,0,0,0,0,0,0,0
200911,48,187,3,7,Guadalupe County              ,37,37,7686498,0,0,0,0,0,0,0,0,0,35,35,7429980,0,0,0,0,0,0,0,0,0
200911,48,201,3,7,Harris County                 ,840,840,125450837,38,76,7894279,0,0,0,9,216,11104090,828,828,121560984,38,76,7894279,0,0,0,9,216,11104090
200911,48,209,3,7,Hays County                   ,61,61,9972666,0,0,0,0,0,0,1,9,539600,9,9,873280,0,0,0,0,0,0,0,0,0
200911,48,215,3,7,Hidalgo County                ,190,190,19110601,3,6,475565,6,22,1181925,13,114,4351622,116,116,15317762,3,6,475565,4,16,1028424,13,114,4351622
200911,48,231,3,7,Hunt County                   ,2,2,126000,0,0,0,0,0,0,0,0,0,2,2,126000,0,0,0,0,0,0,0,0,0
200911,48,233,3,7,Hutchinson County             ,0,0,0,0,0,0,0,0,0,0,0,0,0,0,0,0,0,0,0,0,0,0,0,0
200911,48,251,3,7,Johnson County                ,38,38,5320169,0,0,0,0,0,0,0,0,0,5,5,604286,0,0,0,0,0,0,0,0,0
200911,48,257,3,7,Kaufman County                ,20,20,4956265,0,0,0,0,0,0,0,0,0,19,19,4841306,0,0,0,0,0,0,0,0,0
200911,48,259,3,7,Kendall County                ,13,13,2283697,0,0,0,0,0,0,0,0,0,6,6,785973,0,0,0,0,0,0,0,0,0
200911,48,271,3,7,Kinney County                 ,0,0,0,0,0,0,0,0,0,0,0,0,0,0,0,0,0,0,0,0,0,0,0,0
200911,48,291,3,7,Liberty County                ,12,12,1173494,0,0,0,0,0,0,0,0,0,1,1,130000,0,0,0,0,0,0,0,0,0
200911,48,307,3,7,McCulloch County              ,0,0,0,0,0,0,0,0,0,0,0,0,0,0,0,0,0,0,0,0,0,0,0,0
200911,48,323,3,7,Maverick County               ,2,2,101935,0,0,0,0,0,0,0,0,0,2,2,101935,0,0,0,0,0,0,0,0,0
200911,48,325,3,7,Medina County                 ,0,0,0,0,0,0,0,0,0,1,16,350000,0,0,0,0,0,0,0,0,0,1,16,350000
200911,48,329,3,7,Midland County                ,25,25,2667888,0,0,0,0,0,0,0,0,0,25,25,2667888,0,0,0,0,0,0,0,0,0
200911,48,339,3,7,Montgomery County             ,237,237,40209148,0,0,0,0,0,0,5,121,5526093,235,235,39976147,0,0,0,0,0,0,5,121,5526093
200911,48,353,3,7,Nolan County                  ,0,0,0,0,0,0,0,0,0,0,0,0,0,0,0,0,0,0,0,0,0,0,0,0
200911,48,359,3,7,Oldham County                 ,0,0,0,0,0,0,0,0,0,0,0,0,0,0,0,0,0,0,0,0,0,0,0,0
200911,48,367,3,7,Parker County                 ,11,11,1798419,0,0,0,0,0,0,0,0,0,10,10,1486275,0,0,0,0,0,0,0,0,0
200911,48,375,3,7,Potter County                 ,56,56,14255718,0,0,0,0,0,0,0,0,0,56,56,14255718,0,0,0,0,0,0,0,0,0
200911,48,383,3,7,Reagan County                 ,0,0,0,0,0,0,0,0,0,0,0,0,0,0,0,0,0,0,0,0,0,0,0,0
200911,48,385,3,7,Real County                   ,0,0,0,0,0,0,0,0,0,0,0,0,0,0,0,0,0,0,0,0,0,0,0,0
200911,48,397,3,7,Rockwall County               ,35,35,6622886,0,0,0,0,0,0,0,0,0,28,28,5642886,0,0,0,0,0,0,0,0,0
200911,48,407,3,7,San Jacinto County            ,0,0,0,0,0,0,0,0,0,0,0,0,0,0,0,0,0,0,0,0,0,0,0,0
200911,48,435,3,7,Sutton County                 ,0,0,0,0,0,0,0,0,0,0,0,0,0,0,0,0,0,0,0,0,0,0,0,0
200911,48,437,3,7,Swisher County                ,0,0,0,0,0,0,0,0,0,0,0,0,0,0,0,0,0,0,0,0,0,0,0,0
200911,48,439,3,7,Tarrant County                ,373,373,66419582,1,2,183608,0,0,0,2,101,8228517,358,358,61762349,1,2,183608,0,0,0,2,101,8228517
200911,48,451,3,7,Tom Green County              ,18,18,2771325,0,0,0,0,0,0,0,0,0,18,18,2771325,0,0,0,0,0,0,0,0,0
200911,48,453,3,7,Travis County                 ,185,185,36021552,0,0,0,0,0,0,10,243,15856076,179,179,34956269,0,0,0,0,0,0,10,243,15856076
200911,48,463,3,7,Uvalde County                 ,0,0,0,0,0,0,1,3,50000,0,0,0,0,0,0,0,0,0,1,3,50000,0,0,0
200911,48,469,3,7,Victoria County               ,3,3,468699,0,0,0,0,0,0,0,0,0,0,0,0,0,0,0,0,0,0,0,0,0
200911,48,471,3,7,Walker County                 ,3,3,484792,0,0,0,0,0,0,0,0,0,3,3,484792,0,0,0,0,0,0,0,0,0
200911,48,473,3,7,Waller County                 ,0,0,0,0,0,0,0,0,0,1,5,110902,0,0,0,0,0,0,0,0,0,0,0,0
200911,48,479,3,7,Webb County                   ,51,51,7866078,0,0,0,1,4,188665,1,26,1324000,51,51,7866078,0,0,0,1,4,188665,1,26,1324000
200911,48,491,3,7,Williamson County             ,123,123,24389259,0,0,0,0,0,0,0,0,0,107,107,22615707,0,0,0,0,0,0,0,0,0
200911,48,493,3,7,Wilson County                 ,2,2,328005,0,0,0,0,0,0,0,0,0,1,1,177113,0,0,0,0,0,0,0,0,0
200911,48,497,3,7,Wise County                   ,2,2,345000,0,0,0,0,0,0,0,0,0,2,2,345000,0,0,0,0,0,0,0,0,0
200911,49,009,4,8,Daggett County                ,0,0,0,0,0,0,0,0,0,0,0,0,0,0,0,0,0,0,0,0,0,0,0,0
200911,49,019,4,8,Grand County                  ,1,1,37106,0,0,0,0,0,0,0,0,0,1,1,37106,0,0,0,0,0,0,0,0,0
200911,49,021,4,8,Iron County                   ,11,11,1442138,2,4,449810,0,0,0,0,0,0,6,6,593191,0,0,0,0,0,0,0,0,0
200911,49,033,4,8,Rich County                   ,3,3,510391,0,0,0,0,0,0,0,0,0,3,3,510391,0,0,0,0,0,0,0,0,0
200911,49,035,4,8,Salt Lake County              ,84,84,18090798,0,0,0,1,4,396000,1,5,261642,72,72,15922965,0,0,0,1,4,396000,0,0,0
200911,49,039,4,8,Sanpete County                ,2,2,309724,0,0,0,0,0,0,0,0,0,2,2,309724,0,0,0,0,0,0,0,0,0
200911,49,043,4,8,Summit County                 ,11,11,3387648,0,0,0,0,0,0,1,5,952604,3,3,1398256,0,0,0,0,0,0,0,0,0
200911,49,045,4,8,Tooele County                 ,20,20,2752798,0,0,0,0,0,0,0,0,0,20,20,2752798,0,0,0,0,0,0,0,0,0
200911,49,051,4,8,Wasatch County                ,3,3,1178452,0,0,0,0,0,0,1,5,650529,1,1,675735,0,0,0,0,0,0,0,0,0
200911,51,003,3,5,Albemarle County              ,21,21,6605217,1,2,250000,0,0,0,1,5,408117,0,0,0,0,0,0,0,0,0,0,0,0
200911,51,007,3,5,Amelia County                 ,1,1,157860,0,0,0,0,0,0,0,0,0,1,1,157860,0,0,0,0,0,0,0,0,0
200911,51,013,3,5,Arlington County              ,22,22,4342000,0,0,0,0,0,0,0,0,0,22,22,4342000,0,0,0,0,0,0,0,0,0
200911,51,015,3,5,Augusta County                ,7,7,1505750,0,0,0,0,0,0,0,0,0,7,7,1505750,0,0,0,0,0,0,0,0,0
200911,51,019,3,5,Bedford County                ,17,17,4396825,0,0,0,0,0,0,1,24,500000,17,17,4396825,0,0,0,0,0,0,1,24,500000
200911,51,023,3,5,Botetourt County              ,3,3,573000,0,0,0,0,0,0,0,0,0,3,3,573000,0,0,0,0,0,0,0,0,0
200911,51,031,3,5,Campbell County               ,11,11,1763643,0,0,0,0,0,0,0,0,0,0,0,0,0,0,0,0,0,0,0,0,0
200911,51,033,3,5,Caroline County               ,5,5,860000,0,0,0,0,0,0,0,0,0,5,5,860000,0,0,0,0,0,0,0,0,0
200911,51,036,3,5,Charles City County           ,1,1,152867,0,0,0,0,0,0,0,0,0,0,0,0,0,0,0,0,0,0,0,0,0
200911,51,037,3,5,Charlotte County              ,6,6,563365,0,0,0,0,0,0,0,0,0,6,6,563365,0,0,0,0,0,0,0,0,0
200911,51,041,3,5,Chesterfield County           ,32,32,5763971,0,0,0,0,0,0,1,6,720000,32,32,5763971,0,0,0,0,0,0,1,6,720000
200911,51,043,3,5,Clarke County                 ,0,0,0,0,0,0,0,0,0,0,0,0,0,0,0,0,0,0,0,0,0,0,0,0
200911,51,049,3,5,Cumberland County             ,2,2,150000,0,0,0,0,0,0,0,0,0,2,2,150000,0,0,0,0,0,0,0,0,0
200911,51,053,3,5,Dinwiddie County              ,7,7,1242830,0,0,0,0,0,0,0,0,0,0,0,0,0,0,0,0,0,0,0,0,0
200911,51,059,3,5,Fairfax County                ,54,54,9668558,0,0,0,0,0,0,1,25,2036762,52,52,9366453,0,0,0,0,0,0,1,25,2036762
200911,51,061,3,5,Fauquier County               ,2,2,421000,0,0,0,0,0,0,0,0,0,2,2,421000,0,0,0,0,0,0,0,0,0
200911,51,065,3,5,Fluvanna County               ,7,7,1195000,0,0,0,0,0,0,0,0,0,7,7,1195000,0,0,0,0,0,0,0,0,0
200911,51,067,3,5,Franklin County               ,10,10,2830000,0,0,0,0,0,0,0,0,0,10,10,2830000,0,0,0,0,0,0,0,0,0
200911,51,069,3,5,Frederick County              ,12,12,1898090,0,0,0,0,0,0,0,0,0,12,12,1898090,0,0,0,0,0,0,0,0,0
200911,51,073,3,5,Gloucester County             ,5,5,1410000,0,0,0,0,0,0,0,0,0,5,5,1410000,0,0,0,0,0,0,0,0,0
200911,51,075,3,5,Goochland County              ,5,5,852596,0,0,0,0,0,0,0,0,0,5,5,852596,0,0,0,0,0,0,0,0,0
200911,51,079,3,5,Greene County                 ,5,5,1160000,0,0,0,0,0,0,0,0,0,5,5,1160000,0,0,0,0,0,0,0,0,0
200911,51,085,3,5,Hanover County                ,29,29,6142019,0,0,0,0,0,0,0,0,0,29,29,6142019,0,0,0,0,0,0,0,0,0
200911,51,087,3,5,Henrico County                ,32,32,5763971,0,0,0,0,0,0,0,0,0,32,32,5763971,0,0,0,0,0,0,0,0,0
200911,51,093,3,5,Isle of Wight County          ,11,11,2390500,0,0,0,0,0,0,0,0,0,11,11,2390500,0,0,0,0,0,0,0,0,0
200911,51,095,3,5,James City County             ,41,41,6974659,0,0,0,0,0,0,0,0,0,41,41,6974659,0,0,0,0,0,0,0,0,0
200911,51,097,3,5,King and Queen County         ,1,1,250000,0,0,0,0,0,0,0,0,0,1,1,250000,0,0,0,0,0,0,0,0,0
200911,51,099,3,5,King George County            ,6,6,1062679,0,0,0,0,0,0,0,0,0,6,6,1062679,0,0,0,0,0,0,0,0,0
200911,51,101,3,5,King William County           ,3,3,560000,0,0,0,0,0,0,0,0,0,3,3,560000,0,0,0,0,0,0,0,0,0
200911,51,107,3,5,Loudoun County                ,94,94,16931665,0,0,0,0,0,0,2,68,5539991,94,94,16931665,0,0,0,0,0,0,2,68,5539991
200911,51,109,3,5,Louisa County                 ,19,19,2839795,0,0,0,0,0,0,0,0,0,19,19,2839795,0,0,0,0,0,0,0,0,0
200911,51,115,3,5,Mathews County                ,5,5,1743000,0,0,0,0,0,0,0,0,0,5,5,1743000,0,0,0,0,0,0,0,0,0
200911,51,119,3,5,Middlesex County              ,1,1,225000,0,0,0,0,0,0,0,0,0,1,1,225000,0,0,0,0,0,0,0,0,0
200911,51,127,3,5,New Kent County               ,6,6,1080745,0,0,0,0,0,0,0,0,0,6,6,1080745,0,0,0,0,0,0,0,0,0
200911,51,137,3,5,Orange County                 ,10,10,1407640,0,0,0,0,0,0,0,0,0,10,10,1407640,0,0,0,0,0,0,0,0,0
200911,51,143,3,5,Pittsylvania County           ,5,5,620960,0,0,0,0,0,0,0,0,0,0,0,0,0,0,0,0,0,0,0,0,0
200911,51,145,3,5,Powhatan County               ,9,9,1925040,0,0,0,0,0,0,0,0,0,9,9,1925040,0,0,0,0,0,0,0,0,0
200911,51,149,3,5,Prince George County          ,8,8,1440993,0,0,0,0,0,0,0,0,0,8,8,1440993,0,0,0,0,0,0,0,0,0
200911,51,153,3,5,Prince William County         ,98,98,17652161,0,0,0,0,0,0,0,0,0,98,98,17652161,0,0,0,0,0,0,0,0,0
200911,51,157,3,5,Rappahannock County           ,1,1,295526,0,0,0,0,0,0,0,0,0,0,0,0,0,0,0,0,0,0,0,0,0
200911,51,161,3,5,Roanoke County                ,12,12,2224272,0,0,0,1,3,70434,0,0,0,0,0,0,0,0,0,0,0,0,0,0,0
200911,51,163,3,5,Rockbridge County             ,4,4,960000,0,0,0,0,0,0,0,0,0,4,4,960000,0,0,0,0,0,0,0,0,0
200911,51,165,3,5,Rockingham County             ,19,19,3716462,0,0,0,0,0,0,0,0,0,19,19,3716462,0,0,0,0,0,0,0,0,0
200911,51,169,3,5,Scott County                  ,2,2,296269,0,0,0,0,0,0,0,0,0,0,0,0,0,0,0,0,0,0,0,0,0
200911,51,171,3,5,Shenandoah County             ,5,5,810460,0,0,0,0,0,0,0,0,0,5,5,810460,0,0,0,0,0,0,0,0,0
200911,51,177,3,5,Spotsylvania County           ,16,16,3808727,0,0,0,0,0,0,0,0,0,16,16,3808727,0,0,0,0,0,0,0,0,0
200911,51,179,3,5,Stafford County               ,33,33,5944095,0,0,0,0,0,0,0,0,0,33,33,5944095,0,0,0,0,0,0,0,0,0
200911,51,181,3,5,Surry County                  ,3,3,442276,0,0,0,0,0,0,0,0,0,0,0,0,0,0,0,0,0,0,0,0,0
200911,51,183,3,5,Sussex County                 ,3,3,350843,0,0,0,0,0,0,0,0,0,0,0,0,0,0,0,0,0,0,0,0,0
200911,51,187,3,5,Warren County                 ,8,8,1870000,0,0,0,0,0,0,0,0,0,8,8,1870000,0,0,0,0,0,0,0,0,0
200911,51,199,3,5,York County                   ,13,13,2341613,0,0,0,0,0,0,0,0,0,13,13,2341613,0,0,0,0,0,0,0,0,0
200911,51,510,3,5,Alexandria (Independent City) ,1,1,180124,0,0,0,0,0,0,0,0,0,1,1,180124,0,0,0,0,0,0,0,0,0
200911,51,530,3,5,Buena Vista (Independent City),1,1,95000,0,0,0,0,0,0,0,0,0,1,1,95000,0,0,0,0,0,0,0,0,0
200911,51,550,3,5,Chesapeake(Independent City)  ,48,48,8645956,0,0,0,0,0,0,0,0,0,48,48,8645956,0,0,0,0,0,0,0,0,0
200911,51,570,3,5,Colonial Heights (Independent ,0,0,0,0,0,0,0,0,0,0,0,0,0,0,0,0,0,0,0,0,0,0,0,0
200911,51,580,3,5,Covington (Independent City)  ,0,0,0,0,0,0,0,0,0,0,0,0,0,0,0,0,0,0,0,0,0,0,0,0
200911,51,600,3,5,Fairfax (Independent City)    ,2,2,400631,0,0,0,0,0,0,0,0,0,2,2,400631,0,0,0,0,0,0,0,0,0
200911,51,610,3,5,Falls Church (Independent City,1,1,250000,0,0,0,0,0,0,0,0,0,1,1,250000,0,0,0,0,0,0,0,0,0
200911,51,630,3,5,Fredericksburg(Independent Cit,5,5,850206,0,0,0,0,0,0,0,0,0,0,0,0,0,0,0,0,0,0,0,0,0
200911,51,650,3,5,Hampton (Independent City)    ,13,13,2084962,0,0,0,0,0,0,13,320,11775000,13,13,2084962,0,0,0,0,0,0,13,320,11775000
200911,51,660,3,5,Harrisonburg (Independent City,2,2,350000,0,0,0,0,0,0,0,0,0,2,2,350000,0,0,0,0,0,0,0,0,0
200911,51,670,3,5,Hopewell (Independent City)   ,6,6,381362,0,0,0,0,0,0,0,0,0,0,0,0,0,0,0,0,0,0,0,0,0
200911,51,680,3,5,Lynchburg (Independent City)  ,3,3,493500,0,0,0,0,0,0,0,0,0,3,3,493500,0,0,0,0,0,0,0,0,0
200911,51,683,3,5,Manassas (Independent City)   ,3,3,341449,0,0,0,0,0,0,0,0,0,0,0,0,0,0,0,0,0,0,0,0,0
200911,51,685,3,5,Manassas Park (Independent Cit,0,0,0,0,0,0,0,0,0,0,0,0,0,0,0,0,0,0,0,0,0,0,0,0
200911,51,700,3,5,Newport News (Independent City,9,9,1164879,0,0,0,0,0,0,1,5,214287,0,0,0,0,0,0,0,0,0,0,0,0
200911,51,710,3,5,Norfolk (Independent City)    ,6,6,550000,0,0,0,0,0,0,0,0,0,6,6,550000,0,0,0,0,0,0,0,0,0
200911,51,730,3,5,Petersburg (Independent City) ,2,2,186412,0,0,0,0,0,0,0,0,0,0,0,0,0,0,0,0,0,0,0,0,0
200911,51,735,3,5,Poquoson (Independent City)   ,0,0,0,0,0,0,0,0,0,0,0,0,0,0,0,0,0,0,0,0,0,0,0,0
200911,51,740,3,5,Portsmouth (Independent City) ,1,1,269900,0,0,0,0,0,0,0,0,0,1,1,269900,0,0,0,0,0,0,0,0,0
200911,51,760,3,5,Richmond (Independent City)   ,3,3,331734,0,0,0,0,0,0,2,215,11267424,3,3,331734,0,0,0,0,0,0,2,215,11267424
200911,51,770,3,5,Roanoke (Independent City)    ,4,4,494103,0,0,0,0,0,0,0,0,0,4,4,494103,0,0,0,0,0,0,0,0,0
200911,51,800,3,5,Suffolk (Independent City)    ,34,34,6124219,0,0,0,0,0,0,0,0,0,34,34,6124219,0,0,0,0,0,0,0,0,0
200911,51,810,3,5,Virginia Beach (Independent Ci,33,33,6906500,0,0,0,0,0,0,0,0,0,33,33,6906500,0,0,0,0,0,0,0,0,0
200911,51,830,3,5,Williamsburg (Independent City,1,1,425000,0,0,0,0,0,0,0,0,0,1,1,425000,0,0,0,0,0,0,0,0,0
200911,53,011,4,9,Clark County                  ,58,58,10623375,0,0,0,0,0,0,1,8,350849,58,58,10623375,0,0,0,0,0,0,1,8,350849
200911,53,033,4,9,King County                   ,147,147,38872429,4,8,955002,2,6,654744,2,10,1229280,126,126,32093135,4,8,955002,1,3,203812,0,0,0
200911,53,041,4,9,Lewis County                  ,8,8,1055714,0,0,0,0,0,0,0,0,0,7,7,858847,0,0,0,0,0,0,0,0,0
200911,53,053,4,9,Pierce County                 ,105,105,22057088,1,2,375724,0,0,0,0,0,0,105,105,22057088,1,2,375724,0,0,0,0,0,0
200911,53,059,4,9,Skamania County               ,2,2,222000,0,0,0,0,0,0,0,0,0,2,2,222000,0,0,0,0,0,0,0,0,0
200911,53,061,4,9,Snohomish County              ,113,113,22575239,8,16,2167011,1,3,338750,0,0,0,110,110,21809099,8,16,2167011,0,0,0,0,0,0
200911,54,037,3,5,Jefferson County              ,17,17,2820745,0,0,0,0,0,0,0,0,0,15,15,2477446,0,0,0,0,0,0,0,0,0
200911,55,021,2,3,Columbia County               ,3,3,304500,1,2,203000,0,0,0,0,0,0,3,3,304500,1,2,203000,0,0,0,0,0,0
200911,55,025,2,3,Dane County                   ,36,36,8266081,0,0,0,1,3,248192,3,190,18376826,33,33,7735312,0,0,0,0,0,0,3,190,18376826
200911,55,031,2,3,Douglas County                ,9,9,984000,0,0,0,0,0,0,0,0,0,9,9,984000,0,0,0,0,0,0,0,0,0
200911,55,037,2,3,Florence County               ,1,1,51925,0,0,0,0,0,0,0,0,0,0,0,0,0,0,0,0,0,0,0,0,0
200911,55,049,2,3,Iowa County                   ,3,3,280000,0,0,0,0,0,0,0,0,0,3,3,280000,0,0,0,0,0,0,0,0,0
200911,55,059,2,3,Kenosha County                ,15,15,3097963,0,0,0,0,0,0,0,0,0,13,13,2485829,0,0,0,0,0,0,0,0,0
200911,55,079,2,3,Milwaukee County              ,9,9,1662172,3,6,830000,1,4,400000,0,0,0,7,7,1235339,2,4,550000,1,4,400000,0,0,0
200911,55,089,2,3,Ozaukee County                ,9,9,3022774,0,0,0,0,0,0,0,0,0,7,7,1975000,0,0,0,0,0,0,0,0,0
200911,55,093,2,3,Pierce County                 ,6,6,885000,0,0,0,0,0,0,0,0,0,6,6,885000,0,0,0,0,0,0,0,0,0
200911,55,109,2,3,St. Croix County              ,10,10,2466654,0,0,0,0,0,0,0,0,0,8,8,2159300,0,0,0,0,0,0,0,0,0
200911,55,113,2,3,Sawyer County                 ,6,6,686900,0,0,0,0,0,0,0,0,0,6,6,686900,0,0,0,0,0,0,0,0,0
200911,55,131,2,3,Washington County             ,19,19,4584283,3,6,708000,0,0,0,1,5,395833,16,16,3687600,3,6,708000,0,0,0,0,0,0
200911,55,133,2,3,Waukesha County               ,29,29,9010448,0,0,0,0,0,0,0,0,0,25,25,7734235,0,0,0,0,0,0,0,0,0
200911,56,019,4,8,Johnson County                ,1,1,320000,0,0,0,0,0,0,0,0,0,1,1,320000,0,0,0,0,0,0,0,0,0
200911,56,039,4,8,Teton County                  ,2,2,3083158,0,0,0,0,0,0,0,0,0,1,1,2880000,0,0,0,0,0,0,0,0,0
