Survey,FIPS,FIPS,Region,Division,County,,1-unit,,,2-units,,,3-4 units,,,5+ units,,,1-unit rep,,,2-units rep,,,3-4 units rep,,, 5+units rep
Date,State,County,Code,Code,Name,Bldgs,Units,Value,Bldgs,Units,Value,Bldgs,Units,Value,Bldgs,Units,Value,Bldgs,Units,Value,Bldgs,Units,Value,Bldgs,Units,Value,Bldgs,Units,Value
 
200910,01,001,3,6,Autauga County                ,10,10,1633901,0,0,0,0,0,0,0,0,0,10,10,1633901,0,0,0,0,0,0,0,0,0
200910,01,007,3,6,Bibb County                   ,2,2,641900,0,0,0,0,0,0,0,0,0,2,2,641900,0,0,0,0,0,0,0,0,0
200910,01,009,3,6,Blount County                 ,0,0,0,0,0,0,0,0,0,0,0,0,0,0,0,0,0,0,0,0,0,0,0,0
200910,01,021,3,6,Chilton County                ,1,1,139583,0,0,0,0,0,0,0,0,0,0,0,0,0,0,0,0,0,0,0,0,0
200910,01,037,3,6,Coosa County                  ,0,0,0,0,0,0,0,0,0,0,0,0,0,0,0,0,0,0,0,0,0,0,0,0
200910,01,073,3,6,Jefferson County              ,81,81,15458571,0,0,0,0,0,0,0,0,0,76,76,14875917,0,0,0,0,0,0,0,0,0
200910,01,081,3,6,Lee County                    ,41,41,9062279,0,0,0,0,0,0,0,0,0,41,41,9062279,0,0,0,0,0,0,0,0,0
200910,01,115,3,6,St. Clair County              ,12,12,1906511,0,0,0,0,0,0,0,0,0,12,12,1906511,0,0,0,0,0,0,0,0,0
200910,01,117,3,6,Shelby County                 ,56,56,8423112,0,0,0,0,0,0,0,0,0,37,37,4739127,0,0,0,0,0,0,0,0,0
200910,01,127,3,6,Walker County                 ,2,2,275200,0,0,0,0,0,0,0,0,0,2,2,275200,0,0,0,0,0,0,0,0,0
200910,02,000,4,9,Alaska Balance of State       ,5,5,945316,0,0,0,0,0,0,0,0,0,0,0,0,0,0,0,0,0,0,0,0,0
200910,02,013,4,9,Aleutians East Borough        ,0,0,0,0,0,0,0,0,0,0,0,0,0,0,0,0,0,0,0,0,0,0,0,0
200910,02,016,4,9,Aleutians West Census Area    ,0,0,0,0,0,0,0,0,0,0,0,0,0,0,0,0,0,0,0,0,0,0,0,0
200910,02,020,4,9,Anchorage Borough             ,16,16,4169936,5,10,1943150,0,0,0,0,0,0,16,16,4169936,5,10,1943150,0,0,0,0,0,0
200910,02,050,4,9,Bethel Census Area            ,0,0,0,0,0,0,0,0,0,0,0,0,0,0,0,0,0,0,0,0,0,0,0,0
200910,02,060,4,9,Bristol Bay Borough           ,1,1,138889,0,0,0,0,0,0,0,0,0,0,0,0,0,0,0,0,0,0,0,0,0
200910,02,090,4,9,Fairbanks North Star Borough  ,3,3,557214,0,0,0,0,0,0,0,0,0,0,0,0,0,0,0,0,0,0,0,0,0
200910,02,100,4,9,Haines Borough                ,0,0,0,0,0,0,0,0,0,0,0,0,0,0,0,0,0,0,0,0,0,0,0,0
200910,02,110,4,9,Juneau Borough                ,2,2,337103,2,4,698868,0,0,0,1,8,682496,2,2,337103,2,4,698868,0,0,0,1,8,682496
200910,02,122,4,9,Kenai Peninsula Borough       ,5,5,1086533,0,0,0,0,0,0,0,0,0,4,4,803200,0,0,0,0,0,0,0,0,0
200910,02,130,4,9,Ketchikan Gateway Borough     ,1,1,229028,0,0,0,0,0,0,0,0,0,1,1,229028,0,0,0,0,0,0,0,0,0
200910,02,150,4,9,Kodiak Island Borough         ,0,0,0,0,0,0,0,0,0,0,0,0,0,0,0,0,0,0,0,0,0,0,0,0
200910,02,170,4,9,Matanuska-Susitna Borough     ,3,3,493282,0,0,0,0,0,0,0,0,0,1,1,167590,0,0,0,0,0,0,0,0,0
200910,02,180,4,9,Nome Census Area              ,0,0,0,0,0,0,0,0,0,0,0,0,0,0,0,0,0,0,0,0,0,0,0,0
200910,02,185,4,9,North Slope Borough           ,0,0,0,0,0,0,0,0,0,0,0,0,0,0,0,0,0,0,0,0,0,0,0,0
200910,02,188,4,9,Northwest Arctic Borough      ,0,0,0,0,0,0,0,0,0,0,0,0,0,0,0,0,0,0,0,0,0,0,0,0
200910,02,201,4,9,Prince of Wales-Outer Ketchika,1,1,229028,0,0,0,0,0,0,0,0,0,1,1,229028,0,0,0,0,0,0,0,0,0
200910,02,220,4,9,Sitka Borough                 ,1,1,295979,0,0,0,0,0,0,0,0,0,0,0,0,0,0,0,0,0,0,0,0,0
200910,02,232,4,9,Skagway-Hoonah-Angoon Census A,0,0,0,0,0,0,0,0,0,0,0,0,0,0,0,0,0,0,0,0,0,0,0,0
200910,02,261,4,9,Valdez-Cordova Census Area    ,0,0,0,0,0,0,0,0,0,0,0,0,0,0,0,0,0,0,0,0,0,0,0,0
200910,02,280,4,9,Wrangell-Petersburg Census Are,0,0,0,0,0,0,0,0,0,0,0,0,0,0,0,0,0,0,0,0,0,0,0,0
200910,02,282,4,9,Yakutat Borough               ,0,0,0,0,0,0,0,0,0,0,0,0,0,0,0,0,0,0,0,0,0,0,0,0
200910,02,290,4,9,Yukon-Koyukuk Census Area     ,0,0,0,0,0,0,0,0,0,0,0,0,0,0,0,0,0,0,0,0,0,0,0,0
200910,04,013,4,8,Maricopa County               ,572,572,132464626,0,0,0,1,3,414428,0,0,0,572,572,132464626,0,0,0,1,3,414428,0,0,0
200910,04,019,4,8,Pima County                   ,174,174,35824129,1,2,209810,0,0,0,0,0,0,91,91,20255015,0,0,0,0,0,0,0,0,0
200910,04,021,4,8,Pinal County                  ,182,182,24419797,0,0,0,0,0,0,0,0,0,154,154,20691156,0,0,0,0,0,0,0,0,0
200910,05,023,3,7,Cleburne County               ,1,1,30000,0,0,0,0,0,0,0,0,0,1,1,30000,0,0,0,0,0,0,0,0,0
200910,05,025,3,7,Cleveland County              ,0,0,0,0,0,0,0,0,0,0,0,0,0,0,0,0,0,0,0,0,0,0,0,0
200910,05,027,3,7,Columbia County               ,0,0,0,0,0,0,0,0,0,0,0,0,0,0,0,0,0,0,0,0,0,0,0,0
200910,05,035,3,7,Crittenden County             ,7,7,1067000,0,0,0,0,0,0,0,0,0,7,7,1067000,0,0,0,0,0,0,0,0,0
200910,05,059,3,7,Hot Spring County             ,0,0,0,0,0,0,0,0,0,0,0,0,0,0,0,0,0,0,0,0,0,0,0,0
200910,05,061,3,7,Howard County                 ,0,0,0,0,0,0,0,0,0,0,0,0,0,0,0,0,0,0,0,0,0,0,0,0
200910,05,099,3,7,Nevada County                 ,0,0,0,0,0,0,0,0,0,0,0,0,0,0,0,0,0,0,0,0,0,0,0,0
200910,06,001,4,9,Alameda County                ,57,57,17316048,0,0,0,0,0,0,1,142,25000000,55,55,16252890,0,0,0,0,0,0,1,142,25000000
200910,06,003,4,9,Alpine County                 ,0,0,0,0,0,0,0,0,0,0,0,0,0,0,0,0,0,0,0,0,0,0,0,0
200910,06,009,4,9,Calaveras County              ,6,6,1766013,0,0,0,0,0,0,0,0,0,6,6,1766013,0,0,0,0,0,0,0,0,0
200910,06,013,4,9,Contra Costa County           ,115,115,25223918,0,0,0,0,0,0,1,5,453005,107,107,23224809,0,0,0,0,0,0,0,0,0
200910,06,017,4,9,El Dorado County              ,9,9,2028446,0,0,0,0,0,0,0,0,0,9,9,2028446,0,0,0,0,0,0,0,0,0
200910,06,037,4,9,Los Angeles County            ,150,150,55395143,13,26,4159172,0,0,0,7,159,26702377,130,130,50261266,12,24,4067806,0,0,0,5,149,26096892
200910,06,041,4,9,Marin County                  ,9,9,3440632,0,0,0,0,0,0,0,0,0,2,2,1082903,0,0,0,0,0,0,0,0,0
200910,06,045,4,9,Mendocino County              ,11,11,2597946,0,0,0,0,0,0,0,0,0,11,11,2597946,0,0,0,0,0,0,0,0,0
200910,06,049,4,9,Modoc County                  ,2,2,131645,0,0,0,0,0,0,0,0,0,2,2,131645,0,0,0,0,0,0,0,0,0
200910,06,051,4,9,Mono County                   ,1,1,138804,0,0,0,0,0,0,0,0,0,0,0,0,0,0,0,0,0,0,0,0,0
200910,06,059,4,9,Orange County                 ,116,116,34341427,2,4,564603,1,3,518983,2,15,2895515,105,105,27750136,2,4,564603,1,3,518983,2,15,2895515
200910,06,061,4,9,Placer County                 ,108,108,25502384,0,0,0,0,0,0,0,0,0,107,107,25214876,0,0,0,0,0,0,0,0,0
200910,06,063,4,9,Plumas County                 ,1,1,100725,0,0,0,0,0,0,0,0,0,1,1,100725,0,0,0,0,0,0,0,0,0
200910,06,065,4,9,Riverside County              ,220,220,50810468,0,0,0,4,12,2679880,0,0,0,206,206,48025205,0,0,0,4,12,2679880,0,0,0
200910,06,067,4,9,Sacramento County             ,97,97,23492161,0,0,0,0,0,0,1,6,549331,96,96,23261690,0,0,0,0,0,0,1,6,549331
200910,06,069,4,9,San Benito County             ,1,1,200000,0,0,0,0,0,0,0,0,0,1,1,200000,0,0,0,0,0,0,0,0,0
200910,06,071,4,9,San Bernardino County         ,149,149,30711398,0,0,0,0,0,0,10,165,18561954,139,139,29151106,0,0,0,0,0,0,9,155,17838624
200910,06,073,4,9,San Diego County              ,185,185,56907253,1,2,182198,0,0,0,1,6,803313,185,185,56907253,1,2,182198,0,0,0,1,6,803313
200910,06,075,4,9,San Francisco County          ,1,1,225383,3,6,2680000,0,0,0,2,28,11500000,1,1,225383,3,6,2680000,0,0,0,2,28,11500000
200910,06,077,4,9,San Joaquin County            ,44,44,8848734,0,0,0,0,0,0,0,0,0,29,29,6558295,0,0,0,0,0,0,0,0,0
200910,06,081,4,9,San Mateo County              ,17,17,12428473,0,0,0,0,0,0,1,5,1560155,12,12,10839277,0,0,0,0,0,0,0,0,0
200910,06,085,4,9,Santa Clara County            ,46,46,19577716,0,0,0,1,4,782769,4,25,5581402,45,45,19324693,0,0,0,1,4,782769,4,25,5581402
200910,06,091,4,9,Sierra County                 ,1,1,286472,0,0,0,0,0,0,0,0,0,1,1,286472,0,0,0,0,0,0,0,0,0
200910,06,113,4,9,Yolo County                   ,28,28,7299902,0,0,0,0,0,0,0,0,0,28,28,7299902,0,0,0,0,0,0,0,0,0
200910,08,001,4,8,Adams County                  ,57,57,11721785,0,0,0,0,0,0,0,0,0,57,57,11721785,0,0,0,0,0,0,0,0,0
200910,08,005,4,8,Arapahoe County               ,46,46,13897059,0,0,0,0,0,0,0,0,0,42,42,13026756,0,0,0,0,0,0,0,0,0
200910,08,014,4,8,Broomfield County             ,3,3,988851,0,0,0,0,0,0,0,0,0,3,3,988851,0,0,0,0,0,0,0,0,0
200910,08,015,4,8,Chaffee County                ,4,4,1369067,0,0,0,0,0,0,0,0,0,4,4,1369067,0,0,0,0,0,0,0,0,0
200910,08,019,4,8,Clear Creek County            ,0,0,0,0,0,0,0,0,0,0,0,0,0,0,0,0,0,0,0,0,0,0,0,0
200910,08,023,4,8,Costilla County               ,0,0,0,0,0,0,0,0,0,0,0,0,0,0,0,0,0,0,0,0,0,0,0,0
200910,08,031,4,8,Denver County                 ,10,10,2746070,1,2,460000,0,0,0,0,0,0,10,10,2746070,1,2,460000,0,0,0,0,0,0
200910,08,033,4,8,Dolores County                ,0,0,0,0,0,0,0,0,0,0,0,0,0,0,0,0,0,0,0,0,0,0,0,0
200910,08,035,4,8,Douglas County                ,37,37,10569244,0,0,0,0,0,0,0,0,0,20,20,6400017,0,0,0,0,0,0,0,0,0
200910,08,039,4,8,Elbert County                 ,5,5,1236861,0,0,0,0,0,0,0,0,0,1,1,129655,0,0,0,0,0,0,0,0,0
200910,08,041,4,8,El Paso County                ,117,117,35557532,0,0,0,0,0,0,0,0,0,117,117,35557532,0,0,0,0,0,0,0,0,0
200910,08,047,4,8,Gilpin County                 ,4,4,556300,0,0,0,0,0,0,0,0,0,4,4,556300,0,0,0,0,0,0,0,0,0
200910,08,049,4,8,Grand County                  ,11,11,2600679,0,0,0,0,0,0,0,0,0,0,0,0,0,0,0,0,0,0,0,0,0
200910,08,059,4,8,Jefferson County              ,28,28,8786724,0,0,0,0,0,0,1,8,1533463,28,28,8786724,0,0,0,0,0,0,1,8,1533463
200910,08,069,4,8,Larimer County                ,35,35,7651063,0,0,0,0,0,0,0,0,0,35,35,7651063,0,0,0,0,0,0,0,0,0
200910,08,077,4,8,Mesa County                   ,35,35,7259383,0,0,0,0,0,0,0,0,0,35,35,7259383,0,0,0,0,0,0,0,0,0
200910,08,093,4,8,Park County                   ,4,4,457107,0,0,0,0,0,0,0,0,0,4,4,457107,0,0,0,0,0,0,0,0,0
200910,08,101,4,8,Pueblo County                 ,11,11,1570291,0,0,0,0,0,0,0,0,0,11,11,1570291,0,0,0,0,0,0,0,0,0
200910,08,107,4,8,Routt County                  ,5,5,2994244,0,0,0,0,0,0,0,0,0,5,5,2994244,0,0,0,0,0,0,0,0,0
200910,08,119,4,8,Teller County                 ,2,2,159473,0,0,0,0,0,0,0,0,0,1,1,88056,0,0,0,0,0,0,0,0,0
200910,08,123,4,8,Weld County                   ,65,65,14254261,0,0,0,0,0,0,1,5,144687,49,49,10056996,0,0,0,0,0,0,0,0,0
200910,10,001,3,5,Kent County                   ,46,46,6252669,0,0,0,0,0,0,0,0,0,5,5,613399,0,0,0,0,0,0,0,0,0
200910,10,003,3,5,New Castle County             ,80,80,5659630,0,0,0,0,0,0,1,5,80000,66,66,4555676,0,0,0,0,0,0,0,0,0
200910,10,005,3,5,Sussex County                 ,116,116,15853575,1,2,235928,0,0,0,0,0,0,116,116,15853575,1,2,235928,0,0,0,0,0,0
200910,11,001,3,5,Washington  DC                ,12,12,2161489,1,2,183608,0,0,0,2,382,31121716,12,12,2161489,1,2,183608,0,0,0,2,382,31121716
200910,12,003,3,5,Baker County                  ,6,6,1000818,0,0,0,0,0,0,0,0,0,6,6,1000818,0,0,0,0,0,0,0,0,0
200910,12,009,3,5,Brevard County                ,92,92,21813858,0,0,0,0,0,0,0,0,0,92,92,21813858,0,0,0,0,0,0,0,0,0
200910,12,011,3,5,Broward County                ,59,59,12368262,0,0,0,0,0,0,0,0,0,46,46,10603638,0,0,0,0,0,0,0,0,0
200910,12,013,3,5,Calhoun County                ,0,0,0,0,0,0,0,0,0,0,0,0,0,0,0,0,0,0,0,0,0,0,0,0
200910,12,015,3,5,Charlotte County              ,21,21,5044054,0,0,0,1,4,397985,0,0,0,0,0,0,0,0,0,0,0,0,0,0,0
200910,12,019,3,5,Clay County                   ,43,43,6457131,0,0,0,0,0,0,1,6,369213,43,43,6457131,0,0,0,0,0,0,1,6,369213
200910,12,021,3,5,Collier County                ,45,45,19034050,0,0,0,1,4,1122000,1,12,2057000,45,45,19034050,0,0,0,1,4,1122000,1,12,2057000
200910,12,023,3,5,Columbia County               ,4,4,388100,0,0,0,0,0,0,0,0,0,4,4,388100,0,0,0,0,0,0,0,0,0
200910,12,031,3,5,Duval County                  ,134,134,24136629,0,0,0,0,0,0,0,0,0,134,134,24136629,0,0,0,0,0,0,0,0,0
200910,12,033,3,5,Escambia County               ,38,38,6879591,0,0,0,0,0,0,0,0,0,38,38,6879591,0,0,0,0,0,0,0,0,0
200910,12,041,3,5,Gilchrist County              ,3,3,310054,0,0,0,0,0,0,0,0,0,0,0,0,0,0,0,0,0,0,0,0,0
200910,12,043,3,5,Glades County                 ,0,0,0,0,0,0,0,0,0,0,0,0,0,0,0,0,0,0,0,0,0,0,0,0
200910,12,047,3,5,Hamilton County               ,1,1,146720,0,0,0,0,0,0,0,0,0,0,0,0,0,0,0,0,0,0,0,0,0
200910,12,049,3,5,Hardee County                 ,0,0,0,0,0,0,0,0,0,0,0,0,0,0,0,0,0,0,0,0,0,0,0,0
200910,12,053,3,5,Hernando County               ,24,24,3870304,0,0,0,0,0,0,0,0,0,0,0,0,0,0,0,0,0,0,0,0,0
200910,12,055,3,5,Highlands County              ,8,8,1883083,0,0,0,0,0,0,0,0,0,7,7,1641530,0,0,0,0,0,0,0,0,0
200910,12,057,3,5,Hillsborough County           ,167,167,39888418,0,0,0,0,0,0,2,139,14972657,167,167,39888418,0,0,0,0,0,0,2,139,14972657
200910,12,061,3,5,Indian River County           ,32,32,10087741,0,0,0,0,0,0,0,0,0,32,32,10087741,0,0,0,0,0,0,0,0,0
200910,12,063,3,5,Jackson County                ,6,6,781150,0,0,0,0,0,0,0,0,0,6,6,781150,0,0,0,0,0,0,0,0,0
200910,12,065,3,5,Jefferson County              ,2,2,173977,0,0,0,0,0,0,0,0,0,2,2,173977,0,0,0,0,0,0,0,0,0
200910,12,067,3,5,Lafayette County              ,1,1,154252,0,0,0,0,0,0,0,0,0,0,0,0,0,0,0,0,0,0,0,0,0
200910,12,069,3,5,Lake County                   ,53,53,14692809,0,0,0,0,0,0,1,5,543074,23,23,5679923,0,0,0,0,0,0,0,0,0
200910,12,071,3,5,Lee County                    ,76,76,16847373,0,0,0,0,0,0,0,0,0,68,68,14215204,0,0,0,0,0,0,0,0,0
200910,12,073,3,5,Leon County                   ,31,31,4806750,1,2,183375,0,0,0,1,5,398889,11,11,1474587,0,0,0,0,0,0,0,0,0
200910,12,077,3,5,Liberty County                ,2,2,228000,0,0,0,0,0,0,0,0,0,2,2,228000,0,0,0,0,0,0,0,0,0
200910,12,081,3,5,Manatee County                ,99,99,18017812,0,0,0,0,0,0,3,42,3923829,99,99,18017812,0,0,0,0,0,0,3,42,3923829
200910,12,083,3,5,Marion County                 ,39,39,6426164,0,0,0,0,0,0,0,0,0,39,39,6426164,0,0,0,0,0,0,0,0,0
200910,12,085,3,5,Martin County                 ,11,11,6070607,0,0,0,1,4,1332111,0,0,0,10,10,4300907,0,0,0,1,4,1332111,0,0,0
200910,12,086,3,5,Miami-Dade County             ,59,59,13658049,0,0,0,0,0,0,5,32,3067809,55,55,12445705,0,0,0,0,0,0,4,27,2100961
200910,12,089,3,5,Nassau County                 ,41,41,9384906,0,0,0,0,0,0,0,0,0,36,36,8535274,0,0,0,0,0,0,0,0,0
200910,12,095,3,5,Orange County                 ,183,183,32285268,0,0,0,0,0,0,2,16,2790550,183,183,32285268,0,0,0,0,0,0,2,16,2790550
200910,12,097,3,5,Osceola County                ,56,56,13036178,0,0,0,0,0,0,0,0,0,43,43,9686568,0,0,0,0,0,0,0,0,0
200910,12,099,3,5,Palm Beach County             ,162,162,48942988,0,0,0,0,0,0,0,0,0,156,156,45914420,0,0,0,0,0,0,0,0,0
200910,12,101,3,5,Pasco County                  ,78,78,13327297,0,0,0,0,0,0,0,0,0,78,78,13327297,0,0,0,0,0,0,0,0,0
200910,12,103,3,5,Pinellas County               ,26,26,5393439,0,0,0,0,0,0,0,0,0,26,26,5393439,0,0,0,0,0,0,0,0,0
200910,12,105,3,5,Polk County                   ,106,106,18815134,0,0,0,0,0,0,0,0,0,97,97,16980468,0,0,0,0,0,0,0,0,0
200910,12,107,3,5,Putnam County                 ,2,2,266612,0,0,0,0,0,0,0,0,0,0,0,0,0,0,0,0,0,0,0,0,0
200910,12,109,3,5,St. Johns County              ,86,86,23065781,0,0,0,0,0,0,1,12,1500000,86,86,23065781,0,0,0,0,0,0,1,12,1500000
200910,12,111,3,5,St. Lucie County              ,33,33,4442344,0,0,0,0,0,0,1,7,544498,29,29,3610405,0,0,0,0,0,0,0,0,0
200910,12,113,3,5,Santa Rosa County             ,40,40,7204964,0,0,0,0,0,0,0,0,0,40,40,7204964,0,0,0,0,0,0,0,0,0
200910,12,115,3,5,Sarasota County               ,49,49,18844370,0,0,0,0,0,0,1,6,1192044,40,40,16555103,0,0,0,0,0,0,1,6,1192044
200910,12,117,3,5,Seminole County               ,74,74,15961414,0,0,0,0,0,0,0,0,0,74,74,15961414,0,0,0,0,0,0,0,0,0
200910,12,119,3,5,Sumter County                 ,204,204,61415741,2,4,428010,0,0,0,0,0,0,204,204,61415741,2,4,428010,0,0,0,0,0,0
200910,12,123,3,5,Taylor County                 ,1,1,40000,0,0,0,0,0,0,0,0,0,1,1,40000,0,0,0,0,0,0,0,0,0
200910,12,125,3,5,Union County                  ,2,2,296960,0,0,0,0,0,0,0,0,0,2,2,296960,0,0,0,0,0,0,0,0,0
200910,12,127,3,5,Volusia County                ,67,67,16775853,0,0,0,0,0,0,1,5,489903,42,42,10712572,0,0,0,0,0,0,0,0,0
200910,12,129,3,5,Wakulla County                ,14,14,1188000,0,0,0,0,0,0,0,0,0,14,14,1188000,0,0,0,0,0,0,0,0,0
200910,12,131,3,5,Walton County                 ,31,31,13054018,0,0,0,0,0,0,0,0,0,31,31,13054018,0,0,0,0,0,0,0,0,0
200910,12,133,3,5,Washington County             ,4,4,533186,0,0,0,0,0,0,0,0,0,0,0,0,0,0,0,0,0,0,0,0,0
200910,13,005,3,5,Bacon County                  ,0,0,0,0,0,0,0,0,0,0,0,0,0,0,0,0,0,0,0,0,0,0,0,0
200910,13,013,3,5,Barrow County                 ,9,9,808619,0,0,0,0,0,0,0,0,0,5,5,435866,0,0,0,0,0,0,0,0,0
200910,13,015,3,5,Bartow County                 ,9,9,1625993,0,0,0,0,0,0,0,0,0,8,8,1440993,0,0,0,0,0,0,0,0,0
200910,13,029,3,5,Bryan County                  ,23,23,4527770,0,0,0,0,0,0,0,0,0,23,23,4527770,0,0,0,0,0,0,0,0,0
200910,13,035,3,5,Butts County                  ,1,1,59212,0,0,0,0,0,0,0,0,0,1,1,59212,0,0,0,0,0,0,0,0,0
200910,13,045,3,5,Carroll County                ,5,5,705663,0,0,0,0,0,0,0,0,0,5,5,705663,0,0,0,0,0,0,0,0,0
200910,13,057,3,5,Cherokee County               ,45,45,7460183,0,0,0,0,0,0,0,0,0,36,36,5459596,0,0,0,0,0,0,0,0,0
200910,13,059,3,5,Clarke County                 ,13,13,1908274,1,2,220069,1,3,510033,0,0,0,0,0,0,0,0,0,0,0,0,0,0,0
200910,13,063,3,5,Clayton County                ,8,8,1142239,0,0,0,0,0,0,0,0,0,7,7,974470,0,0,0,0,0,0,0,0,0
200910,13,067,3,5,Cobb County                   ,23,23,4677096,0,0,0,1,4,480200,1,5,900900,23,23,4677096,0,0,0,1,4,480200,1,5,900900
200910,13,077,3,5,Coweta County                 ,20,20,4193081,0,0,0,0,0,0,0,0,0,16,16,3459916,0,0,0,0,0,0,0,0,0
200910,13,085,3,5,Dawson County                 ,2,2,450000,0,0,0,0,0,0,0,0,0,2,2,450000,0,0,0,0,0,0,0,0,0
200910,13,089,3,5,DeKalb County                 ,18,18,3561911,0,0,0,0,0,0,0,0,0,16,16,2881986,0,0,0,0,0,0,0,0,0
200910,13,095,3,5,Dougherty County              ,2,2,224020,0,0,0,0,0,0,0,0,0,0,0,0,0,0,0,0,0,0,0,0,0
200910,13,097,3,5,Douglas County                ,21,21,2850760,0,0,0,0,0,0,0,0,0,21,21,2850760,0,0,0,0,0,0,0,0,0
200910,13,113,3,5,Fayette County                ,11,11,3224419,0,0,0,0,0,0,0,0,0,7,7,2186868,0,0,0,0,0,0,0,0,0
200910,13,117,3,5,Forsyth County                ,69,69,8612670,0,0,0,0,0,0,0,0,0,69,69,8612670,0,0,0,0,0,0,0,0,0
200910,13,121,3,5,Fulton County                 ,56,56,11563976,0,0,0,0,0,0,3,132,4605331,53,53,11104408,0,0,0,0,0,0,3,132,4605331
200910,13,127,3,5,Glynn County                  ,25,25,6391411,0,0,0,0,0,0,0,0,0,0,0,0,0,0,0,0,0,0,0,0,0
200910,13,133,3,5,Greene County                 ,10,10,3066682,0,0,0,0,0,0,0,0,0,0,0,0,0,0,0,0,0,0,0,0,0
200910,13,135,3,5,Gwinnett County               ,21,21,4148186,0,0,0,0,0,0,0,0,0,20,20,4025685,0,0,0,0,0,0,0,0,0
200910,13,143,3,5,Haralson County               ,3,3,540372,0,0,0,0,0,0,0,0,0,3,3,540372,0,0,0,0,0,0,0,0,0
200910,13,145,3,5,Harris County                 ,7,7,1682135,0,0,0,0,0,0,0,0,0,7,7,1682135,0,0,0,0,0,0,0,0,0
200910,13,149,3,5,Heard County                  ,1,1,134367,0,0,0,0,0,0,0,0,0,0,0,0,0,0,0,0,0,0,0,0,0
200910,13,151,3,5,Henry County                  ,24,24,4211102,0,0,0,0,0,0,0,0,0,14,14,3028016,0,0,0,0,0,0,0,0,0
200910,13,159,3,5,Jasper County                 ,0,0,0,0,0,0,0,0,0,0,0,0,0,0,0,0,0,0,0,0,0,0,0,0
200910,13,169,3,5,Jones County                  ,4,4,485000,0,0,0,0,0,0,0,0,0,4,4,485000,0,0,0,0,0,0,0,0,0
200910,13,171,3,5,Lamar County                  ,1,1,120998,0,0,0,0,0,0,0,0,0,1,1,120998,0,0,0,0,0,0,0,0,0
200910,13,177,3,5,Lee County                    ,9,9,1028566,0,0,0,0,0,0,0,0,0,0,0,0,0,0,0,0,0,0,0,0,0
200910,13,189,3,5,McDuffie County               ,2,2,350176,0,0,0,0,0,0,0,0,0,0,0,0,0,0,0,0,0,0,0,0,0
200910,13,199,3,5,Meriwether County             ,3,3,522368,0,0,0,0,0,0,0,0,0,0,0,0,0,0,0,0,0,0,0,0,0
200910,13,211,3,5,Morgan County                 ,5,5,1300000,0,0,0,0,0,0,0,0,0,5,5,1300000,0,0,0,0,0,0,0,0,0
200910,13,213,3,5,Murray County                 ,1,1,177113,0,0,0,0,0,0,0,0,0,1,1,177113,0,0,0,0,0,0,0,0,0
200910,13,215,3,5,Muscogee County               ,19,19,2011119,0,0,0,0,0,0,1,6,455957,0,0,0,0,0,0,0,0,0,0,0,0
200910,13,217,3,5,Newton County                 ,7,7,1260869,0,0,0,0,0,0,0,0,0,7,7,1260869,0,0,0,0,0,0,0,0,0
200910,13,223,3,5,Paulding County               ,20,20,3544147,0,0,0,0,0,0,0,0,0,12,12,2161489,0,0,0,0,0,0,0,0,0
200910,13,227,3,5,Pickens County                ,4,4,605000,0,0,0,0,0,0,0,0,0,2,2,427000,0,0,0,0,0,0,0,0,0
200910,13,231,3,5,Pike County                   ,6,6,776466,0,0,0,0,0,0,0,0,0,0,0,0,0,0,0,0,0,0,0,0,0
200910,13,237,3,5,Putnam County                 ,6,6,943000,0,0,0,0,0,0,0,0,0,6,6,943000,0,0,0,0,0,0,0,0,0
200910,13,239,3,5,Quitman County                ,0,0,0,0,0,0,0,0,0,0,0,0,0,0,0,0,0,0,0,0,0,0,0,0
200910,13,247,3,5,Rockdale County               ,14,14,4477619,0,0,0,0,0,0,0,0,0,14,14,4477619,0,0,0,0,0,0,0,0,0
200910,13,255,3,5,Spalding County               ,32,32,3920142,0,0,0,0,0,0,0,0,0,30,30,3569415,0,0,0,0,0,0,0,0,0
200910,13,291,3,5,Union County                  ,2,2,354226,0,0,0,0,0,0,0,0,0,2,2,354226,0,0,0,0,0,0,0,0,0
200910,13,297,3,5,Walton County                 ,6,6,707650,0,0,0,0,0,0,0,0,0,6,6,707650,0,0,0,0,0,0,0,0,0
200910,13,313,3,5,Whitfield County              ,10,10,1198685,0,0,0,0,0,0,0,0,0,0,0,0,0,0,0,0,0,0,0,0,0
200910,13,321,3,5,Worth County                  ,1,1,140000,0,0,0,0,0,0,0,0,0,1,1,140000,0,0,0,0,0,0,0,0,0
200910,15,001,4,9,Hawaii County                 ,59,59,20488434,0,0,0,1,3,376320,1,10,964626,0,0,0,0,0,0,0,0,0,0,0,0
200910,15,003,4,9,Honolulu County               ,69,69,22665553,0,0,0,0,0,0,1,84,11000000,69,69,22665553,0,0,0,0,0,0,1,84,11000000
200910,15,007,4,9,Kauai County                  ,18,18,9024300,0,0,0,0,0,0,0,0,0,18,18,9024300,0,0,0,0,0,0,0,0,0
200910,15,009,4,9,Maui County                   ,33,33,7557917,1,2,300000,0,0,0,3,18,22500000,33,33,7557917,1,2,300000,0,0,0,3,18,22500000
200910,16,001,4,8,Ada County                    ,105,105,20590038,0,0,0,2,8,1028877,0,0,0,90,90,17614308,0,0,0,2,8,1028877,0,0,0
200910,16,015,4,8,Boise County                  ,1,1,229028,0,0,0,0,0,0,0,0,0,1,1,229028,0,0,0,0,0,0,0,0,0
200910,16,027,4,8,Canyon County                 ,38,38,5423019,0,0,0,1,3,175388,0,0,0,16,16,2817867,0,0,0,0,0,0,0,0,0
200910,16,045,4,8,Gem County                    ,2,2,324721,0,0,0,0,0,0,0,0,0,2,2,324721,0,0,0,0,0,0,0,0,0
200910,16,073,4,8,Owyhee County                 ,2,2,542438,0,0,0,0,0,0,0,0,0,0,0,0,0,0,0,0,0,0,0,0,0
200910,17,005,2,3,Bond County                   ,4,4,749544,0,0,0,0,0,0,0,0,0,3,3,590000,0,0,0,0,0,0,0,0,0
200910,17,013,2,3,Calhoun County                ,1,1,170000,0,0,0,0,0,0,0,0,0,1,1,170000,0,0,0,0,0,0,0,0,0
200910,17,027,2,3,Clinton County                ,9,9,1841698,0,0,0,0,0,0,0,0,0,7,7,1340939,0,0,0,0,0,0,0,0,0
200910,17,031,2,3,Cook County                   ,66,66,25157568,1,2,380000,5,16,7150000,6,50,6143553,55,55,21509301,1,2,380000,5,16,7150000,4,27,4162085
200910,17,037,2,3,DeKalb County                 ,5,5,811290,0,0,0,1,4,200000,0,0,0,2,2,400000,0,0,0,1,4,200000,0,0,0
200910,17,039,2,3,De Witt County                ,0,0,0,0,0,0,0,0,0,0,0,0,0,0,0,0,0,0,0,0,0,0,0,0
200910,17,043,2,3,DuPage County                 ,62,62,19533779,0,0,0,0,0,0,1,6,547091,46,46,14614750,0,0,0,0,0,0,0,0,0
200910,17,063,2,3,Grundy County                 ,11,11,2805549,0,0,0,0,0,0,0,0,0,10,10,2645000,0,0,0,0,0,0,0,0,0
200910,17,083,2,3,Jersey County                 ,3,3,652226,0,0,0,0,0,0,1,5,289248,2,2,520055,0,0,0,0,0,0,0,0,0
200910,17,089,2,3,Kane County                   ,80,80,13372430,0,0,0,0,0,0,0,0,0,48,48,8157750,0,0,0,0,0,0,0,0,0
200910,17,093,2,3,Kendall County                ,25,25,5181317,0,0,0,0,0,0,0,0,0,13,13,3414251,0,0,0,0,0,0,0,0,0
200910,17,097,2,3,Lake County                   ,53,53,11557915,0,0,0,0,0,0,1,5,625000,46,46,8671674,0,0,0,0,0,0,0,0,0
200910,17,111,2,3,McHenry County                ,33,33,5441049,2,4,314509,0,0,0,1,5,64142,22,22,3794762,1,2,23111,0,0,0,1,5,64142
200910,17,117,2,3,Macoupin County               ,5,5,1050595,0,0,0,0,0,0,0,0,0,2,2,450000,0,0,0,0,0,0,0,0,0
200910,17,119,2,3,Madison County                ,35,35,7806118,0,0,0,0,0,0,0,0,0,22,22,5406209,0,0,0,0,0,0,0,0,0
200910,17,133,2,3,Monroe County                 ,6,6,1034843,0,0,0,0,0,0,0,0,0,3,3,433950,0,0,0,0,0,0,0,0,0
200910,17,163,2,3,St. Clair County              ,42,42,8700185,0,0,0,0,0,0,0,0,0,19,19,3576103,0,0,0,0,0,0,0,0,0
200910,17,197,2,3,Will County                   ,41,41,11117104,0,0,0,1,3,550000,0,0,0,32,32,9218599,0,0,0,1,3,550000,0,0,0
200910,18,001,2,3,Adams County                  ,6,6,705000,0,0,0,0,0,0,0,0,0,6,6,705000,0,0,0,0,0,0,0,0,0
200910,18,003,2,3,Allen County                  ,46,46,9491594,0,0,0,0,0,0,0,0,0,46,46,9491594,0,0,0,0,0,0,0,0,0
200910,18,011,2,3,Boone County                  ,41,41,6675306,0,0,0,0,0,0,0,0,0,41,41,6675306,0,0,0,0,0,0,0,0,0
200910,18,013,2,3,Brown County                  ,20,20,4126780,0,0,0,0,0,0,0,0,0,20,20,4126780,0,0,0,0,0,0,0,0,0
200910,18,019,2,3,Clark County                  ,37,37,4873135,0,0,0,0,0,0,1,5,446950,36,36,4694039,0,0,0,0,0,0,1,5,446950
200910,18,029,2,3,Dearborn County               ,8,8,1130000,0,0,0,0,0,0,0,0,0,8,8,1130000,0,0,0,0,0,0,0,0,0
200910,18,043,2,3,Floyd County                  ,13,13,2684777,0,0,0,0,0,0,0,0,0,11,11,2394000,0,0,0,0,0,0,0,0,0
200910,18,047,2,3,Franklin County               ,7,7,762000,0,0,0,0,0,0,0,0,0,7,7,762000,0,0,0,0,0,0,0,0,0
200910,18,049,2,3,Fulton County                 ,3,3,1066000,0,0,0,0,0,0,0,0,0,3,3,1066000,0,0,0,0,0,0,0,0,0
200910,18,057,2,3,Hamilton County               ,112,112,21070632,0,0,0,1,3,498801,0,0,0,111,111,21033757,0,0,0,1,3,498801,0,0,0
200910,18,059,2,3,Hancock County                ,11,11,2142840,0,0,0,0,0,0,0,0,0,11,11,2142840,0,0,0,0,0,0,0,0,0
200910,18,061,2,3,Harrison County               ,9,9,1800000,0,0,0,0,0,0,0,0,0,9,9,1800000,0,0,0,0,0,0,0,0,0
200910,18,063,2,3,Hendricks County              ,69,69,12719159,0,0,0,0,0,0,0,0,0,58,58,11060687,0,0,0,0,0,0,0,0,0
200910,18,065,2,3,Henry County                  ,0,0,0,0,0,0,0,0,0,0,0,0,0,0,0,0,0,0,0,0,0,0,0,0
200910,18,069,2,3,Huntington County             ,5,5,1003665,0,0,0,0,0,0,0,0,0,5,5,1003665,0,0,0,0,0,0,0,0,0
200910,18,073,2,3,Jasper County                 ,8,8,1391356,0,0,0,0,0,0,0,0,0,8,8,1391356,0,0,0,0,0,0,0,0,0
200910,18,079,2,3,Jennings County               ,1,1,60848,0,0,0,0,0,0,0,0,0,1,1,60848,0,0,0,0,0,0,0,0,0
200910,18,081,2,3,Johnson County                ,32,32,4821568,0,0,0,0,0,0,2,14,746326,30,30,4590430,0,0,0,0,0,0,0,0,0
200910,18,087,2,3,Lagrange County               ,7,7,1018000,0,0,0,0,0,0,0,0,0,7,7,1018000,0,0,0,0,0,0,0,0,0
200910,18,089,2,3,Lake County                   ,52,52,13032620,1,2,160000,0,0,0,1,8,409091,45,45,11835903,1,2,160000,0,0,0,0,0,0
200910,18,097,2,3,Marion County                 ,19,19,3424976,0,0,0,0,0,0,6,62,5542180,10,10,2063390,0,0,0,0,0,0,6,62,5542180
200910,18,105,2,3,Monroe County                 ,21,21,3530012,1,2,199005,0,0,0,0,0,0,21,21,3530012,1,2,199005,0,0,0,0,0,0
200910,18,109,2,3,Morgan County                 ,4,4,665640,0,0,0,0,0,0,0,0,0,3,3,563000,0,0,0,0,0,0,0,0,0
200910,18,111,2,3,Newton County                 ,3,3,521000,0,0,0,0,0,0,0,0,0,3,3,521000,0,0,0,0,0,0,0,0,0
200910,18,115,2,3,Ohio County                   ,0,0,0,0,0,0,0,0,0,0,0,0,0,0,0,0,0,0,0,0,0,0,0,0
200910,18,125,2,3,Pike County                   ,2,2,150000,0,0,0,0,0,0,0,0,0,2,2,150000,0,0,0,0,0,0,0,0,0
200910,18,127,2,3,Porter County                 ,28,28,8055129,0,0,0,0,0,0,0,0,0,28,28,8055129,0,0,0,0,0,0,0,0,0
200910,18,133,2,3,Putnam County                 ,5,5,1257000,0,0,0,0,0,0,0,0,0,5,5,1257000,0,0,0,0,0,0,0,0,0
200910,18,145,2,3,Shelby County                 ,4,4,927000,0,0,0,0,0,0,0,0,0,4,4,927000,0,0,0,0,0,0,0,0,0
200910,18,155,2,3,Switzerland County            ,5,5,291331,0,0,0,0,0,0,0,0,0,0,0,0,0,0,0,0,0,0,0,0,0
200910,18,157,2,3,Tippecanoe County             ,35,35,6167601,0,0,0,0,0,0,1,5,429991,14,14,1941550,0,0,0,0,0,0,0,0,0
200910,18,163,2,3,Vanderburgh County            ,17,17,2186776,1,2,270000,0,0,0,1,5,1528181,0,0,0,0,0,0,0,0,0,0,0,0
200910,18,167,2,3,Vigo County                   ,13,13,1732862,0,0,0,0,0,0,0,0,0,13,13,1732862,0,0,0,0,0,0,0,0,0
200910,18,175,2,3,Washington County             ,3,3,429077,0,0,0,0,0,0,0,0,0,0,0,0,0,0,0,0,0,0,0,0,0
200910,18,179,2,3,Wells County                  ,8,8,1650712,0,0,0,0,0,0,0,0,0,8,8,1650712,0,0,0,0,0,0,0,0,0
200910,18,181,2,3,White County                  ,8,8,1367000,0,0,0,0,0,0,0,0,0,8,8,1367000,0,0,0,0,0,0,0,0,0
200910,18,183,2,3,Whitley County                ,8,8,1266000,0,0,0,1,3,30000,0,0,0,8,8,1266000,0,0,0,1,3,30000,0,0,0
200910,19,049,2,4,Dallas County                 ,16,16,3285814,0,0,0,0,0,0,0,0,0,15,15,3151147,0,0,0,0,0,0,0,0,0
200910,19,077,2,4,Guthrie County                ,1,1,335000,0,0,0,0,0,0,0,0,0,1,1,335000,0,0,0,0,0,0,0,0,0
200910,19,085,2,4,Harrison County               ,0,0,0,0,0,0,0,0,0,0,0,0,0,0,0,0,0,0,0,0,0,0,0,0
200910,19,121,2,4,Madison County                ,3,3,524161,0,0,0,0,0,0,0,0,0,1,1,160000,0,0,0,0,0,0,0,0,0
200910,19,129,2,4,Mills County                  ,0,0,0,0,0,0,0,0,0,0,0,0,0,0,0,0,0,0,0,0,0,0,0,0
200910,19,153,2,4,Polk County                   ,121,121,24856502,0,0,0,0,0,0,14,228,13933730,121,121,24856502,0,0,0,0,0,0,14,228,13933730
200910,19,155,2,4,Pottawattamie County          ,22,22,2938104,0,0,0,0,0,0,0,0,0,21,21,2762260,0,0,0,0,0,0,0,0,0
200910,19,181,2,4,Warren County                 ,9,9,1568293,0,0,0,0,0,0,0,0,0,9,9,1568293,0,0,0,0,0,0,0,0,0
200910,20,055,2,4,Finney County                 ,1,1,227521,0,0,0,0,0,0,0,0,0,1,1,227521,0,0,0,0,0,0,0,0,0
200910,20,059,2,4,Franklin County               ,2,2,365000,0,0,0,1,3,270482,0,0,0,2,2,365000,0,0,0,1,3,270482,0,0,0
200910,20,063,2,4,Gove County                   ,0,0,0,0,0,0,0,0,0,0,0,0,0,0,0,0,0,0,0,0,0,0,0,0
200910,20,091,2,4,Johnson County                ,66,66,18419236,0,0,0,1,3,590000,6,175,7265150,64,64,16770055,0,0,0,1,3,590000,6,175,7265150
200910,20,103,2,4,Leavenworth County            ,26,26,3767969,0,0,0,0,0,0,0,0,0,26,26,3767969,0,0,0,0,0,0,0,0,0
200910,20,107,2,4,Linn County                   ,2,2,348893,0,0,0,0,0,0,0,0,0,1,1,200000,0,0,0,0,0,0,0,0,0
200910,20,121,2,4,Miami County                  ,4,4,1317393,0,0,0,0,0,0,0,0,0,1,1,230000,0,0,0,0,0,0,0,0,0
200910,20,129,2,4,Morton County                 ,0,0,0,0,0,0,0,0,0,0,0,0,0,0,0,0,0,0,0,0,0,0,0,0
200910,20,151,2,4,Pratt County                  ,1,1,81400,0,0,0,0,0,0,0,0,0,1,1,81400,0,0,0,0,0,0,0,0,0
200910,20,183,2,4,Smith County                  ,1,1,119314,0,0,0,0,0,0,0,0,0,0,0,0,0,0,0,0,0,0,0,0,0
200910,20,209,2,4,Wyandotte County              ,15,15,1902500,0,0,0,0,0,0,0,0,0,15,15,1902500,0,0,0,0,0,0,0,0,0
200910,21,005,3,6,Anderson County               ,6,6,1112472,0,0,0,0,0,0,0,0,0,6,6,1112472,0,0,0,0,0,0,0,0,0
200910,21,015,3,6,Boone County                  ,47,47,6341467,1,2,190000,0,0,0,0,0,0,47,47,6341467,1,2,190000,0,0,0,0,0,0
200910,21,021,3,6,Boyle County                  ,3,3,622000,0,0,0,0,0,0,0,0,0,3,3,622000,0,0,0,0,0,0,0,0,0
200910,21,029,3,6,Bullitt County                ,24,24,3914300,0,0,0,1,3,540000,0,0,0,24,24,3914300,0,0,0,1,3,540000,0,0,0
200910,21,037,3,6,Campbell County               ,16,16,2774263,1,2,193179,0,0,0,1,11,1000000,13,13,2368655,0,0,0,0,0,0,1,11,1000000
200910,21,049,3,6,Clark County                  ,5,5,819621,0,0,0,0,0,0,0,0,0,0,0,0,0,0,0,0,0,0,0,0,0
200910,21,059,3,6,Daviess County                ,18,18,1551443,0,0,0,0,0,0,0,0,0,18,18,1551443,0,0,0,0,0,0,0,0,0
200910,21,067,3,6,Fayette County                ,47,47,5243000,0,0,0,0,0,0,1,44,2000000,47,47,5243000,0,0,0,0,0,0,1,44,2000000
200910,21,077,3,6,Gallatin County               ,4,4,180961,0,0,0,0,0,0,0,0,0,4,4,180961,0,0,0,0,0,0,0,0,0
200910,21,081,3,6,Grant County                  ,3,3,415000,0,0,0,0,0,0,0,0,0,3,3,415000,0,0,0,0,0,0,0,0,0
200910,21,103,3,6,Henry County                  ,1,1,15000,0,0,0,0,0,0,0,0,0,1,1,15000,0,0,0,0,0,0,0,0,0
200910,21,111,3,6,Jefferson County              ,61,61,12088522,0,0,0,0,0,0,0,0,0,61,61,12088522,0,0,0,0,0,0,0,0,0
200910,21,113,3,6,Jessamine County              ,6,6,895000,0,0,0,0,0,0,0,0,0,6,6,895000,0,0,0,0,0,0,0,0,0
200910,21,117,3,6,Kenton County                 ,32,32,4532653,0,0,0,0,0,0,1,5,126686,26,26,4032098,0,0,0,0,0,0,0,0,0
200910,21,137,3,6,Lincoln County                ,2,2,354226,0,0,0,0,0,0,0,0,0,2,2,354226,0,0,0,0,0,0,0,0,0
200910,21,151,3,6,Madison County                ,11,11,1048495,0,0,0,0,0,0,0,0,0,5,5,525000,0,0,0,0,0,0,0,0,0
200910,21,157,3,6,Marshall County               ,1,1,121209,0,0,0,0,0,0,0,0,0,0,0,0,0,0,0,0,0,0,0,0,0
200910,21,163,3,6,Meade County                  ,10,10,1181201,0,0,0,0,0,0,0,0,0,9,9,1047000,0,0,0,0,0,0,0,0,0
200910,21,167,3,6,Mercer County                 ,0,0,0,0,0,0,0,0,0,0,0,0,0,0,0,0,0,0,0,0,0,0,0,0
200910,21,179,3,6,Nelson County                 ,20,20,2241400,0,0,0,0,0,0,2,24,240000,20,20,2241400,0,0,0,0,0,0,2,24,240000
200910,21,185,3,6,Oldham County                 ,11,11,2997383,0,0,0,0,0,0,0,0,0,0,0,0,0,0,0,0,0,0,0,0,0
200910,21,191,3,6,Pendleton County              ,0,0,0,0,0,0,0,0,0,0,0,0,0,0,0,0,0,0,0,0,0,0,0,0
200910,21,205,3,6,Rowan County                  ,0,0,0,0,0,0,0,0,0,0,0,0,0,0,0,0,0,0,0,0,0,0,0,0
200910,21,209,3,6,Scott County                  ,24,24,2586200,0,0,0,0,0,0,0,0,0,24,24,2586200,0,0,0,0,0,0,0,0,0
200910,21,211,3,6,Shelby County                 ,11,11,1774000,0,0,0,0,0,0,0,0,0,11,11,1774000,0,0,0,0,0,0,0,0,0
200910,21,213,3,6,Simpson County                ,2,2,252722,0,0,0,0,0,0,0,0,0,0,0,0,0,0,0,0,0,0,0,0,0
200910,21,215,3,6,Spencer County                ,1,1,180124,0,0,0,0,0,0,0,0,0,1,1,180124,0,0,0,0,0,0,0,0,0
200910,21,221,3,6,Trigg County                  ,0,0,0,0,0,0,0,0,0,0,0,0,0,0,0,0,0,0,0,0,0,0,0,0
200910,21,239,3,6,Woodford County               ,3,3,217000,0,0,0,0,0,0,0,0,0,3,3,217000,0,0,0,0,0,0,0,0,0
200910,22,009,3,7,Avoyelles Parish              ,3,3,350757,0,0,0,0,0,0,0,0,0,0,0,0,0,0,0,0,0,0,0,0,0
200910,22,017,3,7,Caddo Parish                  ,25,25,6625847,0,0,0,0,0,0,0,0,0,25,25,6625847,0,0,0,0,0,0,0,0,0
200910,22,039,3,7,Evangeline Parish             ,10,10,2102800,0,0,0,0,0,0,0,0,0,10,10,2102800,0,0,0,0,0,0,0,0,0
200910,22,051,3,7,Jefferson Parish              ,35,35,6912748,0,0,0,0,0,0,0,0,0,35,35,6912748,0,0,0,0,0,0,0,0,0
200910,22,071,3,7,Orleans Parish                ,88,88,13175400,20,40,1492384,0,0,0,2,16,1600000,88,88,13175400,20,40,1492384,0,0,0,2,16,1600000
200910,22,075,3,7,Plaquemines Parish            ,4,4,414243,0,0,0,0,0,0,0,0,0,4,4,414243,0,0,0,0,0,0,0,0,0
200910,22,077,3,7,Pointe Coupee Parish          ,2,2,283964,0,0,0,0,0,0,0,0,0,2,2,283964,0,0,0,0,0,0,0,0,0
200910,22,087,3,7,St. Bernard Parish            ,0,0,0,0,0,0,0,0,0,0,0,0,0,0,0,0,0,0,0,0,0,0,0,0
200910,22,089,3,7,St. Charles Parish            ,7,7,1370072,0,0,0,0,0,0,0,0,0,0,0,0,0,0,0,0,0,0,0,0,0
200910,22,091,3,7,St. Helena Parish             ,0,0,0,0,0,0,0,0,0,0,0,0,0,0,0,0,0,0,0,0,0,0,0,0
200910,22,095,3,7,St. John the Baptist Parish   ,8,8,1197000,0,0,0,0,0,0,0,0,0,8,8,1197000,0,0,0,0,0,0,0,0,0
200910,22,103,3,7,St. Tammany Parish            ,50,50,10905348,1,2,183608,0,0,0,0,0,0,48,48,10547298,1,2,183608,0,0,0,0,0,0
200910,22,109,3,7,Terrebonne Parish             ,17,17,4349270,0,0,0,0,0,0,0,0,0,17,17,4349270,0,0,0,0,0,0,0,0,0
200910,22,117,3,7,Washington Parish             ,6,6,655000,0,0,0,0,0,0,0,0,0,6,6,655000,0,0,0,0,0,0,0,0,0
200910,23,000,1,1,Maine Unorganized Territory   ,9,9,1195202,0,0,0,0,0,0,0,0,0,0,0,0,0,0,0,0,0,0,0,0,0
200910,24,003,3,5,Anne Arundel County           ,64,64,11658900,0,0,0,0,0,0,0,0,0,63,63,11347818,0,0,0,0,0,0,0,0,0
200910,24,005,3,5,Baltimore County              ,34,34,6124219,0,0,0,1,3,720000,1,14,1400000,34,34,6124219,0,0,0,1,3,720000,1,14,1400000
200910,24,009,3,5,Calvert County                ,23,23,4142854,0,0,0,0,0,0,0,0,0,23,23,4142854,0,0,0,0,0,0,0,0,0
200910,24,013,3,5,Carroll County                ,15,15,2701861,0,0,0,0,0,0,0,0,0,15,15,2701861,0,0,0,0,0,0,0,0,0
200910,24,015,3,5,Cecil County                  ,15,15,2677965,0,0,0,0,0,0,1,7,602946,0,0,0,0,0,0,0,0,0,0,0,0
200910,24,017,3,5,Charles County                ,40,40,9092000,0,0,0,0,0,0,0,0,0,40,40,9092000,0,0,0,0,0,0,0,0,0
200910,24,021,3,5,Frederick County              ,36,36,7317218,0,0,0,1,3,607204,1,5,783753,6,6,1230000,0,0,0,0,0,0,0,0,0
200910,24,023,3,5,Garrett County                ,12,12,3150302,0,0,0,0,0,0,0,0,0,12,12,3150302,0,0,0,0,0,0,0,0,0
200910,24,025,3,5,Harford County                ,73,73,14050281,0,0,0,0,0,0,0,0,0,73,73,14050281,0,0,0,0,0,0,0,0,0
200910,24,027,3,5,Howard County                 ,43,43,10484630,0,0,0,0,0,0,0,0,0,0,0,0,0,0,0,0,0,0,0,0,0
200910,24,031,3,5,Montgomery County             ,57,57,15156757,0,0,0,0,0,0,0,0,0,53,53,14401950,0,0,0,0,0,0,0,0,0
200910,24,033,3,5,Prince George County          ,68,68,7757668,0,0,0,0,0,0,0,0,0,65,65,6850000,0,0,0,0,0,0,0,0,0
200910,24,035,3,5,Queen Anne County             ,12,12,2136000,0,0,0,0,0,0,0,0,0,12,12,2136000,0,0,0,0,0,0,0,0,0
200910,24,510,3,5,Baltimore (Independent City)  ,10,10,1397451,0,0,0,0,0,0,1,21,1682775,0,0,0,0,0,0,0,0,0,0,0,0
200910,25,009,1,1,Essex County                  ,40,40,12705667,2,4,576667,0,0,0,3,16,1579826,27,27,8571767,1,2,270000,0,0,0,1,6,700000
200910,25,017,1,1,Middlesex County              ,95,95,25148063,1,2,429000,3,9,1117000,2,10,1120120,69,69,19761279,1,2,429000,3,9,1117000,1,5,770120
200910,25,019,1,1,Nantucket County              ,7,7,4940600,0,0,0,0,0,0,0,0,0,7,7,4940600,0,0,0,0,0,0,0,0,0
200910,25,021,1,1,Norfolk County                ,40,40,11716846,0,0,0,0,0,0,3,20,1667652,30,30,8248061,0,0,0,0,0,0,0,0,0
200910,25,023,1,1,Plymouth County               ,60,60,12021978,0,0,0,0,0,0,0,0,0,25,25,6085617,0,0,0,0,0,0,0,0,0
200910,25,025,1,1,Suffolk County                ,0,0,0,1,2,182500,0,0,0,1,12,1327334,0,0,0,0,0,0,0,0,0,1,12,1327334
200910,26,000,2,3,Michigan Balance of State     ,12,12,1701725,0,0,0,0,0,0,0,0,0,12,12,1701725,0,0,0,0,0,0,0,0,0
200910,26,001,2,3,Alcona County                 ,2,2,202194,0,0,0,0,0,0,0,0,0,0,0,0,0,0,0,0,0,0,0,0,0
200910,26,009,2,3,Antrim County                 ,9,9,1911871,0,0,0,0,0,0,0,0,0,9,9,1911871,0,0,0,0,0,0,0,0,0
200910,26,015,2,3,Barry County                  ,8,8,953994,0,0,0,0,0,0,0,0,0,1,1,150000,0,0,0,0,0,0,0,0,0
200910,26,019,2,3,Benzie County                 ,6,6,975314,0,0,0,0,0,0,4,36,2845478,6,6,975314,0,0,0,0,0,0,4,36,2845478
200910,26,029,2,3,Charlevoix County             ,20,20,2919139,0,0,0,0,0,0,0,0,0,0,0,0,0,0,0,0,0,0,0,0,0
200910,26,031,2,3,Cheboygan County              ,3,3,405000,0,0,0,0,0,0,0,0,0,3,3,405000,0,0,0,0,0,0,0,0,0
200910,26,047,2,3,Emmet County                  ,3,3,529941,0,0,0,0,0,0,0,0,0,3,3,529941,0,0,0,0,0,0,0,0,0
200910,26,051,2,3,Gladwin County                ,1,1,168096,0,0,0,0,0,0,0,0,0,1,1,168096,0,0,0,0,0,0,0,0,0
200910,26,059,2,3,Hillsdale County              ,5,5,707720,0,0,0,0,0,0,0,0,0,5,5,707720,0,0,0,0,0,0,0,0,0
200910,26,067,2,3,Ionia County                  ,5,5,761341,0,0,0,0,0,0,0,0,0,0,0,0,0,0,0,0,0,0,0,0,0
200910,26,079,2,3,Kalkaska County               ,7,7,658550,0,0,0,0,0,0,0,0,0,7,7,658550,0,0,0,0,0,0,0,0,0
200910,26,081,2,3,Kent County                   ,58,58,11706823,1,2,322000,0,0,0,0,0,0,32,32,5785804,1,2,322000,0,0,0,0,0,0
200910,26,087,2,3,Lapeer County                 ,7,7,1199197,0,0,0,0,0,0,0,0,0,6,6,999197,0,0,0,0,0,0,0,0,0
200910,26,089,2,3,Leelanau County               ,7,7,1125670,0,0,0,0,0,0,0,0,0,7,7,1125670,0,0,0,0,0,0,0,0,0
200910,26,093,2,3,Livingston County             ,10,10,2144489,0,0,0,0,0,0,0,0,0,8,8,1940326,0,0,0,0,0,0,0,0,0
200910,26,099,2,3,Macomb County                 ,57,57,11765580,1,2,280500,0,0,0,0,0,0,52,52,10566547,0,0,0,0,0,0,0,0,0
200910,26,103,2,3,Marquette County              ,12,12,3344579,0,0,0,0,0,0,0,0,0,12,12,3344579,0,0,0,0,0,0,0,0,0
200910,26,113,2,3,Missaukee County              ,3,3,472641,0,0,0,0,0,0,0,0,0,0,0,0,0,0,0,0,0,0,0,0,0
200910,26,123,2,3,Newaygo County                ,6,6,549577,0,0,0,0,0,0,0,0,0,5,5,458500,0,0,0,0,0,0,0,0,0
200910,26,125,2,3,Oakland County                ,48,48,11710204,0,0,0,1,4,460000,0,0,0,29,29,7190755,0,0,0,1,4,460000,0,0,0
200910,26,129,2,3,Ogemaw County                 ,2,2,336192,0,0,0,0,0,0,0,0,0,2,2,336192,0,0,0,0,0,0,0,0,0
200910,26,133,2,3,Osceola County                ,3,3,120000,0,0,0,0,0,0,0,0,0,3,3,120000,0,0,0,0,0,0,0,0,0
200910,26,137,2,3,Otsego County                 ,4,4,933715,0,0,0,0,0,0,0,0,0,0,0,0,0,0,0,0,0,0,0,0,0
200910,26,141,2,3,Presque Isle County           ,2,2,540000,0,0,0,0,0,0,0,0,0,2,2,540000,0,0,0,0,0,0,0,0,0
200910,26,147,2,3,St. Clair County              ,5,5,819440,0,0,0,0,0,0,0,0,0,4,4,740839,0,0,0,0,0,0,0,0,0
200910,26,163,2,3,Wayne County                  ,28,28,5019517,0,0,0,0,0,0,0,0,0,27,27,4818766,0,0,0,0,0,0,0,0,0
200910,27,003,2,4,Anoka County                  ,56,56,11182129,0,0,0,2,8,913134,1,12,1600246,55,55,10977129,0,0,0,2,8,913134,1,12,1600246
200910,27,019,2,4,Carver County                 ,23,23,7183188,0,0,0,0,0,0,0,0,0,20,20,6448873,0,0,0,0,0,0,0,0,0
200910,27,025,2,4,Chisago County                ,7,7,1031761,0,0,0,0,0,0,0,0,0,6,6,880761,0,0,0,0,0,0,0,0,0
200910,27,037,2,4,Dakota County                 ,35,35,9130103,0,0,0,0,0,0,0,0,0,35,35,9130103,0,0,0,0,0,0,0,0,0
200910,27,053,2,4,Hennepin County               ,93,93,24933596,1,2,422300,1,4,564755,2,205,24150160,91,91,23771210,1,2,422300,1,4,564755,2,205,24150160
200910,27,059,2,4,Isanti County                 ,4,4,702633,0,0,0,0,0,0,0,0,0,4,4,702633,0,0,0,0,0,0,0,0,0
200910,27,123,2,4,Ramsey County                 ,8,8,3198000,0,0,0,0,0,0,0,0,0,8,8,3198000,0,0,0,0,0,0,0,0,0
200910,27,139,2,4,Scott County                  ,65,65,12762780,0,0,0,0,0,0,0,0,0,64,64,12547980,0,0,0,0,0,0,0,0,0
200910,27,141,2,4,Sherburne County              ,12,12,1968022,0,0,0,0,0,0,0,0,0,6,6,981256,0,0,0,0,0,0,0,0,0
200910,27,163,2,4,Washington County             ,58,58,14512938,0,0,0,0,0,0,0,0,0,58,58,14512938,0,0,0,0,0,0,0,0,0
200910,27,171,2,4,Wright County                 ,38,38,6624477,0,0,0,0,0,0,0,0,0,35,35,6028181,0,0,0,0,0,0,0,0,0
200910,28,021,3,6,Claiborne County              ,0,0,0,0,0,0,0,0,0,0,0,0,0,0,0,0,0,0,0,0,0,0,0,0
200910,28,033,3,6,DeSoto County                 ,41,41,5377522,0,0,0,0,0,0,0,0,0,34,34,4249958,0,0,0,0,0,0,0,0,0
200910,28,039,3,6,George County                 ,0,0,0,0,0,0,0,0,0,0,0,0,0,0,0,0,0,0,0,0,0,0,0,0
200910,28,071,3,6,Lafayette County              ,7,7,1301500,0,0,0,0,0,0,0,0,0,7,7,1301500,0,0,0,0,0,0,0,0,0
200910,28,091,3,6,Marion County                 ,0,0,0,0,0,0,0,0,0,0,0,0,0,0,0,0,0,0,0,0,0,0,0,0
200910,28,093,3,6,Marshall County               ,5,5,740000,0,0,0,0,0,0,0,0,0,5,5,740000,0,0,0,0,0,0,0,0,0
200910,28,137,3,6,Tate County                   ,7,7,598660,0,0,0,0,0,0,0,0,0,3,3,240000,0,0,0,0,0,0,0,0,0
200910,28,143,3,6,Tunica County                 ,1,1,80312,0,0,0,0,0,0,0,0,0,0,0,0,0,0,0,0,0,0,0,0,0
200910,28,153,3,6,Wayne County                  ,0,0,0,0,0,0,0,0,0,0,0,0,0,0,0,0,0,0,0,0,0,0,0,0
200910,29,001,2,4,Adair County                  ,8,8,902180,0,0,0,0,0,0,0,0,0,8,8,902180,0,0,0,0,0,0,0,0,0
200910,29,013,2,4,Bates County                  ,1,1,192000,0,0,0,0,0,0,0,0,0,1,1,192000,0,0,0,0,0,0,0,0,0
200910,29,019,2,4,Boone County                  ,37,37,6493938,0,0,0,0,0,0,1,8,400000,25,25,4237000,0,0,0,0,0,0,1,8,400000
200910,29,025,2,4,Caldwell County               ,1,1,201682,0,0,0,0,0,0,0,0,0,0,0,0,0,0,0,0,0,0,0,0,0
200910,29,037,2,4,Cass County                   ,8,8,2276567,6,12,540000,0,0,0,0,0,0,8,8,2276567,6,12,540000,0,0,0,0,0,0
200910,29,047,2,4,Clay County                   ,12,12,1938725,0,0,0,0,0,0,0,0,0,10,10,1617410,0,0,0,0,0,0,0,0,0
200910,29,049,2,4,Clinton County                ,4,4,711896,0,0,0,0,0,0,0,0,0,0,0,0,0,0,0,0,0,0,0,0,0
200910,29,065,2,4,Dent County                   ,0,0,0,0,0,0,0,0,0,0,0,0,0,0,0,0,0,0,0,0,0,0,0,0
200910,29,071,2,4,Franklin County               ,15,15,3280885,0,0,0,0,0,0,0,0,0,2,2,368000,0,0,0,0,0,0,0,0,0
200910,29,079,2,4,Grundy County                 ,0,0,0,0,0,0,0,0,0,0,0,0,0,0,0,0,0,0,0,0,0,0,0,0
200910,29,095,2,4,Jackson County                ,40,40,7994427,1,2,175000,1,4,255867,2,59,4641100,40,40,7994427,1,2,175000,1,4,255867,2,59,4641100
200910,29,099,2,4,Jefferson County              ,37,37,4893573,0,0,0,1,3,409702,0,0,0,34,34,4605198,0,0,0,1,3,409702,0,0,0
200910,29,105,2,4,Laclede County                ,2,2,199583,1,2,125962,0,0,0,0,0,0,0,0,0,0,0,0,0,0,0,0,0,0
200910,29,107,2,4,Lafayette County              ,3,3,495847,0,0,0,0,0,0,0,0,0,3,3,495847,0,0,0,0,0,0,0,0,0
200910,29,113,2,4,Lincoln County                ,11,11,889000,0,0,0,0,0,0,0,0,0,11,11,889000,0,0,0,0,0,0,0,0,0
200910,29,141,2,4,Morgan County                 ,0,0,0,0,0,0,0,0,0,0,0,0,0,0,0,0,0,0,0,0,0,0,0,0
200910,29,161,2,4,Phelps County                 ,0,0,0,0,0,0,1,4,360810,0,0,0,0,0,0,0,0,0,1,4,360810,0,0,0
200910,29,165,2,4,Platte County                 ,9,9,2190024,0,0,0,0,0,0,0,0,0,9,9,2190024,0,0,0,0,0,0,0,0,0
200910,29,177,2,4,Ray County                    ,3,3,282500,0,0,0,0,0,0,0,0,0,3,3,282500,0,0,0,0,0,0,0,0,0
200910,29,183,2,4,St. Charles County            ,95,95,18163485,2,4,280000,1,3,208000,0,0,0,85,85,14939090,2,4,280000,1,3,208000,0,0,0
200910,29,189,2,4,St. Louis County              ,44,44,16368993,0,0,0,0,0,0,1,6,529223,10,10,3440657,0,0,0,0,0,0,0,0,0
200910,29,219,2,4,Warren County                 ,12,12,2088390,0,0,0,0,0,0,0,0,0,9,9,1650373,0,0,0,0,0,0,0,0,0
200910,29,221,2,4,Washington County             ,1,1,45000,0,0,0,0,0,0,0,0,0,1,1,45000,0,0,0,0,0,0,0,0,0
200910,29,510,2,4,St. Louis (Independent City)  ,3,3,301000,0,0,0,0,0,0,0,0,0,3,3,301000,0,0,0,0,0,0,0,0,0
200910,30,023,4,8,Deer Lodge County             ,0,0,0,0,0,0,0,0,0,0,0,0,0,0,0,0,0,0,0,0,0,0,0,0
200910,30,063,4,8,Missoula County               ,26,26,3222466,1,2,87519,1,4,107910,0,0,0,26,26,3222466,1,2,87519,1,4,107910,0,0,0
200910,31,025,2,4,Cass County                   ,2,2,303395,0,0,0,0,0,0,0,0,0,2,2,303395,0,0,0,0,0,0,0,0,0
200910,31,033,2,4,Cheyenne County               ,1,1,500000,0,0,0,0,0,0,0,0,0,1,1,500000,0,0,0,0,0,0,0,0,0
200910,31,055,2,4,Douglas County                ,147,147,16031241,0,0,0,0,0,0,1,5,607988,146,146,15867645,0,0,0,0,0,0,0,0,0
200910,31,077,2,4,Greeley County                ,0,0,0,0,0,0,0,0,0,0,0,0,0,0,0,0,0,0,0,0,0,0,0,0
200910,31,105,2,4,Kimball County                ,0,0,0,0,0,0,0,0,0,0,0,0,0,0,0,0,0,0,0,0,0,0,0,0
200910,31,153,2,4,Sarpy County                  ,62,62,13766741,0,0,0,0,0,0,0,0,0,42,42,9704649,0,0,0,0,0,0,0,0,0
200910,31,155,2,4,Saunders County               ,8,8,1136373,0,0,0,0,0,0,0,0,0,8,8,1136373,0,0,0,0,0,0,0,0,0
200910,31,177,2,4,Washington County             ,6,6,1455240,0,0,0,0,0,0,0,0,0,6,6,1455240,0,0,0,0,0,0,0,0,0
200910,32,001,4,8,Churchill County              ,0,0,0,0,0,0,0,0,0,0,0,0,0,0,0,0,0,0,0,0,0,0,0,0
200910,32,003,4,8,Clark County                  ,335,335,64179777,0,0,0,8,24,2087680,4,96,6782858,334,334,63876931,0,0,0,8,24,2087680,4,96,6782858
200910,32,005,4,8,Douglas County                ,3,3,339257,0,0,0,0,0,0,0,0,0,3,3,339257,0,0,0,0,0,0,0,0,0
200910,32,007,4,8,Elko County                   ,7,7,1260864,0,0,0,0,0,0,0,0,0,7,7,1260864,0,0,0,0,0,0,0,0,0
200910,32,013,4,8,Humboldt County               ,1,1,32256,0,0,0,0,0,0,0,0,0,1,1,32256,0,0,0,0,0,0,0,0,0
200910,32,015,4,8,Lander County                 ,0,0,0,0,0,0,0,0,0,0,0,0,0,0,0,0,0,0,0,0,0,0,0,0
200910,32,017,4,8,Lincoln County                ,1,1,168022,0,0,0,0,0,0,0,0,0,0,0,0,0,0,0,0,0,0,0,0,0
200910,32,019,4,8,Lyon County                   ,6,6,1170697,0,0,0,0,0,0,0,0,0,6,6,1170697,0,0,0,0,0,0,0,0,0
200910,32,021,4,8,Mineral County                ,1,1,95000,0,0,0,0,0,0,0,0,0,1,1,95000,0,0,0,0,0,0,0,0,0
200910,32,027,4,8,Pershing County               ,0,0,0,0,0,0,0,0,0,0,0,0,0,0,0,0,0,0,0,0,0,0,0,0
200910,32,029,4,8,Storey County                 ,0,0,0,0,0,0,0,0,0,0,0,0,0,0,0,0,0,0,0,0,0,0,0,0
200910,32,031,4,8,Washoe County                 ,33,33,6981972,0,0,0,0,0,0,0,0,0,23,23,3902562,0,0,0,0,0,0,0,0,0
200910,32,033,4,8,White Pine County             ,0,0,0,0,0,0,0,0,0,0,0,0,0,0,0,0,0,0,0,0,0,0,0,0
200910,32,510,4,8,Carson City (Independent City),4,4,733989,0,0,0,0,0,0,0,0,0,4,4,733989,0,0,0,0,0,0,0,0,0
200910,33,015,1,1,Rockingham County             ,49,49,10974871,0,0,0,2,7,985217,0,0,0,43,43,9636713,0,0,0,1,4,680000,0,0,0
200910,33,017,1,1,Strafford County              ,13,13,1675892,0,0,0,0,0,0,0,0,0,11,11,1296554,0,0,0,0,0,0,0,0,0
200910,34,001,1,2,Atlantic County               ,43,43,8539942,0,0,0,1,4,200000,0,0,0,36,36,6700285,0,0,0,1,4,200000,0,0,0
200910,34,003,1,2,Bergen County                 ,50,50,18253956,3,6,576381,3,10,1207000,1,5,636956,17,17,6274274,1,2,177900,3,10,1207000,0,0,81400
200910,34,005,1,2,Burlington County             ,49,49,10723082,0,0,0,0,0,0,2,10,537344,37,37,9200224,0,0,0,0,0,0,0,0,0
200910,34,007,1,2,Camden County                 ,28,28,3948340,0,0,0,0,0,0,1,5,276208,10,10,1535054,0,0,0,0,0,0,0,0,0
200910,34,009,1,2,Cape May County               ,25,25,9573033,2,4,663800,0,0,0,0,0,0,17,17,8234152,2,4,663800,0,0,0,0,0,0
200910,34,011,1,2,Cumberland County             ,20,20,2421131,0,0,0,0,0,0,0,0,0,14,14,1489985,0,0,0,0,0,0,0,0,0
200910,34,013,1,2,Essex County                  ,21,21,4538137,4,8,663800,0,0,0,0,0,0,10,10,3001520,4,8,663800,0,0,0,0,0,0
200910,34,015,1,2,Gloucester County             ,44,44,7639980,1,2,100000,0,0,0,1,8,512800,37,37,6955256,0,0,0,0,0,0,1,8,512800
200910,34,017,1,2,Hudson County                 ,8,8,1204129,4,8,1015544,2,6,439784,3,39,4586889,2,2,218500,2,4,437000,1,3,215800,0,0,0
200910,34,019,1,2,Hunterdon County              ,12,12,3122671,0,0,0,1,3,1117826,1,8,440000,6,6,1868030,0,0,0,1,3,1117826,1,8,440000
200910,34,021,1,2,Mercer County                 ,20,20,6210441,0,0,0,0,0,0,0,0,0,5,5,3180500,0,0,0,0,0,0,0,0,0
200910,34,023,1,2,Middlesex County              ,72,72,12265453,0,0,0,0,0,0,2,50,648000,69,69,11686453,0,0,0,0,0,0,2,50,648000
200910,34,025,1,2,Monmouth County               ,78,78,20152991,0,0,0,0,0,0,0,0,0,55,55,16897285,0,0,0,0,0,0,0,0,0
200910,34,027,1,2,Morris County                 ,39,39,9361643,0,0,0,0,0,0,2,10,637973,22,22,6109203,0,0,0,0,0,0,0,0,0
200910,34,029,1,2,Ocean County                  ,79,79,14824257,0,0,0,0,0,0,0,0,0,58,58,10055351,0,0,0,0,0,0,0,0,0
200910,34,031,1,2,Passaic County                ,24,24,3145038,1,2,140238,0,0,0,1,10,320000,16,16,2103850,0,0,0,0,0,0,1,10,320000
200910,34,033,1,2,Salem County                  ,3,3,540736,0,0,0,0,0,0,1,5,223536,1,1,400000,0,0,0,0,0,0,0,0,0
200910,34,035,1,2,Somerset County               ,44,44,6240831,0,0,0,0,0,0,2,10,748826,30,30,4291350,0,0,0,0,0,0,0,0,0
200910,34,037,1,2,Sussex County                 ,17,17,3614107,0,0,0,0,0,0,0,0,0,10,10,2261492,0,0,0,0,0,0,0,0,0
200910,34,039,1,2,Union County                  ,18,18,4685205,1,2,143655,0,0,0,2,55,666074,8,8,2988901,0,0,0,0,0,0,1,50,490000
200910,34,041,1,2,Warren County                 ,32,32,3270229,0,0,0,0,0,0,0,0,0,28,28,2710080,0,0,0,0,0,0,0,0,0
200910,35,000,4,8,New Mexico Balance of State   ,65,65,17557120,0,0,0,0,0,0,0,0,0,65,65,17557120,0,0,0,0,0,0,0,0,0
200910,35,001,4,8,Bernalillo County             ,80,80,14382094,0,0,0,0,0,0,1,10,784280,0,0,0,0,0,0,0,0,0,0,0,0
200910,35,005,4,8,Chaves County                 ,2,2,239000,0,0,0,0,0,0,0,0,0,2,2,239000,0,0,0,0,0,0,0,0,0
200910,35,007,4,8,Colfax County                 ,0,0,0,0,0,0,0,0,0,0,0,0,0,0,0,0,0,0,0,0,0,0,0,0
200910,35,009,4,8,Curry County                  ,20,20,4228179,0,0,0,0,0,0,0,0,0,20,20,4228179,0,0,0,0,0,0,0,0,0
200910,35,013,4,8,Dona Ana County               ,76,76,11795925,0,0,0,0,0,0,1,14,770000,76,76,11795925,0,0,0,0,0,0,1,14,770000
200910,35,015,4,8,Eddy County                   ,6,6,1102529,0,0,0,0,0,0,0,0,0,1,1,220000,0,0,0,0,0,0,0,0,0
200910,35,025,4,8,Lea County                    ,2,2,390000,0,0,0,0,0,0,0,0,0,2,2,390000,0,0,0,0,0,0,0,0,0
200910,35,027,4,8,Lincoln County                ,5,5,874890,0,0,0,0,0,0,0,0,0,0,0,0,0,0,0,0,0,0,0,0,0
200910,35,028,4,8,Los Alamos County             ,0,0,0,0,0,0,0,0,0,0,0,0,0,0,0,0,0,0,0,0,0,0,0,0
200910,35,029,4,8,Luna County                   ,3,3,550645,0,0,0,0,0,0,0,0,0,0,0,0,0,0,0,0,0,0,0,0,0
200910,35,031,4,8,McKinley County               ,0,0,0,0,0,0,0,0,0,0,0,0,0,0,0,0,0,0,0,0,0,0,0,0
200910,35,035,4,8,Otero County                  ,0,0,0,0,0,0,0,0,0,0,0,0,0,0,0,0,0,0,0,0,0,0,0,0
200910,35,039,4,8,Rio Arriba County             ,0,0,0,0,0,0,0,0,0,0,0,0,0,0,0,0,0,0,0,0,0,0,0,0
200910,35,041,4,8,Roosevelt County              ,4,4,578000,0,0,0,0,0,0,0,0,0,4,4,578000,0,0,0,0,0,0,0,0,0
200910,35,043,4,8,Sandoval County               ,31,31,5212415,0,0,0,0,0,0,0,0,0,31,31,5212415,0,0,0,0,0,0,0,0,0
200910,35,045,4,8,San Juan County               ,11,11,2086943,0,0,0,0,0,0,0,0,0,11,11,2086943,0,0,0,0,0,0,0,0,0
200910,35,049,4,8,Santa Fe County               ,8,8,1066921,0,0,0,0,0,0,0,0,0,0,0,0,0,0,0,0,0,0,0,0,0
200910,35,051,4,8,Sierra County                 ,0,0,0,0,0,0,0,0,0,0,0,0,0,0,0,0,0,0,0,0,0,0,0,0
200910,35,053,4,8,Socorro County                ,0,0,0,0,0,0,0,0,0,0,0,0,0,0,0,0,0,0,0,0,0,0,0,0
200910,35,055,4,8,Taos County                   ,6,6,657935,0,0,0,0,0,0,0,0,0,0,0,0,0,0,0,0,0,0,0,0,0
200910,35,061,4,8,Valencia County               ,16,16,2290851,0,0,0,0,0,0,0,0,0,12,12,1673371,0,0,0,0,0,0,0,0,0
200910,36,005,1,2,Bronx County                  ,0,0,0,2,4,451971,2,6,640145,3,138,15264346,0,0,0,2,4,451971,2,6,640145,3,138,15264346
200910,36,047,1,2,Kings County                  ,0,0,0,4,8,903942,0,0,0,0,0,0,0,0,0,4,8,903942,0,0,0,0,0,0
200910,36,059,1,2,Nassau County                 ,54,54,17346661,0,0,0,0,0,0,1,5,579581,20,20,8900600,0,0,0,0,0,0,0,0,0
200910,36,061,1,2,New York County               ,0,0,0,0,0,0,0,0,0,0,0,0,0,0,0,0,0,0,0,0,0,0,0,0
200910,36,079,1,2,Putnam County                 ,3,3,791400,0,0,0,0,0,0,0,0,0,2,2,600000,0,0,0,0,0,0,0,0,0
200910,36,081,1,2,Queens County                 ,4,4,901233,7,14,1581899,0,0,0,1,21,2322835,4,4,901233,7,14,1581899,0,0,0,1,21,2322835
200910,36,085,1,2,Richmond County               ,8,8,1802466,7,14,1581899,0,0,0,0,0,0,8,8,1802466,7,14,1581899,0,0,0,0,0,0
200910,36,087,1,2,Rockland County               ,5,5,1578000,0,0,0,0,0,0,0,0,0,4,4,1388000,0,0,0,0,0,0,0,0,0
200910,36,103,1,2,Suffolk County                ,91,91,41592069,0,0,0,0,0,0,0,0,0,76,76,38279790,0,0,0,0,0,0,0,0,0
200910,36,119,1,2,Westchester County            ,17,17,7883053,0,0,0,0,0,0,0,0,0,7,7,4356000,0,0,0,0,0,0,0,0,0
200910,37,003,3,5,Alexander County              ,15,15,677480,0,0,0,0,0,0,0,0,0,15,15,677480,0,0,0,0,0,0,0,0,0
200910,37,007,3,5,Anson County                  ,2,2,266305,0,0,0,0,0,0,0,0,0,2,2,266305,0,0,0,0,0,0,0,0,0
200910,37,009,3,5,Ashe County                   ,12,12,1944201,0,0,0,0,0,0,0,0,0,12,12,1944201,0,0,0,0,0,0,0,0,0
200910,37,011,3,5,Avery County                  ,8,8,1656500,0,0,0,0,0,0,0,0,0,8,8,1656500,0,0,0,0,0,0,0,0,0
200910,37,019,3,5,Brunswick County              ,79,79,15249693,0,0,0,0,0,0,0,0,0,79,79,15249693,0,0,0,0,0,0,0,0,0
200910,37,025,3,5,Cabarrus County               ,65,65,8921453,0,0,0,0,0,0,0,0,0,65,65,8921453,0,0,0,0,0,0,0,0,0
200910,37,027,3,5,Caldwell County               ,19,19,4202605,0,0,0,0,0,0,0,0,0,19,19,4202605,0,0,0,0,0,0,0,0,0
200910,37,037,3,5,Chatham County                ,21,21,4893500,0,0,0,0,0,0,0,0,0,21,21,4893500,0,0,0,0,0,0,0,0,0
200910,37,039,3,5,Cherokee County               ,7,7,1055827,0,0,0,0,0,0,0,0,0,7,7,1055827,0,0,0,0,0,0,0,0,0
200910,37,049,3,5,Craven County                 ,26,26,3439402,0,0,0,0,0,0,0,0,0,26,26,3439402,0,0,0,0,0,0,0,0,0
200910,37,053,3,5,Currituck County              ,9,9,3019217,0,0,0,0,0,0,0,0,0,0,0,0,0,0,0,0,0,0,0,0,0
200910,37,059,3,5,Davie County                  ,5,5,2415610,0,0,0,0,0,0,0,0,0,5,5,2415610,0,0,0,0,0,0,0,0,0
200910,37,063,3,5,Durham County                 ,36,36,7617994,0,0,0,0,0,0,0,0,0,36,36,7617994,0,0,0,0,0,0,0,0,0
200910,37,067,3,5,Forsyth County                ,34,34,5688915,0,0,0,0,0,0,0,0,0,34,34,5688915,0,0,0,0,0,0,0,0,0
200910,37,069,3,5,Franklin County               ,27,27,4151175,0,0,0,0,0,0,0,0,0,27,27,4151175,0,0,0,0,0,0,0,0,0
200910,37,071,3,5,Gaston County                 ,25,25,6114650,0,0,0,0,0,0,0,0,0,25,25,6114650,0,0,0,0,0,0,0,0,0
200910,37,081,3,5,Guilford County               ,71,71,13742354,0,0,0,0,0,0,1,20,666660,41,41,6783385,0,0,0,0,0,0,1,20,666660
200910,37,089,3,5,Henderson County              ,30,30,5972502,0,0,0,0,0,0,0,0,0,30,30,5972502,0,0,0,0,0,0,0,0,0
200910,37,093,3,5,Hoke County                   ,38,38,6333933,0,0,0,0,0,0,0,0,0,38,38,6333933,0,0,0,0,0,0,0,0,0
200910,37,097,3,5,Iredell County                ,88,88,12477036,1,2,233333,0,0,0,0,0,0,0,0,0,0,0,0,0,0,0,0,0,0
200910,37,101,3,5,Johnston County               ,55,55,8003000,0,0,0,0,0,0,0,0,0,55,55,8003000,0,0,0,0,0,0,0,0,0
200910,37,105,3,5,Lee County                    ,8,8,1088145,0,0,0,0,0,0,0,0,0,8,8,1088145,0,0,0,0,0,0,0,0,0
200910,37,109,3,5,Lincoln County                ,18,18,3867628,0,0,0,0,0,0,0,0,0,0,0,0,0,0,0,0,0,0,0,0,0
200910,37,113,3,5,Macon County                  ,14,14,6410000,0,0,0,0,0,0,0,0,0,14,14,6410000,0,0,0,0,0,0,0,0,0
200910,37,119,3,5,Mecklenburg County            ,113,113,20354023,4,8,734430,0,0,0,11,200,16294092,113,113,20354023,4,8,734430,0,0,0,11,200,16294092
200910,37,127,3,5,Nash County                   ,23,23,4290138,0,0,0,0,0,0,0,0,0,17,17,3886210,0,0,0,0,0,0,0,0,0
200910,37,129,3,5,New Hanover County            ,4,4,1038000,0,0,0,0,0,0,0,0,0,3,3,597000,0,0,0,0,0,0,0,0,0
200910,37,135,3,5,Orange County                 ,10,10,2804765,0,0,0,0,0,0,1,54,4418639,10,10,2804765,0,0,0,0,0,0,1,54,4418639
200910,37,137,3,5,Pamlico County                ,2,2,182000,0,0,0,0,0,0,0,0,0,2,2,182000,0,0,0,0,0,0,0,0,0
200910,37,141,3,5,Pender County                 ,14,14,1691094,0,0,0,0,0,0,0,0,0,13,13,1547200,0,0,0,0,0,0,0,0,0
200910,37,145,3,5,Person County                 ,9,9,1648000,0,0,0,0,0,0,0,0,0,9,9,1648000,0,0,0,0,0,0,0,0,0
200910,37,147,3,5,Pitt County                   ,30,30,4588345,8,16,1544300,0,0,0,0,0,0,30,30,4588345,8,16,1544300,0,0,0,0,0,0
200910,37,149,3,5,Polk County                   ,7,7,1190127,0,0,0,0,0,0,0,0,0,7,7,1190127,0,0,0,0,0,0,0,0,0
200910,37,151,3,5,Randolph County               ,13,13,1529406,0,0,0,0,0,0,0,0,0,13,13,1529406,0,0,0,0,0,0,0,0,0
200910,37,157,3,5,Rockingham County             ,11,11,2288899,0,0,0,0,0,0,0,0,0,11,11,2288899,0,0,0,0,0,0,0,0,0
200910,37,159,3,5,Rowan County                  ,18,18,3114885,0,0,0,0,0,0,0,0,0,18,18,3114885,0,0,0,0,0,0,0,0,0
200910,37,163,3,5,Sampson County                ,9,9,644000,0,0,0,0,0,0,1,38,2500000,9,9,644000,0,0,0,0,0,0,1,38,2500000
200910,37,167,3,5,Stanly County                 ,11,11,1153248,1,2,78363,0,0,0,0,0,0,0,0,0,0,0,0,0,0,0,0,0,0
200910,37,171,3,5,Surry County                  ,10,10,1529294,0,0,0,0,0,0,0,0,0,10,10,1529294,0,0,0,0,0,0,0,0,0
200910,37,175,3,5,Transylvania County           ,10,10,2353387,0,0,0,0,0,0,0,0,0,10,10,2353387,0,0,0,0,0,0,0,0,0
200910,37,179,3,5,Union County                  ,53,53,7974821,0,0,0,0,0,0,0,0,0,53,53,7974821,0,0,0,0,0,0,0,0,0
200910,37,181,3,5,Vance County                  ,5,5,339000,0,0,0,0,0,0,0,0,0,5,5,339000,0,0,0,0,0,0,0,0,0
200910,37,183,3,5,Wake County                   ,248,248,51654833,0,0,0,0,0,0,3,131,10061007,248,248,51654833,0,0,0,0,0,0,3,131,10061007
200910,37,195,3,5,Wilson County                 ,7,7,1321554,0,0,0,0,0,0,0,0,0,7,7,1321554,0,0,0,0,0,0,0,0,0
200910,39,015,2,3,Brown County                  ,5,5,844262,0,0,0,0,0,0,0,0,0,0,0,0,0,0,0,0,0,0,0,0,0
200910,39,017,2,3,Butler County                 ,48,48,8723718,0,0,0,0,0,0,0,0,0,48,48,8723718,0,0,0,0,0,0,0,0,0
200910,39,025,2,3,Clermont County               ,34,34,3844868,0,0,0,0,0,0,2,22,1899000,34,34,3844868,0,0,0,0,0,0,2,22,1899000
200910,39,035,2,3,Cuyahoga County               ,40,40,10116278,0,0,0,0,0,0,0,0,0,23,23,7373407,0,0,0,0,0,0,0,0,0
200910,39,041,2,3,Delaware County               ,57,57,11891840,0,0,0,0,0,0,0,0,0,57,57,11891840,0,0,0,0,0,0,0,0,0
200910,39,045,2,3,Fairfield County              ,12,12,2531898,0,0,0,0,0,0,0,0,0,9,9,2057531,0,0,0,0,0,0,0,0,0
200910,39,049,2,3,Franklin County               ,87,87,20079772,0,0,0,1,4,200000,9,114,4860000,72,72,16497798,0,0,0,1,4,200000,9,114,4860000
200910,39,055,2,3,Geauga County                 ,6,6,2685000,0,0,0,0,0,0,0,0,0,6,6,2685000,0,0,0,0,0,0,0,0,0
200910,39,061,2,3,Hamilton County               ,29,29,8919888,0,0,0,0,0,0,2,11,1676816,4,4,869820,0,0,0,0,0,0,0,0,0
200910,39,085,2,3,Lake County                   ,30,30,5720359,0,0,0,0,0,0,0,0,0,24,24,4892961,0,0,0,0,0,0,0,0,0
200910,39,089,2,3,Licking County                ,18,18,3376734,0,0,0,0,0,0,0,0,0,18,18,3376734,0,0,0,0,0,0,0,0,0
200910,39,093,2,3,Lorain County                 ,46,46,7038771,1,2,248400,2,8,993600,0,0,0,44,44,6738322,1,2,248400,2,8,993600,0,0,0
200910,39,097,2,3,Madison County                ,6,6,1196695,0,0,0,0,0,0,0,0,0,5,5,1031695,0,0,0,0,0,0,0,0,0
200910,39,103,2,3,Medina County                 ,44,44,8124066,0,0,0,0,0,0,0,0,0,44,44,8124066,0,0,0,0,0,0,0,0,0
200910,39,117,2,3,Morrow County                 ,5,5,871321,0,0,0,0,0,0,0,0,0,2,2,286339,0,0,0,0,0,0,0,0,0
200910,39,129,2,3,Pickaway County               ,0,0,0,0,0,0,0,0,0,0,0,0,0,0,0,0,0,0,0,0,0,0,0,0
200910,39,159,2,3,Union County                  ,10,10,1518868,0,0,0,0,0,0,0,0,0,10,10,1518868,0,0,0,0,0,0,0,0,0
200910,39,165,2,3,Warren County                 ,44,44,11335295,0,0,0,0,0,0,0,0,0,41,41,10791050,0,0,0,0,0,0,0,0,0
200910,39,169,2,3,Wayne County                  ,18,18,3596000,0,0,0,0,0,0,0,0,0,18,18,3596000,0,0,0,0,0,0,0,0,0
200910,40,017,3,7,Canadian County               ,10,10,2421650,0,0,0,0,0,0,0,0,0,10,10,2421650,0,0,0,0,0,0,0,0,0
200910,40,021,3,7,Cherokee County               ,2,2,378979,0,0,0,0,0,0,0,0,0,0,0,0,0,0,0,0,0,0,0,0,0
200910,40,027,3,7,Cleveland County              ,53,53,7807275,1,2,260000,0,0,0,0,0,0,53,53,7807275,1,2,260000,0,0,0,0,0,0
200910,40,029,3,7,Coal County                   ,0,0,0,0,0,0,0,0,0,0,0,0,0,0,0,0,0,0,0,0,0,0,0,0
200910,40,037,3,7,Creek County                  ,11,11,1363480,0,0,0,0,0,0,0,0,0,5,5,664800,0,0,0,0,0,0,0,0,0
200910,40,051,3,7,Grady County                  ,3,3,539133,0,0,0,0,0,0,0,0,0,2,2,451000,0,0,0,0,0,0,0,0,0
200910,40,081,3,7,Lincoln County                ,2,2,178000,0,0,0,0,0,0,0,0,0,2,2,178000,0,0,0,0,0,0,0,0,0
200910,40,083,3,7,Logan County                  ,0,0,0,0,0,0,0,0,0,0,0,0,0,0,0,0,0,0,0,0,0,0,0,0
200910,40,087,3,7,McClain County                ,5,5,720734,0,0,0,0,0,0,0,0,0,4,4,646500,0,0,0,0,0,0,0,0,0
200910,40,099,3,7,Murray County                 ,3,3,365000,0,0,0,0,0,0,0,0,0,3,3,365000,0,0,0,0,0,0,0,0,0
200910,40,109,3,7,Oklahoma County               ,256,256,47257248,3,6,500000,2,6,340000,0,0,0,244,244,45541111,3,6,500000,2,6,340000,0,0,0
200910,40,111,3,7,Okmulgee County               ,0,0,0,0,0,0,0,0,0,0,0,0,0,0,0,0,0,0,0,0,0,0,0,0
200910,40,113,3,7,Osage County                  ,8,8,823000,0,0,0,0,0,0,0,0,0,8,8,823000,0,0,0,0,0,0,0,0,0
200910,40,117,3,7,Pawnee County                 ,0,0,0,0,0,0,0,0,0,0,0,0,0,0,0,0,0,0,0,0,0,0,0,0
200910,40,131,3,7,Rogers County                 ,20,20,3469369,0,0,0,0,0,0,0,0,0,19,19,3362234,0,0,0,0,0,0,0,0,0
200910,40,143,3,7,Tulsa County                  ,150,150,25998490,3,6,184869,0,0,0,1,40,3500000,150,150,25998490,3,6,184869,0,0,0,1,40,3500000
200910,40,145,3,7,Wagoner County                ,29,29,4205669,0,0,0,0,0,0,0,0,0,29,29,4205669,0,0,0,0,0,0,0,0,0
200910,41,000,4,9,Oregon Balance of State       ,7,7,1197253,0,0,0,0,0,0,0,0,0,7,7,1197253,0,0,0,0,0,0,0,0,0
200910,41,001,4,9,Baker County                  ,2,2,428917,0,0,0,0,0,0,0,0,0,2,2,428917,0,0,0,0,0,0,0,0,0
200910,41,005,4,9,Clackamas County              ,41,41,11775558,0,0,0,0,0,0,0,0,0,37,37,10487596,0,0,0,0,0,0,0,0,0
200910,41,009,4,9,Columbia County               ,3,3,992550,1,2,150000,0,0,0,0,0,0,3,3,992550,1,2,150000,0,0,0,0,0,0
200910,41,017,4,9,Deschutes County              ,30,30,8085247,1,2,350000,0,0,0,0,0,0,30,30,8085247,1,2,350000,0,0,0,0,0,0
200910,41,019,4,9,Douglas County                ,11,11,2168626,0,0,0,0,0,0,1,6,389584,11,11,2168626,0,0,0,0,0,0,1,6,389584
200910,41,025,4,9,Harney County                 ,2,2,504059,0,0,0,0,0,0,0,0,0,0,0,0,0,0,0,0,0,0,0,0,0
200910,41,033,4,9,Josephine County              ,4,4,1017544,0,0,0,0,0,0,0,0,0,4,4,1017544,0,0,0,0,0,0,0,0,0
200910,41,035,4,9,Klamath County                ,5,5,917185,0,0,0,0,0,0,0,0,0,5,5,917185,0,0,0,0,0,0,0,0,0
200910,41,045,4,9,Malheur County                ,1,1,298794,0,0,0,0,0,0,0,0,0,0,0,0,0,0,0,0,0,0,0,0,0
200910,41,051,4,9,Multnomah County              ,63,63,13937227,0,0,0,0,0,0,1,138,23858847,63,63,13937227,0,0,0,0,0,0,1,138,23858847
200910,41,059,4,9,Umatilla County               ,2,2,287516,0,0,0,0,0,0,0,0,0,0,0,0,0,0,0,0,0,0,0,0,0
200910,41,061,4,9,Union County                  ,5,5,1017105,0,0,0,0,0,0,0,0,0,5,5,1017105,0,0,0,0,0,0,0,0,0
200910,41,067,4,9,Washington County             ,71,71,19280459,0,0,0,0,0,0,4,36,4357036,68,68,18395254,0,0,0,0,0,0,4,36,4357036
200910,41,071,4,9,Yamhill County                ,23,23,4546480,0,0,0,0,0,0,0,0,0,18,18,3665274,0,0,0,0,0,0,0,0,0
200910,42,001,1,2,Adams County                  ,11,11,3195956,0,0,0,0,0,0,0,0,0,11,11,3195956,0,0,0,0,0,0,0,0,0
200910,42,003,1,2,Allegheny County              ,73,73,18180800,2,4,372000,0,0,0,0,0,0,41,41,11991353,2,4,372000,0,0,0,0,0,0
200910,42,005,1,2,Armstrong County              ,8,8,1195772,0,0,0,0,0,0,0,0,0,4,4,840617,0,0,0,0,0,0,0,0,0
200910,42,007,1,2,Beaver County                 ,14,14,2908993,0,0,0,0,0,0,0,0,0,9,9,2154000,0,0,0,0,0,0,0,0,0
200910,42,017,1,2,Bucks County                  ,46,46,8314907,0,0,0,0,0,0,0,0,0,37,37,6495699,0,0,0,0,0,0,0,0,0
200910,42,019,1,2,Butler County                 ,30,30,7140747,0,0,0,1,4,890000,0,0,0,16,16,3244992,0,0,0,1,4,890000,0,0,0
200910,42,025,1,2,Carbon County                 ,9,9,1305877,0,0,0,0,0,0,1,19,600000,8,8,1123500,0,0,0,0,0,0,1,19,600000
200910,42,029,1,2,Chester County                ,78,78,15545909,0,0,0,0,0,0,0,0,0,54,54,10919090,0,0,0,0,0,0,0,0,0
200910,42,045,1,2,Delaware County               ,47,47,9809151,0,0,0,0,0,0,3,29,3783922,25,25,5050138,0,0,0,0,0,0,2,24,2313000
200910,42,051,1,2,Fayette County                ,20,20,4184216,0,0,0,0,0,0,0,0,0,0,0,0,0,0,0,0,0,0,0,0,0
200910,42,055,1,2,Franklin County               ,33,33,4833360,1,2,130000,0,0,0,2,12,880000,21,21,3737684,1,2,130000,0,0,0,1,7,630000
200910,42,065,1,2,Jefferson County              ,10,10,872372,0,0,0,0,0,0,0,0,0,10,10,872372,0,0,0,0,0,0,0,0,0
200910,42,077,1,2,Lehigh County                 ,49,49,7051159,0,0,0,0,0,0,2,28,665000,42,42,5723061,0,0,0,0,0,0,2,28,665000
200910,42,091,1,2,Montgomery County             ,58,58,13187417,10,20,1823800,0,0,0,2,23,2176550,35,35,8496214,10,20,1823800,0,0,0,2,23,2176550
200910,42,095,1,2,Northampton County            ,55,55,8235529,0,0,0,0,0,0,0,0,0,41,41,5676860,0,0,0,0,0,0,0,0,0
200910,42,101,1,2,Philadelphia County           ,27,27,6083324,7,14,980000,0,0,0,1,48,6000000,27,27,6083324,7,14,980000,0,0,0,1,48,6000000
200910,42,103,1,2,Pike County                   ,14,14,3607405,0,0,0,0,0,0,0,0,0,12,12,3166937,0,0,0,0,0,0,0,0,0
200910,42,125,1,2,Washington County             ,33,33,6464479,2,4,280000,0,0,0,0,0,0,27,27,5285571,2,4,280000,0,0,0,0,0,0
200910,42,129,1,2,Westmoreland County           ,38,38,7806637,1,2,320000,1,3,237130,0,0,0,19,19,4042217,1,2,320000,0,0,0,0,0,0
200910,44,001,1,1,Bristol County                ,3,3,2557000,0,0,0,1,3,287483,0,0,0,3,3,2557000,0,0,0,1,3,287483,0,0,0
200910,44,003,1,1,Kent County                   ,3,3,272040,0,0,0,0,0,0,0,0,0,3,3,272040,0,0,0,0,0,0,0,0,0
200910,44,005,1,1,Newport County                ,18,18,4235588,4,8,819600,0,0,0,0,0,0,18,18,4235588,4,8,819600,0,0,0,0,0,0
200910,44,007,1,1,Providence County             ,25,25,3542261,2,4,240000,1,3,275000,0,0,0,23,23,3077273,2,4,240000,1,3,275000,0,0,0
200910,44,009,1,1,Washington County             ,34,34,7133197,0,0,0,0,0,0,0,0,0,26,26,5142655,0,0,0,0,0,0,0,0,0
200910,45,003,3,5,Aiken County                  ,50,50,10319689,0,0,0,0,0,0,0,0,0,44,44,9647592,0,0,0,0,0,0,0,0,0
200910,45,009,3,5,Bamberg County                ,0,0,0,0,0,0,0,0,0,0,0,0,0,0,0,0,0,0,0,0,0,0,0,0
200910,45,015,3,5,Berkeley County               ,89,89,15228567,0,0,0,0,0,0,0,0,0,6,6,1368400,0,0,0,0,0,0,0,0,0
200910,45,017,3,5,Calhoun County                ,1,1,204000,0,0,0,0,0,0,0,0,0,1,1,204000,0,0,0,0,0,0,0,0,0
200910,45,019,3,5,Charleston County             ,92,92,22145411,1,2,166667,0,0,0,1,13,651348,39,39,7144857,0,0,0,0,0,0,0,0,0
200910,45,035,3,5,Dorchester County             ,24,24,5306571,0,0,0,0,0,0,0,0,0,24,24,5306571,0,0,0,0,0,0,0,0,0
200910,45,039,3,5,Fairfield County              ,3,3,347993,0,0,0,0,0,0,0,0,0,0,0,0,0,0,0,0,0,0,0,0,0
200910,45,041,3,5,Florence County               ,23,23,3112844,0,0,0,0,0,0,1,5,300000,0,0,0,0,0,0,0,0,0,0,0,0
200910,45,045,3,5,Greenville County             ,72,72,14917458,4,8,568000,1,4,1180498,1,5,3102250,71,71,14827450,4,8,568000,1,4,1180498,1,5,3102250
200910,45,047,3,5,Greenwood County              ,5,5,593104,0,0,0,0,0,0,0,0,0,5,5,593104,0,0,0,0,0,0,0,0,0
200910,45,055,3,5,Kershaw County                ,25,25,2854990,0,0,0,0,0,0,0,0,0,25,25,2854990,0,0,0,0,0,0,0,0,0
200910,45,059,3,5,Laurens County                ,4,4,716094,0,0,0,0,0,0,0,0,0,4,4,716094,0,0,0,0,0,0,0,0,0
200910,45,063,3,5,Lexington County              ,76,76,16167667,0,0,0,0,0,0,11,304,14959538,76,76,16167667,0,0,0,0,0,0,11,304,14959538
200910,45,077,3,5,Pickens County                ,27,27,7826333,0,0,0,0,0,0,0,0,0,25,25,7378333,0,0,0,0,0,0,0,0,0
200910,45,079,3,5,Richland County               ,93,93,10692013,0,0,0,0,0,0,1,9,507981,26,26,2561800,0,0,0,0,0,0,0,0,0
200910,45,081,3,5,Saluda County                 ,4,4,861950,0,0,0,0,0,0,0,0,0,4,4,861950,0,0,0,0,0,0,0,0,0
200910,45,085,3,5,Sumter County                 ,33,33,3664970,0,0,0,0,0,0,0,0,0,33,33,3664970,0,0,0,0,0,0,0,0,0
200910,45,091,3,5,York County                   ,122,122,29941198,0,0,0,0,0,0,0,0,0,23,23,5097423,0,0,0,0,0,0,0,0,0
200910,46,005,2,4,Beadle County                 ,4,4,730527,0,0,0,0,0,0,0,0,0,4,4,730527,0,0,0,0,0,0,0,0,0
200910,46,069,2,4,Hyde County                   ,0,0,0,0,0,0,0,0,0,0,0,0,0,0,0,0,0,0,0,0,0,0,0,0
200910,46,121,2,4,Todd County                   ,0,0,0,0,0,0,0,0,0,0,0,0,0,0,0,0,0,0,0,0,0,0,0,0
200910,47,011,3,6,Bradley County                ,7,7,786000,0,0,0,2,8,340000,0,0,0,7,7,786000,0,0,0,2,8,340000,0,0,0
200910,47,015,3,6,Cannon County                 ,1,1,121256,0,0,0,0,0,0,0,0,0,0,0,0,0,0,0,0,0,0,0,0,0
200910,47,021,3,6,Cheatham County               ,5,5,691954,0,0,0,0,0,0,8,200,11842841,4,4,556240,0,0,0,0,0,0,8,200,11842841
200910,47,037,3,6,Davidson County               ,78,78,14911312,0,0,0,0,0,0,0,0,0,77,77,13896502,0,0,0,0,0,0,0,0,0
200910,47,039,3,6,Decatur County                ,0,0,0,0,0,0,0,0,0,0,0,0,0,0,0,0,0,0,0,0,0,0,0,0
200910,47,043,3,6,Dickson County                ,9,9,1953997,0,0,0,0,0,0,0,0,0,9,9,1953997,0,0,0,0,0,0,0,0,0
200910,47,047,3,6,Fayette County                ,18,18,3974667,0,0,0,0,0,0,0,0,0,11,11,2704357,0,0,0,0,0,0,0,0,0
200910,47,063,3,6,Hamblen County                ,8,8,757660,0,0,0,0,0,0,0,0,0,3,3,310000,0,0,0,0,0,0,0,0,0
200910,47,071,3,6,Hardin County                 ,1,1,63888,0,0,0,0,0,0,0,0,0,0,0,0,0,0,0,0,0,0,0,0,0
200910,47,081,3,6,Hickman County                ,0,0,0,0,0,0,0,0,0,0,0,0,0,0,0,0,0,0,0,0,0,0,0,0
200910,47,091,3,6,Johnson County                ,0,0,0,0,0,0,0,0,0,0,0,0,0,0,0,0,0,0,0,0,0,0,0,0
200910,47,093,3,6,Knox County                   ,54,54,6406179,5,10,600000,0,0,0,0,0,0,54,54,6406179,5,10,600000,0,0,0,0,0,0
200910,47,111,3,6,Macon County                  ,0,0,0,0,0,0,0,0,0,0,0,0,0,0,0,0,0,0,0,0,0,0,0,0
200910,47,113,3,6,Madison County                ,15,15,2453400,0,0,0,0,0,0,0,0,0,15,15,2453400,0,0,0,0,0,0,0,0,0
200910,47,125,3,6,Montgomery County             ,109,109,11355712,0,0,0,0,0,0,0,0,0,109,109,11355712,0,0,0,0,0,0,0,0,0
200910,47,141,3,6,Putnam County                 ,13,13,1653853,1,2,259200,0,0,0,0,0,0,13,13,1653853,1,2,259200,0,0,0,0,0,0
200910,47,147,3,6,Robertson County              ,13,13,1518247,0,0,0,0,0,0,0,0,0,11,11,1205300,0,0,0,0,0,0,0,0,0
200910,47,149,3,6,Rutherford County             ,73,73,11230658,0,0,0,0,0,0,1,6,286968,50,50,8373955,0,0,0,0,0,0,0,0,0
200910,47,157,3,6,Shelby County                 ,55,55,9815342,0,0,0,0,0,0,0,0,0,55,55,9815342,0,0,0,0,0,0,0,0,0
200910,47,159,3,6,Smith County                  ,2,2,360248,0,0,0,0,0,0,0,0,0,2,2,360248,0,0,0,0,0,0,0,0,0
200910,47,165,3,6,Sumner County                 ,51,51,9271507,0,0,0,0,0,0,0,0,0,30,30,5792592,0,0,0,0,0,0,0,0,0
200910,47,167,3,6,Tipton County                 ,10,10,1419663,0,0,0,0,0,0,0,0,0,7,7,1036340,0,0,0,0,0,0,0,0,0
200910,47,169,3,6,Trousdale County              ,3,3,351000,0,0,0,0,0,0,0,0,0,3,3,351000,0,0,0,0,0,0,0,0,0
200910,47,179,3,6,Washington County             ,20,20,2933541,0,0,0,0,0,0,0,0,0,7,7,1614660,0,0,0,0,0,0,0,0,0
200910,47,187,3,6,Williamson County             ,26,26,7364038,0,0,0,0,0,0,0,0,0,26,26,7364038,0,0,0,0,0,0,0,0,0
200910,47,189,3,6,Wilson County                 ,61,61,10636145,0,0,0,0,0,0,0,0,0,61,61,10636145,0,0,0,0,0,0,0,0,0
200910,48,013,3,7,Atascosa County               ,3,3,322039,0,0,0,0,0,0,0,0,0,1,1,130000,0,0,0,0,0,0,0,0,0
200910,48,015,3,7,Austin County                 ,1,1,176440,0,0,0,0,0,0,0,0,0,0,0,0,0,0,0,0,0,0,0,0,0
200910,48,019,3,7,Bandera County                ,0,0,0,0,0,0,0,0,0,0,0,0,0,0,0,0,0,0,0,0,0,0,0,0
200910,48,021,3,7,Bastrop County                ,16,16,1595405,0,0,0,0,0,0,0,0,0,16,16,1595405,0,0,0,0,0,0,0,0,0
200910,48,029,3,7,Bexar County                  ,241,241,43105682,7,14,1092293,7,28,2520000,4,27,3572595,221,221,39821796,7,14,1092293,7,28,2520000,2,17,1844144
200910,48,039,3,7,Brazoria County               ,186,186,32100838,0,0,0,0,0,0,0,0,0,184,184,31856428,0,0,0,0,0,0,0,0,0
200910,48,041,3,7,Brazos County                 ,38,38,5039904,0,0,0,0,0,0,0,0,0,38,38,5039904,0,0,0,0,0,0,0,0,0
200910,48,055,3,7,Caldwell County               ,2,2,167631,0,0,0,0,0,0,0,0,0,1,1,85499,0,0,0,0,0,0,0,0,0
200910,48,063,3,7,Camp County                   ,0,0,0,0,0,0,0,0,0,0,0,0,0,0,0,0,0,0,0,0,0,0,0,0
200910,48,071,3,7,Chambers County               ,22,22,3924359,0,0,0,0,0,0,0,0,0,19,19,3422234,0,0,0,0,0,0,0,0,0
200910,48,085,3,7,Collin County                 ,287,287,76456917,3,6,739760,1,4,370000,1,5,461000,282,282,74851720,3,6,739760,1,4,370000,1,5,461000
200910,48,091,3,7,Comal County                  ,80,80,18179539,0,0,0,0,0,0,0,0,0,51,51,14165028,0,0,0,0,0,0,0,0,0
200910,48,113,3,7,Dallas County                 ,234,234,60569316,0,0,0,0,0,0,1,7,335195,212,212,50297721,0,0,0,0,0,0,0,0,0
200910,48,117,3,7,Deaf Smith County             ,0,0,0,0,0,0,0,0,0,0,0,0,0,0,0,0,0,0,0,0,0,0,0,0
200910,48,119,3,7,Delta County                  ,0,0,0,0,0,0,0,0,0,0,0,0,0,0,0,0,0,0,0,0,0,0,0,0
200910,48,121,3,7,Denton County                 ,128,128,30333867,6,12,1716252,0,0,0,0,0,0,121,121,28796179,6,12,1716252,0,0,0,0,0,0
200910,48,133,3,7,Eastland County               ,0,0,0,0,0,0,0,0,0,0,0,0,0,0,0,0,0,0,0,0,0,0,0,0
200910,48,135,3,7,Ector County                  ,30,30,5180625,0,0,0,0,0,0,0,0,0,30,30,5180625,0,0,0,0,0,0,0,0,0
200910,48,139,3,7,Ellis County                  ,57,57,8255060,0,0,0,0,0,0,0,0,0,57,57,8255060,0,0,0,0,0,0,0,0,0
200910,48,157,3,7,Fort Bend County              ,358,358,67057533,1,2,171706,0,0,0,0,0,0,55,55,14314371,0,0,0,0,0,0,0,0,0
200910,48,167,3,7,Galveston County              ,80,80,13826502,0,0,0,0,0,0,1,5,227066,15,15,3470734,0,0,0,0,0,0,0,0,0
200910,48,187,3,7,Guadalupe County              ,57,57,11663556,0,0,0,0,0,0,0,0,0,57,57,11663556,0,0,0,0,0,0,0,0,0
200910,48,201,3,7,Harris County                 ,878,878,165438875,6,12,1138052,0,0,0,0,0,0,869,869,161811730,6,12,1138052,0,0,0,0,0,0
200910,48,209,3,7,Hays County                   ,90,90,13914667,0,0,0,0,0,0,1,7,419689,32,32,3749998,0,0,0,0,0,0,0,0,0
200910,48,215,3,7,Hidalgo County                ,226,226,23207814,1,2,178000,4,15,948880,1,6,180000,213,213,22306343,1,2,178000,3,12,878047,1,6,180000
200910,48,231,3,7,Hunt County                   ,10,10,1256050,0,0,0,0,0,0,0,0,0,10,10,1256050,0,0,0,0,0,0,0,0,0
200910,48,233,3,7,Hutchinson County             ,0,0,0,0,0,0,0,0,0,0,0,0,0,0,0,0,0,0,0,0,0,0,0,0
200910,48,251,3,7,Johnson County                ,46,46,6148718,0,0,0,0,0,0,0,0,0,7,7,575402,0,0,0,0,0,0,0,0,0
200910,48,257,3,7,Kaufman County                ,12,12,2511899,0,0,0,0,0,0,0,0,0,11,11,2396940,0,0,0,0,0,0,0,0,0
200910,48,259,3,7,Kendall County                ,17,17,3261944,0,0,0,0,0,0,0,0,0,10,10,1764220,0,0,0,0,0,0,0,0,0
200910,48,271,3,7,Kinney County                 ,0,0,0,0,0,0,0,0,0,0,0,0,0,0,0,0,0,0,0,0,0,0,0,0
200910,48,291,3,7,Liberty County                ,15,15,1527718,0,0,0,0,0,0,0,0,0,2,2,175000,0,0,0,0,0,0,0,0,0
200910,48,307,3,7,McCulloch County              ,0,0,0,0,0,0,0,0,0,0,0,0,0,0,0,0,0,0,0,0,0,0,0,0
200910,48,323,3,7,Maverick County               ,12,12,853531,0,0,0,0,0,0,0,0,0,12,12,853531,0,0,0,0,0,0,0,0,0
200910,48,325,3,7,Medina County                 ,1,1,115000,0,0,0,0,0,0,0,0,0,1,1,115000,0,0,0,0,0,0,0,0,0
200910,48,329,3,7,Midland County                ,24,24,2923570,0,0,0,0,0,0,0,0,0,24,24,2923570,0,0,0,0,0,0,0,0,0
200910,48,339,3,7,Montgomery County             ,214,214,35968912,7,14,898000,0,0,0,0,0,0,210,210,35433259,7,14,898000,0,0,0,0,0,0
200910,48,353,3,7,Nolan County                  ,0,0,0,0,0,0,0,0,0,0,0,0,0,0,0,0,0,0,0,0,0,0,0,0
200910,48,359,3,7,Oldham County                 ,0,0,0,0,0,0,0,0,0,0,0,0,0,0,0,0,0,0,0,0,0,0,0,0
200910,48,367,3,7,Parker County                 ,18,18,2970454,0,0,0,0,0,0,0,0,0,17,17,2658310,0,0,0,0,0,0,0,0,0
200910,48,375,3,7,Potter County                 ,35,35,8396952,0,0,0,0,0,0,0,0,0,35,35,8396952,0,0,0,0,0,0,0,0,0
200910,48,383,3,7,Reagan County                 ,0,0,0,0,0,0,0,0,0,0,0,0,0,0,0,0,0,0,0,0,0,0,0,0
200910,48,385,3,7,Real County                   ,0,0,0,0,0,0,0,0,0,0,0,0,0,0,0,0,0,0,0,0,0,0,0,0
200910,48,397,3,7,Rockwall County               ,53,53,10327315,0,0,0,0,0,0,0,0,0,44,44,8677191,0,0,0,0,0,0,0,0,0
200910,48,407,3,7,San Jacinto County            ,0,0,0,0,0,0,0,0,0,0,0,0,0,0,0,0,0,0,0,0,0,0,0,0
200910,48,435,3,7,Sutton County                 ,0,0,0,0,0,0,0,0,0,0,0,0,0,0,0,0,0,0,0,0,0,0,0,0
200910,48,437,3,7,Swisher County                ,0,0,0,0,0,0,0,0,0,0,0,0,0,0,0,0,0,0,0,0,0,0,0,0
200910,48,439,3,7,Tarrant County                ,330,330,65519244,2,4,367215,1,4,330358,0,0,0,300,300,57480488,2,4,367215,1,4,330358,0,0,0
200910,48,451,3,7,Tom Green County              ,23,23,3223000,0,0,0,0,0,0,0,0,0,23,23,3223000,0,0,0,0,0,0,0,0,0
200910,48,453,3,7,Travis County                 ,256,256,46275940,0,0,0,0,0,0,0,0,0,250,250,45210657,0,0,0,0,0,0,0,0,0
200910,48,463,3,7,Uvalde County                 ,0,0,0,1,2,99000,0,0,0,0,0,0,0,0,0,1,2,99000,0,0,0,0,0,0
200910,48,469,3,7,Victoria County               ,3,3,468699,0,0,0,0,0,0,0,0,0,0,0,0,0,0,0,0,0,0,0,0,0
200910,48,471,3,7,Walker County                 ,6,6,1171215,0,0,0,0,0,0,0,0,0,6,6,1171215,0,0,0,0,0,0,0,0,0
200910,48,473,3,7,Waller County                 ,0,0,0,0,0,0,0,0,0,0,0,0,0,0,0,0,0,0,0,0,0,0,0,0
200910,48,479,3,7,Webb County                   ,43,43,5888954,0,0,0,0,0,0,1,10,577172,0,0,0,0,0,0,0,0,0,0,0,0
200910,48,491,3,7,Williamson County             ,105,105,18786789,0,0,0,0,0,0,0,0,0,87,87,16791543,0,0,0,0,0,0,0,0,0
200910,48,493,3,7,Wilson County                 ,3,3,530892,0,0,0,0,0,0,0,0,0,2,2,380000,0,0,0,0,0,0,0,0,0
200910,48,497,3,7,Wise County                   ,7,7,986095,0,0,0,0,0,0,0,0,0,7,7,986095,0,0,0,0,0,0,0,0,0
200910,49,009,4,8,Daggett County                ,1,1,107025,0,0,0,0,0,0,0,0,0,0,0,0,0,0,0,0,0,0,0,0,0
200910,49,019,4,8,Grand County                  ,4,4,1166061,0,0,0,0,0,0,0,0,0,4,4,1166061,0,0,0,0,0,0,0,0,0
200910,49,021,4,8,Iron County                   ,11,11,1991462,1,2,224905,0,0,0,0,0,0,4,4,802936,0,0,0,0,0,0,0,0,0
200910,49,033,4,8,Rich County                   ,4,4,634567,0,0,0,0,0,0,0,0,0,4,4,634567,0,0,0,0,0,0,0,0,0
200910,49,035,4,8,Salt Lake County              ,123,123,26837380,0,0,0,0,0,0,4,33,2905806,108,108,24153046,0,0,0,0,0,0,2,22,2255090
200910,49,039,4,8,Sanpete County                ,2,2,150610,0,0,0,0,0,0,0,0,0,2,2,150610,0,0,0,0,0,0,0,0,0
200910,49,043,4,8,Summit County                 ,11,11,2557914,1,2,219818,0,0,0,0,0,0,2,2,319848,0,0,0,0,0,0,0,0,0
200910,49,045,4,8,Tooele County                 ,11,11,1658577,0,0,0,0,0,0,0,0,0,6,6,879083,0,0,0,0,0,0,0,0,0
200910,49,051,4,8,Wasatch County                ,10,10,3653000,0,0,0,0,0,0,1,5,650529,7,7,2898924,0,0,0,0,0,0,0,0,0
200910,51,003,3,5,Albemarle County              ,24,24,7548820,0,0,0,0,0,0,0,0,0,0,0,0,0,0,0,0,0,0,0,0,0
200910,51,007,3,5,Amelia County                 ,2,2,354600,0,0,0,0,0,0,0,0,0,2,2,354600,0,0,0,0,0,0,0,0,0
200910,51,013,3,5,Arlington County              ,7,7,2307000,0,0,0,0,0,0,0,0,0,7,7,2307000,0,0,0,0,0,0,0,0,0
200910,51,015,3,5,Augusta County                ,13,13,2005750,0,0,0,0,0,0,0,0,0,13,13,2005750,0,0,0,0,0,0,0,0,0
200910,51,019,3,5,Bedford County                ,34,34,3214000,0,0,0,0,0,0,0,0,0,34,34,3214000,0,0,0,0,0,0,0,0,0
200910,51,023,3,5,Botetourt County              ,5,5,1945000,0,0,0,0,0,0,0,0,0,5,5,1945000,0,0,0,0,0,0,0,0,0
200910,51,031,3,5,Campbell County               ,6,6,1212655,0,0,0,0,0,0,0,0,0,6,6,1212655,0,0,0,0,0,0,0,0,0
200910,51,033,3,5,Caroline County               ,11,11,1429900,0,0,0,0,0,0,0,0,0,11,11,1429900,0,0,0,0,0,0,0,0,0
200910,51,036,3,5,Charles City County           ,2,2,305735,0,0,0,0,0,0,0,0,0,0,0,0,0,0,0,0,0,0,0,0,0
200910,51,037,3,5,Charlotte County              ,5,5,298900,0,0,0,0,0,0,0,0,0,5,5,298900,0,0,0,0,0,0,0,0,0
200910,51,041,3,5,Chesterfield County           ,55,55,9906825,0,0,0,0,0,0,2,22,1670000,55,55,9906825,0,0,0,0,0,0,2,22,1670000
200910,51,043,3,5,Clarke County                 ,4,4,1283000,0,0,0,0,0,0,0,0,0,4,4,1283000,0,0,0,0,0,0,0,0,0
200910,51,049,3,5,Cumberland County             ,3,3,559550,0,0,0,0,0,0,0,0,0,3,3,559550,0,0,0,0,0,0,0,0,0
200910,51,053,3,5,Dinwiddie County              ,7,7,1242830,0,0,0,0,0,0,0,0,0,0,0,0,0,0,0,0,0,0,0,0,0
200910,51,059,3,5,Fairfax County                ,49,49,8738866,0,0,0,0,0,0,0,0,0,46,46,8285708,0,0,0,0,0,0,0,0,0
200910,51,061,3,5,Fauquier County               ,4,4,1000000,0,0,0,0,0,0,0,0,0,4,4,1000000,0,0,0,0,0,0,0,0,0
200910,51,065,3,5,Fluvanna County               ,9,9,1259310,0,0,0,0,0,0,0,0,0,9,9,1259310,0,0,0,0,0,0,0,0,0
200910,51,067,3,5,Franklin County               ,23,23,3955500,0,0,0,0,0,0,0,0,0,23,23,3955500,0,0,0,0,0,0,0,0,0
200910,51,069,3,5,Frederick County              ,20,20,3255400,0,0,0,0,0,0,0,0,0,20,20,3255400,0,0,0,0,0,0,0,0,0
200910,51,073,3,5,Gloucester County             ,11,11,2097200,0,0,0,0,0,0,0,0,0,11,11,2097200,0,0,0,0,0,0,0,0,0
200910,51,075,3,5,Goochland County              ,11,11,2267595,0,0,0,0,0,0,0,0,0,11,11,2267595,0,0,0,0,0,0,0,0,0
200910,51,079,3,5,Greene County                 ,5,5,526000,0,0,0,0,0,0,0,0,0,5,5,526000,0,0,0,0,0,0,0,0,0
200910,51,085,3,5,Hanover County                ,13,13,1989577,0,0,0,0,0,0,0,0,0,13,13,1989577,0,0,0,0,0,0,0,0,0
200910,51,087,3,5,Henrico County                ,31,31,5583847,0,0,0,0,0,0,0,0,0,31,31,5583847,0,0,0,0,0,0,0,0,0
200910,51,093,3,5,Isle of Wight County          ,3,3,444000,0,0,0,0,0,0,0,0,0,3,3,444000,0,0,0,0,0,0,0,0,0
200910,51,095,3,5,James City County             ,29,29,7546770,0,0,0,0,0,0,0,0,0,29,29,7546770,0,0,0,0,0,0,0,0,0
200910,51,097,3,5,King and Queen County         ,3,3,215000,0,0,0,0,0,0,0,0,0,3,3,215000,0,0,0,0,0,0,0,0,0
200910,51,099,3,5,King George County            ,12,12,2125358,0,0,0,0,0,0,0,0,0,12,12,2125358,0,0,0,0,0,0,0,0,0
200910,51,101,3,5,King William County           ,14,14,1479695,0,0,0,0,0,0,0,0,0,14,14,1479695,0,0,0,0,0,0,0,0,0
200910,51,107,3,5,Loudoun County                ,174,174,31341592,0,0,0,0,0,0,6,59,800000,174,174,31341592,0,0,0,0,0,0,6,59,800000
200910,51,109,3,5,Louisa County                 ,24,24,3526261,0,0,0,0,0,0,0,0,0,24,24,3526261,0,0,0,0,0,0,0,0,0
200910,51,115,3,5,Mathews County                ,5,5,1129754,0,0,0,0,0,0,0,0,0,5,5,1129754,0,0,0,0,0,0,0,0,0
200910,51,119,3,5,Middlesex County              ,2,2,530000,0,0,0,0,0,0,0,0,0,2,2,530000,0,0,0,0,0,0,0,0,0
200910,51,127,3,5,New Kent County               ,10,10,1801241,0,0,0,0,0,0,0,0,0,10,10,1801241,0,0,0,0,0,0,0,0,0
200910,51,137,3,5,Orange County                 ,4,4,753000,0,0,0,0,0,0,0,0,0,4,4,753000,0,0,0,0,0,0,0,0,0
200910,51,143,3,5,Pittsylvania County           ,5,5,620960,0,0,0,0,0,0,1,5,295125,0,0,0,0,0,0,0,0,0,0,0,0
200910,51,145,3,5,Powhatan County               ,6,6,1340872,0,0,0,0,0,0,0,0,0,6,6,1340872,0,0,0,0,0,0,0,0,0
200910,51,149,3,5,Prince George County          ,6,6,1080745,0,0,0,0,0,0,0,0,0,6,6,1080745,0,0,0,0,0,0,0,0,0
200910,51,153,3,5,Prince William County         ,160,160,28819855,0,0,0,0,0,0,0,0,0,160,160,28819855,0,0,0,0,0,0,0,0,0
200910,51,157,3,5,Rappahannock County           ,2,2,591052,0,0,0,0,0,0,0,0,0,0,0,0,0,0,0,0,0,0,0,0,0
200910,51,161,3,5,Roanoke County                ,13,13,2724096,0,0,0,0,0,0,0,0,0,13,13,2724096,0,0,0,0,0,0,0,0,0
200910,51,163,3,5,Rockbridge County             ,6,6,907000,0,0,0,0,0,0,0,0,0,6,6,907000,0,0,0,0,0,0,0,0,0
200910,51,165,3,5,Rockingham County             ,20,20,3818923,0,0,0,0,0,0,0,0,0,0,0,0,0,0,0,0,0,0,0,0,0
200910,51,169,3,5,Scott County                  ,2,2,290000,0,0,0,0,0,0,0,0,0,2,2,290000,0,0,0,0,0,0,0,0,0
200910,51,171,3,5,Shenandoah County             ,1,1,90000,2,4,670000,0,0,0,0,0,0,1,1,90000,2,4,670000,0,0,0,0,0,0
200910,51,177,3,5,Spotsylvania County           ,13,13,2261836,0,0,0,0,0,0,0,0,0,13,13,2261836,0,0,0,0,0,0,0,0,0
200910,51,179,3,5,Stafford County               ,41,41,8152189,0,0,0,0,0,0,0,0,0,41,41,8152189,0,0,0,0,0,0,0,0,0
200910,51,181,3,5,Surry County                  ,4,4,595500,0,0,0,0,0,0,0,0,0,4,4,595500,0,0,0,0,0,0,0,0,0
200910,51,183,3,5,Sussex County                 ,2,2,120000,0,0,0,0,0,0,0,0,0,2,2,120000,0,0,0,0,0,0,0,0,0
200910,51,187,3,5,Warren County                 ,9,9,2665000,0,0,0,0,0,0,0,0,0,9,9,2665000,0,0,0,0,0,0,0,0,0
200910,51,199,3,5,York County                   ,19,19,3422358,0,0,0,0,0,0,0,0,0,19,19,3422358,0,0,0,0,0,0,0,0,0
200910,51,510,3,5,Alexandria (Independent City) ,4,4,720496,0,0,0,0,0,0,0,0,0,4,4,720496,0,0,0,0,0,0,0,0,0
200910,51,530,3,5,Buena Vista (Independent City),1,1,90909,0,0,0,0,0,0,0,0,0,0,0,0,0,0,0,0,0,0,0,0,0
200910,51,550,3,5,Chesapeake(Independent City)  ,51,51,9186329,2,4,369200,0,0,0,0,0,0,51,51,9186329,2,4,369200,0,0,0,0,0,0
200910,51,570,3,5,Colonial Heights (Independent ,0,0,0,0,0,0,0,0,0,0,0,0,0,0,0,0,0,0,0,0,0,0,0,0
200910,51,580,3,5,Covington (Independent City)  ,0,0,0,0,0,0,0,0,0,0,0,0,0,0,0,0,0,0,0,0,0,0,0,0
200910,51,600,3,5,Fairfax (Independent City)    ,0,0,0,0,0,0,0,0,0,0,0,0,0,0,0,0,0,0,0,0,0,0,0,0
200910,51,610,3,5,Falls Church (Independent City,0,0,0,0,0,0,0,0,0,0,0,0,0,0,0,0,0,0,0,0,0,0,0,0
200910,51,630,3,5,Fredericksburg(Independent Cit,11,11,1602687,0,0,0,0,0,0,0,0,0,11,11,1602687,0,0,0,0,0,0,0,0,0
200910,51,650,3,5,Hampton (Independent City)    ,11,11,2187331,0,0,0,0,0,0,1,5,323276,0,0,0,0,0,0,0,0,0,0,0,0
200910,51,660,3,5,Harrisonburg (Independent City,2,2,635000,0,0,0,0,0,0,0,0,0,2,2,635000,0,0,0,0,0,0,0,0,0
200910,51,670,3,5,Hopewell (Independent City)   ,9,9,325636,0,0,0,0,0,0,0,0,0,9,9,325636,0,0,0,0,0,0,0,0,0
200910,51,680,3,5,Lynchburg (Independent City)  ,2,2,380000,0,0,0,0,0,0,0,0,0,2,2,380000,0,0,0,0,0,0,0,0,0
200910,51,683,3,5,Manassas (Independent City)   ,4,4,455265,0,0,0,0,0,0,0,0,0,0,0,0,0,0,0,0,0,0,0,0,0
200910,51,685,3,5,Manassas Park (Independent Cit,0,0,0,0,0,0,0,0,0,0,0,0,0,0,0,0,0,0,0,0,0,0,0,0
200910,51,700,3,5,Newport News (Independent City,10,10,1294310,0,0,0,0,0,0,1,5,214287,0,0,0,0,0,0,0,0,0,0,0,0
200910,51,710,3,5,Norfolk (Independent City)    ,8,8,1047600,0,0,0,0,0,0,1,5,200000,8,8,1047600,0,0,0,0,0,0,1,5,200000
200910,51,730,3,5,Petersburg (Independent City) ,3,3,419767,0,0,0,0,0,0,0,0,0,3,3,419767,0,0,0,0,0,0,0,0,0
200910,51,735,3,5,Poquoson (Independent City)   ,1,1,50000,0,0,0,0,0,0,0,0,0,1,1,50000,0,0,0,0,0,0,0,0,0
200910,51,740,3,5,Portsmouth (Independent City) ,9,9,710000,0,0,0,0,0,0,0,0,0,9,9,710000,0,0,0,0,0,0,0,0,0
200910,51,760,3,5,Richmond (Independent City)   ,18,18,2582011,0,0,0,0,0,0,1,5,308000,18,18,2582011,0,0,0,0,0,0,1,5,308000
200910,51,770,3,5,Roanoke (Independent City)    ,7,7,1036461,1,2,278779,0,0,0,0,0,0,7,7,1036461,1,2,278779,0,0,0,0,0,0
200910,51,800,3,5,Suffolk (Independent City)    ,34,34,6124219,0,0,0,0,0,0,0,0,0,34,34,6124219,0,0,0,0,0,0,0,0,0
200910,51,810,3,5,Virginia Beach (Independent Ci,27,27,5188000,0,0,0,0,0,0,0,0,0,27,27,5188000,0,0,0,0,0,0,0,0,0
200910,51,830,3,5,Williamsburg (Independent City,4,4,660000,0,0,0,0,0,0,0,0,0,4,4,660000,0,0,0,0,0,0,0,0,0
200910,53,011,4,9,Clark County                  ,67,67,16302907,0,0,0,0,0,0,0,0,0,67,67,16302907,0,0,0,0,0,0,0,0,0
200910,53,033,4,9,King County                   ,159,159,44630565,10,20,2857529,2,6,807378,4,132,17075208,142,142,41045677,10,20,2857529,1,3,356446,3,127,16589670
200910,53,041,4,9,Lewis County                  ,10,10,1748277,0,0,0,0,0,0,0,0,0,10,10,1748277,0,0,0,0,0,0,0,0,0
200910,53,053,4,9,Pierce County                 ,100,100,20827914,12,24,3141950,2,7,586974,4,114,18052000,100,100,20827914,12,24,3141950,2,7,586974,4,114,18052000
200910,53,059,4,9,Skamania County               ,1,1,169815,0,0,0,0,0,0,0,0,0,1,1,169815,0,0,0,0,0,0,0,0,0
200910,53,061,4,9,Snohomish County              ,199,199,39575699,5,10,1368140,0,0,0,0,0,0,194,194,38277518,5,10,1368140,0,0,0,0,0,0
200910,54,037,3,5,Jefferson County              ,11,11,2803487,0,0,0,0,0,0,0,0,0,11,11,2803487,0,0,0,0,0,0,0,0,0
200910,55,021,2,3,Columbia County               ,16,16,2753289,0,0,0,0,0,0,0,0,0,16,16,2753289,0,0,0,0,0,0,0,0,0
200910,55,025,2,3,Dane County                   ,66,66,12659162,1,2,189366,1,4,368000,1,82,10000000,64,64,12330900,0,0,0,1,4,368000,1,82,10000000
200910,55,031,2,3,Douglas County                ,12,12,1667678,0,0,0,0,0,0,0,0,0,12,12,1667678,0,0,0,0,0,0,0,0,0
200910,55,037,2,3,Florence County               ,2,2,103850,0,0,0,0,0,0,0,0,0,0,0,0,0,0,0,0,0,0,0,0,0
200910,55,049,2,3,Iowa County                   ,2,2,321390,0,0,0,0,0,0,0,0,0,2,2,321390,0,0,0,0,0,0,0,0,0
200910,55,059,2,3,Kenosha County                ,16,16,3751833,0,0,0,0,0,0,0,0,0,16,16,3751833,0,0,0,0,0,0,0,0,0
200910,55,079,2,3,Milwaukee County              ,8,8,1909818,0,0,0,0,0,0,0,0,0,8,8,1909818,0,0,0,0,0,0,0,0,0
200910,55,089,2,3,Ozaukee County                ,11,11,4519834,2,4,734800,0,0,0,0,0,0,8,8,2948173,2,4,734800,0,0,0,0,0,0
200910,55,093,2,3,Pierce County                 ,4,4,562390,0,0,0,0,0,0,0,0,0,1,1,160000,0,0,0,0,0,0,0,0,0
200910,55,109,2,3,St. Croix County              ,14,14,2890912,0,0,0,0,0,0,0,0,0,11,11,2457730,0,0,0,0,0,0,0,0,0
200910,55,113,2,3,Sawyer County                 ,20,20,4463500,0,0,0,0,0,0,0,0,0,20,20,4463500,0,0,0,0,0,0,0,0,0
200910,55,131,2,3,Washington County             ,22,22,5037661,0,0,0,0,0,0,1,5,395833,18,18,3867978,0,0,0,0,0,0,0,0,0
200910,55,133,2,3,Waukesha County               ,38,38,13349874,0,0,0,0,0,0,0,0,0,34,34,11831341,0,0,0,0,0,0,0,0,0
200910,56,019,4,8,Johnson County                ,2,2,276000,0,0,0,0,0,0,0,0,0,2,2,276000,0,0,0,0,0,0,0,0,0
200910,56,039,4,8,Teton County                  ,2,2,953158,0,0,0,0,0,0,0,0,0,1,1,750000,0,0,0,0,0,0,0,0,0
