Survey,FIPS,FIPS,Region,Division,County,,1-unit,,,2-units,,,3-4 units,,,5+ units,,,1-unit rep,,,2-units rep,,,3-4 units rep,,, 5+units rep
Date,State,County,Code,Code,Name,Bldgs,Units,Value,Bldgs,Units,Value,Bldgs,Units,Value,Bldgs,Units,Value,Bldgs,Units,Value,Bldgs,Units,Value,Bldgs,Units,Value,Bldgs,Units,Value
 
200906,01,001,3,6,Autauga County                ,10,10,1853992,0,0,0,0,0,0,0,0,0,10,10,1853992,0,0,0,0,0,0,0,0,0
200906,01,007,3,6,Bibb County                   ,1,1,190500,0,0,0,0,0,0,0,0,0,1,1,190500,0,0,0,0,0,0,0,0,0
200906,01,009,3,6,Blount County                 ,0,0,0,0,0,0,0,0,0,0,0,0,0,0,0,0,0,0,0,0,0,0,0,0
200906,01,021,3,6,Chilton County                ,1,1,139583,0,0,0,0,0,0,0,0,0,0,0,0,0,0,0,0,0,0,0,0,0
200906,01,037,3,6,Coosa County                  ,0,0,0,0,0,0,0,0,0,0,0,0,0,0,0,0,0,0,0,0,0,0,0,0
200906,01,073,3,6,Jefferson County              ,87,87,14941787,0,0,0,0,0,0,1,14,1041246,73,73,12485500,0,0,0,0,0,0,0,0,0
200906,01,081,3,6,Lee County                    ,58,58,11370334,1,2,193818,0,0,0,2,25,2190024,38,38,6623511,0,0,0,0,0,0,0,0,0
200906,01,115,3,6,St. Clair County              ,5,5,851070,0,0,0,0,0,0,0,0,0,5,5,851070,0,0,0,0,0,0,0,0,0
200906,01,117,3,6,Shelby County                 ,52,52,9349154,0,0,0,0,0,0,0,0,0,28,28,4600825,0,0,0,0,0,0,0,0,0
200906,01,127,3,6,Walker County                 ,3,3,357000,0,0,0,0,0,0,0,0,0,3,3,357000,0,0,0,0,0,0,0,0,0
200906,02,000,4,9,Alaska Balance of State       ,6,6,1156625,0,0,0,0,0,0,0,0,0,0,0,0,0,0,0,0,0,0,0,0,0
200906,02,013,4,9,Aleutians East Borough        ,0,0,0,0,0,0,0,0,0,0,0,0,0,0,0,0,0,0,0,0,0,0,0,0
200906,02,016,4,9,Aleutians West Census Area    ,0,0,0,0,0,0,0,0,0,0,0,0,0,0,0,0,0,0,0,0,0,0,0,0
200906,02,020,4,9,Anchorage Borough             ,29,29,9214827,0,0,0,2,7,1286991,0,0,0,29,29,9214827,0,0,0,2,7,1286991,0,0,0
200906,02,050,4,9,Bethel Census Area            ,0,0,0,0,0,0,0,0,0,0,0,0,0,0,0,0,0,0,0,0,0,0,0,0
200906,02,060,4,9,Bristol Bay Borough           ,0,0,0,0,0,0,0,0,0,0,0,0,0,0,0,0,0,0,0,0,0,0,0,0
200906,02,090,4,9,Fairbanks North Star Borough  ,5,5,992953,0,0,0,0,0,0,0,0,0,1,1,250000,0,0,0,0,0,0,0,0,0
200906,02,100,4,9,Haines Borough                ,2,2,458056,0,0,0,0,0,0,0,0,0,2,2,458056,0,0,0,0,0,0,0,0,0
200906,02,110,4,9,Juneau Borough                ,4,4,1045303,0,0,0,0,0,0,0,0,0,4,4,1045303,0,0,0,0,0,0,0,0,0
200906,02,122,4,9,Kenai Peninsula Borough       ,19,19,4227753,1,2,350000,0,0,0,0,0,0,18,18,3944420,1,2,350000,0,0,0,0,0,0
200906,02,130,4,9,Ketchikan Gateway Borough     ,2,2,458056,0,0,0,0,0,0,0,0,0,2,2,458056,0,0,0,0,0,0,0,0,0
200906,02,150,4,9,Kodiak Island Borough         ,2,2,362193,0,0,0,0,0,0,0,0,0,2,2,362193,0,0,0,0,0,0,0,0,0
200906,02,170,4,9,Matanuska-Susitna Borough     ,8,8,1402671,0,0,0,0,0,0,0,0,0,7,7,1292671,0,0,0,0,0,0,0,0,0
200906,02,180,4,9,Nome Census Area              ,1,1,20845,0,0,0,0,0,0,0,0,0,1,1,20845,0,0,0,0,0,0,0,0,0
200906,02,185,4,9,North Slope Borough           ,1,1,229028,0,0,0,0,0,0,0,0,0,1,1,229028,0,0,0,0,0,0,0,0,0
200906,02,188,4,9,Northwest Arctic Borough      ,0,0,0,0,0,0,0,0,0,0,0,0,0,0,0,0,0,0,0,0,0,0,0,0
200906,02,201,4,9,Prince of Wales-Outer Ketchika,0,0,0,0,0,0,0,0,0,0,0,0,0,0,0,0,0,0,0,0,0,0,0,0
200906,02,220,4,9,Sitka Borough                 ,1,1,295979,0,0,0,0,0,0,0,0,0,0,0,0,0,0,0,0,0,0,0,0,0
200906,02,232,4,9,Skagway-Hoonah-Angoon Census A,0,0,0,0,0,0,0,0,0,0,0,0,0,0,0,0,0,0,0,0,0,0,0,0
200906,02,261,4,9,Valdez-Cordova Census Area    ,3,3,363000,0,0,0,0,0,0,0,0,0,3,3,363000,0,0,0,0,0,0,0,0,0
200906,02,280,4,9,Wrangell-Petersburg Census Are,1,1,35000,0,0,0,0,0,0,0,0,0,1,1,35000,0,0,0,0,0,0,0,0,0
200906,02,282,4,9,Yakutat Borough               ,0,0,0,0,0,0,0,0,0,0,0,0,0,0,0,0,0,0,0,0,0,0,0,0
200906,02,290,4,9,Yukon-Koyukuk Census Area     ,0,0,0,0,0,0,0,0,0,0,0,0,0,0,0,0,0,0,0,0,0,0,0,0
200906,04,013,4,8,Maricopa County               ,953,953,215142350,0,0,0,0,0,0,0,0,0,953,953,215142350,0,0,0,0,0,0,0,0,0
200906,04,019,4,8,Pima County                   ,230,230,34966671,2,4,419619,0,0,0,1,10,640767,83,83,3057822,0,0,0,0,0,0,0,0,0
200906,04,021,4,8,Pinal County                  ,256,256,32867300,0,0,0,0,0,0,0,0,0,256,256,32867300,0,0,0,0,0,0,0,0,0
200906,05,023,3,7,Cleburne County               ,0,0,0,0,0,0,0,0,0,0,0,0,0,0,0,0,0,0,0,0,0,0,0,0
200906,05,025,3,7,Cleveland County              ,1,1,15000,0,0,0,0,0,0,0,0,0,1,1,15000,0,0,0,0,0,0,0,0,0
200906,05,027,3,7,Columbia County               ,1,1,214327,0,0,0,0,0,0,0,0,0,0,0,0,0,0,0,0,0,0,0,0,0
200906,05,035,3,7,Crittenden County             ,10,10,1411000,0,0,0,0,0,0,0,0,0,10,10,1411000,0,0,0,0,0,0,0,0,0
200906,05,059,3,7,Hot Spring County             ,0,0,0,0,0,0,0,0,0,0,0,0,0,0,0,0,0,0,0,0,0,0,0,0
200906,05,061,3,7,Howard County                 ,0,0,0,0,0,0,0,0,0,0,0,0,0,0,0,0,0,0,0,0,0,0,0,0
200906,05,099,3,7,Nevada County                 ,0,0,0,0,0,0,0,0,0,0,0,0,0,0,0,0,0,0,0,0,0,0,0,0
200906,06,001,4,9,Alameda County                ,65,65,19275600,1,2,852500,0,0,0,2,25,3078757,63,63,18399105,1,2,852500,0,0,0,1,16,2347500
200906,06,003,4,9,Alpine County                 ,2,2,822125,0,0,0,0,0,0,0,0,0,2,2,822125,0,0,0,0,0,0,0,0,0
200906,06,009,4,9,Calaveras County              ,6,6,1842095,0,0,0,0,0,0,0,0,0,6,6,1842095,0,0,0,0,0,0,0,0,0
200906,06,013,4,9,Contra Costa County           ,128,128,32674768,0,0,0,2,8,1870376,1,5,453005,123,123,31599559,0,0,0,2,8,1870376,0,0,0
200906,06,017,4,9,El Dorado County              ,10,10,2278218,0,0,0,0,0,0,0,0,0,8,8,1803063,0,0,0,0,0,0,0,0,0
200906,06,037,4,9,Los Angeles County            ,258,258,84313097,21,42,5418313,10,36,7440017,8,66,17771219,227,227,75661966,19,38,5062644,9,33,7213267,6,55,16359630
200906,06,041,4,9,Marin County                  ,8,8,2590488,0,0,0,0,0,0,0,0,0,2,2,746550,0,0,0,0,0,0,0,0,0
200906,06,045,4,9,Mendocino County              ,11,11,920381,0,0,0,0,0,0,0,0,0,11,11,920381,0,0,0,0,0,0,0,0,0
200906,06,049,4,9,Modoc County                  ,2,2,636069,0,0,0,0,0,0,0,0,0,2,2,636069,0,0,0,0,0,0,0,0,0
200906,06,051,4,9,Mono County                   ,2,2,1060713,0,0,0,0,0,0,0,0,0,1,1,921909,0,0,0,0,0,0,0,0,0
200906,06,059,4,9,Orange County                 ,166,166,44765407,3,6,1469819,2,8,1142400,12,161,21916244,148,148,34317126,2,4,954463,2,8,1142400,12,161,21916244
200906,06,061,4,9,Placer County                 ,160,160,38290796,0,0,0,0,0,0,0,0,0,159,159,38003288,0,0,0,0,0,0,0,0,0
200906,06,063,4,9,Plumas County                 ,6,6,890450,0,0,0,0,0,0,0,0,0,6,6,890450,0,0,0,0,0,0,0,0,0
200906,06,065,4,9,Riverside County              ,324,324,105360604,0,0,0,1,4,406336,2,12,1635748,315,315,103000822,0,0,0,1,4,406336,2,12,1635748
200906,06,067,4,9,Sacramento County             ,127,127,27457587,0,0,0,3,9,942769,0,0,0,125,125,26996645,0,0,0,3,9,942769,0,0,0
200906,06,069,4,9,San Benito County             ,1,1,200000,0,0,0,0,0,0,0,0,0,1,1,200000,0,0,0,0,0,0,0,0,0
200906,06,071,4,9,San Bernardino County         ,134,134,26668277,0,0,0,0,0,0,1,10,755094,125,125,25193380,0,0,0,0,0,0,1,10,755094
200906,06,073,4,9,San Diego County              ,205,205,52224530,3,6,1265666,0,0,0,12,120,9510377,205,205,52224530,3,6,1265666,0,0,0,12,120,9510377
200906,06,075,4,9,San Francisco County          ,5,5,1126915,1,2,550000,0,0,0,0,0,0,5,5,1126915,1,2,550000,0,0,0,0,0,0
200906,06,077,4,9,San Joaquin County            ,95,95,19300487,0,0,0,0,0,0,0,0,0,95,95,19300487,0,0,0,0,0,0,0,0,0
200906,06,081,4,9,San Mateo County              ,17,17,11995799,0,0,0,0,0,0,1,43,4800000,13,13,10313093,0,0,0,0,0,0,1,43,4800000
200906,06,085,4,9,Santa Clara County            ,63,63,24200461,0,0,0,0,0,0,3,15,1477502,54,54,21798558,0,0,0,0,0,0,2,10,1381348
200906,06,091,4,9,Sierra County                 ,0,0,0,0,0,0,0,0,0,0,0,0,0,0,0,0,0,0,0,0,0,0,0,0
200906,06,113,4,9,Yolo County                   ,28,28,6754900,0,0,0,0,0,0,0,0,0,28,28,6754900,0,0,0,0,0,0,0,0,0
200906,08,001,4,8,Adams County                  ,36,36,7306547,0,0,0,0,0,0,0,0,0,33,33,6788629,0,0,0,0,0,0,0,0,0
200906,08,005,4,8,Arapahoe County               ,48,48,12426961,0,0,0,0,0,0,1,31,3648151,48,48,12426961,0,0,0,0,0,0,1,31,3648151
200906,08,014,4,8,Broomfield County             ,17,17,4912393,0,0,0,0,0,0,0,0,0,17,17,4912393,0,0,0,0,0,0,0,0,0
200906,08,015,4,8,Chaffee County                ,8,8,1354330,0,0,0,0,0,0,0,0,0,8,8,1354330,0,0,0,0,0,0,0,0,0
200906,08,019,4,8,Clear Creek County            ,0,0,0,0,0,0,0,0,0,0,0,0,0,0,0,0,0,0,0,0,0,0,0,0
200906,08,023,4,8,Costilla County               ,1,1,163199,0,0,0,0,0,0,0,0,0,0,0,0,0,0,0,0,0,0,0,0,0
200906,08,031,4,8,Denver County                 ,68,68,13163191,6,12,1611004,0,0,0,0,0,0,68,68,13163191,6,12,1611004,0,0,0,0,0,0
200906,08,033,4,8,Dolores County                ,0,0,0,0,0,0,0,0,0,0,0,0,0,0,0,0,0,0,0,0,0,0,0,0
200906,08,035,4,8,Douglas County                ,38,38,9908072,0,0,0,0,0,0,0,0,0,38,38,9908072,0,0,0,0,0,0,0,0,0
200906,08,039,4,8,Elbert County                 ,5,5,1384008,0,0,0,0,0,0,0,0,0,0,0,0,0,0,0,0,0,0,0,0,0
200906,08,041,4,8,El Paso County                ,172,172,56178919,0,0,0,0,0,0,0,0,0,172,172,56178919,0,0,0,0,0,0,0,0,0
200906,08,047,4,8,Gilpin County                 ,0,0,0,0,0,0,0,0,0,0,0,0,0,0,0,0,0,0,0,0,0,0,0,0
200906,08,049,4,8,Grand County                  ,13,13,3497299,0,0,0,0,0,0,0,0,0,1,1,660194,0,0,0,0,0,0,0,0,0
200906,08,059,4,8,Jefferson County              ,24,24,8514448,0,0,0,0,0,0,0,0,0,24,24,8514448,0,0,0,0,0,0,0,0,0
200906,08,069,4,8,Larimer County                ,35,35,8236894,1,2,473950,1,4,667164,0,0,0,35,35,8236894,1,2,473950,1,4,667164,0,0,0
200906,08,077,4,8,Mesa County                   ,56,56,9934085,0,0,0,0,0,0,0,0,0,56,56,9934085,0,0,0,0,0,0,0,0,0
200906,08,093,4,8,Park County                   ,15,15,2994723,0,0,0,0,0,0,0,0,0,15,15,2994723,0,0,0,0,0,0,0,0,0
200906,08,101,4,8,Pueblo County                 ,21,21,3275575,0,0,0,0,0,0,0,0,0,21,21,3275575,0,0,0,0,0,0,0,0,0
200906,08,107,4,8,Routt County                  ,8,8,2703222,0,0,0,0,0,0,0,0,0,8,8,2703222,0,0,0,0,0,0,0,0,0
200906,08,119,4,8,Teller County                 ,6,6,1208005,0,0,0,0,0,0,0,0,0,5,5,1136588,0,0,0,0,0,0,0,0,0
200906,08,123,4,8,Weld County                   ,88,88,19729761,0,0,0,0,0,0,1,5,144687,70,70,14782768,0,0,0,0,0,0,0,0,0
200906,10,001,3,5,Kent County                   ,72,72,8948057,0,0,0,0,0,0,0,0,0,71,71,8839632,0,0,0,0,0,0,0,0,0
200906,10,003,3,5,New Castle County             ,29,29,2750217,0,0,0,0,0,0,1,5,80000,27,27,2633439,0,0,0,0,0,0,0,0,0
200906,10,005,3,5,Sussex County                 ,121,121,17186526,1,2,400000,2,8,1757640,0,0,0,121,121,17186526,1,2,400000,2,8,1757640,0,0,0
200906,11,001,3,5,Washington  DC                ,1,1,180124,2,4,367215,0,0,0,0,0,0,1,1,180124,2,4,367215,0,0,0,0,0,0
200906,12,003,3,5,Baker County                  ,4,4,467057,0,0,0,0,0,0,0,0,0,4,4,467057,0,0,0,0,0,0,0,0,0
200906,12,009,3,5,Brevard County                ,78,78,19812503,0,0,0,0,0,0,0,0,0,78,78,19812503,0,0,0,0,0,0,0,0,0
200906,12,011,3,5,Broward County                ,41,41,6027388,0,0,0,0,0,0,4,260,34028345,21,21,3324756,0,0,0,0,0,0,2,245,33043478
200906,12,013,3,5,Calhoun County                ,2,2,150500,0,0,0,0,0,0,0,0,0,2,2,150500,0,0,0,0,0,0,0,0,0
200906,12,015,3,5,Charlotte County              ,26,26,5931000,0,0,0,0,0,0,0,0,0,26,26,5931000,0,0,0,0,0,0,0,0,0
200906,12,019,3,5,Clay County                   ,76,76,10809503,0,0,0,0,0,0,0,0,0,76,76,10809503,0,0,0,0,0,0,0,0,0
200906,12,021,3,5,Collier County                ,72,72,23459182,0,0,0,5,20,4165000,1,30,5099000,72,72,23459182,0,0,0,5,20,4165000,1,30,5099000
200906,12,023,3,5,Columbia County               ,12,12,1158716,0,0,0,0,0,0,0,0,0,0,0,0,0,0,0,0,0,0,0,0,0
200906,12,031,3,5,Duval County                  ,157,157,28279483,0,0,0,0,0,0,3,72,5865873,157,157,28279483,0,0,0,0,0,0,3,72,5865873
200906,12,033,3,5,Escambia County               ,63,63,11640723,0,0,0,0,0,0,0,0,0,63,63,11640723,0,0,0,0,0,0,0,0,0
200906,12,041,3,5,Gilchrist County              ,4,4,413406,0,0,0,0,0,0,0,0,0,0,0,0,0,0,0,0,0,0,0,0,0
200906,12,043,3,5,Glades County                 ,2,2,132100,0,0,0,0,0,0,0,0,0,2,2,132100,0,0,0,0,0,0,0,0,0
200906,12,047,3,5,Hamilton County               ,4,4,425700,0,0,0,0,0,0,0,0,0,4,4,425700,0,0,0,0,0,0,0,0,0
200906,12,049,3,5,Hardee County                 ,3,3,291000,0,0,0,0,0,0,0,0,0,3,3,291000,0,0,0,0,0,0,0,0,0
200906,12,053,3,5,Hernando County               ,7,7,1077745,0,0,0,0,0,0,0,0,0,7,7,1077745,0,0,0,0,0,0,0,0,0
200906,12,055,3,5,Highlands County              ,0,0,0,0,0,0,0,0,0,7,52,8878000,0,0,0,0,0,0,0,0,0,7,52,8878000
200906,12,057,3,5,Hillsborough County           ,279,279,70923143,1,2,132799,0,0,0,1,100,14983353,279,279,70923143,1,2,132799,0,0,0,1,100,14983353
200906,12,061,3,5,Indian River County           ,50,50,19463819,0,0,0,0,0,0,0,0,0,5,5,4948613,0,0,0,0,0,0,0,0,0
200906,12,063,3,5,Jackson County                ,6,6,983910,0,0,0,0,0,0,0,0,0,6,6,983910,0,0,0,0,0,0,0,0,0
200906,12,065,3,5,Jefferson County              ,1,1,182589,0,0,0,0,0,0,0,0,0,1,1,182589,0,0,0,0,0,0,0,0,0
200906,12,067,3,5,Lafayette County              ,1,1,154252,0,0,0,0,0,0,0,0,0,0,0,0,0,0,0,0,0,0,0,0,0
200906,12,069,3,5,Lake County                   ,101,101,23861400,0,0,0,0,0,0,2,22,2110991,67,67,13280616,0,0,0,0,0,0,0,0,0
200906,12,071,3,5,Lee County                    ,82,82,18581069,0,0,0,0,0,0,0,0,0,72,72,15290857,0,0,0,0,0,0,0,0,0
200906,12,073,3,5,Leon County                   ,45,45,7610419,2,4,293375,0,0,0,1,11,877556,0,0,0,0,0,0,0,0,0,0,0,0
200906,12,077,3,5,Liberty County                ,0,0,0,0,0,0,0,0,0,0,0,0,0,0,0,0,0,0,0,0,0,0,0,0
200906,12,081,3,5,Manatee County                ,105,105,16610155,0,0,0,0,0,0,1,30,1900000,105,105,16610155,0,0,0,0,0,0,1,30,1900000
200906,12,083,3,5,Marion County                 ,32,32,9279511,0,0,0,0,0,0,0,0,0,32,32,9279511,0,0,0,0,0,0,0,0,0
200906,12,085,3,5,Martin County                 ,6,6,3578265,0,0,0,0,0,0,0,0,0,5,5,1808565,0,0,0,0,0,0,0,0,0
200906,12,086,3,5,Miami-Dade County             ,47,47,8814997,0,0,0,0,0,0,4,43,4207299,41,41,7161745,0,0,0,0,0,0,3,33,2273603
200906,12,089,3,5,Nassau County                 ,28,28,5803346,0,0,0,0,0,0,0,0,0,26,26,5620485,0,0,0,0,0,0,0,0,0
200906,12,095,3,5,Orange County                 ,185,185,36167078,2,4,385139,0,0,0,2,16,1488096,185,185,36167078,2,4,385139,0,0,0,2,16,1488096
200906,12,097,3,5,Osceola County                ,73,73,14811589,0,0,0,0,0,0,0,0,0,73,73,14811589,0,0,0,0,0,0,0,0,0
200906,12,099,3,5,Palm Beach County             ,129,129,28306349,1,2,208371,2,6,902509,2,13,1919633,116,116,24179629,0,0,0,0,0,0,1,6,933000
200906,12,101,3,5,Pasco County                  ,160,160,26288116,2,4,597120,0,0,0,0,0,0,160,160,26288116,2,4,597120,0,0,0,0,0,0
200906,12,103,3,5,Pinellas County               ,23,23,7063641,0,0,0,0,0,0,0,0,0,22,22,6792747,0,0,0,0,0,0,0,0,0
200906,12,105,3,5,Polk County                   ,130,130,23149057,0,0,0,0,0,0,0,0,0,117,117,20648654,0,0,0,0,0,0,0,0,0
200906,12,107,3,5,Putnam County                 ,4,4,533223,0,0,0,0,0,0,0,0,0,0,0,0,0,0,0,0,0,0,0,0,0
200906,12,109,3,5,St. Johns County              ,94,94,23462487,0,0,0,0,0,0,0,0,0,94,94,23462487,0,0,0,0,0,0,0,0,0
200906,12,111,3,5,St. Lucie County              ,35,35,3726282,0,0,0,0,0,0,1,8,622283,29,29,2478373,0,0,0,0,0,0,0,0,0
200906,12,113,3,5,Santa Rosa County             ,29,29,5223599,0,0,0,0,0,0,0,0,0,29,29,5223599,0,0,0,0,0,0,0,0,0
200906,12,115,3,5,Sarasota County               ,26,26,10669157,0,0,0,0,0,0,1,6,1192044,26,26,10669157,0,0,0,0,0,0,1,6,1192044
200906,12,117,3,5,Seminole County               ,83,83,15924511,0,0,0,0,0,0,0,0,0,82,82,15478927,0,0,0,0,0,0,0,0,0
200906,12,119,3,5,Sumter County                 ,192,192,50765071,0,0,0,0,0,0,0,0,0,192,192,50765071,0,0,0,0,0,0,0,0,0
200906,12,123,3,5,Taylor County                 ,5,5,246800,0,0,0,0,0,0,0,0,0,5,5,246800,0,0,0,0,0,0,0,0,0
200906,12,125,3,5,Union County                  ,1,1,197560,0,0,0,0,0,0,0,0,0,1,1,197560,0,0,0,0,0,0,0,0,0
200906,12,127,3,5,Volusia County                ,62,62,13802066,2,4,410389,0,0,0,1,9,881825,22,22,4392482,2,4,410389,0,0,0,0,0,0
200906,12,129,3,5,Wakulla County                ,7,7,1100000,0,0,0,0,0,0,0,0,0,7,7,1100000,0,0,0,0,0,0,0,0,0
200906,12,131,3,5,Walton County                 ,10,10,2596101,0,0,0,0,0,0,0,0,0,10,10,2596101,0,0,0,0,0,0,0,0,0
200906,12,133,3,5,Washington County             ,4,4,801227,0,0,0,0,0,0,0,0,0,4,4,801227,0,0,0,0,0,0,0,0,0
200906,13,005,3,5,Bacon County                  ,0,0,0,0,0,0,0,0,0,0,0,0,0,0,0,0,0,0,0,0,0,0,0,0
200906,13,013,3,5,Barrow County                 ,12,12,849861,0,0,0,0,0,0,0,0,0,12,12,849861,0,0,0,0,0,0,0,0,0
200906,13,015,3,5,Bartow County                 ,6,6,990616,0,0,0,0,0,0,0,0,0,6,6,990616,0,0,0,0,0,0,0,0,0
200906,13,029,3,5,Bryan County                  ,18,18,3025832,0,0,0,0,0,0,0,0,0,18,18,3025832,0,0,0,0,0,0,0,0,0
200906,13,035,3,5,Butts County                  ,0,0,0,0,0,0,0,0,0,0,0,0,0,0,0,0,0,0,0,0,0,0,0,0
200906,13,045,3,5,Carroll County                ,4,4,593972,0,0,0,0,0,0,0,0,0,4,4,593972,0,0,0,0,0,0,0,0,0
200906,13,057,3,5,Cherokee County               ,38,38,7343341,0,0,0,0,0,0,0,0,0,29,29,4866366,0,0,0,0,0,0,0,0,0
200906,13,059,3,5,Clarke County                 ,8,8,1220547,0,0,0,0,0,0,0,0,0,8,8,1220547,0,0,0,0,0,0,0,0,0
200906,13,063,3,5,Clayton County                ,12,12,1714082,0,0,0,0,0,0,0,0,0,11,11,1546313,0,0,0,0,0,0,0,0,0
200906,13,067,3,5,Cobb County                   ,22,22,4111636,0,0,0,0,0,0,1,6,1352000,22,22,4111636,0,0,0,0,0,0,1,6,1352000
200906,13,077,3,5,Coweta County                 ,24,24,7436759,0,0,0,0,0,0,0,0,0,19,19,6520302,0,0,0,0,0,0,0,0,0
200906,13,085,3,5,Dawson County                 ,3,3,296000,0,0,0,0,0,0,0,0,0,3,3,296000,0,0,0,0,0,0,0,0,0
200906,13,089,3,5,DeKalb County                 ,31,31,8306676,0,0,0,0,0,0,1,8,738556,28,28,7286788,0,0,0,0,0,0,1,8,738556
200906,13,095,3,5,Dougherty County              ,3,3,336029,1,2,150133,0,0,0,1,5,187500,0,0,0,0,0,0,0,0,0,0,0,0
200906,13,097,3,5,Douglas County                ,15,15,1332165,0,0,0,0,0,0,0,0,0,15,15,1332165,0,0,0,0,0,0,0,0,0
200906,13,113,3,5,Fayette County                ,10,10,2244213,0,0,0,0,0,0,0,0,0,5,5,999385,0,0,0,0,0,0,0,0,0
200906,13,117,3,5,Forsyth County                ,68,68,7933030,0,0,0,0,0,0,0,0,0,68,68,7933030,0,0,0,0,0,0,0,0,0
200906,13,121,3,5,Fulton County                 ,74,74,12078242,0,0,0,0,0,0,3,119,12480892,73,73,11948492,0,0,0,0,0,0,2,106,11900000
200906,13,127,3,5,Glynn County                  ,33,33,8436663,0,0,0,0,0,0,0,0,0,0,0,0,0,0,0,0,0,0,0,0,0
200906,13,133,3,5,Greene County                 ,19,19,6976725,0,0,0,0,0,0,0,0,0,19,19,6976725,0,0,0,0,0,0,0,0,0
200906,13,135,3,5,Gwinnett County               ,45,45,8334583,0,0,0,0,0,0,0,0,0,42,42,7850568,0,0,0,0,0,0,0,0,0
200906,13,143,3,5,Haralson County               ,1,1,180124,0,0,0,0,0,0,0,0,0,1,1,180124,0,0,0,0,0,0,0,0,0
200906,13,145,3,5,Harris County                 ,6,6,1676220,0,0,0,0,0,0,0,0,0,6,6,1676220,0,0,0,0,0,0,0,0,0
200906,13,149,3,5,Heard County                  ,1,1,134367,0,0,0,0,0,0,0,0,0,0,0,0,0,0,0,0,0,0,0,0,0
200906,13,151,3,5,Henry County                  ,15,15,2631613,0,0,0,0,0,0,0,0,0,15,15,2631613,0,0,0,0,0,0,0,0,0
200906,13,159,3,5,Jasper County                 ,3,3,312620,0,0,0,0,0,0,0,0,0,3,3,312620,0,0,0,0,0,0,0,0,0
200906,13,169,3,5,Jones County                  ,11,11,1559000,0,0,0,0,0,0,0,0,0,11,11,1559000,0,0,0,0,0,0,0,0,0
200906,13,171,3,5,Lamar County                  ,2,2,234987,0,0,0,0,0,0,0,0,0,2,2,234987,0,0,0,0,0,0,0,0,0
200906,13,177,3,5,Lee County                    ,12,12,1371422,0,0,0,0,0,0,0,0,0,0,0,0,0,0,0,0,0,0,0,0,0
200906,13,189,3,5,McDuffie County               ,2,2,340000,0,0,0,0,0,0,0,0,0,2,2,340000,0,0,0,0,0,0,0,0,0
200906,13,199,3,5,Meriwether County             ,4,4,612368,0,0,0,0,0,0,0,0,0,0,0,0,0,0,0,0,0,0,0,0,0
200906,13,211,3,5,Morgan County                 ,1,1,245000,0,0,0,0,0,0,0,0,0,1,1,245000,0,0,0,0,0,0,0,0,0
200906,13,213,3,5,Murray County                 ,5,5,885566,0,0,0,0,0,0,0,0,0,5,5,885566,0,0,0,0,0,0,0,0,0
200906,13,215,3,5,Muscogee County               ,23,23,2434513,0,0,0,1,4,181673,1,6,455957,0,0,0,0,0,0,0,0,0,0,0,0
200906,13,217,3,5,Newton County                 ,13,13,2341613,0,0,0,0,0,0,0,0,0,13,13,2341613,0,0,0,0,0,0,0,0,0
200906,13,223,3,5,Paulding County               ,20,20,3522272,0,0,0,0,0,0,0,0,0,9,9,1621117,0,0,0,0,0,0,0,0,0
200906,13,227,3,5,Pickens County                ,5,5,1520000,0,0,0,0,0,0,0,0,0,5,5,1520000,0,0,0,0,0,0,0,0,0
200906,13,231,3,5,Pike County                   ,7,7,905876,0,0,0,0,0,0,0,0,0,0,0,0,0,0,0,0,0,0,0,0,0
200906,13,237,3,5,Putnam County                 ,5,5,1376000,0,0,0,0,0,0,0,0,0,5,5,1376000,0,0,0,0,0,0,0,0,0
200906,13,239,3,5,Quitman County                ,0,0,0,0,0,0,0,0,0,0,0,0,0,0,0,0,0,0,0,0,0,0,0,0
200906,13,247,3,5,Rockdale County               ,3,3,1699153,0,0,0,0,0,0,0,0,0,3,3,1699153,0,0,0,0,0,0,0,0,0
200906,13,255,3,5,Spalding County               ,16,16,1685336,0,0,0,0,0,0,0,0,0,16,16,1685336,0,0,0,0,0,0,0,0,0
200906,13,291,3,5,Union County                  ,6,6,1062679,0,0,0,0,0,0,0,0,0,6,6,1062679,0,0,0,0,0,0,0,0,0
200906,13,297,3,5,Walton County                 ,3,3,611450,0,0,0,0,0,0,0,0,0,3,3,611450,0,0,0,0,0,0,0,0,0
200906,13,313,3,5,Whitfield County              ,9,9,1123333,0,0,0,0,0,0,1,6,491000,0,0,0,0,0,0,0,0,0,1,6,491000
200906,13,321,3,5,Worth County                  ,3,3,473609,0,0,0,0,0,0,0,0,0,0,0,0,0,0,0,0,0,0,0,0,0
200906,15,001,4,9,Hawaii County                 ,64,64,22224742,1,2,440000,0,0,0,1,12,1157551,0,0,0,0,0,0,0,0,0,0,0,0
200906,15,003,4,9,Honolulu County               ,80,80,21793990,0,0,0,0,0,0,0,0,0,80,80,21793990,0,0,0,0,0,0,0,0,0
200906,15,007,4,9,Kauai County                  ,42,42,14376000,0,0,0,0,0,0,0,0,0,42,42,14376000,0,0,0,0,0,0,0,0,0
200906,15,009,4,9,Maui County                   ,19,19,4351528,1,2,1300000,0,0,0,0,0,0,19,19,4351528,1,2,1300000,0,0,0,0,0,0
200906,16,001,4,8,Ada County                    ,150,150,29206373,0,0,0,0,0,0,1,8,1061119,150,150,29206373,0,0,0,0,0,0,1,8,1061119
200906,16,015,4,8,Boise County                  ,5,5,1258789,0,0,0,0,0,0,0,0,0,5,5,1258789,0,0,0,0,0,0,0,0,0
200906,16,027,4,8,Canyon County                 ,52,52,6946846,0,0,0,2,8,489927,0,0,0,7,7,1363862,0,0,0,0,0,0,0,0,0
200906,16,045,4,8,Gem County                    ,0,0,0,0,0,0,0,0,0,0,0,0,0,0,0,0,0,0,0,0,0,0,0,0
200906,16,073,4,8,Owyhee County                 ,1,1,271219,0,0,0,0,0,0,0,0,0,0,0,0,0,0,0,0,0,0,0,0,0
200906,17,005,2,3,Bond County                   ,4,4,754544,0,0,0,0,0,0,0,0,0,3,3,595000,0,0,0,0,0,0,0,0,0
200906,17,013,2,3,Calhoun County                ,2,2,405000,0,0,0,0,0,0,0,0,0,2,2,405000,0,0,0,0,0,0,0,0,0
200906,17,027,2,3,Clinton County                ,9,9,1864700,1,2,300000,0,0,0,0,0,0,9,9,1864700,1,2,300000,0,0,0,0,0,0
200906,17,031,2,3,Cook County                   ,68,68,21343707,3,6,960000,2,6,900000,3,106,16071870,58,58,17787558,3,6,960000,2,6,900000,2,93,15100000
200906,17,037,2,3,DeKalb County                 ,14,14,2546290,0,0,0,0,0,0,0,0,0,11,11,2135000,0,0,0,0,0,0,0,0,0
200906,17,039,2,3,De Witt County                ,2,2,469959,0,0,0,0,0,0,0,0,0,2,2,469959,0,0,0,0,0,0,0,0,0
200906,17,043,2,3,DuPage County                 ,41,41,15423233,0,0,0,0,0,0,2,10,1455909,24,24,10953202,0,0,0,0,0,0,1,5,1000000
200906,17,063,2,3,Grundy County                 ,4,4,621049,0,0,0,0,0,0,0,0,0,3,3,460500,0,0,0,0,0,0,0,0,0
200906,17,083,2,3,Jersey County                 ,2,2,279867,0,0,0,0,0,0,1,5,289248,1,1,147696,0,0,0,0,0,0,0,0,0
200906,17,089,2,3,Kane County                   ,58,58,10516849,0,0,0,0,0,0,0,0,0,54,54,9561661,0,0,0,0,0,0,0,0,0
200906,17,093,2,3,Kendall County                ,24,24,4779777,0,0,0,0,0,0,0,0,0,10,10,2718200,0,0,0,0,0,0,0,0,0
200906,17,097,2,3,Lake County                   ,60,60,14457381,0,0,0,0,0,0,1,5,674745,49,49,8092655,0,0,0,0,0,0,0,0,0
200906,17,111,2,3,McHenry County                ,43,43,7037154,1,2,291398,0,0,0,0,0,0,20,20,3406732,0,0,0,0,0,0,0,0,0
200906,17,117,2,3,Macoupin County               ,6,6,1234895,0,0,0,0,0,0,0,0,0,0,0,0,0,0,0,0,0,0,0,0,0
200906,17,119,2,3,Madison County                ,43,43,9758624,0,0,0,0,0,0,1,12,785000,24,24,6200851,0,0,0,0,0,0,1,12,785000
200906,17,133,2,3,Monroe County                 ,12,12,2194326,0,0,0,0,0,0,0,0,0,12,12,2194326,0,0,0,0,0,0,0,0,0
200906,17,163,2,3,St. Clair County              ,70,70,12539840,1,2,236400,0,0,0,0,0,0,49,49,8275307,1,2,236400,0,0,0,0,0,0
200906,17,197,2,3,Will County                   ,55,55,12065969,0,0,0,0,0,0,0,0,0,42,42,9558697,0,0,0,0,0,0,0,0,0
200906,18,001,2,3,Adams County                  ,3,3,580000,0,0,0,0,0,0,0,0,0,3,3,580000,0,0,0,0,0,0,0,0,0
200906,18,003,2,3,Allen County                  ,86,86,16029921,0,0,0,0,0,0,0,0,0,86,86,16029921,0,0,0,0,0,0,0,0,0
200906,18,011,2,3,Boone County                  ,26,26,6384730,0,0,0,0,0,0,0,0,0,24,24,6138010,0,0,0,0,0,0,0,0,0
200906,18,013,2,3,Brown County                  ,17,17,3507763,0,0,0,0,0,0,0,0,0,17,17,3507763,0,0,0,0,0,0,0,0,0
200906,18,019,2,3,Clark County                  ,40,40,6977447,1,2,190000,0,0,0,0,0,0,38,38,6619256,1,2,190000,0,0,0,0,0,0
200906,18,029,2,3,Dearborn County               ,10,10,1703000,1,2,98000,0,0,0,0,0,0,10,10,1703000,1,2,98000,0,0,0,0,0,0
200906,18,043,2,3,Floyd County                  ,11,11,1750066,0,0,0,0,0,0,0,0,0,8,8,1313900,0,0,0,0,0,0,0,0,0
200906,18,047,2,3,Franklin County               ,5,5,931000,0,0,0,0,0,0,0,0,0,5,5,931000,0,0,0,0,0,0,0,0,0
200906,18,049,2,3,Fulton County                 ,2,2,350000,0,0,0,0,0,0,0,0,0,2,2,350000,0,0,0,0,0,0,0,0,0
200906,18,057,2,3,Hamilton County               ,165,165,27183493,0,0,0,0,0,0,16,227,14440833,164,164,26980415,0,0,0,0,0,0,16,227,14440833
200906,18,059,2,3,Hancock County                ,25,25,4193797,0,0,0,0,0,0,1,6,294048,19,19,3291938,0,0,0,0,0,0,0,0,0
200906,18,061,2,3,Harrison County               ,12,12,2476068,0,0,0,0,0,0,0,0,0,12,12,2476068,0,0,0,0,0,0,0,0,0
200906,18,063,2,3,Hendricks County              ,67,67,12178458,0,0,0,0,0,0,0,0,0,66,66,11975380,0,0,0,0,0,0,0,0,0
200906,18,065,2,3,Henry County                  ,6,6,846742,0,0,0,0,0,0,0,0,0,6,6,846742,0,0,0,0,0,0,0,0,0
200906,18,069,2,3,Huntington County             ,3,3,776395,0,0,0,0,0,0,0,0,0,3,3,776395,0,0,0,0,0,0,0,0,0
200906,18,073,2,3,Jasper County                 ,10,10,1460356,0,0,0,0,0,0,0,0,0,10,10,1460356,0,0,0,0,0,0,0,0,0
200906,18,079,2,3,Jennings County               ,2,2,375000,0,0,0,0,0,0,0,0,0,2,2,375000,0,0,0,0,0,0,0,0,0
200906,18,081,2,3,Johnson County                ,39,39,8289940,0,0,0,0,0,0,0,0,0,23,23,6052402,0,0,0,0,0,0,0,0,0
200906,18,087,2,3,Lagrange County               ,9,9,1371196,0,0,0,0,0,0,0,0,0,0,0,0,0,0,0,0,0,0,0,0,0
200906,18,089,2,3,Lake County                   ,58,58,12229222,5,10,978000,0,0,0,0,0,0,53,53,11196682,5,10,978000,0,0,0,0,0,0
200906,18,097,2,3,Marion County                 ,60,60,12167953,0,0,0,0,0,0,8,60,5363400,60,60,12167953,0,0,0,0,0,0,8,60,5363400
200906,18,105,2,3,Monroe County                 ,14,14,2353341,1,2,199005,0,0,0,0,0,0,14,14,2353341,1,2,199005,0,0,0,0,0,0
200906,18,109,2,3,Morgan County                 ,11,11,1773927,0,0,0,0,0,0,0,0,0,10,10,1603339,0,0,0,0,0,0,0,0,0
200906,18,111,2,3,Newton County                 ,1,1,160000,0,0,0,0,0,0,0,0,0,1,1,160000,0,0,0,0,0,0,0,0,0
200906,18,115,2,3,Ohio County                   ,1,1,140000,0,0,0,0,0,0,0,0,0,1,1,140000,0,0,0,0,0,0,0,0,0
200906,18,125,2,3,Pike County                   ,0,0,0,0,0,0,0,0,0,0,0,0,0,0,0,0,0,0,0,0,0,0,0,0
200906,18,127,2,3,Porter County                 ,31,31,6593942,0,0,0,0,0,0,0,0,0,28,28,6208769,0,0,0,0,0,0,0,0,0
200906,18,133,2,3,Putnam County                 ,3,3,391000,0,0,0,0,0,0,0,0,0,3,3,391000,0,0,0,0,0,0,0,0,0
200906,18,145,2,3,Shelby County                 ,4,4,591400,0,0,0,1,3,0,0,0,0,4,4,591400,0,0,0,0,0,0,0,0,0
200906,18,155,2,3,Switzerland County            ,5,5,291331,0,0,0,0,0,0,0,0,0,0,0,0,0,0,0,0,0,0,0,0,0
200906,18,157,2,3,Tippecanoe County             ,45,45,8018475,0,0,0,0,0,0,0,0,0,45,45,8018475,0,0,0,0,0,0,0,0,0
200906,18,163,2,3,Vanderburgh County            ,20,20,2562998,0,0,0,0,0,0,2,10,1747083,0,0,0,0,0,0,0,0,0,0,0,0
200906,18,167,2,3,Vigo County                   ,5,5,703726,1,2,115667,0,0,0,0,0,0,3,3,504287,0,0,0,0,0,0,0,0,0
200906,18,175,2,3,Washington County             ,3,3,429077,0,0,0,0,0,0,0,0,0,0,0,0,0,0,0,0,0,0,0,0,0
200906,18,179,2,3,Wells County                  ,0,0,0,0,0,0,0,0,0,0,0,0,0,0,0,0,0,0,0,0,0,0,0,0
200906,18,181,2,3,White County                  ,2,2,215000,0,0,0,0,0,0,0,0,0,2,2,215000,0,0,0,0,0,0,0,0,0
200906,18,183,2,3,Whitley County                ,14,14,2162000,0,0,0,0,0,0,0,0,0,14,14,2162000,0,0,0,0,0,0,0,0,0
200906,19,049,2,4,Dallas County                 ,24,24,5333378,0,0,0,0,0,0,1,5,1002463,22,22,5027714,0,0,0,0,0,0,1,5,1002463
200906,19,077,2,4,Guthrie County                ,1,1,270000,0,0,0,0,0,0,0,0,0,1,1,270000,0,0,0,0,0,0,0,0,0
200906,19,085,2,4,Harrison County               ,6,6,1279556,0,0,0,0,0,0,0,0,0,5,5,950356,0,0,0,0,0,0,0,0,0
200906,19,121,2,4,Madison County                ,2,2,364161,0,0,0,0,0,0,0,0,0,0,0,0,0,0,0,0,0,0,0,0,0
200906,19,129,2,4,Mills County                  ,0,0,0,0,0,0,0,0,0,0,0,0,0,0,0,0,0,0,0,0,0,0,0,0
200906,19,153,2,4,Polk County                   ,184,184,34438498,0,0,0,0,0,0,3,97,8357767,184,184,34438498,0,0,0,0,0,0,3,97,8357767
200906,19,155,2,4,Pottawattamie County          ,13,13,1839016,0,0,0,0,0,0,0,0,0,2,2,412678,0,0,0,0,0,0,0,0,0
200906,19,181,2,4,Warren County                 ,25,25,3978798,0,0,0,0,0,0,0,0,0,24,24,3730238,0,0,0,0,0,0,0,0,0
200906,20,055,2,4,Finney County                 ,1,1,188700,0,0,0,0,0,0,0,0,0,0,0,0,0,0,0,0,0,0,0,0,0
200906,20,059,2,4,Franklin County               ,5,5,1013399,0,0,0,0,0,0,0,0,0,3,3,714000,0,0,0,0,0,0,0,0,0
200906,20,063,2,4,Gove County                   ,0,0,0,0,0,0,0,0,0,0,0,0,0,0,0,0,0,0,0,0,0,0,0,0
200906,20,091,2,4,Johnson County                ,76,76,22337472,1,2,212138,0,0,0,2,10,491934,52,52,14157187,0,0,0,0,0,0,0,0,0
200906,20,103,2,4,Leavenworth County            ,13,13,1594729,0,0,0,0,0,0,0,0,0,13,13,1594729,0,0,0,0,0,0,0,0,0
200906,20,107,2,4,Linn County                   ,3,3,504124,0,0,0,0,0,0,0,0,0,1,1,206339,0,0,0,0,0,0,0,0,0
200906,20,121,2,4,Miami County                  ,5,5,1598549,0,0,0,0,0,0,0,0,0,0,0,0,0,0,0,0,0,0,0,0,0
200906,20,129,2,4,Morton County                 ,0,0,0,0,0,0,0,0,0,0,0,0,0,0,0,0,0,0,0,0,0,0,0,0
200906,20,151,2,4,Pratt County                  ,0,0,0,0,0,0,0,0,0,0,0,0,0,0,0,0,0,0,0,0,0,0,0,0
200906,20,183,2,4,Smith County                  ,0,0,0,0,0,0,0,0,0,0,0,0,0,0,0,0,0,0,0,0,0,0,0,0
200906,20,209,2,4,Wyandotte County              ,15,15,2216629,0,0,0,0,0,0,0,0,0,2,2,280000,0,0,0,0,0,0,0,0,0
200906,21,005,3,6,Anderson County               ,6,6,845944,0,0,0,0,0,0,0,0,0,6,6,845944,0,0,0,0,0,0,0,0,0
200906,21,015,3,6,Boone County                  ,46,46,8285708,0,0,0,0,0,0,3,42,2999000,46,46,8285708,0,0,0,0,0,0,3,42,2999000
200906,21,021,3,6,Boyle County                  ,2,2,665000,0,0,0,1,3,125000,0,0,0,2,2,665000,0,0,0,1,3,125000,0,0,0
200906,21,029,3,6,Bullitt County                ,30,30,4587150,0,0,0,0,0,0,0,0,0,30,30,4587150,0,0,0,0,0,0,0,0,0
200906,21,037,3,6,Campbell County               ,18,18,2904832,0,0,0,0,0,0,4,46,2500000,18,18,2904832,0,0,0,0,0,0,4,46,2500000
200906,21,049,3,6,Clark County                  ,7,7,1147469,0,0,0,0,0,0,0,0,0,0,0,0,0,0,0,0,0,0,0,0,0
200906,21,059,3,6,Daviess County                ,15,15,1431950,0,0,0,0,0,0,0,0,0,15,15,1431950,0,0,0,0,0,0,0,0,0
200906,21,067,3,6,Fayette County                ,70,70,8687000,0,0,0,0,0,0,0,0,0,70,70,8687000,0,0,0,0,0,0,0,0,0
200906,21,077,3,6,Gallatin County               ,4,4,222824,0,0,0,0,0,0,0,0,0,0,0,0,0,0,0,0,0,0,0,0,0
200906,21,081,3,6,Grant County                  ,1,1,205000,0,0,0,0,0,0,0,0,0,1,1,205000,0,0,0,0,0,0,0,0,0
200906,21,103,3,6,Henry County                  ,2,2,215000,0,0,0,0,0,0,0,0,0,2,2,215000,0,0,0,0,0,0,0,0,0
200906,21,111,3,6,Jefferson County              ,136,136,14931953,0,0,0,0,0,0,0,0,0,136,136,14931953,0,0,0,0,0,0,0,0,0
200906,21,113,3,6,Jessamine County              ,13,13,2240000,0,0,0,0,0,0,0,0,0,13,13,2240000,0,0,0,0,0,0,0,0,0
200906,21,117,3,6,Kenton County                 ,38,38,4268183,0,0,0,0,0,0,0,0,0,30,30,3499495,0,0,0,0,0,0,0,0,0
200906,21,137,3,6,Lincoln County                ,4,4,708453,0,0,0,0,0,0,0,0,0,4,4,708453,0,0,0,0,0,0,0,0,0
200906,21,151,3,6,Madison County                ,10,10,1002993,1,2,129571,0,0,0,0,0,0,2,2,305000,0,0,0,0,0,0,0,0,0
200906,21,157,3,6,Marshall County               ,3,3,475435,0,0,0,0,0,0,1,5,277778,2,2,354226,0,0,0,0,0,0,0,0,0
200906,21,163,3,6,Meade County                  ,6,6,780000,0,0,0,1,3,96429,0,0,0,6,6,780000,0,0,0,0,0,0,0,0,0
200906,21,167,3,6,Mercer County                 ,4,4,580000,0,0,0,0,0,0,0,0,0,4,4,580000,0,0,0,0,0,0,0,0,0
200906,21,179,3,6,Nelson County                 ,16,16,1645000,0,0,0,0,0,0,1,7,425000,16,16,1645000,0,0,0,0,0,0,1,7,425000
200906,21,185,3,6,Oldham County                 ,14,14,3814852,1,2,290465,0,0,0,1,5,292143,0,0,0,0,0,0,0,0,0,0,0,0
200906,21,191,3,6,Pendleton County              ,0,0,0,0,0,0,0,0,0,0,0,0,0,0,0,0,0,0,0,0,0,0,0,0
200906,21,205,3,6,Rowan County                  ,0,0,0,0,0,0,0,0,0,0,0,0,0,0,0,0,0,0,0,0,0,0,0,0
200906,21,209,3,6,Scott County                  ,34,34,3429400,0,0,0,0,0,0,0,0,0,34,34,3429400,0,0,0,0,0,0,0,0,0
200906,21,211,3,6,Shelby County                 ,6,6,687229,0,0,0,0,0,0,0,0,0,6,6,687229,0,0,0,0,0,0,0,0,0
200906,21,213,3,6,Simpson County                ,0,0,0,0,0,0,0,0,0,0,0,0,0,0,0,0,0,0,0,0,0,0,0,0
200906,21,215,3,6,Spencer County                ,3,3,540372,0,0,0,0,0,0,0,0,0,3,3,540372,0,0,0,0,0,0,0,0,0
200906,21,221,3,6,Trigg County                  ,0,0,0,0,0,0,0,0,0,0,0,0,0,0,0,0,0,0,0,0,0,0,0,0
200906,21,239,3,6,Woodford County               ,8,8,1706000,0,0,0,0,0,0,0,0,0,8,8,1706000,0,0,0,0,0,0,0,0,0
200906,22,009,3,7,Avoyelles Parish              ,4,4,467676,0,0,0,0,0,0,0,0,0,0,0,0,0,0,0,0,0,0,0,0,0
200906,22,039,3,7,Evangeline Parish             ,3,3,416000,0,0,0,0,0,0,0,0,0,3,3,416000,0,0,0,0,0,0,0,0,0
200906,22,051,3,7,Jefferson Parish              ,39,39,7689414,0,0,0,0,0,0,0,0,0,39,39,7689414,0,0,0,0,0,0,0,0,0
200906,22,071,3,7,Orleans Parish                ,71,71,10327339,9,18,1371217,0,0,0,0,0,0,71,71,10327339,9,18,1371217,0,0,0,0,0,0
200906,22,075,3,7,Plaquemines Parish            ,3,3,351940,0,0,0,0,0,0,0,0,0,3,3,351940,0,0,0,0,0,0,0,0,0
200906,22,077,3,7,Pointe Coupee Parish          ,6,6,955035,0,0,0,0,0,0,0,0,0,6,6,955035,0,0,0,0,0,0,0,0,0
200906,22,087,3,7,St. Bernard Parish            ,3,3,308364,0,0,0,0,0,0,0,0,0,3,3,308364,0,0,0,0,0,0,0,0,0
200906,22,089,3,7,St. Charles Parish            ,8,8,1565797,0,0,0,0,0,0,0,0,0,0,0,0,0,0,0,0,0,0,0,0,0
200906,22,091,3,7,St. Helena Parish             ,1,1,150000,0,0,0,0,0,0,0,0,0,0,0,0,0,0,0,0,0,0,0,0,0
200906,22,095,3,7,St. John the Baptist Parish   ,9,9,1362000,0,0,0,0,0,0,0,0,0,9,9,1362000,0,0,0,0,0,0,0,0,0
200906,22,103,3,7,St. Tammany Parish            ,47,47,10915453,1,2,141500,0,0,0,0,0,0,43,43,10250600,0,0,0,0,0,0,0,0,0
200906,22,109,3,7,Terrebonne Parish             ,24,24,6267270,0,0,0,0,0,0,0,0,0,24,24,6267270,0,0,0,0,0,0,0,0,0
200906,22,117,3,7,Washington Parish             ,18,18,1936000,0,0,0,0,0,0,0,0,0,18,18,1936000,0,0,0,0,0,0,0,0,0
200906,23,000,1,1,Maine Unorganized Territory   ,9,9,1195202,0,0,0,0,0,0,0,0,0,0,0,0,0,0,0,0,0,0,0,0,0
200906,24,003,3,5,Anne Arundel County           ,117,117,21205477,0,0,0,0,0,0,0,0,0,116,116,20894395,0,0,0,0,0,0,0,0,0
200906,24,005,3,5,Baltimore County              ,41,41,7385088,0,0,0,0,0,0,1,7,560000,41,41,7385088,0,0,0,0,0,0,1,7,560000
200906,24,009,3,5,Calvert County                ,50,50,9006205,0,0,0,0,0,0,0,0,0,50,50,9006205,0,0,0,0,0,0,0,0,0
200906,24,013,3,5,Carroll County                ,13,13,2341613,0,0,0,0,0,0,1,8,600000,13,13,2341613,0,0,0,0,0,0,1,8,600000
200906,24,015,3,5,Cecil County                  ,21,21,3522088,0,0,0,0,0,0,1,15,1292027,2,2,130000,0,0,0,0,0,0,0,0,0
200906,24,017,3,5,Charles County                ,87,87,22636092,0,0,0,0,0,0,1,5,600000,84,84,22169000,0,0,0,0,0,0,0,0,0
200906,24,021,3,5,Frederick County              ,60,60,11631477,0,0,0,0,0,0,1,10,850000,22,22,3921000,0,0,0,0,0,0,1,10,850000
200906,24,023,3,5,Garrett County                ,7,7,854900,0,0,0,0,0,0,0,0,0,7,7,854900,0,0,0,0,0,0,0,0,0
200906,24,025,3,5,Harford County                ,110,110,19658906,0,0,0,0,0,0,1,14,1250000,110,110,19658906,0,0,0,0,0,0,1,14,1250000
200906,24,027,3,5,Howard County                 ,56,56,13654401,0,0,0,0,0,0,1,14,2260526,0,0,0,0,0,0,0,0,0,0,0,0
200906,24,031,3,5,Montgomery County             ,88,88,25422609,0,0,0,0,0,0,0,0,0,83,83,24479100,0,0,0,0,0,0,0,0,0
200906,24,033,3,5,Prince George County          ,102,102,13169876,0,0,0,0,0,0,0,0,0,102,102,13169876,0,0,0,0,0,0,0,0,0
200906,24,035,3,5,Queen Anne County             ,8,8,1026170,0,0,0,0,0,0,0,0,0,8,8,1026170,0,0,0,0,0,0,0,0,0
200906,24,510,3,5,Baltimore (Independent City)  ,13,13,1816686,0,0,0,0,0,0,1,41,3285417,0,0,0,0,0,0,0,0,0,0,0,0
200906,25,009,1,1,Essex County                  ,37,37,11088672,2,4,406667,0,0,0,2,10,884064,26,26,7880539,1,2,100000,0,0,0,0,0,0
200906,25,017,1,1,Middlesex County              ,119,119,24135571,4,8,1539000,1,3,325000,1,5,531000,95,95,19934026,4,8,1539000,1,3,325000,1,5,531000
200906,25,019,1,1,Nantucket County              ,0,0,0,0,0,0,0,0,0,0,0,0,0,0,0,0,0,0,0,0,0,0,0,0
200906,25,021,1,1,Norfolk County                ,51,51,17053121,0,0,0,0,0,0,3,23,1899726,42,42,13757928,0,0,0,0,0,0,0,0,0
200906,25,023,1,1,Plymouth County               ,57,57,10521200,0,0,0,1,3,295443,0,0,0,25,25,5346692,0,0,0,0,0,0,0,0,0
200906,25,025,1,1,Suffolk County                ,2,2,369659,1,2,200000,2,6,646748,1,7,931174,1,1,225308,1,2,200000,2,6,646748,0,0,0
200906,26,000,2,3,Michigan Balance of State     ,9,9,954873,0,0,0,0,0,0,0,0,0,9,9,954873,0,0,0,0,0,0,0,0,0
200906,26,001,2,3,Alcona County                 ,3,3,350000,0,0,0,0,0,0,0,0,0,3,3,350000,0,0,0,0,0,0,0,0,0
200906,26,009,2,3,Antrim County                 ,3,3,375413,0,0,0,0,0,0,0,0,0,3,3,375413,0,0,0,0,0,0,0,0,0
200906,26,015,2,3,Barry County                  ,8,8,916572,0,0,0,0,0,0,0,0,0,0,0,0,0,0,0,0,0,0,0,0,0
200906,26,019,2,3,Benzie County                 ,4,4,402310,0,0,0,0,0,0,0,0,0,4,4,402310,0,0,0,0,0,0,0,0,0
200906,26,029,2,3,Charlevoix County             ,21,21,3065096,0,0,0,0,0,0,0,0,0,0,0,0,0,0,0,0,0,0,0,0,0
200906,26,031,2,3,Cheboygan County              ,8,8,1760000,0,0,0,0,0,0,0,0,0,8,8,1760000,0,0,0,0,0,0,0,0,0
200906,26,047,2,3,Emmet County                  ,4,4,595336,0,0,0,0,0,0,0,0,0,4,4,595336,0,0,0,0,0,0,0,0,0
200906,26,051,2,3,Gladwin County                ,5,5,840479,0,0,0,0,0,0,0,0,0,5,5,840479,0,0,0,0,0,0,0,0,0
200906,26,059,2,3,Hillsdale County              ,2,2,463440,0,0,0,0,0,0,0,0,0,2,2,463440,0,0,0,0,0,0,0,0,0
200906,26,067,2,3,Ionia County                  ,7,7,1081811,0,0,0,0,0,0,0,0,0,0,0,0,0,0,0,0,0,0,0,0,0
200906,26,079,2,3,Kalkaska County               ,6,6,834000,0,0,0,0,0,0,0,0,0,6,6,834000,0,0,0,0,0,0,0,0,0
200906,26,081,2,3,Kent County                   ,47,47,8091413,1,2,256000,0,0,0,0,0,0,42,42,7458730,1,2,256000,0,0,0,0,0,0
200906,26,087,2,3,Lapeer County                 ,3,3,500000,0,0,0,0,0,0,0,0,0,3,3,500000,0,0,0,0,0,0,0,0,0
200906,26,089,2,3,Leelanau County               ,5,5,863640,0,0,0,0,0,0,0,0,0,5,5,863640,0,0,0,0,0,0,0,0,0
200906,26,093,2,3,Livingston County             ,10,10,2043760,0,0,0,0,0,0,0,0,0,8,8,1839597,0,0,0,0,0,0,0,0,0
200906,26,099,2,3,Macomb County                 ,20,20,5586586,0,0,0,0,0,0,0,0,0,13,13,3634950,0,0,0,0,0,0,0,0,0
200906,26,103,2,3,Marquette County              ,27,27,3425500,1,2,420000,1,4,150000,1,5,865000,27,27,3425500,1,2,420000,1,4,150000,1,5,865000
200906,26,113,2,3,Missaukee County              ,2,2,315094,0,0,0,0,0,0,0,0,0,0,0,0,0,0,0,0,0,0,0,0,0
200906,26,123,2,3,Newaygo County                ,4,4,484744,0,0,0,0,0,0,0,0,0,2,2,335000,0,0,0,0,0,0,0,0,0
200906,26,125,2,3,Oakland County                ,46,46,18187901,0,0,0,0,0,0,0,0,0,24,24,12920121,0,0,0,0,0,0,0,0,0
200906,26,129,2,3,Ogemaw County                 ,1,1,62400,0,0,0,0,0,0,0,0,0,1,1,62400,0,0,0,0,0,0,0,0,0
200906,26,133,2,3,Osceola County                ,5,5,981000,0,0,0,0,0,0,0,0,0,5,5,981000,0,0,0,0,0,0,0,0,0
200906,26,137,2,3,Otsego County                 ,4,4,933715,0,0,0,0,0,0,0,0,0,0,0,0,0,0,0,0,0,0,0,0,0
200906,26,141,2,3,Presque Isle County           ,2,2,250000,0,0,0,0,0,0,0,0,0,2,2,250000,0,0,0,0,0,0,0,0,0
200906,26,147,2,3,St. Clair County              ,9,9,1540914,0,0,0,0,0,0,0,0,0,8,8,1462313,0,0,0,0,0,0,0,0,0
200906,26,163,2,3,Wayne County                  ,16,16,2964531,0,0,0,0,0,0,0,0,0,13,13,2621194,0,0,0,0,0,0,0,0,0
200906,27,003,2,4,Anoka County                  ,50,50,11103236,0,0,0,1,4,456331,0,0,0,47,47,10357796,0,0,0,1,4,456331,0,0,0
200906,27,019,2,4,Carver County                 ,27,27,7061661,0,0,0,3,12,1859930,2,13,1950000,26,26,6876678,0,0,0,3,12,1859930,2,13,1950000
200906,27,025,2,4,Chisago County                ,2,2,420589,0,0,0,0,0,0,0,0,0,1,1,292160,0,0,0,0,0,0,0,0,0
200906,27,037,2,4,Dakota County                 ,37,37,9359141,0,0,0,0,0,0,0,0,0,32,32,7974639,0,0,0,0,0,0,0,0,0
200906,27,053,2,4,Hennepin County               ,80,80,22133385,0,0,0,0,0,0,2,14,863179,77,77,20332180,0,0,0,0,0,0,2,14,863179
200906,27,059,2,4,Isanti County                 ,3,3,409000,0,0,0,0,0,0,0,0,0,3,3,409000,0,0,0,0,0,0,0,0,0
200906,27,123,2,4,Ramsey County                 ,17,17,3633695,0,0,0,0,0,0,0,0,0,17,17,3633695,0,0,0,0,0,0,0,0,0
200906,27,139,2,4,Scott County                  ,60,60,12338306,0,0,0,0,0,0,0,0,0,59,59,12123506,0,0,0,0,0,0,0,0,0
200906,27,141,2,4,Sherburne County              ,11,11,1902228,0,0,0,0,0,0,0,0,0,11,11,1902228,0,0,0,0,0,0,0,0,0
200906,27,163,2,4,Washington County             ,42,42,13141365,0,0,0,0,0,0,0,0,0,41,41,12806876,0,0,0,0,0,0,0,0,0
200906,27,171,2,4,Wright County                 ,22,22,4205981,0,0,0,0,0,0,0,0,0,9,9,1819453,0,0,0,0,0,0,0,0,0
200906,28,021,3,6,Claiborne County              ,0,0,0,0,0,0,0,0,0,0,0,0,0,0,0,0,0,0,0,0,0,0,0,0
200906,28,033,3,6,DeSoto County                 ,52,52,6834437,0,0,0,0,0,0,0,0,0,43,43,5384712,0,0,0,0,0,0,0,0,0
200906,28,039,3,6,George County                 ,0,0,0,0,0,0,0,0,0,0,0,0,0,0,0,0,0,0,0,0,0,0,0,0
200906,28,071,3,6,Lafayette County              ,11,11,1992000,0,0,0,0,0,0,0,0,0,11,11,1992000,0,0,0,0,0,0,0,0,0
200906,28,091,3,6,Marion County                 ,0,0,0,0,0,0,0,0,0,1,8,250000,0,0,0,0,0,0,0,0,0,1,8,250000
200906,28,093,3,6,Marshall County               ,11,11,1777475,0,0,0,0,0,0,0,0,0,0,0,0,0,0,0,0,0,0,0,0,0
200906,28,137,3,6,Tate County                   ,5,5,448325,0,0,0,0,0,0,0,0,0,0,0,0,0,0,0,0,0,0,0,0,0
200906,28,143,3,6,Tunica County                 ,1,1,80312,0,0,0,0,0,0,0,0,0,0,0,0,0,0,0,0,0,0,0,0,0
200906,28,153,3,6,Wayne County                  ,0,0,0,0,0,0,0,0,0,0,0,0,0,0,0,0,0,0,0,0,0,0,0,0
200906,29,001,2,4,Adair County                  ,1,1,245290,0,0,0,0,0,0,0,0,0,1,1,245290,0,0,0,0,0,0,0,0,0
200906,29,013,2,4,Bates County                  ,1,1,112000,0,0,0,0,0,0,0,0,0,1,1,112000,0,0,0,0,0,0,0,0,0
200906,29,019,2,4,Boone County                  ,60,60,9135000,1,2,130000,0,0,0,0,0,0,60,60,9135000,1,2,130000,0,0,0,0,0,0
200906,29,025,2,4,Caldwell County               ,1,1,206339,0,0,0,0,0,0,0,0,0,1,1,206339,0,0,0,0,0,0,0,0,0
200906,29,037,2,4,Cass County                   ,9,9,2000108,0,0,0,0,0,0,0,0,0,5,5,1523464,0,0,0,0,0,0,0,0,0
200906,29,047,2,4,Clay County                   ,20,20,3383890,0,0,0,0,0,0,11,55,4692700,20,20,3383890,0,0,0,0,0,0,11,55,4692700
200906,29,049,2,4,Clinton County                ,6,6,1051896,0,0,0,0,0,0,0,0,0,2,2,340000,0,0,0,0,0,0,0,0,0
200906,29,065,2,4,Dent County                   ,0,0,0,0,0,0,0,0,0,0,0,0,0,0,0,0,0,0,0,0,0,0,0,0
200906,29,071,2,4,Franklin County               ,32,32,4537278,1,2,300000,0,0,0,0,0,0,30,30,4168755,1,2,300000,0,0,0,0,0,0
200906,29,079,2,4,Grundy County                 ,0,0,0,0,0,0,0,0,0,0,0,0,0,0,0,0,0,0,0,0,0,0,0,0
200906,29,095,2,4,Jackson County                ,36,36,7505882,0,0,0,0,0,0,0,0,0,35,35,7332482,0,0,0,0,0,0,0,0,0
200906,29,099,2,4,Jefferson County              ,71,71,10335210,0,0,0,0,0,0,0,0,0,71,71,10335210,0,0,0,0,0,0,0,0,0
200906,29,105,2,4,Laclede County                ,3,3,299375,0,0,0,0,0,0,0,0,0,0,0,0,0,0,0,0,0,0,0,0,0
200906,29,107,2,4,Lafayette County              ,5,5,787559,0,0,0,0,0,0,0,0,0,1,1,50502,0,0,0,0,0,0,0,0,0
200906,29,113,2,4,Lincoln County                ,4,4,632278,0,0,0,0,0,0,0,0,0,4,4,632278,0,0,0,0,0,0,0,0,0
200906,29,141,2,4,Morgan County                 ,0,0,0,0,0,0,0,0,0,0,0,0,0,0,0,0,0,0,0,0,0,0,0,0
200906,29,161,2,4,Phelps County                 ,0,0,0,0,0,0,0,0,0,0,0,0,0,0,0,0,0,0,0,0,0,0,0,0
200906,29,165,2,4,Platte County                 ,9,9,2373504,0,0,0,0,0,0,0,0,0,9,9,2373504,0,0,0,0,0,0,0,0,0
200906,29,177,2,4,Ray County                    ,2,2,368980,0,0,0,0,0,0,0,0,0,0,0,0,0,0,0,0,0,0,0,0,0
200906,29,183,2,4,St. Charles County            ,128,128,25713449,2,4,315000,0,0,0,1,12,918000,117,117,22166614,2,4,315000,0,0,0,1,12,918000
200906,29,189,2,4,St. Louis County              ,48,48,17587409,0,0,0,0,0,0,1,5,441020,10,10,2994796,0,0,0,0,0,0,0,0,0
200906,29,219,2,4,Warren County                 ,6,6,1044980,0,0,0,0,0,0,0,0,0,5,5,859017,0,0,0,0,0,0,0,0,0
200906,29,221,2,4,Washington County             ,0,0,0,0,0,0,0,0,0,0,0,0,0,0,0,0,0,0,0,0,0,0,0,0
200906,29,510,2,4,St. Louis (Independent City)  ,12,12,1429000,0,0,0,0,0,0,0,0,0,12,12,1429000,0,0,0,0,0,0,0,0,0
200906,30,023,4,8,Deer Lodge County             ,1,1,66000,0,0,0,0,0,0,0,0,0,1,1,66000,0,0,0,0,0,0,0,0,0
200906,30,063,4,8,Missoula County               ,27,27,3778948,2,4,334202,0,0,0,0,0,0,27,27,3778948,2,4,334202,0,0,0,0,0,0
200906,31,025,2,4,Cass County                   ,7,7,1149868,0,0,0,0,0,0,0,0,0,6,6,1001582,0,0,0,0,0,0,0,0,0
200906,31,033,2,4,Cheyenne County               ,0,0,0,0,0,0,0,0,0,0,0,0,0,0,0,0,0,0,0,0,0,0,0,0
200906,31,055,2,4,Douglas County                ,281,281,27886578,0,0,0,0,0,0,1,5,607988,280,280,27722982,0,0,0,0,0,0,0,0,0
200906,31,077,2,4,Greeley County                ,0,0,0,0,0,0,0,0,0,0,0,0,0,0,0,0,0,0,0,0,0,0,0,0
200906,31,105,2,4,Kimball County                ,0,0,0,0,0,0,0,0,0,0,0,0,0,0,0,0,0,0,0,0,0,0,0,0
200906,31,153,2,4,Sarpy County                  ,105,105,21291125,0,0,0,0,0,0,0,0,0,82,82,16619719,0,0,0,0,0,0,0,0,0
200906,31,155,2,4,Saunders County               ,4,4,607804,0,0,0,0,0,0,0,0,0,3,3,482804,0,0,0,0,0,0,0,0,0
200906,31,177,2,4,Washington County             ,8,8,1198043,0,0,0,0,0,0,0,0,0,3,3,488315,0,0,0,0,0,0,0,0,0
200906,32,001,4,8,Churchill County              ,0,0,0,0,0,0,0,0,0,0,0,0,0,0,0,0,0,0,0,0,0,0,0,0
200906,32,003,4,8,Clark County                  ,355,355,44408111,0,0,0,16,50,4148981,20,484,33615582,355,355,44408111,0,0,0,16,50,4148981,20,484,33615582
200906,32,005,4,8,Douglas County                ,4,4,1403251,0,0,0,0,0,0,0,0,0,4,4,1403251,0,0,0,0,0,0,0,0,0
200906,32,007,4,8,Elko County                   ,6,6,822954,0,0,0,0,0,0,0,0,0,5,5,659718,0,0,0,0,0,0,0,0,0
200906,32,013,4,8,Humboldt County               ,1,1,171568,0,0,0,0,0,0,0,0,0,1,1,171568,0,0,0,0,0,0,0,0,0
200906,32,015,4,8,Lander County                 ,0,0,0,0,0,0,0,0,0,0,0,0,0,0,0,0,0,0,0,0,0,0,0,0
200906,32,017,4,8,Lincoln County                ,1,1,168022,0,0,0,0,0,0,0,0,0,0,0,0,0,0,0,0,0,0,0,0,0
200906,32,019,4,8,Lyon County                   ,4,4,706800,0,0,0,0,0,0,0,0,0,4,4,706800,0,0,0,0,0,0,0,0,0
200906,32,021,4,8,Mineral County                ,0,0,0,0,0,0,0,0,0,0,0,0,0,0,0,0,0,0,0,0,0,0,0,0
200906,32,027,4,8,Pershing County               ,0,0,0,0,0,0,0,0,0,0,0,0,0,0,0,0,0,0,0,0,0,0,0,0
200906,32,029,4,8,Storey County                 ,1,1,184939,0,0,0,0,0,0,0,0,0,0,0,0,0,0,0,0,0,0,0,0,0
200906,32,031,4,8,Washoe County                 ,54,54,12260398,0,0,0,1,4,365855,0,0,0,41,41,8257165,0,0,0,1,4,365855,0,0,0
200906,32,033,4,8,White Pine County             ,0,0,0,0,0,0,0,0,0,0,0,0,0,0,0,0,0,0,0,0,0,0,0,0
200906,32,510,4,8,Carson City (Independent City),1,1,324955,0,0,0,0,0,0,0,0,0,1,1,324955,0,0,0,0,0,0,0,0,0
200906,33,015,1,1,Rockingham County             ,34,34,7476643,0,0,0,2,8,2980000,0,0,0,26,26,5481482,0,0,0,2,8,2980000,0,0,0
200906,33,017,1,1,Strafford County              ,14,14,2074407,0,0,0,1,3,400000,0,0,0,13,13,1854173,0,0,0,1,3,400000,0,0,0
200906,34,001,1,2,Atlantic County               ,72,72,7625676,0,0,0,0,0,0,0,0,0,51,51,6114210,0,0,0,0,0,0,0,0,0
200906,34,003,1,2,Bergen County                 ,44,44,15073783,4,8,818767,0,0,0,3,15,1476602,10,10,2806500,2,4,430000,0,0,0,0,0,0
200906,34,005,1,2,Burlington County             ,40,40,6761135,0,0,0,0,0,0,2,10,537344,18,18,3150746,0,0,0,0,0,0,0,0,0
200906,34,007,1,2,Camden County                 ,18,18,2880223,0,0,0,1,3,6500,2,11,859437,10,10,1757339,0,0,0,1,3,6500,0,0,0
200906,34,009,1,2,Cape May County               ,19,19,2971396,0,0,0,0,0,0,0,0,0,17,17,2413578,0,0,0,0,0,0,0,0,0
200906,34,011,1,2,Cumberland County             ,21,21,2307490,0,0,0,0,0,0,0,0,0,11,11,1166480,0,0,0,0,0,0,0,0,0
200906,34,013,1,2,Essex County                  ,17,17,3978987,1,2,180000,2,7,461770,1,7,760120,8,8,2766831,1,2,180000,2,7,461770,0,0,0
200906,34,015,1,2,Gloucester County             ,76,76,10364118,0,0,0,0,0,0,0,0,0,63,63,8387627,0,0,0,0,0,0,0,0,0
200906,34,017,1,2,Hudson County                 ,8,8,1202957,4,8,1287776,2,6,604000,3,35,4548627,2,2,421500,3,6,1080400,2,6,604000,0,0,0
200906,34,019,1,2,Hunterdon County              ,13,13,2157931,0,0,0,0,0,0,1,5,203395,7,7,988925,0,0,0,0,0,0,0,0,0
200906,34,021,1,2,Mercer County                 ,24,24,4473902,0,0,0,0,0,0,1,5,593942,9,9,2182930,0,0,0,0,0,0,0,0,0
200906,34,023,1,2,Middlesex County              ,65,65,10200957,0,0,0,1,3,204675,3,30,552107,51,51,8428011,0,0,0,0,0,0,1,20,62400
200906,34,025,1,2,Monmouth County               ,56,56,11471680,0,0,0,0,0,0,1,5,539743,27,27,6717679,0,0,0,0,0,0,0,0,0
200906,34,027,1,2,Morris County                 ,30,30,8436472,0,0,0,0,0,0,3,20,1017448,15,15,4271930,0,0,0,0,0,0,1,10,731475
200906,34,029,1,2,Ocean County                  ,77,77,13192244,0,0,0,0,0,0,0,0,0,50,50,7607503,0,0,0,0,0,0,0,0,0
200906,34,031,1,2,Passaic County                ,14,14,2101657,2,4,283620,0,0,0,2,10,641161,2,2,409300,0,0,0,0,0,0,0,0,0
200906,34,033,1,2,Salem County                  ,3,3,288649,0,0,0,0,0,0,1,5,223536,0,0,41750,0,0,0,0,0,0,0,0,0
200906,34,035,1,2,Somerset County               ,22,22,3297144,0,0,0,0,0,0,1,5,248826,17,17,2813745,0,0,0,0,0,0,0,0,0
200906,34,037,1,2,Sussex County                 ,15,15,3202940,0,0,0,0,0,0,0,0,0,4,4,1065230,0,0,0,0,0,0,0,0,0
200906,34,039,1,2,Union County                  ,31,31,6351705,3,6,337800,0,0,0,0,0,0,17,17,3337601,3,6,337800,0,0,0,0,0,0
200906,34,041,1,2,Warren County                 ,25,25,2917523,0,0,0,0,0,0,0,0,0,21,21,2269440,0,0,0,0,0,0,0,0,0
200906,35,000,4,8,New Mexico Balance of State   ,66,66,15682880,0,0,0,0,0,0,0,0,0,0,0,0,0,0,0,0,0,0,0,0,0
200906,35,001,4,8,Bernalillo County             ,101,101,17375453,0,0,0,1,3,422318,1,9,705852,11,11,1522267,0,0,0,0,0,0,0,0,0
200906,35,005,4,8,Chaves County                 ,2,2,547433,0,0,0,0,0,0,0,0,0,0,0,0,0,0,0,0,0,0,0,0,0
200906,35,007,4,8,Colfax County                 ,0,0,0,0,0,0,0,0,0,0,0,0,0,0,0,0,0,0,0,0,0,0,0,0
200906,35,009,4,8,Curry County                  ,11,11,2681895,0,0,0,0,0,0,0,0,0,11,11,2681895,0,0,0,0,0,0,0,0,0
200906,35,013,4,8,Dona Ana County               ,77,77,11783855,1,2,120900,0,0,0,0,0,0,24,24,4689768,0,0,0,0,0,0,0,0,0
200906,35,015,4,8,Eddy County                   ,9,9,1388841,0,0,0,0,0,0,0,0,0,4,4,506312,0,0,0,0,0,0,0,0,0
200906,35,025,4,8,Lea County                    ,0,0,0,0,0,0,0,0,0,0,0,0,0,0,0,0,0,0,0,0,0,0,0,0
200906,35,027,4,8,Lincoln County                ,7,7,1218475,0,0,0,0,0,0,0,0,0,1,1,168607,0,0,0,0,0,0,0,0,0
200906,35,028,4,8,Los Alamos County             ,0,0,0,0,0,0,0,0,0,0,0,0,0,0,0,0,0,0,0,0,0,0,0,0
200906,35,029,4,8,Luna County                   ,3,3,550645,0,0,0,0,0,0,0,0,0,0,0,0,0,0,0,0,0,0,0,0,0
200906,35,031,4,8,McKinley County               ,0,0,0,0,0,0,0,0,0,0,0,0,0,0,0,0,0,0,0,0,0,0,0,0
200906,35,035,4,8,Otero County                  ,0,0,0,0,0,0,0,0,0,0,0,0,0,0,0,0,0,0,0,0,0,0,0,0
200906,35,039,4,8,Rio Arriba County             ,0,0,0,0,0,0,0,0,0,0,0,0,0,0,0,0,0,0,0,0,0,0,0,0
200906,35,041,4,8,Roosevelt County              ,3,3,365000,0,0,0,0,0,0,0,0,0,3,3,365000,0,0,0,0,0,0,0,0,0
200906,35,043,4,8,Sandoval County               ,57,57,11209291,0,0,0,1,3,243774,0,0,0,0,0,0,0,0,0,0,0,0,0,0,0
200906,35,045,4,8,San Juan County               ,17,17,3294812,0,0,0,0,0,0,0,0,0,17,17,3294812,0,0,0,0,0,0,0,0,0
200906,35,049,4,8,Santa Fe County               ,12,12,1600382,0,0,0,0,0,0,0,0,0,0,0,0,0,0,0,0,0,0,0,0,0
200906,35,051,4,8,Sierra County                 ,0,0,0,0,0,0,0,0,0,0,0,0,0,0,0,0,0,0,0,0,0,0,0,0
200906,35,053,4,8,Socorro County                ,0,0,0,0,0,0,0,0,0,0,0,0,0,0,0,0,0,0,0,0,0,0,0,0
200906,35,055,4,8,Taos County                   ,8,8,931202,0,0,0,0,0,0,0,0,0,2,2,273267,0,0,0,0,0,0,0,0,0
200906,35,061,4,8,Valencia County               ,8,8,983000,0,0,0,0,0,0,0,0,0,0,0,0,0,0,0,0,0,0,0,0,0
200906,36,005,1,2,Bronx County                  ,13,13,2929008,0,0,0,4,12,1280291,3,37,4092615,13,13,2929008,0,0,0,4,12,1280291,3,37,4092615
200906,36,047,1,2,Kings County                  ,0,0,0,5,10,1129928,19,62,6614836,7,346,38271476,0,0,0,5,10,1129928,19,62,6614836,7,346,38271476
200906,36,059,1,2,Nassau County                 ,52,52,20116928,0,0,0,0,0,0,0,0,0,16,16,8138600,0,0,0,0,0,0,0,0,0
200906,36,061,1,2,New York County               ,0,0,0,0,0,0,0,0,0,11,573,63380219,0,0,0,0,0,0,0,0,0,11,573,63380219
200906,36,079,1,2,Putnam County                 ,5,5,1004352,0,0,0,0,0,0,0,0,0,3,3,737185,0,0,0,0,0,0,0,0,0
200906,36,081,1,2,Queens County                 ,4,4,901233,22,44,4971683,9,28,2987345,3,29,3207725,4,4,901233,22,44,4971683,9,28,2987345,3,29,3207725
200906,36,085,1,2,Richmond County               ,13,13,2929008,15,30,3389784,0,0,0,0,0,0,13,13,2929008,15,30,3389784,0,0,0,0,0,0
200906,36,087,1,2,Rockland County               ,8,8,2717000,0,0,0,0,0,0,0,0,0,8,8,2717000,0,0,0,0,0,0,0,0,0
200906,36,103,1,2,Suffolk County                ,65,65,25725228,0,0,0,0,0,0,1,24,2654669,45,45,18986287,0,0,0,0,0,0,1,24,2654669
200906,36,119,1,2,Westchester County            ,13,13,7297686,1,2,200000,0,0,0,0,0,0,9,9,5840000,1,2,200000,0,0,0,0,0,0
200906,37,003,3,5,Alexander County              ,18,18,2125250,0,0,0,0,0,0,0,0,0,18,18,2125250,0,0,0,0,0,0,0,0,0
200906,37,007,3,5,Anson County                  ,3,3,600210,0,0,0,0,0,0,0,0,0,3,3,600210,0,0,0,0,0,0,0,0,0
200906,37,009,3,5,Ashe County                   ,16,16,3788200,0,0,0,0,0,0,0,0,0,16,16,3788200,0,0,0,0,0,0,0,0,0
200906,37,011,3,5,Avery County                  ,9,9,5392000,0,0,0,0,0,0,0,0,0,9,9,5392000,0,0,0,0,0,0,0,0,0
200906,37,019,3,5,Brunswick County              ,163,163,28981876,0,0,0,0,0,0,0,0,0,56,56,9824074,0,0,0,0,0,0,0,0,0
200906,37,025,3,5,Cabarrus County               ,48,48,7355795,0,0,0,0,0,0,0,0,0,48,48,7355795,0,0,0,0,0,0,0,0,0
200906,37,027,3,5,Caldwell County               ,12,12,2325900,0,0,0,0,0,0,0,0,0,12,12,2325900,0,0,0,0,0,0,0,0,0
200906,37,037,3,5,Chatham County                ,15,15,3326000,0,0,0,0,0,0,0,0,0,15,15,3326000,0,0,0,0,0,0,0,0,0
200906,37,039,3,5,Cherokee County               ,7,7,735785,0,0,0,0,0,0,0,0,0,7,7,735785,0,0,0,0,0,0,0,0,0
200906,37,049,3,5,Craven County                 ,32,32,3129487,0,0,0,0,0,0,1,24,950000,14,14,1642350,0,0,0,0,0,0,1,24,950000
200906,37,053,3,5,Currituck County              ,15,15,4013304,0,0,0,0,0,0,0,0,0,15,15,4013304,0,0,0,0,0,0,0,0,0
200906,37,059,3,5,Davie County                  ,7,7,2107240,0,0,0,0,0,0,0,0,0,7,7,2107240,0,0,0,0,0,0,0,0,0
200906,37,063,3,5,Durham County                 ,65,65,12834223,0,0,0,0,0,0,0,0,0,65,65,12834223,0,0,0,0,0,0,0,0,0
200906,37,067,3,5,Forsyth County                ,87,87,11622356,0,0,0,0,0,0,10,84,3473203,87,87,11622356,0,0,0,0,0,0,10,84,3473203
200906,37,069,3,5,Franklin County               ,6,6,1080745,0,0,0,0,0,0,0,0,0,6,6,1080745,0,0,0,0,0,0,0,0,0
200906,37,071,3,5,Gaston County                 ,56,56,13344553,0,0,0,0,0,0,5,88,9927122,56,56,13344553,0,0,0,0,0,0,5,88,9927122
200906,37,081,3,5,Guilford County               ,102,102,19271699,0,0,0,2,8,393616,10,126,10971774,64,64,10457005,0,0,0,2,8,393616,10,126,10971774
200906,37,089,3,5,Henderson County              ,31,31,8109070,0,0,0,0,0,0,0,0,0,31,31,8109070,0,0,0,0,0,0,0,0,0
200906,37,093,3,5,Hoke County                   ,53,53,9546577,0,0,0,0,0,0,0,0,0,53,53,9546577,0,0,0,0,0,0,0,0,0
200906,37,097,3,5,Iredell County                ,106,106,15029157,1,2,233333,0,0,0,0,0,0,0,0,0,0,0,0,0,0,0,0,0,0
200906,37,101,3,5,Johnston County               ,47,47,7137068,0,0,0,0,0,0,0,0,0,46,46,6999325,0,0,0,0,0,0,0,0,0
200906,37,105,3,5,Lee County                    ,10,10,1499935,0,0,0,0,0,0,0,0,0,10,10,1499935,0,0,0,0,0,0,0,0,0
200906,37,109,3,5,Lincoln County                ,22,22,4727101,1,2,110000,0,0,0,0,0,0,0,0,0,0,0,0,0,0,0,0,0,0
200906,37,113,3,5,Macon County                  ,17,17,3906401,0,0,0,0,0,0,0,0,0,17,17,3906401,0,0,0,0,0,0,0,0,0
200906,37,119,3,5,Mecklenburg County            ,161,161,28999979,0,0,0,4,16,1446094,22,467,38046705,161,161,28999979,0,0,0,4,16,1446094,22,467,38046705
200906,37,127,3,5,Nash County                   ,24,24,2900430,0,0,0,0,0,0,0,0,0,16,16,2361860,0,0,0,0,0,0,0,0,0
200906,37,129,3,5,New Hanover County            ,5,5,1009500,0,0,0,0,0,0,0,0,0,4,4,568500,0,0,0,0,0,0,0,0,0
200906,37,135,3,5,Orange County                 ,29,29,7860164,1,2,230000,0,0,0,0,0,0,29,29,7860164,1,2,230000,0,0,0,0,0,0
200906,37,137,3,5,Pamlico County                ,7,7,1964985,0,0,0,0,0,0,0,0,0,7,7,1964985,0,0,0,0,0,0,0,0,0
200906,37,141,3,5,Pender County                 ,18,18,1544585,0,0,0,0,0,0,1,5,519975,17,17,1400691,0,0,0,0,0,0,0,0,0
200906,37,145,3,5,Person County                 ,3,3,304400,1,2,75000,0,0,0,0,0,0,3,3,304400,1,2,75000,0,0,0,0,0,0
200906,37,147,3,5,Pitt County                   ,44,44,5852830,11,22,2063300,0,0,0,0,0,0,44,44,5852830,11,22,2063300,0,0,0,0,0,0
200906,37,149,3,5,Polk County                   ,6,6,1166804,0,0,0,0,0,0,0,0,0,6,6,1166804,0,0,0,0,0,0,0,0,0
200906,37,151,3,5,Randolph County               ,19,19,3328174,0,0,0,0,0,0,0,0,0,19,19,3328174,0,0,0,0,0,0,0,0,0
200906,37,157,3,5,Rockingham County             ,12,12,2655681,0,0,0,0,0,0,0,0,0,12,12,2655681,0,0,0,0,0,0,0,0,0
200906,37,159,3,5,Rowan County                  ,19,19,3109680,0,0,0,0,0,0,0,0,0,19,19,3109680,0,0,0,0,0,0,0,0,0
200906,37,163,3,5,Sampson County                ,9,9,667875,0,0,0,0,0,0,0,0,0,9,9,667875,0,0,0,0,0,0,0,0,0
200906,37,167,3,5,Stanly County                 ,13,13,1362930,1,2,78363,0,0,0,1,5,267480,0,0,0,0,0,0,0,0,0,0,0,0
200906,37,171,3,5,Surry County                  ,10,10,1802450,0,0,0,0,0,0,0,0,0,10,10,1802450,0,0,0,0,0,0,0,0,0
200906,37,175,3,5,Transylvania County           ,4,4,1893500,0,0,0,0,0,0,0,0,0,4,4,1893500,0,0,0,0,0,0,0,0,0
200906,37,179,3,5,Union County                  ,65,65,8549119,0,0,0,0,0,0,0,0,0,65,65,8549119,0,0,0,0,0,0,0,0,0
200906,37,181,3,5,Vance County                  ,4,4,556000,0,0,0,0,0,0,0,0,0,4,4,556000,0,0,0,0,0,0,0,0,0
200906,37,183,3,5,Wake County                   ,411,411,70609598,0,0,0,0,0,0,0,0,0,411,411,70609598,0,0,0,0,0,0,0,0,0
200906,37,195,3,5,Wilson County                 ,14,14,2033408,0,0,0,10,40,2890984,0,0,0,9,9,1169174,0,0,0,10,40,2890984,0,0,0
200906,39,015,2,3,Brown County                  ,2,2,265000,0,0,0,0,0,0,0,0,0,2,2,265000,0,0,0,0,0,0,0,0,0
200906,39,017,2,3,Butler County                 ,49,49,9529215,1,2,156070,0,0,0,0,0,0,12,12,1661420,1,2,156070,0,0,0,0,0,0
200906,39,025,2,3,Clermont County               ,47,47,5912366,0,0,0,0,0,0,1,5,725000,47,47,5912366,0,0,0,0,0,0,1,5,725000
200906,39,035,2,3,Cuyahoga County               ,36,36,9053808,0,0,0,0,0,0,1,5,530305,12,12,4202434,0,0,0,0,0,0,0,0,0
200906,39,041,2,3,Delaware County               ,57,57,11662860,0,0,0,0,0,0,0,0,0,57,57,11662860,0,0,0,0,0,0,0,0,0
200906,39,045,2,3,Fairfield County              ,15,15,2765910,0,0,0,0,0,0,0,0,0,9,9,1845356,0,0,0,0,0,0,0,0,0
200906,39,049,2,3,Franklin County               ,199,199,42824936,1,2,620395,0,0,0,0,0,0,183,183,39379438,1,2,620395,0,0,0,0,0,0
200906,39,055,2,3,Geauga County                 ,6,6,1246352,0,0,0,0,0,0,0,0,0,6,6,1246352,0,0,0,0,0,0,0,0,0
200906,39,061,2,3,Hamilton County               ,35,35,9929510,0,0,0,0,0,0,0,0,0,9,9,1390812,0,0,0,0,0,0,0,0,0
200906,39,085,2,3,Lake County                   ,34,34,6897918,0,0,0,0,0,0,0,0,0,15,15,2720671,0,0,0,0,0,0,0,0,0
200906,39,089,2,3,Licking County                ,17,17,3062162,1,2,180000,0,0,0,0,0,0,17,17,3062162,1,2,180000,0,0,0,0,0,0
200906,39,093,2,3,Lorain County                 ,59,59,11013450,0,0,0,0,0,0,0,0,0,55,55,10214236,0,0,0,0,0,0,0,0,0
200906,39,097,2,3,Madison County                ,0,0,0,0,0,0,0,0,0,0,0,0,0,0,0,0,0,0,0,0,0,0,0,0
200906,39,103,2,3,Medina County                 ,36,36,6970579,0,0,0,0,0,0,8,96,3440000,36,36,6970579,0,0,0,0,0,0,8,96,3440000
200906,39,117,2,3,Morrow County                 ,3,3,591321,0,0,0,0,0,0,0,0,0,1,1,206339,0,0,0,0,0,0,0,0,0
200906,39,129,2,3,Pickaway County               ,2,2,412636,0,0,0,0,0,0,0,0,0,1,1,241007,0,0,0,0,0,0,0,0,0
200906,39,159,2,3,Union County                  ,7,7,1444373,0,0,0,0,0,0,0,0,0,7,7,1444373,0,0,0,0,0,0,0,0,0
200906,39,165,2,3,Warren County                 ,68,68,15388396,0,0,0,0,0,0,4,54,4827060,64,64,14662736,0,0,0,0,0,0,4,54,4827060
200906,39,169,2,3,Wayne County                  ,14,14,3391000,0,0,0,0,0,0,0,0,0,14,14,3391000,0,0,0,0,0,0,0,0,0
200906,40,017,3,7,Canadian County               ,23,23,4185314,0,0,0,0,0,0,0,0,0,23,23,4185314,0,0,0,0,0,0,0,0,0
200906,40,021,3,7,Cherokee County               ,2,2,378979,0,0,0,0,0,0,0,0,0,0,0,0,0,0,0,0,0,0,0,0,0
200906,40,027,3,7,Cleveland County              ,74,74,10971975,0,0,0,0,0,0,0,0,0,74,74,10971975,0,0,0,0,0,0,0,0,0
200906,40,029,3,7,Coal County                   ,0,0,0,0,0,0,0,0,0,0,0,0,0,0,0,0,0,0,0,0,0,0,0,0
200906,40,037,3,7,Creek County                  ,20,20,2626223,0,0,0,0,0,0,0,0,0,13,13,1748000,0,0,0,0,0,0,0,0,0
200906,40,051,3,7,Grady County                  ,4,4,875000,0,0,0,0,0,0,0,0,0,4,4,875000,0,0,0,0,0,0,0,0,0
200906,40,081,3,7,Lincoln County                ,1,1,110333,0,0,0,0,0,0,0,0,0,0,0,0,0,0,0,0,0,0,0,0,0
200906,40,083,3,7,Logan County                  ,2,2,150000,0,0,0,0,0,0,0,0,0,2,2,150000,0,0,0,0,0,0,0,0,0
200906,40,087,3,7,McClain County                ,14,14,2127661,0,0,0,0,0,0,0,0,0,3,3,372000,0,0,0,0,0,0,0,0,0
200906,40,099,3,7,Murray County                 ,2,2,163000,0,0,0,0,0,0,0,0,0,2,2,163000,0,0,0,0,0,0,0,0,0
200906,40,109,3,7,Oklahoma County               ,181,181,31541554,3,6,616858,0,0,0,1,6,347654,57,57,13815448,1,2,300000,0,0,0,0,0,0
200906,40,111,3,7,Okmulgee County               ,0,0,0,0,0,0,0,0,0,0,0,0,0,0,0,0,0,0,0,0,0,0,0,0
200906,40,113,3,7,Osage County                  ,11,11,2437753,1,2,146667,0,0,0,0,0,0,5,5,1658000,0,0,0,0,0,0,0,0,0
200906,40,117,3,7,Pawnee County                 ,0,0,0,0,0,0,0,0,0,0,0,0,0,0,0,0,0,0,0,0,0,0,0,0
200906,40,131,3,7,Rogers County                 ,35,35,4446017,0,0,0,0,0,0,0,0,0,32,32,4120001,0,0,0,0,0,0,0,0,0
200906,40,143,3,7,Tulsa County                  ,195,195,34677380,4,8,652960,0,0,0,0,0,0,195,195,34677380,4,8,652960,0,0,0,0,0,0
200906,40,145,3,7,Wagoner County                ,29,29,5193582,0,0,0,0,0,0,0,0,0,29,29,5193582,0,0,0,0,0,0,0,0,0
200906,41,000,4,9,Oregon Balance of State       ,15,15,2186006,0,0,0,0,0,0,0,0,0,15,15,2186006,0,0,0,0,0,0,0,0,0
200906,41,001,4,9,Baker County                  ,4,4,1254868,0,0,0,0,0,0,0,0,0,4,4,1254868,0,0,0,0,0,0,0,0,0
200906,41,005,4,9,Clackamas County              ,56,56,18371235,0,0,0,0,0,0,0,0,0,50,50,16525984,0,0,0,0,0,0,0,0,0
200906,41,009,4,9,Columbia County               ,5,5,1150073,0,0,0,0,0,0,0,0,0,3,3,616951,0,0,0,0,0,0,0,0,0
200906,41,017,4,9,Deschutes County              ,40,40,11128915,0,0,0,0,0,0,0,0,0,28,28,9458074,0,0,0,0,0,0,0,0,0
200906,41,019,4,9,Douglas County                ,20,20,4848481,0,0,0,0,0,0,0,0,0,20,20,4848481,0,0,0,0,0,0,0,0,0
200906,41,025,4,9,Harney County                 ,3,3,540000,0,0,0,0,0,0,0,0,0,3,3,540000,0,0,0,0,0,0,0,0,0
200906,41,033,4,9,Josephine County              ,10,10,1951180,0,0,0,0,0,0,0,0,0,10,10,1951180,0,0,0,0,0,0,0,0,0
200906,41,035,4,9,Klamath County                ,2,2,704216,0,0,0,0,0,0,0,0,0,2,2,704216,0,0,0,0,0,0,0,0,0
200906,41,045,4,9,Malheur County                ,2,2,601500,0,0,0,0,0,0,0,0,0,2,2,601500,0,0,0,0,0,0,0,0,0
200906,41,051,4,9,Multnomah County              ,72,72,16801145,0,0,0,0,0,0,0,0,0,72,72,16801145,0,0,0,0,0,0,0,0,0
200906,41,059,4,9,Umatilla County               ,1,1,165553,0,0,0,0,0,0,0,0,0,1,1,165553,0,0,0,0,0,0,0,0,0
200906,41,061,4,9,Union County                  ,4,4,907995,0,0,0,0,0,0,0,0,0,4,4,907995,0,0,0,0,0,0,0,0,0
200906,41,067,4,9,Washington County             ,99,99,20957646,0,0,0,0,0,0,2,12,1345784,95,95,19777372,0,0,0,0,0,0,2,12,1345784
200906,41,071,4,9,Yamhill County                ,25,25,5714944,0,0,0,0,0,0,0,0,0,21,21,5091040,0,0,0,0,0,0,0,0,0
200906,42,001,1,2,Adams County                  ,18,18,3990728,0,0,0,0,0,0,0,0,0,18,18,3990728,0,0,0,0,0,0,0,0,0
200906,42,003,1,2,Allegheny County              ,124,124,24508164,2,4,520000,0,0,0,0,0,0,99,99,19629806,2,4,520000,0,0,0,0,0,0
200906,42,005,1,2,Armstrong County              ,5,5,640125,0,0,0,0,0,0,0,0,0,3,3,393000,0,0,0,0,0,0,0,0,0
200906,42,007,1,2,Beaver County                 ,12,12,2366557,0,0,0,0,0,0,0,0,0,8,8,1571550,0,0,0,0,0,0,0,0,0
200906,42,017,1,2,Bucks County                  ,42,42,7345402,0,0,0,0,0,0,0,0,0,31,31,5400144,0,0,0,0,0,0,0,0,0
200906,42,019,1,2,Butler County                 ,51,51,9156413,0,0,0,0,0,0,0,0,0,48,48,8661695,0,0,0,0,0,0,0,0,0
200906,42,025,1,2,Carbon County                 ,14,14,2421418,0,0,0,0,0,0,1,8,300000,12,12,2139041,0,0,0,0,0,0,1,8,300000
200906,42,029,1,2,Chester County                ,82,82,12555666,0,0,0,1,3,88000,0,0,0,60,60,7313070,0,0,0,1,3,88000,0,0,0
200906,42,045,1,2,Delaware County               ,31,31,7073177,0,0,0,0,0,0,0,0,0,9,9,2205123,0,0,0,0,0,0,0,0,0
200906,42,051,1,2,Fayette County                ,23,23,4554450,0,0,0,0,0,0,0,0,0,1,1,40000,0,0,0,0,0,0,0,0,0
200906,42,055,1,2,Franklin County               ,48,48,6624880,1,2,130000,0,0,0,1,5,250000,29,29,4585990,1,2,130000,0,0,0,0,0,0
200906,42,065,1,2,Jefferson County              ,3,3,330000,0,0,0,0,0,0,0,0,0,3,3,330000,0,0,0,0,0,0,0,0,0
200906,42,077,1,2,Lehigh County                 ,65,65,8271990,0,0,0,0,0,0,0,0,0,55,55,6397221,0,0,0,0,0,0,0,0,0
200906,42,091,1,2,Montgomery County             ,76,76,14539225,1,2,285000,0,0,0,0,0,0,37,37,7744213,1,2,285000,0,0,0,0,0,0
200906,42,095,1,2,Northampton County            ,41,41,6233102,0,0,0,0,0,0,1,5,575632,29,29,4185895,0,0,0,0,0,0,0,0,0
200906,42,101,1,2,Philadelphia County           ,21,21,4731474,8,16,1450000,2,6,405000,0,0,0,21,21,4731474,8,16,1450000,2,6,405000,0,0,0
200906,42,103,1,2,Pike County                   ,15,15,3854479,0,0,0,0,0,0,0,0,0,13,13,3414011,0,0,0,0,0,0,0,0,0
200906,42,125,1,2,Washington County             ,37,37,7457698,1,2,243000,0,0,0,0,0,0,22,22,4906257,0,0,0,0,0,0,0,0,0
200906,42,129,1,2,Westmoreland County           ,44,44,10304666,0,0,0,0,0,0,0,0,0,19,19,5555859,0,0,0,0,0,0,0,0,0
200906,44,001,1,1,Bristol County                ,2,2,407126,0,0,0,0,0,0,0,0,0,1,1,263000,0,0,0,0,0,0,0,0,0
200906,44,003,1,1,Kent County                   ,13,13,1596113,0,0,0,0,0,0,0,0,0,12,12,1200150,0,0,0,0,0,0,0,0,0
200906,44,005,1,1,Newport County                ,6,6,1800000,0,0,0,0,0,0,0,0,0,6,6,1800000,0,0,0,0,0,0,0,0,0
200906,44,007,1,1,Providence County             ,32,32,5343651,1,2,222000,0,0,0,0,0,0,30,30,4878663,1,2,222000,0,0,0,0,0,0
200906,44,009,1,1,Washington County             ,15,15,2805412,0,0,0,0,0,0,0,0,0,9,9,1605910,0,0,0,0,0,0,0,0,0
200906,45,003,3,5,Aiken County                  ,48,48,9144342,0,0,0,0,0,0,0,0,0,39,39,8136197,0,0,0,0,0,0,0,0,0
200906,45,009,3,5,Bamberg County                ,0,0,0,0,0,0,0,0,0,0,0,0,0,0,0,0,0,0,0,0,0,0,0,0
200906,45,015,3,5,Berkeley County               ,118,118,20074267,0,0,0,0,0,0,0,0,0,46,46,6467076,0,0,0,0,0,0,0,0,0
200906,45,017,3,5,Calhoun County                ,1,1,210000,0,0,0,0,0,0,0,0,0,1,1,210000,0,0,0,0,0,0,0,0,0
200906,45,019,3,5,Charleston County             ,132,132,29959286,0,0,0,0,0,0,2,32,1522856,64,64,10587263,0,0,0,0,0,0,1,6,220160
200906,45,035,3,5,Dorchester County             ,64,64,14446051,0,0,0,0,0,0,0,0,0,64,64,14446051,0,0,0,0,0,0,0,0,0
200906,45,039,3,5,Fairfield County              ,3,3,347993,0,0,0,0,0,0,0,0,0,0,0,0,0,0,0,0,0,0,0,0,0
200906,45,041,3,5,Florence County               ,30,30,4060232,0,0,0,0,0,0,1,6,360000,0,0,0,0,0,0,0,0,0,0,0,0
200906,45,045,3,5,Greenville County             ,103,103,21424932,0,0,0,0,0,0,0,0,0,102,102,21334924,0,0,0,0,0,0,0,0,0
200906,45,047,3,5,Greenwood County              ,4,4,628063,0,0,0,0,0,0,0,0,0,4,4,628063,0,0,0,0,0,0,0,0,0
200906,45,055,3,5,Kershaw County                ,24,24,2332959,0,0,0,0,0,0,8,64,4927340,24,24,2332959,0,0,0,0,0,0,8,64,4927340
200906,45,059,3,5,Laurens County                ,10,10,1496230,0,0,0,0,0,0,0,0,0,10,10,1496230,0,0,0,0,0,0,0,0,0
200906,45,063,3,5,Lexington County              ,138,138,22131476,0,0,0,0,0,0,0,0,0,33,33,3611134,0,0,0,0,0,0,0,0,0
200906,45,077,3,5,Pickens County                ,20,20,7901799,0,0,0,0,0,0,0,0,0,18,18,7453799,0,0,0,0,0,0,0,0,0
200906,45,079,3,5,Richland County               ,137,137,14485809,0,0,0,0,0,0,1,20,1128848,55,55,5112021,0,0,0,0,0,0,0,0,0
200906,45,081,3,5,Saluda County                 ,3,3,382536,0,0,0,0,0,0,0,0,0,3,3,382536,0,0,0,0,0,0,0,0,0
200906,45,085,3,5,Sumter County                 ,46,46,4931799,0,0,0,0,0,0,0,0,0,46,46,4931799,0,0,0,0,0,0,0,0,0
200906,45,091,3,5,York County                   ,155,155,37813722,0,0,0,0,0,0,1,5,388958,28,28,5943425,0,0,0,0,0,0,0,0,0
200906,46,005,2,4,Beadle County                 ,7,7,1013322,0,0,0,0,0,0,0,0,0,7,7,1013322,0,0,0,0,0,0,0,0,0
200906,46,069,2,4,Hyde County                   ,0,0,0,0,0,0,0,0,0,0,0,0,0,0,0,0,0,0,0,0,0,0,0,0
200906,46,121,2,4,Todd County                   ,0,0,0,0,0,0,0,0,0,0,0,0,0,0,0,0,0,0,0,0,0,0,0,0
200906,47,011,3,6,Bradley County                ,22,22,2412000,0,0,0,1,3,186000,0,0,0,22,22,2412000,0,0,0,1,3,186000,0,0,0
200906,47,015,3,6,Cannon County                 ,0,0,0,0,0,0,0,0,0,0,0,0,0,0,0,0,0,0,0,0,0,0,0,0
200906,47,021,3,6,Cheatham County               ,8,8,2099714,0,0,0,0,0,0,0,0,0,7,7,1964000,0,0,0,0,0,0,0,0,0
200906,47,037,3,6,Davidson County               ,108,108,23576455,0,0,0,0,0,0,0,0,0,107,107,22561645,0,0,0,0,0,0,0,0,0
200906,47,039,3,6,Decatur County                ,0,0,0,0,0,0,0,0,0,0,0,0,0,0,0,0,0,0,0,0,0,0,0,0
200906,47,043,3,6,Dickson County                ,12,12,2014245,1,2,50000,0,0,0,0,0,0,11,11,1954245,0,0,0,0,0,0,0,0,0
200906,47,047,3,6,Fayette County                ,16,16,4420788,0,0,0,0,0,0,0,0,0,8,8,2976200,0,0,0,0,0,0,0,0,0
200906,47,063,3,6,Hamblen County                ,6,6,1308400,0,0,0,0,0,0,0,0,0,6,6,1308400,0,0,0,0,0,0,0,0,0
200906,47,071,3,6,Hardin County                 ,3,3,280000,0,0,0,0,0,0,0,0,0,3,3,280000,0,0,0,0,0,0,0,0,0
200906,47,081,3,6,Hickman County                ,1,1,150000,0,0,0,0,0,0,0,0,0,1,1,150000,0,0,0,0,0,0,0,0,0
200906,47,091,3,6,Johnson County                ,0,0,0,0,0,0,0,0,0,0,0,0,0,0,0,0,0,0,0,0,0,0,0,0
200906,47,093,3,6,Knox County                   ,79,79,10070120,1,2,114600,0,0,0,15,264,13399720,79,79,10070120,1,2,114600,0,0,0,15,264,13399720
200906,47,111,3,6,Macon County                  ,0,0,0,0,0,0,0,0,0,0,0,0,0,0,0,0,0,0,0,0,0,0,0,0
200906,47,113,3,6,Madison County                ,23,23,4757597,0,0,0,0,0,0,0,0,0,23,23,4757597,0,0,0,0,0,0,0,0,0
200906,47,125,3,6,Montgomery County             ,99,99,11201000,0,0,0,0,0,0,1,5,220000,99,99,11201000,0,0,0,0,0,0,1,5,220000
200906,47,141,3,6,Putnam County                 ,22,22,3666773,1,2,259200,1,4,231800,0,0,0,22,22,3666773,1,2,259200,1,4,231800,0,0,0
200906,47,147,3,6,Robertson County              ,17,17,2561472,0,0,0,0,0,0,0,0,0,15,15,2248525,0,0,0,0,0,0,0,0,0
200906,47,149,3,6,Rutherford County             ,119,119,19265113,0,0,0,0,0,0,0,0,0,101,101,16872370,0,0,0,0,0,0,0,0,0
200906,47,157,3,6,Shelby County                 ,76,76,15486199,0,0,0,0,0,0,0,0,0,76,76,15486199,0,0,0,0,0,0,0,0,0
200906,47,159,3,6,Smith County                  ,2,2,360248,0,0,0,0,0,0,0,0,0,2,2,360248,0,0,0,0,0,0,0,0,0
200906,47,165,3,6,Sumner County                 ,63,63,9320030,0,0,0,0,0,0,0,0,0,63,63,9320030,0,0,0,0,0,0,0,0,0
200906,47,167,3,6,Tipton County                 ,6,6,857973,0,0,0,0,0,0,13,180,15500000,3,3,474650,0,0,0,0,0,0,13,180,15500000
200906,47,169,3,6,Trousdale County              ,3,3,292000,0,0,0,0,0,0,0,0,0,3,3,292000,0,0,0,0,0,0,0,0,0
200906,47,179,3,6,Washington County             ,29,29,4051738,0,0,0,0,0,0,3,23,792000,13,13,2428500,0,0,0,0,0,0,3,23,792000
200906,47,187,3,6,Williamson County             ,32,32,8646799,0,0,0,0,0,0,0,0,0,32,32,8646799,0,0,0,0,0,0,0,0,0
200906,47,189,3,6,Wilson County                 ,54,54,9244965,0,0,0,0,0,0,0,0,0,54,54,9244965,0,0,0,0,0,0,0,0,0
200906,48,013,3,7,Atascosa County               ,3,3,330584,0,0,0,0,0,0,0,0,0,2,2,265000,0,0,0,0,0,0,0,0,0
200906,48,015,3,7,Austin County                 ,4,4,483440,0,0,0,0,0,0,0,0,0,3,3,307000,0,0,0,0,0,0,0,0,0
200906,48,019,3,7,Bandera County                ,0,0,0,0,0,0,0,0,0,0,0,0,0,0,0,0,0,0,0,0,0,0,0,0
200906,48,021,3,7,Bastrop County                ,0,0,0,0,0,0,0,0,0,0,0,0,0,0,0,0,0,0,0,0,0,0,0,0
200906,48,029,3,7,Bexar County                  ,407,407,71243113,0,0,0,0,0,0,1,17,2255509,381,381,66632232,0,0,0,0,0,0,0,0,0
200906,48,039,3,7,Brazoria County               ,221,221,38480991,0,0,0,0,0,0,1,5,137500,219,219,38236581,0,0,0,0,0,0,0,0,0
200906,48,041,3,7,Brazos County                 ,73,73,10374393,0,0,0,0,0,0,0,0,0,73,73,10374393,0,0,0,0,0,0,0,0,0
200906,48,055,3,7,Caldwell County               ,3,3,343741,0,0,0,0,0,0,0,0,0,0,0,0,0,0,0,0,0,0,0,0,0
200906,48,063,3,7,Camp County                   ,2,2,950000,0,0,0,0,0,0,0,0,0,2,2,950000,0,0,0,0,0,0,0,0,0
200906,48,071,3,7,Chambers County               ,26,26,4632230,0,0,0,0,0,0,0,0,0,22,22,3962730,0,0,0,0,0,0,0,0,0
200906,48,085,3,7,Collin County                 ,398,398,112035365,1,2,118000,0,0,0,8,293,20749170,397,397,111925698,1,2,118000,0,0,0,8,293,20749170
200906,48,091,3,7,Comal County                  ,82,82,18294063,0,0,0,0,0,0,0,0,0,39,39,9886863,0,0,0,0,0,0,0,0,0
200906,48,113,3,7,Dallas County                 ,298,298,81495435,0,0,0,0,0,0,3,41,2750779,276,276,70241111,0,0,0,0,0,0,1,8,100000
200906,48,117,3,7,Deaf Smith County             ,1,1,119000,0,0,0,0,0,0,0,0,0,0,0,0,0,0,0,0,0,0,0,0,0
200906,48,119,3,7,Delta County                  ,0,0,0,0,0,0,0,0,0,0,0,0,0,0,0,0,0,0,0,0,0,0,0,0
200906,48,121,3,7,Denton County                 ,184,184,46435211,4,8,1182527,0,0,0,0,0,0,174,174,45042931,4,8,1182527,0,0,0,0,0,0
200906,48,133,3,7,Eastland County               ,0,0,0,0,0,0,0,0,0,0,0,0,0,0,0,0,0,0,0,0,0,0,0,0
200906,48,135,3,7,Ector County                  ,16,16,3565673,0,0,0,0,0,0,0,0,0,16,16,3565673,0,0,0,0,0,0,0,0,0
200906,48,139,3,7,Ellis County                  ,46,46,6592586,0,0,0,5,17,430000,0,0,0,46,46,6592586,0,0,0,5,17,430000,0,0,0
200906,48,157,3,7,Fort Bend County              ,595,595,110488135,0,0,0,0,0,0,0,0,0,592,592,109762528,0,0,0,0,0,0,0,0,0
200906,48,167,3,7,Galveston County              ,113,113,20369503,1,2,159924,0,0,0,17,257,12727066,27,27,5763538,0,0,0,0,0,0,16,252,12500000
200906,48,187,3,7,Guadalupe County              ,82,82,17193601,0,0,0,0,0,0,0,0,0,82,82,17193601,0,0,0,0,0,0,0,0,0
200906,48,201,3,7,Harris County                 ,1113,1113,207570375,5,10,1215088,2,8,400000,0,0,0,1104,1104,205548952,5,10,1215088,2,8,400000,0,0,0
200906,48,209,3,7,Hays County                   ,114,114,16942568,0,0,0,0,0,0,13,255,2380514,39,39,3803953,0,0,0,0,0,0,12,240,1481180
200906,48,215,3,7,Hidalgo County                ,216,216,30478704,4,8,270000,12,48,2991734,0,0,0,198,198,29296314,4,8,270000,11,44,2859141,0,0,0
200906,48,231,3,7,Hunt County                   ,4,4,522500,0,0,0,1,4,300000,0,0,0,4,4,522500,0,0,0,1,4,300000,0,0,0
200906,48,233,3,7,Hutchinson County             ,0,0,0,0,0,0,0,0,0,0,0,0,0,0,0,0,0,0,0,0,0,0,0,0
200906,48,251,3,7,Johnson County                ,55,55,7667305,0,0,0,0,0,0,0,0,0,5,5,510000,0,0,0,0,0,0,0,0,0
200906,48,257,3,7,Kaufman County                ,10,10,2431750,0,0,0,0,0,0,0,0,0,10,10,2431750,0,0,0,0,0,0,0,0,0
200906,48,259,3,7,Kendall County                ,20,20,3489860,0,0,0,0,0,0,0,0,0,10,10,1350255,0,0,0,0,0,0,0,0,0
200906,48,271,3,7,Kinney County                 ,0,0,0,0,0,0,0,0,0,0,0,0,0,0,0,0,0,0,0,0,0,0,0,0
200906,48,291,3,7,Liberty County                ,26,26,2428095,0,0,0,0,0,0,0,0,0,21,21,1785000,0,0,0,0,0,0,0,0,0
200906,48,307,3,7,McCulloch County              ,0,0,0,0,0,0,0,0,0,0,0,0,0,0,0,0,0,0,0,0,0,0,0,0
200906,48,323,3,7,Maverick County               ,10,10,647645,0,0,0,0,0,0,0,0,0,10,10,647645,0,0,0,0,0,0,0,0,0
200906,48,325,3,7,Medina County                 ,0,0,0,0,0,0,0,0,0,0,0,0,0,0,0,0,0,0,0,0,0,0,0,0
200906,48,329,3,7,Midland County                ,38,38,5583982,0,0,0,0,0,0,0,0,0,38,38,5583982,0,0,0,0,0,0,0,0,0
200906,48,339,3,7,Montgomery County             ,253,253,42481730,0,0,0,0,0,0,0,0,0,249,249,41963014,0,0,0,0,0,0,0,0,0
200906,48,353,3,7,Nolan County                  ,0,0,0,0,0,0,0,0,0,0,0,0,0,0,0,0,0,0,0,0,0,0,0,0
200906,48,359,3,7,Oldham County                 ,0,0,0,0,0,0,0,0,0,0,0,0,0,0,0,0,0,0,0,0,0,0,0,0
200906,48,367,3,7,Parker County                 ,15,15,2420965,0,0,0,0,0,0,0,0,0,15,15,2420965,0,0,0,0,0,0,0,0,0
200906,48,375,3,7,Potter County                 ,51,51,11084155,0,0,0,0,0,0,0,0,0,51,51,11084155,0,0,0,0,0,0,0,0,0
200906,48,383,3,7,Reagan County                 ,0,0,0,0,0,0,0,0,0,0,0,0,0,0,0,0,0,0,0,0,0,0,0,0
200906,48,385,3,7,Real County                   ,0,0,0,0,0,0,0,0,0,0,0,0,0,0,0,0,0,0,0,0,0,0,0,0
200906,48,397,3,7,Rockwall County               ,59,59,9035118,0,0,0,0,0,0,0,0,0,48,48,7104994,0,0,0,0,0,0,0,0,0
200906,48,407,3,7,San Jacinto County            ,0,0,0,0,0,0,0,0,0,0,0,0,0,0,0,0,0,0,0,0,0,0,0,0
200906,48,435,3,7,Sutton County                 ,0,0,0,0,0,0,0,0,0,0,0,0,0,0,0,0,0,0,0,0,0,0,0,0
200906,48,437,3,7,Swisher County                ,0,0,0,0,0,0,0,0,0,0,0,0,0,0,0,0,0,0,0,0,0,0,0,0
200906,48,439,3,7,Tarrant County                ,540,540,102837561,3,6,550823,0,0,0,0,0,0,489,489,91032489,3,6,550823,0,0,0,0,0,0
200906,48,451,3,7,Tom Green County              ,12,12,2161489,0,0,0,0,0,0,1,120,2400000,12,12,2161489,0,0,0,0,0,0,1,120,2400000
200906,48,453,3,7,Travis County                 ,401,401,68031916,0,0,0,0,0,0,1,254,5080000,397,397,65402131,0,0,0,0,0,0,1,254,5080000
200906,48,463,3,7,Uvalde County                 ,1,1,130000,0,0,0,0,0,0,0,0,0,1,1,130000,0,0,0,0,0,0,0,0,0
200906,48,469,3,7,Victoria County               ,5,5,781166,0,0,0,0,0,0,0,0,0,0,0,0,0,0,0,0,0,0,0,0,0
200906,48,471,3,7,Walker County                 ,6,6,811438,0,0,0,0,0,0,0,0,0,6,6,811438,0,0,0,0,0,0,0,0,0
200906,48,473,3,7,Waller County                 ,2,2,269715,0,0,0,0,0,0,1,5,110902,1,1,180000,0,0,0,0,0,0,0,0,0
200906,48,479,3,7,Webb County                   ,54,54,7395431,0,0,0,2,7,349072,1,15,865758,0,0,0,0,0,0,0,0,0,0,0,0
200906,48,491,3,7,Williamson County             ,242,242,45669861,0,0,0,0,0,0,0,0,0,217,217,42831987,0,0,0,0,0,0,0,0,0
200906,48,493,3,7,Wilson County                 ,2,2,167892,0,0,0,0,0,0,0,0,0,0,0,0,0,0,0,0,0,0,0,0,0
200906,48,497,3,7,Wise County                   ,5,5,585000,0,0,0,0,0,0,0,0,0,5,5,585000,0,0,0,0,0,0,0,0,0
200906,49,009,4,8,Daggett County                ,4,4,451917,0,0,0,0,0,0,0,0,0,4,4,451917,0,0,0,0,0,0,0,0,0
200906,49,019,4,8,Grand County                  ,6,6,1317502,0,0,0,0,0,0,0,0,0,6,6,1317502,0,0,0,0,0,0,0,0,0
200906,49,021,4,8,Iron County                   ,19,19,3160503,2,4,449810,0,0,0,0,0,0,12,12,1971977,0,0,0,0,0,0,0,0,0
200906,49,033,4,8,Rich County                   ,4,4,690586,0,0,0,0,0,0,0,0,0,4,4,690586,0,0,0,0,0,0,0,0,0
200906,49,035,4,8,Salt Lake County              ,129,129,23138657,1,2,198463,0,0,0,21,332,30194701,111,111,20160496,0,0,0,0,0,0,19,322,29608831
200906,49,039,4,8,Sanpete County                ,7,7,639726,0,0,0,0,0,0,0,0,0,7,7,639726,0,0,0,0,0,0,0,0,0
200906,49,043,4,8,Summit County                 ,12,12,2984087,0,0,0,0,0,0,0,0,0,0,0,0,0,0,0,0,0,0,0,0,0
200906,49,045,4,8,Tooele County                 ,25,25,3396194,0,0,0,0,0,0,0,0,0,25,25,3396194,0,0,0,0,0,0,0,0,0
200906,49,051,4,8,Wasatch County                ,7,7,4029242,0,0,0,0,0,0,0,0,0,4,4,3275166,0,0,0,0,0,0,0,0,0
200906,51,003,3,5,Albemarle County              ,31,31,9750559,0,0,0,0,0,0,0,0,0,0,0,0,0,0,0,0,0,0,0,0,0
200906,51,007,3,5,Amelia County                 ,5,5,667800,0,0,0,0,0,0,0,0,0,5,5,667800,0,0,0,0,0,0,0,0,0
200906,51,013,3,5,Arlington County              ,9,9,1430000,0,0,0,0,0,0,0,0,0,9,9,1430000,0,0,0,0,0,0,0,0,0
200906,51,015,3,5,Augusta County                ,23,23,4070000,0,0,0,0,0,0,0,0,0,23,23,4070000,0,0,0,0,0,0,0,0,0
200906,51,019,3,5,Bedford County                ,17,17,3319000,0,0,0,0,0,0,0,0,0,17,17,3319000,0,0,0,0,0,0,0,0,0
200906,51,023,3,5,Botetourt County              ,5,5,1420000,0,0,0,0,0,0,0,0,0,5,5,1420000,0,0,0,0,0,0,0,0,0
200906,51,031,3,5,Campbell County               ,16,16,2565299,0,0,0,0,0,0,0,0,0,0,0,0,0,0,0,0,0,0,0,0,0
200906,51,033,3,5,Caroline County               ,14,14,2180256,0,0,0,0,0,0,0,0,0,0,0,0,0,0,0,0,0,0,0,0,0
200906,51,036,3,5,Charles City County           ,3,3,458602,0,0,0,0,0,0,0,0,0,0,0,0,0,0,0,0,0,0,0,0,0
200906,51,037,3,5,Charlotte County              ,6,6,511500,0,0,0,0,0,0,0,0,0,6,6,511500,0,0,0,0,0,0,0,0,0
200906,51,041,3,5,Chesterfield County           ,65,65,11512358,1,2,120000,1,4,57361,2,11,4192490,65,65,11512358,1,2,120000,1,4,57361,2,11,4192490
200906,51,043,3,5,Clarke County                 ,5,5,1586000,0,0,0,0,0,0,0,0,0,5,5,1586000,0,0,0,0,0,0,0,0,0
200906,51,049,3,5,Cumberland County             ,3,3,206000,0,0,0,0,0,0,0,0,0,3,3,206000,0,0,0,0,0,0,0,0,0
200906,51,053,3,5,Dinwiddie County              ,9,9,1597925,0,0,0,0,0,0,0,0,0,0,0,0,0,0,0,0,0,0,0,0,0
200906,51,059,3,5,Fairfax County                ,43,43,7745336,0,0,0,0,0,0,0,0,0,43,43,7745336,0,0,0,0,0,0,0,0,0
200906,51,061,3,5,Fauquier County               ,9,9,2600572,0,0,0,0,0,0,0,0,0,0,0,0,0,0,0,0,0,0,0,0,0
200906,51,065,3,5,Fluvanna County               ,6,6,1390000,1,2,250000,0,0,0,0,0,0,6,6,1390000,1,2,250000,0,0,0,0,0,0
200906,51,067,3,5,Franklin County               ,8,8,1427000,0,0,0,0,0,0,0,0,0,8,8,1427000,0,0,0,0,0,0,0,0,0
200906,51,069,3,5,Frederick County              ,28,28,5268500,0,0,0,0,0,0,1,12,960000,28,28,5268500,0,0,0,0,0,0,1,12,960000
200906,51,073,3,5,Gloucester County             ,13,13,2310591,0,0,0,0,0,0,0,0,0,13,13,2310591,0,0,0,0,0,0,0,0,0
200906,51,075,3,5,Goochland County              ,4,4,898388,0,0,0,0,0,0,0,0,0,4,4,898388,0,0,0,0,0,0,0,0,0
200906,51,079,3,5,Greene County                 ,12,12,2050000,0,0,0,0,0,0,0,0,0,12,12,2050000,0,0,0,0,0,0,0,0,0
200906,51,085,3,5,Hanover County                ,34,34,6503729,0,0,0,0,0,0,0,0,0,34,34,6503729,0,0,0,0,0,0,0,0,0
200906,51,087,3,5,Henrico County                ,35,35,6304343,0,0,0,0,0,0,0,0,0,35,35,6304343,0,0,0,0,0,0,0,0,0
200906,51,093,3,5,Isle of Wight County          ,13,13,1642975,0,0,0,0,0,0,0,0,0,13,13,1642975,0,0,0,0,0,0,0,0,0
200906,51,095,3,5,James City County             ,34,34,6124219,0,0,0,0,0,0,0,0,0,34,34,6124219,0,0,0,0,0,0,0,0,0
200906,51,097,3,5,King and Queen County         ,1,1,180000,0,0,0,0,0,0,0,0,0,1,1,180000,0,0,0,0,0,0,0,0,0
200906,51,099,3,5,King George County            ,6,6,1062679,1,2,156042,0,0,0,0,0,0,6,6,1062679,1,2,156042,0,0,0,0,0,0
200906,51,101,3,5,King William County           ,5,5,736625,0,0,0,0,0,0,0,0,0,5,5,736625,0,0,0,0,0,0,0,0,0
200906,51,107,3,5,Loudoun County                ,139,139,25037249,0,0,0,0,0,0,2,22,300000,139,139,25037249,0,0,0,0,0,0,2,22,300000
200906,51,109,3,5,Louisa County                 ,16,16,3412622,0,0,0,0,0,0,0,0,0,16,16,3412622,0,0,0,0,0,0,0,0,0
200906,51,115,3,5,Mathews County                ,0,0,0,0,0,0,0,0,0,0,0,0,0,0,0,0,0,0,0,0,0,0,0,0
200906,51,119,3,5,Middlesex County              ,4,4,447470,0,0,0,0,0,0,0,0,0,4,4,447470,0,0,0,0,0,0,0,0,0
200906,51,127,3,5,New Kent County               ,12,12,2161489,0,0,0,0,0,0,0,0,0,12,12,2161489,0,0,0,0,0,0,0,0,0
200906,51,137,3,5,Orange County                 ,8,8,3385135,0,0,0,0,0,0,0,0,0,8,8,3385135,0,0,0,0,0,0,0,0,0
200906,51,143,3,5,Pittsylvania County           ,7,7,869344,0,0,0,0,0,0,1,5,295125,0,0,0,0,0,0,0,0,0,0,0,0
200906,51,145,3,5,Powhatan County               ,7,7,1809672,0,0,0,0,0,0,0,0,0,7,7,1809672,0,0,0,0,0,0,0,0,0
200906,51,149,3,5,Prince George County          ,8,8,1440993,0,0,0,0,0,0,0,0,0,8,8,1440993,0,0,0,0,0,0,0,0,0
200906,51,153,3,5,Prince William County         ,212,212,38186308,0,0,0,0,0,0,0,0,0,212,212,38186308,0,0,0,0,0,0,0,0,0
200906,51,157,3,5,Rappahannock County           ,2,2,591052,0,0,0,0,0,0,0,0,0,0,0,0,0,0,0,0,0,0,0,0,0
200906,51,161,3,5,Roanoke County                ,16,16,2834728,0,0,0,0,0,0,0,0,0,16,16,2834728,0,0,0,0,0,0,0,0,0
200906,51,163,3,5,Rockbridge County             ,4,4,1375000,0,0,0,0,0,0,0,0,0,4,4,1375000,0,0,0,0,0,0,0,0,0
200906,51,165,3,5,Rockingham County             ,24,24,4582707,0,0,0,0,0,0,0,0,0,0,0,0,0,0,0,0,0,0,0,0,0
200906,51,169,3,5,Scott County                  ,4,4,379000,0,0,0,0,0,0,0,0,0,4,4,379000,0,0,0,0,0,0,0,0,0
200906,51,171,3,5,Shenandoah County             ,13,13,1769500,0,0,0,0,0,0,0,0,0,13,13,1769500,0,0,0,0,0,0,0,0,0
200906,51,177,3,5,Spotsylvania County           ,19,19,4232989,0,0,0,0,0,0,0,0,0,19,19,4232989,0,0,0,0,0,0,0,0,0
200906,51,179,3,5,Stafford County               ,41,41,9025150,0,0,0,0,0,0,0,0,0,41,41,9025150,0,0,0,0,0,0,0,0,0
200906,51,181,3,5,Surry County                  ,4,4,473000,0,0,0,0,0,0,0,0,0,4,4,473000,0,0,0,0,0,0,0,0,0
200906,51,183,3,5,Sussex County                 ,4,4,467790,0,0,0,0,0,0,0,0,0,0,0,0,0,0,0,0,0,0,0,0,0
200906,51,187,3,5,Warren County                 ,5,5,750000,0,0,0,0,0,0,0,0,0,5,5,750000,0,0,0,0,0,0,0,0,0
200906,51,199,3,5,York County                   ,18,18,3363466,0,0,0,0,0,0,0,0,0,18,18,3363466,0,0,0,0,0,0,0,0,0
200906,51,510,3,5,Alexandria (Independent City) ,0,0,0,0,0,0,0,0,0,0,0,0,0,0,0,0,0,0,0,0,0,0,0,0
200906,51,530,3,5,Buena Vista (Independent City),1,1,90909,0,0,0,0,0,0,0,0,0,0,0,0,0,0,0,0,0,0,0,0,0
200906,51,550,3,5,Chesapeake(Independent City)  ,50,50,13949400,0,0,0,0,0,0,0,0,0,50,50,13949400,0,0,0,0,0,0,0,0,0
200906,51,570,3,5,Colonial Heights (Independent ,0,0,0,0,0,0,0,0,0,0,0,0,0,0,0,0,0,0,0,0,0,0,0,0
200906,51,580,3,5,Covington (Independent City)  ,1,1,212039,0,0,0,0,0,0,0,0,0,1,1,212039,0,0,0,0,0,0,0,0,0
200906,51,600,3,5,Fairfax (Independent City)    ,3,3,890000,0,0,0,0,0,0,0,0,0,3,3,890000,0,0,0,0,0,0,0,0,0
200906,51,610,3,5,Falls Church (Independent City,0,0,0,0,0,0,0,0,0,0,0,0,0,0,0,0,0,0,0,0,0,0,0,0
200906,51,630,3,5,Fredericksburg(Independent Cit,13,13,1965815,0,0,0,0,0,0,0,0,0,13,13,1965815,0,0,0,0,0,0,0,0,0
200906,51,650,3,5,Hampton (Independent City)    ,6,6,1983904,0,0,0,0,0,0,0,0,0,6,6,1983904,0,0,0,0,0,0,0,0,0
200906,51,660,3,5,Harrisonburg (Independent City,15,15,1571935,1,2,551425,0,0,0,1,20,1199547,0,0,0,0,0,0,0,0,0,0,0,0
200906,51,670,3,5,Hopewell (Independent City)   ,35,35,2105778,0,0,0,0,0,0,0,0,0,35,35,2105778,0,0,0,0,0,0,0,0,0
200906,51,680,3,5,Lynchburg (Independent City)  ,4,4,301888,0,0,0,0,0,0,0,0,0,4,4,301888,0,0,0,0,0,0,0,0,0
200906,51,683,3,5,Manassas (Independent City)   ,5,5,569081,0,0,0,0,0,0,0,0,0,0,0,0,0,0,0,0,0,0,0,0,0
200906,51,685,3,5,Manassas Park (Independent Cit,0,0,0,0,0,0,0,0,0,0,0,0,0,0,0,0,0,0,0,0,0,0,0,0
200906,51,700,3,5,Newport News (Independent City,5,5,860000,0,0,0,0,0,0,10,120,4248319,5,5,860000,0,0,0,0,0,0,10,120,4248319
200906,51,710,3,5,Norfolk (Independent City)    ,9,9,1006000,1,2,85000,0,0,0,1,40,2500000,9,9,1006000,1,2,85000,0,0,0,1,40,2500000
200906,51,730,3,5,Petersburg (Independent City) ,3,3,279618,0,0,0,0,0,0,0,0,0,0,0,0,0,0,0,0,0,0,0,0,0
200906,51,735,3,5,Poquoson (Independent City)   ,1,1,170000,0,0,0,0,0,0,0,0,0,1,1,170000,0,0,0,0,0,0,0,0,0
200906,51,740,3,5,Portsmouth (Independent City) ,3,3,454000,0,0,0,0,0,0,0,0,0,3,3,454000,0,0,0,0,0,0,0,0,0
200906,51,760,3,5,Richmond (Independent City)   ,22,22,2313385,1,2,179942,0,0,0,0,0,0,22,22,2313385,1,2,179942,0,0,0,0,0,0
200906,51,770,3,5,Roanoke (Independent City)    ,15,15,1825259,0,0,0,0,0,0,0,0,0,15,15,1825259,0,0,0,0,0,0,0,0,0
200906,51,800,3,5,Suffolk (Independent City)    ,27,27,4863351,0,0,0,0,0,0,0,0,0,27,27,4863351,0,0,0,0,0,0,0,0,0
200906,51,810,3,5,Virginia Beach (Independent Ci,11,11,1981365,1,2,250000,0,0,0,5,120,6041920,11,11,1981365,1,2,250000,0,0,0,5,120,6041920
200906,51,830,3,5,Williamsburg (Independent City,1,1,788000,0,0,0,0,0,0,0,0,0,1,1,788000,0,0,0,0,0,0,0,0,0
200906,53,011,4,9,Clark County                  ,74,74,15270316,0,0,0,2,7,400712,0,0,0,20,20,3486968,0,0,0,2,7,400712,0,0,0
200906,53,033,4,9,King County                   ,180,180,45949518,4,8,1551308,6,18,2249181,4,82,10656160,167,167,42043243,4,8,1551308,5,15,1798249,3,77,9898819
200906,53,041,4,9,Lewis County                  ,20,20,3252826,0,0,0,0,0,0,0,0,0,18,18,2859093,0,0,0,0,0,0,0,0,0
200906,53,053,4,9,Pierce County                 ,144,144,27521304,1,2,243204,0,0,0,0,0,0,144,144,27521304,1,2,243204,0,0,0,0,0,0
200906,53,059,4,9,Skamania County               ,3,3,602857,0,0,0,0,0,0,0,0,0,3,3,602857,0,0,0,0,0,0,0,0,0
200906,53,061,4,9,Snohomish County              ,152,152,33911319,6,12,1641768,0,0,0,1,5,859514,134,134,29803861,6,12,1641768,0,0,0,0,0,0
200906,54,037,3,5,Jefferson County              ,22,22,3593164,0,0,0,0,0,0,0,0,0,22,22,3593164,0,0,0,0,0,0,0,0,0
200906,55,021,2,3,Columbia County               ,8,8,2048736,0,0,0,0,0,0,0,0,0,8,8,2048736,0,0,0,0,0,0,0,0,0
200906,55,025,2,3,Dane County                   ,71,71,15846598,1,2,243333,1,3,479167,2,10,726814,62,62,14034000,0,0,0,0,0,0,0,0,0
200906,55,031,2,3,Douglas County                ,14,14,1678678,1,2,100000,0,0,0,0,0,0,14,14,1678678,1,2,100000,0,0,0,0,0,0
200906,55,037,2,3,Florence County               ,2,2,103850,0,0,0,0,0,0,0,0,0,0,0,0,0,0,0,0,0,0,0,0,0
200906,55,049,2,3,Iowa County                   ,2,2,420000,0,0,0,0,0,0,0,0,0,2,2,420000,0,0,0,0,0,0,0,0,0
200906,55,059,2,3,Kenosha County                ,21,21,3818415,0,0,0,0,0,0,0,0,0,17,17,2858330,0,0,0,0,0,0,0,0,0
200906,55,079,2,3,Milwaukee County              ,24,24,3743550,1,2,175000,0,0,0,2,115,6300000,24,24,3743550,1,2,175000,0,0,0,2,115,6300000
200906,55,089,2,3,Ozaukee County                ,12,12,3764726,0,0,0,0,0,0,0,0,0,7,7,1366678,0,0,0,0,0,0,0,0,0
200906,55,093,2,3,Pierce County                 ,9,9,1523000,0,0,0,0,0,0,0,0,0,9,9,1523000,0,0,0,0,0,0,0,0,0
200906,55,109,2,3,St. Croix County              ,25,25,4315605,0,0,0,0,0,0,0,0,0,21,21,3670025,0,0,0,0,0,0,0,0,0
200906,55,113,2,3,Sawyer County                 ,13,13,2076954,0,0,0,0,0,0,0,0,0,13,13,2076954,0,0,0,0,0,0,0,0,0
200906,55,131,2,3,Washington County             ,33,33,6641442,0,0,0,0,0,0,0,0,0,27,27,4804975,0,0,0,0,0,0,0,0,0
200906,55,133,2,3,Waukesha County               ,40,40,12310621,1,2,265000,0,0,0,1,28,2000000,36,36,11156909,1,2,265000,0,0,0,1,28,2000000
200906,56,019,4,8,Johnson County                ,0,0,0,0,0,0,0,0,0,0,0,0,0,0,0,0,0,0,0,0,0,0,0,0
200906,56,039,4,8,Teton County                  ,10,10,10008111,0,0,0,0,0,0,1,5,428316,0,0,0,0,0,0,0,0,0,0,0,0
