Survey,FIPS,FIPS,Region,Division,County,,1-unit,,,2-units,,,3-4 units,,,5+ units,,,1-unit rep,,,2-units rep,,,3-4 units rep,,, 5+units rep
Date,State,County,Code,Code,Name,Bldgs,Units,Value,Bldgs,Units,Value,Bldgs,Units,Value,Bldgs,Units,Value,Bldgs,Units,Value,Bldgs,Units,Value,Bldgs,Units,Value,Bldgs,Units,Value
 
201011,01,001,3,6,Autauga County                ,7,7,883863,0,0,0,0,0,0,0,0,0,7,7,883863,0,0,0,0,0,0,0,0,0
201011,01,007,3,6,Bibb County                   ,0,0,0,0,0,0,0,0,0,0,0,0,0,0,0,0,0,0,0,0,0,0,0,0
201011,01,009,3,6,Blount County                 ,0,0,0,0,0,0,0,0,0,0,0,0,0,0,0,0,0,0,0,0,0,0,0,0
201011,01,021,3,6,Chilton County                ,2,2,314917,0,0,0,0,0,0,0,0,0,1,1,180000,0,0,0,0,0,0,0,0,0
201011,01,037,3,6,Coosa County                  ,0,0,0,0,0,0,0,0,0,0,0,0,0,0,0,0,0,0,0,0,0,0,0,0
201011,01,073,3,6,Jefferson County              ,61,61,11054787,1,2,142008,1,4,420540,0,0,0,35,35,5927402,0,0,0,0,0,0,0,0,0
201011,01,081,3,6,Lee County                    ,31,31,7256672,0,0,0,0,0,0,0,0,0,31,31,7256672,0,0,0,0,0,0,0,0,0
201011,01,115,3,6,St. Clair County              ,3,3,284665,0,0,0,0,0,0,0,0,0,3,3,284665,0,0,0,0,0,0,0,0,0
201011,01,117,3,6,Shelby County                 ,16,16,2836028,0,0,0,0,0,0,0,0,0,3,3,364917,0,0,0,0,0,0,0,0,0
201011,01,127,3,6,Walker County                 ,3,3,613000,0,0,0,0,0,0,0,0,0,3,3,613000,0,0,0,0,0,0,0,0,0
201011,02,000,4,9,Alaska Balance of State       ,5,5,1256413,0,0,0,0,0,0,0,0,0,0,0,0,0,0,0,0,0,0,0,0,0
201011,02,013,4,9,Aleutians East Borough        ,0,0,0,0,0,0,0,0,0,0,0,0,0,0,0,0,0,0,0,0,0,0,0,0
201011,02,016,4,9,Aleutians West Census Area    ,1,1,98126,0,0,0,0,0,0,0,0,0,0,0,0,0,0,0,0,0,0,0,0,0
201011,02,020,4,9,Anchorage Borough             ,11,11,2944757,0,0,0,1,4,630906,0,0,0,11,11,2944757,0,0,0,1,4,630906,0,0,0
201011,02,050,4,9,Bethel Census Area            ,0,0,0,0,0,0,0,0,0,0,0,0,0,0,0,0,0,0,0,0,0,0,0,0
201011,02,060,4,9,Bristol Bay Borough           ,0,0,0,0,0,0,0,0,0,0,0,0,0,0,0,0,0,0,0,0,0,0,0,0
201011,02,090,4,9,Fairbanks North Star Borough  ,2,2,366407,0,0,0,0,0,0,0,0,0,0,0,0,0,0,0,0,0,0,0,0,0
201011,02,100,4,9,Haines Borough                ,0,0,0,0,0,0,0,0,0,0,0,0,0,0,0,0,0,0,0,0,0,0,0,0
201011,02,110,4,9,Juneau Borough                ,5,5,1247509,0,0,0,0,0,0,0,0,0,5,5,1247509,0,0,0,0,0,0,0,0,0
201011,02,122,4,9,Kenai Peninsula Borough       ,0,0,0,0,0,0,0,0,0,0,0,0,0,0,0,0,0,0,0,0,0,0,0,0
201011,02,130,4,9,Ketchikan Gateway Borough     ,1,1,209081,0,0,0,0,0,0,0,0,0,1,1,209081,0,0,0,0,0,0,0,0,0
201011,02,150,4,9,Kodiak Island Borough         ,1,1,344271,0,0,0,0,0,0,0,0,0,1,1,344271,0,0,0,0,0,0,0,0,0
201011,02,170,4,9,Matanuska-Susitna Borough     ,3,3,573854,1,2,269037,0,0,0,0,0,0,2,2,418162,1,2,269037,0,0,0,0,0,0
201011,02,180,4,9,Nome Census Area              ,0,0,0,0,0,0,0,0,0,0,0,0,0,0,0,0,0,0,0,0,0,0,0,0
201011,02,185,4,9,North Slope Borough           ,0,0,0,0,0,0,0,0,0,0,0,0,0,0,0,0,0,0,0,0,0,0,0,0
201011,02,188,4,9,Northwest Arctic Borough      ,0,0,0,0,0,0,0,0,0,0,0,0,0,0,0,0,0,0,0,0,0,0,0,0
201011,02,201,4,9,Prince of Wales-Outer Ketchika,0,0,0,0,0,0,0,0,0,0,0,0,0,0,0,0,0,0,0,0,0,0,0,0
201011,02,220,4,9,Sitka Borough                 ,1,1,219764,0,0,0,0,0,0,0,0,0,0,0,0,0,0,0,0,0,0,0,0,0
201011,02,232,4,9,Skagway-Hoonah-Angoon Census A,0,0,0,0,0,0,0,0,0,0,0,0,0,0,0,0,0,0,0,0,0,0,0,0
201011,02,261,4,9,Valdez-Cordova Census Area    ,1,1,24000,0,0,0,0,0,0,0,0,0,1,1,24000,0,0,0,0,0,0,0,0,0
201011,02,280,4,9,Wrangell-Petersburg Census Are,0,0,0,0,0,0,0,0,0,0,0,0,0,0,0,0,0,0,0,0,0,0,0,0
201011,02,282,4,9,Yakutat Borough               ,0,0,0,0,0,0,0,0,0,0,0,0,0,0,0,0,0,0,0,0,0,0,0,0
201011,02,290,4,9,Yukon-Koyukuk Census Area     ,0,0,0,0,0,0,0,0,0,0,0,0,0,0,0,0,0,0,0,0,0,0,0,0
201011,04,013,4,8,Maricopa County               ,302,302,67738822,0,0,0,0,0,0,3,108,10356277,270,270,61547665,0,0,0,0,0,0,1,75,5071427
201011,04,019,4,8,Pima County                   ,78,78,18890293,0,0,0,0,0,0,2,17,1419561,57,57,14948554,0,0,0,0,0,0,0,0,0
201011,04,021,4,8,Pinal County                  ,84,84,9596983,0,0,0,0,0,0,0,0,0,72,72,8069298,0,0,0,0,0,0,0,0,0
201011,05,023,3,7,Cleburne County               ,1,1,40000,0,0,0,0,0,0,0,0,0,1,1,40000,0,0,0,0,0,0,0,0,0
201011,05,025,3,7,Cleveland County              ,0,0,0,0,0,0,0,0,0,0,0,0,0,0,0,0,0,0,0,0,0,0,0,0
201011,05,027,3,7,Columbia County               ,1,1,243034,0,0,0,0,0,0,0,0,0,0,0,0,0,0,0,0,0,0,0,0,0
201011,05,035,3,7,Crittenden County             ,1,1,225000,0,0,0,0,0,0,0,0,0,1,1,225000,0,0,0,0,0,0,0,0,0
201011,05,059,3,7,Hot Spring County             ,0,0,0,0,0,0,0,0,0,0,0,0,0,0,0,0,0,0,0,0,0,0,0,0
201011,05,061,3,7,Howard County                 ,1,1,98333,0,0,0,0,0,0,0,0,0,0,0,0,0,0,0,0,0,0,0,0,0
201011,05,099,3,7,Nevada County                 ,0,0,0,0,0,0,0,0,0,0,0,0,0,0,0,0,0,0,0,0,0,0,0,0
201011,06,001,4,9,Alameda County                ,29,29,10050122,2,4,606132,0,0,0,3,91,14619176,28,28,9655598,2,4,606132,0,0,0,2,83,12972117
201011,06,003,4,9,Alpine County                 ,0,0,0,0,0,0,0,0,0,0,0,0,0,0,0,0,0,0,0,0,0,0,0,0
201011,06,009,4,9,Calaveras County              ,2,2,399866,0,0,0,0,0,0,0,0,0,2,2,399866,0,0,0,0,0,0,0,0,0
201011,06,013,4,9,Contra Costa County           ,40,40,9355848,0,0,0,0,0,0,1,7,634207,36,36,8449505,0,0,0,0,0,0,0,0,0
201011,06,017,4,9,El Dorado County              ,4,4,2188255,0,0,0,0,0,0,0,0,0,4,4,2188255,0,0,0,0,0,0,0,0,0
201011,06,037,4,9,Los Angeles County            ,153,153,59875771,12,24,4360266,0,0,0,20,496,66502823,131,131,52776730,12,24,4360266,0,0,0,17,479,62899259
201011,06,041,4,9,Marin County                  ,8,8,2949919,0,0,0,0,0,0,1,5,492753,4,4,1720326,0,0,0,0,0,0,0,0,0
201011,06,045,4,9,Mendocino County              ,9,9,608377,0,0,0,0,0,0,0,0,0,9,9,608377,0,0,0,0,0,0,0,0,0
201011,06,049,4,9,Modoc County                  ,2,2,172902,0,0,0,0,0,0,0,0,0,2,2,172902,0,0,0,0,0,0,0,0,0
201011,06,051,4,9,Mono County                   ,1,1,138804,0,0,0,0,0,0,0,0,0,0,0,0,0,0,0,0,0,0,0,0,0
201011,06,059,4,9,Orange County                 ,121,121,35859638,5,10,2463562,6,22,3939452,4,60,6885522,108,108,30287836,4,8,1634747,5,19,3895151,4,60,6885522
201011,06,061,4,9,Placer County                 ,58,58,15521759,0,0,0,0,0,0,6,63,7877723,58,58,15521759,0,0,0,0,0,0,6,63,7877723
201011,06,063,4,9,Plumas County                 ,2,2,341790,0,0,0,0,0,0,0,0,0,2,2,341790,0,0,0,0,0,0,0,0,0
201011,06,065,4,9,Riverside County              ,195,195,44483808,0,0,0,0,0,0,2,11,1067229,168,168,38127541,0,0,0,0,0,0,0,0,0
201011,06,067,4,9,Sacramento County             ,27,27,6829132,0,0,0,0,0,0,0,0,0,26,26,6598648,0,0,0,0,0,0,0,0,0
201011,06,069,4,9,San Benito County             ,3,3,718509,0,0,0,0,0,0,0,0,0,3,3,718509,0,0,0,0,0,0,0,0,0
201011,06,071,4,9,San Bernardino County         ,75,75,14623510,0,0,0,0,0,0,2,85,8329794,69,69,13126715,0,0,0,0,0,0,1,80,7968129
201011,06,073,4,9,San Diego County              ,115,115,31247508,5,10,673950,0,0,0,3,21,2016834,106,106,29322959,5,10,673950,0,0,0,3,21,2016834
201011,06,075,4,9,San Francisco County          ,0,0,0,1,2,4200000,0,0,0,0,0,0,0,0,0,1,2,4200000,0,0,0,0,0,0
201011,06,077,4,9,San Joaquin County            ,45,45,10062152,0,0,0,0,0,0,0,0,0,25,25,6840109,0,0,0,0,0,0,0,0,0
201011,06,081,4,9,San Mateo County              ,16,16,12986171,0,0,0,0,0,0,1,11,1610165,11,11,11473618,0,0,0,0,0,0,0,0,0
201011,06,085,4,9,Santa Clara County            ,24,24,10022598,0,0,0,0,0,0,26,472,46894909,18,18,8225794,0,0,0,0,0,0,24,455,43454728
201011,06,091,4,9,Sierra County                 ,1,1,351374,0,0,0,0,0,0,0,0,0,1,1,351374,0,0,0,0,0,0,0,0,0
201011,06,113,4,9,Yolo County                   ,5,5,1016851,0,0,0,0,0,0,0,0,0,5,5,1016851,0,0,0,0,0,0,0,0,0
201011,08,001,4,8,Adams County                  ,39,39,9145296,1,2,287738,0,0,0,0,0,0,39,39,9145296,1,2,287738,0,0,0,0,0,0
201011,08,005,4,8,Arapahoe County               ,56,56,14230910,0,0,0,0,0,0,0,0,0,56,56,14230910,0,0,0,0,0,0,0,0,0
201011,08,014,4,8,Broomfield County             ,9,9,2356449,0,0,0,0,0,0,0,0,0,0,0,0,0,0,0,0,0,0,0,0,0
201011,08,015,4,8,Chaffee County                ,7,7,1516450,0,0,0,0,0,0,0,0,0,7,7,1516450,0,0,0,0,0,0,0,0,0
201011,08,019,4,8,Clear Creek County            ,3,3,998504,0,0,0,0,0,0,0,0,0,3,3,998504,0,0,0,0,0,0,0,0,0
201011,08,023,4,8,Costilla County               ,2,2,458056,0,0,0,0,0,0,0,0,0,0,0,0,0,0,0,0,0,0,0,0,0
201011,08,031,4,8,Denver County                 ,28,28,6507381,4,8,1479328,0,0,0,0,0,0,28,28,6507381,4,8,1479328,0,0,0,0,0,0
201011,08,033,4,8,Dolores County                ,0,0,0,0,0,0,0,0,0,0,0,0,0,0,0,0,0,0,0,0,0,0,0,0
201011,08,035,4,8,Douglas County                ,63,63,16725567,0,0,0,0,0,0,1,32,2739793,63,63,16725567,0,0,0,0,0,0,1,32,2739793
201011,08,039,4,8,Elbert County                 ,4,4,840073,0,0,0,0,0,0,0,0,0,4,4,840073,0,0,0,0,0,0,0,0,0
201011,08,041,4,8,El Paso County                ,102,102,33962342,0,0,0,0,0,0,1,70,5879657,102,102,33962342,0,0,0,0,0,0,1,70,5879657
201011,08,047,4,8,Gilpin County                 ,1,1,389096,0,0,0,0,0,0,0,0,0,0,0,0,0,0,0,0,0,0,0,0,0
201011,08,049,4,8,Grand County                  ,9,9,2281203,0,0,0,0,0,0,0,0,0,1,1,389797,0,0,0,0,0,0,0,0,0
201011,08,059,4,8,Jefferson County              ,43,43,11100576,0,0,0,0,0,0,1,5,922730,43,43,11100576,0,0,0,0,0,0,1,5,922730
201011,08,069,4,8,Larimer County                ,46,46,10252170,2,4,410457,0,0,0,0,0,0,45,45,9913322,2,4,410457,0,0,0,0,0,0
201011,08,077,4,8,Mesa County                   ,23,23,5218657,0,0,0,0,0,0,0,0,0,23,23,5218657,0,0,0,0,0,0,0,0,0
201011,08,093,4,8,Park County                   ,4,4,753269,0,0,0,0,0,0,0,0,0,4,4,753269,0,0,0,0,0,0,0,0,0
201011,08,101,4,8,Pueblo County                 ,18,18,3498443,0,0,0,0,0,0,0,0,0,18,18,3498443,0,0,0,0,0,0,0,0,0
201011,08,107,4,8,Routt County                  ,5,5,1955763,0,0,0,0,0,0,0,0,0,5,5,1955763,0,0,0,0,0,0,0,0,0
201011,08,119,4,8,Teller County                 ,3,3,777360,0,0,0,0,0,0,0,0,0,3,3,777360,0,0,0,0,0,0,0,0,0
201011,08,123,4,8,Weld County                   ,39,39,7881398,0,0,0,0,0,0,1,5,144687,27,27,5203997,0,0,0,0,0,0,0,0,0
201011,10,001,3,5,Kent County                   ,35,35,4634915,0,0,0,0,0,0,3,31,1208797,0,0,0,0,0,0,0,0,0,2,26,893887
201011,10,003,3,5,New Castle County             ,38,38,2880051,0,0,0,0,0,0,1,5,444201,9,9,461134,0,0,0,0,0,0,0,0,0
201011,10,005,3,5,Sussex County                 ,108,108,15584973,0,0,0,0,0,0,0,0,0,108,108,15584973,0,0,0,0,0,0,0,0,0
201011,11,001,3,5,Washington  DC                ,41,41,7115148,2,4,351620,0,0,0,0,0,0,41,41,7115148,2,4,351620,0,0,0,0,0,0
201011,12,003,3,5,Baker County                  ,1,1,212513,0,0,0,0,0,0,0,0,0,1,1,212513,0,0,0,0,0,0,0,0,0
201011,12,009,3,5,Brevard County                ,35,35,9206532,0,0,0,0,0,0,4,106,8088063,35,35,9206532,0,0,0,0,0,0,4,106,8088063
201011,12,011,3,5,Broward County                ,60,60,9575271,0,0,0,0,0,0,0,0,0,48,48,7766691,0,0,0,0,0,0,0,0,0
201011,12,013,3,5,Calhoun County                ,1,1,156600,0,0,0,0,0,0,0,0,0,0,0,0,0,0,0,0,0,0,0,0,0
201011,12,015,3,5,Charlotte County              ,25,25,3557315,0,0,0,0,0,0,0,0,0,25,25,3557315,0,0,0,0,0,0,0,0,0
201011,12,019,3,5,Clay County                   ,19,19,2972950,1,2,178000,0,0,0,0,0,0,19,19,2972950,1,2,178000,0,0,0,0,0,0
201011,12,021,3,5,Collier County                ,73,73,24706578,0,0,0,2,8,1932000,1,7,1164000,73,73,24706578,0,0,0,2,8,1932000,1,7,1164000
201011,12,023,3,5,Columbia County               ,5,5,669581,0,0,0,0,0,0,0,0,0,0,0,0,0,0,0,0,0,0,0,0,0
201011,12,031,3,5,Duval County                  ,75,75,12986544,0,0,0,0,0,0,1,8,653843,75,75,12986544,0,0,0,0,0,0,1,8,653843
201011,12,033,3,5,Escambia County               ,33,33,5933785,0,0,0,0,0,0,0,0,0,33,33,5933785,0,0,0,0,0,0,0,0,0
201011,12,037,3,5,Franklin County               ,0,0,0,0,0,0,0,0,0,0,0,0,0,0,0,0,0,0,0,0,0,0,0,0
201011,12,041,3,5,Gilchrist County              ,1,1,302399,0,0,0,0,0,0,0,0,0,0,0,0,0,0,0,0,0,0,0,0,0
201011,12,043,3,5,Glades County                 ,0,0,0,0,0,0,0,0,0,0,0,0,0,0,0,0,0,0,0,0,0,0,0,0
201011,12,047,3,5,Hamilton County               ,1,1,110935,0,0,0,0,0,0,0,0,0,0,0,0,0,0,0,0,0,0,0,0,0
201011,12,049,3,5,Hardee County                 ,2,2,211763,0,0,0,0,0,0,0,0,0,0,0,0,0,0,0,0,0,0,0,0,0
201011,12,053,3,5,Hernando County               ,9,9,1280854,0,0,0,0,0,0,0,0,0,9,9,1280854,0,0,0,0,0,0,0,0,0
201011,12,055,3,5,Highlands County              ,15,15,1730992,0,0,0,0,0,0,0,0,0,15,15,1730992,0,0,0,0,0,0,0,0,0
201011,12,057,3,5,Hillsborough County           ,188,188,47537561,0,0,0,0,0,0,0,0,0,188,188,47537561,0,0,0,0,0,0,0,0,0
201011,12,061,3,5,Indian River County           ,24,24,8509193,0,0,0,0,0,0,0,0,0,24,24,8509193,0,0,0,0,0,0,0,0,0
201011,12,063,3,5,Jackson County                ,2,2,250000,0,0,0,0,0,0,0,0,0,2,2,250000,0,0,0,0,0,0,0,0,0
201011,12,065,3,5,Jefferson County              ,1,1,138702,0,0,0,0,0,0,0,0,0,1,1,138702,0,0,0,0,0,0,0,0,0
201011,12,067,3,5,Lafayette County              ,0,0,0,0,0,0,0,0,0,0,0,0,0,0,0,0,0,0,0,0,0,0,0,0
201011,12,069,3,5,Lake County                   ,19,19,4569153,0,0,0,0,0,0,0,0,0,10,10,1936109,0,0,0,0,0,0,0,0,0
201011,12,071,3,5,Lee County                    ,67,67,12357039,0,0,0,1,4,829045,2,14,2871638,67,67,12357039,0,0,0,1,4,829045,2,14,2871638
201011,12,073,3,5,Leon County                   ,24,24,4385494,0,0,0,0,0,0,1,15,851893,11,11,2504651,0,0,0,0,0,0,0,0,0
201011,12,077,3,5,Liberty County                ,1,1,106858,0,0,0,0,0,0,0,0,0,0,0,0,0,0,0,0,0,0,0,0,0
201011,12,081,3,5,Manatee County                ,64,64,14158046,0,0,0,0,0,0,1,5,404412,64,64,14158046,0,0,0,0,0,0,0,0,0
201011,12,083,3,5,Marion County                 ,22,22,4414068,0,0,0,0,0,0,0,0,0,21,21,4314088,0,0,0,0,0,0,0,0,0
201011,12,085,3,5,Martin County                 ,8,8,3097006,0,0,0,0,0,0,0,0,0,8,8,3097006,0,0,0,0,0,0,0,0,0
201011,12,086,3,5,Miami-Dade County             ,74,74,17137918,1,2,378000,0,0,0,10,239,15835235,66,66,15989898,1,2,378000,0,0,0,9,234,15550332
201011,12,089,3,5,Nassau County                 ,17,17,4050115,0,0,0,0,0,0,0,0,0,14,14,3579688,0,0,0,0,0,0,0,0,0
201011,12,095,3,5,Orange County                 ,114,114,24242099,0,0,0,0,0,0,0,0,0,113,113,23593873,0,0,0,0,0,0,0,0,0
201011,12,097,3,5,Osceola County                ,31,31,7285022,0,0,0,1,4,869075,5,130,13613384,31,31,7285022,0,0,0,1,4,869075,5,130,13613384
201011,12,099,3,5,Palm Beach County             ,81,81,23939663,1,2,208371,0,0,0,1,20,1550000,79,79,22472756,0,0,0,0,0,0,1,20,1550000
201011,12,101,3,5,Pasco County                  ,50,50,8646878,2,4,299012,0,0,0,11,94,2770176,50,50,8646878,2,4,299012,0,0,0,11,94,2770176
201011,12,103,3,5,Pinellas County               ,36,36,8826779,0,0,0,0,0,0,5,120,9930883,36,36,8826779,0,0,0,0,0,0,5,120,9930883
201011,12,105,3,5,Polk County                   ,56,56,10338586,1,2,206720,7,28,1907836,0,0,0,50,50,9232451,1,2,206720,7,28,1907836,0,0,0
201011,12,107,3,5,Putnam County                 ,2,2,266612,0,0,0,0,0,0,0,0,0,0,0,0,0,0,0,0,0,0,0,0,0
201011,12,109,3,5,St. Johns County              ,65,65,18117209,0,0,0,0,0,0,2,28,2199999,64,64,17944609,0,0,0,0,0,0,2,28,2199999
201011,12,111,3,5,St. Lucie County              ,8,8,949214,0,0,0,0,0,0,0,0,0,7,7,795254,0,0,0,0,0,0,0,0,0
201011,12,113,3,5,Santa Rosa County             ,37,37,6420988,0,0,0,0,0,0,0,0,0,37,37,6420988,0,0,0,0,0,0,0,0,0
201011,12,115,3,5,Sarasota County               ,44,44,14870729,0,0,0,0,0,0,0,0,0,44,44,14870729,0,0,0,0,0,0,0,0,0
201011,12,117,3,5,Seminole County               ,62,62,11963607,0,0,0,0,0,0,0,0,0,54,54,9953649,0,0,0,0,0,0,0,0,0
201011,12,119,3,5,Sumter County                 ,161,161,41448283,1,2,214005,0,0,0,1,7,498305,158,158,41082314,0,0,0,0,0,0,0,0,0
201011,12,123,3,5,Taylor County                 ,1,1,50000,0,0,0,0,0,0,0,0,0,1,1,50000,0,0,0,0,0,0,0,0,0
201011,12,125,3,5,Union County                  ,2,2,319000,0,0,0,0,0,0,0,0,0,2,2,319000,0,0,0,0,0,0,0,0,0
201011,12,127,3,5,Volusia County                ,40,40,9458962,0,0,0,0,0,0,1,5,489870,27,27,5999344,0,0,0,0,0,0,0,0,0
201011,12,129,3,5,Wakulla County                ,2,2,335000,0,0,0,0,0,0,0,0,0,2,2,335000,0,0,0,0,0,0,0,0,0
201011,12,131,3,5,Walton County                 ,17,17,5539598,0,0,0,0,0,0,0,0,0,17,17,5539598,0,0,0,0,0,0,0,0,0
201011,12,133,3,5,Washington County             ,2,2,331561,0,0,0,0,0,0,0,0,0,0,0,0,0,0,0,0,0,0,0,0,0
201011,13,005,3,5,Bacon County                  ,0,0,0,0,0,0,0,0,0,0,0,0,0,0,0,0,0,0,0,0,0,0,0,0
201011,13,013,3,5,Barrow County                 ,5,5,458569,0,0,0,0,0,0,0,0,0,4,4,362064,0,0,0,0,0,0,0,0,0
201011,13,015,3,5,Bartow County                 ,3,3,520621,0,0,0,0,0,0,0,0,0,3,3,520621,0,0,0,0,0,0,0,0,0
201011,13,029,3,5,Bryan County                  ,13,13,2622308,0,0,0,0,0,0,0,0,0,5,5,1173000,0,0,0,0,0,0,0,0,0
201011,13,035,3,5,Butts County                  ,0,0,0,0,0,0,0,0,0,0,0,0,0,0,0,0,0,0,0,0,0,0,0,0
201011,13,045,3,5,Carroll County                ,1,1,173540,0,0,0,0,0,0,0,0,0,1,1,173540,0,0,0,0,0,0,0,0,0
201011,13,057,3,5,Cherokee County               ,25,25,3669848,0,0,0,0,0,0,0,0,0,21,21,2998321,0,0,0,0,0,0,0,0,0
201011,13,059,3,5,Clarke County                 ,12,12,1780476,0,0,0,0,0,0,0,0,0,12,12,1780476,0,0,0,0,0,0,0,0,0
201011,13,063,3,5,Clayton County                ,5,5,867701,0,0,0,0,0,0,0,0,0,5,5,867701,0,0,0,0,0,0,0,0,0
201011,13,067,3,5,Cobb County                   ,64,64,15962933,0,0,0,3,11,2255150,1,7,1224900,64,64,15962933,0,0,0,3,11,2255150,1,7,1224900
201011,13,077,3,5,Coweta County                 ,24,24,6483207,0,0,0,0,0,0,0,0,0,21,21,5940901,0,0,0,0,0,0,0,0,0
201011,13,085,3,5,Dawson County                 ,1,1,450000,0,0,0,0,0,0,0,0,0,1,1,450000,0,0,0,0,0,0,0,0,0
201011,13,089,3,5,DeKalb County                 ,26,26,4829797,0,0,0,0,0,0,0,0,0,24,24,4164965,0,0,0,0,0,0,0,0,0
201011,13,095,3,5,Dougherty County              ,2,2,223784,1,2,150103,0,0,0,0,0,0,0,0,0,0,0,0,0,0,0,0,0,0
201011,13,097,3,5,Douglas County                ,4,4,226800,0,0,0,0,0,0,0,0,0,4,4,226800,0,0,0,0,0,0,0,0,0
201011,13,113,3,5,Fayette County                ,4,4,1612414,0,0,0,0,0,0,0,0,0,3,3,1243525,0,0,0,0,0,0,0,0,0
201011,13,117,3,5,Forsyth County                ,93,93,12559560,0,0,0,0,0,0,0,0,0,93,93,12559560,0,0,0,0,0,0,0,0,0
201011,13,121,3,5,Fulton County                 ,48,48,9608546,0,0,0,0,0,0,0,0,0,48,48,9608546,0,0,0,0,0,0,0,0,0
201011,13,127,3,5,Glynn County                  ,19,19,4894180,0,0,0,0,0,0,0,0,0,0,0,0,0,0,0,0,0,0,0,0,0
201011,13,133,3,5,Greene County                 ,8,8,2814043,0,0,0,0,0,0,0,0,0,0,0,0,0,0,0,0,0,0,0,0,0
201011,13,135,3,5,Gwinnett County               ,72,72,14169467,0,0,0,0,0,0,0,0,0,71,71,13993058,0,0,0,0,0,0,0,0,0
201011,13,143,3,5,Haralson County               ,1,1,178492,0,0,0,0,0,0,0,0,0,0,0,0,0,0,0,0,0,0,0,0,0
201011,13,145,3,5,Harris County                 ,6,6,1339325,0,0,0,0,0,0,0,0,0,6,6,1339325,0,0,0,0,0,0,0,0,0
201011,13,149,3,5,Heard County                  ,1,1,134368,0,0,0,0,0,0,0,0,0,0,0,0,0,0,0,0,0,0,0,0,0
201011,13,151,3,5,Henry County                  ,15,15,3030641,0,0,0,0,0,0,0,0,0,10,10,2410254,0,0,0,0,0,0,0,0,0
201011,13,159,3,5,Jasper County                 ,3,3,400649,0,0,0,0,0,0,0,0,0,0,0,0,0,0,0,0,0,0,0,0,0
201011,13,169,3,5,Jones County                  ,1,1,100000,0,0,0,0,0,0,0,0,0,1,1,100000,0,0,0,0,0,0,0,0,0
201011,13,171,3,5,Lamar County                  ,1,1,144688,0,0,0,0,0,0,0,0,0,1,1,144688,0,0,0,0,0,0,0,0,0
201011,13,177,3,5,Lee County                    ,7,7,799996,0,0,0,0,0,0,0,0,0,0,0,0,0,0,0,0,0,0,0,0,0
201011,13,189,3,5,McDuffie County               ,2,2,275000,0,0,0,0,0,0,0,0,0,2,2,275000,0,0,0,0,0,0,0,0,0
201011,13,199,3,5,Meriwether County             ,1,1,173540,0,0,0,0,0,0,0,0,0,1,1,173540,0,0,0,0,0,0,0,0,0
201011,13,211,3,5,Morgan County                 ,4,4,850000,0,0,0,0,0,0,0,0,0,4,4,850000,0,0,0,0,0,0,0,0,0
201011,13,213,3,5,Murray County                 ,1,1,125000,0,0,0,0,0,0,0,0,0,1,1,125000,0,0,0,0,0,0,0,0,0
201011,13,215,3,5,Muscogee County               ,14,14,1482026,0,0,0,1,3,136273,1,6,454925,0,0,0,0,0,0,0,0,0,0,0,0
201011,13,217,3,5,Newton County                 ,4,4,793540,0,0,0,0,0,0,0,0,0,4,4,793540,0,0,0,0,0,0,0,0,0
201011,13,223,3,5,Paulding County               ,9,9,1544008,0,0,0,0,0,0,0,0,0,4,4,694161,0,0,0,0,0,0,0,0,0
201011,13,227,3,5,Pickens County                ,3,3,586822,0,0,0,0,0,0,0,0,0,3,3,586822,0,0,0,0,0,0,0,0,0
201011,13,231,3,5,Pike County                   ,0,0,0,0,0,0,0,0,0,0,0,0,0,0,0,0,0,0,0,0,0,0,0,0
201011,13,237,3,5,Putnam County                 ,3,3,1125000,0,0,0,0,0,0,0,0,0,3,3,1125000,0,0,0,0,0,0,0,0,0
201011,13,239,3,5,Quitman County                ,0,0,0,0,0,0,0,0,0,0,0,0,0,0,0,0,0,0,0,0,0,0,0,0
201011,13,247,3,5,Rockdale County               ,2,2,796541,0,0,0,0,0,0,0,0,0,2,2,796541,0,0,0,0,0,0,0,0,0
201011,13,255,3,5,Spalding County               ,2,2,231900,0,0,0,0,0,0,0,0,0,2,2,231900,0,0,0,0,0,0,0,0,0
201011,13,291,3,5,Union County                  ,6,6,1053370,0,0,0,0,0,0,0,0,0,6,6,1053370,0,0,0,0,0,0,0,0,0
201011,13,297,3,5,Walton County                 ,4,4,344000,0,0,0,0,0,0,0,0,0,4,4,344000,0,0,0,0,0,0,0,0,0
201011,13,313,3,5,Whitfield County              ,5,5,553301,0,0,0,0,0,0,0,0,0,0,0,0,0,0,0,0,0,0,0,0,0
201011,13,321,3,5,Worth County                  ,1,1,143377,0,0,0,0,0,0,0,0,0,1,1,143377,0,0,0,0,0,0,0,0,0
201011,15,001,4,9,Hawaii County                 ,42,42,10393733,0,0,0,1,3,820714,1,5,360000,0,0,0,0,0,0,0,0,0,0,0,0
201011,15,003,4,9,Honolulu County               ,48,48,19059018,3,6,2400000,0,0,0,2,30,4228125,48,48,19059018,3,6,2400000,0,0,0,2,30,4228125
201011,15,007,4,9,Kauai County                  ,17,17,6174900,0,0,0,0,0,0,0,0,0,17,17,6174900,0,0,0,0,0,0,0,0,0
201011,15,009,4,9,Maui County                   ,12,12,2508973,1,2,1500000,0,0,0,0,0,0,12,12,2508973,1,2,1500000,0,0,0,0,0,0
201011,16,001,4,8,Ada County                    ,69,69,17668139,0,0,0,2,8,246539,1,5,663199,59,59,16173308,0,0,0,0,0,0,0,0,0
201011,16,015,4,8,Boise County                  ,1,1,59266,0,0,0,0,0,0,0,0,0,1,1,59266,0,0,0,0,0,0,0,0,0
201011,16,027,4,8,Canyon County                 ,18,18,2818238,0,0,0,0,0,0,0,0,0,18,18,2818238,0,0,0,0,0,0,0,0,0
201011,16,045,4,8,Gem County                    ,1,1,30960,0,0,0,0,0,0,0,0,0,1,1,30960,0,0,0,0,0,0,0,0,0
201011,16,073,4,8,Owyhee County                 ,1,1,210406,0,0,0,0,0,0,0,0,0,0,0,0,0,0,0,0,0,0,0,0,0
201011,17,005,2,3,Bond County                   ,3,3,347877,0,0,0,0,0,0,0,0,0,1,1,105000,0,0,0,0,0,0,0,0,0
201011,17,013,2,3,Calhoun County                ,2,2,260000,0,0,0,0,0,0,0,0,0,2,2,260000,0,0,0,0,0,0,0,0,0
201011,17,027,2,3,Clinton County                ,15,15,2674504,0,0,0,0,0,0,0,0,0,12,12,2109000,0,0,0,0,0,0,0,0,0
201011,17,031,2,3,Cook County                   ,68,68,19609076,1,2,670000,2,7,1050000,3,28,4792526,61,61,17580736,1,2,670000,2,7,1050000,2,18,4045000
201011,17,037,2,3,DeKalb County                 ,4,4,527333,0,0,0,0,0,0,0,0,0,3,3,379000,0,0,0,0,0,0,0,0,0
201011,17,039,2,3,De Witt County                ,1,1,140000,0,0,0,0,0,0,0,0,0,1,1,140000,0,0,0,0,0,0,0,0,0
201011,17,043,2,3,DuPage County                 ,43,43,13435268,0,0,0,0,0,0,0,0,0,35,35,10382216,0,0,0,0,0,0,0,0,0
201011,17,063,2,3,Grundy County                 ,15,15,1907219,0,0,0,0,0,0,0,0,0,15,15,1907219,0,0,0,0,0,0,0,0,0
201011,17,083,2,3,Jersey County                 ,0,0,0,0,0,0,0,0,0,1,5,289248,0,0,0,0,0,0,0,0,0,0,0,0
201011,17,089,2,3,Kane County                   ,27,27,5991363,0,0,0,0,0,0,0,0,0,6,6,1664164,0,0,0,0,0,0,0,0,0
201011,17,093,2,3,Kendall County                ,14,14,2151020,0,0,0,0,0,0,0,0,0,3,3,488176,0,0,0,0,0,0,0,0,0
201011,17,097,2,3,Lake County                   ,31,31,11664174,0,0,0,0,0,0,0,0,0,18,18,8420968,0,0,0,0,0,0,0,0,0
201011,17,111,2,3,McHenry County                ,20,20,3530698,0,0,0,0,0,0,0,0,0,12,12,2356887,0,0,0,0,0,0,0,0,0
201011,17,117,2,3,Macoupin County               ,2,2,399127,1,2,300000,0,0,0,0,0,0,0,0,0,0,0,0,0,0,0,0,0,0
201011,17,119,2,3,Madison County                ,37,37,8713892,0,0,0,0,0,0,0,0,0,31,31,7488945,0,0,0,0,0,0,0,0,0
201011,17,133,2,3,Monroe County                 ,7,7,1616996,0,0,0,0,0,0,0,0,0,7,7,1616996,0,0,0,0,0,0,0,0,0
201011,17,163,2,3,St. Clair County              ,37,37,7411416,0,0,0,0,0,0,2,17,1444181,16,16,3082702,0,0,0,0,0,0,0,0,0
201011,17,197,2,3,Will County                   ,29,29,6274413,0,0,0,0,0,0,0,0,0,22,22,4776185,0,0,0,0,0,0,0,0,0
201011,18,001,2,3,Adams County                  ,2,2,438000,0,0,0,0,0,0,0,0,0,2,2,438000,0,0,0,0,0,0,0,0,0
201011,18,003,2,3,Allen County                  ,46,46,8908604,0,0,0,0,0,0,0,0,0,46,46,8908604,0,0,0,0,0,0,0,0,0
201011,18,011,2,3,Boone County                  ,22,22,4427790,0,0,0,0,0,0,0,0,0,22,22,4427790,0,0,0,0,0,0,0,0,0
201011,18,013,2,3,Brown County                  ,13,13,2517649,0,0,0,0,0,0,0,0,0,13,13,2517649,0,0,0,0,0,0,0,0,0
201011,18,019,2,3,Clark County                  ,16,16,2104871,0,0,0,0,0,0,0,0,0,15,15,1925000,0,0,0,0,0,0,0,0,0
201011,18,029,2,3,Dearborn County               ,6,6,930000,0,0,0,0,0,0,0,0,0,6,6,930000,0,0,0,0,0,0,0,0,0
201011,18,043,2,3,Floyd County                  ,8,8,1839030,0,0,0,0,0,0,0,0,0,6,6,1548288,0,0,0,0,0,0,0,0,0
201011,18,047,2,3,Franklin County               ,1,1,270000,0,0,0,0,0,0,0,0,0,1,1,270000,0,0,0,0,0,0,0,0,0
201011,18,049,2,3,Fulton County                 ,2,2,375000,0,0,0,0,0,0,0,0,0,2,2,375000,0,0,0,0,0,0,0,0,0
201011,18,057,2,3,Hamilton County               ,94,94,19073512,0,0,0,0,0,0,0,0,0,94,94,19073512,0,0,0,0,0,0,0,0,0
201011,18,059,2,3,Hancock County                ,6,6,1042599,0,0,0,0,0,0,0,0,0,6,6,1042599,0,0,0,0,0,0,0,0,0
201011,18,061,2,3,Harrison County               ,1,1,193665,0,0,0,0,0,0,0,0,0,1,1,193665,0,0,0,0,0,0,0,0,0
201011,18,063,2,3,Hendricks County              ,46,46,9346032,0,0,0,1,4,200000,0,0,0,45,45,9139693,0,0,0,1,4,200000,0,0,0
201011,18,065,2,3,Henry County                  ,0,0,0,0,0,0,0,0,0,0,0,0,0,0,0,0,0,0,0,0,0,0,0,0
201011,18,069,2,3,Huntington County             ,3,3,618500,0,0,0,0,0,0,0,0,0,3,3,618500,0,0,0,0,0,0,0,0,0
201011,18,073,2,3,Jasper County                 ,8,8,1735996,0,0,0,0,0,0,0,0,0,8,8,1735996,0,0,0,0,0,0,0,0,0
201011,18,079,2,3,Jennings County               ,3,3,463000,0,0,0,0,0,0,0,0,0,3,3,463000,0,0,0,0,0,0,0,0,0
201011,18,081,2,3,Johnson County                ,25,25,4854864,0,0,0,0,0,0,0,0,0,24,24,4739295,0,0,0,0,0,0,0,0,0
201011,18,087,2,3,Lagrange County               ,7,7,980000,0,0,0,0,0,0,0,0,0,7,7,980000,0,0,0,0,0,0,0,0,0
201011,18,089,2,3,Lake County                   ,38,38,9237996,3,6,841000,0,0,0,0,0,0,37,37,9150825,3,6,841000,0,0,0,0,0,0
201011,18,097,2,3,Marion County                 ,55,55,8306593,0,0,0,0,0,0,3,45,4892000,51,51,7671005,0,0,0,0,0,0,3,45,4892000
201011,18,105,2,3,Monroe County                 ,14,14,2242454,0,0,0,0,0,0,0,0,0,14,14,2242454,0,0,0,0,0,0,0,0,0
201011,18,109,2,3,Morgan County                 ,5,5,833620,0,0,0,0,0,0,0,0,0,5,5,833620,0,0,0,0,0,0,0,0,0
201011,18,111,2,3,Newton County                 ,2,2,205000,0,0,0,0,0,0,0,0,0,2,2,205000,0,0,0,0,0,0,0,0,0
201011,18,115,2,3,Ohio County                   ,0,0,0,0,0,0,0,0,0,0,0,0,0,0,0,0,0,0,0,0,0,0,0,0
201011,18,125,2,3,Pike County                   ,3,3,265000,0,0,0,0,0,0,0,0,0,3,3,265000,0,0,0,0,0,0,0,0,0
201011,18,127,2,3,Porter County                 ,11,11,3461630,0,0,0,0,0,0,0,0,0,8,8,2999616,0,0,0,0,0,0,0,0,0
201011,18,133,2,3,Putnam County                 ,1,1,150000,0,0,0,0,0,0,0,0,0,1,1,150000,0,0,0,0,0,0,0,0,0
201011,18,145,2,3,Shelby County                 ,2,2,526850,0,0,0,1,3,0,0,0,0,2,2,526850,0,0,0,0,0,0,0,0,0
201011,18,155,2,3,Switzerland County            ,4,4,233065,0,0,0,0,0,0,0,0,0,0,0,0,0,0,0,0,0,0,0,0,0
201011,18,157,2,3,Tippecanoe County             ,40,40,7312968,0,0,0,0,0,0,0,0,0,21,21,3400000,0,0,0,0,0,0,0,0,0
201011,18,163,2,3,Vanderburgh County            ,11,11,1584800,1,2,184000,0,0,0,0,0,0,11,11,1584800,1,2,184000,0,0,0,0,0,0
201011,18,167,2,3,Vigo County                   ,6,6,802526,1,2,180000,0,0,0,0,0,0,6,6,802526,1,2,180000,0,0,0,0,0,0
201011,18,175,2,3,Washington County             ,2,2,259454,0,0,0,0,0,0,0,0,0,0,0,0,0,0,0,0,0,0,0,0,0
201011,18,179,2,3,Wells County                  ,3,3,580996,0,0,0,0,0,0,0,0,0,3,3,580996,0,0,0,0,0,0,0,0,0
201011,18,181,2,3,White County                  ,3,3,742000,0,0,0,0,0,0,0,0,0,3,3,742000,0,0,0,0,0,0,0,0,0
201011,18,183,2,3,Whitley County                ,3,3,420000,0,0,0,0,0,0,0,0,0,3,3,420000,0,0,0,0,0,0,0,0,0
201011,19,049,2,4,Dallas County                 ,76,76,14690424,1,2,287000,0,0,0,0,0,0,74,74,14151361,1,2,287000,0,0,0,0,0,0
201011,19,077,2,4,Guthrie County                ,0,0,0,0,0,0,0,0,0,0,0,0,0,0,0,0,0,0,0,0,0,0,0,0
201011,19,085,2,4,Harrison County               ,1,1,119000,0,0,0,0,0,0,0,0,0,1,1,119000,0,0,0,0,0,0,0,0,0
201011,19,121,2,4,Madison County                ,2,2,400094,0,0,0,0,0,0,0,0,0,0,0,0,0,0,0,0,0,0,0,0,0
201011,19,129,2,4,Mills County                  ,3,3,420000,0,0,0,0,0,0,0,0,0,3,3,420000,0,0,0,0,0,0,0,0,0
201011,19,153,2,4,Polk County                   ,110,110,22548535,2,4,940096,0,0,0,0,0,0,110,110,22548535,2,4,940096,0,0,0,0,0,0
201011,19,155,2,4,Pottawattamie County          ,14,14,2427286,1,2,152044,0,0,0,0,0,0,4,4,1024833,0,0,0,0,0,0,0,0,0
201011,19,181,2,4,Warren County                 ,10,10,3277946,0,0,0,0,0,0,2,60,4833673,10,10,3277946,0,0,0,0,0,0,2,60,4833673
201011,20,055,2,4,Finney County                 ,1,1,110000,0,0,0,0,0,0,0,0,0,1,1,110000,0,0,0,0,0,0,0,0,0
201011,20,059,2,4,Franklin County               ,1,1,214000,0,0,0,0,0,0,0,0,0,1,1,214000,0,0,0,0,0,0,0,0,0
201011,20,063,2,4,Gove County                   ,0,0,0,0,0,0,0,0,0,0,0,0,0,0,0,0,0,0,0,0,0,0,0,0
201011,20,091,2,4,Johnson County                ,53,53,12982318,0,0,0,1,3,488182,0,0,0,21,21,5507921,0,0,0,0,0,0,0,0,0
201011,20,103,2,4,Leavenworth County            ,11,11,2188544,0,0,0,0,0,0,0,0,0,10,10,2083100,0,0,0,0,0,0,0,0,0
201011,20,107,2,4,Linn County                   ,2,2,341058,0,0,0,0,0,0,0,0,0,1,1,193665,0,0,0,0,0,0,0,0,0
201011,20,121,2,4,Miami County                  ,3,3,565419,0,0,0,0,0,0,0,0,0,1,1,160000,0,0,0,0,0,0,0,0,0
201011,20,129,2,4,Morton County                 ,0,0,0,0,0,0,0,0,0,0,0,0,0,0,0,0,0,0,0,0,0,0,0,0
201011,20,151,2,4,Pratt County                  ,0,0,0,0,0,0,0,0,0,0,0,0,0,0,0,0,0,0,0,0,0,0,0,0
201011,20,183,2,4,Smith County                  ,0,0,0,0,0,0,0,0,0,0,0,0,0,0,0,0,0,0,0,0,0,0,0,0
201011,20,209,2,4,Wyandotte County              ,6,6,1038271,12,24,1887804,0,0,0,0,0,0,6,6,1038271,12,24,1887804,0,0,0,0,0,0
201011,21,005,3,6,Anderson County               ,5,5,928221,0,0,0,0,0,0,0,0,0,5,5,928221,0,0,0,0,0,0,0,0,0
201011,21,015,3,6,Boone County                  ,33,33,4892675,0,0,0,0,0,0,0,0,0,33,33,4892675,0,0,0,0,0,0,0,0,0
201011,21,021,3,6,Boyle County                  ,0,0,0,0,0,0,0,0,0,0,0,0,0,0,0,0,0,0,0,0,0,0,0,0
201011,21,029,3,6,Bullitt County                ,19,19,2671460,0,0,0,0,0,0,0,0,0,19,19,2671460,0,0,0,0,0,0,0,0,0
201011,21,037,3,6,Campbell County               ,9,9,1281810,0,0,0,0,0,0,1,8,900000,8,8,1164810,0,0,0,0,0,0,1,8,900000
201011,21,049,3,6,Clark County                  ,8,8,1494000,0,0,0,0,0,0,0,0,0,8,8,1494000,0,0,0,0,0,0,0,0,0
201011,21,053,3,6,Clinton County                ,0,0,0,0,0,0,0,0,0,0,0,0,0,0,0,0,0,0,0,0,0,0,0,0
201011,21,059,3,6,Daviess County                ,24,24,2053340,0,0,0,0,0,0,0,0,0,24,24,2053340,0,0,0,0,0,0,0,0,0
201011,21,067,3,6,Fayette County                ,37,37,5679500,0,0,0,0,0,0,1,36,3495500,37,37,5679500,0,0,0,0,0,0,1,36,3495500
201011,21,077,3,6,Gallatin County               ,2,2,112550,0,0,0,0,0,0,0,0,0,0,0,0,0,0,0,0,0,0,0,0,0
201011,21,081,3,6,Grant County                  ,6,6,895000,0,0,0,0,0,0,0,0,0,6,6,895000,0,0,0,0,0,0,0,0,0
201011,21,103,3,6,Henry County                  ,2,2,338000,0,0,0,0,0,0,0,0,0,2,2,338000,0,0,0,0,0,0,0,0,0
201011,21,111,3,6,Jefferson County              ,44,44,9352224,0,0,0,0,0,0,0,0,0,44,44,9352224,0,0,0,0,0,0,0,0,0
201011,21,113,3,6,Jessamine County              ,7,7,2525000,0,0,0,0,0,0,0,0,0,7,7,2525000,0,0,0,0,0,0,0,0,0
201011,21,117,3,6,Kenton County                 ,7,7,949285,0,0,0,0,0,0,0,0,0,7,7,949285,0,0,0,0,0,0,0,0,0
201011,21,137,3,6,Lincoln County                ,0,0,0,0,0,0,0,0,0,0,0,0,0,0,0,0,0,0,0,0,0,0,0,0
201011,21,151,3,6,Madison County                ,5,5,434024,0,0,0,1,4,200000,1,5,168572,1,1,85000,0,0,0,1,4,200000,0,0,0
201011,21,157,3,6,Marshall County               ,1,1,121209,0,0,0,0,0,0,0,0,0,0,0,0,0,0,0,0,0,0,0,0,0
201011,21,163,3,6,Meade County                  ,18,18,1731500,0,0,0,0,0,0,0,0,0,18,18,1731500,0,0,0,0,0,0,0,0,0
201011,21,167,3,6,Mercer County                 ,2,2,338500,0,0,0,0,0,0,0,0,0,0,0,0,0,0,0,0,0,0,0,0,0
201011,21,179,3,6,Nelson County                 ,6,6,581000,0,0,0,0,0,0,0,0,0,6,6,581000,0,0,0,0,0,0,0,0,0
201011,21,185,3,6,Oldham County                 ,7,7,1525895,0,0,0,0,0,0,0,0,0,0,0,0,0,0,0,0,0,0,0,0,0
201011,21,191,3,6,Pendleton County              ,0,0,0,0,0,0,0,0,0,0,0,0,0,0,0,0,0,0,0,0,0,0,0,0
201011,21,205,3,6,Rowan County                  ,0,0,0,0,0,0,0,0,0,0,0,0,0,0,0,0,0,0,0,0,0,0,0,0
201011,21,209,3,6,Scott County                  ,8,8,683000,0,0,0,0,0,0,0,0,0,8,8,683000,0,0,0,0,0,0,0,0,0
201011,21,211,3,6,Shelby County                 ,7,7,1872465,0,0,0,0,0,0,0,0,0,7,7,1872465,0,0,0,0,0,0,0,0,0
201011,21,213,3,6,Simpson County                ,2,2,260000,0,0,0,0,0,0,0,0,0,2,2,260000,0,0,0,0,0,0,0,0,0
201011,21,215,3,6,Spencer County                ,2,2,347080,0,0,0,0,0,0,0,0,0,2,2,347080,0,0,0,0,0,0,0,0,0
201011,21,221,3,6,Trigg County                  ,0,0,0,0,0,0,0,0,0,0,0,0,0,0,0,0,0,0,0,0,0,0,0,0
201011,21,239,3,6,Woodford County               ,7,7,906500,0,0,0,0,0,0,0,0,0,7,7,906500,0,0,0,0,0,0,0,0,0
201011,22,009,3,7,Avoyelles Parish              ,3,3,348317,0,0,0,0,0,0,0,0,0,0,0,0,0,0,0,0,0,0,0,0,0
201011,22,017,3,7,Caddo Parish                  ,26,26,6606530,0,0,0,0,0,0,0,0,0,26,26,6606530,0,0,0,0,0,0,0,0,0
201011,22,039,3,7,Evangeline Parish             ,5,5,1559000,0,0,0,0,0,0,0,0,0,5,5,1559000,0,0,0,0,0,0,0,0,0
201011,22,051,3,7,Jefferson Parish              ,33,33,5717130,0,0,0,0,0,0,0,0,0,31,31,5337457,0,0,0,0,0,0,0,0,0
201011,22,071,3,7,Orleans Parish                ,59,59,5620699,22,44,3677630,0,0,0,0,0,0,59,59,5620699,22,44,3677630,0,0,0,0,0,0
201011,22,075,3,7,Plaquemines Parish            ,1,1,19200,0,0,0,0,0,0,0,0,0,1,1,19200,0,0,0,0,0,0,0,0,0
201011,22,077,3,7,Pointe Coupee Parish          ,3,3,527320,0,0,0,0,0,0,0,0,0,3,3,527320,0,0,0,0,0,0,0,0,0
201011,22,087,3,7,St. Bernard Parish            ,2,2,248425,0,0,0,0,0,0,0,0,0,0,0,0,0,0,0,0,0,0,0,0,0
201011,22,089,3,7,St. Charles Parish            ,7,7,1206796,0,0,0,0,0,0,0,0,0,0,0,0,0,0,0,0,0,0,0,0,0
201011,22,091,3,7,St. Helena Parish             ,2,2,385252,0,0,0,0,0,0,0,0,0,0,0,0,0,0,0,0,0,0,0,0,0
201011,22,095,3,7,St. John the Baptist Parish   ,5,5,779564,0,0,0,0,0,0,0,0,0,0,0,0,0,0,0,0,0,0,0,0,0
201011,22,103,3,7,St. Tammany Parish            ,48,48,8833655,0,0,0,0,0,0,0,0,0,46,46,8451597,0,0,0,0,0,0,0,0,0
201011,22,109,3,7,Terrebonne Parish             ,16,16,4430640,0,0,0,0,0,0,0,0,0,16,16,4430640,0,0,0,0,0,0,0,0,0
201011,22,117,3,7,Washington Parish             ,2,2,275000,0,0,0,0,0,0,0,0,0,2,2,275000,0,0,0,0,0,0,0,0,0
201011,23,000,1,1,Maine Unorganized Territory   ,10,10,1328002,0,0,0,0,0,0,0,0,0,0,0,0,0,0,0,0,0,0,0,0,0
201011,24,003,3,5,Anne Arundel County           ,80,80,14032312,0,0,0,1,3,268595,0,0,0,79,79,13709676,0,0,0,0,0,0,0,0,0
201011,24,005,3,5,Baltimore County              ,88,88,15271538,0,0,0,0,0,0,0,0,0,88,88,15271538,0,0,0,0,0,0,0,0,0
201011,24,009,3,5,Calvert County                ,12,12,2082482,0,0,0,0,0,0,0,0,0,12,12,2082482,0,0,0,0,0,0,0,0,0
201011,24,013,3,5,Carroll County                ,13,13,2588817,0,0,0,0,0,0,1,10,602316,13,13,2588817,0,0,0,0,0,0,1,10,602316
201011,24,015,3,5,Cecil County                  ,13,13,1807650,0,0,0,0,0,0,0,0,0,0,0,0,0,0,0,0,0,0,0,0,0
201011,24,017,3,5,Charles County                ,22,22,6799000,0,0,0,0,0,0,0,0,0,22,22,6799000,0,0,0,0,0,0,0,0,0
201011,24,021,3,5,Frederick County              ,51,51,9708291,0,0,0,0,0,0,1,5,591594,12,12,2040074,0,0,0,0,0,0,0,0,0
201011,24,023,3,5,Garrett County                ,9,9,2081946,0,0,0,0,0,0,0,0,0,0,0,0,0,0,0,0,0,0,0,0,0
201011,24,025,3,5,Harford County                ,38,38,5938566,0,0,0,0,0,0,0,0,0,38,38,5938566,0,0,0,0,0,0,0,0,0
201011,24,027,3,5,Howard County                 ,73,73,18544969,0,0,0,0,0,0,0,0,0,73,73,18544969,0,0,0,0,0,0,0,0,0
201011,24,031,3,5,Montgomery County             ,59,59,10238872,0,0,0,0,0,0,1,12,1815864,59,59,10238872,0,0,0,0,0,0,1,12,1815864
201011,24,033,3,5,Prince George County          ,68,68,11752194,0,0,0,0,0,0,1,11,300000,68,68,11752194,0,0,0,0,0,0,1,11,300000
201011,24,035,3,5,Queen Anne County             ,4,4,562027,1,2,90000,0,0,0,0,0,0,4,4,562027,1,2,90000,0,0,0,0,0,0
201011,24,510,3,5,Baltimore (Independent City)  ,9,9,1006631,0,0,0,0,0,0,1,13,1543667,0,0,0,0,0,0,0,0,0,0,0,0
201011,25,009,1,1,Essex County                  ,60,60,19492415,1,2,230000,1,4,438847,0,0,0,52,52,17200245,1,2,230000,1,4,438847,0,0,0
201011,25,017,1,1,Middlesex County              ,109,109,29218824,2,4,426983,0,0,0,2,39,5658248,79,79,23082496,1,2,209799,0,0,0,1,34,5308248
201011,25,019,1,1,Nantucket County              ,5,5,3800000,0,0,0,0,0,0,0,0,0,5,5,3800000,0,0,0,0,0,0,0,0,0
201011,25,021,1,1,Norfolk County                ,40,40,14049937,0,0,0,0,0,0,5,245,20313322,28,28,10276663,0,0,0,0,0,0,4,240,19805940
201011,25,023,1,1,Plymouth County               ,47,47,10264707,0,0,0,0,0,0,2,13,1282761,29,29,6606643,0,0,0,0,0,0,0,0,0
201011,25,025,1,1,Suffolk County                ,1,1,211929,0,0,0,1,3,575515,1,5,665124,1,1,211929,0,0,0,0,0,0,0,0,0
201011,26,000,2,3,Michigan Balance of State     ,1,1,58721,0,0,0,0,0,0,0,0,0,1,1,58721,0,0,0,0,0,0,0,0,0
201011,26,001,2,3,Alcona County                 ,1,1,100408,0,0,0,0,0,0,0,0,0,0,0,0,0,0,0,0,0,0,0,0,0
201011,26,009,2,3,Antrim County                 ,6,6,1018044,0,0,0,0,0,0,0,0,0,6,6,1018044,0,0,0,0,0,0,0,0,0
201011,26,015,2,3,Barry County                  ,6,6,685568,0,0,0,0,0,0,0,0,0,0,0,0,0,0,0,0,0,0,0,0,0
201011,26,019,2,3,Benzie County                 ,5,5,1073483,0,0,0,0,0,0,0,0,0,5,5,1073483,0,0,0,0,0,0,0,0,0
201011,26,029,2,3,Charlevoix County             ,4,4,749410,0,0,0,0,0,0,0,0,0,0,0,0,0,0,0,0,0,0,0,0,0
201011,26,031,2,3,Cheboygan County              ,8,8,1101000,0,0,0,0,0,0,0,0,0,8,8,1101000,0,0,0,0,0,0,0,0,0
201011,26,047,2,3,Emmet County                  ,2,2,421358,0,0,0,0,0,0,0,0,0,2,2,421358,0,0,0,0,0,0,0,0,0
201011,26,051,2,3,Gladwin County                ,6,6,961052,0,0,0,0,0,0,0,0,0,6,6,961052,0,0,0,0,0,0,0,0,0
201011,26,059,2,3,Hillsdale County              ,2,2,306197,0,0,0,0,0,0,0,0,0,0,0,0,0,0,0,0,0,0,0,0,0
201011,26,067,2,3,Ionia County                  ,2,2,299642,0,0,0,0,0,0,0,0,0,0,0,0,0,0,0,0,0,0,0,0,0
201011,26,079,2,3,Kalkaska County               ,1,1,212000,0,0,0,0,0,0,0,0,0,1,1,212000,0,0,0,0,0,0,0,0,0
201011,26,081,2,3,Kent County                   ,46,46,7955671,0,0,0,0,0,0,0,0,0,40,40,7288195,0,0,0,0,0,0,0,0,0
201011,26,085,2,3,Lake County                   ,4,4,114981,0,0,0,0,0,0,0,0,0,0,0,0,0,0,0,0,0,0,0,0,0
201011,26,087,2,3,Lapeer County                 ,0,0,0,0,0,0,0,0,0,0,0,0,0,0,0,0,0,0,0,0,0,0,0,0
201011,26,089,2,3,Leelanau County               ,3,3,484390,0,0,0,0,0,0,0,0,0,3,3,484390,0,0,0,0,0,0,0,0,0
201011,26,093,2,3,Livingston County             ,13,13,5061089,0,0,0,0,0,0,0,0,0,12,12,4959020,0,0,0,0,0,0,0,0,0
201011,26,099,2,3,Macomb County                 ,59,59,13539244,0,0,0,0,0,0,0,0,0,59,59,13539244,0,0,0,0,0,0,0,0,0
201011,26,103,2,3,Marquette County              ,2,2,455000,0,0,0,0,0,0,0,0,0,2,2,455000,0,0,0,0,0,0,0,0,0
201011,26,113,2,3,Missaukee County              ,2,2,321990,0,0,0,0,0,0,0,0,0,0,0,0,0,0,0,0,0,0,0,0,0
201011,26,123,2,3,Newaygo County                ,3,3,308400,0,0,0,0,0,0,0,0,0,2,2,240000,0,0,0,0,0,0,0,0,0
201011,26,125,2,3,Oakland County                ,73,73,18137114,0,0,0,0,0,0,0,0,0,64,64,16010586,0,0,0,0,0,0,0,0,0
201011,26,129,2,3,Ogemaw County                 ,0,0,0,0,0,0,0,0,0,0,0,0,0,0,0,0,0,0,0,0,0,0,0,0
201011,26,133,2,3,Osceola County                ,2,2,360597,0,0,0,0,0,0,0,0,0,2,2,360597,0,0,0,0,0,0,0,0,0
201011,26,137,2,3,Otsego County                 ,3,3,639753,0,0,0,0,0,0,0,0,0,0,0,0,0,0,0,0,0,0,0,0,0
201011,26,141,2,3,Presque Isle County           ,1,1,100000,0,0,0,0,0,0,0,0,0,1,1,100000,0,0,0,0,0,0,0,0,0
201011,26,147,2,3,St. Clair County              ,5,5,550162,0,0,0,0,0,0,0,0,0,3,3,336315,0,0,0,0,0,0,0,0,0
201011,26,163,2,3,Wayne County                  ,69,69,14323870,0,0,0,0,0,0,1,61,5033222,67,67,13934467,0,0,0,0,0,0,1,61,5033222
201011,27,003,2,4,Anoka County                  ,36,36,8595626,0,0,0,1,4,515442,0,0,0,35,35,8428618,0,0,0,1,4,515442,0,0,0
201011,27,019,2,4,Carver County                 ,25,25,7851600,0,0,0,0,0,0,0,0,0,25,25,7851600,0,0,0,0,0,0,0,0,0
201011,27,025,2,4,Chisago County                ,0,0,0,0,0,0,0,0,0,0,0,0,0,0,0,0,0,0,0,0,0,0,0,0
201011,27,037,2,4,Dakota County                 ,27,27,7647410,0,0,0,0,0,0,0,0,0,26,26,7345872,0,0,0,0,0,0,0,0,0
201011,27,053,2,4,Hennepin County               ,54,54,18694913,0,0,0,0,0,0,2,120,9901421,53,53,17895148,0,0,0,0,0,0,2,120,9901421
201011,27,059,2,4,Isanti County                 ,4,4,359445,0,0,0,0,0,0,0,0,0,3,3,261945,0,0,0,0,0,0,0,0,0
201011,27,123,2,4,Ramsey County                 ,4,4,2848000,0,0,0,0,0,0,0,0,0,4,4,2848000,0,0,0,0,0,0,0,0,0
201011,27,139,2,4,Scott County                  ,33,33,7388707,0,0,0,0,0,0,0,0,0,28,28,6028479,0,0,0,0,0,0,0,0,0
201011,27,141,2,4,Sherburne County              ,2,2,484000,0,0,0,0,0,0,0,0,0,2,2,484000,0,0,0,0,0,0,0,0,0
201011,27,163,2,4,Washington County             ,26,26,7925099,0,0,0,0,0,0,0,0,0,26,26,7925099,0,0,0,0,0,0,0,0,0
201011,27,171,2,4,Wright County                 ,4,4,701602,0,0,0,0,0,0,0,0,0,4,4,701602,0,0,0,0,0,0,0,0,0
201011,28,021,3,6,Claiborne County              ,0,0,0,0,0,0,0,0,0,0,0,0,0,0,0,0,0,0,0,0,0,0,0,0
201011,28,033,3,6,DeSoto County                 ,21,21,2704356,0,0,0,0,0,0,0,0,0,14,14,1647483,0,0,0,0,0,0,0,0,0
201011,28,039,3,6,George County                 ,0,0,0,0,0,0,0,0,0,0,0,0,0,0,0,0,0,0,0,0,0,0,0,0
201011,28,071,3,6,Lafayette County              ,1,1,400000,0,0,0,0,0,0,0,0,0,1,1,400000,0,0,0,0,0,0,0,0,0
201011,28,091,3,6,Marion County                 ,0,0,0,0,0,0,0,0,0,0,0,0,0,0,0,0,0,0,0,0,0,0,0,0
201011,28,093,3,6,Marshall County               ,2,2,540000,0,0,0,0,0,0,0,0,0,2,2,540000,0,0,0,0,0,0,0,0,0
201011,28,137,3,6,Tate County                   ,3,3,268995,0,0,0,0,0,0,0,0,0,0,0,0,0,0,0,0,0,0,0,0,0
201011,28,143,3,6,Tunica County                 ,1,1,80321,0,0,0,0,0,0,0,0,0,0,0,0,0,0,0,0,0,0,0,0,0
201011,28,153,3,6,Wayne County                  ,0,0,0,0,0,0,0,0,0,0,0,0,0,0,0,0,0,0,0,0,0,0,0,0
201011,29,001,2,4,Adair County                  ,6,6,1443734,0,0,0,0,0,0,0,0,0,6,6,1443734,0,0,0,0,0,0,0,0,0
201011,29,013,2,4,Bates County                  ,1,1,147925,0,0,0,0,0,0,0,0,0,1,1,147925,0,0,0,0,0,0,0,0,0
201011,29,019,2,4,Boone County                  ,91,91,12431860,0,0,0,0,0,0,0,0,0,91,91,12431860,0,0,0,0,0,0,0,0,0
201011,29,025,2,4,Caldwell County               ,2,2,412678,0,0,0,0,0,0,0,0,0,0,0,0,0,0,0,0,0,0,0,0,0
201011,29,037,2,4,Cass County                   ,8,8,1632046,0,0,0,0,0,0,0,0,0,7,7,1511773,0,0,0,0,0,0,0,0,0
201011,29,047,2,4,Clay County                   ,11,11,2137118,0,0,0,0,0,0,0,0,0,11,11,2137118,0,0,0,0,0,0,0,0,0
201011,29,049,2,4,Clinton County                ,1,1,206339,0,0,0,0,0,0,0,0,0,0,0,0,0,0,0,0,0,0,0,0,0
201011,29,065,2,4,Dent County                   ,0,0,0,0,0,0,0,0,0,0,0,0,0,0,0,0,0,0,0,0,0,0,0,0
201011,29,071,2,4,Franklin County               ,17,17,2979818,0,0,0,0,0,0,0,0,0,16,16,2788099,0,0,0,0,0,0,0,0,0
201011,29,079,2,4,Grundy County                 ,0,0,0,0,0,0,0,0,0,0,0,0,0,0,0,0,0,0,0,0,0,0,0,0
201011,29,095,2,4,Jackson County                ,55,55,12282509,1,2,180000,0,0,0,0,0,0,55,55,12282509,1,2,180000,0,0,0,0,0,0
201011,29,099,2,4,Jefferson County              ,27,27,4187983,0,0,0,0,0,0,0,0,0,27,27,4187983,0,0,0,0,0,0,0,0,0
201011,29,105,2,4,Laclede County                ,2,2,444444,1,2,150000,0,0,0,0,0,0,0,0,0,0,0,0,0,0,0,0,0,0
201011,29,107,2,4,Lafayette County              ,2,2,411467,0,0,0,0,0,0,0,0,0,0,0,0,0,0,0,0,0,0,0,0,0
201011,29,113,2,4,Lincoln County                ,8,8,1030331,0,0,0,0,0,0,0,0,0,8,8,1030331,0,0,0,0,0,0,0,0,0
201011,29,141,2,4,Morgan County                 ,0,0,0,0,0,0,0,0,0,0,0,0,0,0,0,0,0,0,0,0,0,0,0,0
201011,29,161,2,4,Phelps County                 ,0,0,0,0,0,0,6,24,1348025,0,0,0,0,0,0,0,0,0,6,24,1348025,0,0,0
201011,29,165,2,4,Platte County                 ,8,8,4282013,0,0,0,4,16,1080000,0,0,0,8,8,4282013,0,0,0,4,16,1080000,0,0,0
201011,29,177,2,4,Ray County                    ,3,3,62500,0,0,0,1,3,225000,0,0,0,3,3,62500,0,0,0,0,0,0,0,0,0
201011,29,183,2,4,St. Charles County            ,44,44,7637149,0,0,0,1,4,276000,0,0,0,37,37,5391162,0,0,0,1,4,276000,0,0,0
201011,29,189,2,4,St. Louis County              ,36,36,13427033,0,0,0,0,0,0,1,6,524485,9,9,3368801,0,0,0,0,0,0,0,0,0
201011,29,219,2,4,Warren County                 ,5,5,867862,0,0,0,0,0,0,0,0,0,5,5,867862,0,0,0,0,0,0,0,0,0
201011,29,221,2,4,Washington County             ,0,0,0,0,0,0,0,0,0,0,0,0,0,0,0,0,0,0,0,0,0,0,0,0
201011,29,510,2,4,St. Louis (Independent City)  ,7,7,975984,0,0,0,0,0,0,1,9,925799,0,0,0,0,0,0,0,0,0,0,0,0
201011,30,023,4,8,Deer Lodge County             ,1,1,4000,0,0,0,0,0,0,0,0,0,1,1,4000,0,0,0,0,0,0,0,0,0
201011,30,063,4,8,Missoula County               ,5,5,636679,0,0,0,0,0,0,2,39,1399576,5,5,636679,0,0,0,0,0,0,2,39,1399576
201011,31,025,2,4,Cass County                   ,4,4,783579,0,0,0,0,0,0,0,0,0,4,4,783579,0,0,0,0,0,0,0,0,0
201011,31,033,2,4,Cheyenne County               ,0,0,0,0,0,0,0,0,0,0,0,0,0,0,0,0,0,0,0,0,0,0,0,0
201011,31,055,2,4,Douglas County                ,66,66,9470328,0,0,0,0,0,0,0,0,0,63,63,8995188,0,0,0,0,0,0,0,0,0
201011,31,077,2,4,Greeley County                ,0,0,0,0,0,0,0,0,0,0,0,0,0,0,0,0,0,0,0,0,0,0,0,0
201011,31,105,2,4,Kimball County                ,0,0,0,0,0,0,0,0,0,0,0,0,0,0,0,0,0,0,0,0,0,0,0,0
201011,31,153,2,4,Sarpy County                  ,44,44,10244787,0,0,0,0,0,0,6,132,9100000,44,44,10244787,0,0,0,0,0,0,6,132,9100000
201011,31,155,2,4,Saunders County               ,5,5,983742,0,0,0,0,0,0,0,0,0,5,5,983742,0,0,0,0,0,0,0,0,0
201011,31,177,2,4,Washington County             ,6,6,1845575,0,0,0,0,0,0,0,0,0,6,6,1845575,0,0,0,0,0,0,0,0,0
201011,32,001,4,8,Churchill County              ,0,0,0,0,0,0,0,0,0,0,0,0,0,0,0,0,0,0,0,0,0,0,0,0
201011,32,003,4,8,Clark County                  ,179,179,24813211,0,0,0,0,0,0,0,0,0,179,179,24813211,0,0,0,0,0,0,0,0,0
201011,32,005,4,8,Douglas County                ,10,10,4295455,0,0,0,0,0,0,0,0,0,10,10,4295455,0,0,0,0,0,0,0,0,0
201011,32,007,4,8,Elko County                   ,13,13,2511153,0,0,0,1,3,170890,0,0,0,13,13,2511153,0,0,0,1,3,170890,0,0,0
201011,32,013,4,8,Humboldt County               ,0,0,0,0,0,0,0,0,0,0,0,0,0,0,0,0,0,0,0,0,0,0,0,0
201011,32,015,4,8,Lander County                 ,2,2,242000,0,0,0,0,0,0,0,0,0,2,2,242000,0,0,0,0,0,0,0,0,0
201011,32,017,4,8,Lincoln County                ,1,1,176741,0,0,0,0,0,0,0,0,0,0,0,0,0,0,0,0,0,0,0,0,0
201011,32,019,4,8,Lyon County                   ,2,2,448966,0,0,0,0,0,0,0,0,0,2,2,448966,0,0,0,0,0,0,0,0,0
201011,32,021,4,8,Mineral County                ,0,0,0,0,0,0,0,0,0,0,0,0,0,0,0,0,0,0,0,0,0,0,0,0
201011,32,027,4,8,Pershing County               ,0,0,0,0,0,0,0,0,0,0,0,0,0,0,0,0,0,0,0,0,0,0,0,0
201011,32,029,4,8,Storey County                 ,0,0,0,0,0,0,0,0,0,0,0,0,0,0,0,0,0,0,0,0,0,0,0,0
201011,32,031,4,8,Washoe County                 ,30,30,6572081,0,0,0,0,0,0,0,0,0,30,30,6572081,0,0,0,0,0,0,0,0,0
201011,32,033,4,8,White Pine County             ,0,0,0,0,0,0,0,0,0,0,0,0,0,0,0,0,0,0,0,0,0,0,0,0
201011,32,510,4,8,Carson City (Independent City),0,0,0,0,0,0,0,0,0,0,0,0,0,0,0,0,0,0,0,0,0,0,0,0
201011,33,015,1,1,Rockingham County             ,35,35,8169900,0,0,0,0,0,0,0,0,0,28,28,6400618,0,0,0,0,0,0,0,0,0
201011,33,017,1,1,Strafford County              ,16,16,2986205,0,0,0,0,0,0,1,12,780854,14,14,2464217,0,0,0,0,0,0,1,12,780854
201011,34,001,1,2,Atlantic County               ,37,37,4606299,1,2,83200,0,0,0,0,0,0,25,25,3443968,0,0,0,0,0,0,0,0,0
201011,34,003,1,2,Bergen County                 ,49,49,19037915,6,12,2491559,0,0,0,1,5,465579,19,19,10814800,4,8,1949000,0,0,0,0,0,0
201011,34,005,1,2,Burlington County             ,37,37,6263191,0,0,0,0,0,0,3,15,1244836,21,21,3961305,0,0,0,0,0,0,0,0,0
201011,34,007,1,2,Camden County                 ,15,15,2697424,4,8,280000,0,0,0,1,5,281332,8,8,1552984,4,8,280000,0,0,0,0,0,0
201011,34,009,1,2,Cape May County               ,30,30,8683231,3,6,842300,0,0,0,0,0,0,29,29,8480309,3,6,842300,0,0,0,0,0,0
201011,34,011,1,2,Cumberland County             ,9,9,1025347,1,2,191850,0,0,0,0,0,0,3,3,369500,1,2,191850,0,0,0,0,0,0
201011,34,013,1,2,Essex County                  ,20,20,8063627,0,0,0,0,0,0,2,25,2243279,9,9,6408425,0,0,0,0,0,0,1,20,1839000
201011,34,015,1,2,Gloucester County             ,33,33,5347548,1,2,118631,0,0,0,0,0,0,21,21,3182542,0,0,0,0,0,0,0,0,0
201011,34,017,1,2,Hudson County                 ,6,6,756565,0,0,0,2,7,1462100,2,31,2253594,2,2,230000,0,0,0,2,7,1462100,1,26,1530000
201011,34,019,1,2,Hunterdon County              ,12,12,1220878,0,0,0,0,0,0,0,0,0,2,2,203560,0,0,0,0,0,0,0,0,0
201011,34,021,1,2,Mercer County                 ,11,11,2509497,0,0,0,0,0,0,2,85,13391000,4,4,970491,0,0,0,0,0,0,2,85,13391000
201011,34,023,1,2,Middlesex County              ,45,45,7963843,0,0,0,1,3,201000,4,22,1675376,36,36,6750362,0,0,0,1,3,201000,0,0,166645
201011,34,025,1,2,Monmouth County               ,52,52,13687491,0,0,0,0,0,0,4,20,1127118,31,31,10562047,0,0,0,0,0,0,3,15,17080
201011,34,027,1,2,Morris County                 ,35,35,8444753,0,0,0,0,0,0,1,5,245973,19,19,4667881,0,0,0,0,0,0,0,0,0
201011,34,029,1,2,Ocean County                  ,68,68,13074157,0,0,0,0,0,0,2,48,3681248,53,53,10144323,0,0,0,0,0,0,2,48,3681248
201011,34,031,1,2,Passaic County                ,9,9,2039275,2,4,337238,0,0,0,1,5,56992,2,2,932500,0,0,0,0,0,0,0,0,0
201011,34,033,1,2,Salem County                  ,6,6,1178054,0,0,0,0,0,0,0,0,0,6,6,1178054,0,0,0,0,0,0,0,0,0
201011,34,035,1,2,Somerset County               ,52,52,6265191,0,0,0,0,0,0,0,0,0,41,41,4580622,0,0,0,0,0,0,0,0,0
201011,34,037,1,2,Sussex County                 ,18,18,4547630,1,2,41350,0,0,0,0,0,0,8,8,2463219,0,0,0,0,0,0,0,0,0
201011,34,039,1,2,Union County                  ,22,22,4864194,4,8,692616,1,3,167421,2,11,294152,11,11,2596000,2,4,403000,0,0,0,1,6,4000
201011,34,041,1,2,Warren County                 ,9,9,1482329,0,0,0,0,0,0,0,0,0,3,3,487425,0,0,0,0,0,0,0,0,0
201011,35,000,4,8,New Mexico Balance of State   ,58,58,10784489,0,0,0,0,0,0,0,0,0,0,0,0,0,0,0,0,0,0,0,0,0
201011,35,001,4,8,Bernalillo County             ,56,56,10883041,0,0,0,0,0,0,1,14,1088056,10,10,2699678,0,0,0,0,0,0,0,0,0
201011,35,005,4,8,Chaves County                 ,5,5,729633,0,0,0,0,0,0,0,0,0,4,4,553328,0,0,0,0,0,0,0,0,0
201011,35,007,4,8,Colfax County                 ,1,1,440193,0,0,0,0,0,0,0,0,0,0,0,0,0,0,0,0,0,0,0,0,0
201011,35,009,4,8,Curry County                  ,10,10,2613255,0,0,0,0,0,0,0,0,0,10,10,2613255,0,0,0,0,0,0,0,0,0
201011,35,013,4,8,Dona Ana County               ,44,44,8093511,0,0,0,0,0,0,0,0,0,44,44,8093511,0,0,0,0,0,0,0,0,0
201011,35,015,4,8,Eddy County                   ,13,13,1749599,0,0,0,0,0,0,0,0,0,13,13,1749599,0,0,0,0,0,0,0,0,0
201011,35,025,4,8,Lea County                    ,1,1,142000,0,0,0,0,0,0,0,0,0,1,1,142000,0,0,0,0,0,0,0,0,0
201011,35,027,4,8,Lincoln County                ,3,3,524820,0,0,0,0,0,0,0,0,0,0,0,0,0,0,0,0,0,0,0,0,0
201011,35,028,4,8,Los Alamos County             ,0,0,0,0,0,0,0,0,0,0,0,0,0,0,0,0,0,0,0,0,0,0,0,0
201011,35,029,4,8,Luna County                   ,2,2,366181,0,0,0,0,0,0,0,0,0,0,0,0,0,0,0,0,0,0,0,0,0
201011,35,031,4,8,McKinley County               ,0,0,0,0,0,0,0,0,0,0,0,0,0,0,0,0,0,0,0,0,0,0,0,0
201011,35,035,4,8,Otero County                  ,0,0,0,0,0,0,0,0,0,0,0,0,0,0,0,0,0,0,0,0,0,0,0,0
201011,35,039,4,8,Rio Arriba County             ,0,0,0,0,0,0,0,0,0,0,0,0,0,0,0,0,0,0,0,0,0,0,0,0
201011,35,041,4,8,Roosevelt County              ,2,2,374000,0,0,0,0,0,0,0,0,0,2,2,374000,0,0,0,0,0,0,0,0,0
201011,35,043,4,8,Sandoval County               ,31,31,5352899,0,0,0,1,3,252773,0,0,0,0,0,0,0,0,0,0,0,0,0,0,0
201011,35,045,4,8,San Juan County               ,13,13,2580493,0,0,0,0,0,0,0,0,0,13,13,2580493,0,0,0,0,0,0,0,0,0
201011,35,049,4,8,Santa Fe County               ,6,6,800139,0,0,0,0,0,0,0,0,0,0,0,0,0,0,0,0,0,0,0,0,0
201011,35,051,4,8,Sierra County                 ,0,0,0,0,0,0,0,0,0,0,0,0,0,0,0,0,0,0,0,0,0,0,0,0
201011,35,053,4,8,Socorro County                ,0,0,0,0,0,0,0,0,0,0,0,0,0,0,0,0,0,0,0,0,0,0,0,0
201011,35,055,4,8,Taos County                   ,5,5,788624,0,0,0,0,0,0,0,0,0,1,1,350000,0,0,0,0,0,0,0,0,0
201011,35,061,4,8,Valencia County               ,5,5,643231,0,0,0,0,0,0,0,0,0,0,0,0,0,0,0,0,0,0,0,0,0
201011,36,005,1,2,Bronx County                  ,0,0,0,5,10,1048996,2,7,767982,1,68,7936484,0,0,0,5,10,1048996,2,7,767982,1,68,7936484
201011,36,047,1,2,Kings County                  ,0,0,0,3,6,629398,6,18,1974811,3,24,2801112,0,0,0,3,6,629398,6,18,1974811,3,24,2801112
201011,36,059,1,2,Nassau County                 ,29,29,13957346,0,0,0,0,0,0,0,0,0,18,18,11072626,0,0,0,0,0,0,0,0,0
201011,36,061,1,2,New York County               ,0,0,0,0,0,0,0,0,0,0,0,0,0,0,0,0,0,0,0,0,0,0,0,0
201011,36,079,1,2,Putnam County                 ,4,4,1701333,0,0,0,1,3,818169,0,0,0,3,3,1463000,0,0,0,0,0,0,0,0,0
201011,36,081,1,2,Queens County                 ,4,4,847717,10,20,2097992,3,12,1316540,3,23,2684399,4,4,847717,10,20,2097992,3,12,1316540,3,23,2684399
201011,36,085,1,2,Richmond County               ,28,28,5934018,1,2,209799,0,0,0,0,0,0,28,28,5934018,1,2,209799,0,0,0,0,0,0
201011,36,087,1,2,Rockland County               ,11,11,2703250,0,0,0,1,3,600000,1,10,1100000,10,10,2448550,0,0,0,1,3,600000,1,10,1100000
201011,36,103,1,2,Suffolk County                ,86,86,44687512,0,0,0,0,0,0,0,0,0,65,65,39580826,0,0,0,0,0,0,0,0,0
201011,36,119,1,2,Westchester County            ,10,10,4738921,0,0,0,0,0,0,0,0,0,6,6,3205000,0,0,0,0,0,0,0,0,0
201011,37,003,3,5,Alexander County              ,0,0,0,3,6,527820,0,0,0,0,0,0,0,0,0,3,6,527820,0,0,0,0,0,0
201011,37,007,3,5,Anson County                  ,0,0,0,0,0,0,0,0,0,0,0,0,0,0,0,0,0,0,0,0,0,0,0,0
201011,37,009,3,5,Ashe County                   ,13,13,2002800,0,0,0,0,0,0,0,0,0,13,13,2002800,0,0,0,0,0,0,0,0,0
201011,37,011,3,5,Avery County                  ,2,2,670000,0,0,0,0,0,0,0,0,0,2,2,670000,0,0,0,0,0,0,0,0,0
201011,37,019,3,5,Brunswick County              ,56,56,11054893,0,0,0,0,0,0,0,0,0,26,26,5678480,0,0,0,0,0,0,0,0,0
201011,37,025,3,5,Cabarrus County               ,45,45,5608477,0,0,0,0,0,0,0,0,0,45,45,5608477,0,0,0,0,0,0,0,0,0
201011,37,027,3,5,Caldwell County               ,5,5,584000,0,0,0,0,0,0,0,0,0,5,5,584000,0,0,0,0,0,0,0,0,0
201011,37,037,3,5,Chatham County                ,26,26,5614531,0,0,0,0,0,0,0,0,0,26,26,5614531,0,0,0,0,0,0,0,0,0
201011,37,039,3,5,Cherokee County               ,8,8,1378448,0,0,0,0,0,0,0,0,0,8,8,1378448,0,0,0,0,0,0,0,0,0
201011,37,049,3,5,Craven County                 ,28,28,3629570,0,0,0,0,0,0,0,0,0,28,28,3629570,0,0,0,0,0,0,0,0,0
201011,37,053,3,5,Currituck County              ,10,10,1403866,0,0,0,0,0,0,0,0,0,10,10,1403866,0,0,0,0,0,0,0,0,0
201011,37,059,3,5,Davie County                  ,2,2,330000,0,0,0,0,0,0,0,0,0,2,2,330000,0,0,0,0,0,0,0,0,0
201011,37,063,3,5,Durham County                 ,50,50,9545827,0,0,0,1,4,146125,2,50,2252460,0,0,0,0,0,0,0,0,0,0,0,0
201011,37,067,3,5,Forsyth County                ,58,58,7802310,0,0,0,0,0,0,0,0,0,58,58,7802310,0,0,0,0,0,0,0,0,0
201011,37,069,3,5,Franklin County               ,9,9,1445333,0,0,0,0,0,0,0,0,0,9,9,1445333,0,0,0,0,0,0,0,0,0
201011,37,071,3,5,Gaston County                 ,17,17,3821911,0,0,0,0,0,0,0,0,0,17,17,3821911,0,0,0,0,0,0,0,0,0
201011,37,081,3,5,Guilford County               ,73,73,10172687,13,26,1619720,5,15,1114170,7,36,3173260,62,62,8172136,13,26,1619720,5,15,1114170,6,31,2661180
201011,37,089,3,5,Henderson County              ,20,20,6798125,0,0,0,0,0,0,0,0,0,20,20,6798125,0,0,0,0,0,0,0,0,0
201011,37,093,3,5,Hoke County                   ,20,20,3511232,0,0,0,0,0,0,0,0,0,20,20,3511232,0,0,0,0,0,0,0,0,0
201011,37,097,3,5,Iredell County                ,22,22,5493092,0,0,0,0,0,0,0,0,0,22,22,5493092,0,0,0,0,0,0,0,0,0
201011,37,101,3,5,Johnston County               ,45,45,7480913,0,0,0,0,0,0,0,0,0,39,39,6669975,0,0,0,0,0,0,0,0,0
201011,37,105,3,5,Lee County                    ,3,3,553885,0,0,0,0,0,0,0,0,0,3,3,553885,0,0,0,0,0,0,0,0,0
201011,37,109,3,5,Lincoln County                ,10,10,1796407,1,2,107500,0,0,0,0,0,0,0,0,0,0,0,0,0,0,0,0,0,0
201011,37,113,3,5,Macon County                  ,12,12,3010850,0,0,0,0,0,0,0,0,0,12,12,3010850,0,0,0,0,0,0,0,0,0
201011,37,119,3,5,Mecklenburg County            ,105,105,18221721,0,0,0,3,9,809552,0,0,0,105,105,18221721,0,0,0,3,9,809552,0,0,0
201011,37,127,3,5,Nash County                   ,15,15,1637409,0,0,0,0,0,0,0,0,0,11,11,1390642,0,0,0,0,0,0,0,0,0
201011,37,129,3,5,New Hanover County            ,19,19,4410960,0,0,0,0,0,0,1,6,658009,0,0,0,0,0,0,0,0,0,0,0,0
201011,37,135,3,5,Orange County                 ,17,17,4725463,0,0,0,0,0,0,1,5,503960,3,3,920000,0,0,0,0,0,0,0,0,0
201011,37,137,3,5,Pamlico County                ,3,3,700069,0,0,0,0,0,0,0,0,0,0,0,0,0,0,0,0,0,0,0,0,0
201011,37,141,3,5,Pender County                 ,14,14,1896310,0,0,0,0,0,0,0,0,0,14,14,1896310,0,0,0,0,0,0,0,0,0
201011,37,145,3,5,Person County                 ,4,4,848000,0,0,0,0,0,0,0,0,0,4,4,848000,0,0,0,0,0,0,0,0,0
201011,37,147,3,5,Pitt County                   ,10,10,1747450,1,2,180000,0,0,0,9,235,19125571,10,10,1747450,1,2,180000,0,0,0,9,235,19125571
201011,37,149,3,5,Polk County                   ,2,2,231848,0,0,0,0,0,0,0,0,0,2,2,231848,0,0,0,0,0,0,0,0,0
201011,37,151,3,5,Randolph County               ,13,13,2552231,0,0,0,0,0,0,0,0,0,13,13,2552231,0,0,0,0,0,0,0,0,0
201011,37,157,3,5,Rockingham County             ,4,4,710353,0,0,0,0,0,0,0,0,0,4,4,710353,0,0,0,0,0,0,0,0,0
201011,37,159,3,5,Rowan County                  ,8,8,2153726,0,0,0,0,0,0,0,0,0,8,8,2153726,0,0,0,0,0,0,0,0,0
201011,37,163,3,5,Sampson County                ,7,7,890000,0,0,0,0,0,0,0,0,0,7,7,890000,0,0,0,0,0,0,0,0,0
201011,37,167,3,5,Stanly County                 ,4,4,382500,0,0,0,0,0,0,0,0,0,4,4,382500,0,0,0,0,0,0,0,0,0
201011,37,171,3,5,Surry County                  ,4,4,795883,0,0,0,0,0,0,0,0,0,4,4,795883,0,0,0,0,0,0,0,0,0
201011,37,175,3,5,Transylvania County           ,4,4,1064928,0,0,0,0,0,0,0,0,0,4,4,1064928,0,0,0,0,0,0,0,0,0
201011,37,179,3,5,Union County                  ,35,35,7449766,0,0,0,0,0,0,0,0,0,35,35,7449766,0,0,0,0,0,0,0,0,0
201011,37,181,3,5,Vance County                  ,3,3,481000,0,0,0,0,0,0,0,0,0,3,3,481000,0,0,0,0,0,0,0,0,0
201011,37,183,3,5,Wake County                   ,238,238,44487325,0,0,0,1,3,505000,0,0,0,225,225,42000016,0,0,0,1,3,505000,0,0,0
201011,37,195,3,5,Wilson County                 ,2,2,431540,0,0,0,0,0,0,0,0,0,2,2,431540,0,0,0,0,0,0,0,0,0
201011,39,015,2,3,Brown County                  ,3,3,474000,1,2,150000,0,0,0,0,0,0,0,0,0,0,0,0,0,0,0,0,0,0
201011,39,017,2,3,Butler County                 ,28,28,4956864,0,0,0,0,0,0,0,0,0,18,18,3703002,0,0,0,0,0,0,0,0,0
201011,39,025,2,3,Clermont County               ,21,21,2304284,0,0,0,0,0,0,0,0,0,21,21,2304284,0,0,0,0,0,0,0,0,0
201011,39,035,2,3,Cuyahoga County               ,37,37,7282565,0,0,0,0,0,0,0,0,0,15,15,4446505,0,0,0,0,0,0,0,0,0
201011,39,041,2,3,Delaware County               ,35,35,6592936,0,0,0,0,0,0,0,0,0,35,35,6592936,0,0,0,0,0,0,0,0,0
201011,39,045,2,3,Fairfield County              ,12,12,3034567,0,0,0,0,0,0,0,0,0,8,8,2379000,0,0,0,0,0,0,0,0,0
201011,39,049,2,3,Franklin County               ,71,71,18859447,0,0,0,2,8,820448,1,6,495071,60,60,16378217,0,0,0,2,8,820448,1,6,495071
201011,39,055,2,3,Geauga County                 ,6,6,1410000,0,0,0,0,0,0,0,0,0,6,6,1410000,0,0,0,0,0,0,0,0,0
201011,39,061,2,3,Hamilton County               ,26,26,6031634,0,0,0,2,6,562500,0,0,0,5,5,1361000,0,0,0,1,3,225000,0,0,0
201011,39,085,2,3,Lake County                   ,20,20,4291724,0,0,0,0,0,0,0,0,0,14,14,2507000,0,0,0,0,0,0,0,0,0
201011,39,089,2,3,Licking County                ,18,18,3097943,0,0,0,0,0,0,0,0,0,18,18,3097943,0,0,0,0,0,0,0,0,0
201011,39,093,2,3,Lorain County                 ,36,36,6835070,0,0,0,0,0,0,0,0,0,36,36,6835070,0,0,0,0,0,0,0,0,0
201011,39,097,2,3,Madison County                ,0,0,0,0,0,0,0,0,0,0,0,0,0,0,0,0,0,0,0,0,0,0,0,0
201011,39,103,2,3,Medina County                 ,19,19,3363489,0,0,0,0,0,0,0,0,0,19,19,3363489,0,0,0,0,0,0,0,0,0
201011,39,117,2,3,Morrow County                 ,2,2,384849,0,0,0,0,0,0,0,0,0,0,0,0,0,0,0,0,0,0,0,0,0
201011,39,129,2,3,Pickaway County               ,1,1,193665,0,0,0,0,0,0,0,0,0,1,1,193665,0,0,0,0,0,0,0,0,0
201011,39,159,2,3,Union County                  ,6,6,1161992,0,0,0,0,0,0,0,0,0,6,6,1161992,0,0,0,0,0,0,0,0,0
201011,39,165,2,3,Warren County                 ,24,24,6175682,0,0,0,0,0,0,0,0,0,22,22,5812665,0,0,0,0,0,0,0,0,0
201011,39,169,2,3,Wayne County                  ,8,8,1259000,0,0,0,0,0,0,0,0,0,8,8,1259000,0,0,0,0,0,0,0,0,0
201011,40,017,3,7,Canadian County               ,7,7,1508767,0,0,0,0,0,0,0,0,0,7,7,1508767,0,0,0,0,0,0,0,0,0
201011,40,021,3,7,Cherokee County               ,2,2,338213,1,2,143360,0,0,0,0,0,0,0,0,0,0,0,0,0,0,0,0,0,0
201011,40,027,3,7,Cleveland County              ,45,45,8529145,0,0,0,0,0,0,0,0,0,45,45,8529145,0,0,0,0,0,0,0,0,0
201011,40,029,3,7,Coal County                   ,0,0,0,0,0,0,0,0,0,0,0,0,0,0,0,0,0,0,0,0,0,0,0,0
201011,40,037,3,7,Creek County                  ,7,7,1050768,0,0,0,0,0,0,0,0,0,2,2,270000,0,0,0,0,0,0,0,0,0
201011,40,051,3,7,Grady County                  ,4,4,1150000,0,0,0,0,0,0,0,0,0,4,4,1150000,0,0,0,0,0,0,0,0,0
201011,40,081,3,7,Lincoln County                ,4,4,250000,0,0,0,0,0,0,0,0,0,4,4,250000,0,0,0,0,0,0,0,0,0
201011,40,083,3,7,Logan County                  ,0,0,0,0,0,0,0,0,0,0,0,0,0,0,0,0,0,0,0,0,0,0,0,0
201011,40,087,3,7,McClain County                ,5,5,1061700,0,0,0,0,0,0,0,0,0,5,5,1061700,0,0,0,0,0,0,0,0,0
201011,40,099,3,7,Murray County                 ,1,1,180000,0,0,0,0,0,0,0,0,0,1,1,180000,0,0,0,0,0,0,0,0,0
201011,40,109,3,7,Oklahoma County               ,133,133,23050149,2,4,333470,0,0,0,1,5,285477,43,43,9307018,0,0,0,0,0,0,0,0,0
201011,40,111,3,7,Okmulgee County               ,0,0,0,0,0,0,0,0,0,0,0,0,0,0,0,0,0,0,0,0,0,0,0,0
201011,40,113,3,7,Osage County                  ,2,2,135000,0,0,0,0,0,0,0,0,0,2,2,135000,0,0,0,0,0,0,0,0,0
201011,40,117,3,7,Pawnee County                 ,0,0,0,0,0,0,0,0,0,0,0,0,0,0,0,0,0,0,0,0,0,0,0,0
201011,40,131,3,7,Rogers County                 ,15,15,2353692,0,0,0,0,0,0,0,0,0,14,14,2168442,0,0,0,0,0,0,0,0,0
201011,40,143,3,7,Tulsa County                  ,97,97,21031134,4,8,280868,0,0,0,0,0,0,97,97,21031134,4,8,280868,0,0,0,0,0,0
201011,40,145,3,7,Wagoner County                ,12,12,2029092,0,0,0,0,0,0,0,0,0,12,12,2029092,0,0,0,0,0,0,0,0,0
201011,41,000,4,9,Oregon Balance of State       ,7,7,1033929,0,0,0,0,0,0,0,0,0,7,7,1033929,0,0,0,0,0,0,0,0,0
201011,41,001,4,9,Baker County                  ,3,3,464398,0,0,0,0,0,0,0,0,0,3,3,464398,0,0,0,0,0,0,0,0,0
201011,41,005,4,9,Clackamas County              ,29,29,7182492,0,0,0,0,0,0,0,0,0,22,22,5186640,0,0,0,0,0,0,0,0,0
201011,41,009,4,9,Columbia County               ,2,2,561869,0,0,0,0,0,0,0,0,0,2,2,561869,0,0,0,0,0,0,0,0,0
201011,41,017,4,9,Deschutes County              ,29,29,6152616,0,0,0,0,0,0,0,0,0,29,29,6152616,0,0,0,0,0,0,0,0,0
201011,41,019,4,9,Douglas County                ,12,12,2902430,0,0,0,0,0,0,0,0,0,12,12,2902430,0,0,0,0,0,0,0,0,0
201011,41,025,4,9,Harney County                 ,0,0,0,0,0,0,0,0,0,0,0,0,0,0,0,0,0,0,0,0,0,0,0,0
201011,41,033,4,9,Josephine County              ,8,8,1526486,0,0,0,0,0,0,0,0,0,8,8,1526486,0,0,0,0,0,0,0,0,0
201011,41,035,4,9,Klamath County                ,2,2,553536,0,0,0,0,0,0,0,0,0,2,2,553536,0,0,0,0,0,0,0,0,0
201011,41,045,4,9,Malheur County                ,0,0,0,0,0,0,0,0,0,0,0,0,0,0,0,0,0,0,0,0,0,0,0,0
201011,41,051,4,9,Multnomah County              ,43,43,9437339,0,0,0,0,0,0,3,64,3686804,39,39,8606764,0,0,0,0,0,0,1,50,2000963
201011,41,057,4,9,Tillamook County              ,4,4,812819,0,0,0,0,0,0,0,0,0,3,3,673009,0,0,0,0,0,0,0,0,0
201011,41,059,4,9,Umatilla County               ,4,4,984674,0,0,0,0,0,0,0,0,0,4,4,984674,0,0,0,0,0,0,0,0,0
201011,41,061,4,9,Union County                  ,0,0,0,0,0,0,0,0,0,0,0,0,0,0,0,0,0,0,0,0,0,0,0,0
201011,41,067,4,9,Washington County             ,53,53,13326150,0,0,0,0,0,0,1,7,835374,53,53,13326150,0,0,0,0,0,0,1,7,835374
201011,41,071,4,9,Yamhill County                ,17,17,3236373,0,0,0,0,0,0,0,0,0,7,7,1446058,0,0,0,0,0,0,0,0,0
201011,42,001,1,2,Adams County                  ,19,19,4066997,0,0,0,0,0,0,1,22,6200000,19,19,4066997,0,0,0,0,0,0,1,22,6200000
201011,42,003,1,2,Allegheny County              ,137,137,25499124,0,0,0,0,0,0,1,6,1295711,116,116,21521207,0,0,0,0,0,0,0,0,0
201011,42,005,1,2,Armstrong County              ,6,6,1032860,0,0,0,0,0,0,0,0,0,0,0,0,0,0,0,0,0,0,0,0,0
201011,42,007,1,2,Beaver County                 ,13,13,2300065,0,0,0,0,0,0,0,0,0,9,9,1425495,0,0,0,0,0,0,0,0,0
201011,42,017,1,2,Bucks County                  ,22,22,4747182,0,0,0,0,0,0,1,11,737000,13,13,2894494,0,0,0,0,0,0,1,11,737000
201011,42,019,1,2,Butler County                 ,30,30,5852967,0,0,0,1,4,438847,1,5,583565,29,29,5662634,0,0,0,1,4,438847,1,5,583565
201011,42,025,1,2,Carbon County                 ,14,14,2615523,0,0,0,0,0,0,0,0,0,12,12,2401563,0,0,0,0,0,0,0,0,0
201011,42,029,1,2,Chester County                ,55,55,10264647,0,0,0,0,0,0,0,0,0,37,37,6378137,0,0,0,0,0,0,0,0,0
201011,42,045,1,2,Delaware County               ,29,29,6823463,0,0,0,0,0,0,1,5,1481069,11,11,2817154,0,0,0,0,0,0,0,0,0
201011,42,051,1,2,Fayette County                ,18,18,3954933,0,0,0,0,0,0,0,0,0,2,2,350000,0,0,0,0,0,0,0,0,0
201011,42,055,1,2,Franklin County               ,35,35,3799268,1,2,400000,0,0,0,0,0,0,24,24,2796578,1,2,400000,0,0,0,0,0,0
201011,42,065,1,2,Jefferson County              ,7,7,891654,0,0,0,0,0,0,1,24,3950000,7,7,891654,0,0,0,0,0,0,1,24,3950000
201011,42,077,1,2,Lehigh County                 ,19,19,3747686,0,0,0,0,0,0,0,0,0,14,14,2991669,0,0,0,0,0,0,0,0,0
201011,42,091,1,2,Montgomery County             ,48,48,10777345,0,0,0,0,0,0,0,0,60000,30,30,7378829,0,0,0,0,0,0,0,0,60000
201011,42,095,1,2,Northampton County            ,16,16,3122796,0,0,0,1,3,525000,1,6,622200,6,6,1065000,0,0,0,0,0,0,1,6,622200
201011,42,101,1,2,Philadelphia County           ,26,26,5510159,7,14,1050000,2,6,112500,0,0,0,26,26,5510159,7,14,1050000,2,6,112500,0,0,0
201011,42,103,1,2,Pike County                   ,19,19,4749352,0,0,0,0,0,0,0,0,0,17,17,4236244,0,0,0,0,0,0,0,0,0
201011,42,125,1,2,Washington County             ,30,30,5507802,0,0,0,1,3,349003,0,0,0,11,11,2144700,0,0,0,0,0,0,0,0,0
201011,42,129,1,2,Westmoreland County           ,23,23,5151287,0,0,0,0,0,0,0,0,0,12,12,2724046,0,0,0,0,0,0,0,0,0
201011,44,001,1,1,Bristol County                ,1,1,332000,0,0,0,0,0,0,0,0,0,1,1,332000,0,0,0,0,0,0,0,0,0
201011,44,003,1,1,Kent County                   ,5,5,738406,0,0,0,0,0,0,0,0,0,3,3,501700,0,0,0,0,0,0,0,0,0
201011,44,005,1,1,Newport County                ,8,8,1861540,2,4,202500,0,0,0,0,0,0,6,6,1210740,0,0,0,0,0,0,0,0,0
201011,44,007,1,1,Providence County             ,14,14,2171827,1,2,70000,3,9,240000,0,0,0,13,13,2006450,1,2,70000,3,9,240000,0,0,0
201011,44,009,1,1,Washington County             ,23,23,6848675,0,0,0,0,0,0,0,0,0,17,17,6028639,0,0,0,0,0,0,0,0,0
201011,45,003,3,5,Aiken County                  ,44,44,8880984,0,0,0,0,0,0,0,0,0,39,39,8320905,0,0,0,0,0,0,0,0,0
201011,45,009,3,5,Bamberg County                ,1,1,500000,0,0,0,0,0,0,0,0,0,1,1,500000,0,0,0,0,0,0,0,0,0
201011,45,015,3,5,Berkeley County               ,49,49,9865917,0,0,0,0,0,0,0,0,0,43,43,8880231,0,0,0,0,0,0,0,0,0
201011,45,017,3,5,Calhoun County                ,3,3,261000,0,0,0,0,0,0,0,0,0,3,3,261000,0,0,0,0,0,0,0,0,0
201011,45,019,3,5,Charleston County             ,82,82,17268607,0,0,0,0,0,0,1,9,450933,51,51,10540929,0,0,0,0,0,0,0,0,0
201011,45,035,3,5,Dorchester County             ,40,40,10322235,0,0,0,0,0,0,0,0,0,40,40,10322235,0,0,0,0,0,0,0,0,0
201011,45,039,3,5,Fairfield County              ,2,2,231995,0,0,0,0,0,0,0,0,0,0,0,0,0,0,0,0,0,0,0,0,0
201011,45,041,3,5,Florence County               ,16,16,1942309,2,4,203875,0,0,0,0,0,0,0,0,0,0,0,0,0,0,0,0,0,0
201011,45,045,3,5,Greenville County             ,101,101,23270197,0,0,0,0,0,0,0,0,0,100,100,23180203,0,0,0,0,0,0,0,0,0
201011,45,047,3,5,Greenwood County              ,3,3,353581,0,0,0,0,0,0,0,0,0,3,3,353581,0,0,0,0,0,0,0,0,0
201011,45,055,3,5,Kershaw County                ,13,13,1386854,0,0,0,0,0,0,0,0,0,13,13,1386854,0,0,0,0,0,0,0,0,0
201011,45,059,3,5,Laurens County                ,8,8,1112904,0,0,0,0,0,0,0,0,0,8,8,1112904,0,0,0,0,0,0,0,0,0
201011,45,063,3,5,Lexington County              ,73,73,12690199,0,0,0,0,0,0,2,36,3052536,15,15,1872112,0,0,0,0,0,0,1,16,1200000
201011,45,077,3,5,Pickens County                ,11,11,3528674,0,0,0,0,0,0,0,0,0,10,10,3274159,0,0,0,0,0,0,0,0,0
201011,45,079,3,5,Richland County               ,55,55,6635351,0,0,0,0,0,0,1,12,677314,6,6,1033920,0,0,0,0,0,0,0,0,0
201011,45,081,3,5,Saluda County                 ,2,2,214640,0,0,0,0,0,0,0,0,0,2,2,214640,0,0,0,0,0,0,0,0,0
201011,45,085,3,5,Sumter County                 ,10,10,887117,0,0,0,0,0,0,0,0,0,10,10,887117,0,0,0,0,0,0,0,0,0
201011,45,091,3,5,York County                   ,49,49,13904397,0,0,0,0,0,0,0,0,0,49,49,13904397,0,0,0,0,0,0,0,0,0
201011,46,005,2,4,Beadle County                 ,2,2,260198,0,0,0,0,0,0,0,0,0,2,2,260198,0,0,0,0,0,0,0,0,0
201011,46,069,2,4,Hyde County                   ,0,0,0,0,0,0,0,0,0,0,0,0,0,0,0,0,0,0,0,0,0,0,0,0
201011,46,121,2,4,Todd County                   ,0,0,0,0,0,0,0,0,0,0,0,0,0,0,0,0,0,0,0,0,0,0,0,0
201011,47,011,3,6,Bradley County                ,13,13,1607840,1,2,149250,1,4,217020,0,0,0,9,9,1195000,0,0,0,0,0,0,0,0,0
201011,47,015,3,6,Cannon County                 ,0,0,0,0,0,0,0,0,0,0,0,0,0,0,0,0,0,0,0,0,0,0,0,0
201011,47,021,3,6,Cheatham County               ,3,3,210000,0,0,0,0,0,0,0,0,0,3,3,210000,0,0,0,0,0,0,0,0,0
201011,47,037,3,6,Davidson County               ,56,56,10865683,1,2,210702,0,0,0,1,12,980765,55,55,9731350,1,2,210702,0,0,0,1,12,980765
201011,47,039,3,6,Decatur County                ,0,0,0,0,0,0,0,0,0,0,0,0,0,0,0,0,0,0,0,0,0,0,0,0
201011,47,043,3,6,Dickson County                ,6,6,1170825,0,0,0,0,0,0,0,0,0,6,6,1170825,0,0,0,0,0,0,0,0,0
201011,47,047,3,6,Fayette County                ,15,15,4295000,0,0,0,0,0,0,0,0,0,15,15,4295000,0,0,0,0,0,0,0,0,0
201011,47,063,3,6,Hamblen County                ,8,8,2183553,0,0,0,0,0,0,0,0,0,6,6,1979725,0,0,0,0,0,0,0,0,0
201011,47,071,3,6,Hardin County                 ,1,1,89722,0,0,0,0,0,0,0,0,0,0,0,0,0,0,0,0,0,0,0,0,0
201011,47,081,3,6,Hickman County                ,0,0,0,0,0,0,0,0,0,0,0,0,0,0,0,0,0,0,0,0,0,0,0,0
201011,47,091,3,6,Johnson County                ,0,0,0,0,0,0,0,0,0,0,0,0,0,0,0,0,0,0,0,0,0,0,0,0
201011,47,093,3,6,Knox County                   ,46,46,6537244,0,0,0,0,0,0,0,0,0,46,46,6537244,0,0,0,0,0,0,0,0,0
201011,47,111,3,6,Macon County                  ,0,0,0,1,2,24000,0,0,0,0,0,0,0,0,0,1,2,24000,0,0,0,0,0,0
201011,47,113,3,6,Madison County                ,13,13,2334916,0,0,0,0,0,0,0,0,0,3,3,1083150,0,0,0,0,0,0,0,0,0
201011,47,125,3,6,Montgomery County             ,47,47,5953739,0,0,0,1,4,165000,2,20,1045000,25,25,2536200,0,0,0,1,4,165000,2,20,1045000
201011,47,141,3,6,Putnam County                 ,8,8,969334,1,2,213885,2,7,568606,1,6,568057,6,6,623000,0,0,0,0,0,0,0,0,0
201011,47,147,3,6,Robertson County              ,14,14,1760919,0,0,0,0,0,0,0,0,0,12,12,1400671,0,0,0,0,0,0,0,0,0
201011,47,149,3,6,Rutherford County             ,55,55,9229022,0,0,0,0,0,0,0,0,0,50,50,8481636,0,0,0,0,0,0,0,0,0
201011,47,157,3,6,Shelby County                 ,52,52,9803449,0,0,0,0,0,0,1,10,659989,52,52,9803449,0,0,0,0,0,0,1,10,659989
201011,47,159,3,6,Smith County                  ,3,3,520621,0,0,0,0,0,0,0,0,0,3,3,520621,0,0,0,0,0,0,0,0,0
201011,47,165,3,6,Sumner County                 ,31,31,4009752,0,0,0,0,0,0,0,0,0,28,28,3667252,0,0,0,0,0,0,0,0,0
201011,47,167,3,6,Tipton County                 ,4,4,526320,0,0,0,0,0,0,0,0,0,2,2,233880,0,0,0,0,0,0,0,0,0
201011,47,169,3,6,Trousdale County              ,1,1,98000,0,0,0,0,0,0,0,0,0,1,1,98000,0,0,0,0,0,0,0,0,0
201011,47,179,3,6,Washington County             ,16,16,2686365,0,0,0,0,0,0,0,0,0,16,16,2686365,0,0,0,0,0,0,0,0,0
201011,47,187,3,6,Williamson County             ,32,32,8930542,0,0,0,0,0,0,0,0,0,32,32,8930542,0,0,0,0,0,0,0,0,0
201011,47,189,3,6,Wilson County                 ,28,28,4520670,0,0,0,1,3,322000,0,0,0,15,15,2301732,0,0,0,0,0,0,0,0,0
201011,48,013,3,7,Atascosa County               ,1,1,107000,0,0,0,0,0,0,0,0,0,1,1,107000,0,0,0,0,0,0,0,0,0
201011,48,015,3,7,Austin County                 ,2,2,200000,0,0,0,0,0,0,0,0,0,2,2,200000,0,0,0,0,0,0,0,0,0
201011,48,019,3,7,Bandera County                ,0,0,0,0,0,0,0,0,0,0,0,0,0,0,0,0,0,0,0,0,0,0,0,0
201011,48,021,3,7,Bastrop County                ,1,1,70000,0,0,0,0,0,0,0,0,0,1,1,70000,0,0,0,0,0,0,0,0,0
201011,48,029,3,7,Bexar County                  ,164,164,29232805,0,0,0,4,16,419440,3,53,4988795,150,150,26625968,0,0,0,4,16,419440,2,48,3923060
201011,48,039,3,7,Brazoria County               ,154,154,25038515,0,0,0,0,0,0,0,0,0,153,153,24862178,0,0,0,0,0,0,0,0,0
201011,48,041,3,7,Brazos County                 ,64,64,7748014,0,0,0,0,0,0,6,95,9260068,64,64,7748014,0,0,0,0,0,0,6,95,9260068
201011,48,055,3,7,Caldwell County               ,1,1,179476,1,2,137930,9,27,1862070,0,0,0,0,0,0,1,2,137930,9,27,1862070,0,0,0
201011,48,063,3,7,Camp County                   ,0,0,0,0,0,0,0,0,0,0,0,0,0,0,0,0,0,0,0,0,0,0,0,0
201011,48,071,3,7,Chambers County               ,11,11,1780690,0,0,0,0,0,0,1,9,592105,9,9,1448322,0,0,0,0,0,0,0,0,0
201011,48,085,3,7,Collin County                 ,281,281,75573245,0,0,0,1,3,277500,0,0,0,262,262,70394635,0,0,0,0,0,0,0,0,0
201011,48,091,3,7,Comal County                  ,60,60,12802269,0,0,0,0,0,0,0,0,0,38,38,9761525,0,0,0,0,0,0,0,0,0
201011,48,113,3,7,Dallas County                 ,197,197,51425378,0,0,0,1,4,525000,26,594,43792193,185,185,47528247,0,0,0,1,4,525000,25,584,43313344
201011,48,117,3,7,Deaf Smith County             ,0,0,0,0,0,0,0,0,0,0,0,0,0,0,0,0,0,0,0,0,0,0,0,0
201011,48,119,3,7,Delta County                  ,0,0,0,0,0,0,0,0,0,0,0,0,0,0,0,0,0,0,0,0,0,0,0,0
201011,48,121,3,7,Denton County                 ,102,102,29062900,1,2,506635,0,0,0,1,5,267778,83,83,23950083,1,2,506635,0,0,0,0,0,0
201011,48,133,3,7,Eastland County               ,0,0,0,0,0,0,0,0,0,0,0,0,0,0,0,0,0,0,0,0,0,0,0,0
201011,48,135,3,7,Ector County                  ,27,27,4451586,0,0,0,0,0,0,0,0,0,27,27,4451586,0,0,0,0,0,0,0,0,0
201011,48,139,3,7,Ellis County                  ,39,39,5631050,0,0,0,0,0,0,0,0,0,39,39,5631050,0,0,0,0,0,0,0,0,0
201011,48,157,3,7,Fort Bend County              ,304,304,55314915,0,0,0,0,0,0,0,0,0,303,303,55141371,0,0,0,0,0,0,0,0,0
201011,48,167,3,7,Galveston County              ,105,105,20664739,1,2,137000,0,0,0,1,16,793651,95,95,19274130,0,0,0,0,0,0,0,0,0
201011,48,187,3,7,Guadalupe County              ,49,49,8825869,0,0,0,0,0,0,0,0,0,47,47,8531930,0,0,0,0,0,0,0,0,0
201011,48,201,3,7,Harris County                 ,576,576,108461750,2,4,770040,0,0,0,25,315,20893216,563,563,103308266,2,4,770040,0,0,0,25,315,20893216
201011,48,209,3,7,Hays County                   ,48,48,7059606,0,0,0,0,0,0,1,6,359745,25,25,3106441,0,0,0,0,0,0,0,0,0
201011,48,215,3,7,Hidalgo County                ,208,208,30945754,0,0,0,5,19,1709055,2,12,980764,202,202,30609316,0,0,0,5,19,1709055,2,12,980764
201011,48,231,3,7,Hunt County                   ,2,2,150000,0,0,0,0,0,0,0,0,0,2,2,150000,0,0,0,0,0,0,0,0,0
201011,48,233,3,7,Hutchinson County             ,0,0,0,0,0,0,0,0,0,0,0,0,0,0,0,0,0,0,0,0,0,0,0,0
201011,48,251,3,7,Johnson County                ,31,31,4259947,0,0,0,0,0,0,0,0,0,4,4,316000,0,0,0,0,0,0,0,0,0
201011,48,257,3,7,Kaufman County                ,15,15,2569445,0,0,0,0,0,0,0,0,0,14,14,2417610,0,0,0,0,0,0,0,0,0
201011,48,259,3,7,Kendall County                ,15,15,3091772,0,0,0,0,0,0,0,0,0,9,9,1808010,0,0,0,0,0,0,0,0,0
201011,48,271,3,7,Kinney County                 ,0,0,0,0,0,0,0,0,0,0,0,0,0,0,0,0,0,0,0,0,0,0,0,0
201011,48,291,3,7,Liberty County                ,13,13,1355784,0,0,0,0,0,0,0,0,0,12,12,1228174,0,0,0,0,0,0,0,0,0
201011,48,307,3,7,McCulloch County              ,0,0,0,0,0,0,0,0,0,0,0,0,0,0,0,0,0,0,0,0,0,0,0,0
201011,48,323,3,7,Maverick County               ,3,3,215395,0,0,0,0,0,0,1,12,250000,3,3,215395,0,0,0,0,0,0,1,12,250000
201011,48,325,3,7,Medina County                 ,2,2,277826,0,0,0,0,0,0,0,0,0,2,2,277826,0,0,0,0,0,0,0,0,0
201011,48,329,3,7,Midland County                ,34,34,6292480,0,0,0,0,0,0,0,0,0,34,34,6292480,0,0,0,0,0,0,0,0,0
201011,48,339,3,7,Montgomery County             ,207,207,41371575,0,0,0,0,0,0,0,0,0,204,204,41005136,0,0,0,0,0,0,0,0,0
201011,48,353,3,7,Nolan County                  ,1,1,400000,0,0,0,0,0,0,0,0,0,1,1,400000,0,0,0,0,0,0,0,0,0
201011,48,359,3,7,Oldham County                 ,0,0,0,0,0,0,0,0,0,0,0,0,0,0,0,0,0,0,0,0,0,0,0,0
201011,48,367,3,7,Parker County                 ,4,4,1030401,0,0,0,0,0,0,0,0,0,4,4,1030401,0,0,0,0,0,0,0,0,0
201011,48,375,3,7,Potter County                 ,36,36,8684677,0,0,0,0,0,0,0,0,0,0,0,0,0,0,0,0,0,0,0,0,0
201011,48,383,3,7,Reagan County                 ,0,0,0,0,0,0,0,0,0,0,0,0,0,0,0,0,0,0,0,0,0,0,0,0
201011,48,385,3,7,Real County                   ,0,0,0,0,0,0,0,0,0,0,0,0,0,0,0,0,0,0,0,0,0,0,0,0
201011,48,397,3,7,Rockwall County               ,32,32,6130525,0,0,0,0,0,0,0,0,0,32,32,6130525,0,0,0,0,0,0,0,0,0
201011,48,407,3,7,San Jacinto County            ,0,0,0,0,0,0,0,0,0,0,0,0,0,0,0,0,0,0,0,0,0,0,0,0
201011,48,435,3,7,Sutton County                 ,0,0,0,0,0,0,0,0,0,0,0,0,0,0,0,0,0,0,0,0,0,0,0,0
201011,48,437,3,7,Swisher County                ,0,0,0,0,0,0,0,0,0,0,0,0,0,0,0,0,0,0,0,0,0,0,0,0
201011,48,439,3,7,Tarrant County                ,230,230,44113695,2,4,428266,0,0,0,2,63,6986446,204,204,37552411,1,2,261828,0,0,0,1,51,5713982
201011,48,451,3,7,Tom Green County              ,10,10,1545090,0,0,0,0,0,0,0,0,0,10,10,1545090,0,0,0,0,0,0,0,0,0
201011,48,453,3,7,Travis County                 ,175,175,38373760,5,10,1086000,0,0,0,5,155,9929723,170,170,37465639,5,10,1086000,0,0,0,5,155,9929723
201011,48,463,3,7,Uvalde County                 ,1,1,140000,0,0,0,0,0,0,0,0,0,1,1,140000,0,0,0,0,0,0,0,0,0
201011,48,469,3,7,Victoria County               ,3,3,465344,0,0,0,0,0,0,0,0,0,0,0,0,0,0,0,0,0,0,0,0,0
201011,48,471,3,7,Walker County                 ,2,2,302382,0,0,0,0,0,0,0,0,0,2,2,302382,0,0,0,0,0,0,0,0,0
201011,48,473,3,7,Waller County                 ,3,3,387715,0,0,0,0,0,0,1,5,110903,2,2,298000,0,0,0,0,0,0,0,0,0
201011,48,479,3,7,Webb County                   ,49,49,7225825,0,0,0,0,0,0,0,0,0,49,49,7225825,0,0,0,0,0,0,0,0,0
201011,48,491,3,7,Williamson County             ,121,121,22626372,0,0,0,0,0,0,0,0,0,106,106,21054026,0,0,0,0,0,0,0,0,0
201011,48,493,3,7,Wilson County                 ,2,2,324403,0,0,0,1,3,241771,0,0,0,1,1,175562,0,0,0,0,0,0,0,0,0
201011,48,497,3,7,Wise County                   ,1,1,141505,0,0,0,0,0,0,0,0,0,1,1,141505,0,0,0,0,0,0,0,0,0
201011,49,009,4,8,Daggett County                ,1,1,122451,0,0,0,0,0,0,0,0,0,0,0,0,0,0,0,0,0,0,0,0,0
201011,49,019,4,8,Grand County                  ,6,6,1618795,0,0,0,0,0,0,0,0,0,6,6,1618795,0,0,0,0,0,0,0,0,0
201011,49,021,4,8,Iron County                   ,7,7,1211638,0,0,0,0,0,0,1,5,355238,3,3,385845,0,0,0,0,0,0,0,0,0
201011,49,033,4,8,Rich County                   ,3,3,458477,0,0,0,0,0,0,0,0,0,1,1,250000,0,0,0,0,0,0,0,0,0
201011,49,035,4,8,Salt Lake County              ,89,89,19415082,1,2,244925,1,3,383925,7,184,19061886,72,72,17259280,1,2,244925,1,3,383925,2,107,10247853
201011,49,039,4,8,Sanpete County                ,3,3,374894,0,0,0,0,0,0,0,0,0,3,3,374894,0,0,0,0,0,0,0,0,0
201011,49,043,4,8,Summit County                 ,5,5,3428814,2,4,442400,17,68,7491900,2,80,10194000,5,5,3428814,2,4,442400,17,68,7491900,2,80,10194000
201011,49,045,4,8,Tooele County                 ,11,11,1490666,0,0,0,0,0,0,0,0,0,11,11,1490666,0,0,0,0,0,0,0,0,0
201011,49,051,4,8,Wasatch County                ,5,5,1529420,0,0,0,0,0,0,0,0,0,5,5,1529420,0,0,0,0,0,0,0,0,0
201011,51,003,3,5,Albemarle County              ,8,8,3075527,0,0,0,0,0,0,0,0,0,8,8,3075527,0,0,0,0,0,0,0,0,0
201011,51,007,3,5,Amelia County                 ,1,1,130860,0,0,0,0,0,0,0,0,0,1,1,130860,0,0,0,0,0,0,0,0,0
201011,51,013,3,5,Arlington County              ,9,9,5283000,0,0,0,0,0,0,0,0,0,9,9,5283000,0,0,0,0,0,0,0,0,0
201011,51,015,3,5,Augusta County                ,7,7,1330000,0,0,0,0,0,0,0,0,0,7,7,1330000,0,0,0,0,0,0,0,0,0
201011,51,019,3,5,Bedford County                ,10,10,2449905,0,0,0,0,0,0,0,0,0,10,10,2449905,0,0,0,0,0,0,0,0,0
201011,51,023,3,5,Botetourt County              ,3,3,580000,0,0,0,0,0,0,0,0,0,3,3,580000,0,0,0,0,0,0,0,0,0
201011,51,031,3,5,Campbell County               ,6,6,2426500,0,0,0,0,0,0,0,0,0,6,6,2426500,0,0,0,0,0,0,0,0,0
201011,51,033,3,5,Caroline County               ,5,5,1095500,0,0,0,0,0,0,0,0,0,5,5,1095500,0,0,0,0,0,0,0,0,0
201011,51,036,3,5,Charles City County           ,1,1,122374,0,0,0,0,0,0,0,0,0,0,0,0,0,0,0,0,0,0,0,0,0
201011,51,037,3,5,Charlotte County              ,3,3,149000,0,0,0,0,0,0,0,0,0,3,3,149000,0,0,0,0,0,0,0,0,0
201011,51,041,3,5,Chesterfield County           ,24,24,4164965,0,0,0,1,4,544000,0,0,0,24,24,4164965,0,0,0,1,4,544000,0,0,0
201011,51,043,3,5,Clarke County                 ,2,2,470000,0,0,0,0,0,0,0,0,0,2,2,470000,0,0,0,0,0,0,0,0,0
201011,51,049,3,5,Cumberland County             ,2,2,892325,0,0,0,0,0,0,0,0,0,2,2,892325,0,0,0,0,0,0,0,0,0
201011,51,053,3,5,Dinwiddie County              ,8,8,999722,0,0,0,0,0,0,0,0,0,0,0,0,0,0,0,0,0,0,0,0,0
201011,51,059,3,5,Fairfax County                ,57,57,9862711,0,0,0,0,0,0,0,0,0,57,57,9862711,0,0,0,0,0,0,0,0,0
201011,51,061,3,5,Fauquier County               ,7,7,1240000,0,0,0,0,0,0,0,0,0,7,7,1240000,0,0,0,0,0,0,0,0,0
201011,51,065,3,5,Fluvanna County               ,5,5,1193680,0,0,0,0,0,0,0,0,0,5,5,1193680,0,0,0,0,0,0,0,0,0
201011,51,067,3,5,Franklin County               ,11,11,2403600,0,0,0,0,0,0,0,0,0,11,11,2403600,0,0,0,0,0,0,0,0,0
201011,51,069,3,5,Frederick County              ,22,22,4164900,0,0,0,0,0,0,0,0,0,22,22,4164900,0,0,0,0,0,0,0,0,0
201011,51,073,3,5,Gloucester County             ,0,0,0,0,0,0,0,0,0,0,0,0,0,0,0,0,0,0,0,0,0,0,0,0
201011,51,075,3,5,Goochland County              ,4,4,697683,0,0,0,0,0,0,0,0,0,4,4,697683,0,0,0,0,0,0,0,0,0
201011,51,079,3,5,Greene County                 ,6,6,1304000,0,0,0,0,0,0,0,0,0,6,6,1304000,0,0,0,0,0,0,0,0,0
201011,51,085,3,5,Hanover County                ,15,15,2153995,0,0,0,0,0,0,0,0,0,15,15,2153995,0,0,0,0,0,0,0,0,0
201011,51,087,3,5,Henrico County                ,19,19,3297264,0,0,0,0,0,0,0,0,0,19,19,3297264,0,0,0,0,0,0,0,0,0
201011,51,093,3,5,Isle of Wight County          ,5,5,805000,0,0,0,0,0,0,0,0,0,5,5,805000,0,0,0,0,0,0,0,0,0
201011,51,095,3,5,James City County             ,38,38,6594528,0,0,0,0,0,0,0,0,0,38,38,6594528,0,0,0,0,0,0,0,0,0
201011,51,097,3,5,King and Queen County         ,2,2,206000,0,0,0,0,0,0,0,0,0,2,2,206000,0,0,0,0,0,0,0,0,0
201011,51,099,3,5,King George County            ,2,2,351123,0,0,0,0,0,0,0,0,0,2,2,351123,0,0,0,0,0,0,0,0,0
201011,51,101,3,5,King William County           ,1,1,85850,0,0,0,0,0,0,0,0,0,1,1,85850,0,0,0,0,0,0,0,0,0
201011,51,107,3,5,Loudoun County                ,132,132,22907307,0,0,0,0,0,0,3,24,1961530,132,132,22907307,0,0,0,0,0,0,3,24,1961530
201011,51,109,3,5,Louisa County                 ,7,7,1002500,0,0,0,0,0,0,0,0,0,7,7,1002500,0,0,0,0,0,0,0,0,0
201011,51,115,3,5,Mathews County                ,0,0,0,0,0,0,0,0,0,0,0,0,0,0,0,0,0,0,0,0,0,0,0,0
201011,51,119,3,5,Middlesex County              ,3,3,409238,0,0,0,0,0,0,0,0,0,3,3,409238,0,0,0,0,0,0,0,0,0
201011,51,127,3,5,New Kent County               ,12,12,2082482,0,0,0,0,0,0,0,0,0,12,12,2082482,0,0,0,0,0,0,0,0,0
201011,51,137,3,5,Orange County                 ,4,4,680000,0,0,0,0,0,0,0,0,0,4,4,680000,0,0,0,0,0,0,0,0,0
201011,51,143,3,5,Pittsylvania County           ,4,4,496765,0,0,0,0,0,0,0,0,0,0,0,0,0,0,0,0,0,0,0,0,0
201011,51,145,3,5,Powhatan County               ,6,6,1247373,0,0,0,0,0,0,0,0,0,6,6,1247373,0,0,0,0,0,0,0,0,0
201011,51,149,3,5,Prince George County          ,2,2,347080,0,0,0,0,0,0,0,0,0,2,2,347080,0,0,0,0,0,0,0,0,0
201011,51,153,3,5,Prince William County         ,93,93,17519000,0,0,0,0,0,0,0,0,0,93,93,17519000,0,0,0,0,0,0,0,0,0
201011,51,157,3,5,Rappahannock County           ,1,1,290384,0,0,0,0,0,0,0,0,0,0,0,0,0,0,0,0,0,0,0,0,0
201011,51,161,3,5,Roanoke County                ,12,12,1823244,0,0,0,0,0,0,0,0,0,12,12,1823244,0,0,0,0,0,0,0,0,0
201011,51,163,3,5,Rockbridge County             ,5,5,650000,0,0,0,0,0,0,0,0,0,5,5,650000,0,0,0,0,0,0,0,0,0
201011,51,165,3,5,Rockingham County             ,19,19,3071768,0,0,0,0,0,0,0,0,0,0,0,0,0,0,0,0,0,0,0,0,0
201011,51,169,3,5,Scott County                  ,2,2,258087,0,0,0,0,0,0,0,0,0,0,0,0,0,0,0,0,0,0,0,0,0
201011,51,171,3,5,Shenandoah County             ,5,5,652000,0,0,0,0,0,0,0,0,0,5,5,652000,0,0,0,0,0,0,0,0,0
201011,51,177,3,5,Spotsylvania County           ,17,17,3920227,0,0,0,0,0,0,0,0,0,0,0,0,0,0,0,0,0,0,0,0,0
201011,51,179,3,5,Stafford County               ,18,18,3123724,0,0,0,0,0,0,0,0,0,18,18,3123724,0,0,0,0,0,0,0,0,0
201011,51,181,3,5,Surry County                  ,2,2,227807,0,0,0,0,0,0,0,0,0,0,0,0,0,0,0,0,0,0,0,0,0
201011,51,183,3,5,Sussex County                 ,2,2,269200,0,0,0,0,0,0,0,0,0,0,0,0,0,0,0,0,0,0,0,0,0
201011,51,187,3,5,Warren County                 ,5,5,705000,0,0,0,0,0,0,0,0,0,5,5,705000,0,0,0,0,0,0,0,0,0
201011,51,199,3,5,York County                   ,4,4,1100193,0,0,0,0,0,0,0,0,0,4,4,1100193,0,0,0,0,0,0,0,0,0
201011,51,510,3,5,Alexandria (Independent City) ,2,2,486366,0,0,0,0,0,0,1,10,1489927,0,0,0,0,0,0,0,0,0,0,0,0
201011,51,530,3,5,Buena Vista (Independent City),0,0,0,0,0,0,0,0,0,0,0,0,0,0,0,0,0,0,0,0,0,0,0,0
201011,51,550,3,5,Chesapeake(Independent City)  ,70,70,12147814,0,0,0,0,0,0,6,135,6232625,70,70,12147814,0,0,0,0,0,0,6,135,6232625
201011,51,570,3,5,Colonial Heights (Independent ,1,1,160000,0,0,0,0,0,0,0,0,0,1,1,160000,0,0,0,0,0,0,0,0,0
201011,51,580,3,5,Covington (Independent City)  ,0,0,0,0,0,0,0,0,0,0,0,0,0,0,0,0,0,0,0,0,0,0,0,0
201011,51,600,3,5,Fairfax (Independent City)    ,2,2,442590,0,0,0,0,0,0,0,0,0,2,2,442590,0,0,0,0,0,0,0,0,0
201011,51,610,3,5,Falls Church (Independent City,1,1,220000,0,0,0,0,0,0,0,0,0,1,1,220000,0,0,0,0,0,0,0,0,0
201011,51,630,3,5,Fredericksburg(Independent Cit,5,5,680000,0,0,0,0,0,0,0,0,0,5,5,680000,0,0,0,0,0,0,0,0,0
201011,51,650,3,5,Hampton (Independent City)    ,9,9,2036951,0,0,0,0,0,0,2,35,1508347,0,0,0,0,0,0,0,0,0,0,0,0
201011,51,660,3,5,Harrisonburg (Independent City,11,11,910977,1,2,125000,0,0,0,1,8,512331,0,0,0,0,0,0,0,0,0,0,0,0
201011,51,670,3,5,Hopewell (Independent City)   ,0,0,0,0,0,0,0,0,0,0,0,0,0,0,0,0,0,0,0,0,0,0,0,0
201011,51,680,3,5,Lynchburg (Independent City)  ,17,17,2412780,0,0,0,0,0,0,0,0,0,17,17,2412780,0,0,0,0,0,0,0,0,0
201011,51,683,3,5,Manassas (Independent City)   ,3,3,341499,0,0,0,0,0,0,0,0,0,0,0,0,0,0,0,0,0,0,0,0,0
201011,51,685,3,5,Manassas Park (Independent Cit,0,0,0,0,0,0,0,0,0,0,0,0,0,0,0,0,0,0,0,0,0,0,0,0
201011,51,700,3,5,Newport News (Independent City,3,3,352911,0,0,0,0,0,0,1,21,803860,3,3,352911,0,0,0,0,0,0,1,21,803860
201011,51,710,3,5,Norfolk (Independent City)    ,8,8,1388322,4,8,703240,0,0,0,0,0,0,8,8,1388322,4,8,703240,0,0,0,0,0,0
201011,51,730,3,5,Petersburg (Independent City) ,3,3,271298,0,0,0,1,4,357143,1,11,331768,0,0,0,0,0,0,0,0,0,0,0,0
201011,51,735,3,5,Poquoson (Independent City)   ,1,1,650000,0,0,0,0,0,0,0,0,0,1,1,650000,0,0,0,0,0,0,0,0,0
201011,51,740,3,5,Portsmouth (Independent City) ,8,8,1388322,0,0,0,0,0,0,0,0,0,8,8,1388322,0,0,0,0,0,0,0,0,0
201011,51,760,3,5,Richmond (Independent City)   ,9,9,1788199,0,0,0,0,0,0,1,21,2000000,9,9,1788199,0,0,0,0,0,0,1,21,2000000
201011,51,770,3,5,Roanoke (Independent City)    ,3,3,951815,0,0,0,0,0,0,0,0,0,3,3,951815,0,0,0,0,0,0,0,0,0
201011,51,800,3,5,Suffolk (Independent City)    ,26,26,4512045,0,0,0,0,0,0,0,0,0,26,26,4512045,0,0,0,0,0,0,0,0,0
201011,51,810,3,5,Virginia Beach (Independent Ci,41,41,6734218,0,0,0,0,0,0,0,0,0,41,41,6734218,0,0,0,0,0,0,0,0,0
201011,51,830,3,5,Williamsburg (Independent City,9,9,1600000,0,0,0,0,0,0,0,0,0,9,9,1600000,0,0,0,0,0,0,0,0,0
201011,53,011,4,9,Clark County                  ,61,61,15392468,0,0,0,0,0,0,0,0,0,61,61,15392468,0,0,0,0,0,0,0,0,0
201011,53,033,4,9,King County                   ,136,136,35881053,2,4,697796,4,15,1980720,6,252,30786597,111,111,29038363,2,4,697796,3,12,1496720,3,234,28739937
201011,53,041,4,9,Lewis County                  ,1,1,89664,0,0,0,0,0,0,0,0,0,1,1,89664,0,0,0,0,0,0,0,0,0
201011,53,053,4,9,Pierce County                 ,129,129,32606744,0,0,0,1,3,423215,0,0,0,128,128,32189044,0,0,0,1,3,423215,0,0,0
201011,53,059,4,9,Skamania County               ,0,0,0,0,0,0,0,0,0,0,0,0,0,0,0,0,0,0,0,0,0,0,0,0
201011,53,061,4,9,Snohomish County              ,147,147,31818906,0,0,0,2,8,1222675,1,12,852710,142,142,30910071,0,0,0,2,8,1222675,0,0,0
201011,54,037,3,5,Jefferson County              ,7,7,1841000,0,0,0,0,0,0,0,0,0,7,7,1841000,0,0,0,0,0,0,0,0,0
201011,55,021,2,3,Columbia County               ,4,4,527760,0,0,0,0,0,0,0,0,0,4,4,527760,0,0,0,0,0,0,0,0,0
201011,55,025,2,3,Dane County                   ,36,36,8122115,0,0,0,0,0,0,1,35,3723165,16,16,4020101,0,0,0,0,0,0,0,0,0
201011,55,031,2,3,Douglas County                ,10,10,1085665,0,0,0,0,0,0,0,0,0,10,10,1085665,0,0,0,0,0,0,0,0,0
201011,55,037,2,3,Florence County               ,1,1,51925,0,0,0,0,0,0,0,0,0,0,0,0,0,0,0,0,0,0,0,0,0
201011,55,049,2,3,Iowa County                   ,8,8,1359400,0,0,0,0,0,0,0,0,0,8,8,1359400,0,0,0,0,0,0,0,0,0
201011,55,059,2,3,Kenosha County                ,10,10,1682650,0,0,0,0,0,0,0,0,0,10,10,1682650,0,0,0,0,0,0,0,0,0
201011,55,079,2,3,Milwaukee County              ,9,9,1322000,0,0,0,0,0,0,3,213,15828501,9,9,1322000,0,0,0,0,0,0,3,213,15828501
201011,55,089,2,3,Ozaukee County                ,11,11,2930529,0,0,0,0,0,0,0,0,0,7,7,1523437,0,0,0,0,0,0,0,0,0
201011,55,093,2,3,Pierce County                 ,3,3,625000,1,2,160000,0,0,0,1,12,1500000,3,3,625000,1,2,160000,0,0,0,1,12,1500000
201011,55,109,2,3,St. Croix County              ,15,15,3464750,0,0,0,0,0,0,0,0,0,15,15,3464750,0,0,0,0,0,0,0,0,0
201011,55,113,2,3,Sawyer County                 ,6,6,1251800,0,0,0,0,0,0,0,0,0,6,6,1251800,0,0,0,0,0,0,0,0,0
201011,55,131,2,3,Washington County             ,8,8,1678012,0,0,0,0,0,0,0,0,0,3,3,540000,0,0,0,0,0,0,0,0,0
201011,55,133,2,3,Waukesha County               ,39,39,14322764,0,0,0,0,0,0,1,39,1750000,34,34,12174711,0,0,0,0,0,0,1,39,1750000
201011,56,019,4,8,Johnson County                ,0,0,0,0,0,0,0,0,0,0,0,0,0,0,0,0,0,0,0,0,0,0,0,0
201011,56,039,4,8,Teton County                  ,5,5,2925109,0,0,0,0,0,0,1,5,428316,4,4,2722000,0,0,0,0,0,0,0,0,0
