Survey,FIPS,FIPS,Region,Division,County,,1-unit,,,2-units,,,3-4 units,,,5+ units,,,1-unit rep,,,2-units rep,,,3-4 units rep,,, 5+units rep
Date,State,County,Code,Code,Name,Bldgs,Units,Value,Bldgs,Units,Value,Bldgs,Units,Value,Bldgs,Units,Value,Bldgs,Units,Value,Bldgs,Units,Value,Bldgs,Units,Value,Bldgs,Units,Value
 
201003,01,001,3,6,Autauga County                ,20,20,3218295,0,0,0,0,0,0,0,0,0,20,20,3218295,0,0,0,0,0,0,0,0,0
201003,01,007,3,6,Bibb County                   ,0,0,0,0,0,0,0,0,0,0,0,0,0,0,0,0,0,0,0,0,0,0,0,0
201003,01,009,3,6,Blount County                 ,0,0,0,0,0,0,0,0,0,0,0,0,0,0,0,0,0,0,0,0,0,0,0,0
201003,01,021,3,6,Chilton County                ,1,1,250000,0,0,0,0,0,0,0,0,0,1,1,250000,0,0,0,0,0,0,0,0,0
201003,01,037,3,6,Coosa County                  ,0,0,0,0,0,0,0,0,0,0,0,0,0,0,0,0,0,0,0,0,0,0,0,0
201003,01,073,3,6,Jefferson County              ,91,91,18824070,0,0,0,1,4,273599,2,39,4429055,48,48,9463429,0,0,0,1,4,273599,0,0,0
201003,01,081,3,6,Lee County                    ,86,86,16659959,0,0,0,0,0,0,0,0,0,86,86,16659959,0,0,0,0,0,0,0,0,0
201003,01,115,3,6,St. Clair County              ,9,9,854758,0,0,0,0,0,0,0,0,0,9,9,854758,0,0,0,0,0,0,0,0,0
201003,01,117,3,6,Shelby County                 ,70,70,11720708,0,0,0,0,0,0,0,0,0,41,41,5752485,0,0,0,0,0,0,0,0,0
201003,01,127,3,6,Walker County                 ,1,1,160000,0,0,0,0,0,0,0,0,0,1,1,160000,0,0,0,0,0,0,0,0,0
201003,02,000,4,9,Alaska Balance of State       ,3,3,522697,0,0,0,0,0,0,0,0,0,0,0,0,0,0,0,0,0,0,0,0,0
201003,02,013,4,9,Aleutians East Borough        ,0,0,0,0,0,0,0,0,0,0,0,0,0,0,0,0,0,0,0,0,0,0,0,0
201003,02,016,4,9,Aleutians West Census Area    ,1,1,98110,0,0,0,0,0,0,0,0,0,0,0,0,0,0,0,0,0,0,0,0,0
201003,02,020,4,9,Anchorage Borough             ,19,19,5609736,0,0,0,0,0,0,0,0,0,19,19,5609736,0,0,0,0,0,0,0,0,0
201003,02,050,4,9,Bethel Census Area            ,0,0,0,0,0,0,0,0,0,0,0,0,0,0,0,0,0,0,0,0,0,0,0,0
201003,02,060,4,9,Bristol Bay Borough           ,0,0,0,0,0,0,0,0,0,0,0,0,0,0,0,0,0,0,0,0,0,0,0,0
201003,02,090,4,9,Fairbanks North Star Borough  ,4,4,742953,0,0,0,0,0,0,0,0,0,0,0,0,0,0,0,0,0,0,0,0,0
201003,02,100,4,9,Haines Borough                ,0,0,0,0,0,0,0,0,0,0,0,0,0,0,0,0,0,0,0,0,0,0,0,0
201003,02,110,4,9,Juneau Borough                ,0,0,0,0,0,0,0,0,0,0,0,0,0,0,0,0,0,0,0,0,0,0,0,0
201003,02,122,4,9,Kenai Peninsula Borough       ,3,3,733333,0,0,0,0,0,0,0,0,0,2,2,450000,0,0,0,0,0,0,0,0,0
201003,02,130,4,9,Ketchikan Gateway Borough     ,0,0,0,0,0,0,0,0,0,0,0,0,0,0,0,0,0,0,0,0,0,0,0,0
201003,02,150,4,9,Kodiak Island Borough         ,0,0,0,0,0,0,0,0,0,0,0,0,0,0,0,0,0,0,0,0,0,0,0,0
201003,02,170,4,9,Matanuska-Susitna Borough     ,4,4,651384,1,2,316000,0,0,0,0,0,0,0,0,0,1,2,316000,0,0,0,0,0,0
201003,02,180,4,9,Nome Census Area              ,0,0,0,0,0,0,0,0,0,0,0,0,0,0,0,0,0,0,0,0,0,0,0,0
201003,02,185,4,9,North Slope Borough           ,8,8,1832222,0,0,0,0,0,0,0,0,0,8,8,1832222,0,0,0,0,0,0,0,0,0
201003,02,188,4,9,Northwest Arctic Borough      ,0,0,0,0,0,0,0,0,0,0,0,0,0,0,0,0,0,0,0,0,0,0,0,0
201003,02,201,4,9,Prince of Wales-Outer Ketchika,0,0,0,0,0,0,0,0,0,0,0,0,0,0,0,0,0,0,0,0,0,0,0,0
201003,02,220,4,9,Sitka Borough                 ,0,0,0,0,0,0,0,0,0,0,0,0,0,0,0,0,0,0,0,0,0,0,0,0
201003,02,232,4,9,Skagway-Hoonah-Angoon Census A,1,1,229028,0,0,0,0,0,0,0,0,0,1,1,229028,0,0,0,0,0,0,0,0,0
201003,02,261,4,9,Valdez-Cordova Census Area    ,1,1,100000,0,0,0,0,0,0,0,0,0,1,1,100000,0,0,0,0,0,0,0,0,0
201003,02,280,4,9,Wrangell-Petersburg Census Are,0,0,0,0,0,0,0,0,0,0,0,0,0,0,0,0,0,0,0,0,0,0,0,0
201003,02,282,4,9,Yakutat Borough               ,0,0,0,0,0,0,0,0,0,0,0,0,0,0,0,0,0,0,0,0,0,0,0,0
201003,02,290,4,9,Yukon-Koyukuk Census Area     ,0,0,0,0,0,0,0,0,0,0,0,0,0,0,0,0,0,0,0,0,0,0,0,0
201003,04,013,4,8,Maricopa County               ,769,769,169988041,2,4,977555,0,0,0,2,168,8597542,769,769,169988041,2,4,977555,0,0,0,2,168,8597542
201003,04,019,4,8,Pima County                   ,211,211,46042497,1,2,209810,0,0,0,1,14,897074,75,75,18563963,0,0,0,0,0,0,0,0,0
201003,04,021,4,8,Pinal County                  ,230,230,30723515,0,0,0,0,0,0,0,0,0,182,182,24622959,0,0,0,0,0,0,0,0,0
201003,05,023,3,7,Cleburne County               ,2,2,85000,0,0,0,0,0,0,0,0,0,2,2,85000,0,0,0,0,0,0,0,0,0
201003,05,025,3,7,Cleveland County              ,0,0,0,0,0,0,0,0,0,0,0,0,0,0,0,0,0,0,0,0,0,0,0,0
201003,05,027,3,7,Columbia County               ,1,1,214327,0,0,0,0,0,0,0,0,0,0,0,0,0,0,0,0,0,0,0,0,0
201003,05,035,3,7,Crittenden County             ,3,3,790000,0,0,0,0,0,0,0,0,0,3,3,790000,0,0,0,0,0,0,0,0,0
201003,05,059,3,7,Hot Spring County             ,0,0,0,0,0,0,0,0,0,0,0,0,0,0,0,0,0,0,0,0,0,0,0,0
201003,05,061,3,7,Howard County                 ,0,0,0,0,0,0,0,0,0,0,0,0,0,0,0,0,0,0,0,0,0,0,0,0
201003,05,099,3,7,Nevada County                 ,0,0,0,0,0,0,0,0,0,0,0,0,0,0,0,0,0,0,0,0,0,0,0,0
201003,06,001,4,9,Alameda County                ,95,95,29776787,0,0,0,0,0,0,4,48,10289540,83,83,26599822,0,0,0,0,0,0,2,19,7240765
201003,06,003,4,9,Alpine County                 ,0,0,0,0,0,0,0,0,0,0,0,0,0,0,0,0,0,0,0,0,0,0,0,0
201003,06,009,4,9,Calaveras County              ,8,8,1987079,0,0,0,0,0,0,0,0,0,1,1,65262,0,0,0,0,0,0,0,0,0
201003,06,013,4,9,Contra Costa County           ,150,150,33290380,0,0,0,0,0,0,2,11,1835602,140,140,31084409,0,0,0,0,0,0,1,6,1382597
201003,06,017,4,9,El Dorado County              ,9,9,2028446,0,0,0,0,0,0,0,0,0,9,9,2028446,0,0,0,0,0,0,0,0,0
201003,06,037,4,9,Los Angeles County            ,270,270,82201405,11,22,4099461,1,4,2024410,15,536,88831796,249,249,73437381,11,22,4099461,1,4,2024410,11,516,86719899
201003,06,041,4,9,Marin County                  ,12,12,3794196,0,0,0,0,0,0,1,5,492753,2,2,726821,0,0,0,0,0,0,0,0,0
201003,06,045,4,9,Mendocino County              ,6,6,2076088,0,0,0,0,0,0,0,0,0,6,6,2076088,0,0,0,0,0,0,0,0,0
201003,06,049,4,9,Modoc County                  ,0,0,0,0,0,0,0,0,0,0,0,0,0,0,0,0,0,0,0,0,0,0,0,0
201003,06,051,4,9,Mono County                   ,1,1,138804,0,0,0,0,0,0,0,0,0,0,0,0,0,0,0,0,0,0,0,0,0
201003,06,059,4,9,Orange County                 ,112,112,33195588,3,6,1329596,3,10,1771475,1,8,877846,95,95,23241923,1,2,544240,3,10,1771475,1,8,877846
201003,06,061,4,9,Placer County                 ,110,110,26838750,0,0,0,0,0,0,0,0,0,94,94,21993018,0,0,0,0,0,0,0,0,0
201003,06,063,4,9,Plumas County                 ,1,1,146379,0,0,0,0,0,0,0,0,0,1,1,146379,0,0,0,0,0,0,0,0,0
201003,06,065,4,9,Riverside County              ,363,363,79705641,0,0,0,5,20,2659203,1,7,253703,320,320,70837781,0,0,0,5,20,2659203,0,0,0
201003,06,067,4,9,Sacramento County             ,43,43,11153980,1,2,295186,2,6,650000,0,0,0,43,43,11153980,1,2,295186,2,6,650000,0,0,0
201003,06,069,4,9,San Benito County             ,2,2,521726,0,0,0,0,0,0,0,0,0,2,2,521726,0,0,0,0,0,0,0,0,0
201003,06,071,4,9,San Bernardino County         ,131,131,22945913,0,0,0,0,0,0,0,0,0,111,111,19202385,0,0,0,0,0,0,0,0,0
201003,06,073,4,9,San Diego County              ,209,209,66939843,3,6,1313589,0,0,0,5,81,8237124,193,193,63100382,3,6,1313589,0,0,0,4,68,6988511
201003,06,075,4,9,San Francisco County          ,4,4,901532,1,2,1273000,0,0,0,0,0,0,4,4,901532,1,2,1273000,0,0,0,0,0,0
201003,06,077,4,9,San Joaquin County            ,100,100,19210959,0,0,0,0,0,0,0,0,0,100,100,19210959,0,0,0,0,0,0,0,0,0
201003,06,081,4,9,San Mateo County              ,12,12,6240337,0,0,0,0,0,0,2,50,11377398,6,6,3510251,0,0,0,0,0,0,1,45,10500000
201003,06,085,4,9,Santa Clara County            ,139,139,44527204,0,0,0,0,0,0,2,10,986415,128,128,41383976,0,0,0,0,0,0,1,5,890261
201003,06,091,4,9,Sierra County                 ,1,1,153750,0,0,0,0,0,0,0,0,0,1,1,153750,0,0,0,0,0,0,0,0,0
201003,06,113,4,9,Yolo County                   ,18,18,4850699,0,0,0,0,0,0,7,37,3398709,15,15,3739030,0,0,0,0,0,0,7,37,3398709
201003,08,001,4,8,Adams County                  ,58,58,11511176,0,0,0,0,0,0,0,0,0,58,58,11511176,0,0,0,0,0,0,0,0,0
201003,08,005,4,8,Arapahoe County               ,79,79,17127194,0,0,0,3,9,1288344,0,0,0,79,79,17127194,0,0,0,3,9,1288344,0,0,0
201003,08,014,4,8,Broomfield County             ,12,12,2815577,0,0,0,0,0,0,0,0,0,12,12,2815577,0,0,0,0,0,0,0,0,0
201003,08,015,4,8,Chaffee County                ,11,11,2355379,0,0,0,0,0,0,0,0,0,11,11,2355379,0,0,0,0,0,0,0,0,0
201003,08,019,4,8,Clear Creek County            ,1,1,398090,0,0,0,0,0,0,0,0,0,0,0,0,0,0,0,0,0,0,0,0,0
201003,08,023,4,8,Costilla County               ,1,1,163199,0,0,0,0,0,0,0,0,0,0,0,0,0,0,0,0,0,0,0,0,0
201003,08,031,4,8,Denver County                 ,107,107,17923282,7,14,2520603,0,0,0,1,36,2901692,107,107,17923282,7,14,2520603,0,0,0,1,36,2901692
201003,08,033,4,8,Dolores County                ,0,0,0,0,0,0,0,0,0,0,0,0,0,0,0,0,0,0,0,0,0,0,0,0
201003,08,035,4,8,Douglas County                ,115,115,29282191,0,0,0,1,3,398992,1,5,690111,115,115,29282191,0,0,0,1,3,398992,1,5,690111
201003,08,039,4,8,Elbert County                 ,5,5,1384008,0,0,0,0,0,0,0,0,0,0,0,0,0,0,0,0,0,0,0,0,0
201003,08,041,4,8,El Paso County                ,189,189,55014000,0,0,0,0,0,0,0,0,0,189,189,55014000,0,0,0,0,0,0,0,0,0
201003,08,047,4,8,Gilpin County                 ,2,2,373811,0,0,0,0,0,0,0,0,0,0,0,0,0,0,0,0,0,0,0,0,0
201003,08,049,4,8,Grand County                  ,12,12,2837105,0,0,0,0,0,0,1,5,552045,0,0,0,0,0,0,0,0,0,0,0,0
201003,08,059,4,8,Jefferson County              ,27,27,7016060,0,0,0,0,0,0,1,83,9741853,27,27,7016060,0,0,0,0,0,0,1,83,9741853
201003,08,069,4,8,Larimer County                ,50,50,9780379,4,8,1272513,0,0,0,18,300,30948520,49,49,9568449,4,8,1272513,0,0,0,18,300,30948520
201003,08,077,4,8,Mesa County                   ,35,35,8014565,0,0,0,0,0,0,0,0,0,35,35,8014565,0,0,0,0,0,0,0,0,0
201003,08,093,4,8,Park County                   ,9,9,1431956,0,0,0,0,0,0,0,0,0,9,9,1431956,0,0,0,0,0,0,0,0,0
201003,08,101,4,8,Pueblo County                 ,39,39,6531058,0,0,0,1,4,509674,2,17,1496000,39,39,6531058,0,0,0,1,4,509674,2,17,1496000
201003,08,107,4,8,Routt County                  ,3,3,2657324,0,0,0,0,0,0,0,0,0,3,3,2657324,0,0,0,0,0,0,0,0,0
201003,08,119,4,8,Teller County                 ,2,2,164797,0,0,0,0,0,0,0,0,0,1,1,93380,0,0,0,0,0,0,0,0,0
201003,08,123,4,8,Weld County                   ,120,120,25002585,0,0,0,0,0,0,0,0,0,98,98,19089811,0,0,0,0,0,0,0,0,0
201003,10,001,3,5,Kent County                   ,95,95,11421080,0,0,0,0,0,0,1,5,314910,80,80,9746478,0,0,0,0,0,0,0,0,0
201003,10,003,3,5,New Castle County             ,51,51,4020232,0,0,0,0,0,0,1,5,80000,10,10,646605,0,0,0,0,0,0,0,0,0
201003,10,005,3,5,Sussex County                 ,180,180,24632672,2,4,318200,0,0,0,1,8,340000,180,180,24632672,2,4,318200,0,0,0,1,8,340000
201003,11,001,3,5,Washington  DC                ,0,0,0,0,0,0,0,0,0,2,274,50682967,0,0,0,0,0,0,0,0,0,2,274,50682967
201003,12,003,3,5,Baker County                  ,3,3,519265,0,0,0,0,0,0,0,0,0,3,3,519265,0,0,0,0,0,0,0,0,0
201003,12,009,3,5,Brevard County                ,130,130,29973452,0,0,0,0,0,0,0,0,0,105,105,23541337,0,0,0,0,0,0,0,0,0
201003,12,011,3,5,Broward County                ,69,69,31732195,0,0,0,0,0,0,1,5,312140,48,48,28874468,0,0,0,0,0,0,0,0,0
201003,12,013,3,5,Calhoun County                ,1,1,125000,0,0,0,0,0,0,0,0,0,1,1,125000,0,0,0,0,0,0,0,0,0
201003,12,015,3,5,Charlotte County              ,29,29,6914331,1,2,263725,1,4,397985,0,0,0,0,0,0,0,0,0,0,0,0,0,0,0
201003,12,019,3,5,Clay County                   ,46,46,6207850,0,0,0,0,0,0,2,12,738420,46,46,6207850,0,0,0,0,0,0,2,12,738420
201003,12,021,3,5,Collier County                ,68,68,22929375,0,0,0,3,12,2602000,4,35,5913000,68,68,22929375,0,0,0,3,12,2602000,4,35,5913000
201003,12,023,3,5,Columbia County               ,15,15,2014096,0,0,0,0,0,0,0,0,0,15,15,2014096,0,0,0,0,0,0,0,0,0
201003,12,031,3,5,Duval County                  ,165,165,29990351,0,0,0,0,0,0,0,0,0,165,165,29990351,0,0,0,0,0,0,0,0,0
201003,12,033,3,5,Escambia County               ,62,62,11733937,0,0,0,0,0,0,11,264,21508202,62,62,11733937,0,0,0,0,0,0,11,264,21508202
201003,12,041,3,5,Gilchrist County              ,4,4,413406,0,0,0,0,0,0,0,0,0,0,0,0,0,0,0,0,0,0,0,0,0
201003,12,043,3,5,Glades County                 ,0,0,0,0,0,0,0,0,0,0,0,0,0,0,0,0,0,0,0,0,0,0,0,0
201003,12,047,3,5,Hamilton County               ,1,1,53900,0,0,0,0,0,0,0,0,0,1,1,53900,0,0,0,0,0,0,0,0,0
201003,12,049,3,5,Hardee County                 ,4,4,469636,0,0,0,0,0,0,0,0,0,0,0,0,0,0,0,0,0,0,0,0,0
201003,12,053,3,5,Hernando County               ,20,20,3557631,0,0,0,0,0,0,0,0,0,20,20,3557631,0,0,0,0,0,0,0,0,0
201003,12,055,3,5,Highlands County              ,8,8,2624867,0,0,0,0,0,0,0,0,0,6,6,2141762,0,0,0,0,0,0,0,0,0
201003,12,057,3,5,Hillsborough County           ,372,372,93731544,0,0,0,2,6,110900,4,152,16063541,372,372,93731544,0,0,0,2,6,110900,4,152,16063541
201003,12,061,3,5,Indian River County           ,29,29,8570669,0,0,0,0,0,0,0,0,0,29,29,8570669,0,0,0,0,0,0,0,0,0
201003,12,063,3,5,Jackson County                ,5,5,549612,0,0,0,0,0,0,0,0,0,5,5,549612,0,0,0,0,0,0,0,0,0
201003,12,065,3,5,Jefferson County              ,2,2,337637,0,0,0,0,0,0,0,0,0,2,2,337637,0,0,0,0,0,0,0,0,0
201003,12,067,3,5,Lafayette County              ,1,1,154252,0,0,0,0,0,0,0,0,0,0,0,0,0,0,0,0,0,0,0,0,0
201003,12,069,3,5,Lake County                   ,88,88,23607885,0,0,0,1,3,185500,2,19,1785147,33,33,7662939,0,0,0,0,0,0,0,0,0
201003,12,071,3,5,Lee County                    ,105,105,18393928,0,0,0,1,4,1216138,1,6,1135324,105,105,18393928,0,0,0,1,4,1216138,1,6,1135324
201003,12,073,3,5,Leon County                   ,44,44,7067582,3,6,523375,1,3,600000,1,9,718000,16,16,2402554,2,4,340000,0,0,0,0,0,0
201003,12,077,3,5,Liberty County                ,3,3,169667,0,0,0,0,0,0,0,0,0,2,2,45000,0,0,0,0,0,0,0,0,0
201003,12,081,3,5,Manatee County                ,122,122,24382073,0,0,0,2,8,1236612,1,30,2381184,122,122,24382073,0,0,0,2,8,1236612,1,30,2381184
201003,12,083,3,5,Marion County                 ,69,69,13701033,0,0,0,0,0,0,0,0,0,69,69,13701033,0,0,0,0,0,0,0,0,0
201003,12,085,3,5,Martin County                 ,21,21,8370268,0,0,0,2,8,2389386,0,0,0,21,21,8370268,0,0,0,2,8,2389386,0,0,0
201003,12,086,3,5,Miami-Dade County             ,80,80,15242106,3,6,420715,0,0,0,3,124,16736217,73,73,13397155,3,6,420715,0,0,0,2,118,15576000
201003,12,089,3,5,Nassau County                 ,36,36,9362254,0,0,0,0,0,0,0,0,0,27,27,7852540,0,0,0,0,0,0,0,0,0
201003,12,095,3,5,Orange County                 ,243,243,51325462,0,0,0,0,0,0,1,7,630986,243,243,51325462,0,0,0,0,0,0,1,7,630986
201003,12,097,3,5,Osceola County                ,83,83,15991174,0,0,0,0,0,0,0,0,0,83,83,15991174,0,0,0,0,0,0,0,0,0
201003,12,099,3,5,Palm Beach County             ,103,103,28851295,1,2,208371,0,0,0,5,25,4852154,99,99,27134161,0,0,0,0,0,0,4,20,4226688
201003,12,101,3,5,Pasco County                  ,105,105,19686190,0,0,0,0,0,0,1,24,1500000,103,103,19455999,0,0,0,0,0,0,1,24,1500000
201003,12,103,3,5,Pinellas County               ,19,19,5985303,0,0,0,1,4,320000,1,16,727000,18,18,5130476,0,0,0,1,4,320000,1,16,727000
201003,12,105,3,5,Polk County                   ,148,148,27584714,0,0,0,0,0,0,0,0,0,136,136,25115140,0,0,0,0,0,0,0,0,0
201003,12,107,3,5,Putnam County                 ,4,4,533223,0,0,0,0,0,0,0,0,0,0,0,0,0,0,0,0,0,0,0,0,0
201003,12,109,3,5,St. Johns County              ,133,133,32110381,0,0,0,0,0,0,0,0,0,133,133,32110381,0,0,0,0,0,0,0,0,0
201003,12,111,3,5,St. Lucie County              ,61,61,7530085,0,0,0,1,3,343773,2,12,1383767,7,7,849444,0,0,0,0,0,0,0,0,0
201003,12,113,3,5,Santa Rosa County             ,92,92,16571417,0,0,0,0,0,0,0,0,0,92,92,16571417,0,0,0,0,0,0,0,0,0
201003,12,115,3,5,Sarasota County               ,72,72,18063698,1,2,400319,0,0,0,0,0,0,72,72,18063698,1,2,400319,0,0,0,0,0,0
201003,12,117,3,5,Seminole County               ,121,121,23555944,3,6,732774,0,0,0,2,12,2099940,119,119,23241044,3,6,732774,0,0,0,2,12,2099940
201003,12,119,3,5,Sumter County                 ,221,221,56398782,0,0,0,0,0,0,0,0,0,221,221,56398782,0,0,0,0,0,0,0,0,0
201003,12,123,3,5,Taylor County                 ,1,1,35000,0,0,0,0,0,0,0,0,0,1,1,35000,0,0,0,0,0,0,0,0,0
201003,12,125,3,5,Union County                  ,0,0,0,0,0,0,0,0,0,0,0,0,0,0,0,0,0,0,0,0,0,0,0,0
201003,12,127,3,5,Volusia County                ,98,98,21803102,0,0,0,0,0,0,1,8,783844,50,50,10525988,0,0,0,0,0,0,0,0,0
201003,12,129,3,5,Wakulla County                ,16,16,1845000,0,0,0,0,0,0,0,0,0,16,16,1845000,0,0,0,0,0,0,0,0,0
201003,12,131,3,5,Walton County                 ,34,34,9117662,0,0,0,0,0,0,0,0,0,34,34,9117662,0,0,0,0,0,0,0,0,0
201003,12,133,3,5,Washington County             ,4,4,533186,0,0,0,0,0,0,0,0,0,0,0,0,0,0,0,0,0,0,0,0,0
201003,13,005,3,5,Bacon County                  ,0,0,0,0,0,0,0,0,0,0,0,0,0,0,0,0,0,0,0,0,0,0,0,0
201003,13,013,3,5,Barrow County                 ,13,13,1073191,0,0,0,0,0,0,0,0,0,7,7,514061,0,0,0,0,0,0,0,0,0
201003,13,015,3,5,Bartow County                 ,25,25,4331330,0,0,0,0,0,0,0,0,0,0,0,0,0,0,0,0,0,0,0,0,0
201003,13,029,3,5,Bryan County                  ,22,22,4122900,0,0,0,0,0,0,0,0,0,22,22,4122900,0,0,0,0,0,0,0,0,0
201003,13,035,3,5,Butts County                  ,1,1,65100,0,0,0,0,0,0,0,0,0,1,1,65100,0,0,0,0,0,0,0,0,0
201003,13,045,3,5,Carroll County                ,5,5,813712,0,0,0,0,0,0,0,0,0,5,5,813712,0,0,0,0,0,0,0,0,0
201003,13,057,3,5,Cherokee County               ,64,64,11138107,0,0,0,0,0,0,0,0,0,64,64,11138107,0,0,0,0,0,0,0,0,0
201003,13,059,3,5,Clarke County                 ,19,19,2789016,0,0,0,0,0,0,1,5,487793,0,0,0,0,0,0,0,0,0,0,0,0
201003,13,063,3,5,Clayton County                ,8,8,1440993,0,0,0,0,0,0,0,0,0,8,8,1440993,0,0,0,0,0,0,0,0,0
201003,13,067,3,5,Cobb County                   ,68,68,15029459,0,0,0,0,0,0,5,32,4173219,68,68,15029459,0,0,0,0,0,0,5,32,4173219
201003,13,077,3,5,Coweta County                 ,61,61,15655007,0,0,0,0,0,0,0,0,0,56,56,14738550,0,0,0,0,0,0,0,0,0
201003,13,085,3,5,Dawson County                 ,2,2,550000,0,0,0,0,0,0,0,0,0,2,2,550000,0,0,0,0,0,0,0,0,0
201003,13,089,3,5,DeKalb County                 ,47,47,13057752,0,0,0,0,0,0,0,0,0,44,44,12037864,0,0,0,0,0,0,0,0,0
201003,13,095,3,5,Dougherty County              ,4,4,448039,1,2,150133,0,0,0,0,0,0,0,0,0,0,0,0,0,0,0,0,0,0
201003,13,097,3,5,Douglas County                ,3,3,328740,0,0,0,0,0,0,0,0,0,3,3,328740,0,0,0,0,0,0,0,0,0
201003,13,113,3,5,Fayette County                ,13,13,3272723,0,0,0,0,0,0,0,0,0,10,10,2338230,0,0,0,0,0,0,0,0,0
201003,13,117,3,5,Forsyth County                ,124,124,15640543,0,0,0,0,0,0,0,0,0,124,124,15640543,0,0,0,0,0,0,0,0,0
201003,13,121,3,5,Fulton County                 ,90,90,17530177,0,0,0,0,0,0,0,0,0,88,88,17133173,0,0,0,0,0,0,0,0,0
201003,13,127,3,5,Glynn County                  ,37,37,9459289,0,0,0,0,0,0,0,0,0,0,0,0,0,0,0,0,0,0,0,0,0
201003,13,133,3,5,Greene County                 ,8,8,2601015,0,0,0,0,0,0,0,0,0,8,8,2601015,0,0,0,0,0,0,0,0,0
201003,13,135,3,5,Gwinnett County               ,86,86,14924402,0,0,0,0,0,0,1,5,333333,79,79,13925355,0,0,0,0,0,0,0,0,0
201003,13,143,3,5,Haralson County               ,1,1,180124,0,0,0,0,0,0,0,0,0,1,1,180124,0,0,0,0,0,0,0,0,0
201003,13,145,3,5,Harris County                 ,8,8,2192125,0,0,0,0,0,0,0,0,0,8,8,2192125,0,0,0,0,0,0,0,0,0
201003,13,149,3,5,Heard County                  ,1,1,134367,0,0,0,0,0,0,0,0,0,0,0,0,0,0,0,0,0,0,0,0,0
201003,13,151,3,5,Henry County                  ,50,50,9194856,0,0,0,0,0,0,0,0,0,36,36,7538535,0,0,0,0,0,0,0,0,0
201003,13,159,3,5,Jasper County                 ,7,7,882166,0,0,0,0,0,0,0,0,0,0,0,0,0,0,0,0,0,0,0,0,0
201003,13,169,3,5,Jones County                  ,5,5,615750,0,0,0,0,0,0,0,0,0,5,5,615750,0,0,0,0,0,0,0,0,0
201003,13,171,3,5,Lamar County                  ,0,0,0,0,0,0,0,0,0,0,0,0,0,0,0,0,0,0,0,0,0,0,0,0
201003,13,177,3,5,Lee County                    ,13,13,1485707,0,0,0,0,0,0,0,0,0,0,0,0,0,0,0,0,0,0,0,0,0
201003,13,189,3,5,McDuffie County               ,4,4,700353,0,0,0,0,0,0,0,0,0,0,0,0,0,0,0,0,0,0,0,0,0
201003,13,199,3,5,Meriwether County             ,3,3,540372,0,0,0,0,0,0,0,0,0,3,3,540372,0,0,0,0,0,0,0,0,0
201003,13,211,3,5,Morgan County                 ,5,5,909391,0,0,0,0,0,0,0,0,0,0,0,0,0,0,0,0,0,0,0,0,0
201003,13,213,3,5,Murray County                 ,0,0,0,0,0,0,0,0,0,0,0,0,0,0,0,0,0,0,0,0,0,0,0,0
201003,13,215,3,5,Muscogee County               ,27,27,2857906,0,0,0,1,3,136255,1,7,531950,0,0,0,0,0,0,0,0,0,0,0,0
201003,13,217,3,5,Newton County                 ,3,3,451940,0,0,0,0,0,0,0,0,0,3,3,451940,0,0,0,0,0,0,0,0,0
201003,13,223,3,5,Paulding County               ,39,39,6937338,0,0,0,0,0,0,0,0,0,27,27,4863351,0,0,0,0,0,0,0,0,0
201003,13,227,3,5,Pickens County                ,1,1,260000,0,0,0,0,0,0,0,0,0,1,1,260000,0,0,0,0,0,0,0,0,0
201003,13,231,3,5,Pike County                   ,0,0,0,0,0,0,0,0,0,0,0,0,0,0,0,0,0,0,0,0,0,0,0,0
201003,13,237,3,5,Putnam County                 ,1,1,172200,0,0,0,0,0,0,0,0,0,1,1,172200,0,0,0,0,0,0,0,0,0
201003,13,239,3,5,Quitman County                ,0,0,0,0,0,0,0,0,0,0,0,0,0,0,0,0,0,0,0,0,0,0,0,0
201003,13,247,3,5,Rockdale County               ,2,2,485392,0,0,0,0,0,0,0,0,0,2,2,485392,0,0,0,0,0,0,0,0,0
201003,13,255,3,5,Spalding County               ,12,12,1398369,0,0,0,0,0,0,0,0,0,12,12,1398369,0,0,0,0,0,0,0,0,0
201003,13,291,3,5,Union County                  ,3,3,531340,0,0,0,0,0,0,0,0,0,3,3,531340,0,0,0,0,0,0,0,0,0
201003,13,297,3,5,Walton County                 ,14,14,2130900,0,0,0,0,0,0,0,0,0,14,14,2130900,0,0,0,0,0,0,0,0,0
201003,13,313,3,5,Whitfield County              ,11,11,1372963,0,0,0,0,0,0,0,0,0,0,0,0,0,0,0,0,0,0,0,0,0
201003,13,321,3,5,Worth County                  ,5,5,921693,0,0,0,0,0,0,0,0,0,5,5,921693,0,0,0,0,0,0,0,0,0
201003,15,001,4,9,Hawaii County                 ,46,46,14553812,0,0,0,0,0,0,0,0,0,46,46,14553812,0,0,0,0,0,0,0,0,0
201003,15,003,4,9,Honolulu County               ,50,50,17288264,0,0,0,0,0,0,6,331,73112500,50,50,17288264,0,0,0,0,0,0,6,331,73112500
201003,15,007,4,9,Kauai County                  ,14,14,5965100,0,0,0,0,0,0,0,0,0,14,14,5965100,0,0,0,0,0,0,0,0,0
201003,15,009,4,9,Maui County                   ,15,15,3380744,0,0,0,0,0,0,0,0,0,15,15,3380744,0,0,0,0,0,0,0,0,0
201003,16,001,4,8,Ada County                    ,191,191,39249216,0,0,0,0,0,0,0,0,0,191,191,39249216,0,0,0,0,0,0,0,0,0
201003,16,015,4,8,Boise County                  ,1,1,194060,0,0,0,0,0,0,0,0,0,1,1,194060,0,0,0,0,0,0,0,0,0
201003,16,027,4,8,Canyon County                 ,57,57,7790969,0,0,0,0,0,0,0,0,0,24,24,3870027,0,0,0,0,0,0,0,0,0
201003,16,045,4,8,Gem County                    ,0,0,0,0,0,0,0,0,0,0,0,0,0,0,0,0,0,0,0,0,0,0,0,0
201003,16,073,4,8,Owyhee County                 ,3,3,622438,0,0,0,0,0,0,0,0,0,1,1,80000,0,0,0,0,0,0,0,0,0
201003,17,005,2,3,Bond County                   ,3,3,615544,0,0,0,0,0,0,0,0,0,2,2,456000,0,0,0,0,0,0,0,0,0
201003,17,013,2,3,Calhoun County                ,2,2,304095,0,0,0,0,0,0,0,0,0,0,0,0,0,0,0,0,0,0,0,0,0
201003,17,027,2,3,Clinton County                ,11,11,1395050,0,0,0,0,0,0,0,0,0,8,8,705000,0,0,0,0,0,0,0,0,0
201003,17,031,2,3,Cook County                   ,62,62,17209380,1,2,1220000,0,0,0,6,95,12503294,46,46,10932201,1,2,1220000,0,0,0,4,79,11045141
201003,17,037,2,3,DeKalb County                 ,11,11,2316290,0,0,0,0,0,0,0,0,0,8,8,1905000,0,0,0,0,0,0,0,0,0
201003,17,039,2,3,De Witt County                ,1,1,78800,0,0,0,0,0,0,0,0,0,1,1,78800,0,0,0,0,0,0,0,0,0
201003,17,043,2,3,DuPage County                 ,31,31,11633991,0,0,0,0,0,0,0,0,0,31,31,11633991,0,0,0,0,0,0,0,0,0
201003,17,063,2,3,Grundy County                 ,1,1,160549,0,0,0,0,0,0,0,0,0,0,0,0,0,0,0,0,0,0,0,0,0
201003,17,083,2,3,Jersey County                 ,6,6,945583,0,0,0,0,0,0,1,5,289248,1,1,75000,0,0,0,0,0,0,0,0,0
201003,17,089,2,3,Kane County                   ,65,65,14058603,0,0,0,0,0,0,0,0,0,49,49,8601575,0,0,0,0,0,0,0,0,0
201003,17,093,2,3,Kendall County                ,15,15,3271929,0,0,0,0,0,0,0,0,0,15,15,3271929,0,0,0,0,0,0,0,0,0
201003,17,097,2,3,Lake County                   ,38,38,11742805,0,0,0,0,0,0,0,0,0,18,18,5086568,0,0,0,0,0,0,0,0,0
201003,17,111,2,3,McHenry County                ,27,27,4856296,0,0,0,0,0,0,0,0,0,16,16,3237880,0,0,0,0,0,0,0,0,0
201003,17,117,2,3,Macoupin County               ,7,7,1311234,0,0,0,0,0,0,0,0,0,2,2,326339,0,0,0,0,0,0,0,0,0
201003,17,119,2,3,Madison County                ,54,54,11386724,0,0,0,0,0,0,0,0,0,31,31,7565130,0,0,0,0,0,0,0,0,0
201003,17,133,2,3,Monroe County                 ,13,13,2337178,1,2,209507,0,0,0,0,0,0,10,10,1736285,0,0,0,0,0,0,0,0,0
201003,17,163,2,3,St. Clair County              ,63,63,11762315,5,10,824000,0,0,0,0,0,0,40,40,7221000,5,10,824000,0,0,0,0,0,0
201003,17,197,2,3,Will County                   ,60,60,12856340,0,0,0,0,0,0,0,0,0,41,41,9312769,0,0,0,0,0,0,0,0,0
201003,18,001,2,3,Adams County                  ,3,3,391000,0,0,0,0,0,0,0,0,0,3,3,391000,0,0,0,0,0,0,0,0,0
201003,18,003,2,3,Allen County                  ,73,73,12530513,0,0,0,0,0,0,0,0,0,73,73,12530513,0,0,0,0,0,0,0,0,0
201003,18,011,2,3,Boone County                  ,23,23,4273730,0,0,0,0,0,0,6,124,7295615,18,18,3264300,0,0,0,0,0,0,6,124,7295615
201003,18,013,2,3,Brown County                  ,18,18,3714102,0,0,0,0,0,0,0,0,0,18,18,3714102,0,0,0,0,0,0,0,0,0
201003,18,019,2,3,Clark County                  ,25,25,4110729,0,0,0,0,0,0,0,0,0,25,25,4110729,0,0,0,0,0,0,0,0,0
201003,18,029,2,3,Dearborn County               ,4,4,649000,0,0,0,0,0,0,0,0,0,4,4,649000,0,0,0,0,0,0,0,0,0
201003,18,043,2,3,Floyd County                  ,19,19,4186777,0,0,0,0,0,0,0,0,0,17,17,3896000,0,0,0,0,0,0,0,0,0
201003,18,047,2,3,Franklin County               ,0,0,0,0,0,0,0,0,0,0,0,0,0,0,0,0,0,0,0,0,0,0,0,0
201003,18,049,2,3,Fulton County                 ,1,1,191688,0,0,0,0,0,0,0,0,0,0,0,0,0,0,0,0,0,0,0,0,0
201003,18,057,2,3,Hamilton County               ,170,170,33148713,0,0,0,1,4,359534,0,0,0,169,169,33111838,0,0,0,1,4,359534,0,0,0
201003,18,059,2,3,Hancock County                ,15,15,2299623,0,0,0,0,0,0,0,0,0,15,15,2299623,0,0,0,0,0,0,0,0,0
201003,18,061,2,3,Harrison County               ,10,10,2063390,0,0,0,0,0,0,0,0,0,10,10,2063390,0,0,0,0,0,0,0,0,0
201003,18,063,2,3,Hendricks County              ,79,79,12220645,0,0,0,0,0,0,0,0,0,66,66,10213555,0,0,0,0,0,0,0,0,0
201003,18,065,2,3,Henry County                  ,0,0,0,0,0,0,0,0,0,0,0,0,0,0,0,0,0,0,0,0,0,0,0,0
201003,18,069,2,3,Huntington County             ,5,5,918000,0,0,0,0,0,0,0,0,0,5,5,918000,0,0,0,0,0,0,0,0,0
201003,18,073,2,3,Jasper County                 ,4,4,528000,1,2,175000,0,0,0,0,0,0,4,4,528000,1,2,175000,0,0,0,0,0,0
201003,18,079,2,3,Jennings County               ,8,8,707165,0,0,0,0,0,0,0,0,0,8,8,707165,0,0,0,0,0,0,0,0,0
201003,18,081,2,3,Johnson County                ,43,43,8528393,0,0,0,0,0,0,0,0,0,27,27,6290855,0,0,0,0,0,0,0,0,0
201003,18,087,2,3,Lagrange County               ,8,8,1545000,1,2,120000,0,0,0,0,0,0,8,8,1545000,1,2,120000,0,0,0,0,0,0
201003,18,089,2,3,Lake County                   ,72,72,15375450,2,4,373368,1,4,340000,1,7,357955,63,63,13772472,0,0,0,1,4,340000,0,0,0
201003,18,097,2,3,Marion County                 ,78,78,12082114,0,0,0,2,6,486104,3,38,2878806,0,0,0,0,0,0,0,0,0,0,0,0
201003,18,105,2,3,Monroe County                 ,32,32,5379066,1,2,199005,0,0,0,0,0,0,32,32,5379066,1,2,199005,0,0,0,0,0,0
201003,18,109,2,3,Morgan County                 ,7,7,675000,0,0,0,0,0,0,0,0,0,7,7,675000,0,0,0,0,0,0,0,0,0
201003,18,111,2,3,Newton County                 ,4,4,636130,0,0,0,0,0,0,0,0,0,4,4,636130,0,0,0,0,0,0,0,0,0
201003,18,115,2,3,Ohio County                   ,1,1,250000,0,0,0,0,0,0,0,0,0,1,1,250000,0,0,0,0,0,0,0,0,0
201003,18,125,2,3,Pike County                   ,3,3,190000,0,0,0,0,0,0,0,0,0,3,3,190000,0,0,0,0,0,0,0,0,0
201003,18,127,2,3,Porter County                 ,30,30,7349049,0,0,0,0,0,0,0,0,0,27,27,6963876,0,0,0,0,0,0,0,0,0
201003,18,133,2,3,Putnam County                 ,3,3,477000,0,0,0,0,0,0,0,0,0,3,3,477000,0,0,0,0,0,0,0,0,0
201003,18,145,2,3,Shelby County                 ,5,5,596315,0,0,0,0,0,0,0,0,0,5,5,596315,0,0,0,0,0,0,0,0,0
201003,18,155,2,3,Switzerland County            ,3,3,174798,0,0,0,0,0,0,0,0,0,0,0,0,0,0,0,0,0,0,0,0,0
201003,18,157,2,3,Tippecanoe County             ,56,56,10277343,0,0,0,0,0,0,0,0,0,56,56,10277343,0,0,0,0,0,0,0,0,0
201003,18,163,2,3,Vanderburgh County            ,29,29,3323000,0,0,0,0,0,0,0,0,0,29,29,3323000,0,0,0,0,0,0,0,0,0
201003,18,167,2,3,Vigo County                   ,24,24,3897547,1,2,115667,0,0,0,0,0,0,22,22,3698108,0,0,0,0,0,0,0,0,0
201003,18,175,2,3,Washington County             ,3,3,429077,0,0,0,0,0,0,0,0,0,0,0,0,0,0,0,0,0,0,0,0,0
201003,18,179,2,3,Wells County                  ,3,3,619017,16,32,3395510,0,0,0,0,0,0,3,3,619017,16,32,3395510,0,0,0,0,0,0
201003,18,181,2,3,White County                  ,4,4,511000,0,0,0,0,0,0,0,0,0,4,4,511000,0,0,0,0,0,0,0,0,0
201003,18,183,2,3,Whitley County                ,8,8,1761000,0,0,0,0,0,0,0,0,0,8,8,1761000,0,0,0,0,0,0,0,0,0
201003,19,049,2,4,Dallas County                 ,21,21,4242372,0,0,0,0,0,0,0,0,0,21,21,4242372,0,0,0,0,0,0,0,0,0
201003,19,077,2,4,Guthrie County                ,1,1,135000,0,0,0,0,0,0,0,0,0,0,0,0,0,0,0,0,0,0,0,0,0
201003,19,085,2,4,Harrison County               ,1,1,225000,0,0,0,0,0,0,0,0,0,1,1,225000,0,0,0,0,0,0,0,0,0
201003,19,121,2,4,Madison County                ,4,4,704161,0,0,0,0,0,0,0,0,0,1,1,165000,0,0,0,0,0,0,0,0,0
201003,19,129,2,4,Mills County                  ,6,6,945000,0,0,0,0,0,0,0,0,0,6,6,945000,0,0,0,0,0,0,0,0,0
201003,19,153,2,4,Polk County                   ,195,195,37450841,4,8,1219569,1,4,694976,0,0,0,195,195,37450841,4,8,1219569,1,4,694976,0,0,0
201003,19,155,2,4,Pottawattamie County          ,22,22,3014563,1,2,146605,0,0,0,0,0,0,22,22,3014563,1,2,146605,0,0,0,0,0,0
201003,19,181,2,4,Warren County                 ,18,18,2733287,0,0,0,0,0,0,0,0,0,18,18,2733287,0,0,0,0,0,0,0,0,0
201003,20,055,2,4,Finney County                 ,0,0,0,0,0,0,0,0,0,0,0,0,0,0,0,0,0,0,0,0,0,0,0,0
201003,20,059,2,4,Franklin County               ,2,2,450000,0,0,0,0,0,0,0,0,0,2,2,450000,0,0,0,0,0,0,0,0,0
201003,20,063,2,4,Gove County                   ,0,0,0,0,0,0,0,0,0,0,0,0,0,0,0,0,0,0,0,0,0,0,0,0
201003,20,091,2,4,Johnson County                ,78,78,20492064,1,2,312903,1,3,469200,0,0,0,37,37,8511481,0,0,0,0,0,0,0,0,0
201003,20,103,2,4,Leavenworth County            ,5,5,514485,0,0,0,0,0,0,0,0,0,5,5,514485,0,0,0,0,0,0,0,0,0
201003,20,107,2,4,Linn County                   ,3,3,447785,0,0,0,0,0,0,0,0,0,1,1,150000,0,0,0,0,0,0,0,0,0
201003,20,121,2,4,Miami County                  ,3,3,1087393,0,0,0,0,0,0,0,0,0,0,0,0,0,0,0,0,0,0,0,0,0
201003,20,129,2,4,Morton County                 ,0,0,0,0,0,0,0,0,0,0,0,0,0,0,0,0,0,0,0,0,0,0,0,0
201003,20,151,2,4,Pratt County                  ,0,0,0,0,0,0,0,0,0,0,0,0,0,0,0,0,0,0,0,0,0,0,0,0
201003,20,183,2,4,Smith County                  ,0,0,0,0,0,0,0,0,0,0,0,0,0,0,0,0,0,0,0,0,0,0,0,0
201003,20,209,2,4,Wyandotte County              ,16,16,2043946,0,0,0,0,0,0,3,45,1146911,16,16,2043946,0,0,0,0,0,0,3,45,1146911
201003,21,005,3,6,Anderson County               ,7,7,931744,0,0,0,0,0,0,0,0,0,7,7,931744,0,0,0,0,0,0,0,0,0
201003,21,015,3,6,Boone County                  ,46,46,6226934,0,0,0,0,0,0,1,5,294090,0,0,0,0,0,0,0,0,0,0,0,0
201003,21,021,3,6,Boyle County                  ,4,4,455000,0,0,0,0,0,0,0,0,0,4,4,455000,0,0,0,0,0,0,0,0,0
201003,21,029,3,6,Bullitt County                ,34,34,4699400,0,0,0,0,0,0,0,0,0,34,34,4699400,0,0,0,0,0,0,0,0,0
201003,21,037,3,6,Campbell County               ,14,14,2431981,0,0,0,0,0,0,0,0,0,13,13,2314981,0,0,0,0,0,0,0,0,0
201003,21,049,3,6,Clark County                  ,8,8,1311393,0,0,0,0,0,0,0,0,0,0,0,0,0,0,0,0,0,0,0,0,0
201003,21,053,3,6,Clinton County                ,0,0,0,0,0,0,0,0,0,0,0,0,0,0,0,0,0,0,0,0,0,0,0,0
201003,21,059,3,6,Daviess County                ,29,29,2629615,0,0,0,0,0,0,0,0,0,29,29,2629615,0,0,0,0,0,0,0,0,0
201003,21,067,3,6,Fayette County                ,58,58,7344250,1,2,143000,0,0,0,0,0,0,58,58,7344250,1,2,143000,0,0,0,0,0,0
201003,21,077,3,6,Gallatin County               ,4,4,270016,0,0,0,0,0,0,0,0,0,4,4,270016,0,0,0,0,0,0,0,0,0
201003,21,081,3,6,Grant County                  ,5,5,692096,0,0,0,0,0,0,0,0,0,0,0,0,0,0,0,0,0,0,0,0,0
201003,21,103,3,6,Henry County                  ,1,1,351000,0,0,0,0,0,0,0,0,0,1,1,351000,0,0,0,0,0,0,0,0,0
201003,21,111,3,6,Jefferson County              ,99,99,18329412,0,0,0,0,0,0,1,34,1766999,8,8,1356467,0,0,0,0,0,0,0,0,0
201003,21,113,3,6,Jessamine County              ,21,21,3896858,0,0,0,0,0,0,1,12,250000,21,21,3896858,0,0,0,0,0,0,1,12,250000
201003,21,117,3,6,Kenton County                 ,37,37,4183830,0,0,0,0,0,0,0,0,0,37,37,4183830,0,0,0,0,0,0,0,0,0
201003,21,137,3,6,Lincoln County                ,13,13,2302472,0,0,0,0,0,0,0,0,0,13,13,2302472,0,0,0,0,0,0,0,0,0
201003,21,151,3,6,Madison County                ,23,23,2107491,0,0,0,0,0,0,1,5,168572,13,13,1235000,0,0,0,0,0,0,0,0,0
201003,21,157,3,6,Marshall County               ,5,5,885566,0,0,0,0,0,0,1,5,277778,5,5,885566,0,0,0,0,0,0,0,0,0
201003,21,163,3,6,Meade County                  ,10,10,1674201,1,2,66000,1,3,96429,0,0,0,9,9,1540000,0,0,0,0,0,0,0,0,0
201003,21,167,3,6,Mercer County                 ,8,8,577900,0,0,0,0,0,0,0,0,0,8,8,577900,0,0,0,0,0,0,0,0,0
201003,21,179,3,6,Nelson County                 ,26,26,3729850,0,0,0,0,0,0,0,0,0,26,26,3729850,0,0,0,0,0,0,0,0,0
201003,21,185,3,6,Oldham County                 ,16,16,4359830,0,0,0,0,0,0,0,0,0,0,0,0,0,0,0,0,0,0,0,0,0
201003,21,191,3,6,Pendleton County              ,0,0,0,0,0,0,0,0,0,0,0,0,0,0,0,0,0,0,0,0,0,0,0,0
201003,21,205,3,6,Rowan County                  ,0,0,0,0,0,0,1,3,84375,0,0,0,0,0,0,0,0,0,0,0,0,0,0,0
201003,21,209,3,6,Scott County                  ,35,35,4462500,0,0,0,0,0,0,0,0,0,35,35,4462500,0,0,0,0,0,0,0,0,0
201003,21,211,3,6,Shelby County                 ,12,12,2496500,0,0,0,0,0,0,0,0,0,12,12,2496500,0,0,0,0,0,0,0,0,0
201003,21,213,3,6,Simpson County                ,2,2,252722,1,2,102467,0,0,0,0,0,0,0,0,0,0,0,0,0,0,0,0,0,0
201003,21,215,3,6,Spencer County                ,4,4,720496,0,0,0,0,0,0,0,0,0,4,4,720496,0,0,0,0,0,0,0,0,0
201003,21,221,3,6,Trigg County                  ,1,1,400000,0,0,0,0,0,0,0,0,0,1,1,400000,0,0,0,0,0,0,0,0,0
201003,21,239,3,6,Woodford County               ,4,4,312000,0,0,0,0,0,0,0,0,0,4,4,312000,0,0,0,0,0,0,0,0,0
201003,22,009,3,7,Avoyelles Parish              ,5,5,584594,0,0,0,0,0,0,0,0,0,0,0,0,0,0,0,0,0,0,0,0,0
201003,22,017,3,7,Caddo Parish                  ,33,33,6624827,0,0,0,0,0,0,0,0,0,0,0,0,0,0,0,0,0,0,0,0,0
201003,22,039,3,7,Evangeline Parish             ,6,6,1458000,0,0,0,0,0,0,0,0,0,6,6,1458000,0,0,0,0,0,0,0,0,0
201003,22,051,3,7,Jefferson Parish              ,31,31,5807383,0,0,0,0,0,0,0,0,0,26,26,4933008,0,0,0,0,0,0,0,0,0
201003,22,071,3,7,Orleans Parish                ,46,46,1945123,1,2,220000,0,0,0,1,24,2774000,46,46,1945123,1,2,220000,0,0,0,1,24,2774000
201003,22,075,3,7,Plaquemines Parish            ,3,3,288420,0,0,0,0,0,0,0,0,0,3,3,288420,0,0,0,0,0,0,0,0,0
201003,22,077,3,7,Pointe Coupee Parish          ,1,1,222240,0,0,0,0,0,0,0,0,0,1,1,222240,0,0,0,0,0,0,0,0,0
201003,22,087,3,7,St. Bernard Parish            ,1,1,153000,0,0,0,0,0,0,0,0,0,1,1,153000,0,0,0,0,0,0,0,0,0
201003,22,089,3,7,St. Charles Parish            ,9,9,1761521,0,0,0,0,0,0,0,0,0,0,0,0,0,0,0,0,0,0,0,0,0
201003,22,091,3,7,St. Helena Parish             ,1,1,150000,0,0,0,0,0,0,0,0,0,0,0,0,0,0,0,0,0,0,0,0,0
201003,22,095,3,7,St. John the Baptist Parish   ,4,4,906300,0,0,0,0,0,0,0,0,0,4,4,906300,0,0,0,0,0,0,0,0,0
201003,22,103,3,7,St. Tammany Parish            ,54,54,10595245,0,0,0,0,0,0,0,0,0,50,50,9816795,0,0,0,0,0,0,0,0,0
201003,22,109,3,7,Terrebonne Parish             ,31,31,9104764,0,0,0,0,0,0,0,0,0,31,31,9104764,0,0,0,0,0,0,0,0,0
201003,22,117,3,7,Washington Parish             ,3,3,226040,0,0,0,0,0,0,0,0,0,3,3,226040,0,0,0,0,0,0,0,0,0
201003,23,000,1,1,Maine Unorganized Territory   ,6,6,796801,0,0,0,0,0,0,0,0,0,0,0,0,0,0,0,0,0,0,0,0,0
201003,24,003,3,5,Anne Arundel County           ,106,106,19224112,0,0,0,0,0,0,0,0,0,105,105,18913030,0,0,0,0,0,0,0,0,0
201003,24,005,3,5,Baltimore County              ,57,57,10267073,0,0,0,1,3,720000,13,447,32584000,57,57,10267073,0,0,0,1,3,720000,13,447,32584000
201003,24,009,3,5,Calvert County                ,34,34,6124219,0,0,0,0,0,0,0,0,0,34,34,6124219,0,0,0,0,0,0,0,0,0
201003,24,013,3,5,Carroll County                ,19,19,3422358,0,0,0,0,0,0,0,0,0,19,19,3422358,0,0,0,0,0,0,0,0,0
201003,24,015,3,5,Cecil County                  ,21,21,2982170,0,0,0,0,0,0,0,0,0,21,21,2982170,0,0,0,0,0,0,0,0,0
201003,24,017,3,5,Charles County                ,59,59,13552000,0,0,0,0,0,0,0,0,0,59,59,13552000,0,0,0,0,0,0,0,0,0
201003,24,021,3,5,Frederick County              ,45,45,9182333,0,0,0,0,0,0,1,12,1010000,2,2,457320,0,0,0,0,0,0,1,12,1010000
201003,24,023,3,5,Garrett County                ,8,8,2973013,0,0,0,0,0,0,0,0,0,8,8,2973013,0,0,0,0,0,0,0,0,0
201003,24,025,3,5,Harford County                ,69,69,12346152,2,4,170000,0,0,0,0,0,0,68,68,12159152,2,4,170000,0,0,0,0,0,0
201003,24,027,3,5,Howard County                 ,64,64,15605030,0,0,0,0,0,0,1,12,1937594,0,0,0,0,0,0,0,0,0,0,0,0
201003,24,031,3,5,Montgomery County             ,106,106,24559575,0,0,0,0,0,0,3,198,61000000,100,100,23427365,0,0,0,0,0,0,3,198,61000000
201003,24,033,3,5,Prince George County          ,149,149,27328218,0,0,0,0,0,0,0,0,0,145,145,26117994,0,0,0,0,0,0,0,0,0
201003,24,035,3,5,Queen Anne County             ,17,17,2500000,0,0,0,0,0,0,0,0,0,17,17,2500000,0,0,0,0,0,0,0,0,0
201003,24,510,3,5,Baltimore (Independent City)  ,14,14,1956431,0,0,0,0,0,0,1,40,3205285,0,0,0,0,0,0,0,0,0,0,0,0
201003,25,009,1,1,Essex County                  ,46,46,12198975,4,8,680000,0,0,0,1,5,404444,32,32,7804650,4,8,680000,0,0,0,0,0,0
201003,25,017,1,1,Middlesex County              ,94,94,20956882,2,4,338000,0,0,0,3,34,2746214,75,75,16342377,1,2,198000,0,0,0,1,24,1813500
201003,25,019,1,1,Nantucket County              ,6,6,15503000,0,0,0,0,0,0,0,0,0,6,6,15503000,0,0,0,0,0,0,0,0,0
201003,25,021,1,1,Norfolk County                ,34,34,9861054,0,0,0,0,0,0,2,10,869947,24,24,5923541,0,0,0,0,0,0,0,0,0
201003,25,023,1,1,Plymouth County               ,52,52,10496223,0,0,0,0,0,0,0,0,0,33,33,7046315,0,0,0,0,0,0,0,0,0
201003,25,025,1,1,Suffolk County                ,3,3,576651,2,4,488404,1,3,605272,1,5,803414,0,0,0,0,0,0,0,0,0,0,0,0
201003,26,000,2,3,Michigan Balance of State     ,2,2,148753,0,0,0,0,0,0,0,0,0,2,2,148753,0,0,0,0,0,0,0,0,0
201003,26,001,2,3,Alcona County                 ,2,2,202194,0,0,0,0,0,0,0,0,0,0,0,0,0,0,0,0,0,0,0,0,0
201003,26,009,2,3,Antrim County                 ,5,5,770082,0,0,0,0,0,0,0,0,0,0,0,0,0,0,0,0,0,0,0,0,0
201003,26,015,2,3,Barry County                  ,9,9,1062572,0,0,0,0,0,0,0,0,0,1,1,146000,0,0,0,0,0,0,0,0,0
201003,26,019,2,3,Benzie County                 ,6,6,964882,0,0,0,0,0,0,0,0,0,6,6,964882,0,0,0,0,0,0,0,0,0
201003,26,029,2,3,Charlevoix County             ,15,15,2189354,0,0,0,0,0,0,0,0,0,0,0,0,0,0,0,0,0,0,0,0,0
201003,26,031,2,3,Cheboygan County              ,1,1,140000,0,0,0,0,0,0,0,0,0,1,1,140000,0,0,0,0,0,0,0,0,0
201003,26,047,2,3,Emmet County                  ,2,2,344536,0,0,0,0,0,0,0,0,0,2,2,344536,0,0,0,0,0,0,0,0,0
201003,26,051,2,3,Gladwin County                ,3,3,504287,0,0,0,0,0,0,0,0,0,3,3,504287,0,0,0,0,0,0,0,0,0
201003,26,059,2,3,Hillsdale County              ,3,3,428251,0,0,0,0,0,0,0,0,0,0,0,0,0,0,0,0,0,0,0,0,0
201003,26,067,2,3,Ionia County                  ,6,6,913610,0,0,0,0,0,0,0,0,0,0,0,0,0,0,0,0,0,0,0,0,0
201003,26,079,2,3,Kalkaska County               ,1,1,105000,0,0,0,0,0,0,0,0,0,1,1,105000,0,0,0,0,0,0,0,0,0
201003,26,081,2,3,Kent County                   ,95,95,13901941,0,0,0,0,0,0,1,5,450000,78,78,10784931,0,0,0,0,0,0,0,0,0
201003,26,087,2,3,Lapeer County                 ,1,1,131446,0,0,0,0,0,0,0,0,0,1,1,131446,0,0,0,0,0,0,0,0,0
201003,26,089,2,3,Leelanau County               ,2,2,783370,0,0,0,0,0,0,0,0,0,2,2,783370,0,0,0,0,0,0,0,0,0
201003,26,093,2,3,Livingston County             ,9,9,1906385,0,0,0,0,0,0,0,0,0,7,7,1702222,0,0,0,0,0,0,0,0,0
201003,26,099,2,3,Macomb County                 ,58,58,9845394,0,0,0,0,0,0,0,0,0,58,58,9845394,0,0,0,0,0,0,0,0,0
201003,26,103,2,3,Marquette County              ,3,3,529000,0,0,0,0,0,0,0,0,0,3,3,529000,0,0,0,0,0,0,0,0,0
201003,26,113,2,3,Missaukee County              ,2,2,315094,0,0,0,0,0,0,0,0,0,0,0,0,0,0,0,0,0,0,0,0,0
201003,26,123,2,3,Newaygo County                ,4,4,325107,0,0,0,0,0,0,0,0,0,0,0,0,0,0,0,0,0,0,0,0,0
201003,26,125,2,3,Oakland County                ,66,66,13277803,0,0,0,0,0,0,0,0,0,50,50,8817103,0,0,0,0,0,0,0,0,0
201003,26,129,2,3,Ogemaw County                 ,2,2,336192,0,0,0,0,0,0,0,0,0,2,2,336192,0,0,0,0,0,0,0,0,0
201003,26,133,2,3,Osceola County                ,1,1,131000,0,0,0,0,0,0,0,0,0,1,1,131000,0,0,0,0,0,0,0,0,0
201003,26,137,2,3,Otsego County                 ,3,3,700286,0,0,0,0,0,0,0,0,0,0,0,0,0,0,0,0,0,0,0,0,0
201003,26,141,2,3,Presque Isle County           ,2,2,360000,0,0,0,0,0,0,0,0,0,2,2,360000,0,0,0,0,0,0,0,0,0
201003,26,147,2,3,St. Clair County              ,6,6,707888,0,0,0,1,4,378328,0,0,0,2,2,257121,0,0,0,0,0,0,0,0,0
201003,26,163,2,3,Wayne County                  ,23,23,4949293,0,0,0,0,0,0,0,0,0,21,21,4620509,0,0,0,0,0,0,0,0,0
201003,27,003,2,4,Anoka County                  ,75,75,17557837,0,0,0,1,4,621984,0,0,0,73,73,17147837,0,0,0,1,4,621984,0,0,0
201003,27,019,2,4,Carver County                 ,31,31,8675676,0,0,0,1,4,600000,0,0,0,28,28,7941361,0,0,0,1,4,600000,0,0,0
201003,27,025,2,4,Chisago County                ,2,2,361164,0,0,0,0,0,0,0,0,0,1,1,232735,0,0,0,0,0,0,0,0,0
201003,27,037,2,4,Dakota County                 ,51,51,12341645,0,0,0,0,0,0,0,0,0,47,47,11286021,0,0,0,0,0,0,0,0,0
201003,27,053,2,4,Hennepin County               ,66,66,21813179,0,0,0,0,0,0,1,8,1005847,62,62,18977100,0,0,0,0,0,0,1,8,1005847
201003,27,059,2,4,Isanti County                 ,3,3,353500,0,0,0,0,0,0,0,0,0,2,2,256000,0,0,0,0,0,0,0,0,0
201003,27,123,2,4,Ramsey County                 ,9,9,1974627,0,0,0,0,0,0,0,0,0,9,9,1974627,0,0,0,0,0,0,0,0,0
201003,27,139,2,4,Scott County                  ,41,41,10165163,0,0,0,0,0,0,0,0,0,31,31,7938019,0,0,0,0,0,0,0,0,0
201003,27,141,2,4,Sherburne County              ,27,27,4170953,0,0,0,0,0,0,0,0,0,25,25,3900538,0,0,0,0,0,0,0,0,0
201003,27,163,2,4,Washington County             ,50,50,13888829,0,0,0,0,0,0,3,258,22487000,50,50,13888829,0,0,0,0,0,0,3,258,22487000
201003,27,171,2,4,Wright County                 ,27,27,4218892,0,0,0,0,0,0,0,0,0,17,17,2256834,0,0,0,0,0,0,0,0,0
201003,28,021,3,6,Claiborne County              ,0,0,0,0,0,0,0,0,0,0,0,0,0,0,0,0,0,0,0,0,0,0,0,0
201003,28,033,3,6,DeSoto County                 ,64,64,7645551,0,0,0,0,0,0,0,0,0,54,54,6034746,0,0,0,0,0,0,0,0,0
201003,28,039,3,6,George County                 ,2,2,50000,0,0,0,0,0,0,0,0,0,2,2,50000,0,0,0,0,0,0,0,0,0
201003,28,071,3,6,Lafayette County              ,9,9,1208000,0,0,0,0,0,0,0,0,0,9,9,1208000,0,0,0,0,0,0,0,0,0
201003,28,091,3,6,Marion County                 ,0,0,0,0,0,0,0,0,0,0,0,0,0,0,0,0,0,0,0,0,0,0,0,0
201003,28,093,3,6,Marshall County               ,5,5,925000,0,0,0,0,0,0,0,0,0,5,5,925000,0,0,0,0,0,0,0,0,0
201003,28,137,3,6,Tate County                   ,8,8,771208,0,0,0,0,0,0,0,0,0,0,0,0,0,0,0,0,0,0,0,0,0
201003,28,143,3,6,Tunica County                 ,2,2,160624,0,0,0,0,0,0,0,0,0,0,0,0,0,0,0,0,0,0,0,0,0
201003,28,153,3,6,Wayne County                  ,0,0,0,0,0,0,0,0,0,0,0,0,0,0,0,0,0,0,0,0,0,0,0,0
201003,29,001,2,4,Adair County                  ,0,0,0,0,0,0,0,0,0,0,0,0,0,0,0,0,0,0,0,0,0,0,0,0
201003,29,013,2,4,Bates County                  ,0,0,0,0,0,0,0,0,0,0,0,0,0,0,0,0,0,0,0,0,0,0,0,0
201003,29,019,2,4,Boone County                  ,66,66,10454806,0,0,0,0,0,0,0,0,0,66,66,10454806,0,0,0,0,0,0,0,0,0
201003,29,025,2,4,Caldwell County               ,1,1,201682,0,0,0,0,0,0,0,0,0,0,0,0,0,0,0,0,0,0,0,0,0
201003,29,037,2,4,Cass County                   ,20,20,3565242,0,0,0,0,0,0,0,0,0,15,15,3144611,0,0,0,0,0,0,0,0,0
201003,29,047,2,4,Clay County                   ,16,16,3224080,0,0,0,0,0,0,0,0,0,16,16,3224080,0,0,0,0,0,0,0,0,0
201003,29,049,2,4,Clinton County                ,5,5,922660,0,0,0,0,0,0,0,0,0,0,0,0,0,0,0,0,0,0,0,0,0
201003,29,065,2,4,Dent County                   ,0,0,0,0,0,0,0,0,0,0,0,0,0,0,0,0,0,0,0,0,0,0,0,0
201003,29,071,2,4,Franklin County               ,32,32,4291397,0,0,0,0,0,0,0,0,0,30,30,3922874,0,0,0,0,0,0,0,0,0
201003,29,079,2,4,Grundy County                 ,1,1,160000,0,0,0,0,0,0,0,0,0,1,1,160000,0,0,0,0,0,0,0,0,0
201003,29,095,2,4,Jackson County                ,51,51,8830394,0,0,0,0,0,0,11,129,6046196,51,51,8830394,0,0,0,0,0,0,11,129,6046196
201003,29,099,2,4,Jefferson County              ,91,91,12320824,2,4,180000,0,0,0,0,0,0,90,90,12217074,2,4,180000,0,0,0,0,0,0
201003,29,105,2,4,Laclede County                ,1,1,99792,1,2,125962,0,0,0,0,0,0,0,0,0,0,0,0,0,0,0,0,0,0
201003,29,107,2,4,Lafayette County              ,5,5,937742,0,0,0,0,0,0,0,0,0,0,0,0,0,0,0,0,0,0,0,0,0
201003,29,113,2,4,Lincoln County                ,16,16,1661500,0,0,0,0,0,0,0,0,0,16,16,1661500,0,0,0,0,0,0,0,0,0
201003,29,141,2,4,Morgan County                 ,0,0,0,0,0,0,0,0,0,0,0,0,0,0,0,0,0,0,0,0,0,0,0,0
201003,29,161,2,4,Phelps County                 ,1,1,135799,1,2,222005,1,4,199257,0,0,0,0,0,0,0,0,0,0,0,0,0,0,0
201003,29,165,2,4,Platte County                 ,10,10,2334517,0,0,0,3,12,810000,0,0,0,9,9,1899517,0,0,0,3,12,810000,0,0,0
201003,29,177,2,4,Ray County                    ,2,2,368980,0,0,0,0,0,0,0,0,0,0,0,0,0,0,0,0,0,0,0,0,0
201003,29,183,2,4,St. Charles County            ,163,163,29120829,6,12,1227333,7,22,1859400,1,12,720000,151,151,25251555,6,12,1227333,7,22,1859400,1,12,720000
201003,29,189,2,4,St. Louis County              ,60,60,21049575,0,0,0,0,0,0,1,5,441020,21,21,6048106,0,0,0,0,0,0,0,0,0
201003,29,219,2,4,Warren County                 ,10,10,1693997,0,0,0,0,0,0,0,0,0,7,7,1398314,0,0,0,0,0,0,0,0,0
201003,29,221,2,4,Washington County             ,0,0,0,0,0,0,0,0,0,0,0,0,0,0,0,0,0,0,0,0,0,0,0,0
201003,29,510,2,4,St. Louis (Independent City)  ,14,14,1562538,0,0,0,2,6,548564,1,5,2139675,0,0,0,0,0,0,0,0,0,0,0,0
201003,30,023,4,8,Deer Lodge County             ,0,0,5000,0,0,0,0,0,0,0,0,0,0,0,5000,0,0,0,0,0,0,0,0,0
201003,30,063,4,8,Missoula County               ,20,20,2439877,2,4,147729,1,3,218432,0,0,0,20,20,2439877,2,4,147729,1,3,218432,0,0,0
201003,31,025,2,4,Cass County                   ,3,3,547126,0,0,0,0,0,0,0,0,0,3,3,547126,0,0,0,0,0,0,0,0,0
201003,31,033,2,4,Cheyenne County               ,1,1,173291,0,0,0,0,0,0,0,0,0,1,1,173291,0,0,0,0,0,0,0,0,0
201003,31,055,2,4,Douglas County                ,118,118,17328278,0,0,0,0,0,0,0,0,0,118,118,17328278,0,0,0,0,0,0,0,0,0
201003,31,077,2,4,Greeley County                ,0,0,0,0,0,0,0,0,0,0,0,0,0,0,0,0,0,0,0,0,0,0,0,0
201003,31,105,2,4,Kimball County                ,0,0,0,0,0,0,0,0,0,0,0,0,0,0,0,0,0,0,0,0,0,0,0,0
201003,31,153,2,4,Sarpy County                  ,68,68,14548829,0,0,0,0,0,0,0,0,0,45,45,9877423,0,0,0,0,0,0,0,0,0
201003,31,155,2,4,Saunders County               ,7,7,904765,0,0,0,0,0,0,0,0,0,6,6,779765,0,0,0,0,0,0,0,0,0
201003,31,177,2,4,Washington County             ,8,8,1294952,0,0,0,0,0,0,0,0,0,3,3,585224,0,0,0,0,0,0,0,0,0
201003,32,001,4,8,Churchill County              ,0,0,0,0,0,0,0,0,0,0,0,0,0,0,0,0,0,0,0,0,0,0,0,0
201003,32,003,4,8,Clark County                  ,745,745,89019420,0,0,0,2,6,476960,0,0,0,745,745,89019420,0,0,0,2,6,476960,0,0,0
201003,32,005,4,8,Douglas County                ,7,7,3029911,0,0,0,0,0,0,0,0,0,7,7,3029911,0,0,0,0,0,0,0,0,0
201003,32,007,4,8,Elko County                   ,15,15,1864128,0,0,0,0,0,0,0,0,0,15,15,1864128,0,0,0,0,0,0,0,0,0
201003,32,013,4,8,Humboldt County               ,3,3,344340,0,0,0,0,0,0,0,0,0,3,3,344340,0,0,0,0,0,0,0,0,0
201003,32,015,4,8,Lander County                 ,0,0,0,0,0,0,0,0,0,0,0,0,0,0,0,0,0,0,0,0,0,0,0,0
201003,32,017,4,8,Lincoln County                ,0,0,0,0,0,0,0,0,0,0,0,0,0,0,0,0,0,0,0,0,0,0,0,0
201003,32,019,4,8,Lyon County                   ,8,8,1172939,0,0,0,0,0,0,0,0,0,7,7,1053610,0,0,0,0,0,0,0,0,0
201003,32,021,4,8,Mineral County                ,0,0,0,0,0,0,0,0,0,0,0,0,0,0,0,0,0,0,0,0,0,0,0,0
201003,32,027,4,8,Pershing County               ,0,0,0,0,0,0,0,0,0,0,0,0,0,0,0,0,0,0,0,0,0,0,0,0
201003,32,029,4,8,Storey County                 ,1,1,184939,0,0,0,0,0,0,0,0,0,0,0,0,0,0,0,0,0,0,0,0,0
201003,32,031,4,8,Washoe County                 ,78,78,17434438,0,0,0,0,0,0,0,0,0,64,64,13123264,0,0,0,0,0,0,0,0,0
201003,32,033,4,8,White Pine County             ,0,0,0,0,0,0,0,0,0,0,0,0,0,0,0,0,0,0,0,0,0,0,0,0
201003,32,510,4,8,Carson City (Independent City),1,1,319300,0,0,0,0,0,0,0,0,0,1,1,319300,0,0,0,0,0,0,0,0,0
201003,33,015,1,1,Rockingham County             ,52,52,11945563,0,0,0,0,0,0,0,0,0,37,37,8321747,0,0,0,0,0,0,0,0,0
201003,33,017,1,1,Strafford County              ,17,17,3018755,0,0,0,0,0,0,0,0,0,14,14,2523940,0,0,0,0,0,0,0,0,0
201003,34,001,1,2,Atlantic County               ,35,35,5889613,1,2,518800,0,0,0,0,0,0,30,30,5079748,1,2,518800,0,0,0,0,0,0
201003,34,003,1,2,Bergen County                 ,44,44,14666103,6,12,1175133,0,0,0,3,48,634124,19,19,7308475,5,10,970300,0,0,0,1,38,70000
201003,34,005,1,2,Burlington County             ,52,52,8809260,0,0,0,0,0,0,0,0,0,27,27,4933541,0,0,0,0,0,0,0,0,0
201003,34,007,1,2,Camden County                 ,32,32,3653043,1,2,135010,0,0,0,3,32,1821682,9,9,899100,0,0,0,0,0,0,1,22,1059450
201003,34,009,1,2,Cape May County               ,25,25,6020675,8,16,2293000,0,0,0,0,0,0,23,23,5619110,8,16,2293000,0,0,0,0,0,0
201003,34,011,1,2,Cumberland County             ,27,27,2985325,0,0,0,0,0,0,0,0,0,3,3,169400,0,0,0,0,0,0,0,0,0
201003,34,013,1,2,Essex County                  ,45,45,11984661,2,4,450750,0,0,0,2,10,590791,27,27,7465686,2,4,450750,0,0,0,0,0,0
201003,34,015,1,2,Gloucester County             ,55,55,6860226,2,4,309544,0,0,0,0,0,0,35,35,4628044,1,2,187300,0,0,0,0,0,0
201003,34,017,1,2,Hudson County                 ,9,9,1639712,2,4,708600,2,6,679200,2,14,1461168,3,3,486100,2,4,708600,2,6,679200,0,0,0
201003,34,019,1,2,Hunterdon County              ,7,7,1383384,0,0,0,0,0,0,1,12,465000,3,3,743800,0,0,0,0,0,0,1,12,465000
201003,34,021,1,2,Mercer County                 ,22,22,4676456,0,0,0,0,0,0,0,0,0,4,4,1380700,0,0,0,0,0,0,0,0,0
201003,34,023,1,2,Middlesex County              ,63,63,10322589,0,0,0,1,3,204675,4,60,1559905,57,57,9553996,0,0,0,0,0,0,2,50,648000
201003,34,025,1,2,Monmouth County               ,44,44,8591514,0,0,0,0,0,0,4,77,1357789,34,34,5640837,0,0,0,0,0,0,2,67,937225
201003,34,027,1,2,Morris County                 ,32,32,7441075,0,0,0,0,0,0,0,0,0,15,15,3441000,0,0,0,0,0,0,0,0,0
201003,34,029,1,2,Ocean County                  ,114,114,16749608,0,0,0,1,3,56918,0,0,0,86,86,11292104,0,0,0,0,0,0,0,0,0
201003,34,031,1,2,Passaic County                ,16,16,3057561,2,4,283620,0,0,0,1,5,584169,1,1,774500,0,0,0,0,0,0,0,0,0
201003,34,033,1,2,Salem County                  ,1,1,279800,0,0,0,0,0,0,0,0,0,1,1,279800,0,0,0,0,0,0,0,0,0
201003,34,035,1,2,Somerset County               ,31,31,6841238,0,0,0,1,3,134611,1,5,500000,19,19,5038100,0,0,0,0,0,0,0,0,0
201003,34,037,1,2,Sussex County                 ,27,27,3076432,0,0,0,0,0,0,0,0,0,17,17,1081686,0,0,0,0,0,0,0,0,0
201003,34,039,1,2,Union County                  ,20,20,4134812,5,10,650150,0,0,0,2,31,960001,5,5,775590,5,10,650150,0,0,0,2,31,960001
201003,34,041,1,2,Warren County                 ,19,19,1858728,0,0,0,0,0,0,0,0,0,15,15,1298579,0,0,0,0,0,0,0,0,0
201003,35,000,4,8,New Mexico Balance of State   ,76,76,15629354,0,0,0,0,0,0,0,0,0,76,76,15629354,0,0,0,0,0,0,0,0,0
201003,35,001,4,8,Bernalillo County             ,102,102,18176667,0,0,0,1,3,422318,1,14,1097992,5,5,1090455,0,0,0,0,0,0,0,0,0
201003,35,005,4,8,Chaves County                 ,2,2,547433,0,0,0,0,0,0,0,0,0,0,0,0,0,0,0,0,0,0,0,0,0
201003,35,007,4,8,Colfax County                 ,1,1,360752,0,0,0,0,0,0,0,0,0,0,0,0,0,0,0,0,0,0,0,0,0
201003,35,009,4,8,Curry County                  ,18,18,4041421,3,6,868497,0,0,0,0,0,0,18,18,4041421,3,6,868497,0,0,0,0,0,0
201003,35,013,4,8,Dona Ana County               ,83,83,14749977,0,0,0,1,3,403125,0,0,0,26,26,7120487,0,0,0,0,0,0,0,0,0
201003,35,015,4,8,Eddy County                   ,11,11,2052537,0,0,0,0,0,0,0,0,0,7,7,1346513,0,0,0,0,0,0,0,0,0
201003,35,025,4,8,Lea County                    ,3,3,1257170,0,0,0,0,0,0,6,60,7650000,3,3,1257170,0,0,0,0,0,0,6,60,7650000
201003,35,027,4,8,Lincoln County                ,6,6,1049868,0,0,0,0,0,0,0,0,0,0,0,0,0,0,0,0,0,0,0,0,0
201003,35,028,4,8,Los Alamos County             ,1,1,462290,0,0,0,0,0,0,0,0,0,0,0,0,0,0,0,0,0,0,0,0,0
201003,35,029,4,8,Luna County                   ,3,3,550645,0,0,0,0,0,0,0,0,0,0,0,0,0,0,0,0,0,0,0,0,0
201003,35,031,4,8,McKinley County               ,0,0,0,0,0,0,0,0,0,1,5,361734,0,0,0,0,0,0,0,0,0,0,0,0
201003,35,035,4,8,Otero County                  ,0,0,0,0,0,0,0,0,0,0,0,0,0,0,0,0,0,0,0,0,0,0,0,0
201003,35,039,4,8,Rio Arriba County             ,0,0,0,0,0,0,0,0,0,0,0,0,0,0,0,0,0,0,0,0,0,0,0,0
201003,35,041,4,8,Roosevelt County              ,3,3,417000,0,0,0,0,0,0,0,0,0,3,3,417000,0,0,0,0,0,0,0,0,0
201003,35,043,4,8,Sandoval County               ,61,61,11995908,0,0,0,0,0,0,0,0,0,0,0,0,0,0,0,0,0,0,0,0,0
201003,35,045,4,8,San Juan County               ,29,29,4871155,0,0,0,0,0,0,0,0,0,29,29,4871155,0,0,0,0,0,0,0,0,0
201003,35,049,4,8,Santa Fe County               ,12,12,1600382,0,0,0,0,0,0,0,0,0,0,0,0,0,0,0,0,0,0,0,0,0
201003,35,051,4,8,Sierra County                 ,0,0,0,0,0,0,0,0,0,0,0,0,0,0,0,0,0,0,0,0,0,0,0,0
201003,35,053,4,8,Socorro County                ,1,1,150000,0,0,0,0,0,0,0,0,0,1,1,150000,0,0,0,0,0,0,0,0,0
201003,35,055,4,8,Taos County                   ,6,6,657935,0,0,0,0,0,0,0,0,0,0,0,0,0,0,0,0,0,0,0,0,0
201003,35,061,4,8,Valencia County               ,9,9,1137370,0,0,0,0,0,0,0,0,0,0,0,0,0,0,0,0,0,0,0,0,0
201003,36,005,1,2,Bronx County                  ,2,2,450617,4,8,903942,1,3,320073,0,0,0,2,2,450617,4,8,903942,1,3,320073,0,0,0
201003,36,047,1,2,Kings County                  ,0,0,0,2,4,451971,2,7,746836,4,71,7853395,0,0,0,2,4,451971,2,7,746836,4,71,7853395
201003,36,059,1,2,Nassau County                 ,48,48,12959873,0,0,0,0,0,0,0,0,0,13,13,6147500,0,0,0,0,0,0,0,0,0
201003,36,061,1,2,New York County               ,0,0,0,1,2,225986,0,0,0,2,324,35838030,0,0,0,1,2,225986,0,0,0,2,324,35838030
201003,36,079,1,2,Putnam County                 ,2,2,677012,0,0,0,0,0,0,0,0,0,1,1,380000,0,0,0,0,0,0,0,0,0
201003,36,081,1,2,Queens County                 ,7,7,1577158,12,24,2711827,9,32,3414109,2,33,3650170,7,7,1577158,12,24,2711827,9,32,3414109,2,33,3650170
201003,36,085,1,2,Richmond County               ,9,9,2027775,8,16,1807885,0,0,0,0,0,0,9,9,2027775,8,16,1807885,0,0,0,0,0,0
201003,36,087,1,2,Rockland County               ,4,4,778000,0,0,0,0,0,0,0,0,0,4,4,778000,0,0,0,0,0,0,0,0,0
201003,36,103,1,2,Suffolk County                ,66,66,29963124,0,0,0,0,0,0,0,0,0,48,48,26029079,0,0,0,0,0,0,0,0,0
201003,36,119,1,2,Westchester County            ,12,12,4344543,2,4,400000,0,0,0,0,0,0,5,5,2245000,2,4,400000,0,0,0,0,0,0
201003,37,003,3,5,Alexander County              ,6,6,1110000,0,0,0,0,0,0,0,0,0,6,6,1110000,0,0,0,0,0,0,0,0,0
201003,37,007,3,5,Anson County                  ,2,2,269490,0,0,0,0,0,0,0,0,0,2,2,269490,0,0,0,0,0,0,0,0,0
201003,37,009,3,5,Ashe County                   ,5,5,1359000,0,0,0,0,0,0,0,0,0,5,5,1359000,0,0,0,0,0,0,0,0,0
201003,37,011,3,5,Avery County                  ,3,3,410000,0,0,0,0,0,0,0,0,0,3,3,410000,0,0,0,0,0,0,0,0,0
201003,37,019,3,5,Brunswick County              ,102,102,18474198,0,0,0,0,0,0,0,0,0,98,98,17546094,0,0,0,0,0,0,0,0,0
201003,37,025,3,5,Cabarrus County               ,55,55,7974184,0,0,0,0,0,0,0,0,0,55,55,7974184,0,0,0,0,0,0,0,0,0
201003,37,027,3,5,Caldwell County               ,11,11,1471400,0,0,0,0,0,0,5,40,3192870,11,11,1471400,0,0,0,0,0,0,5,40,3192870
201003,37,037,3,5,Chatham County                ,20,20,2912822,0,0,0,0,0,0,0,0,0,20,20,2912822,0,0,0,0,0,0,0,0,0
201003,37,039,3,5,Cherokee County               ,15,15,2715837,0,0,0,0,0,0,0,0,0,15,15,2715837,0,0,0,0,0,0,0,0,0
201003,37,049,3,5,Craven County                 ,50,50,4203874,0,0,0,0,0,0,0,0,0,30,30,2591216,0,0,0,0,0,0,0,0,0
201003,37,053,3,5,Currituck County              ,12,12,4025623,0,0,0,0,0,0,0,0,0,0,0,0,0,0,0,0,0,0,0,0,0
201003,37,059,3,5,Davie County                  ,6,6,672100,0,0,0,0,0,0,0,0,0,6,6,672100,0,0,0,0,0,0,0,0,0
201003,37,063,3,5,Durham County                 ,110,110,21270178,1,2,113610,0,0,0,1,7,616197,0,0,0,0,0,0,0,0,0,0,0,0
201003,37,067,3,5,Forsyth County                ,101,101,15692118,0,0,0,0,0,0,0,0,0,101,101,15692118,0,0,0,0,0,0,0,0,0
201003,37,069,3,5,Franklin County               ,21,21,2621938,0,0,0,0,0,0,0,0,0,21,21,2621938,0,0,0,0,0,0,0,0,0
201003,37,071,3,5,Gaston County                 ,66,66,13192111,1,2,150745,0,0,0,0,0,0,66,66,13192111,1,2,150745,0,0,0,0,0,0
201003,37,081,3,5,Guilford County               ,130,130,23877211,0,0,0,1,3,67212,1,6,678485,59,59,8550162,0,0,0,0,0,0,0,0,0
201003,37,089,3,5,Henderson County              ,28,28,3791747,0,0,0,0,0,0,0,0,0,28,28,3791747,0,0,0,0,0,0,0,0,0
201003,37,093,3,5,Hoke County                   ,57,57,10095453,0,0,0,0,0,0,0,0,0,57,57,10095453,0,0,0,0,0,0,0,0,0
201003,37,097,3,5,Iredell County                ,120,120,17014140,1,2,233333,0,0,0,0,0,0,0,0,0,0,0,0,0,0,0,0,0,0
201003,37,101,3,5,Johnston County               ,88,88,13365550,0,0,0,0,0,0,0,0,0,88,88,13365550,0,0,0,0,0,0,0,0,0
201003,37,105,3,5,Lee County                    ,13,13,2319975,0,0,0,0,0,0,0,0,0,13,13,2319975,0,0,0,0,0,0,0,0,0
201003,37,109,3,5,Lincoln County                ,25,25,5371705,1,2,110000,0,0,0,0,0,0,0,0,0,0,0,0,0,0,0,0,0,0
201003,37,113,3,5,Macon County                  ,8,8,2122560,0,0,0,0,0,0,0,0,0,8,8,2122560,0,0,0,0,0,0,0,0,0
201003,37,119,3,5,Mecklenburg County            ,217,217,39086928,0,0,0,15,57,5151710,0,0,0,217,217,39086928,0,0,0,15,57,5151710,0,0,0
201003,37,127,3,5,Nash County                   ,31,31,3448246,0,0,0,0,0,0,0,0,0,22,22,2842355,0,0,0,0,0,0,0,0,0
201003,37,129,3,5,New Hanover County            ,60,60,15020872,2,4,597435,0,0,0,1,23,1785093,1,1,390000,1,2,317000,0,0,0,0,0,0
201003,37,135,3,5,Orange County                 ,26,26,7315436,0,0,0,0,0,0,0,0,0,22,22,6282694,0,0,0,0,0,0,0,0,0
201003,37,137,3,5,Pamlico County                ,6,6,1629820,0,0,0,0,0,0,0,0,0,0,0,0,0,0,0,0,0,0,0,0,0
201003,37,141,3,5,Pender County                 ,20,20,2652207,0,0,0,0,0,0,1,5,519975,18,18,2285456,0,0,0,0,0,0,0,0,0
201003,37,145,3,5,Person County                 ,9,9,1570965,0,0,0,0,0,0,0,0,0,9,9,1570965,0,0,0,0,0,0,0,0,0
201003,37,147,3,5,Pitt County                   ,60,60,8346000,3,6,612900,0,0,0,0,0,0,60,60,8346000,3,6,612900,0,0,0,0,0,0
201003,37,149,3,5,Polk County                   ,5,5,1135895,0,0,0,0,0,0,0,0,0,5,5,1135895,0,0,0,0,0,0,0,0,0
201003,37,151,3,5,Randolph County               ,32,32,5607575,0,0,0,0,0,0,0,0,0,4,4,285000,0,0,0,0,0,0,0,0,0
201003,37,157,3,5,Rockingham County             ,12,12,2770075,0,0,0,0,0,0,0,0,0,12,12,2770075,0,0,0,0,0,0,0,0,0
201003,37,159,3,5,Rowan County                  ,21,21,5313520,0,0,0,0,0,0,0,0,0,21,21,5313520,0,0,0,0,0,0,0,0,0
201003,37,163,3,5,Sampson County                ,8,8,840270,0,0,0,0,0,0,0,0,0,8,8,840270,0,0,0,0,0,0,0,0,0
201003,37,167,3,5,Stanly County                 ,14,14,1467771,0,0,0,0,0,0,1,5,267480,0,0,0,0,0,0,0,0,0,0,0,0
201003,37,171,3,5,Surry County                  ,12,12,2274398,0,0,0,0,0,0,0,0,0,12,12,2274398,0,0,0,0,0,0,0,0,0
201003,37,175,3,5,Transylvania County           ,18,18,3424355,0,0,0,0,0,0,0,0,0,18,18,3424355,0,0,0,0,0,0,0,0,0
201003,37,179,3,5,Union County                  ,67,67,9825423,0,0,0,0,0,0,0,0,0,67,67,9825423,0,0,0,0,0,0,0,0,0
201003,37,181,3,5,Vance County                  ,2,2,262000,0,0,0,0,0,0,0,0,0,2,2,262000,0,0,0,0,0,0,0,0,0
201003,37,183,3,5,Wake County                   ,462,462,88783159,0,0,0,0,0,0,1,6,1110000,423,423,80912308,0,0,0,0,0,0,1,6,1110000
201003,37,195,3,5,Wilson County                 ,11,11,2122251,0,0,0,0,0,0,0,0,0,11,11,2122251,0,0,0,0,0,0,0,0,0
201003,39,015,2,3,Brown County                  ,2,2,250000,0,0,0,0,0,0,0,0,0,2,2,250000,0,0,0,0,0,0,0,0,0
201003,39,017,2,3,Butler County                 ,59,59,10776243,3,6,690000,0,0,0,1,5,437500,54,54,10024798,3,6,690000,0,0,0,0,0,0
201003,39,025,2,3,Clermont County               ,56,56,7701382,0,0,0,0,0,0,0,0,0,56,56,7701382,0,0,0,0,0,0,0,0,0
201003,39,035,2,3,Cuyahoga County               ,49,49,10334086,0,0,0,1,3,136408,1,5,530305,21,21,4955810,0,0,0,0,0,0,0,0,0
201003,39,041,2,3,Delaware County               ,47,47,9812803,0,0,0,0,0,0,0,0,0,47,47,9812803,0,0,0,0,0,0,0,0,0
201003,39,045,2,3,Fairfield County              ,23,23,4353835,0,0,0,0,0,0,0,0,0,17,17,3174769,0,0,0,0,0,0,0,0,0
201003,39,049,2,3,Franklin County               ,171,171,37028931,7,14,1737000,9,34,3105000,12,298,7254000,153,153,33100396,7,14,1737000,9,34,3105000,12,298,7254000
201003,39,055,2,3,Geauga County                 ,12,12,2707596,0,0,0,0,0,0,0,0,0,0,0,0,0,0,0,0,0,0,0,0,0
201003,39,061,2,3,Hamilton County               ,41,41,12463100,0,0,0,0,0,0,1,5,520003,11,11,2253713,0,0,0,0,0,0,0,0,0
201003,39,085,2,3,Lake County                   ,40,40,8416008,0,0,0,0,0,0,0,0,0,28,28,5264210,0,0,0,0,0,0,0,0,0
201003,39,089,2,3,Licking County                ,26,26,5331750,0,0,0,0,0,0,0,0,0,26,26,5331750,0,0,0,0,0,0,0,0,0
201003,39,093,2,3,Lorain County                 ,73,73,13974381,0,0,0,0,0,0,0,0,0,68,68,12947070,0,0,0,0,0,0,0,0,0
201003,39,097,2,3,Madison County                ,4,4,784017,0,0,0,0,0,0,0,0,0,3,3,619017,0,0,0,0,0,0,0,0,0
201003,39,103,2,3,Medina County                 ,57,57,10882956,0,0,0,0,0,0,0,0,0,57,57,10882956,0,0,0,0,0,0,0,0,0
201003,39,117,2,3,Morrow County                 ,2,2,306339,0,0,0,0,0,0,0,0,0,2,2,306339,0,0,0,0,0,0,0,0,0
201003,39,129,2,3,Pickaway County               ,2,2,474377,0,0,0,0,0,0,0,0,0,2,2,474377,0,0,0,0,0,0,0,0,0
201003,39,159,2,3,Union County                  ,11,11,2269729,0,0,0,0,0,0,0,0,0,11,11,2269729,0,0,0,0,0,0,0,0,0
201003,39,165,2,3,Warren County                 ,77,77,19694977,1,2,336828,0,0,0,0,0,0,73,73,18969317,1,2,336828,0,0,0,0,0,0
201003,39,169,2,3,Wayne County                  ,9,9,1739500,0,0,0,0,0,0,0,0,0,9,9,1739500,0,0,0,0,0,0,0,0,0
201003,40,017,3,7,Canadian County               ,35,35,6305173,0,0,0,0,0,0,0,0,0,30,30,5123975,0,0,0,0,0,0,0,0,0
201003,40,021,3,7,Cherokee County               ,2,2,378979,1,2,196800,0,0,0,0,0,0,0,0,0,0,0,0,0,0,0,0,0,0
201003,40,027,3,7,Cleveland County              ,87,87,12309302,0,0,0,0,0,0,0,0,0,85,85,12015045,0,0,0,0,0,0,0,0,0
201003,40,029,3,7,Coal County                   ,0,0,0,0,0,0,0,0,0,0,0,0,0,0,0,0,0,0,0,0,0,0,0,0
201003,40,037,3,7,Creek County                  ,9,9,1075062,0,0,0,0,0,0,0,0,0,0,0,0,0,0,0,0,0,0,0,0,0
201003,40,051,3,7,Grady County                  ,9,9,1411133,0,0,0,0,0,0,0,0,0,8,8,1323000,0,0,0,0,0,0,0,0,0
201003,40,081,3,7,Lincoln County                ,0,0,0,0,0,0,0,0,0,0,0,0,0,0,0,0,0,0,0,0,0,0,0,0
201003,40,083,3,7,Logan County                  ,2,2,200000,0,0,0,0,0,0,0,0,0,2,2,200000,0,0,0,0,0,0,0,0,0
201003,40,087,3,7,McClain County                ,13,13,1534600,0,0,0,0,0,0,0,0,0,8,8,833000,0,0,0,0,0,0,0,0,0
201003,40,099,3,7,Murray County                 ,1,1,65000,0,0,0,0,0,0,0,0,0,1,1,65000,0,0,0,0,0,0,0,0,0
201003,40,109,3,7,Oklahoma County               ,198,198,34204556,2,4,316858,0,0,0,1,6,347654,40,40,11679003,0,0,0,0,0,0,0,0,0
201003,40,111,3,7,Okmulgee County               ,0,0,0,0,0,0,0,0,0,0,0,0,0,0,0,0,0,0,0,0,0,0,0,0
201003,40,113,3,7,Osage County                  ,5,5,830372,0,0,0,0,0,0,0,0,0,5,5,830372,0,0,0,0,0,0,0,0,0
201003,40,117,3,7,Pawnee County                 ,0,0,0,0,0,0,0,0,0,0,0,0,0,0,0,0,0,0,0,0,0,0,0,0
201003,40,131,3,7,Rogers County                 ,34,34,5115000,0,0,0,0,0,0,0,0,0,34,34,5115000,0,0,0,0,0,0,0,0,0
201003,40,143,3,7,Tulsa County                  ,302,302,54702588,1,2,280000,0,0,0,0,0,0,302,302,54702588,1,2,280000,0,0,0,0,0,0
201003,40,145,3,7,Wagoner County                ,26,26,2546220,0,0,0,0,0,0,0,0,0,26,26,2546220,0,0,0,0,0,0,0,0,0
201003,41,000,4,9,Oregon Balance of State       ,6,6,697091,0,0,0,0,0,0,0,0,0,6,6,697091,0,0,0,0,0,0,0,0,0
201003,41,001,4,9,Baker County                  ,5,5,1182522,0,0,0,0,0,0,0,0,0,5,5,1182522,0,0,0,0,0,0,0,0,0
201003,41,005,4,9,Clackamas County              ,100,100,20145516,2,4,642556,0,0,0,1,22,329144,94,94,18473645,2,4,642556,0,0,0,1,22,329144
201003,41,009,4,9,Columbia County               ,6,6,994296,0,0,0,0,0,0,0,0,0,4,4,649688,0,0,0,0,0,0,0,0,0
201003,41,017,4,9,Deschutes County              ,31,31,6831322,1,2,337630,0,0,0,0,0,0,31,31,6831322,1,2,337630,0,0,0,0,0,0
201003,41,019,4,9,Douglas County                ,13,13,3233445,0,0,0,0,0,0,0,0,0,13,13,3233445,0,0,0,0,0,0,0,0,0
201003,41,025,4,9,Harney County                 ,0,0,0,0,0,0,0,0,0,0,0,0,0,0,0,0,0,0,0,0,0,0,0,0
201003,41,033,4,9,Josephine County              ,15,15,2971475,0,0,0,0,0,0,0,0,0,15,15,2971475,0,0,0,0,0,0,0,0,0
201003,41,035,4,9,Klamath County                ,12,12,2801150,0,0,0,0,0,0,0,0,0,12,12,2801150,0,0,0,0,0,0,0,0,0
201003,41,045,4,9,Malheur County                ,1,1,127000,0,0,0,0,0,0,0,0,0,1,1,127000,0,0,0,0,0,0,0,0,0
201003,41,051,4,9,Multnomah County              ,40,40,9045455,0,0,0,0,0,0,0,0,0,40,40,9045455,0,0,0,0,0,0,0,0,0
201003,41,057,4,9,Tillamook County              ,4,4,916782,0,0,0,0,0,0,0,0,0,4,4,916782,0,0,0,0,0,0,0,0,0
201003,41,059,4,9,Umatilla County               ,9,9,1807199,0,0,0,0,0,0,0,0,0,9,9,1807199,0,0,0,0,0,0,0,0,0
201003,41,061,4,9,Union County                  ,4,4,1087553,0,0,0,0,0,0,0,0,0,4,4,1087553,0,0,0,0,0,0,0,0,0
201003,41,067,4,9,Washington County             ,87,87,22325969,0,0,0,0,0,0,3,15,2154791,87,87,22325969,0,0,0,0,0,0,3,15,2154791
201003,41,071,4,9,Yamhill County                ,13,13,3500246,0,0,0,0,0,0,0,0,0,12,12,3247300,0,0,0,0,0,0,0,0,0
201003,42,001,1,2,Adams County                  ,16,16,3148788,0,0,0,0,0,0,0,0,0,16,16,3148788,0,0,0,0,0,0,0,0,0
201003,42,003,1,2,Allegheny County              ,113,113,23253205,0,0,0,0,0,0,1,5,220794,89,89,18713434,0,0,0,0,0,0,0,0,0
201003,42,005,1,2,Armstrong County              ,2,2,228847,0,0,0,0,0,0,0,0,0,0,0,0,0,0,0,0,0,0,0,0,0
201003,42,007,1,2,Beaver County                 ,11,11,2553466,0,0,0,0,0,0,0,0,0,6,6,1621190,0,0,0,0,0,0,0,0,0
201003,42,017,1,2,Bucks County                  ,55,55,10220872,0,0,0,1,4,427200,0,0,0,32,32,5649619,0,0,0,1,4,427200,0,0,0
201003,42,019,1,2,Butler County                 ,41,41,9294078,0,0,0,0,0,0,0,0,0,32,32,7561776,0,0,0,0,0,0,0,0,0
201003,42,025,1,2,Carbon County                 ,10,10,1833416,0,0,0,0,0,0,0,0,0,6,6,1126400,0,0,0,0,0,0,0,0,0
201003,42,029,1,2,Chester County                ,87,87,14806505,2,4,451971,0,0,0,0,0,0,57,57,9544853,2,4,451971,0,0,0,0,0,0
201003,42,045,1,2,Delaware County               ,32,32,6306329,1,2,180000,1,3,300000,0,0,0,13,13,2353195,1,2,180000,0,0,0,0,0,0
201003,42,051,1,2,Fayette County                ,21,21,4624918,0,0,0,0,0,0,0,0,0,0,0,0,0,0,0,0,0,0,0,0,0
201003,42,055,1,2,Franklin County               ,49,49,6359742,0,0,0,0,0,0,2,11,970000,34,34,4575000,0,0,0,0,0,0,1,6,720000
201003,42,065,1,2,Jefferson County              ,0,0,0,0,0,0,0,0,0,0,0,0,0,0,0,0,0,0,0,0,0,0,0,0
201003,42,077,1,2,Lehigh County                 ,65,65,7230590,1,2,250000,0,0,0,0,0,0,55,55,5364635,0,0,0,0,0,0,0,0,0
201003,42,091,1,2,Montgomery County             ,66,66,12708585,0,0,0,0,0,0,0,0,0,45,45,8461105,0,0,0,0,0,0,0,0,0
201003,42,095,1,2,Northampton County            ,45,45,8137849,0,0,0,0,0,0,0,0,0,29,29,5077484,0,0,0,0,0,0,0,0,0
201003,42,101,1,2,Philadelphia County           ,53,53,11941340,11,22,2485842,2,7,746836,4,108,11946010,53,53,11941340,11,22,2485842,2,7,746836,4,108,11946010
201003,42,103,1,2,Pike County                   ,12,12,2425733,0,0,0,0,0,0,0,0,0,10,10,1985265,0,0,0,0,0,0,0,0,0
201003,42,125,1,2,Washington County             ,40,40,8253153,0,0,0,1,4,348400,0,0,0,20,20,4614407,0,0,0,1,4,348400,0,0,0
201003,42,129,1,2,Westmoreland County           ,29,29,5504318,0,0,0,0,0,0,0,0,0,13,13,2665505,0,0,0,0,0,0,0,0,0
201003,44,001,1,1,Bristol County                ,3,3,350000,0,0,0,0,0,0,0,0,0,3,3,350000,0,0,0,0,0,0,0,0,0
201003,44,003,1,1,Kent County                   ,5,5,636944,0,0,0,0,0,0,0,0,0,2,2,278200,0,0,0,0,0,0,0,0,0
201003,44,005,1,1,Newport County                ,3,3,930000,0,0,0,0,0,0,0,0,0,3,3,930000,0,0,0,0,0,0,0,0,0
201003,44,007,1,1,Providence County             ,34,34,4297073,0,0,0,0,0,0,0,0,0,30,30,3617931,0,0,0,0,0,0,0,0,0
201003,44,009,1,1,Washington County             ,25,25,5507103,0,0,0,0,0,0,0,0,0,14,14,2419600,0,0,0,0,0,0,0,0,0
201003,45,003,3,5,Aiken County                  ,96,96,21188349,0,0,0,0,0,0,0,0,0,86,86,20068187,0,0,0,0,0,0,0,0,0
201003,45,009,3,5,Bamberg County                ,3,3,261000,0,0,0,0,0,0,0,0,0,3,3,261000,0,0,0,0,0,0,0,0,0
201003,45,015,3,5,Berkeley County               ,136,136,26328169,0,0,0,0,0,0,0,0,0,53,53,10640578,0,0,0,0,0,0,0,0,0
201003,45,017,3,5,Calhoun County                ,2,2,196000,0,0,0,0,0,0,0,0,0,2,2,196000,0,0,0,0,0,0,0,0,0
201003,45,019,3,5,Charleston County             ,141,141,34960233,7,14,462000,0,0,0,7,96,7570779,62,62,12656558,7,14,462000,0,0,0,6,72,6368291
201003,45,035,3,5,Dorchester County             ,94,94,20352892,0,0,0,0,0,0,0,0,0,94,94,20352892,0,0,0,0,0,0,0,0,0
201003,45,039,3,5,Fairfield County              ,4,4,463990,0,0,0,0,0,0,0,0,0,0,0,0,0,0,0,0,0,0,0,0,0
201003,45,041,3,5,Florence County               ,34,34,4601596,0,0,0,0,0,0,1,8,480000,0,0,0,0,0,0,0,0,0,0,0,0
201003,45,045,3,5,Greenville County             ,175,175,37158532,1,2,188665,1,3,285569,5,57,5675633,162,162,34368422,0,0,0,0,0,0,3,40,4900550
201003,45,047,3,5,Greenwood County              ,11,11,1626810,0,0,0,0,0,0,0,0,0,11,11,1626810,0,0,0,0,0,0,0,0,0
201003,45,055,3,5,Kershaw County                ,35,35,4390509,0,0,0,0,0,0,0,0,0,35,35,4390509,0,0,0,0,0,0,0,0,0
201003,45,059,3,5,Laurens County                ,9,9,1207898,0,0,0,0,0,0,1,18,1126000,8,8,1137168,0,0,0,0,0,0,1,18,1126000
201003,45,063,3,5,Lexington County              ,138,138,23713148,0,0,0,0,0,0,0,0,0,16,16,2126220,0,0,0,0,0,0,0,0,0
201003,45,077,3,5,Pickens County                ,31,31,8017134,0,0,0,0,0,0,0,0,0,2,2,436000,0,0,0,0,0,0,0,0,0
201003,45,079,3,5,Richland County               ,137,137,16191912,0,0,0,0,0,0,1,18,1015963,42,42,5015864,0,0,0,0,0,0,0,0,0
201003,45,081,3,5,Saluda County                 ,4,4,571612,0,0,0,0,0,0,0,0,0,4,4,571612,0,0,0,0,0,0,0,0,0
201003,45,085,3,5,Sumter County                 ,28,28,3702353,0,0,0,1,3,90000,0,0,0,0,0,0,0,0,0,0,0,0,0,0,0
201003,45,091,3,5,York County                   ,173,173,42724171,0,0,0,0,0,0,0,0,0,27,27,6085877,0,0,0,0,0,0,0,0,0
201003,46,005,2,4,Beadle County                 ,2,2,357306,0,0,0,0,0,0,0,0,0,2,2,357306,0,0,0,0,0,0,0,0,0
201003,46,069,2,4,Hyde County                   ,0,0,0,0,0,0,0,0,0,0,0,0,0,0,0,0,0,0,0,0,0,0,0,0
201003,46,121,2,4,Todd County                   ,0,0,0,0,0,0,0,0,0,0,0,0,0,0,0,0,0,0,0,0,0,0,0,0
201003,47,011,3,6,Bradley County                ,22,22,3775622,0,0,0,0,0,0,0,0,0,7,7,1461000,0,0,0,0,0,0,0,0,0
201003,47,015,3,6,Cannon County                 ,0,0,0,0,0,0,0,0,0,0,0,0,0,0,0,0,0,0,0,0,0,0,0,0
201003,47,021,3,6,Cheatham County               ,3,3,970000,0,0,0,0,0,0,0,0,0,3,3,970000,0,0,0,0,0,0,0,0,0
201003,47,037,3,6,Davidson County               ,177,177,35967365,2,4,456500,0,0,0,1,14,1641672,175,175,34887764,2,4,456500,0,0,0,1,14,1641672
201003,47,039,3,6,Decatur County                ,0,0,0,0,0,0,0,0,0,0,0,0,0,0,0,0,0,0,0,0,0,0,0,0
201003,47,043,3,6,Dickson County                ,13,13,2349924,0,0,0,0,0,0,0,0,0,12,12,2289924,0,0,0,0,0,0,0,0,0
201003,47,047,3,6,Fayette County                ,14,14,2932145,0,0,0,0,0,0,0,0,0,14,14,2932145,0,0,0,0,0,0,0,0,0
201003,47,063,3,6,Hamblen County                ,12,12,1204924,1,2,80000,0,0,0,0,0,0,5,5,578200,1,2,80000,0,0,0,0,0,0
201003,47,071,3,6,Hardin County                 ,2,2,127775,0,0,0,0,0,0,0,0,0,0,0,0,0,0,0,0,0,0,0,0,0
201003,47,081,3,6,Hickman County                ,0,0,0,0,0,0,0,0,0,0,0,0,0,0,0,0,0,0,0,0,0,0,0,0
201003,47,091,3,6,Johnson County                ,0,0,0,0,0,0,0,0,0,0,0,0,0,0,0,0,0,0,0,0,0,0,0,0
201003,47,093,3,6,Knox County                   ,134,134,20271462,3,6,609130,0,0,0,3,40,5845046,40,40,5814275,0,0,0,0,0,0,2,24,5000000
201003,47,111,3,6,Macon County                  ,1,1,70000,2,4,100000,0,0,0,0,0,0,1,1,70000,2,4,100000,0,0,0,0,0,0
201003,47,113,3,6,Madison County                ,35,35,5576625,0,0,0,0,0,0,0,0,0,35,35,5576625,0,0,0,0,0,0,0,0,0
201003,47,125,3,6,Montgomery County             ,120,120,15285435,3,6,527000,1,4,222000,3,18,780000,120,120,15285435,3,6,527000,1,4,222000,3,18,780000
201003,47,141,3,6,Putnam County                 ,15,15,2202968,1,2,168300,0,0,0,0,0,0,11,11,1487400,0,0,0,0,0,0,0,0,0
201003,47,147,3,6,Robertson County              ,20,20,2855019,0,0,0,0,0,0,0,0,0,17,17,2385599,0,0,0,0,0,0,0,0,0
201003,47,149,3,6,Rutherford County             ,127,127,20780906,0,0,0,0,0,0,1,14,669593,92,92,16440536,0,0,0,0,0,0,0,0,0
201003,47,157,3,6,Shelby County                 ,107,107,20332998,0,0,0,0,0,0,2,218,17012441,107,107,20332998,0,0,0,0,0,0,2,218,17012441
201003,47,159,3,6,Smith County                  ,5,5,970496,0,0,0,0,0,0,0,0,0,5,5,970496,0,0,0,0,0,0,0,0,0
201003,47,165,3,6,Sumner County                 ,69,69,11106224,0,0,0,0,0,0,0,0,0,37,37,5805020,0,0,0,0,0,0,0,0,0
201003,47,167,3,6,Tipton County                 ,13,13,1896420,0,0,0,0,0,0,0,0,0,13,13,1896420,0,0,0,0,0,0,0,0,0
201003,47,169,3,6,Trousdale County              ,0,0,0,0,0,0,0,0,0,0,0,0,0,0,0,0,0,0,0,0,0,0,0,0
201003,47,179,3,6,Washington County             ,33,33,4640785,2,4,180000,0,0,0,0,0,0,33,33,4640785,2,4,180000,0,0,0,0,0,0
201003,47,187,3,6,Williamson County             ,50,50,19685169,0,0,0,0,0,0,0,0,0,31,31,12037303,0,0,0,0,0,0,0,0,0
201003,47,189,3,6,Wilson County                 ,59,59,9653905,0,0,0,2,8,623160,4,22,1082120,59,59,9653905,0,0,0,2,8,623160,4,22,1082120
201003,48,013,3,7,Atascosa County               ,8,8,1026013,0,0,0,0,0,0,0,0,0,6,6,716113,0,0,0,0,0,0,0,0,0
201003,48,015,3,7,Austin County                 ,1,1,200000,0,0,0,0,0,0,0,0,0,1,1,200000,0,0,0,0,0,0,0,0,0
201003,48,019,3,7,Bandera County                ,0,0,0,0,0,0,0,0,0,0,0,0,0,0,0,0,0,0,0,0,0,0,0,0
201003,48,021,3,7,Bastrop County                ,1,1,175000,0,0,0,0,0,0,0,0,0,1,1,175000,0,0,0,0,0,0,0,0,0
201003,48,029,3,7,Bexar County                  ,433,433,75418535,1,2,130830,0,0,0,28,140,9873997,407,407,71006063,1,2,130830,0,0,0,27,135,8808931
201003,48,039,3,7,Brazoria County               ,159,159,29102969,0,0,0,0,0,0,4,126,6005670,156,156,28680350,0,0,0,0,0,0,4,126,6005670
201003,48,041,3,7,Brazos County                 ,75,75,12088698,3,6,465108,0,0,0,3,52,3994487,0,0,0,0,0,0,0,0,0,0,0,0
201003,48,055,3,7,Caldwell County               ,5,5,432359,0,0,0,0,0,0,0,0,0,0,0,0,0,0,0,0,0,0,0,0,0
201003,48,063,3,7,Camp County                   ,0,0,0,0,0,0,0,0,0,0,0,0,0,0,0,0,0,0,0,0,0,0,0,0
201003,48,071,3,7,Chambers County               ,23,23,4064998,0,0,0,0,0,0,0,0,0,15,15,2701861,0,0,0,0,0,0,0,0,0
201003,48,085,3,7,Collin County                 ,434,434,116964706,2,4,300000,0,0,0,3,34,1787712,413,413,109646113,2,4,300000,0,0,0,1,6,420000
201003,48,091,3,7,Comal County                  ,93,93,18269493,0,0,0,0,0,0,0,0,0,49,49,12178511,0,0,0,0,0,0,0,0,0
201003,48,113,3,7,Dallas County                 ,286,286,80255846,0,0,0,0,0,0,4,367,41457643,256,256,64724698,0,0,0,0,0,0,3,354,40835139
201003,48,117,3,7,Deaf Smith County             ,1,1,119000,0,0,0,0,0,0,0,0,0,0,0,0,0,0,0,0,0,0,0,0,0
201003,48,119,3,7,Delta County                  ,0,0,0,0,0,0,0,0,0,0,0,0,0,0,0,0,0,0,0,0,0,0,0,0
201003,48,121,3,7,Denton County                 ,226,226,61749990,0,0,0,0,0,0,3,55,3554307,194,194,53042450,0,0,0,0,0,0,2,33,1917570
201003,48,133,3,7,Eastland County               ,0,0,0,0,0,0,0,0,0,0,0,0,0,0,0,0,0,0,0,0,0,0,0,0
201003,48,135,3,7,Ector County                  ,26,26,3719588,0,0,0,0,0,0,7,112,8213333,26,26,3719588,0,0,0,0,0,0,7,112,8213333
201003,48,139,3,7,Ellis County                  ,69,69,9457083,0,0,0,0,0,0,0,0,0,67,67,9087893,0,0,0,0,0,0,0,0,0
201003,48,157,3,7,Fort Bend County              ,546,546,103636524,0,0,0,0,0,0,3,30,2444114,542,542,102739395,0,0,0,0,0,0,3,30,2444114
201003,48,167,3,7,Galveston County              ,195,195,38027685,0,0,0,0,0,0,1,5,227066,113,113,24403428,0,0,0,0,0,0,0,0,0
201003,48,187,3,7,Guadalupe County              ,125,125,23631008,0,0,0,0,0,0,0,0,0,120,120,22989714,0,0,0,0,0,0,0,0,0
201003,48,201,3,7,Harris County                 ,1519,1519,281570998,1,2,234500,0,0,0,9,279,14253796,1506,1506,276217888,1,2,234500,0,0,0,9,279,14253796
201003,48,209,3,7,Hays County                   ,138,138,19735315,0,0,0,0,0,0,1,14,839378,50,50,4332942,0,0,0,0,0,0,0,0,0
201003,48,215,3,7,Hidalgo County                ,341,341,34388638,1,2,176000,3,10,732112,1,5,407352,220,220,28175457,1,2,176000,2,7,632667,1,5,407352
201003,48,231,3,7,Hunt County                   ,5,5,634400,0,0,0,0,0,0,0,0,0,5,5,634400,0,0,0,0,0,0,0,0,0
201003,48,233,3,7,Hutchinson County             ,0,0,0,0,0,0,0,0,0,0,0,0,0,0,0,0,0,0,0,0,0,0,0,0
201003,48,251,3,7,Johnson County                ,64,64,9126073,2,4,232000,0,0,0,0,0,0,7,7,944374,2,4,232000,0,0,0,0,0,0
201003,48,257,3,7,Kaufman County                ,24,24,5207500,1,2,100000,0,0,0,0,0,0,24,24,5207500,1,2,100000,0,0,0,0,0,0
201003,48,259,3,7,Kendall County                ,28,28,5847894,0,0,0,0,0,0,0,0,0,18,18,3708289,0,0,0,0,0,0,0,0,0
201003,48,271,3,7,Kinney County                 ,0,0,0,0,0,0,0,0,0,0,0,0,0,0,0,0,0,0,0,0,0,0,0,0
201003,48,291,3,7,Liberty County                ,17,17,1880000,0,0,0,0,0,0,0,0,0,17,17,1880000,0,0,0,0,0,0,0,0,0
201003,48,307,3,7,McCulloch County              ,0,0,0,0,0,0,0,0,0,0,0,0,0,0,0,0,0,0,0,0,0,0,0,0
201003,48,323,3,7,Maverick County               ,6,6,348861,0,0,0,0,0,0,0,0,0,6,6,348861,0,0,0,0,0,0,0,0,0
201003,48,325,3,7,Medina County                 ,0,0,0,0,0,0,0,0,0,0,0,0,0,0,0,0,0,0,0,0,0,0,0,0
201003,48,329,3,7,Midland County                ,51,51,6122606,0,0,0,0,0,0,0,0,0,51,51,6122606,0,0,0,0,0,0,0,0,0
201003,48,339,3,7,Montgomery County             ,344,344,60244244,0,0,0,0,0,0,0,0,0,339,339,59609027,0,0,0,0,0,0,0,0,0
201003,48,353,3,7,Nolan County                  ,0,0,0,0,0,0,0,0,0,0,0,0,0,0,0,0,0,0,0,0,0,0,0,0
201003,48,359,3,7,Oldham County                 ,0,0,0,0,0,0,0,0,0,0,0,0,0,0,0,0,0,0,0,0,0,0,0,0
201003,48,367,3,7,Parker County                 ,15,15,2272765,0,0,0,0,0,0,0,0,0,15,15,2272765,0,0,0,0,0,0,0,0,0
201003,48,375,3,7,Potter County                 ,44,44,10796285,0,0,0,0,0,0,1,8,1058953,0,0,0,0,0,0,0,0,0,0,0,0
201003,48,383,3,7,Reagan County                 ,0,0,0,0,0,0,0,0,0,0,0,0,0,0,0,0,0,0,0,0,0,0,0,0
201003,48,385,3,7,Real County                   ,0,0,0,0,0,0,0,0,0,0,0,0,0,0,0,0,0,0,0,0,0,0,0,0
201003,48,397,3,7,Rockwall County               ,69,69,14498627,0,0,0,0,0,0,0,0,0,67,67,13438379,0,0,0,0,0,0,0,0,0
201003,48,407,3,7,San Jacinto County            ,0,0,0,0,0,0,0,0,0,0,0,0,0,0,0,0,0,0,0,0,0,0,0,0
201003,48,435,3,7,Sutton County                 ,0,0,0,0,0,0,0,0,0,0,0,0,0,0,0,0,0,0,0,0,0,0,0,0
201003,48,437,3,7,Swisher County                ,0,0,0,0,0,0,0,0,0,0,0,0,0,0,0,0,0,0,0,0,0,0,0,0
201003,48,439,3,7,Tarrant County                ,631,631,90013486,0,0,0,0,0,0,0,0,0,590,590,76473895,0,0,0,0,0,0,0,0,0
201003,48,451,3,7,Tom Green County              ,15,15,2525490,0,0,0,0,0,0,0,0,0,15,15,2525490,0,0,0,0,0,0,0,0,0
201003,48,453,3,7,Travis County                 ,384,384,51606559,0,0,0,42,126,20905745,1,90,1618619,374,374,48733634,0,0,0,42,126,20905745,1,90,1618619
201003,48,463,3,7,Uvalde County                 ,0,0,0,0,0,0,0,0,0,0,0,0,0,0,0,0,0,0,0,0,0,0,0,0
201003,48,469,3,7,Victoria County               ,6,6,937399,0,0,0,0,0,0,0,0,0,0,0,0,0,0,0,0,0,0,0,0,0
201003,48,471,3,7,Walker County                 ,9,9,1489937,0,0,0,0,0,0,0,0,0,9,9,1489937,0,0,0,0,0,0,0,0,0
201003,48,473,3,7,Waller County                 ,0,0,0,0,0,0,0,0,0,1,5,110902,0,0,0,0,0,0,0,0,0,0,0,0
201003,48,479,3,7,Webb County                   ,78,78,12152552,0,0,0,0,0,0,1,6,683026,78,78,12152552,0,0,0,0,0,0,1,6,683026
201003,48,491,3,7,Williamson County             ,253,253,44891829,0,0,0,0,0,0,0,0,0,226,226,41898961,0,0,0,0,0,0,0,0,0
201003,48,493,3,7,Wilson County                 ,4,4,728896,0,0,0,0,0,0,0,0,0,2,2,427113,0,0,0,0,0,0,0,0,0
201003,48,497,3,7,Wise County                   ,5,5,771518,1,2,100000,0,0,0,0,0,0,1,1,135000,0,0,0,0,0,0,0,0,0
201003,49,009,4,8,Daggett County                ,0,0,0,0,0,0,0,0,0,0,0,0,0,0,0,0,0,0,0,0,0,0,0,0
201003,49,019,4,8,Grand County                  ,6,6,1405115,0,0,0,0,0,0,0,0,0,6,6,1405115,0,0,0,0,0,0,0,0,0
201003,49,021,4,8,Iron County                   ,18,18,3123393,1,2,224905,0,0,0,1,5,373463,10,10,1288217,0,0,0,0,0,0,0,0,0
201003,49,033,4,8,Rich County                   ,3,3,553860,0,0,0,0,0,0,0,0,0,3,3,553860,0,0,0,0,0,0,0,0,0
201003,49,035,4,8,Salt Lake County              ,190,190,41387252,2,4,577497,1,3,378138,5,32,3417270,152,152,33491738,2,4,577497,0,0,0,3,22,2630516
201003,49,039,4,8,Sanpete County                ,0,0,0,0,0,0,0,0,0,0,0,0,0,0,0,0,0,0,0,0,0,0,0,0
201003,49,043,4,8,Summit County                 ,7,7,2757378,0,0,0,0,0,0,0,0,0,7,7,2757378,0,0,0,0,0,0,0,0,0
201003,49,045,4,8,Tooele County                 ,21,21,2940562,0,0,0,0,0,0,0,0,0,21,21,2940562,0,0,0,0,0,0,0,0,0
201003,49,051,4,8,Wasatch County                ,4,4,1260036,0,0,0,0,0,0,0,0,0,1,1,505960,0,0,0,0,0,0,0,0,0
201003,51,003,3,5,Albemarle County              ,35,35,11008695,0,0,0,0,0,0,0,0,0,0,0,0,0,0,0,0,0,0,0,0,0
201003,51,007,3,5,Amelia County                 ,7,7,1351800,0,0,0,0,0,0,0,0,0,7,7,1351800,0,0,0,0,0,0,0,0,0
201003,51,013,3,5,Arlington County              ,9,9,2340000,0,0,0,0,0,0,1,299,46161593,9,9,2340000,0,0,0,0,0,0,1,299,46161593
201003,51,015,3,5,Augusta County                ,11,11,1993151,0,0,0,0,0,0,0,0,0,11,11,1993151,0,0,0,0,0,0,0,0,0
201003,51,019,3,5,Bedford County                ,33,33,6951609,0,0,0,0,0,0,0,0,0,33,33,6951609,0,0,0,0,0,0,0,0,0
201003,51,023,3,5,Botetourt County              ,10,10,2057000,0,0,0,0,0,0,0,0,0,10,10,2057000,0,0,0,0,0,0,0,0,0
201003,51,031,3,5,Campbell County               ,19,19,3046293,0,0,0,0,0,0,0,0,0,0,0,0,0,0,0,0,0,0,0,0,0
201003,51,033,3,5,Caroline County               ,8,8,1537000,0,0,0,0,0,0,0,0,0,8,8,1537000,0,0,0,0,0,0,0,0,0
201003,51,036,3,5,Charles City County           ,5,5,635030,0,0,0,0,0,0,0,0,0,5,5,635030,0,0,0,0,0,0,0,0,0
201003,51,037,3,5,Charlotte County              ,3,3,620621,0,0,0,0,0,0,0,0,0,3,3,620621,0,0,0,0,0,0,0,0,0
201003,51,041,3,5,Chesterfield County           ,45,45,7970094,0,0,0,2,8,2936000,1,8,999625,45,45,7970094,0,0,0,2,8,2936000,1,8,999625
201003,51,043,3,5,Clarke County                 ,4,4,755000,0,0,0,0,0,0,0,0,0,4,4,755000,0,0,0,0,0,0,0,0,0
201003,51,049,3,5,Cumberland County             ,1,1,190000,0,0,0,0,0,0,0,0,0,1,1,190000,0,0,0,0,0,0,0,0,0
201003,51,053,3,5,Dinwiddie County              ,11,11,1953019,0,0,0,0,0,0,0,0,0,0,0,0,0,0,0,0,0,0,0,0,0
201003,51,059,3,5,Fairfax County                ,85,85,15310548,0,0,0,0,0,0,0,0,0,85,85,15310548,0,0,0,0,0,0,0,0,0
201003,51,061,3,5,Fauquier County               ,27,27,4524000,0,0,0,0,0,0,0,0,0,27,27,4524000,0,0,0,0,0,0,0,0,0
201003,51,065,3,5,Fluvanna County               ,13,13,2183021,0,0,0,0,0,0,0,0,0,13,13,2183021,0,0,0,0,0,0,0,0,0
201003,51,067,3,5,Franklin County               ,4,4,2038787,0,0,0,0,0,0,0,0,0,4,4,2038787,0,0,0,0,0,0,0,0,0
201003,51,069,3,5,Frederick County              ,31,31,5884785,0,0,0,0,0,0,0,0,0,31,31,5884785,0,0,0,0,0,0,0,0,0
201003,51,073,3,5,Gloucester County             ,9,9,1544900,0,0,0,0,0,0,0,0,0,9,9,1544900,0,0,0,0,0,0,0,0,0
201003,51,075,3,5,Goochland County              ,6,6,1147757,0,0,0,0,0,0,0,0,0,6,6,1147757,0,0,0,0,0,0,0,0,0
201003,51,079,3,5,Greene County                 ,14,14,2690000,0,0,0,0,0,0,0,0,0,14,14,2690000,0,0,0,0,0,0,0,0,0
201003,51,085,3,5,Hanover County                ,28,28,4678367,0,0,0,0,0,0,0,0,0,28,28,4678367,0,0,0,0,0,0,0,0,0
201003,51,087,3,5,Henrico County                ,77,77,13869555,0,0,0,0,0,0,0,0,0,77,77,13869555,0,0,0,0,0,0,0,0,0
201003,51,093,3,5,Isle of Wight County          ,9,9,1441800,0,0,0,0,0,0,0,0,0,9,9,1441800,0,0,0,0,0,0,0,0,0
201003,51,095,3,5,James City County             ,48,48,8315143,0,0,0,0,0,0,0,0,0,48,48,8315143,0,0,0,0,0,0,0,0,0
201003,51,097,3,5,King and Queen County         ,4,4,535124,0,0,0,0,0,0,0,0,0,4,4,535124,0,0,0,0,0,0,0,0,0
201003,51,099,3,5,King George County            ,8,8,1416906,0,0,0,0,0,0,0,0,0,8,8,1416906,0,0,0,0,0,0,0,0,0
201003,51,101,3,5,King William County           ,8,8,1005900,0,0,0,0,0,0,0,0,0,8,8,1005900,0,0,0,0,0,0,0,0,0
201003,51,107,3,5,Loudoun County                ,201,201,36204943,0,0,0,0,0,0,5,52,678000,201,201,36204943,0,0,0,0,0,0,5,52,678000
201003,51,109,3,5,Louisa County                 ,28,28,4950140,0,0,0,0,0,0,0,0,0,28,28,4950140,0,0,0,0,0,0,0,0,0
201003,51,115,3,5,Mathews County                ,4,4,826000,0,0,0,0,0,0,0,0,0,4,4,826000,0,0,0,0,0,0,0,0,0
201003,51,119,3,5,Middlesex County              ,5,5,638000,0,0,0,0,0,0,0,0,0,5,5,638000,0,0,0,0,0,0,0,0,0
201003,51,127,3,5,New Kent County               ,24,24,3036387,0,0,0,0,0,0,0,0,0,24,24,3036387,0,0,0,0,0,0,0,0,0
201003,51,137,3,5,Orange County                 ,4,4,394200,0,0,0,0,0,0,0,0,0,4,4,394200,0,0,0,0,0,0,0,0,0
201003,51,143,3,5,Pittsylvania County           ,8,8,993536,0,0,0,0,0,0,0,0,0,0,0,0,0,0,0,0,0,0,0,0,0
201003,51,145,3,5,Powhatan County               ,9,9,2152625,0,0,0,0,0,0,0,0,0,9,9,2152625,0,0,0,0,0,0,0,0,0
201003,51,149,3,5,Prince George County          ,4,4,720496,0,0,0,0,0,0,0,0,0,4,4,720496,0,0,0,0,0,0,0,0,0
201003,51,153,3,5,Prince William County         ,176,176,30211461,0,0,0,0,0,0,0,0,0,176,176,30211461,0,0,0,0,0,0,0,0,0
201003,51,157,3,5,Rappahannock County           ,3,3,886578,0,0,0,0,0,0,0,0,0,0,0,0,0,0,0,0,0,0,0,0,0
201003,51,161,3,5,Roanoke County                ,17,17,2769476,0,0,0,0,0,0,0,0,0,17,17,2769476,0,0,0,0,0,0,0,0,0
201003,51,163,3,5,Rockbridge County             ,5,5,1043500,0,0,0,0,0,0,0,0,0,5,5,1043500,0,0,0,0,0,0,0,0,0
201003,51,165,3,5,Rockingham County             ,33,33,5210788,0,0,0,0,0,0,0,0,0,33,33,5210788,0,0,0,0,0,0,0,0,0
201003,51,169,3,5,Scott County                  ,3,3,444403,0,0,0,0,0,0,0,0,0,0,0,0,0,0,0,0,0,0,0,0,0
201003,51,171,3,5,Shenandoah County             ,7,7,1102140,0,0,0,0,0,0,0,0,0,7,7,1102140,0,0,0,0,0,0,0,0,0
201003,51,177,3,5,Spotsylvania County           ,12,12,3319621,0,0,0,0,0,0,0,0,0,0,0,0,0,0,0,0,0,0,0,0,0
201003,51,179,3,5,Stafford County               ,70,70,12608687,0,0,0,0,0,0,0,0,0,70,70,12608687,0,0,0,0,0,0,0,0,0
201003,51,181,3,5,Surry County                  ,6,6,884552,0,0,0,0,0,0,0,0,0,0,0,0,0,0,0,0,0,0,0,0,0
201003,51,183,3,5,Sussex County                 ,4,4,467790,0,0,0,0,0,0,0,0,0,0,0,0,0,0,0,0,0,0,0,0,0
201003,51,187,3,5,Warren County                 ,2,2,340000,0,0,0,0,0,0,0,0,0,2,2,340000,0,0,0,0,0,0,0,0,0
201003,51,199,3,5,York County                   ,16,16,3598690,0,0,0,0,0,0,0,0,0,16,16,3598690,0,0,0,0,0,0,0,0,0
201003,51,510,3,5,Alexandria (Independent City) ,0,0,0,0,0,0,0,0,0,1,18,1466468,0,0,0,0,0,0,0,0,0,1,18,1466468
201003,51,530,3,5,Buena Vista (Independent City),0,0,0,0,0,0,0,0,0,0,0,0,0,0,0,0,0,0,0,0,0,0,0,0
201003,51,550,3,5,Chesapeake(Independent City)  ,53,53,14465400,0,0,0,0,0,0,8,212,11569230,53,53,14465400,0,0,0,0,0,0,8,212,11569230
201003,51,570,3,5,Colonial Heights (Independent ,0,0,0,0,0,0,0,0,0,0,0,0,0,0,0,0,0,0,0,0,0,0,0,0
201003,51,580,3,5,Covington (Independent City)  ,0,0,0,0,0,0,0,0,0,0,0,0,0,0,0,0,0,0,0,0,0,0,0,0
201003,51,600,3,5,Fairfax (Independent City)    ,2,2,383776,0,0,0,0,0,0,0,0,0,2,2,383776,0,0,0,0,0,0,0,0,0
201003,51,610,3,5,Falls Church (Independent City,1,1,250000,0,0,0,0,0,0,0,0,0,1,1,250000,0,0,0,0,0,0,0,0,0
201003,51,630,3,5,Fredericksburg(Independent Cit,16,16,2315422,0,0,0,0,0,0,0,0,0,16,16,2315422,0,0,0,0,0,0,0,0,0
201003,51,650,3,5,Hampton (Independent City)    ,18,18,3579269,0,0,0,0,0,0,0,0,0,0,0,0,0,0,0,0,0,0,0,0,0
201003,51,660,3,5,Harrisonburg (Independent City,2,2,130000,0,0,0,0,0,0,0,0,0,2,2,130000,0,0,0,0,0,0,0,0,0
201003,51,670,3,5,Hopewell (Independent City)   ,2,2,115000,0,0,0,0,0,0,0,0,0,2,2,115000,0,0,0,0,0,0,0,0,0
201003,51,680,3,5,Lynchburg (Independent City)  ,31,31,3720160,0,0,0,0,0,0,0,0,0,31,31,3720160,0,0,0,0,0,0,0,0,0
201003,51,683,3,5,Manassas (Independent City)   ,5,5,569081,0,0,0,0,0,0,0,0,0,0,0,0,0,0,0,0,0,0,0,0,0
201003,51,685,3,5,Manassas Park (Independent Cit,0,0,0,0,0,0,0,0,0,0,0,0,0,0,0,0,0,0,0,0,0,0,0,0
201003,51,700,3,5,Newport News (Independent City,15,15,1941465,0,0,0,0,0,0,1,11,471431,0,0,0,0,0,0,0,0,0,0,0,0
201003,51,710,3,5,Norfolk (Independent City)    ,38,38,4359000,0,0,0,0,0,0,0,0,0,38,38,4359000,0,0,0,0,0,0,0,0,0
201003,51,730,3,5,Petersburg (Independent City) ,4,4,305023,0,0,0,0,0,0,0,0,0,4,4,305023,0,0,0,0,0,0,0,0,0
201003,51,735,3,5,Poquoson (Independent City)   ,2,2,650000,0,0,0,0,0,0,0,0,0,2,2,650000,0,0,0,0,0,0,0,0,0
201003,51,740,3,5,Portsmouth (Independent City) ,7,7,1349000,0,0,0,0,0,0,0,0,0,7,7,1349000,0,0,0,0,0,0,0,0,0
201003,51,760,3,5,Richmond (Independent City)   ,9,9,1286364,0,0,0,0,0,0,1,19,1239775,9,9,1286364,0,0,0,0,0,0,1,19,1239775
201003,51,770,3,5,Roanoke (Independent City)    ,5,5,863231,0,0,0,0,0,0,0,0,0,5,5,863231,0,0,0,0,0,0,0,0,0
201003,51,800,3,5,Suffolk (Independent City)    ,46,46,8285708,0,0,0,0,0,0,0,0,0,46,46,8285708,0,0,0,0,0,0,0,0,0
201003,51,810,3,5,Virginia Beach (Independent Ci,71,71,10447652,0,0,0,0,0,0,1,8,1935329,71,71,10447652,0,0,0,0,0,0,1,8,1935329
201003,51,830,3,5,Williamsburg (Independent City,5,5,825000,0,0,0,0,0,0,0,0,0,5,5,825000,0,0,0,0,0,0,0,0,0
201003,53,011,4,9,Clark County                  ,143,143,32500615,0,0,0,0,0,0,0,0,0,143,143,32500615,0,0,0,0,0,0,0,0,0
201003,53,033,4,9,King County                   ,234,234,63197641,1,2,264842,2,7,1229910,0,0,0,197,197,54692891,1,2,264842,1,4,778978,0,0,0
201003,53,041,4,9,Lewis County                  ,19,19,3347826,1,2,220000,0,0,0,0,0,0,19,19,3347826,1,2,220000,0,0,0,0,0,0
201003,53,053,4,9,Pierce County                 ,170,170,38529596,6,12,1170234,0,0,0,0,0,0,168,168,37773291,6,12,1170234,0,0,0,0,0,0
201003,53,059,4,9,Skamania County               ,4,4,1032869,0,0,0,0,0,0,0,0,0,4,4,1032869,0,0,0,0,0,0,0,0,0
201003,53,061,4,9,Snohomish County              ,232,232,49821922,0,0,0,3,10,1192567,3,19,1488470,229,229,49264321,0,0,0,3,10,1192567,2,14,1100746
201003,54,037,3,5,Jefferson County              ,32,32,5071872,0,0,0,0,0,0,0,0,0,32,32,5071872,0,0,0,0,0,0,0,0,0
201003,55,021,2,3,Columbia County               ,3,3,350000,3,6,633000,0,0,0,0,0,0,3,3,350000,3,6,633000,0,0,0,0,0,0
201003,55,025,2,3,Dane County                   ,78,78,16482859,2,4,486470,0,0,0,1,17,1734324,62,62,12657294,1,2,238970,0,0,0,0,0,0
201003,55,031,2,3,Douglas County                ,10,10,1136739,0,0,0,0,0,0,0,0,0,10,10,1136739,0,0,0,0,0,0,0,0,0
201003,55,037,2,3,Florence County               ,1,1,51925,0,0,0,0,0,0,0,0,0,0,0,0,0,0,0,0,0,0,0,0,0
201003,55,049,2,3,Iowa County                   ,10,10,1675000,0,0,0,0,0,0,0,0,0,10,10,1675000,0,0,0,0,0,0,0,0,0
201003,55,059,2,3,Kenosha County                ,27,27,4969800,0,0,0,0,0,0,0,0,0,23,23,4009715,0,0,0,0,0,0,0,0,0
201003,55,079,2,3,Milwaukee County              ,16,16,3130467,2,4,610000,0,0,0,0,0,0,14,14,2717789,2,4,610000,0,0,0,0,0,0
201003,55,089,2,3,Ozaukee County                ,8,8,2802752,0,0,0,0,0,0,1,8,1600000,3,3,596386,0,0,0,0,0,0,1,8,1600000
201003,55,093,2,3,Pierce County                 ,11,11,1750000,0,0,0,0,0,0,0,0,0,11,11,1750000,0,0,0,0,0,0,0,0,0
201003,55,109,2,3,St. Croix County              ,16,16,3081265,11,22,1958000,0,0,0,0,0,0,9,9,1839880,11,22,1958000,0,0,0,0,0,0
201003,55,113,2,3,Sawyer County                 ,6,6,720000,0,0,0,0,0,0,0,0,0,6,6,720000,0,0,0,0,0,0,0,0,0
201003,55,131,2,3,Washington County             ,22,22,4526049,2,4,462000,0,0,0,0,0,0,17,17,2971153,2,4,462000,0,0,0,0,0,0
201003,55,133,2,3,Waukesha County               ,53,53,18647036,0,0,0,1,3,450000,0,0,0,48,48,16625015,0,0,0,1,3,450000,0,0,0
201003,56,019,4,8,Johnson County                ,1,1,110000,0,0,0,0,0,0,0,0,0,1,1,110000,0,0,0,0,0,0,0,0,0
201003,56,039,4,8,Teton County                  ,6,6,4211315,0,0,0,1,3,832950,0,0,0,4,4,3805000,0,0,0,0,0,0,0,0,0
