Survey,FIPS,FIPS,Region,Division,County,,1-unit,,,2-units,,,3-4 units,,,5+ units,,,1-unit rep,,,2-units rep,,,3-4 units rep,,, 5+units rep
Date,State,County,Code,Code,Name,Bldgs,Units,Value,Bldgs,Units,Value,Bldgs,Units,Value,Bldgs,Units,Value,Bldgs,Units,Value,Bldgs,Units,Value,Bldgs,Units,Value,Bldgs,Units,Value
 
201109,01,001,3,6,Autauga County                ,8,8,2058974,0,0,0,0,0,0,0,0,0,8,8,2058974,0,0,0,0,0,0,0,0,0
201109,01,007,3,6,Bibb County                   ,1,1,163303,0,0,0,0,0,0,0,0,0,0,0,0,0,0,0,0,0,0,0,0,0
201109,01,009,3,6,Blount County                 ,0,0,0,0,0,0,0,0,0,0,0,0,0,0,0,0,0,0,0,0,0,0,0,0
201109,01,021,3,6,Chilton County                ,0,0,0,0,0,0,0,0,0,0,0,0,0,0,0,0,0,0,0,0,0,0,0,0
201109,01,037,3,6,Coosa County                  ,0,0,0,0,0,0,0,0,0,0,0,0,0,0,0,0,0,0,0,0,0,0,0,0
201109,01,073,3,6,Jefferson County              ,95,95,23188633,0,0,0,0,0,0,1,51,2062286,89,89,22420598,0,0,0,0,0,0,1,51,2062286
201109,01,081,3,6,Lee County                    ,48,48,11885462,0,0,0,0,0,0,0,0,0,48,48,11885462,0,0,0,0,0,0,0,0,0
201109,01,115,3,6,St. Clair County              ,8,8,725306,0,0,0,0,0,0,0,0,0,8,8,725306,0,0,0,0,0,0,0,0,0
201109,01,117,3,6,Shelby County                 ,38,38,6346324,0,0,0,0,0,0,0,0,0,21,21,3270628,0,0,0,0,0,0,0,0,0
201109,01,127,3,6,Walker County                 ,0,0,0,0,0,0,0,0,0,0,0,0,0,0,0,0,0,0,0,0,0,0,0,0
201109,02,000,4,9,Alaska Balance of State       ,5,5,1209025,0,0,0,0,0,0,0,0,0,0,0,0,0,0,0,0,0,0,0,0,0
201109,02,013,4,9,Aleutians East Borough        ,0,0,0,0,0,0,0,0,0,0,0,0,0,0,0,0,0,0,0,0,0,0,0,0
201109,02,016,4,9,Aleutians West Census Area    ,0,0,0,0,0,0,0,0,0,0,0,0,0,0,0,0,0,0,0,0,0,0,0,0
201109,02,020,4,9,Anchorage Borough             ,34,34,9282780,0,0,0,0,0,0,0,0,0,34,34,9282780,0,0,0,0,0,0,0,0,0
201109,02,050,4,9,Bethel Census Area            ,1,1,250000,0,0,0,0,0,0,0,0,0,1,1,250000,0,0,0,0,0,0,0,0,0
201109,02,060,4,9,Bristol Bay Borough           ,0,0,0,0,0,0,0,0,0,0,0,0,0,0,0,0,0,0,0,0,0,0,0,0
201109,02,090,4,9,Fairbanks North Star Borough  ,4,4,838303,0,0,0,0,0,0,0,0,0,0,0,0,0,0,0,0,0,0,0,0,0
201109,02,100,4,9,Haines Borough                ,0,0,0,0,0,0,0,0,0,0,0,0,0,0,0,0,0,0,0,0,0,0,0,0
201109,02,110,4,9,Juneau Borough                ,5,5,878051,0,0,0,0,0,0,0,0,0,5,5,878051,0,0,0,0,0,0,0,0,0
201109,02,122,4,9,Kenai Peninsula Borough       ,5,5,748308,0,0,0,0,0,0,0,0,0,3,3,268000,0,0,0,0,0,0,0,0,0
201109,02,130,4,9,Ketchikan Gateway Borough     ,2,2,423481,0,0,0,0,0,0,0,0,0,0,0,0,0,0,0,0,0,0,0,0,0
201109,02,150,4,9,Kodiak Island Borough         ,0,0,0,0,0,0,0,0,0,0,0,0,0,0,0,0,0,0,0,0,0,0,0,0
201109,02,170,4,9,Matanuska-Susitna Borough     ,4,4,831037,1,2,259591,0,0,0,0,0,0,3,3,666172,1,2,259591,0,0,0,0,0,0
201109,02,180,4,9,Nome Census Area              ,1,1,253000,0,0,0,0,0,0,0,0,0,1,1,253000,0,0,0,0,0,0,0,0,0
201109,02,185,4,9,North Slope Borough           ,1,1,225320,0,0,0,0,0,0,0,0,0,0,0,0,0,0,0,0,0,0,0,0,0
201109,02,188,4,9,Northwest Arctic Borough      ,0,0,0,0,0,0,0,0,0,0,0,0,0,0,0,0,0,0,0,0,0,0,0,0
201109,02,201,4,9,Prince of Wales-Outer Ketchika,0,0,0,0,0,0,0,0,0,0,0,0,0,0,0,0,0,0,0,0,0,0,0,0
201109,02,220,4,9,Sitka Borough                 ,1,1,219764,0,0,0,0,0,0,0,0,0,0,0,0,0,0,0,0,0,0,0,0,0
201109,02,232,4,9,Skagway-Hoonah-Angoon Census A,1,1,49000,0,0,0,0,0,0,0,0,0,1,1,49000,0,0,0,0,0,0,0,0,0
201109,02,261,4,9,Valdez-Cordova Census Area    ,1,1,75000,0,0,0,0,0,0,0,0,0,1,1,75000,0,0,0,0,0,0,0,0,0
201109,02,280,4,9,Wrangell-Petersburg Census Are,2,2,97600,0,0,0,0,0,0,0,0,0,1,1,75600,0,0,0,0,0,0,0,0,0
201109,02,282,4,9,Yakutat Borough               ,0,0,0,0,0,0,0,0,0,0,0,0,0,0,0,0,0,0,0,0,0,0,0,0
201109,02,290,4,9,Yukon-Koyukuk Census Area     ,0,0,0,0,0,0,0,0,0,0,0,0,0,0,0,0,0,0,0,0,0,0,0,0
201109,04,013,4,8,Maricopa County               ,628,628,149852238,0,0,0,4,14,2252940,11,186,21538476,628,628,149852238,0,0,0,4,14,2252940,11,186,21538476
201109,04,019,4,8,Pima County                   ,128,128,30898327,1,2,294322,0,0,0,1,5,362358,22,22,6480927,0,0,0,0,0,0,0,0,0
201109,04,021,4,8,Pinal County                  ,84,84,11903338,0,0,0,0,0,0,0,0,0,73,73,10603284,0,0,0,0,0,0,0,0,0
201109,05,023,3,7,Cleburne County               ,3,3,112000,0,0,0,0,0,0,0,0,0,3,3,112000,0,0,0,0,0,0,0,0,0
201109,05,025,3,7,Cleveland County              ,0,0,0,0,0,0,0,0,0,0,0,0,0,0,0,0,0,0,0,0,0,0,0,0
201109,05,027,3,7,Columbia County               ,1,1,226890,0,0,0,0,0,0,0,0,0,0,0,0,0,0,0,0,0,0,0,0,0
201109,05,035,3,7,Crittenden County             ,2,2,298000,0,0,0,0,0,0,0,0,0,2,2,298000,0,0,0,0,0,0,0,0,0
201109,05,059,3,7,Hot Spring County             ,0,0,0,0,0,0,0,0,0,0,0,0,0,0,0,0,0,0,0,0,0,0,0,0
201109,05,061,3,7,Howard County                 ,0,0,0,0,0,0,0,0,0,0,0,0,0,0,0,0,0,0,0,0,0,0,0,0
201109,05,099,3,7,Nevada County                 ,0,0,0,0,0,0,0,0,0,0,0,0,0,0,0,0,0,0,0,0,0,0,0,0
201109,06,001,4,9,Alameda County                ,46,46,14840395,0,0,0,0,0,0,0,0,0,42,42,13432321,0,0,0,0,0,0,0,0,0
201109,06,003,4,9,Alpine County                 ,0,0,0,0,0,0,0,0,0,0,0,0,0,0,0,0,0,0,0,0,0,0,0,0
201109,06,009,4,9,Calaveras County              ,3,3,680896,0,0,0,0,0,0,0,0,0,3,3,680896,0,0,0,0,0,0,0,0,0
201109,06,013,4,9,Contra Costa County           ,46,46,11804915,0,0,0,0,0,0,1,10,906010,35,35,8821121,0,0,0,0,0,0,0,0,0
201109,06,017,4,9,El Dorado County              ,23,23,8437590,0,0,0,0,0,0,0,0,0,22,22,8222826,0,0,0,0,0,0,0,0,0
201109,06,037,4,9,Los Angeles County            ,187,187,72602132,12,24,4394771,2,8,1584363,9,627,87675582,161,161,61755601,12,24,4394771,2,8,1584363,7,606,84512365
201109,06,041,4,9,Marin County                  ,8,8,2877970,0,0,0,0,0,0,1,8,788405,2,2,608000,0,0,0,0,0,0,0,0,0
201109,06,045,4,9,Mendocino County              ,3,3,307117,0,0,0,0,0,0,1,5,455616,3,3,307117,0,0,0,0,0,0,0,0,0
201109,06,049,4,9,Modoc County                  ,1,1,126305,0,0,0,0,0,0,0,0,0,0,0,0,0,0,0,0,0,0,0,0,0
201109,06,051,4,9,Mono County                   ,1,1,138804,0,0,0,0,0,0,0,0,0,0,0,0,0,0,0,0,0,0,0,0,0
201109,06,059,4,9,Orange County                 ,104,104,35062204,1,2,705746,0,0,0,3,24,3408704,87,87,27521761,0,0,0,0,0,0,2,17,2824565
201109,06,061,4,9,Placer County                 ,76,76,23176540,0,0,0,0,0,0,0,0,0,75,75,22915572,0,0,0,0,0,0,0,0,0
201109,06,063,4,9,Plumas County                 ,1,1,218828,0,0,0,0,0,0,0,0,0,1,1,218828,0,0,0,0,0,0,0,0,0
201109,06,065,4,9,Riverside County              ,148,148,36887135,0,0,0,0,0,0,10,80,7355953,122,122,31996501,0,0,0,0,0,0,10,80,7355953
201109,06,067,4,9,Sacramento County             ,72,72,20365924,0,0,0,0,0,0,1,69,5922000,71,71,20114250,0,0,0,0,0,0,1,69,5922000
201109,06,069,4,9,San Benito County             ,0,0,0,0,0,0,0,0,0,0,0,0,0,0,0,0,0,0,0,0,0,0,0,0
201109,06,071,4,9,San Bernardino County         ,92,92,19855924,0,0,0,0,0,0,0,0,0,89,89,19455991,0,0,0,0,0,0,0,0,0
201109,06,073,4,9,San Diego County              ,87,87,30804982,7,14,2429961,0,0,0,1,320,34211556,87,87,30804982,7,14,2429961,0,0,0,1,320,34211556
201109,06,075,4,9,San Francisco County          ,2,2,454107,0,0,0,1,3,873048,2,41,8125611,2,2,454107,0,0,0,1,3,873048,2,41,8125611
201109,06,077,4,9,San Joaquin County            ,70,70,16601842,0,0,0,0,0,0,0,0,0,70,70,16601842,0,0,0,0,0,0,0,0,0
201109,06,081,4,9,San Mateo County              ,22,22,29831474,0,0,0,0,0,0,2,300,52385411,16,16,26518523,0,0,0,0,0,0,2,300,52385411
201109,06,085,4,9,Santa Clara County            ,72,72,30645350,0,0,0,2,8,1543804,7,162,44183909,56,56,25586757,0,0,0,2,8,1543804,3,56,31036134
201109,06,091,4,9,Sierra County                 ,0,0,0,0,0,0,0,0,0,0,0,0,0,0,0,0,0,0,0,0,0,0,0,0
201109,06,113,4,9,Yolo County                   ,8,8,1759032,0,0,0,0,0,0,0,0,0,6,6,1071713,0,0,0,0,0,0,0,0,0
201109,08,001,4,8,Adams County                  ,33,33,7306017,0,0,0,0,0,0,0,0,0,29,29,6539860,0,0,0,0,0,0,0,0,0
201109,08,005,4,8,Arapahoe County               ,50,50,13074994,0,0,0,0,0,0,1,188,21505696,48,48,12807794,0,0,0,0,0,0,1,188,21505696
201109,08,014,4,8,Broomfield County             ,18,18,4343529,0,0,0,0,0,0,0,0,0,0,0,0,0,0,0,0,0,0,0,0,0
201109,08,015,4,8,Chaffee County                ,6,6,1475401,0,0,0,0,0,0,0,0,0,6,6,1475401,0,0,0,0,0,0,0,0,0
201109,08,019,4,8,Clear Creek County            ,2,2,283938,0,0,0,0,0,0,0,0,0,2,2,283938,0,0,0,0,0,0,0,0,0
201109,08,023,4,8,Costilla County               ,2,2,452570,0,0,0,0,0,0,0,0,0,0,0,0,0,0,0,0,0,0,0,0,0
201109,08,031,4,8,Denver County                 ,69,69,14201476,3,6,1065674,0,0,0,6,135,7690759,69,69,14201476,3,6,1065674,0,0,0,6,135,7690759
201109,08,033,4,8,Dolores County                ,0,0,0,0,0,0,0,0,0,0,0,0,0,0,0,0,0,0,0,0,0,0,0,0
201109,08,035,4,8,Douglas County                ,98,98,22601449,1,2,341674,1,4,459496,0,0,0,98,98,22601449,1,2,341674,1,4,459496,0,0,0
201109,08,039,4,8,Elbert County                 ,4,4,1217190,0,0,0,0,0,0,0,0,0,4,4,1217190,0,0,0,0,0,0,0,0,0
201109,08,041,4,8,El Paso County                ,150,150,48057421,0,0,0,0,0,0,0,0,0,150,150,48057421,0,0,0,0,0,0,0,0,0
201109,08,047,4,8,Gilpin County                 ,0,0,0,0,0,0,0,0,0,0,0,0,0,0,0,0,0,0,0,0,0,0,0,0
201109,08,049,4,8,Grand County                  ,13,13,3486433,0,0,0,0,0,0,0,0,0,4,4,1358602,0,0,0,0,0,0,0,0,0
201109,08,059,4,8,Jefferson County              ,35,35,9937519,0,0,0,0,0,0,0,0,0,35,35,9937519,0,0,0,0,0,0,0,0,0
201109,08,069,4,8,Larimer County                ,55,55,12048727,2,4,635396,1,4,552944,0,0,0,55,55,12048727,2,4,635396,1,4,552944,0,0,0
201109,08,077,4,8,Mesa County                   ,27,27,5259326,0,0,0,0,0,0,0,0,0,27,27,5259326,0,0,0,0,0,0,0,0,0
201109,08,093,4,8,Park County                   ,6,6,1407396,0,0,0,0,0,0,0,0,0,6,6,1407396,0,0,0,0,0,0,0,0,0
201109,08,101,4,8,Pueblo County                 ,7,7,1394973,0,0,0,0,0,0,0,0,0,7,7,1394973,0,0,0,0,0,0,0,0,0
201109,08,107,4,8,Routt County                  ,8,8,3815154,0,0,0,0,0,0,0,0,0,8,8,3815154,0,0,0,0,0,0,0,0,0
201109,08,119,4,8,Teller County                 ,4,4,1119571,0,0,0,0,0,0,0,0,0,0,0,0,0,0,0,0,0,0,0,0,0
201109,08,123,4,8,Weld County                   ,46,46,10561314,1,2,114948,0,0,0,1,9,260437,26,26,5967639,1,2,114948,0,0,0,0,0,0
201109,10,001,3,5,Kent County                   ,53,53,7070016,1,2,170000,1,4,325000,1,5,314910,5,5,763345,1,2,170000,1,4,325000,0,0,0
201109,10,003,3,5,New Castle County             ,53,53,5159617,0,0,0,0,0,0,0,0,0,8,8,1296613,0,0,0,0,0,0,0,0,0
201109,10,005,3,5,Sussex County                 ,123,123,19403042,3,6,656396,1,4,375124,0,0,0,123,123,19403042,3,6,656396,1,4,375124,0,0,0
201109,11,001,3,5,Washington  DC                ,5,5,1910000,2,4,170000,0,0,0,1,205,79840578,5,5,1910000,2,4,170000,0,0,0,1,205,79840578
201109,12,003,3,5,Baker County                  ,2,2,253202,0,0,0,0,0,0,0,0,0,2,2,253202,0,0,0,0,0,0,0,0,0
201109,12,009,3,5,Brevard County                ,81,81,22769426,0,0,0,0,0,0,0,0,0,81,81,22769426,0,0,0,0,0,0,0,0,0
201109,12,011,3,5,Broward County                ,98,98,18311799,0,0,0,0,0,0,6,116,9508643,96,96,17953395,0,0,0,0,0,0,6,116,9508643
201109,12,013,3,5,Calhoun County                ,0,0,0,0,0,0,0,0,0,0,0,0,0,0,0,0,0,0,0,0,0,0,0,0
201109,12,015,3,5,Charlotte County              ,28,28,4698822,0,0,0,0,0,0,0,0,0,24,24,3479376,0,0,0,0,0,0,0,0,0
201109,12,019,3,5,Clay County                   ,55,55,8627820,0,0,0,0,0,0,0,0,0,55,55,8627820,0,0,0,0,0,0,0,0,0
201109,12,021,3,5,Collier County                ,66,66,25483061,0,0,0,1,4,822000,3,28,4229000,66,66,25483061,0,0,0,1,4,822000,3,28,4229000
201109,12,023,3,5,Columbia County               ,5,5,684184,0,0,0,0,0,0,0,0,0,0,0,0,0,0,0,0,0,0,0,0,0
201109,12,031,3,5,Duval County                  ,83,83,14854671,1,2,166300,0,0,0,1,8,626068,83,83,14854671,1,2,166300,0,0,0,1,8,626068
201109,12,033,3,5,Escambia County               ,89,89,16552618,0,0,0,0,0,0,0,0,0,89,89,16552618,0,0,0,0,0,0,0,0,0
201109,12,035,3,5,Flagler County                ,16,16,5645537,0,0,0,0,0,0,0,0,0,16,16,5645537,0,0,0,0,0,0,0,0,0
201109,12,037,3,5,Franklin County               ,0,0,0,0,0,0,0,0,0,0,0,0,0,0,0,0,0,0,0,0,0,0,0,0
201109,12,041,3,5,Gilchrist County              ,2,2,293173,0,0,0,0,0,0,0,0,0,0,0,0,0,0,0,0,0,0,0,0,0
201109,12,043,3,5,Glades County                 ,0,0,0,0,0,0,0,0,0,0,0,0,0,0,0,0,0,0,0,0,0,0,0,0
201109,12,047,3,5,Hamilton County               ,0,0,0,0,0,0,0,0,0,0,0,0,0,0,0,0,0,0,0,0,0,0,0,0
201109,12,049,3,5,Hardee County                 ,3,3,411511,0,0,0,0,0,0,0,0,0,3,3,411511,0,0,0,0,0,0,0,0,0
201109,12,053,3,5,Hernando County               ,14,14,2257414,0,0,0,0,0,0,1,5,375000,1,1,299990,0,0,0,0,0,0,0,0,0
201109,12,055,3,5,Highlands County              ,3,3,1012430,0,0,0,0,0,0,0,0,0,3,3,1012430,0,0,0,0,0,0,0,0,0
201109,12,057,3,5,Hillsborough County           ,241,241,72298878,0,0,0,0,0,0,14,254,34032906,241,241,72298878,0,0,0,0,0,0,14,254,34032906
201109,12,061,3,5,Indian River County           ,19,19,5575432,0,0,0,0,0,0,0,0,0,19,19,5575432,0,0,0,0,0,0,0,0,0
201109,12,063,3,5,Jackson County                ,5,5,597958,0,0,0,0,0,0,0,0,0,0,0,0,0,0,0,0,0,0,0,0,0
201109,12,065,3,5,Jefferson County              ,10,10,1241250,0,0,0,0,0,0,0,0,0,10,10,1241250,0,0,0,0,0,0,0,0,0
201109,12,067,3,5,Lafayette County              ,2,2,549000,0,0,0,0,0,0,0,0,0,2,2,549000,0,0,0,0,0,0,0,0,0
201109,12,069,3,5,Lake County                   ,54,54,14662909,0,0,0,0,0,0,0,0,0,47,47,13413923,0,0,0,0,0,0,0,0,0
201109,12,071,3,5,Lee County                    ,95,95,18799558,1,2,200000,0,0,0,3,82,7487295,95,95,18799558,1,2,200000,0,0,0,3,82,7487295
201109,12,073,3,5,Leon County                   ,29,29,4547842,0,0,0,0,0,0,1,5,318498,9,9,1757730,0,0,0,0,0,0,0,0,0
201109,12,077,3,5,Liberty County                ,0,0,0,0,0,0,0,0,0,0,0,0,0,0,0,0,0,0,0,0,0,0,0,0
201109,12,081,3,5,Manatee County                ,98,98,19253716,0,0,0,1,4,479020,0,0,0,98,98,19253716,0,0,0,1,4,479020,0,0,0
201109,12,083,3,5,Marion County                 ,32,32,5005841,0,0,0,1,3,110000,0,0,0,32,32,5005841,0,0,0,1,3,110000,0,0,0
201109,12,085,3,5,Martin County                 ,21,21,12169596,0,0,0,0,0,0,0,0,0,21,21,12169596,0,0,0,0,0,0,0,0,0
201109,12,086,3,5,Miami-Dade County             ,50,50,15437751,0,0,0,0,0,0,5,41,3725361,46,46,12121654,0,0,0,0,0,0,4,36,1551750
201109,12,089,3,5,Nassau County                 ,30,30,6740969,0,0,0,0,0,0,1,6,867810,27,27,5942563,0,0,0,0,0,0,1,6,867810
201109,12,095,3,5,Orange County                 ,257,257,49660415,0,0,0,0,0,0,3,18,3069094,257,257,49660415,0,0,0,0,0,0,3,18,3069094
201109,12,097,3,5,Osceola County                ,72,72,13878378,0,0,0,0,0,0,0,0,0,72,72,13878378,0,0,0,0,0,0,0,0,0
201109,12,099,3,5,Palm Beach County             ,156,156,63819229,1,2,208371,0,0,0,0,0,0,155,155,62559807,0,0,0,0,0,0,0,0,0
201109,12,101,3,5,Pasco County                  ,64,64,11875132,2,4,529777,0,0,0,2,37,2490685,63,63,11728492,2,4,529777,0,0,0,1,12,1113448
201109,12,103,3,5,Pinellas County               ,29,29,6767950,0,0,0,0,0,0,0,0,0,28,28,6514515,0,0,0,0,0,0,0,0,0
201109,12,105,3,5,Polk County                   ,96,96,18895559,0,0,0,0,0,0,0,0,0,91,91,17995191,0,0,0,0,0,0,0,0,0
201109,12,107,3,5,Putnam County                 ,3,3,372650,0,0,0,0,0,0,0,0,0,0,0,0,0,0,0,0,0,0,0,0,0
201109,12,109,3,5,St. Johns County              ,99,99,24737143,5,10,1625000,2,6,970000,1,6,1303562,99,99,24737143,5,10,1625000,2,6,970000,1,6,1303562
201109,12,111,3,5,St. Lucie County              ,26,26,4590838,0,0,0,0,0,0,1,5,695188,25,25,4419383,0,0,0,0,0,0,0,0,0
201109,12,113,3,5,Santa Rosa County             ,41,41,7560740,0,0,0,0,0,0,0,0,0,41,41,7560740,0,0,0,0,0,0,0,0,0
201109,12,115,3,5,Sarasota County               ,57,57,15390646,0,0,0,0,0,0,0,0,0,57,57,15390646,0,0,0,0,0,0,0,0,0
201109,12,117,3,5,Seminole County               ,33,33,6276808,0,0,0,0,0,0,1,6,568162,33,33,6276808,0,0,0,0,0,0,1,6,568162
201109,12,119,3,5,Sumter County                 ,237,237,66030759,0,0,0,0,0,0,0,0,0,237,237,66030759,0,0,0,0,0,0,0,0,0
201109,12,123,3,5,Taylor County                 ,1,1,170000,0,0,0,0,0,0,0,0,0,1,1,170000,0,0,0,0,0,0,0,0,0
201109,12,125,3,5,Union County                  ,1,1,64000,0,0,0,0,0,0,0,0,0,1,1,64000,0,0,0,0,0,0,0,0,0
201109,12,127,3,5,Volusia County                ,46,46,11937863,0,0,0,0,0,0,1,5,489877,31,31,8187457,0,0,0,0,0,0,0,0,0
201109,12,129,3,5,Wakulla County                ,7,7,950000,0,0,0,0,0,0,0,0,0,7,7,950000,0,0,0,0,0,0,0,0,0
201109,12,131,3,5,Walton County                 ,43,43,15302998,0,0,0,0,0,0,0,0,0,43,43,15302998,0,0,0,0,0,0,0,0,0
201109,12,133,3,5,Washington County             ,2,2,343202,0,0,0,0,0,0,0,0,0,0,0,0,0,0,0,0,0,0,0,0,0
201109,13,005,3,5,Bacon County                  ,0,0,0,0,0,0,0,0,0,0,0,0,0,0,0,0,0,0,0,0,0,0,0,0
201109,13,013,3,5,Barrow County                 ,3,3,211510,0,0,0,0,0,0,0,0,0,3,3,211510,0,0,0,0,0,0,0,0,0
201109,13,015,3,5,Bartow County                 ,6,6,1164541,0,0,0,0,0,0,0,0,0,5,5,922041,0,0,0,0,0,0,0,0,0
201109,13,029,3,5,Bryan County                  ,22,22,3958071,0,0,0,0,0,0,0,0,0,13,13,2860241,0,0,0,0,0,0,0,0,0
201109,13,035,3,5,Butts County                  ,0,0,0,0,0,0,0,0,0,0,0,0,0,0,0,0,0,0,0,0,0,0,0,0
201109,13,045,3,5,Carroll County                ,2,2,368817,0,0,0,0,0,0,0,0,0,2,2,368817,0,0,0,0,0,0,0,0,0
201109,13,057,3,5,Cherokee County               ,33,33,8015772,0,0,0,0,0,0,0,0,0,33,33,8015772,0,0,0,0,0,0,0,0,0
201109,13,059,3,5,Clarke County                 ,4,4,980476,0,0,0,0,0,0,3,73,5951466,4,4,980476,0,0,0,0,0,0,3,73,5951466
201109,13,063,3,5,Clayton County                ,6,6,1106450,0,0,0,0,0,0,0,0,0,6,6,1106450,0,0,0,0,0,0,0,0,0
201109,13,067,3,5,Cobb County                   ,54,54,13498197,1,2,385806,2,7,1101060,3,18,3361831,54,54,13498197,1,2,385806,2,7,1101060,3,18,3361831
201109,13,077,3,5,Coweta County                 ,29,29,9468046,0,0,0,0,0,0,0,0,0,19,19,7191799,0,0,0,0,0,0,0,0,0
201109,13,085,3,5,Dawson County                 ,2,2,900000,0,0,0,0,0,0,0,0,0,2,2,900000,0,0,0,0,0,0,0,0,0
201109,13,089,3,5,DeKalb County                 ,20,20,4145119,0,0,0,0,0,0,0,0,0,18,18,3476765,0,0,0,0,0,0,0,0,0
201109,13,095,3,5,Dougherty County              ,2,2,223849,0,0,0,1,3,152768,0,0,0,0,0,0,0,0,0,0,0,0,0,0,0
201109,13,097,3,5,Douglas County                ,7,7,1325240,0,0,0,0,0,0,0,0,0,7,7,1325240,0,0,0,0,0,0,0,0,0
201109,13,113,3,5,Fayette County                ,9,9,2869142,0,0,0,0,0,0,0,0,0,6,6,2046665,0,0,0,0,0,0,0,0,0
201109,13,117,3,5,Forsyth County                ,75,75,10031298,0,0,0,0,0,0,0,0,0,75,75,10031298,0,0,0,0,0,0,0,0,0
201109,13,121,3,5,Fulton County                 ,86,86,19167809,0,0,0,0,0,0,0,0,0,85,85,19059720,0,0,0,0,0,0,0,0,0
201109,13,127,3,5,Glynn County                  ,25,25,6425866,0,0,0,0,0,0,0,0,0,0,0,0,0,0,0,0,0,0,0,0,0
201109,13,133,3,5,Greene County                 ,9,9,2341371,0,0,0,0,0,0,0,0,0,0,0,0,0,0,0,0,0,0,0,0,0
201109,13,135,3,5,Gwinnett County               ,91,91,17558930,0,0,0,0,0,0,0,0,0,81,81,14736712,0,0,0,0,0,0,0,0,0
201109,13,143,3,5,Haralson County               ,1,1,175738,0,0,0,0,0,0,0,0,0,0,0,0,0,0,0,0,0,0,0,0,0
201109,13,145,3,5,Harris County                 ,1,1,320645,0,0,0,0,0,0,0,0,0,1,1,320645,0,0,0,0,0,0,0,0,0
201109,13,149,3,5,Heard County                  ,1,1,134368,0,0,0,0,0,0,0,0,0,0,0,0,0,0,0,0,0,0,0,0,0
201109,13,151,3,5,Henry County                  ,11,11,2201619,0,0,0,0,0,0,0,0,0,7,7,1691463,0,0,0,0,0,0,0,0,0
201109,13,159,3,5,Jasper County                 ,3,3,402370,0,0,0,0,0,0,0,0,0,0,0,0,0,0,0,0,0,0,0,0,0
201109,13,169,3,5,Jones County                  ,2,2,184000,0,0,0,0,0,0,0,0,0,2,2,184000,0,0,0,0,0,0,0,0,0
201109,13,171,3,5,Lamar County                  ,4,4,432458,0,0,0,0,0,0,0,0,0,4,4,432458,0,0,0,0,0,0,0,0,0
201109,13,177,3,5,Lee County                    ,9,9,1028566,0,0,0,0,0,0,0,0,0,0,0,0,0,0,0,0,0,0,0,0,0
201109,13,189,3,5,McDuffie County               ,2,2,330000,0,0,0,0,0,0,0,0,0,2,2,330000,0,0,0,0,0,0,0,0,0
201109,13,199,3,5,Meriwether County             ,2,2,349824,0,0,0,0,0,0,0,0,0,0,0,0,0,0,0,0,0,0,0,0,0
201109,13,211,3,5,Morgan County                 ,1,1,114455,0,0,0,0,0,0,0,0,0,1,1,114455,0,0,0,0,0,0,0,0,0
201109,13,213,3,5,Murray County                 ,0,0,0,0,0,0,0,0,0,0,0,0,0,0,0,0,0,0,0,0,0,0,0,0
201109,13,215,3,5,Muscogee County               ,18,18,1905407,1,2,165680,0,0,0,1,9,682690,0,0,0,0,0,0,0,0,0,0,0,0
201109,13,217,3,5,Newton County                 ,3,3,414382,0,0,0,0,0,0,0,0,0,1,1,78000,0,0,0,0,0,0,0,0,0
201109,13,223,3,5,Paulding County               ,18,18,2416185,0,0,0,0,0,0,0,0,0,11,11,1219638,0,0,0,0,0,0,0,0,0
201109,13,227,3,5,Pickens County                ,4,4,1130000,0,0,0,0,0,0,0,0,0,4,4,1130000,0,0,0,0,0,0,0,0,0
201109,13,231,3,5,Pike County                   ,2,2,465000,0,0,0,0,0,0,0,0,0,2,2,465000,0,0,0,0,0,0,0,0,0
201109,13,237,3,5,Putnam County                 ,4,4,740000,0,0,0,0,0,0,0,0,0,4,4,740000,0,0,0,0,0,0,0,0,0
201109,13,239,3,5,Quitman County                ,0,0,0,0,0,0,0,0,0,0,0,0,0,0,0,0,0,0,0,0,0,0,0,0
201109,13,247,3,5,Rockdale County               ,1,1,373358,0,0,0,0,0,0,0,0,0,1,1,373358,0,0,0,0,0,0,0,0,0
201109,13,255,3,5,Spalding County               ,7,7,1312354,0,0,0,0,0,0,0,0,0,7,7,1312354,0,0,0,0,0,0,0,0,0
201109,13,291,3,5,Union County                  ,3,3,553225,0,0,0,0,0,0,0,0,0,3,3,553225,0,0,0,0,0,0,0,0,0
201109,13,297,3,5,Walton County                 ,4,4,732450,0,0,0,0,0,0,0,0,0,4,4,732450,0,0,0,0,0,0,0,0,0
201109,13,313,3,5,Whitfield County              ,4,4,582698,0,0,0,0,0,0,0,0,0,0,0,0,0,0,0,0,0,0,0,0,0
201109,13,321,3,5,Worth County                  ,1,1,140000,0,0,0,0,0,0,0,0,0,1,1,140000,0,0,0,0,0,0,0,0,0
201109,15,001,4,9,Hawaii County                 ,49,49,15206738,0,0,0,0,0,0,4,55,3245000,0,0,0,0,0,0,0,0,0,0,0,0
201109,15,003,4,9,Honolulu County               ,73,73,21733301,0,0,0,3,9,1100000,3,507,29445000,73,73,21733301,0,0,0,3,9,1100000,3,507,29445000
201109,15,007,4,9,Kauai County                  ,13,13,5194326,0,0,0,0,0,0,0,0,0,0,0,0,0,0,0,0,0,0,0,0,0
201109,15,009,4,9,Maui County                   ,15,15,3405799,0,0,0,0,0,0,0,0,0,15,15,3405799,0,0,0,0,0,0,0,0,0
201109,16,001,4,8,Ada County                    ,107,107,26867971,0,0,0,0,0,0,3,48,2182938,107,107,26867971,0,0,0,0,0,0,3,48,2182938
201109,16,015,4,8,Boise County                  ,5,5,930165,0,0,0,0,0,0,0,0,0,5,5,930165,0,0,0,0,0,0,0,0,0
201109,16,027,4,8,Canyon County                 ,15,15,2310193,0,0,0,8,32,1991190,0,0,0,12,12,1768447,0,0,0,8,32,1991190,0,0,0
201109,16,045,4,8,Gem County                    ,2,2,298006,0,0,0,0,0,0,0,0,0,2,2,298006,0,0,0,0,0,0,0,0,0
201109,16,073,4,8,Owyhee County                 ,1,1,129000,0,0,0,0,0,0,0,0,0,1,1,129000,0,0,0,0,0,0,0,0,0
201109,17,005,2,3,Bond County                   ,4,4,666544,0,0,0,0,0,0,0,0,0,3,3,507000,0,0,0,0,0,0,0,0,0
201109,17,013,2,3,Calhoun County                ,1,1,100000,0,0,0,0,0,0,0,0,0,1,1,100000,0,0,0,0,0,0,0,0,0
201109,17,027,2,3,Clinton County                ,8,8,1427135,0,0,0,0,0,0,0,0,0,4,4,700000,0,0,0,0,0,0,0,0,0
201109,17,031,2,3,Cook County                   ,82,82,27843571,1,2,250000,8,27,3581779,11,193,42296989,65,65,22433853,1,2,250000,8,27,3581779,8,157,38699800
201109,17,037,2,3,DeKalb County                 ,1,1,230000,0,0,0,0,0,0,0,0,0,1,1,230000,0,0,0,0,0,0,0,0,0
201109,17,039,2,3,De Witt County                ,0,0,0,0,0,0,0,0,0,0,0,0,0,0,0,0,0,0,0,0,0,0,0,0
201109,17,043,2,3,DuPage County                 ,46,46,17129472,0,0,0,0,0,0,0,0,0,45,45,16667295,0,0,0,0,0,0,0,0,0
201109,17,063,2,3,Grundy County                 ,8,8,1582649,0,0,0,0,0,0,1,5,256410,7,7,1422100,0,0,0,0,0,0,0,0,0
201109,17,083,2,3,Jersey County                 ,3,3,382189,0,0,0,0,0,0,2,10,578496,0,0,0,0,0,0,0,0,0,0,0,0
201109,17,089,2,3,Kane County                   ,46,46,10394726,0,0,0,2,8,782676,2,10,1187932,44,44,9172794,0,0,0,2,8,782676,2,10,1187932
201109,17,093,2,3,Kendall County                ,30,30,4339764,0,0,0,0,0,0,0,0,0,20,20,2828214,0,0,0,0,0,0,0,0,0
201109,17,097,2,3,Lake County                   ,44,44,12760099,0,0,0,0,0,0,1,5,625000,28,28,8382990,0,0,0,0,0,0,0,0,0
201109,17,111,2,3,McHenry County                ,39,39,4861305,0,0,0,0,0,0,0,0,0,30,30,3539951,0,0,0,0,0,0,0,0,0
201109,17,117,2,3,Macoupin County               ,4,4,773849,1,2,300000,0,0,0,0,0,0,1,1,170000,0,0,0,0,0,0,0,0,0
201109,17,119,2,3,Madison County                ,18,18,4429075,3,6,410500,1,4,320000,0,0,0,12,12,3087123,3,6,410500,1,4,320000,0,0,0
201109,17,133,2,3,Monroe County                 ,11,11,2216547,0,0,0,0,0,0,0,0,0,7,7,1434000,0,0,0,0,0,0,0,0,0
201109,17,163,2,3,St. Clair County              ,40,40,8199637,1,2,171429,1,3,195000,4,32,3023636,7,7,958547,0,0,0,0,0,0,0,0,0
201109,17,197,2,3,Will County                   ,62,62,14157763,0,0,0,0,0,0,0,0,0,57,57,13449366,0,0,0,0,0,0,0,0,0
201109,18,001,2,3,Adams County                  ,5,5,902000,0,0,0,0,0,0,0,0,0,5,5,902000,0,0,0,0,0,0,0,0,0
201109,18,003,2,3,Allen County                  ,50,50,8896195,0,0,0,0,0,0,0,0,0,50,50,8896195,0,0,0,0,0,0,0,0,0
201109,18,011,2,3,Boone County                  ,88,88,6378218,1,2,200000,0,0,0,0,0,0,88,88,6378218,1,2,200000,0,0,0,0,0,0
201109,18,013,2,3,Brown County                  ,3,3,604541,0,0,0,0,0,0,0,0,0,3,3,604541,0,0,0,0,0,0,0,0,0
201109,18,019,2,3,Clark County                  ,22,22,3884926,0,0,0,0,0,0,0,0,0,22,22,3884926,0,0,0,0,0,0,0,0,0
201109,18,029,2,3,Dearborn County               ,4,4,913000,0,0,0,0,0,0,0,0,0,4,4,913000,0,0,0,0,0,0,0,0,0
201109,18,043,2,3,Floyd County                  ,6,6,1270750,0,0,0,0,0,0,0,0,0,4,4,980000,0,0,0,0,0,0,0,0,0
201109,18,047,2,3,Franklin County               ,4,4,675000,0,0,0,0,0,0,0,0,0,4,4,675000,0,0,0,0,0,0,0,0,0
201109,18,049,2,3,Fulton County                 ,3,3,555000,0,0,0,0,0,0,0,0,0,3,3,555000,0,0,0,0,0,0,0,0,0
201109,18,057,2,3,Hamilton County               ,99,99,21953953,13,26,2674334,0,0,0,0,0,0,99,99,21953953,13,26,2674334,0,0,0,0,0,0
201109,18,059,2,3,Hancock County                ,6,6,1482699,0,0,0,0,0,0,0,0,0,6,6,1482699,0,0,0,0,0,0,0,0,0
201109,18,061,2,3,Harrison County               ,3,3,604541,0,0,0,0,0,0,0,0,0,3,3,604541,0,0,0,0,0,0,0,0,0
201109,18,063,2,3,Hendricks County              ,43,43,8233003,0,0,0,0,0,0,2,24,1941528,29,29,5337651,0,0,0,0,0,0,2,24,1941528
201109,18,065,2,3,Henry County                  ,0,0,0,0,0,0,0,0,0,0,0,0,0,0,0,0,0,0,0,0,0,0,0,0
201109,18,069,2,3,Huntington County             ,3,3,725625,0,0,0,0,0,0,0,0,0,3,3,725625,0,0,0,0,0,0,0,0,0
201109,18,073,2,3,Jasper County                 ,1,1,201514,1,2,400000,0,0,0,0,0,0,1,1,201514,1,2,400000,0,0,0,0,0,0
201109,18,079,2,3,Jennings County               ,4,4,635000,0,0,0,0,0,0,0,0,0,4,4,635000,0,0,0,0,0,0,0,0,0
201109,18,081,2,3,Johnson County                ,25,25,4363309,0,0,0,0,0,0,0,0,0,23,23,4132171,0,0,0,0,0,0,0,0,0
201109,18,087,2,3,Lagrange County               ,12,12,1657500,0,0,0,0,0,0,0,0,0,12,12,1657500,0,0,0,0,0,0,0,0,0
201109,18,089,2,3,Lake County                   ,45,45,10772231,0,0,0,0,0,0,1,57,4636000,40,40,9874866,0,0,0,0,0,0,1,57,4636000
201109,18,097,2,3,Marion County                 ,42,42,6386730,4,8,1009912,0,0,0,3,23,3390000,37,37,5627818,4,8,1009912,0,0,0,3,23,3390000
201109,18,105,2,3,Monroe County                 ,12,12,2007457,0,0,0,0,0,0,0,0,0,12,12,2007457,0,0,0,0,0,0,0,0,0
201109,18,109,2,3,Morgan County                 ,6,6,955490,0,0,0,0,0,0,0,0,0,6,6,955490,0,0,0,0,0,0,0,0,0
201109,18,111,2,3,Newton County                 ,0,0,0,0,0,0,0,0,0,0,0,0,0,0,0,0,0,0,0,0,0,0,0,0
201109,18,115,2,3,Ohio County                   ,1,1,154817,0,0,0,0,0,0,0,0,0,0,0,0,0,0,0,0,0,0,0,0,0
201109,18,125,2,3,Pike County                   ,4,4,430667,0,0,0,0,0,0,0,0,0,0,0,0,0,0,0,0,0,0,0,0,0
201109,18,127,2,3,Porter County                 ,28,28,8336777,0,0,0,1,4,726563,0,0,0,26,26,7996956,0,0,0,1,4,726563,0,0,0
201109,18,133,2,3,Putnam County                 ,2,2,490000,0,0,0,0,0,0,0,0,0,2,2,490000,0,0,0,0,0,0,0,0,0
201109,18,145,2,3,Shelby County                 ,1,1,300000,0,0,0,0,0,0,0,0,0,1,1,300000,0,0,0,0,0,0,0,0,0
201109,18,155,2,3,Switzerland County            ,5,5,291331,0,0,0,0,0,0,0,0,0,0,0,0,0,0,0,0,0,0,0,0,0
201109,18,157,2,3,Tippecanoe County             ,150,150,30022722,0,0,0,0,0,0,14,200,16179400,150,150,30022722,0,0,0,0,0,0,14,200,16179400
201109,18,163,2,3,Vanderburgh County            ,19,19,2762000,0,0,0,0,0,0,0,0,0,19,19,2762000,0,0,0,0,0,0,0,0,0
201109,18,167,2,3,Vigo County                   ,6,6,1209082,0,0,0,0,0,0,0,0,0,6,6,1209082,0,0,0,0,0,0,0,0,0
201109,18,175,2,3,Washington County             ,2,2,274685,0,0,0,0,0,0,0,0,0,0,0,0,0,0,0,0,0,0,0,0,0
201109,18,179,2,3,Wells County                  ,0,0,0,0,0,0,0,0,0,0,0,0,0,0,0,0,0,0,0,0,0,0,0,0
201109,18,181,2,3,White County                  ,1,1,180000,0,0,0,0,0,0,0,0,0,1,1,180000,0,0,0,0,0,0,0,0,0
201109,18,183,2,3,Whitley County                ,9,9,1597000,0,0,0,0,0,0,0,0,0,9,9,1597000,0,0,0,0,0,0,0,0,0
201109,19,049,2,4,Dallas County                 ,18,18,3782398,1,2,287000,0,0,0,0,0,0,18,18,3782398,0,0,0,0,0,0,0,0,0
201109,19,077,2,4,Guthrie County                ,0,0,0,0,0,0,0,0,0,0,0,0,0,0,0,0,0,0,0,0,0,0,0,0
201109,19,085,2,4,Harrison County               ,0,0,0,0,0,0,0,0,0,0,0,0,0,0,0,0,0,0,0,0,0,0,0,0
201109,19,121,2,4,Madison County                ,4,4,689608,0,0,0,0,0,0,0,0,0,1,1,122000,0,0,0,0,0,0,0,0,0
201109,19,129,2,4,Mills County                  ,0,0,0,0,0,0,0,0,0,0,0,0,0,0,0,0,0,0,0,0,0,0,0,0
201109,19,153,2,4,Polk County                   ,124,124,26028629,1,2,310333,0,0,0,1,5,581944,108,108,22887087,0,0,0,0,0,0,0,0,0
201109,19,155,2,4,Pottawattamie County          ,12,12,1944975,0,0,0,0,0,0,0,0,0,2,2,503471,0,0,0,0,0,0,0,0,0
201109,19,181,2,4,Warren County                 ,10,10,2303076,0,0,0,0,0,0,0,0,0,7,7,1502960,0,0,0,0,0,0,0,0,0
201109,20,055,2,4,Finney County                 ,1,1,121563,0,0,0,0,0,0,0,0,0,0,0,0,0,0,0,0,0,0,0,0,0
201109,20,059,2,4,Franklin County               ,4,4,817500,0,0,0,0,0,0,0,0,0,4,4,817500,0,0,0,0,0,0,0,0,0
201109,20,063,2,4,Gove County                   ,0,0,0,0,0,0,0,0,0,0,0,0,0,0,0,0,0,0,0,0,0,0,0,0
201109,20,091,2,4,Johnson County                ,65,65,18297033,6,12,2031466,0,0,0,6,36,2250000,64,64,17785641,6,12,2031466,0,0,0,6,36,2250000
201109,20,103,2,4,Leavenworth County            ,9,9,1451206,0,0,0,0,0,0,0,0,0,9,9,1451206,0,0,0,0,0,0,0,0,0
201109,20,107,2,4,Linn County                   ,2,2,347822,0,0,0,0,0,0,0,0,0,1,1,200000,0,0,0,0,0,0,0,0,0
201109,20,121,2,4,Miami County                  ,2,2,432546,0,0,0,0,0,0,0,0,0,0,0,0,0,0,0,0,0,0,0,0,0
201109,20,129,2,4,Morton County                 ,0,0,0,0,0,0,0,0,0,0,0,0,0,0,0,0,0,0,0,0,0,0,0,0
201109,20,151,2,4,Pratt County                  ,0,0,0,0,0,0,0,0,0,0,0,0,0,0,0,0,0,0,0,0,0,0,0,0
201109,20,183,2,4,Smith County                  ,0,0,0,0,0,0,0,0,0,0,0,0,0,0,0,0,0,0,0,0,0,0,0,0
201109,20,209,2,4,Wyandotte County              ,8,8,2024211,0,0,0,0,0,0,0,0,0,8,8,2024211,0,0,0,0,0,0,0,0,0
201109,21,005,3,6,Anderson County               ,3,3,346340,0,0,0,0,0,0,0,0,0,3,3,346340,0,0,0,0,0,0,0,0,0
201109,21,015,3,6,Boone County                  ,36,36,5248261,0,0,0,0,0,0,0,0,0,0,0,0,0,0,0,0,0,0,0,0,0
201109,21,021,3,6,Boyle County                  ,4,4,495000,0,0,0,0,0,0,0,0,0,4,4,495000,0,0,0,0,0,0,0,0,0
201109,21,029,3,6,Bullitt County                ,8,8,3303000,0,0,0,0,0,0,0,0,0,8,8,3303000,0,0,0,0,0,0,0,0,0
201109,21,037,3,6,Campbell County               ,9,9,1536893,0,0,0,0,0,0,1,8,900000,7,7,1233361,0,0,0,0,0,0,1,8,900000
201109,21,049,3,6,Clark County                  ,4,4,742945,0,0,0,0,0,0,0,0,0,0,0,0,0,0,0,0,0,0,0,0,0
201109,21,053,3,6,Clinton County                ,0,0,0,0,0,0,0,0,0,0,0,0,0,0,0,0,0,0,0,0,0,0,0,0
201109,21,059,3,6,Daviess County                ,15,15,1448790,0,0,0,0,0,0,0,0,0,15,15,1448790,0,0,0,0,0,0,0,0,0
201109,21,067,3,6,Fayette County                ,77,77,10052831,1,2,200000,0,0,0,2,32,2151000,77,77,10052831,1,2,200000,0,0,0,2,32,2151000
201109,21,077,3,6,Gallatin County               ,0,0,0,0,0,0,0,0,0,0,0,0,0,0,0,0,0,0,0,0,0,0,0,0
201109,21,081,3,6,Grant County                  ,2,2,368284,0,0,0,0,0,0,0,0,0,0,0,0,0,0,0,0,0,0,0,0,0
201109,21,103,3,6,Henry County                  ,3,3,450000,0,0,0,0,0,0,0,0,0,3,3,450000,0,0,0,0,0,0,0,0,0
201109,21,111,3,6,Jefferson County              ,73,73,14681505,0,0,0,0,0,0,6,100,1371256,73,73,14681505,0,0,0,0,0,0,6,100,1371256
201109,21,113,3,6,Jessamine County              ,12,12,2735054,0,0,0,0,0,0,0,0,0,0,0,0,0,0,0,0,0,0,0,0,0
201109,21,117,3,6,Kenton County                 ,12,12,1640491,0,0,0,0,0,0,1,5,321071,12,12,1640491,0,0,0,0,0,0,0,0,0
201109,21,137,3,6,Lincoln County                ,4,4,717528,0,0,0,0,0,0,0,0,0,4,4,717528,0,0,0,0,0,0,0,0,0
201109,21,151,3,6,Madison County                ,14,14,1293525,1,2,129512,6,24,1100000,0,0,0,8,8,770000,0,0,0,6,24,1100000,0,0,0
201109,21,157,3,6,Marshall County               ,1,1,176153,0,0,0,0,0,0,1,5,277778,0,0,0,0,0,0,0,0,0,0,0,0
201109,21,163,3,6,Meade County                  ,8,8,976000,0,0,0,0,0,0,0,0,0,8,8,976000,0,0,0,0,0,0,0,0,0
201109,21,167,3,6,Mercer County                 ,3,3,395426,0,0,0,0,0,0,0,0,0,0,0,0,0,0,0,0,0,0,0,0,0
201109,21,179,3,6,Nelson County                 ,17,17,2573513,0,0,0,0,0,0,0,0,0,17,17,2573513,0,0,0,0,0,0,0,0,0
201109,21,185,3,6,Oldham County                 ,9,9,2046070,0,0,0,0,0,0,0,0,0,0,0,0,0,0,0,0,0,0,0,0,0
201109,21,191,3,6,Pendleton County              ,0,0,0,0,0,0,0,0,0,0,0,0,0,0,0,0,0,0,0,0,0,0,0,0
201109,21,205,3,6,Rowan County                  ,0,0,0,0,0,0,0,0,0,0,0,0,0,0,0,0,0,0,0,0,0,0,0,0
201109,21,209,3,6,Scott County                  ,19,19,2606550,0,0,0,0,0,0,0,0,0,19,19,2606550,0,0,0,0,0,0,0,0,0
201109,21,211,3,6,Shelby County                 ,7,7,981500,0,0,0,0,0,0,0,0,0,7,7,981500,0,0,0,0,0,0,0,0,0
201109,21,213,3,6,Simpson County                ,1,1,130918,0,0,0,0,0,0,0,0,0,0,0,0,0,0,0,0,0,0,0,0,0
201109,21,215,3,6,Spencer County                ,0,0,0,0,0,0,0,0,0,0,0,0,0,0,0,0,0,0,0,0,0,0,0,0
201109,21,221,3,6,Trigg County                  ,1,1,100000,0,0,0,0,0,0,0,0,0,1,1,100000,0,0,0,0,0,0,0,0,0
201109,21,239,3,6,Woodford County               ,1,1,290000,0,0,0,0,0,0,0,0,0,1,1,290000,0,0,0,0,0,0,0,0,0
201109,22,009,3,7,Avoyelles Parish              ,3,3,349005,0,0,0,0,0,0,0,0,0,0,0,0,0,0,0,0,0,0,0,0,0
201109,22,017,3,7,Caddo Parish                  ,28,28,6802998,0,0,0,0,0,0,0,0,0,0,0,0,0,0,0,0,0,0,0,0,0
201109,22,039,3,7,Evangeline Parish             ,6,6,906000,0,0,0,0,0,0,0,0,0,6,6,906000,0,0,0,0,0,0,0,0,0
201109,22,051,3,7,Jefferson Parish              ,15,15,3288409,0,0,0,0,0,0,0,0,0,14,14,3148279,0,0,0,0,0,0,0,0,0
201109,22,071,3,7,Orleans Parish                ,50,50,9066570,9,18,1554228,1,3,250000,0,0,0,50,50,9066570,9,18,1554228,1,3,250000,0,0,0
201109,22,075,3,7,Plaquemines Parish            ,4,4,377932,0,0,0,0,0,0,0,0,0,0,0,0,0,0,0,0,0,0,0,0,0
201109,22,077,3,7,Pointe Coupee Parish          ,0,0,0,0,0,0,0,0,0,0,0,0,0,0,0,0,0,0,0,0,0,0,0,0
201109,22,087,3,7,St. Bernard Parish            ,3,3,382500,0,0,0,0,0,0,0,0,0,3,3,382500,0,0,0,0,0,0,0,0,0
201109,22,089,3,7,St. Charles Parish            ,5,5,933500,0,0,0,0,0,0,0,0,0,5,5,933500,0,0,0,0,0,0,0,0,0
201109,22,091,3,7,St. Helena Parish             ,0,0,0,0,0,0,0,0,0,0,0,0,0,0,0,0,0,0,0,0,0,0,0,0
201109,22,095,3,7,St. John the Baptist Parish   ,4,4,621615,0,0,0,0,0,0,0,0,0,0,0,0,0,0,0,0,0,0,0,0,0
201109,22,103,3,7,St. Tammany Parish            ,67,67,10396013,0,0,0,0,0,0,0,0,0,67,67,10396013,0,0,0,0,0,0,0,0,0
201109,22,105,3,7,Tangipahoa Parish             ,38,38,874377,0,0,0,2,7,240000,0,0,0,34,34,356550,0,0,0,2,7,240000,0,0,0
201109,22,109,3,7,Terrebonne Parish             ,12,12,3156314,0,0,0,0,0,0,0,0,0,12,12,3156314,0,0,0,0,0,0,0,0,0
201109,22,117,3,7,Washington Parish             ,4,4,938100,0,0,0,0,0,0,0,0,0,4,4,938100,0,0,0,0,0,0,0,0,0
201109,23,000,1,1,Maine Unorganized Territory   ,7,7,929601,0,0,0,0,0,0,0,0,0,0,0,0,0,0,0,0,0,0,0,0,0
201109,24,003,3,5,Anne Arundel County           ,57,57,10509403,0,0,0,0,0,0,0,0,0,55,55,10142456,0,0,0,0,0,0,0,0,0
201109,24,005,3,5,Baltimore County              ,59,59,10880090,0,0,0,0,0,0,0,0,0,59,59,10880090,0,0,0,0,0,0,0,0,0
201109,24,009,3,5,Calvert County                ,23,23,4241391,0,0,0,0,0,0,0,0,0,23,23,4241391,0,0,0,0,0,0,0,0,0
201109,24,013,3,5,Carroll County                ,7,7,1290858,0,0,0,0,0,0,0,0,0,7,7,1290858,0,0,0,0,0,0,0,0,0
201109,24,015,3,5,Cecil County                  ,24,24,4227983,0,0,0,0,0,0,0,0,0,1,1,155000,0,0,0,0,0,0,0,0,0
201109,24,017,3,5,Charles County                ,58,58,12871197,0,0,0,0,0,0,0,0,0,58,58,12871197,0,0,0,0,0,0,0,0,0
201109,24,021,3,5,Frederick County              ,63,63,12705994,0,0,0,0,0,0,1,6,591520,5,5,922041,0,0,0,0,0,0,0,0,0
201109,24,023,3,5,Garrett County                ,17,17,4996785,0,0,0,0,0,0,0,0,0,17,17,4996785,0,0,0,0,0,0,0,0,0
201109,24,025,3,5,Harford County                ,43,43,8164015,1,2,85000,0,0,0,0,0,0,42,42,8007515,0,0,0,0,0,0,0,0,0
201109,24,027,3,5,Howard County                 ,75,75,15704960,0,0,0,0,0,0,1,21,1887070,0,0,0,0,0,0,0,0,0,0,0,0
201109,24,031,3,5,Montgomery County             ,85,85,15773559,9,18,966021,0,0,0,1,65,15000000,78,78,14565031,7,14,370000,0,0,0,1,65,15000000
201109,24,033,3,5,Prince George County          ,18,18,3045550,0,0,0,0,0,0,0,0,0,16,16,2820000,0,0,0,0,0,0,0,0,0
201109,24,035,3,5,Queen Anne County             ,9,9,1659675,0,0,0,0,0,0,0,0,0,9,9,1659675,0,0,0,0,0,0,0,0,0
201109,24,510,3,5,Baltimore (Independent City)  ,9,9,1130847,0,0,0,0,0,0,1,22,2688213,0,0,0,0,0,0,0,0,0,0,0,0
201109,25,009,1,1,Essex County                  ,47,47,15104786,4,8,1111399,0,0,0,3,22,1746825,27,27,9710596,2,4,722000,0,0,0,0,0,0
201109,25,017,1,1,Middlesex County              ,84,84,29060419,1,2,330000,0,0,0,3,15,1413770,63,63,24795170,1,2,330000,0,0,0,0,0,0
201109,25,019,1,1,Nantucket County              ,4,4,3411054,0,0,0,0,0,0,0,0,0,0,0,0,0,0,0,0,0,0,0,0,0
201109,25,021,1,1,Norfolk County                ,41,41,12782217,1,2,215000,0,0,0,2,10,869931,27,27,8238100,0,0,0,0,0,0,0,0,0
201109,25,023,1,1,Plymouth County               ,46,46,10802846,0,0,0,1,3,295443,1,5,492405,30,30,7884190,0,0,0,0,0,0,0,0,0
201109,25,025,1,1,Suffolk County                ,2,2,429369,1,2,477531,1,4,429718,3,31,2763990,0,0,0,0,0,0,0,0,0,0,0,0
201109,26,000,2,3,Michigan Balance of State     ,3,3,359209,0,0,0,0,0,0,0,0,0,3,3,359209,0,0,0,0,0,0,0,0,0
201109,26,001,2,3,Alcona County                 ,3,3,301431,0,0,0,0,0,0,0,0,0,0,0,0,0,0,0,0,0,0,0,0,0
201109,26,009,2,3,Antrim County                 ,4,4,762615,0,0,0,0,0,0,0,0,0,0,0,0,0,0,0,0,0,0,0,0,0
201109,26,015,2,3,Barry County                  ,9,9,1185858,0,0,0,0,0,0,0,0,0,2,2,400000,0,0,0,0,0,0,0,0,0
201109,26,019,2,3,Benzie County                 ,4,4,452110,0,0,0,0,0,0,0,0,0,4,4,452110,0,0,0,0,0,0,0,0,0
201109,26,029,2,3,Charlevoix County             ,6,6,1368416,0,0,0,0,0,0,0,0,0,0,0,0,0,0,0,0,0,0,0,0,0
201109,26,031,2,3,Cheboygan County              ,4,4,1133077,0,0,0,0,0,0,0,0,0,0,0,0,0,0,0,0,0,0,0,0,0
201109,26,047,2,3,Emmet County                  ,4,4,1822139,0,0,0,0,0,0,0,0,0,4,4,1822139,0,0,0,0,0,0,0,0,0
201109,26,051,2,3,Gladwin County                ,5,5,1007568,0,0,0,0,0,0,0,0,0,5,5,1007568,0,0,0,0,0,0,0,0,0
201109,26,059,2,3,Hillsdale County              ,4,4,659940,0,0,0,0,0,0,0,0,0,0,0,0,0,0,0,0,0,0,0,0,0
201109,26,067,2,3,Ionia County                  ,2,2,338812,0,0,0,0,0,0,0,0,0,0,0,0,0,0,0,0,0,0,0,0,0
201109,26,079,2,3,Kalkaska County               ,3,3,473000,0,0,0,0,0,0,0,0,0,3,3,473000,0,0,0,0,0,0,0,0,0
201109,26,081,2,3,Kent County                   ,78,78,16915270,0,0,0,0,0,0,0,0,0,64,64,14410039,0,0,0,0,0,0,0,0,0
201109,26,085,2,3,Lake County                   ,5,5,143726,0,0,0,0,0,0,0,0,0,0,0,0,0,0,0,0,0,0,0,0,0
201109,26,087,2,3,Lapeer County                 ,4,4,480000,0,0,0,0,0,0,0,0,0,4,4,480000,0,0,0,0,0,0,0,0,0
201109,26,089,2,3,Leelanau County               ,4,4,1132620,0,0,0,0,0,0,0,0,0,4,4,1132620,0,0,0,0,0,0,0,0,0
201109,26,093,2,3,Livingston County             ,15,15,3254811,0,0,0,0,0,0,0,0,0,13,13,3050667,0,0,0,0,0,0,0,0,0
201109,26,099,2,3,Macomb County                 ,79,79,19437805,0,0,0,0,0,0,1,5,1937473,79,79,19437805,0,0,0,0,0,0,0,0,1700000
201109,26,103,2,3,Marquette County              ,13,13,2070000,0,0,0,0,0,0,0,0,0,13,13,2070000,0,0,0,0,0,0,0,0,0
201109,26,113,2,3,Missaukee County              ,1,1,160308,0,0,0,0,0,0,0,0,0,0,0,0,0,0,0,0,0,0,0,0,0
201109,26,123,2,3,Newaygo County                ,3,3,274667,0,0,0,0,0,0,0,0,0,1,1,150000,0,0,0,0,0,0,0,0,0
201109,26,125,2,3,Oakland County                ,126,126,27549656,0,0,0,0,0,0,1,34,2085796,102,102,22292615,0,0,0,0,0,0,0,0,0
201109,26,129,2,3,Ogemaw County                 ,4,4,669152,0,0,0,0,0,0,0,0,0,4,4,669152,0,0,0,0,0,0,0,0,0
201109,26,133,2,3,Osceola County                ,3,3,370000,0,0,0,0,0,0,0,0,0,3,3,370000,0,0,0,0,0,0,0,0,0
201109,26,137,2,3,Otsego County                 ,2,2,331549,0,0,0,0,0,0,0,0,0,0,0,0,0,0,0,0,0,0,0,0,0
201109,26,141,2,3,Presque Isle County           ,3,3,465000,0,0,0,0,0,0,0,0,0,3,3,465000,0,0,0,0,0,0,0,0,0
201109,26,147,2,3,St. Clair County              ,5,5,615115,0,0,0,0,0,0,0,0,0,4,4,536514,0,0,0,0,0,0,0,0,0
201109,26,163,2,3,Wayne County                  ,41,41,9144399,0,0,0,1,3,300000,0,0,0,38,38,8674613,0,0,0,0,0,0,0,0,0
201109,27,003,2,4,Anoka County                  ,40,40,10444853,0,0,0,0,0,0,0,0,0,30,30,8356999,0,0,0,0,0,0,0,0,0
201109,27,019,2,4,Carver County                 ,32,32,12017914,0,0,0,0,0,0,0,0,0,29,29,11309597,0,0,0,0,0,0,0,0,0
201109,27,025,2,4,Chisago County                ,5,5,741559,0,0,0,0,0,0,0,0,0,4,4,603327,0,0,0,0,0,0,0,0,0
201109,27,037,2,4,Dakota County                 ,35,35,9839407,0,0,0,0,0,0,1,93,2000000,33,33,9250217,0,0,0,0,0,0,1,93,2000000
201109,27,053,2,4,Hennepin County               ,88,88,28607412,1,2,428190,0,0,0,1,21,2570503,81,81,25753549,1,2,428190,0,0,0,0,0,0
201109,27,059,2,4,Isanti County                 ,1,1,152600,0,0,0,0,0,0,0,0,0,0,0,0,0,0,0,0,0,0,0,0,0
201109,27,123,2,4,Ramsey County                 ,10,10,1738352,0,0,0,0,0,0,1,50,7500000,10,10,1738352,0,0,0,0,0,0,1,50,7500000
201109,27,139,2,4,Scott County                  ,50,50,9821963,0,0,0,0,0,0,0,0,0,48,48,9433542,0,0,0,0,0,0,0,0,0
201109,27,141,2,4,Sherburne County              ,11,11,1744510,0,0,0,0,0,0,0,0,0,7,7,1170888,0,0,0,0,0,0,0,0,0
201109,27,163,2,4,Washington County             ,46,46,11354712,0,0,0,0,0,0,0,0,0,46,46,11354712,0,0,0,0,0,0,0,0,0
201109,27,171,2,4,Wright County                 ,26,26,5526577,0,0,0,0,0,0,0,0,0,25,25,5335037,0,0,0,0,0,0,0,0,0
201109,28,021,3,6,Claiborne County              ,0,0,0,0,0,0,0,0,0,0,0,0,0,0,0,0,0,0,0,0,0,0,0,0
201109,28,033,3,6,DeSoto County                 ,33,33,4757081,0,0,0,0,0,0,0,0,0,15,15,1784440,0,0,0,0,0,0,0,0,0
201109,28,039,3,6,George County                 ,1,1,50000,0,0,0,0,0,0,0,0,0,1,1,50000,0,0,0,0,0,0,0,0,0
201109,28,071,3,6,Lafayette County              ,6,6,884845,0,0,0,0,0,0,0,0,0,0,0,0,0,0,0,0,0,0,0,0,0
201109,28,091,3,6,Marion County                 ,0,0,0,0,0,0,0,0,0,0,0,0,0,0,0,0,0,0,0,0,0,0,0,0
201109,28,093,3,6,Marshall County               ,4,4,675644,0,0,0,0,0,0,0,0,0,0,0,0,0,0,0,0,0,0,0,0,0
201109,28,137,3,6,Tate County                   ,6,6,561479,0,0,0,0,0,0,0,0,0,0,0,0,0,0,0,0,0,0,0,0,0
201109,28,143,3,6,Tunica County                 ,0,0,0,0,0,0,0,0,0,0,0,0,0,0,0,0,0,0,0,0,0,0,0,0
201109,28,153,3,6,Wayne County                  ,0,0,0,0,0,0,0,0,0,0,0,0,0,0,0,0,0,0,0,0,0,0,0,0
201109,29,001,2,4,Adair County                  ,3,3,830519,0,0,0,0,0,0,0,0,0,3,3,830519,0,0,0,0,0,0,0,0,0
201109,29,013,2,4,Bates County                  ,1,1,296000,0,0,0,0,0,0,0,0,0,1,1,296000,0,0,0,0,0,0,0,0,0
201109,29,019,2,4,Boone County                  ,60,60,9998711,2,4,316667,0,0,0,1,6,518182,26,26,4175058,1,2,160000,0,0,0,0,0,0
201109,29,025,2,4,Caldwell County               ,1,1,196647,0,0,0,0,0,0,0,0,0,0,0,0,0,0,0,0,0,0,0,0,0
201109,29,037,2,4,Cass County                   ,16,16,3816464,0,0,0,0,0,0,1,5,528333,15,15,3646027,0,0,0,0,0,0,0,0,0
201109,29,047,2,4,Clay County                   ,13,13,2898684,0,0,0,0,0,0,0,0,0,13,13,2898684,0,0,0,0,0,0,0,0,0
201109,29,049,2,4,Clinton County                ,1,1,207814,0,0,0,0,0,0,0,0,0,0,0,0,0,0,0,0,0,0,0,0,0
201109,29,051,2,4,Cole County                   ,13,13,2326311,0,0,0,1,3,204375,0,0,0,6,6,873000,0,0,0,0,0,0,0,0,0
201109,29,065,2,4,Dent County                   ,0,0,0,0,0,0,0,0,0,0,0,0,0,0,0,0,0,0,0,0,0,0,0,0
201109,29,071,2,4,Franklin County               ,27,27,4543484,1,2,356742,0,0,0,0,0,0,27,27,4543484,1,2,356742,0,0,0,0,0,0
201109,29,079,2,4,Grundy County                 ,3,3,125000,0,0,0,0,0,0,0,0,0,3,3,125000,0,0,0,0,0,0,0,0,0
201109,29,095,2,4,Jackson County                ,66,66,14106768,0,0,0,0,0,0,0,0,0,64,64,13871768,0,0,0,0,0,0,0,0,0
201109,29,099,2,4,Jefferson County              ,41,41,5416466,0,0,0,0,0,0,0,0,0,38,38,5072255,0,0,0,0,0,0,0,0,0
201109,29,105,2,4,Laclede County                ,2,2,417237,2,4,290986,0,0,0,1,5,250000,0,0,0,0,0,0,0,0,0,0,0,0
201109,29,107,2,4,Lafayette County              ,3,3,493027,0,0,0,0,0,0,0,0,0,2,2,403027,0,0,0,0,0,0,0,0,0
201109,29,113,2,4,Lincoln County                ,2,2,314514,0,0,0,0,0,0,0,0,0,2,2,314514,0,0,0,0,0,0,0,0,0
201109,29,141,2,4,Morgan County                 ,0,0,0,0,0,0,0,0,0,0,0,0,0,0,0,0,0,0,0,0,0,0,0,0
201109,29,161,2,4,Phelps County                 ,2,2,479155,0,0,0,1,4,148190,0,0,0,2,2,479155,0,0,0,1,4,148190,0,0,0
201109,29,165,2,4,Platte County                 ,14,14,3205957,0,0,0,0,0,0,0,0,0,11,11,2581220,0,0,0,0,0,0,0,0,0
201109,29,177,2,4,Ray County                    ,0,0,0,0,0,0,0,0,0,0,0,0,0,0,0,0,0,0,0,0,0,0,0,0
201109,29,183,2,4,St. Charles County            ,70,70,21831924,2,4,320000,0,0,0,5,40,3120000,70,70,21831924,2,4,320000,0,0,0,5,40,3120000
201109,29,189,2,4,St. Louis County              ,48,48,17316795,0,0,0,0,0,0,2,19,2481124,8,8,4037912,0,0,0,0,0,0,0,0,0
201109,29,219,2,4,Warren County                 ,11,11,1903109,0,0,0,0,0,0,0,0,0,11,11,1903109,0,0,0,0,0,0,0,0,0
201109,29,221,2,4,Washington County             ,0,0,0,0,0,0,0,0,0,0,0,0,0,0,0,0,0,0,0,0,0,0,0,0
201109,29,510,2,4,St. Louis (Independent City)  ,6,6,607000,0,0,0,0,0,0,0,0,0,6,6,607000,0,0,0,0,0,0,0,0,0
201109,30,023,4,8,Deer Lodge County             ,0,0,7500,0,0,0,0,0,0,0,0,0,0,0,7500,0,0,0,0,0,0,0,0,0
201109,30,063,4,8,Missoula County               ,15,15,2587888,0,0,0,0,0,0,2,39,1338057,15,15,2587888,0,0,0,0,0,0,2,39,1338057
201109,31,025,2,4,Cass County                   ,7,7,1095728,0,0,0,0,0,0,0,0,0,7,7,1095728,0,0,0,0,0,0,0,0,0
201109,31,033,2,4,Cheyenne County               ,0,0,0,0,0,0,0,0,0,0,0,0,0,0,0,0,0,0,0,0,0,0,0,0
201109,31,055,2,4,Douglas County                ,105,105,14312516,0,0,0,0,0,0,14,326,23834616,101,101,13522812,0,0,0,0,0,0,12,288,21585803
201109,31,077,2,4,Greeley County                ,0,0,0,0,0,0,0,0,0,0,0,0,0,0,0,0,0,0,0,0,0,0,0,0
201109,31,105,2,4,Kimball County                ,0,0,0,0,0,0,0,0,0,0,0,0,0,0,0,0,0,0,0,0,0,0,0,0
201109,31,153,2,4,Sarpy County                  ,45,45,10739190,0,0,0,0,0,0,0,0,0,45,45,10739190,0,0,0,0,0,0,0,0,0
201109,31,155,2,4,Saunders County               ,4,4,641855,0,0,0,0,0,0,0,0,0,3,3,486999,0,0,0,0,0,0,0,0,0
201109,31,177,2,4,Washington County             ,2,2,254932,0,0,0,0,0,0,0,0,0,2,2,254932,0,0,0,0,0,0,0,0,0
201109,32,001,4,8,Churchill County              ,0,0,0,0,0,0,0,0,0,0,0,0,0,0,0,0,0,0,0,0,0,0,0,0
201109,32,003,4,8,Clark County                  ,275,275,45656835,0,0,0,3,9,782880,0,0,206383,275,275,45656835,0,0,0,3,9,782880,0,0,206383
201109,32,005,4,8,Douglas County                ,4,4,971402,0,0,0,0,0,0,0,0,0,4,4,971402,0,0,0,0,0,0,0,0,0
201109,32,007,4,8,Elko County                   ,16,16,2073949,0,0,0,0,0,0,0,0,0,16,16,2073949,0,0,0,0,0,0,0,0,0
201109,32,013,4,8,Humboldt County               ,1,1,133582,0,0,0,0,0,0,0,0,0,0,0,0,0,0,0,0,0,0,0,0,0
201109,32,015,4,8,Lander County                 ,1,1,134375,0,0,0,0,0,0,0,0,0,1,1,134375,0,0,0,0,0,0,0,0,0
201109,32,017,4,8,Lincoln County                ,1,1,159152,0,0,0,0,0,0,0,0,0,0,0,0,0,0,0,0,0,0,0,0,0
201109,32,019,4,8,Lyon County                   ,6,6,1444027,0,0,0,0,0,0,0,0,0,6,6,1444027,0,0,0,0,0,0,0,0,0
201109,32,021,4,8,Mineral County                ,0,0,0,0,0,0,0,0,0,0,0,0,0,0,0,0,0,0,0,0,0,0,0,0
201109,32,027,4,8,Pershing County               ,0,0,0,0,0,0,0,0,0,0,0,0,0,0,0,0,0,0,0,0,0,0,0,0
201109,32,029,4,8,Storey County                 ,0,0,0,0,0,0,0,0,0,0,0,0,0,0,0,0,0,0,0,0,0,0,0,0
201109,32,031,4,8,Washoe County                 ,40,40,8982637,0,0,0,0,0,0,0,0,0,37,37,7834755,0,0,0,0,0,0,0,0,0
201109,32,033,4,8,White Pine County             ,0,0,0,0,0,0,0,0,0,0,0,0,0,0,0,0,0,0,0,0,0,0,0,0
201109,32,510,4,8,Carson City (Independent City),0,0,0,0,0,0,0,0,0,0,0,0,0,0,0,0,0,0,0,0,0,0,0,0
201109,33,015,1,1,Rockingham County             ,42,42,11092889,0,0,0,0,0,0,0,0,0,33,33,9031836,0,0,0,0,0,0,0,0,0
201109,33,017,1,1,Strafford County              ,11,11,1807076,0,0,0,0,0,0,0,0,0,2,2,400000,0,0,0,0,0,0,0,0,0
201109,34,001,1,2,Atlantic County               ,30,30,5166398,0,0,0,0,0,0,1,6,1318022,22,22,3754374,0,0,0,0,0,0,0,0,0
201109,34,003,1,2,Bergen County                 ,45,45,18041225,7,14,2333887,0,0,0,1,5,938429,19,19,9045880,5,10,1795000,0,0,0,0,0,486000
201109,34,005,1,2,Burlington County             ,32,32,5248697,0,0,0,0,0,0,2,29,802850,21,21,3206363,0,0,0,0,0,0,1,24,314500
201109,34,007,1,2,Camden County                 ,16,16,2026006,2,4,310380,0,0,0,2,10,519407,7,7,926329,0,0,0,0,0,0,0,0,0
201109,34,009,1,2,Cape May County               ,25,25,12371121,4,8,1711700,0,0,0,0,0,0,23,23,12003584,4,8,1711700,0,0,0,0,0,0
201109,34,011,1,2,Cumberland County             ,12,12,1794502,0,0,0,0,0,0,0,0,0,6,6,977300,0,0,0,0,0,0,0,0,0
201109,34,013,1,2,Essex County                  ,16,16,6322228,2,4,245500,0,0,0,2,15,1486050,9,9,5327849,2,4,245500,0,0,0,0,0,0
201109,34,015,1,2,Gloucester County             ,28,28,4776547,0,0,0,0,0,0,1,10,670178,16,16,3370321,0,0,0,0,0,0,0,0,0
201109,34,017,1,2,Hudson County                 ,4,4,916320,1,2,4500,1,4,180000,9,84,8076508,4,4,916320,1,2,4500,1,4,180000,7,61,4045508
201109,34,019,1,2,Hunterdon County              ,17,17,3033468,0,0,0,0,0,0,2,10,690635,7,7,1788800,0,0,0,0,0,0,0,0,0
201109,34,021,1,2,Mercer County                 ,7,7,1658097,0,0,0,0,0,0,5,29,3392579,1,1,312697,0,0,0,0,0,0,3,19,1702000
201109,34,023,1,2,Middlesex County              ,40,40,7861216,1,2,81021,1,3,35173,3,76,7529195,35,35,7240585,0,0,0,1,3,35173,2,66,7059000
201109,34,025,1,2,Monmouth County               ,46,46,12059847,0,0,0,0,0,0,2,12,627374,41,41,11201811,0,0,0,0,0,0,0,0,0
201109,34,027,1,2,Morris County                 ,37,37,9436441,0,0,0,0,0,0,2,10,635085,15,15,3797640,0,0,0,0,0,0,0,0,0
201109,34,029,1,2,Ocean County                  ,55,55,14825332,0,0,0,2,7,573328,5,52,4200404,40,40,13005156,0,0,0,0,0,0,3,36,3109122
201109,34,031,1,2,Passaic County                ,10,10,1409159,1,2,140238,0,0,0,3,16,1300352,2,2,254550,0,0,0,0,0,0,0,0,0
201109,34,033,1,2,Salem County                  ,6,6,764428,0,0,0,0,0,0,1,5,223536,5,5,704700,0,0,0,0,0,0,0,0,0
201109,34,035,1,2,Somerset County               ,37,37,5311755,0,0,0,0,0,0,5,35,5694151,33,33,4968001,0,0,0,0,0,0,2,20,4142068
201109,34,037,1,2,Sussex County                 ,8,8,2420813,0,0,0,0,0,0,0,0,0,6,6,2016487,0,0,0,0,0,0,0,0,0
201109,34,039,1,2,Union County                  ,16,16,3211208,4,8,726370,1,3,181466,5,27,807847,3,3,489300,2,4,422800,0,0,0,0,0,0
201109,34,041,1,2,Warren County                 ,17,17,1437996,0,0,0,0,0,0,0,0,0,10,10,194000,0,0,0,0,0,0,0,0,0
201109,35,000,4,8,New Mexico Balance of State   ,53,53,7496239,0,0,0,0,0,0,0,0,0,53,53,7496239,0,0,0,0,0,0,0,0,0
201109,35,001,4,8,Bernalillo County             ,68,68,13294682,0,0,0,1,3,422318,1,22,1713167,6,6,2295636,0,0,0,0,0,0,0,0,0
201109,35,005,4,8,Chaves County                 ,3,3,588367,0,0,0,0,0,0,0,0,0,2,2,412052,0,0,0,0,0,0,0,0,0
201109,35,007,4,8,Colfax County                 ,1,1,421860,0,0,0,0,0,0,0,0,0,0,0,0,0,0,0,0,0,0,0,0,0
201109,35,009,4,8,Curry County                  ,13,13,2635227,0,0,0,2,6,804050,0,0,0,13,13,2635227,0,0,0,2,6,804050,0,0,0
201109,35,013,4,8,Dona Ana County               ,48,48,8620474,0,0,0,1,4,380000,0,0,0,48,48,8620474,0,0,0,1,4,380000,0,0,0
201109,35,015,4,8,Eddy County                   ,4,4,465288,0,0,0,0,0,0,0,0,0,4,4,465288,0,0,0,0,0,0,0,0,0
201109,35,025,4,8,Lea County                    ,1,1,322000,0,0,0,0,0,0,0,0,0,1,1,322000,0,0,0,0,0,0,0,0,0
201109,35,027,4,8,Lincoln County                ,4,4,699794,0,0,0,0,0,0,0,0,0,0,0,0,0,0,0,0,0,0,0,0,0
201109,35,028,4,8,Los Alamos County             ,0,0,0,0,0,0,0,0,0,0,0,0,0,0,0,0,0,0,0,0,0,0,0,0
201109,35,029,4,8,Luna County                   ,0,0,0,0,0,0,0,0,0,0,0,0,0,0,0,0,0,0,0,0,0,0,0,0
201109,35,031,4,8,McKinley County               ,0,0,0,0,0,0,0,0,0,0,0,0,0,0,0,0,0,0,0,0,0,0,0,0
201109,35,035,4,8,Otero County                  ,0,0,0,0,0,0,0,0,0,0,0,0,0,0,0,0,0,0,0,0,0,0,0,0
201109,35,039,4,8,Rio Arriba County             ,0,0,0,0,0,0,0,0,0,0,0,0,0,0,0,0,0,0,0,0,0,0,0,0
201109,35,041,4,8,Roosevelt County              ,1,1,138000,0,0,0,0,0,0,0,0,0,1,1,138000,0,0,0,0,0,0,0,0,0
201109,35,043,4,8,Sandoval County               ,40,40,7227482,0,0,0,0,0,0,0,0,0,0,0,0,0,0,0,0,0,0,0,0,0
201109,35,045,4,8,San Juan County               ,13,13,2591574,0,0,0,0,0,0,1,8,483333,4,4,809731,0,0,0,0,0,0,0,0,0
201109,35,049,4,8,Santa Fe County               ,8,8,1066868,0,0,0,0,0,0,0,0,0,0,0,0,0,0,0,0,0,0,0,0,0
201109,35,051,4,8,Sierra County                 ,1,1,117000,0,0,0,0,0,0,0,0,0,1,1,117000,0,0,0,0,0,0,0,0,0
201109,35,053,4,8,Socorro County                ,0,0,0,0,0,0,0,0,0,0,0,0,0,0,0,0,0,0,0,0,0,0,0,0
201109,35,055,4,8,Taos County                   ,4,4,438623,0,0,0,0,0,0,0,0,0,0,0,0,0,0,0,0,0,0,0,0,0
201109,35,061,4,8,Valencia County               ,7,7,893775,0,0,0,0,0,0,0,0,0,0,0,0,0,0,0,0,0,0,0,0,0
201109,36,005,1,2,Bronx County                  ,0,0,0,2,4,444165,0,0,0,0,0,0,0,0,0,2,4,444165,0,0,0,0,0,0
201109,36,047,1,2,Kings County                  ,0,0,0,3,6,666248,3,9,828849,3,31,2707164,0,0,0,3,6,666248,3,9,828849,3,31,2707164
201109,36,059,1,2,Nassau County                 ,33,33,17830870,0,0,0,1,4,123810,1,5,145312,22,22,14857669,0,0,0,0,0,0,0,0,0
201109,36,061,1,2,New York County               ,0,0,0,0,0,0,0,0,0,1,10,873279,0,0,0,0,0,0,0,0,0,1,10,873279
201109,36,079,1,2,Putnam County                 ,2,2,613659,0,0,0,0,0,0,1,5,304167,0,0,0,0,0,0,0,0,0,0,0,0
201109,36,081,1,2,Queens County                 ,5,5,1101742,6,12,1332496,1,3,276283,5,79,6898903,5,5,1101742,6,12,1332496,1,3,276283,5,79,6898903
201109,36,085,1,2,Richmond County               ,23,23,5068013,14,28,3109156,0,0,0,0,0,0,23,23,5068013,14,28,3109156,0,0,0,0,0,0
201109,36,087,1,2,Rockland County               ,6,6,1591561,2,4,700000,1,4,368377,1,5,436639,5,5,1229348,2,4,700000,1,4,368377,1,5,436639
201109,36,103,1,2,Suffolk County                ,58,58,29314453,0,0,0,0,0,0,0,0,0,42,42,23002382,0,0,0,0,0,0,0,0,0
201109,36,119,1,2,Westchester County            ,13,13,8470549,1,2,143574,0,0,0,0,0,0,8,8,6352314,0,0,0,0,0,0,0,0,0
201109,37,003,3,5,Alexander County              ,3,3,1066140,0,0,0,0,0,0,0,0,0,3,3,1066140,0,0,0,0,0,0,0,0,0
201109,37,007,3,5,Anson County                  ,2,2,328431,0,0,0,0,0,0,0,0,0,0,0,0,0,0,0,0,0,0,0,0,0
201109,37,009,3,5,Ashe County                   ,7,7,1418000,0,0,0,0,0,0,0,0,0,7,7,1418000,0,0,0,0,0,0,0,0,0
201109,37,011,3,5,Avery County                  ,3,3,2005000,0,0,0,0,0,0,1,8,1200000,3,3,2005000,0,0,0,0,0,0,1,8,1200000
201109,37,019,3,5,Brunswick County              ,75,75,14062732,0,0,0,0,0,0,0,0,0,44,44,8608769,0,0,0,0,0,0,0,0,0
201109,37,025,3,5,Cabarrus County               ,77,77,8364927,0,0,0,0,0,0,0,0,0,77,77,8364927,0,0,0,0,0,0,0,0,0
201109,37,027,3,5,Caldwell County               ,6,6,1192385,0,0,0,0,0,0,0,0,0,6,6,1192385,0,0,0,0,0,0,0,0,0
201109,37,037,3,5,Chatham County                ,32,32,7666108,0,0,0,0,0,0,0,0,0,31,31,7551294,0,0,0,0,0,0,0,0,0
201109,37,039,3,5,Cherokee County               ,5,5,638904,0,0,0,0,0,0,0,0,0,5,5,638904,0,0,0,0,0,0,0,0,0
201109,37,049,3,5,Craven County                 ,25,25,2988933,0,0,0,0,0,0,0,0,0,14,14,1644550,0,0,0,0,0,0,0,0,0
201109,37,053,3,5,Currituck County              ,11,11,2725819,0,0,0,0,0,0,0,0,0,0,0,0,0,0,0,0,0,0,0,0,0
201109,37,059,3,5,Davie County                  ,4,4,822268,0,0,0,0,0,0,0,0,0,4,4,822268,0,0,0,0,0,0,0,0,0
201109,37,063,3,5,Durham County                 ,75,75,13261570,0,0,0,0,0,0,1,26,1387972,0,0,0,0,0,0,0,0,0,0,0,0
201109,37,067,3,5,Forsyth County                ,59,59,7095697,0,0,0,0,0,0,0,0,0,59,59,7095697,0,0,0,0,0,0,0,0,0
201109,37,069,3,5,Franklin County               ,8,8,1261000,0,0,0,0,0,0,0,0,0,8,8,1261000,0,0,0,0,0,0,0,0,0
201109,37,071,3,5,Gaston County                 ,37,37,9030330,0,0,0,0,0,0,0,0,0,37,37,9030330,0,0,0,0,0,0,0,0,0
201109,37,081,3,5,Guilford County               ,46,46,9751527,1,2,360000,0,0,0,2,27,989016,46,46,9751527,1,2,360000,0,0,0,2,27,989016
201109,37,089,3,5,Henderson County              ,17,17,4611525,0,0,0,0,0,0,0,0,0,17,17,4611525,0,0,0,0,0,0,0,0,0
201109,37,093,3,5,Hoke County                   ,25,25,4484550,0,0,0,0,0,0,0,0,0,25,25,4484550,0,0,0,0,0,0,0,0,0
201109,37,097,3,5,Iredell County                ,26,26,6858338,0,0,0,0,0,0,0,0,0,0,0,0,0,0,0,0,0,0,0,0,0
201109,37,099,3,5,Jackson County                ,7,7,1162000,0,0,0,0,0,0,0,0,0,7,7,1162000,0,0,0,0,0,0,0,0,0
201109,37,101,3,5,Johnston County               ,56,56,4841025,0,0,0,0,0,0,0,0,0,56,56,4841025,0,0,0,0,0,0,0,0,0
201109,37,105,3,5,Lee County                    ,6,6,891460,0,0,0,0,0,0,0,0,0,6,6,891460,0,0,0,0,0,0,0,0,0
201109,37,109,3,5,Lincoln County                ,9,9,3193676,0,0,0,0,0,0,0,0,0,0,0,0,0,0,0,0,0,0,0,0,0
201109,37,113,3,5,Macon County                  ,7,7,1702996,0,0,0,0,0,0,0,0,0,7,7,1702996,0,0,0,0,0,0,0,0,0
201109,37,119,3,5,Mecklenburg County            ,150,150,26337504,0,0,0,5,19,1711483,2,52,4244209,0,0,0,0,0,0,0,0,0,0,0,0
201109,37,127,3,5,Nash County                   ,14,14,2212214,0,0,0,0,0,0,0,0,0,11,11,2011700,0,0,0,0,0,0,0,0,0
201109,37,129,3,5,New Hanover County            ,39,39,9429765,0,0,0,0,0,0,1,12,1375140,37,37,8891490,0,0,0,0,0,0,1,12,1375140
201109,37,135,3,5,Orange County                 ,37,37,6688916,0,0,0,0,0,0,1,5,312500,19,19,1951000,0,0,0,0,0,0,0,0,0
201109,37,137,3,5,Pamlico County                ,3,3,731298,0,0,0,0,0,0,0,0,0,0,0,0,0,0,0,0,0,0,0,0,0
201109,37,141,3,5,Pender County                 ,19,19,2799386,0,0,0,0,0,0,0,0,0,10,10,1429705,0,0,0,0,0,0,0,0,0
201109,37,145,3,5,Person County                 ,6,6,1679000,0,0,0,0,0,0,0,0,0,6,6,1679000,0,0,0,0,0,0,0,0,0
201109,37,147,3,5,Pitt County                   ,19,19,2223600,3,6,378200,0,0,0,0,0,0,19,19,2223600,3,6,378200,0,0,0,0,0,0
201109,37,149,3,5,Polk County                   ,3,3,1254263,0,0,0,0,0,0,0,0,0,3,3,1254263,0,0,0,0,0,0,0,0,0
201109,37,151,3,5,Randolph County               ,23,23,4385550,0,0,0,0,0,0,0,0,0,23,23,4385550,0,0,0,0,0,0,0,0,0
201109,37,157,3,5,Rockingham County             ,12,12,2660204,0,0,0,0,0,0,0,0,0,12,12,2660204,0,0,0,0,0,0,0,0,0
201109,37,159,3,5,Rowan County                  ,5,5,1022680,0,0,0,0,0,0,0,0,0,5,5,1022680,0,0,0,0,0,0,0,0,0
201109,37,163,3,5,Sampson County                ,7,7,1043476,0,0,0,0,0,0,0,0,0,7,7,1043476,0,0,0,0,0,0,0,0,0
201109,37,167,3,5,Stanly County                 ,8,8,423000,0,0,0,0,0,0,0,0,0,8,8,423000,0,0,0,0,0,0,0,0,0
201109,37,171,3,5,Surry County                  ,3,3,875952,0,0,0,0,0,0,0,0,0,3,3,875952,0,0,0,0,0,0,0,0,0
201109,37,175,3,5,Transylvania County           ,5,5,3152600,0,0,0,0,0,0,0,0,0,5,5,3152600,0,0,0,0,0,0,0,0,0
201109,37,179,3,5,Union County                  ,63,63,8321784,0,0,0,0,0,0,0,0,0,63,63,8321784,0,0,0,0,0,0,0,0,0
201109,37,181,3,5,Vance County                  ,3,3,517200,0,0,0,0,0,0,0,0,0,3,3,517200,0,0,0,0,0,0,0,0,0
201109,37,183,3,5,Wake County                   ,366,366,71260895,0,0,0,0,0,0,0,0,0,366,366,71260895,0,0,0,0,0,0,0,0,0
201109,37,195,3,5,Wilson County                 ,10,10,1830151,0,0,0,0,0,0,0,0,0,10,10,1830151,0,0,0,0,0,0,0,0,0
201109,39,015,2,3,Brown County                  ,4,4,658537,0,0,0,0,0,0,0,0,0,0,0,0,0,0,0,0,0,0,0,0,0
201109,39,017,2,3,Butler County                 ,39,39,6379944,0,0,0,0,0,0,0,0,0,32,32,5449133,0,0,0,0,0,0,0,0,0
201109,39,025,2,3,Clermont County               ,24,24,2973978,0,0,0,0,0,0,2,72,2800000,24,24,2973978,0,0,0,0,0,0,2,72,2800000
201109,39,035,2,3,Cuyahoga County               ,43,43,8513322,0,0,0,1,4,500000,1,5,530305,28,28,6678803,0,0,0,1,4,500000,0,0,0
201109,39,041,2,3,Delaware County               ,52,52,10074033,0,0,0,0,0,0,0,0,0,52,52,10074033,0,0,0,0,0,0,0,0,0
201109,39,045,2,3,Fairfield County              ,20,20,4327830,0,0,0,0,0,0,0,0,0,16,16,3629101,0,0,0,0,0,0,0,0,0
201109,39,049,2,3,Franklin County               ,112,112,26440089,6,12,2952293,6,24,2639290,11,88,5212182,108,108,25424961,6,12,2952293,6,24,2639290,11,88,5212182
201109,39,055,2,3,Geauga County                 ,0,0,0,0,0,0,0,0,0,0,0,0,0,0,0,0,0,0,0,0,0,0,0,0
201109,39,061,2,3,Hamilton County               ,36,36,6820286,0,0,0,0,0,0,1,13,541733,25,25,4400223,0,0,0,0,0,0,0,0,0
201109,39,085,2,3,Lake County                   ,19,19,4837570,0,0,0,0,0,0,0,0,0,11,11,2531371,0,0,0,0,0,0,0,0,0
201109,39,089,2,3,Licking County                ,1,1,162828,1,2,400800,1,3,220312,1,5,367188,0,0,0,1,2,400800,0,0,0,0,0,0
201109,39,093,2,3,Lorain County                 ,46,46,7659810,0,0,0,0,0,0,0,0,0,45,45,7538096,0,0,0,0,0,0,0,0,0
201109,39,097,2,3,Madison County                ,4,4,806054,0,0,0,0,0,0,0,0,0,4,4,806054,0,0,0,0,0,0,0,0,0
201109,39,103,2,3,Medina County                 ,24,24,4739677,0,0,0,0,0,0,0,0,0,24,24,4739677,0,0,0,0,0,0,0,0,0
201109,39,117,2,3,Morrow County                 ,2,2,550000,0,0,0,0,0,0,0,0,0,2,2,550000,0,0,0,0,0,0,0,0,0
201109,39,129,2,3,Pickaway County               ,2,2,333530,0,0,0,0,0,0,0,0,0,1,1,150000,0,0,0,0,0,0,0,0,0
201109,39,159,2,3,Union County                  ,7,7,1410595,0,0,0,0,0,0,0,0,0,7,7,1410595,0,0,0,0,0,0,0,0,0
201109,39,165,2,3,Warren County                 ,49,49,12720538,0,0,0,0,0,0,2,35,5678455,43,43,11212301,0,0,0,0,0,0,2,35,5678455
201109,39,169,2,3,Wayne County                  ,9,9,1710179,0,0,0,0,0,0,0,0,0,9,9,1710179,0,0,0,0,0,0,0,0,0
201109,40,017,3,7,Canadian County               ,13,13,2998594,0,0,0,0,0,0,0,0,0,10,10,2263776,0,0,0,0,0,0,0,0,0
201109,40,021,3,7,Cherokee County               ,2,2,255000,0,0,0,0,0,0,0,0,0,2,2,255000,0,0,0,0,0,0,0,0,0
201109,40,027,3,7,Cleveland County              ,45,45,9554173,1,2,160000,0,0,0,0,0,0,44,44,9378163,1,2,160000,0,0,0,0,0,0
201109,40,029,3,7,Coal County                   ,0,0,0,0,0,0,0,0,0,0,0,0,0,0,0,0,0,0,0,0,0,0,0,0
201109,40,037,3,7,Creek County                  ,8,8,1130820,0,0,0,0,0,0,0,0,0,1,1,120000,0,0,0,0,0,0,0,0,0
201109,40,051,3,7,Grady County                  ,7,7,1738000,0,0,0,0,0,0,0,0,0,7,7,1738000,0,0,0,0,0,0,0,0,0
201109,40,081,3,7,Lincoln County                ,0,0,0,0,0,0,0,0,0,0,0,0,0,0,0,0,0,0,0,0,0,0,0,0
201109,40,083,3,7,Logan County                  ,0,0,0,0,0,0,0,0,0,0,0,0,0,0,0,0,0,0,0,0,0,0,0,0
201109,40,087,3,7,McClain County                ,10,10,1587181,0,0,0,0,0,0,0,0,0,8,8,1276000,0,0,0,0,0,0,0,0,0
201109,40,099,3,7,Murray County                 ,0,0,0,0,0,0,0,0,0,0,0,0,0,0,0,0,0,0,0,0,0,0,0,0
201109,40,109,3,7,Oklahoma County               ,180,180,34816708,1,2,160000,0,0,0,1,6,344046,73,73,18868082,1,2,160000,0,0,0,0,0,0
201109,40,111,3,7,Okmulgee County               ,0,0,0,0,0,0,0,0,0,0,0,0,0,0,0,0,0,0,0,0,0,0,0,0
201109,40,113,3,7,Osage County                  ,6,6,972225,0,0,0,0,0,0,0,0,0,6,6,972225,0,0,0,0,0,0,0,0,0
201109,40,117,3,7,Pawnee County                 ,0,0,0,0,0,0,0,0,0,0,0,0,0,0,0,0,0,0,0,0,0,0,0,0
201109,40,131,3,7,Rogers County                 ,13,13,2188491,0,0,0,0,0,0,0,0,0,12,12,2108491,0,0,0,0,0,0,0,0,0
201109,40,143,3,7,Tulsa County                  ,125,125,26089101,0,0,0,0,0,0,1,60,4478000,116,116,25119771,0,0,0,0,0,0,1,60,4478000
201109,40,145,3,7,Wagoner County                ,15,15,2791406,0,0,0,0,0,0,0,0,0,15,15,2791406,0,0,0,0,0,0,0,0,0
201109,41,000,4,9,Oregon Balance of State       ,5,5,355217,0,0,0,0,0,0,0,0,0,5,5,355217,0,0,0,0,0,0,0,0,0
201109,41,001,4,9,Baker County                  ,2,2,416975,0,0,0,0,0,0,0,0,0,0,0,0,0,0,0,0,0,0,0,0,0
201109,41,005,4,9,Clackamas County              ,48,48,13225085,1,2,917617,0,0,0,0,0,0,41,41,11204611,0,0,0,0,0,0,0,0,0
201109,41,009,4,9,Columbia County               ,4,4,897719,0,0,0,0,0,0,0,0,0,0,0,0,0,0,0,0,0,0,0,0,0
201109,41,017,4,9,Deschutes County              ,45,45,9561418,0,0,0,0,0,0,0,0,0,45,45,9561418,0,0,0,0,0,0,0,0,0
201109,41,019,4,9,Douglas County                ,8,8,1842060,0,0,0,0,0,0,0,0,0,8,8,1842060,0,0,0,0,0,0,0,0,0
201109,41,025,4,9,Harney County                 ,1,1,203000,0,0,0,0,0,0,0,0,0,1,1,203000,0,0,0,0,0,0,0,0,0
201109,41,033,4,9,Josephine County              ,10,10,2549849,0,0,0,0,0,0,0,0,0,10,10,2549849,0,0,0,0,0,0,0,0,0
201109,41,035,4,9,Klamath County                ,11,11,2399257,0,0,0,0,0,0,0,0,0,11,11,2399257,0,0,0,0,0,0,0,0,0
201109,41,045,4,9,Malheur County                ,3,3,646730,0,0,0,0,0,0,0,0,0,3,3,646730,0,0,0,0,0,0,0,0,0
201109,41,051,4,9,Multnomah County              ,54,54,12307148,2,4,547369,0,0,0,2,75,6229261,54,54,12307148,2,4,547369,0,0,0,2,75,6229261
201109,41,057,4,9,Tillamook County              ,9,9,2111613,0,0,0,0,0,0,0,0,0,9,9,2111613,0,0,0,0,0,0,0,0,0
201109,41,059,4,9,Umatilla County               ,3,3,478667,0,0,0,0,0,0,0,0,0,2,2,349131,0,0,0,0,0,0,0,0,0
201109,41,061,4,9,Union County                  ,1,1,245080,0,0,0,0,0,0,0,0,0,0,0,0,0,0,0,0,0,0,0,0,0
201109,41,067,4,9,Washington County             ,74,74,18833114,0,0,0,1,3,140990,2,30,3907308,74,74,18833114,0,0,0,1,3,140990,2,30,3907308
201109,41,071,4,9,Yamhill County                ,6,6,1535883,0,0,0,0,0,0,0,0,0,0,0,0,0,0,0,0,0,0,0,0,0
201109,42,001,1,2,Adams County                  ,13,13,2187918,0,0,0,0,0,0,0,0,0,13,13,2187918,0,0,0,0,0,0,0,0,0
201109,42,003,1,2,Allegheny County              ,105,105,23375414,0,0,0,0,0,0,1,30,3744079,49,49,15510614,0,0,0,0,0,0,1,30,3744079
201109,42,005,1,2,Armstrong County              ,5,5,749470,0,0,0,0,0,0,0,0,0,0,0,0,0,0,0,0,0,0,0,0,0
201109,42,007,1,2,Beaver County                 ,13,13,2316964,0,0,0,0,0,0,0,0,0,10,10,1727875,0,0,0,0,0,0,0,0,0
201109,42,017,1,2,Bucks County                  ,17,17,3502637,0,0,0,0,0,0,0,0,0,8,8,1719500,0,0,0,0,0,0,0,0,0
201109,42,019,1,2,Butler County                 ,30,30,7027433,0,0,0,1,3,252000,0,0,0,25,25,5488008,0,0,0,0,0,0,0,0,0
201109,42,025,1,2,Carbon County                 ,11,11,2329712,0,0,0,0,0,0,0,0,0,6,6,1588956,0,0,0,0,0,0,0,0,0
201109,42,029,1,2,Chester County                ,63,63,11912367,0,0,0,1,4,196000,1,22,1578739,44,44,8294353,0,0,0,1,4,196000,0,0,0
201109,42,045,1,2,Delaware County               ,24,24,4655631,0,0,0,0,0,0,0,0,0,10,10,1846242,0,0,0,0,0,0,0,0,0
201109,42,051,1,2,Fayette County                ,15,15,3178080,0,0,0,0,0,0,0,0,0,2,2,423000,0,0,0,0,0,0,0,0,0
201109,42,055,1,2,Franklin County               ,23,23,2524928,2,4,552046,0,0,0,0,0,0,3,3,619698,1,2,400000,0,0,0,0,0,0
201109,42,065,1,2,Jefferson County              ,3,3,255000,0,0,0,0,0,0,0,0,0,3,3,255000,0,0,0,0,0,0,0,0,0
201109,42,077,1,2,Lehigh County                 ,46,46,7773807,0,0,0,0,0,0,0,0,0,41,41,6856410,0,0,0,0,0,0,0,0,0
201109,42,091,1,2,Montgomery County             ,33,33,6540248,1,2,222083,0,0,0,0,0,0,25,25,5042660,1,2,222083,0,0,0,0,0,0
201109,42,095,1,2,Northampton County            ,26,26,3992221,1,2,191250,1,3,286875,2,10,1450632,14,14,1892000,0,0,0,0,0,0,0,0,0
201109,42,101,1,2,Philadelphia County           ,27,27,5949407,5,10,562370,6,18,1555000,3,47,1600000,27,27,5949407,5,10,562370,6,18,1555000,3,47,1600000
201109,42,103,1,2,Pike County                   ,8,8,1344730,0,0,0,0,0,0,0,0,0,7,7,1132801,0,0,0,0,0,0,0,0,0
201109,42,125,1,2,Washington County             ,19,19,3742355,0,0,0,0,0,0,0,0,0,5,5,1011205,0,0,0,0,0,0,0,0,0
201109,42,129,1,2,Westmoreland County           ,34,34,6668334,1,2,156160,1,3,238287,1,10,2000000,14,14,2782136,0,0,0,0,0,0,1,10,2000000
201109,44,001,1,1,Bristol County                ,2,2,357840,0,0,0,0,0,0,0,0,0,2,2,357840,0,0,0,0,0,0,0,0,0
201109,44,003,1,1,Kent County                   ,7,7,1039186,1,2,110000,0,0,0,0,0,0,3,3,338190,0,0,0,0,0,0,0,0,0
201109,44,005,1,1,Newport County                ,8,8,1678285,0,0,0,0,0,0,0,0,0,8,8,1678285,0,0,0,0,0,0,0,0,0
201109,44,007,1,1,Providence County             ,20,20,3807228,0,0,0,1,4,260000,0,0,0,18,18,3464240,0,0,0,1,4,260000,0,0,0
201109,44,009,1,1,Washington County             ,25,25,5739910,2,4,352200,1,4,133333,0,0,0,19,19,4651440,1,2,189900,0,0,0,0,0,0
201109,45,003,3,5,Aiken County                  ,55,55,12797331,0,0,0,0,0,0,0,0,0,48,48,12013219,0,0,0,0,0,0,0,0,0
201109,45,009,3,5,Bamberg County                ,1,1,50000,0,0,0,0,0,0,0,0,0,1,1,50000,0,0,0,0,0,0,0,0,0
201109,45,015,3,5,Berkeley County               ,74,74,15214960,0,0,0,0,0,0,0,0,0,66,66,13651145,0,0,0,0,0,0,0,0,0
201109,45,017,3,5,Calhoun County                ,2,2,274000,0,0,0,0,0,0,0,0,0,2,2,274000,0,0,0,0,0,0,0,0,0
201109,45,019,3,5,Charleston County             ,105,105,22305978,0,0,0,0,0,0,1,15,751555,73,73,17226180,0,0,0,0,0,0,0,0,0
201109,45,035,3,5,Dorchester County             ,34,34,8697022,0,0,0,0,0,0,0,0,0,33,33,8589522,0,0,0,0,0,0,0,0,0
201109,45,039,3,5,Fairfield County              ,2,2,231995,0,0,0,0,0,0,0,0,0,0,0,0,0,0,0,0,0,0,0,0,0
201109,45,041,3,5,Florence County               ,21,21,2639746,2,4,203875,0,0,0,0,0,0,0,0,0,0,0,0,0,0,0,0,0,0
201109,45,045,3,5,Greenville County             ,117,117,29373185,0,0,0,0,0,0,0,0,0,116,116,29283188,0,0,0,0,0,0,0,0,0
201109,45,047,3,5,Greenwood County              ,6,6,832736,0,0,0,0,0,0,0,0,0,6,6,832736,0,0,0,0,0,0,0,0,0
201109,45,055,3,5,Kershaw County                ,15,15,1608923,0,0,0,0,0,0,0,0,0,14,14,1495088,0,0,0,0,0,0,0,0,0
201109,45,059,3,5,Laurens County                ,6,6,1058410,0,0,0,0,0,0,0,0,0,6,6,1058410,0,0,0,0,0,0,0,0,0
201109,45,063,3,5,Lexington County              ,92,92,29227224,0,0,0,0,0,0,1,10,926268,21,21,14951806,0,0,0,0,0,0,0,0,0
201109,45,077,3,5,Pickens County                ,7,7,1754408,0,0,0,0,0,0,0,0,0,5,5,1358903,0,0,0,0,0,0,0,0,0
201109,45,079,3,5,Richland County               ,69,69,8708414,0,0,0,0,0,0,1,15,846641,6,6,1506582,0,0,0,0,0,0,0,0,0
201109,45,081,3,5,Saluda County                 ,0,0,0,0,0,0,0,0,0,0,0,0,0,0,0,0,0,0,0,0,0,0,0,0
201109,45,085,3,5,Sumter County                 ,16,16,1863650,0,0,0,0,0,0,0,0,0,16,16,1863650,0,0,0,0,0,0,0,0,0
201109,45,091,3,5,York County                   ,107,107,27140924,0,0,0,0,0,0,0,0,0,107,107,27140924,0,0,0,0,0,0,0,0,0
201109,46,005,2,4,Beadle County                 ,5,5,853664,0,0,0,1,4,438900,0,0,0,5,5,853664,0,0,0,1,4,438900,0,0,0
201109,46,069,2,4,Hyde County                   ,0,0,0,0,0,0,0,0,0,0,0,0,0,0,0,0,0,0,0,0,0,0,0,0
201109,46,121,2,4,Todd County                   ,0,0,0,0,0,0,0,0,0,0,0,0,0,0,0,0,0,0,0,0,0,0,0,0
201109,47,011,3,6,Bradley County                ,13,13,1852969,1,2,123625,1,3,108000,1,22,1347653,0,0,0,0,0,0,0,0,0,0,0,0
201109,47,015,3,6,Cannon County                 ,1,1,96800,0,0,0,0,0,0,0,0,0,0,0,0,0,0,0,0,0,0,0,0,0
201109,47,021,3,6,Cheatham County               ,4,4,1406250,0,0,0,0,0,0,0,0,0,3,3,1150000,0,0,0,0,0,0,0,0,0
201109,47,037,3,6,Davidson County               ,69,69,12724172,0,0,0,0,0,0,4,470,47728338,69,69,12724172,0,0,0,0,0,0,4,470,47728338
201109,47,039,3,6,Decatur County                ,0,0,0,0,0,0,0,0,0,0,0,0,0,0,0,0,0,0,0,0,0,0,0,0
201109,47,043,3,6,Dickson County                ,3,3,492064,0,0,0,0,0,0,0,0,0,3,3,492064,0,0,0,0,0,0,0,0,0
201109,47,047,3,6,Fayette County                ,9,9,2149000,0,0,0,0,0,0,1,5,3471562,4,4,1399000,0,0,0,0,0,0,0,0,0
201109,47,063,3,6,Hamblen County                ,6,6,689704,0,0,0,0,0,0,0,0,0,2,2,305000,0,0,0,0,0,0,0,0,0
201109,47,071,3,6,Hardin County                 ,1,1,82700,0,0,0,0,0,0,0,0,0,1,1,82700,0,0,0,0,0,0,0,0,0
201109,47,081,3,6,Hickman County                ,0,0,0,0,0,0,0,0,0,0,0,0,0,0,0,0,0,0,0,0,0,0,0,0
201109,47,091,3,6,Johnson County                ,0,0,0,0,0,0,0,0,0,0,0,0,0,0,0,0,0,0,0,0,0,0,0,0
201109,47,093,3,6,Knox County                   ,60,60,11585733,0,0,0,0,0,0,0,0,0,60,60,11585733,0,0,0,0,0,0,0,0,0
201109,47,111,3,6,Macon County                  ,2,2,72000,6,12,420000,0,0,0,0,0,0,2,2,72000,6,12,420000,0,0,0,0,0,0
201109,47,113,3,6,Madison County                ,15,15,2431000,0,0,0,0,0,0,0,0,0,15,15,2431000,0,0,0,0,0,0,0,0,0
201109,47,125,3,6,Montgomery County             ,164,164,19803672,0,0,0,6,24,1634745,1,7,250000,164,164,19803672,0,0,0,6,24,1634745,1,7,250000
201109,47,141,3,6,Putnam County                 ,18,18,2664350,0,0,0,8,32,2899248,0,0,0,18,18,2664350,0,0,0,8,32,2899248,0,0,0
201109,47,147,3,6,Robertson County              ,16,16,1828958,0,0,0,0,0,0,0,0,0,14,14,1483760,0,0,0,0,0,0,0,0,0
201109,47,149,3,6,Rutherford County             ,77,77,16089431,0,0,0,2,8,699000,0,0,0,69,69,14954611,0,0,0,2,8,699000,0,0,0
201109,47,157,3,6,Shelby County                 ,87,87,17613394,7,14,1604167,0,0,0,1,130,14895834,87,87,17613394,7,14,1604167,0,0,0,1,130,14895834
201109,47,159,3,6,Smith County                  ,3,3,553225,0,0,0,0,0,0,0,0,0,3,3,553225,0,0,0,0,0,0,0,0,0
201109,47,165,3,6,Sumner County                 ,31,31,5280287,0,0,0,0,0,0,0,0,0,23,23,4143847,0,0,0,0,0,0,0,0,0
201109,47,167,3,6,Tipton County                 ,6,6,707680,0,0,0,0,0,0,0,0,0,6,6,707680,0,0,0,0,0,0,0,0,0
201109,47,169,3,6,Trousdale County              ,2,2,139000,0,0,0,0,0,0,0,0,0,2,2,139000,0,0,0,0,0,0,0,0,0
201109,47,179,3,6,Washington County             ,27,27,5169663,0,0,0,0,0,0,1,29,2011174,17,17,3107000,0,0,0,0,0,0,0,0,0
201109,47,187,3,6,Williamson County             ,46,46,15518703,0,0,0,0,0,0,0,0,0,46,46,15518703,0,0,0,0,0,0,0,0,0
201109,47,189,3,6,Wilson County                 ,51,51,8603189,0,0,0,0,0,0,0,0,0,23,23,4156358,0,0,0,0,0,0,0,0,0
201109,48,013,3,7,Atascosa County               ,5,5,794866,0,0,0,0,0,0,0,0,0,3,3,485000,0,0,0,0,0,0,0,0,0
201109,48,015,3,7,Austin County                 ,2,2,220000,0,0,0,0,0,0,0,0,0,2,2,220000,0,0,0,0,0,0,0,0,0
201109,48,019,3,7,Bandera County                ,0,0,0,0,0,0,0,0,0,0,0,0,0,0,0,0,0,0,0,0,0,0,0,0
201109,48,021,3,7,Bastrop County                ,8,8,1324900,0,0,0,0,0,0,0,0,0,8,8,1324900,0,0,0,0,0,0,0,0,0
201109,48,029,3,7,Bexar County                  ,192,192,33833759,0,0,0,0,0,0,26,523,40929179,158,158,28426961,0,0,0,0,0,0,26,523,40929179
201109,48,039,3,7,Brazoria County               ,130,130,22507514,0,0,0,0,0,0,0,0,0,127,127,22053647,0,0,0,0,0,0,0,0,0
201109,48,041,3,7,Brazos County                 ,53,53,8217808,0,0,0,0,0,0,1,21,1739179,13,13,2939792,0,0,0,0,0,0,0,0,0
201109,48,055,3,7,Caldwell County               ,0,0,0,0,0,0,1,3,206897,0,0,0,0,0,0,0,0,0,0,0,0,0,0,0
201109,48,063,3,7,Camp County                   ,0,0,0,0,0,0,0,0,0,0,0,0,0,0,0,0,0,0,0,0,0,0,0,0
201109,48,071,3,7,Chambers County               ,21,21,3448441,0,0,0,0,0,0,0,0,0,18,18,2925675,0,0,0,0,0,0,0,0,0
201109,48,085,3,7,Collin County                 ,349,349,82654962,0,0,0,0,0,0,0,0,0,322,322,74515894,0,0,0,0,0,0,0,0,0
201109,48,091,3,7,Comal County                  ,81,81,20588229,0,0,0,0,0,0,0,0,0,49,49,14620176,0,0,0,0,0,0,0,0,0
201109,48,113,3,7,Dallas County                 ,250,250,56833363,0,0,0,0,0,0,2,370,28530404,233,233,53777805,0,0,0,0,0,0,1,356,27860015
201109,48,117,3,7,Deaf Smith County             ,0,0,0,0,0,0,0,0,0,0,0,0,0,0,0,0,0,0,0,0,0,0,0,0
201109,48,119,3,7,Delta County                  ,0,0,0,0,0,0,0,0,0,0,0,0,0,0,0,0,0,0,0,0,0,0,0,0
201109,48,121,3,7,Denton County                 ,138,138,42093629,0,0,0,0,0,0,1,80,6432186,130,130,39870651,0,0,0,0,0,0,1,80,6432186
201109,48,133,3,7,Eastland County               ,1,1,180296,0,0,0,0,0,0,0,0,0,0,0,0,0,0,0,0,0,0,0,0,0
201109,48,135,3,7,Ector County                  ,41,41,6671843,1,2,195000,0,0,0,0,0,0,41,41,6671843,1,2,195000,0,0,0,0,0,0
201109,48,139,3,7,Ellis County                  ,41,41,5821161,0,0,0,0,0,0,0,0,0,40,40,5689622,0,0,0,0,0,0,0,0,0
201109,48,157,3,7,Fort Bend County              ,380,380,71018475,0,0,0,0,0,0,1,22,1797323,57,57,14385593,0,0,0,0,0,0,0,0,0
201109,48,167,3,7,Galveston County              ,148,148,28772508,0,0,0,0,0,0,0,0,0,123,123,24469404,0,0,0,0,0,0,0,0,0
201109,48,187,3,7,Guadalupe County              ,40,40,7818468,0,0,0,0,0,0,1,11,209325,40,40,7818468,0,0,0,0,0,0,1,11,209325
201109,48,201,3,7,Harris County                 ,990,990,191626032,1,2,138765,0,0,0,14,409,33198943,973,973,183824753,1,2,138765,0,0,0,14,409,33198943
201109,48,209,3,7,Hays County                   ,85,85,12245834,0,0,0,0,0,0,12,103,6934128,41,41,5296803,0,0,0,0,0,0,0,0,0
201109,48,215,3,7,Hidalgo County                ,258,258,38190971,3,6,350000,3,12,390000,0,0,0,235,235,36049147,3,6,350000,3,12,390000,0,0,0
201109,48,231,3,7,Hunt County                   ,4,4,637062,0,0,0,0,0,0,0,0,0,3,3,562062,0,0,0,0,0,0,0,0,0
201109,48,233,3,7,Hutchinson County             ,0,0,0,0,0,0,0,0,0,0,0,0,0,0,0,0,0,0,0,0,0,0,0,0
201109,48,251,3,7,Johnson County                ,35,35,5186864,0,0,0,0,0,0,0,0,0,20,20,2814010,0,0,0,0,0,0,0,0,0
201109,48,257,3,7,Kaufman County                ,19,19,3812383,0,0,0,0,0,0,0,0,0,17,17,3511916,0,0,0,0,0,0,0,0,0
201109,48,259,3,7,Kendall County                ,18,18,3631117,0,0,0,0,0,0,0,0,0,0,0,0,0,0,0,0,0,0,0,0,0
201109,48,271,3,7,Kinney County                 ,0,0,0,0,0,0,0,0,0,0,0,0,0,0,0,0,0,0,0,0,0,0,0,0
201109,48,291,3,7,Liberty County                ,12,12,1554856,0,0,0,2,7,445287,0,0,0,12,12,1554856,0,0,0,0,0,0,0,0,0
201109,48,307,3,7,McCulloch County              ,0,0,0,0,0,0,0,0,0,0,0,0,0,0,0,0,0,0,0,0,0,0,0,0
201109,48,323,3,7,Maverick County               ,6,6,342774,0,0,0,0,0,0,0,0,0,6,6,342774,0,0,0,0,0,0,0,0,0
201109,48,325,3,7,Medina County                 ,1,1,178412,0,0,0,0,0,0,0,0,0,0,0,0,0,0,0,0,0,0,0,0,0
201109,48,329,3,7,Midland County                ,44,44,8554890,0,0,0,0,0,0,0,0,0,44,44,8554890,0,0,0,0,0,0,0,0,0
201109,48,339,3,7,Montgomery County             ,233,233,46426572,1,2,150000,0,0,0,0,0,0,229,229,45506527,1,2,150000,0,0,0,0,0,0
201109,48,353,3,7,Nolan County                  ,0,0,0,0,0,0,0,0,0,0,0,0,0,0,0,0,0,0,0,0,0,0,0,0
201109,48,359,3,7,Oldham County                 ,1,1,127998,0,0,0,0,0,0,0,0,0,0,0,0,0,0,0,0,0,0,0,0,0
201109,48,367,3,7,Parker County                 ,9,9,1796504,0,0,0,0,0,0,0,0,0,8,8,1656687,0,0,0,0,0,0,0,0,0
201109,48,375,3,7,Potter County                 ,42,42,9314021,0,0,0,0,0,0,0,0,0,42,42,9314021,0,0,0,0,0,0,0,0,0
201109,48,383,3,7,Reagan County                 ,0,0,0,0,0,0,0,0,0,0,0,0,0,0,0,0,0,0,0,0,0,0,0,0
201109,48,385,3,7,Real County                   ,0,0,0,0,0,0,0,0,0,0,0,0,0,0,0,0,0,0,0,0,0,0,0,0
201109,48,397,3,7,Rockwall County               ,17,17,4565646,0,0,0,0,0,0,0,0,0,16,16,4119010,0,0,0,0,0,0,0,0,0
201109,48,407,3,7,San Jacinto County            ,0,0,0,0,0,0,0,0,0,0,0,0,0,0,0,0,0,0,0,0,0,0,0,0
201109,48,435,3,7,Sutton County                 ,0,0,0,0,0,0,0,0,0,0,0,0,0,0,0,0,0,0,0,0,0,0,0,0
201109,48,437,3,7,Swisher County                ,0,0,0,0,0,0,0,0,0,0,0,0,0,0,0,0,0,0,0,0,0,0,0,0
201109,48,439,3,7,Tarrant County                ,319,319,67916363,0,0,0,0,0,0,0,0,0,306,306,64289731,0,0,0,0,0,0,0,0,0
201109,48,451,3,7,Tom Green County              ,10,10,1705000,0,0,0,0,0,0,0,0,0,10,10,1705000,0,0,0,0,0,0,0,0,0
201109,48,453,3,7,Travis County                 ,296,296,51700266,0,0,0,0,0,0,0,0,21000,283,283,48667955,0,0,0,0,0,0,0,0,21000
201109,48,463,3,7,Uvalde County                 ,3,3,165000,0,0,0,0,0,0,0,0,0,3,3,165000,0,0,0,0,0,0,0,0,0
201109,48,469,3,7,Victoria County               ,12,12,2337509,0,0,0,0,0,0,0,0,0,12,12,2337509,0,0,0,0,0,0,0,0,0
201109,48,471,3,7,Walker County                 ,2,2,225000,0,0,0,0,0,0,0,0,0,2,2,225000,0,0,0,0,0,0,0,0,0
201109,48,473,3,7,Waller County                 ,0,0,0,0,0,0,0,0,0,0,0,0,0,0,0,0,0,0,0,0,0,0,0,0
201109,48,479,3,7,Webb County                   ,53,53,7353292,0,0,0,1,4,178450,0,0,0,53,53,7353292,0,0,0,1,4,178450,0,0,0
201109,48,491,3,7,Williamson County             ,211,211,41681780,5,10,831500,0,0,0,0,0,0,193,193,39765004,5,10,831500,0,0,0,0,0,0
201109,48,493,3,7,Wilson County                 ,2,2,358355,0,0,0,0,0,0,0,0,0,0,0,0,0,0,0,0,0,0,0,0,0
201109,48,497,3,7,Wise County                   ,3,3,600800,0,0,0,0,0,0,0,0,0,3,3,600800,0,0,0,0,0,0,0,0,0
201109,49,009,4,8,Daggett County                ,1,1,77315,0,0,0,0,0,0,0,0,0,1,1,77315,0,0,0,0,0,0,0,0,0
201109,49,019,4,8,Grand County                  ,4,4,1120444,0,0,0,0,0,0,0,0,0,0,0,0,0,0,0,0,0,0,0,0,0
201109,49,021,4,8,Iron County                   ,7,7,1322911,0,0,0,0,0,0,1,5,355238,1,1,161000,0,0,0,0,0,0,0,0,0
201109,49,033,4,8,Rich County                   ,1,1,213124,0,0,0,0,0,0,0,0,0,0,0,0,0,0,0,0,0,0,0,0,0
201109,49,035,4,8,Salt Lake County              ,132,132,29368765,1,2,365482,3,10,1154718,7,85,8394424,93,93,22416633,1,2,365482,2,7,882741,2,18,2327533
201109,49,039,4,8,Sanpete County                ,1,1,118944,0,0,0,0,0,0,0,0,0,1,1,118944,0,0,0,0,0,0,0,0,0
201109,49,043,4,8,Summit County                 ,4,4,1151528,0,0,0,1,4,440700,1,10,1274250,0,0,0,0,0,0,0,0,0,0,0,0
201109,49,045,4,8,Tooele County                 ,17,17,2466440,0,0,0,0,0,0,0,0,0,17,17,2466440,0,0,0,0,0,0,0,0,0
201109,49,051,4,8,Wasatch County                ,29,29,6666225,0,0,0,0,0,0,1,18,1384107,26,26,5145765,0,0,0,0,0,0,0,0,0
201109,51,003,3,5,Albemarle County              ,36,36,5931000,0,0,0,0,0,0,0,0,0,36,36,5931000,0,0,0,0,0,0,0,0,0
201109,51,007,3,5,Amelia County                 ,2,2,342180,0,0,0,0,0,0,0,0,0,2,2,342180,0,0,0,0,0,0,0,0,0
201109,51,013,3,5,Arlington County              ,7,7,1635000,0,0,0,0,0,0,0,0,0,7,7,1635000,0,0,0,0,0,0,0,0,0
201109,51,015,3,5,Augusta County                ,14,14,3048491,0,0,0,0,0,0,0,0,0,14,14,3048491,0,0,0,0,0,0,0,0,0
201109,51,019,3,5,Bedford County                ,14,14,3052000,0,0,0,0,0,0,0,0,0,14,14,3052000,0,0,0,0,0,0,0,0,0
201109,51,023,3,5,Botetourt County              ,2,2,315000,0,0,0,0,0,0,0,0,0,2,2,315000,0,0,0,0,0,0,0,0,0
201109,51,031,3,5,Campbell County               ,4,4,1080000,0,0,0,0,0,0,0,0,0,4,4,1080000,0,0,0,0,0,0,0,0,0
201109,51,033,3,5,Caroline County               ,7,7,1018309,0,0,0,0,0,0,0,0,0,0,0,0,0,0,0,0,0,0,0,0,0
201109,51,036,3,5,Charles City County           ,8,8,1169256,0,0,0,0,0,0,0,0,0,8,8,1169256,0,0,0,0,0,0,0,0,0
201109,51,037,3,5,Charlotte County              ,2,2,108885,0,0,0,0,0,0,0,0,0,2,2,108885,0,0,0,0,0,0,0,0,0
201109,51,041,3,5,Chesterfield County           ,48,48,8851598,0,0,0,0,0,0,0,0,0,48,48,8851598,0,0,0,0,0,0,0,0,0
201109,51,043,3,5,Clarke County                 ,0,0,0,0,0,0,0,0,0,0,0,0,0,0,0,0,0,0,0,0,0,0,0,0
201109,51,047,3,5,Culpeper County               ,6,6,1281893,0,0,0,0,0,0,0,0,0,0,0,0,0,0,0,0,0,0,0,0,0
201109,51,049,3,5,Cumberland County             ,1,1,261660,0,0,0,0,0,0,0,0,0,1,1,261660,0,0,0,0,0,0,0,0,0
201109,51,053,3,5,Dinwiddie County              ,6,6,910501,0,0,0,0,0,0,0,0,0,0,0,0,0,0,0,0,0,0,0,0,0
201109,51,059,3,5,Fairfax County                ,62,62,10937456,0,0,0,0,0,0,0,0,0,62,62,10937456,0,0,0,0,0,0,0,0,0
201109,51,061,3,5,Fauquier County               ,14,14,3113524,0,0,0,0,0,0,0,0,0,12,12,2866857,0,0,0,0,0,0,0,0,0
201109,51,065,3,5,Fluvanna County               ,4,4,920000,0,0,0,0,0,0,0,0,0,4,4,920000,0,0,0,0,0,0,0,0,0
201109,51,067,3,5,Franklin County               ,11,11,3136000,0,0,0,0,0,0,0,0,0,11,11,3136000,0,0,0,0,0,0,0,0,0
201109,51,069,3,5,Frederick County              ,35,35,6164155,0,0,0,0,0,0,0,0,0,35,35,6164155,0,0,0,0,0,0,0,0,0
201109,51,073,3,5,Gloucester County             ,8,8,979073,0,0,0,0,0,0,0,0,0,8,8,979073,0,0,0,0,0,0,0,0,0
201109,51,075,3,5,Goochland County              ,2,2,484952,0,0,0,0,0,0,0,0,0,2,2,484952,0,0,0,0,0,0,0,0,0
201109,51,079,3,5,Greene County                 ,3,3,540000,0,0,0,0,0,0,0,0,0,3,3,540000,0,0,0,0,0,0,0,0,0
201109,51,085,3,5,Hanover County                ,17,17,3134941,0,0,0,0,0,0,0,0,0,17,17,3134941,0,0,0,0,0,0,0,0,0
201109,51,087,3,5,Henrico County                ,66,66,12170948,0,0,0,0,0,0,0,0,0,66,66,12170948,0,0,0,0,0,0,0,0,0
201109,51,093,3,5,Isle of Wight County          ,11,11,1825385,0,0,0,0,0,0,0,0,0,11,11,1825385,0,0,0,0,0,0,0,0,0
201109,51,095,3,5,James City County             ,28,28,7703096,0,0,0,2,8,624493,0,0,0,28,28,7703096,0,0,0,2,8,624493,0,0,0
201109,51,097,3,5,King and Queen County         ,0,0,0,0,0,0,0,0,0,0,0,0,0,0,0,0,0,0,0,0,0,0,0,0
201109,51,099,3,5,King George County            ,11,11,2028491,0,0,0,0,0,0,0,0,0,11,11,2028491,0,0,0,0,0,0,0,0,0
201109,51,101,3,5,King William County           ,4,4,389000,0,0,0,0,0,0,0,0,0,4,4,389000,0,0,0,0,0,0,0,0,0
201109,51,107,3,5,Loudoun County                ,173,173,31902635,0,0,0,0,0,0,2,25,1956462,173,173,31902635,0,0,0,0,0,0,2,25,1956462
201109,51,109,3,5,Louisa County                 ,8,8,1475348,0,0,0,0,0,0,0,0,0,8,8,1475348,0,0,0,0,0,0,0,0,0
201109,51,115,3,5,Mathews County                ,3,3,718000,0,0,0,0,0,0,0,0,0,3,3,718000,0,0,0,0,0,0,0,0,0
201109,51,119,3,5,Middlesex County              ,2,2,317000,0,0,0,0,0,0,0,0,0,2,2,317000,0,0,0,0,0,0,0,0,0
201109,51,127,3,5,New Kent County               ,14,14,2581716,0,0,0,0,0,0,0,0,0,14,14,2581716,0,0,0,0,0,0,0,0,0
201109,51,137,3,5,Orange County                 ,5,5,2290000,0,0,0,0,0,0,0,0,0,5,5,2290000,0,0,0,0,0,0,0,0,0
201109,51,143,3,5,Pittsylvania County           ,5,5,620958,0,0,0,0,0,0,0,0,0,0,0,0,0,0,0,0,0,0,0,0,0
201109,51,145,3,5,Powhatan County               ,7,7,1876000,0,0,0,0,0,0,0,0,0,7,7,1876000,0,0,0,0,0,0,0,0,0
201109,51,149,3,5,Prince George County          ,2,2,368817,0,0,0,0,0,0,0,0,0,2,2,368817,0,0,0,0,0,0,0,0,0
201109,51,153,3,5,Prince William County         ,132,132,24341895,0,0,0,0,0,0,0,0,0,132,132,24341895,0,0,0,0,0,0,0,0,0
201109,51,157,3,5,Rappahannock County           ,0,0,0,0,0,0,0,0,0,0,0,0,0,0,0,0,0,0,0,0,0,0,0,0
201109,51,161,3,5,Roanoke County                ,23,23,3978218,0,0,0,0,0,0,0,0,0,23,23,3978218,0,0,0,0,0,0,0,0,0
201109,51,163,3,5,Rockbridge County             ,4,4,1119000,0,0,0,0,0,0,0,0,0,4,4,1119000,0,0,0,0,0,0,0,0,0
201109,51,165,3,5,Rockingham County             ,14,14,1720000,0,0,0,0,0,0,0,0,0,14,14,1720000,0,0,0,0,0,0,0,0,0
201109,51,169,3,5,Scott County                  ,3,3,375249,0,0,0,0,0,0,0,0,0,0,0,0,0,0,0,0,0,0,0,0,0
201109,51,171,3,5,Shenandoah County             ,5,5,1095000,0,0,0,0,0,0,0,0,0,5,5,1095000,0,0,0,0,0,0,0,0,0
201109,51,177,3,5,Spotsylvania County           ,20,20,4646505,0,0,0,0,0,0,0,0,0,0,0,0,0,0,0,0,0,0,0,0,0
201109,51,179,3,5,Stafford County               ,42,42,7745148,0,0,0,0,0,0,0,0,0,42,42,7745148,0,0,0,0,0,0,0,0,0
201109,51,181,3,5,Surry County                  ,3,3,309350,0,0,0,0,0,0,0,0,0,0,0,0,0,0,0,0,0,0,0,0,0
201109,51,183,3,5,Sussex County                 ,1,1,120000,0,0,0,0,0,0,0,0,0,1,1,120000,0,0,0,0,0,0,0,0,0
201109,51,187,3,5,Warren County                 ,2,2,270000,0,0,0,0,0,0,0,0,0,2,2,270000,0,0,0,0,0,0,0,0,0
201109,51,199,3,5,York County                   ,22,22,3099820,0,0,0,0,0,0,0,0,0,22,22,3099820,0,0,0,0,0,0,0,0,0
201109,51,510,3,5,Alexandria (Independent City) ,5,5,938536,0,0,0,0,0,0,1,37,3358720,0,0,0,0,0,0,0,0,0,0,0,0
201109,51,530,3,5,Buena Vista (Independent City),0,0,0,0,0,0,0,0,0,0,0,0,0,0,0,0,0,0,0,0,0,0,0,0
201109,51,550,3,5,Chesapeake(Independent City)  ,51,51,9404823,0,0,0,0,0,0,0,0,0,51,51,9404823,0,0,0,0,0,0,0,0,0
201109,51,570,3,5,Colonial Heights (Independent ,0,0,0,0,0,0,0,0,0,0,0,0,0,0,0,0,0,0,0,0,0,0,0,0
201109,51,580,3,5,Covington (Independent City)  ,0,0,0,0,0,0,0,0,0,0,0,0,0,0,0,0,0,0,0,0,0,0,0,0
201109,51,600,3,5,Fairfax (Independent City)    ,2,2,400000,0,0,0,0,0,0,0,0,0,2,2,400000,0,0,0,0,0,0,0,0,0
201109,51,610,3,5,Falls Church (Independent City,0,0,0,0,0,0,0,0,0,0,0,0,0,0,0,0,0,0,0,0,0,0,0,0
201109,51,630,3,5,Fredericksburg(Independent Cit,9,9,1451635,0,0,0,0,0,0,1,21,1716339,0,0,0,0,0,0,0,0,0,0,0,0
201109,51,650,3,5,Hampton (Independent City)    ,11,11,2478887,0,0,0,0,0,0,0,0,0,0,0,0,0,0,0,0,0,0,0,0,0
201109,51,660,3,5,Harrisonburg (Independent City,0,0,0,0,0,0,0,0,0,0,0,0,0,0,0,0,0,0,0,0,0,0,0,0
201109,51,670,3,5,Hopewell (Independent City)   ,1,1,60000,0,0,0,0,0,0,0,0,0,1,1,60000,0,0,0,0,0,0,0,0,0
201109,51,680,3,5,Lynchburg (Independent City)  ,8,8,1476072,0,0,0,0,0,0,0,0,0,8,8,1476072,0,0,0,0,0,0,0,0,0
201109,51,683,3,5,Manassas (Independent City)   ,4,4,430843,0,0,0,0,0,0,0,0,0,0,0,0,0,0,0,0,0,0,0,0,0
201109,51,685,3,5,Manassas Park (Independent Cit,0,0,0,0,0,0,0,0,0,0,0,0,0,0,0,0,0,0,0,0,0,0,0,0
201109,51,700,3,5,Newport News (Independent City,11,11,699795,0,0,0,0,0,0,0,0,0,11,11,699795,0,0,0,0,0,0,0,0,0
201109,51,710,3,5,Norfolk (Independent City)    ,7,7,882000,0,0,0,0,0,0,1,66,3974715,7,7,882000,0,0,0,0,0,0,1,66,3974715
201109,51,730,3,5,Petersburg (Independent City) ,2,2,174812,0,0,0,0,0,0,1,15,1128579,0,0,0,0,0,0,0,0,0,0,0,0
201109,51,735,3,5,Poquoson (Independent City)   ,1,1,504210,0,0,0,0,0,0,0,0,0,1,1,504210,0,0,0,0,0,0,0,0,0
201109,51,740,3,5,Portsmouth (Independent City) ,2,2,368817,0,0,0,0,0,0,0,0,0,2,2,368817,0,0,0,0,0,0,0,0,0
201109,51,760,3,5,Richmond (Independent City)   ,2,2,294404,0,0,0,0,0,0,2,94,5225160,2,2,294404,0,0,0,0,0,0,2,94,5225160
201109,51,770,3,5,Roanoke (Independent City)    ,9,9,1572395,0,0,0,0,0,0,0,0,0,9,9,1572395,0,0,0,0,0,0,0,0,0
201109,51,800,3,5,Suffolk (Independent City)    ,20,20,3688166,0,0,0,0,0,0,0,0,0,20,20,3688166,0,0,0,0,0,0,0,0,0
201109,51,810,3,5,Virginia Beach (Independent Ci,35,35,6454290,3,6,550000,0,0,0,0,0,0,35,35,6454290,3,6,550000,0,0,0,0,0,0
201109,51,830,3,5,Williamsburg (Independent City,2,2,400000,0,0,0,0,0,0,0,0,0,2,2,400000,0,0,0,0,0,0,0,0,0
201109,53,011,4,9,Clark County                  ,54,54,15600378,0,0,0,1,4,314489,8,64,6117629,53,53,15399698,0,0,0,1,4,314489,8,64,6117629
201109,53,033,4,9,King County                   ,199,199,55756041,2,4,700893,3,10,1561025,5,180,16281010,159,159,44522229,2,4,700893,2,7,1045771,3,168,15115027
201109,53,041,4,9,Lewis County                  ,5,5,929270,0,0,0,0,0,0,0,0,0,5,5,929270,0,0,0,0,0,0,0,0,0
201109,53,053,4,9,Pierce County                 ,129,129,31084684,1,2,300766,0,0,0,0,0,0,129,129,31084684,1,2,300766,0,0,0,0,0,0
201109,53,059,4,9,Skamania County               ,3,3,442357,0,0,0,0,0,0,0,0,0,3,3,442357,0,0,0,0,0,0,0,0,0
201109,53,061,4,9,Snohomish County              ,170,170,39371865,1,2,382120,0,0,0,3,18,2146626,165,165,38405129,1,2,382120,0,0,0,3,18,2146626
201109,54,037,3,5,Jefferson County              ,15,15,3432700,0,0,0,0,0,0,0,0,0,13,13,2923500,0,0,0,0,0,0,0,0,0
201109,55,021,2,3,Columbia County               ,2,2,53750,0,0,0,0,0,0,0,0,0,1,1,3000,0,0,0,0,0,0,0,0,0
201109,55,025,2,3,Dane County                   ,58,58,14793616,1,2,300000,1,3,274179,3,50,4962155,37,37,10616146,1,2,300000,0,0,0,0,0,0
201109,55,031,2,3,Douglas County                ,11,11,1832367,0,0,0,0,0,0,0,0,0,11,11,1832367,0,0,0,0,0,0,0,0,0
201109,55,037,2,3,Florence County               ,3,3,461441,0,0,0,0,0,0,0,0,0,0,0,0,0,0,0,0,0,0,0,0,0
201109,55,049,2,3,Iowa County                   ,6,6,910000,0,0,0,0,0,0,0,0,0,6,6,910000,0,0,0,0,0,0,0,0,0
201109,55,059,2,3,Kenosha County                ,13,13,3447371,0,0,0,0,0,0,0,0,0,12,12,3097800,0,0,0,0,0,0,0,0,0
201109,55,079,2,3,Milwaukee County              ,11,11,1476900,0,0,0,0,0,0,0,0,0,11,11,1476900,0,0,0,0,0,0,0,0,0
201109,55,089,2,3,Ozaukee County                ,7,7,2319889,0,0,0,2,8,750000,0,0,0,3,3,590561,0,0,0,2,8,750000,0,0,0
201109,55,093,2,3,Pierce County                 ,3,3,585530,0,0,0,0,0,0,1,12,1500000,1,1,180000,0,0,0,0,0,0,1,12,1500000
201109,55,109,2,3,St. Croix County              ,19,19,3890272,1,2,220000,0,0,0,0,0,0,17,17,3590125,1,2,220000,0,0,0,0,0,0
201109,55,113,2,3,Sawyer County                 ,12,12,1176000,0,0,0,0,0,0,0,0,0,12,12,1176000,0,0,0,0,0,0,0,0,0
201109,55,131,2,3,Washington County             ,18,18,4101474,0,0,0,0,0,0,0,0,0,13,13,2780725,0,0,0,0,0,0,0,0,0
201109,55,133,2,3,Waukesha County               ,30,30,9797145,0,0,0,0,0,0,0,0,0,20,20,6595450,0,0,0,0,0,0,0,0,0
201109,56,019,4,8,Johnson County                ,0,0,0,0,0,0,0,0,0,0,0,0,0,0,0,0,0,0,0,0,0,0,0,0
201109,56,039,4,8,Teton County                  ,6,6,6259170,0,0,0,0,0,0,1,5,428316,0,0,0,0,0,0,0,0,0,0,0,0
