Survey,FIPS,FIPS,Region,Division,County,,1-unit,,,2-units,,,3-4 units,,,5+ units,,,1-unit rep,,,2-units rep,,,3-4 units rep,,, 5+units rep
Date,State,County,Code,Code,Name,Bldgs,Units,Value,Bldgs,Units,Value,Bldgs,Units,Value,Bldgs,Units,Value,Bldgs,Units,Value,Bldgs,Units,Value,Bldgs,Units,Value,Bldgs,Units,Value
 
201101,01,001,3,6,Autauga County                ,8,8,1603647,0,0,0,0,0,0,0,0,0,8,8,1603647,0,0,0,0,0,0,0,0,0
201101,01,007,3,6,Bibb County                   ,0,0,0,0,0,0,0,0,0,0,0,0,0,0,0,0,0,0,0,0,0,0,0,0
201101,01,009,3,6,Blount County                 ,1,1,578900,0,0,0,0,0,0,0,0,0,1,1,578900,0,0,0,0,0,0,0,0,0
201101,01,021,3,6,Chilton County                ,2,2,434917,0,0,0,0,0,0,0,0,0,1,1,300000,0,0,0,0,0,0,0,0,0
201101,01,037,3,6,Coosa County                  ,0,0,0,0,0,0,0,0,0,0,0,0,0,0,0,0,0,0,0,0,0,0,0,0
201101,01,073,3,6,Jefferson County              ,87,87,15769929,0,0,0,0,0,0,0,0,0,67,67,11714957,0,0,0,0,0,0,0,0,0
201101,01,081,3,6,Lee County                    ,40,40,8334362,0,0,0,0,0,0,0,0,0,40,40,8334362,0,0,0,0,0,0,0,0,0
201101,01,115,3,6,St. Clair County              ,14,14,1337931,0,0,0,0,0,0,0,0,0,14,14,1337931,0,0,0,0,0,0,0,0,0
201101,01,117,3,6,Shelby County                 ,38,38,6348765,0,0,0,0,0,0,0,0,0,23,23,3558590,0,0,0,0,0,0,0,0,0
201101,01,127,3,6,Walker County                 ,0,0,0,0,0,0,0,0,0,0,0,0,0,0,0,0,0,0,0,0,0,0,0,0
201101,02,000,4,9,Alaska Balance of State       ,4,4,994175,0,0,0,0,0,0,0,0,0,0,0,0,0,0,0,0,0,0,0,0,0
201101,02,013,4,9,Aleutians East Borough        ,0,0,0,0,0,0,0,0,0,0,0,0,0,0,0,0,0,0,0,0,0,0,0,0
201101,02,016,4,9,Aleutians West Census Area    ,0,0,0,0,0,0,0,0,0,0,0,0,0,0,0,0,0,0,0,0,0,0,0,0
201101,02,020,4,9,Anchorage Borough             ,21,21,6652123,0,0,0,0,0,0,0,0,0,21,21,6652123,0,0,0,0,0,0,0,0,0
201101,02,050,4,9,Bethel Census Area            ,0,0,0,0,0,0,0,0,0,0,0,0,0,0,0,0,0,0,0,0,0,0,0,0
201101,02,060,4,9,Bristol Bay Borough           ,0,0,0,0,0,0,0,0,0,0,0,0,0,0,0,0,0,0,0,0,0,0,0,0
201101,02,090,4,9,Fairbanks North Star Borough  ,2,2,366407,0,0,0,0,0,0,0,0,0,0,0,0,0,0,0,0,0,0,0,0,0
201101,02,100,4,9,Haines Borough                ,0,0,0,0,0,0,0,0,0,0,0,0,0,0,0,0,0,0,0,0,0,0,0,0
201101,02,110,4,9,Juneau Borough                ,0,0,0,0,0,0,0,0,0,0,0,0,0,0,0,0,0,0,0,0,0,0,0,0
201101,02,122,4,9,Kenai Peninsula Borough       ,1,1,115000,0,0,0,0,0,0,0,0,0,1,1,115000,0,0,0,0,0,0,0,0,0
201101,02,130,4,9,Ketchikan Gateway Borough     ,2,2,418162,0,0,0,0,0,0,0,0,0,2,2,418162,0,0,0,0,0,0,0,0,0
201101,02,150,4,9,Kodiak Island Borough         ,0,0,0,0,0,0,0,0,0,0,0,0,0,0,0,0,0,0,0,0,0,0,0,0
201101,02,170,4,9,Matanuska-Susitna Borough     ,1,1,139757,0,0,0,0,0,0,0,0,0,0,0,0,0,0,0,0,0,0,0,0,0
201101,02,180,4,9,Nome Census Area              ,0,0,0,0,0,0,0,0,0,0,0,0,0,0,0,0,0,0,0,0,0,0,0,0
201101,02,185,4,9,North Slope Borough           ,21,21,4390703,0,0,0,0,0,0,0,0,0,21,21,4390703,0,0,0,0,0,0,0,0,0
201101,02,188,4,9,Northwest Arctic Borough      ,1,1,229028,0,0,0,0,0,0,0,0,0,0,0,0,0,0,0,0,0,0,0,0,0
201101,02,201,4,9,Prince of Wales-Outer Ketchika,0,0,0,0,0,0,0,0,0,0,0,0,0,0,0,0,0,0,0,0,0,0,0,0
201101,02,220,4,9,Sitka Borough                 ,1,1,219764,0,0,0,0,0,0,0,0,0,0,0,0,0,0,0,0,0,0,0,0,0
201101,02,232,4,9,Skagway-Hoonah-Angoon Census A,0,0,0,0,0,0,0,0,0,0,0,0,0,0,0,0,0,0,0,0,0,0,0,0
201101,02,261,4,9,Valdez-Cordova Census Area    ,0,0,0,0,0,0,0,0,0,0,0,0,0,0,0,0,0,0,0,0,0,0,0,0
201101,02,280,4,9,Wrangell-Petersburg Census Are,0,0,0,0,0,0,0,0,0,0,0,0,0,0,0,0,0,0,0,0,0,0,0,0
201101,02,282,4,9,Yakutat Borough               ,0,0,0,0,0,0,0,0,0,0,0,0,0,0,0,0,0,0,0,0,0,0,0,0
201101,02,290,4,9,Yukon-Koyukuk Census Area     ,0,0,0,0,0,0,0,0,0,0,0,0,0,0,0,0,0,0,0,0,0,0,0,0
201101,04,013,4,8,Maricopa County               ,359,359,84514310,0,0,0,0,0,0,1,15,2682620,357,357,84015278,0,0,0,0,0,0,0,0,0
201101,04,019,4,8,Pima County                   ,104,104,22047048,0,0,0,0,0,0,1,10,835036,25,25,5850501,0,0,0,0,0,0,0,0,0
201101,04,021,4,8,Pinal County                  ,60,60,8020390,0,0,0,0,0,0,0,0,0,47,47,6365398,0,0,0,0,0,0,0,0,0
201101,05,023,3,7,Cleburne County               ,1,1,100000,0,0,0,0,0,0,0,0,0,1,1,100000,0,0,0,0,0,0,0,0,0
201101,05,025,3,7,Cleveland County              ,0,0,0,0,0,0,0,0,0,0,0,0,0,0,0,0,0,0,0,0,0,0,0,0
201101,05,027,3,7,Columbia County               ,0,0,0,0,0,0,0,0,0,0,0,0,0,0,0,0,0,0,0,0,0,0,0,0
201101,05,035,3,7,Crittenden County             ,1,1,191000,0,0,0,0,0,0,0,0,0,1,1,191000,0,0,0,0,0,0,0,0,0
201101,05,059,3,7,Hot Spring County             ,0,0,0,0,0,0,0,0,0,0,0,0,0,0,0,0,0,0,0,0,0,0,0,0
201101,05,061,3,7,Howard County                 ,0,0,0,0,0,0,0,0,0,0,0,0,0,0,0,0,0,0,0,0,0,0,0,0
201101,05,099,3,7,Nevada County                 ,0,0,0,0,0,0,0,0,0,0,0,0,0,0,0,0,0,0,0,0,0,0,0,0
201101,06,001,4,9,Alameda County                ,51,51,19994060,3,6,1533542,0,0,0,0,0,0,51,51,19994060,3,6,1533542,0,0,0,0,0,0
201101,06,003,4,9,Alpine County                 ,1,1,150000,0,0,0,0,0,0,0,0,0,1,1,150000,0,0,0,0,0,0,0,0,0
201101,06,009,4,9,Calaveras County              ,2,2,615142,0,0,0,0,0,0,0,0,0,0,0,0,0,0,0,0,0,0,0,0,0
201101,06,013,4,9,Contra Costa County           ,90,90,20596227,1,2,175745,0,0,0,1,5,453005,88,88,20166145,1,2,175745,0,0,0,0,0,0
201101,06,017,4,9,El Dorado County              ,11,11,7965330,0,0,0,0,0,0,0,0,0,11,11,7965330,0,0,0,0,0,0,0,0,0
201101,06,037,4,9,Los Angeles County            ,147,147,66987888,14,28,4830671,2,8,1762395,9,168,19663222,127,127,61258862,13,26,4600431,2,8,1762395,8,163,19224190
201101,06,041,4,9,Marin County                  ,4,4,1632220,0,0,0,0,0,0,0,0,0,0,0,0,0,0,0,0,0,0,0,0,0
201101,06,045,4,9,Mendocino County              ,8,8,854903,1,2,175200,0,0,0,0,0,0,8,8,854903,1,2,175200,0,0,0,0,0,0
201101,06,049,4,9,Modoc County                  ,1,1,335529,0,0,0,0,0,0,0,0,0,1,1,335529,0,0,0,0,0,0,0,0,0
201101,06,051,4,9,Mono County                   ,0,0,0,0,0,0,0,0,0,0,0,0,0,0,0,0,0,0,0,0,0,0,0,0
201101,06,059,4,9,Orange County                 ,237,237,64356391,0,0,0,10,31,5617522,4,38,5828250,231,231,60194003,0,0,0,10,31,5617522,4,38,5828250
201101,06,061,4,9,Placer County                 ,20,20,6741954,0,0,0,0,0,0,0,0,0,20,20,6741954,0,0,0,0,0,0,0,0,0
201101,06,063,4,9,Plumas County                 ,2,2,208486,0,0,0,0,0,0,0,0,0,2,2,208486,0,0,0,0,0,0,0,0,0
201101,06,065,4,9,Riverside County              ,114,114,27373792,0,0,0,0,0,0,1,5,446154,95,95,22293283,0,0,0,0,0,0,0,0,0
201101,06,067,4,9,Sacramento County             ,72,72,18054180,0,0,0,0,0,0,0,0,0,71,71,17823696,0,0,0,0,0,0,0,0,0
201101,06,069,4,9,San Benito County             ,0,0,0,0,0,0,0,0,0,0,0,0,0,0,0,0,0,0,0,0,0,0,0,0
201101,06,071,4,9,San Bernardino County         ,57,57,11889408,1,2,82700,0,0,0,7,50,3900050,53,53,11122072,1,2,82700,0,0,0,5,40,3065658
201101,06,073,4,9,San Diego County              ,171,171,57576781,3,6,2983590,10,40,4772499,17,255,27961760,161,161,55438393,3,6,2983590,10,40,4772499,17,255,27961760
201101,06,075,4,9,San Francisco County          ,7,7,1540083,0,0,0,1,3,1200000,1,150,52324967,7,7,1540083,0,0,0,1,3,1200000,1,150,52324967
201101,06,077,4,9,San Joaquin County            ,53,53,11668352,0,0,0,0,0,0,0,0,0,53,53,11668352,0,0,0,0,0,0,0,0,0
201101,06,081,4,9,San Mateo County              ,20,20,14710691,0,0,0,0,0,0,1,15,1333000,17,17,13531046,0,0,0,0,0,0,1,15,1333000
201101,06,085,4,9,Santa Clara County            ,99,99,22788650,0,0,0,0,0,0,1,5,1029412,92,92,19876849,0,0,0,0,0,0,0,0,0
201101,06,091,4,9,Sierra County                 ,1,1,298210,0,0,0,0,0,0,0,0,0,1,1,298210,0,0,0,0,0,0,0,0,0
201101,06,113,4,9,Yolo County                   ,8,8,1752323,0,0,0,0,0,0,0,0,0,8,8,1752323,0,0,0,0,0,0,0,0,0
201101,08,001,4,8,Adams County                  ,22,22,4236850,0,0,0,0,0,0,0,0,0,20,20,3812401,0,0,0,0,0,0,0,0,0
201101,08,005,4,8,Arapahoe County               ,35,35,12337464,0,0,0,0,0,0,0,0,0,34,34,12072328,0,0,0,0,0,0,0,0,0
201101,08,014,4,8,Broomfield County             ,10,10,2618276,0,0,0,0,0,0,0,0,0,0,0,0,0,0,0,0,0,0,0,0,0
201101,08,015,4,8,Chaffee County                ,4,4,1001353,0,0,0,0,0,0,0,0,0,4,4,1001353,0,0,0,0,0,0,0,0,0
201101,08,019,4,8,Clear Creek County            ,1,1,204128,0,0,0,0,0,0,0,0,0,0,0,0,0,0,0,0,0,0,0,0,0
201101,08,023,4,8,Costilla County               ,2,2,458056,0,0,0,0,0,0,0,0,0,0,0,0,0,0,0,0,0,0,0,0,0
201101,08,031,4,8,Denver County                 ,39,39,10608999,3,6,980530,0,0,0,1,126,7593385,39,39,10608999,3,6,980530,0,0,0,1,126,7593385
201101,08,033,4,8,Dolores County                ,0,0,0,0,0,0,0,0,0,0,0,0,0,0,0,0,0,0,0,0,0,0,0,0
201101,08,035,4,8,Douglas County                ,48,48,13888628,0,0,0,0,0,0,1,5,705271,48,48,13888628,0,0,0,0,0,0,1,5,705271
201101,08,039,4,8,Elbert County                 ,0,0,0,0,0,0,0,0,0,0,0,0,0,0,0,0,0,0,0,0,0,0,0,0
201101,08,041,4,8,El Paso County                ,86,86,31165459,0,0,0,0,0,0,0,0,0,86,86,31165459,0,0,0,0,0,0,0,0,0
201101,08,047,4,8,Gilpin County                 ,1,1,389096,0,0,0,0,0,0,0,0,0,0,0,0,0,0,0,0,0,0,0,0,0
201101,08,049,4,8,Grand County                  ,6,6,1418554,0,0,0,0,0,0,0,0,0,0,0,0,0,0,0,0,0,0,0,0,0
201101,08,059,4,8,Jefferson County              ,26,26,6444035,0,0,0,0,0,0,0,0,0,26,26,6444035,0,0,0,0,0,0,0,0,0
201101,08,069,4,8,Larimer County                ,47,47,10459396,0,0,0,1,4,415000,1,6,585957,46,46,10120548,0,0,0,1,4,415000,1,6,585957
201101,08,077,4,8,Mesa County                   ,21,21,4323192,0,0,0,0,0,0,0,0,0,21,21,4323192,0,0,0,0,0,0,0,0,0
201101,08,093,4,8,Park County                   ,3,3,359951,0,0,0,0,0,0,0,0,0,3,3,359951,0,0,0,0,0,0,0,0,0
201101,08,101,4,8,Pueblo County                 ,8,8,1126658,0,0,0,1,4,227300,0,0,0,8,8,1126658,0,0,0,1,4,227300,0,0,0
201101,08,107,4,8,Routt County                  ,2,2,566081,0,0,0,0,0,0,0,0,0,2,2,566081,0,0,0,0,0,0,0,0,0
201101,08,119,4,8,Teller County                 ,0,0,0,0,0,0,0,0,0,0,0,0,0,0,0,0,0,0,0,0,0,0,0,0
201101,08,123,4,8,Weld County                   ,58,58,12280788,0,0,0,0,0,0,0,0,0,50,50,10673670,0,0,0,0,0,0,0,0,0
201101,10,001,3,5,Kent County                   ,39,39,5085717,0,0,0,0,0,0,3,31,1840525,2,2,250507,0,0,0,0,0,0,2,26,1525615
201101,10,003,3,5,New Castle County             ,43,43,3737484,0,0,0,0,0,0,1,5,80000,42,42,3679095,0,0,0,0,0,0,0,0,0
201101,10,005,3,5,Sussex County                 ,80,80,12096134,3,6,558132,0,0,0,4,36,4205403,80,80,12096134,3,6,558132,0,0,0,4,36,4205403
201101,11,001,3,5,Washington  DC                ,8,8,1388322,3,6,527430,0,0,0,2,458,37432526,8,8,1388322,3,6,527430,0,0,0,2,458,37432526
201101,12,003,3,5,Baker County                  ,5,5,977034,0,0,0,0,0,0,0,0,0,5,5,977034,0,0,0,0,0,0,0,0,0
201101,12,009,3,5,Brevard County                ,72,72,18153960,0,0,0,0,0,0,3,15,438038,72,72,18153960,0,0,0,0,0,0,3,15,438038
201101,12,011,3,5,Broward County                ,39,39,5292853,0,0,0,0,0,0,3,53,4846955,26,26,3199733,0,0,0,0,0,0,2,48,4534880
201101,12,013,3,5,Calhoun County                ,0,0,0,0,0,0,0,0,0,0,0,0,0,0,0,0,0,0,0,0,0,0,0,0
201101,12,015,3,5,Charlotte County              ,24,24,3946891,2,4,300000,0,0,0,0,0,0,24,24,3946891,2,4,300000,0,0,0,0,0,0
201101,12,019,3,5,Clay County                   ,26,26,4862817,0,0,0,0,0,0,0,0,0,26,26,4862817,0,0,0,0,0,0,0,0,0
201101,12,021,3,5,Collier County                ,45,45,24029176,0,0,0,1,4,929000,1,12,1982792,8,8,13645000,0,0,0,0,0,0,0,0,0
201101,12,023,3,5,Columbia County               ,6,6,803498,0,0,0,0,0,0,0,0,0,0,0,0,0,0,0,0,0,0,0,0,0
201101,12,031,3,5,Duval County                  ,47,47,8930228,1,2,150000,0,0,0,1,120,9807649,47,47,8930228,1,2,150000,0,0,0,1,120,9807649
201101,12,033,3,5,Escambia County               ,52,52,9024091,0,0,0,0,0,0,0,0,0,52,52,9024091,0,0,0,0,0,0,0,0,0
201101,12,037,3,5,Franklin County               ,1,1,264462,0,0,0,0,0,0,0,0,0,0,0,0,0,0,0,0,0,0,0,0,0
201101,12,041,3,5,Gilchrist County              ,3,3,549300,0,0,0,0,0,0,0,0,0,3,3,549300,0,0,0,0,0,0,0,0,0
201101,12,043,3,5,Glades County                 ,0,0,0,0,0,0,0,0,0,0,0,0,0,0,0,0,0,0,0,0,0,0,0,0
201101,12,047,3,5,Hamilton County               ,1,1,110935,0,0,0,0,0,0,0,0,0,0,0,0,0,0,0,0,0,0,0,0,0
201101,12,049,3,5,Hardee County                 ,2,2,211763,0,0,0,0,0,0,0,0,0,0,0,0,0,0,0,0,0,0,0,0,0
201101,12,053,3,5,Hernando County               ,14,14,1633227,0,0,0,0,0,0,0,0,0,14,14,1633227,0,0,0,0,0,0,0,0,0
201101,12,055,3,5,Highlands County              ,18,18,2181993,0,0,0,0,0,0,0,0,0,17,17,2037060,0,0,0,0,0,0,0,0,0
201101,12,057,3,5,Hillsborough County           ,229,229,62368885,1,2,546937,2,8,527478,5,108,11689866,229,229,62368885,1,2,546937,2,8,527478,5,108,11689866
201101,12,061,3,5,Indian River County           ,18,18,10043616,0,0,0,0,0,0,0,0,0,18,18,10043616,0,0,0,0,0,0,0,0,0
201101,12,063,3,5,Jackson County                ,3,3,563988,0,0,0,0,0,0,0,0,0,3,3,563988,0,0,0,0,0,0,0,0,0
201101,12,065,3,5,Jefferson County              ,1,1,184215,0,0,0,0,0,0,0,0,0,1,1,184215,0,0,0,0,0,0,0,0,0
201101,12,067,3,5,Lafayette County              ,0,0,0,0,0,0,0,0,0,0,0,0,0,0,0,0,0,0,0,0,0,0,0,0
201101,12,069,3,5,Lake County                   ,40,40,10824461,0,0,0,0,0,0,0,0,0,31,31,8391580,0,0,0,0,0,0,0,0,0
201101,12,071,3,5,Lee County                    ,85,85,15224633,0,0,0,0,0,0,0,0,0,85,85,15224633,0,0,0,0,0,0,0,0,0
201101,12,073,3,5,Leon County                   ,17,17,2263698,1,2,208800,0,0,0,1,21,1192650,3,3,238175,0,0,0,0,0,0,0,0,0
201101,12,077,3,5,Liberty County                ,1,1,106858,0,0,0,0,0,0,0,0,0,0,0,0,0,0,0,0,0,0,0,0,0
201101,12,081,3,5,Manatee County                ,73,73,16701410,0,0,0,1,4,627980,1,30,2381184,73,73,16701410,0,0,0,1,4,627980,1,30,2381184
201101,12,083,3,5,Marion County                 ,18,18,2808431,0,0,0,0,0,0,0,0,0,18,18,2808431,0,0,0,0,0,0,0,0,0
201101,12,085,3,5,Martin County                 ,14,14,5693398,0,0,0,0,0,0,0,0,0,14,14,5693398,0,0,0,0,0,0,0,0,0
201101,12,086,3,5,Miami-Dade County             ,65,65,8830316,1,2,148320,0,0,0,1,9,874915,62,62,8161234,1,2,148320,0,0,0,1,9,874915
201101,12,089,3,5,Nassau County                 ,17,17,3825388,0,0,0,0,0,0,0,0,0,15,15,3544526,0,0,0,0,0,0,0,0,0
201101,12,095,3,5,Orange County                 ,138,138,25730993,0,0,0,2,8,593114,13,505,48313404,138,138,25730993,0,0,0,2,8,593114,13,505,48313404
201101,12,097,3,5,Osceola County                ,41,41,7580559,0,0,0,0,0,0,0,0,0,41,41,7580559,0,0,0,0,0,0,0,0,0
201101,12,099,3,5,Palm Beach County             ,78,78,19516313,0,0,0,1,3,534138,2,19,1241125,74,74,18502958,0,0,0,0,0,0,0,0,0
201101,12,101,3,5,Pasco County                  ,68,68,13068839,4,8,1144444,0,0,0,2,12,1918000,68,68,13068839,4,8,1144444,0,0,0,2,12,1918000
201101,12,103,3,5,Pinellas County               ,23,23,5931313,0,0,0,0,0,0,0,0,0,23,23,5931313,0,0,0,0,0,0,0,0,0
201101,12,105,3,5,Polk County                   ,31,31,6355552,0,0,0,0,0,0,0,0,0,28,28,5788493,0,0,0,0,0,0,0,0,0
201101,12,107,3,5,Putnam County                 ,2,2,266612,0,0,0,0,0,0,0,0,0,0,0,0,0,0,0,0,0,0,0,0,0
201101,12,109,3,5,St. Johns County              ,96,96,24275394,0,0,0,0,0,0,0,0,0,95,95,24033487,0,0,0,0,0,0,0,0,0
201101,12,111,3,5,St. Lucie County              ,18,18,2588414,0,0,0,0,0,0,0,0,0,16,16,2280494,0,0,0,0,0,0,0,0,0
201101,12,113,3,5,Santa Rosa County             ,52,52,9024091,0,0,0,0,0,0,0,0,0,52,52,9024091,0,0,0,0,0,0,0,0,0
201101,12,115,3,5,Sarasota County               ,38,38,12655004,0,0,0,0,0,0,2,16,2795817,38,38,12655004,0,0,0,0,0,0,2,16,2795817
201101,12,117,3,5,Seminole County               ,106,106,12894784,0,0,0,0,0,0,0,0,0,98,98,10884826,0,0,0,0,0,0,0,0,0
201101,12,119,3,5,Sumter County                 ,169,169,43963347,0,0,0,0,0,0,0,0,0,169,169,43963347,0,0,0,0,0,0,0,0,0
201101,12,123,3,5,Taylor County                 ,1,1,100000,0,0,0,0,0,0,0,0,0,1,1,100000,0,0,0,0,0,0,0,0,0
201101,12,125,3,5,Union County                  ,0,0,0,0,0,0,0,0,0,0,0,0,0,0,0,0,0,0,0,0,0,0,0,0
201101,12,127,3,5,Volusia County                ,30,30,7153151,0,0,0,0,0,0,1,5,489870,19,19,4438772,0,0,0,0,0,0,0,0,0
201101,12,129,3,5,Wakulla County                ,4,4,595000,0,0,0,0,0,0,0,0,0,4,4,595000,0,0,0,0,0,0,0,0,0
201101,12,131,3,5,Walton County                 ,28,28,12344529,0,0,0,0,0,0,0,0,0,28,28,12344529,0,0,0,0,0,0,0,0,0
201101,12,133,3,5,Washington County             ,1,1,50080,0,0,0,0,0,0,0,0,0,1,1,50080,0,0,0,0,0,0,0,0,0
201101,13,005,3,5,Bacon County                  ,0,0,0,0,0,0,0,0,0,0,0,0,0,0,0,0,0,0,0,0,0,0,0,0
201101,13,013,3,5,Barrow County                 ,5,5,408497,0,0,0,0,0,0,0,0,0,3,3,215488,0,0,0,0,0,0,0,0,0
201101,13,015,3,5,Bartow County                 ,1,1,157500,0,0,0,0,0,0,0,0,0,0,0,0,0,0,0,0,0,0,0,0,0
201101,13,029,3,5,Bryan County                  ,44,44,4326483,0,0,0,0,0,0,0,0,0,44,44,4326483,0,0,0,0,0,0,0,0,0
201101,13,035,3,5,Butts County                  ,0,0,0,0,0,0,0,0,0,0,0,0,0,0,0,0,0,0,0,0,0,0,0,0
201101,13,045,3,5,Carroll County                ,75,75,4161031,0,0,0,0,0,0,0,0,0,75,75,4161031,0,0,0,0,0,0,0,0,0
201101,13,057,3,5,Cherokee County               ,33,33,6622296,0,0,0,0,0,0,0,0,0,28,28,5782887,0,0,0,0,0,0,0,0,0
201101,13,059,3,5,Clarke County                 ,1,1,164392,0,0,0,0,0,0,0,0,0,1,1,164392,0,0,0,0,0,0,0,0,0
201101,13,063,3,5,Clayton County                ,5,5,867701,0,0,0,0,0,0,0,0,0,5,5,867701,0,0,0,0,0,0,0,0,0
201101,13,067,3,5,Cobb County                   ,65,65,16605482,0,0,0,1,4,681600,0,0,0,65,65,16605482,0,0,0,1,4,681600,0,0,0
201101,13,077,3,5,Coweta County                 ,22,22,6583734,0,0,0,0,0,0,0,0,0,19,19,5902439,0,0,0,0,0,0,0,0,0
201101,13,085,3,5,Dawson County                 ,1,1,700000,0,0,0,0,0,0,0,0,0,1,1,700000,0,0,0,0,0,0,0,0,0
201101,13,089,3,5,DeKalb County                 ,16,16,3094395,0,0,0,0,0,0,0,0,0,14,14,2429563,0,0,0,0,0,0,0,0,0
201101,13,095,3,5,Dougherty County              ,2,2,223784,0,0,0,0,0,0,0,0,0,0,0,0,0,0,0,0,0,0,0,0,0
201101,13,097,3,5,Douglas County                ,7,7,534990,0,0,0,0,0,0,0,0,0,7,7,534990,0,0,0,0,0,0,0,0,0
201101,13,113,3,5,Fayette County                ,2,2,623433,0,0,0,0,0,0,0,0,0,2,2,623433,0,0,0,0,0,0,0,0,0
201101,13,117,3,5,Forsyth County                ,55,55,7653210,0,0,0,0,0,0,0,0,0,55,55,7653210,0,0,0,0,0,0,0,0,0
201101,13,121,3,5,Fulton County                 ,62,62,11996493,0,0,0,0,0,0,2,156,7761088,62,62,11996493,0,0,0,0,0,0,2,156,7761088
201101,13,127,3,5,Glynn County                  ,21,21,5409357,0,0,0,0,0,0,0,0,0,0,0,0,0,0,0,0,0,0,0,0,0
201101,13,133,3,5,Greene County                 ,4,4,1511895,0,0,0,0,0,0,0,0,0,4,4,1511895,0,0,0,0,0,0,0,0,0
201101,13,135,3,5,Gwinnett County               ,53,53,8777077,0,0,0,0,0,0,0,0,0,51,51,8329077,0,0,0,0,0,0,0,0,0
201101,13,143,3,5,Haralson County               ,1,1,178492,0,0,0,0,0,0,0,0,0,0,0,0,0,0,0,0,0,0,0,0,0
201101,13,145,3,5,Harris County                 ,4,4,933205,0,0,0,0,0,0,0,0,0,4,4,933205,0,0,0,0,0,0,0,0,0
201101,13,149,3,5,Heard County                  ,0,0,0,0,0,0,0,0,0,0,0,0,0,0,0,0,0,0,0,0,0,0,0,0
201101,13,151,3,5,Henry County                  ,11,11,1778730,0,0,0,0,0,0,0,0,0,6,6,1158343,0,0,0,0,0,0,0,0,0
201101,13,159,3,5,Jasper County                 ,3,3,400649,0,0,0,0,0,0,0,0,0,0,0,0,0,0,0,0,0,0,0,0,0
201101,13,169,3,5,Jones County                  ,3,3,334000,0,0,0,0,0,0,0,0,0,3,3,334000,0,0,0,0,0,0,0,0,0
201101,13,171,3,5,Lamar County                  ,0,0,0,0,0,0,0,0,0,0,0,0,0,0,0,0,0,0,0,0,0,0,0,0
201101,13,177,3,5,Lee County                    ,7,7,799996,0,0,0,0,0,0,0,0,0,0,0,0,0,0,0,0,0,0,0,0,0
201101,13,189,3,5,McDuffie County               ,0,0,0,0,0,0,0,0,0,0,0,0,0,0,0,0,0,0,0,0,0,0,0,0
201101,13,199,3,5,Meriwether County             ,1,1,173540,0,0,0,0,0,0,0,0,0,1,1,173540,0,0,0,0,0,0,0,0,0
201101,13,211,3,5,Morgan County                 ,0,0,0,0,0,0,0,0,0,0,0,0,0,0,0,0,0,0,0,0,0,0,0,0
201101,13,213,3,5,Murray County                 ,3,3,350000,0,0,0,0,0,0,0,0,0,3,3,350000,0,0,0,0,0,0,0,0,0
201101,13,215,3,5,Muscogee County               ,15,15,1587885,0,0,0,0,0,0,1,8,606567,0,0,0,0,0,0,0,0,0,0,0,0
201101,13,217,3,5,Newton County                 ,1,1,150135,0,0,0,0,0,0,0,0,0,0,0,0,0,0,0,0,0,0,0,0,0
201101,13,223,3,5,Paulding County               ,10,10,1721119,0,0,0,0,0,0,0,0,0,6,6,1041241,0,0,0,0,0,0,0,0,0
201101,13,227,3,5,Pickens County                ,0,0,0,0,0,0,0,0,0,0,0,0,0,0,0,0,0,0,0,0,0,0,0,0
201101,13,231,3,5,Pike County                   ,2,2,448000,0,0,0,0,0,0,0,0,0,2,2,448000,0,0,0,0,0,0,0,0,0
201101,13,237,3,5,Putnam County                 ,6,6,1013950,0,0,0,0,0,0,0,0,0,6,6,1013950,0,0,0,0,0,0,0,0,0
201101,13,239,3,5,Quitman County                ,1,1,100000,0,0,0,0,0,0,0,0,0,1,1,100000,0,0,0,0,0,0,0,0,0
201101,13,247,3,5,Rockdale County               ,7,7,2060802,0,0,0,0,0,0,0,0,0,7,7,2060802,0,0,0,0,0,0,0,0,0
201101,13,255,3,5,Spalding County               ,11,11,1230394,0,0,0,0,0,0,0,0,0,11,11,1230394,0,0,0,0,0,0,0,0,0
201101,13,291,3,5,Union County                  ,0,0,0,0,0,0,0,0,0,0,0,0,0,0,0,0,0,0,0,0,0,0,0,0
201101,13,297,3,5,Walton County                 ,3,3,377200,0,0,0,0,0,0,0,0,0,3,3,377200,0,0,0,0,0,0,0,0,0
201101,13,313,3,5,Whitfield County              ,4,4,442641,0,0,0,0,0,0,0,0,0,0,0,0,0,0,0,0,0,0,0,0,0
201101,13,321,3,5,Worth County                  ,1,1,49000,0,0,0,0,0,0,0,0,0,1,1,49000,0,0,0,0,0,0,0,0,0
201101,15,001,4,9,Hawaii County                 ,30,30,7424095,0,0,0,0,0,0,1,5,360000,0,0,0,0,0,0,0,0,0,0,0,0
201101,15,003,4,9,Honolulu County               ,50,50,29080992,0,0,0,0,0,0,0,0,0,50,50,29080992,0,0,0,0,0,0,0,0,0
201101,15,007,4,9,Kauai County                  ,11,11,3548100,0,0,0,0,0,0,0,0,0,11,11,3548100,0,0,0,0,0,0,0,0,0
201101,15,009,4,9,Maui County                   ,20,20,4400238,0,0,0,0,0,0,0,0,0,20,20,4400238,0,0,0,0,0,0,0,0,0
201101,16,001,4,8,Ada County                    ,79,79,20576370,0,0,0,0,0,0,0,0,0,79,79,20576370,0,0,0,0,0,0,0,0,0
201101,16,015,4,8,Boise County                  ,1,1,300034,0,0,0,0,0,0,0,0,0,1,1,300034,0,0,0,0,0,0,0,0,0
201101,16,027,4,8,Canyon County                 ,9,9,1539095,0,0,0,0,0,0,0,0,0,9,9,1539095,0,0,0,0,0,0,0,0,0
201101,16,045,4,8,Gem County                    ,0,0,0,0,0,0,0,0,0,0,0,0,0,0,0,0,0,0,0,0,0,0,0,0
201101,16,073,4,8,Owyhee County                 ,1,1,138610,0,0,0,0,0,0,0,0,0,1,1,138610,0,0,0,0,0,0,0,0,0
201101,17,005,2,3,Bond County                   ,1,1,83333,0,0,0,0,0,0,0,0,0,0,0,0,0,0,0,0,0,0,0,0,0
201101,17,013,2,3,Calhoun County                ,1,1,200000,0,0,0,0,0,0,0,0,0,1,1,200000,0,0,0,0,0,0,0,0,0
201101,17,027,2,3,Clinton County                ,5,5,875067,0,0,0,0,0,0,0,0,0,4,4,630000,0,0,0,0,0,0,0,0,0
201101,17,031,2,3,Cook County                   ,19,19,3884277,0,0,0,1,4,500000,2,336,58897032,15,15,3297973,0,0,0,1,4,500000,1,324,58000000
201101,17,037,2,3,DeKalb County                 ,0,0,0,0,0,0,0,0,0,0,0,0,0,0,0,0,0,0,0,0,0,0,0,0
201101,17,039,2,3,De Witt County                ,0,0,0,0,0,0,0,0,0,0,0,0,0,0,0,0,0,0,0,0,0,0,0,0
201101,17,043,2,3,DuPage County                 ,12,12,5028305,0,0,0,0,0,0,0,0,0,7,7,3253030,0,0,0,0,0,0,0,0,0
201101,17,063,2,3,Grundy County                 ,2,2,356000,0,0,0,0,0,0,1,5,256410,2,2,356000,0,0,0,0,0,0,0,0,0
201101,17,083,2,3,Jersey County                 ,0,0,0,0,0,0,0,0,0,1,5,289248,0,0,0,0,0,0,0,0,0,0,0,0
201101,17,089,2,3,Kane County                   ,23,23,4484424,0,0,0,0,0,0,0,0,0,22,22,4306312,0,0,0,0,0,0,0,0,0
201101,17,093,2,3,Kendall County                ,8,8,1377006,0,0,0,0,0,0,0,0,0,2,2,470000,0,0,0,0,0,0,0,0,0
201101,17,097,2,3,Lake County                   ,14,14,4440851,0,0,0,0,0,0,1,95,12963040,10,10,3563079,0,0,0,0,0,0,1,95,12963040
201101,17,111,2,3,McHenry County                ,9,9,1533453,0,0,0,0,0,0,0,0,0,5,5,946548,0,0,0,0,0,0,0,0,0
201101,17,117,2,3,Macoupin County               ,12,12,389564,0,0,0,0,0,0,0,0,0,11,11,190000,0,0,0,0,0,0,0,0,0
201101,17,119,2,3,Madison County                ,10,10,2511610,0,0,0,0,0,0,0,0,0,4,4,1040588,0,0,0,0,0,0,0,0,0
201101,17,133,2,3,Monroe County                 ,4,4,769165,0,0,0,0,0,0,0,0,0,4,4,769165,0,0,0,0,0,0,0,0,0
201101,17,163,2,3,St. Clair County              ,26,26,4822121,0,0,0,0,0,0,0,0,0,17,17,3151784,0,0,0,0,0,0,0,0,0
201101,17,197,2,3,Will County                   ,14,14,3764674,0,0,0,0,0,0,0,0,0,11,11,3062279,0,0,0,0,0,0,0,0,0
201101,18,001,2,3,Adams County                  ,0,0,0,0,0,0,0,0,0,0,0,0,0,0,0,0,0,0,0,0,0,0,0,0
201101,18,003,2,3,Allen County                  ,32,32,6197290,0,0,0,0,0,0,0,0,0,32,32,6197290,0,0,0,0,0,0,0,0,0
201101,18,011,2,3,Boone County                  ,18,18,3189724,0,0,0,0,0,0,0,0,0,18,18,3189724,0,0,0,0,0,0,0,0,0
201101,18,013,2,3,Brown County                  ,7,7,1355657,0,0,0,0,0,0,0,0,0,7,7,1355657,0,0,0,0,0,0,0,0,0
201101,18,019,2,3,Clark County                  ,7,7,960996,0,0,0,0,0,0,0,0,0,7,7,960996,0,0,0,0,0,0,0,0,0
201101,18,029,2,3,Dearborn County               ,0,0,0,0,0,0,0,0,0,0,0,0,0,0,0,0,0,0,0,0,0,0,0,0
201101,18,043,2,3,Floyd County                  ,3,3,630371,0,0,0,0,0,0,0,0,0,2,2,485000,0,0,0,0,0,0,0,0,0
201101,18,047,2,3,Franklin County               ,1,1,185000,0,0,0,0,0,0,0,0,0,1,1,185000,0,0,0,0,0,0,0,0,0
201101,18,049,2,3,Fulton County                 ,0,0,0,0,0,0,0,0,0,0,0,0,0,0,0,0,0,0,0,0,0,0,0,0
201101,18,057,2,3,Hamilton County               ,86,86,17704915,0,0,0,0,0,0,2,12,990142,86,86,17704915,0,0,0,0,0,0,2,12,990142
201101,18,059,2,3,Hancock County                ,2,2,215000,0,0,0,0,0,0,0,0,0,2,2,215000,0,0,0,0,0,0,0,0,0
201101,18,061,2,3,Harrison County               ,0,0,0,0,0,0,0,0,0,0,0,0,0,0,0,0,0,0,0,0,0,0,0,0
201101,18,063,2,3,Hendricks County              ,24,24,4779509,0,0,0,0,0,0,0,0,0,24,24,4779509,0,0,0,0,0,0,0,0,0
201101,18,065,2,3,Henry County                  ,0,0,0,0,0,0,0,0,0,0,0,0,0,0,0,0,0,0,0,0,0,0,0,0
201101,18,069,2,3,Huntington County             ,1,1,202000,0,0,0,0,0,0,0,0,0,1,1,202000,0,0,0,0,0,0,0,0,0
201101,18,073,2,3,Jasper County                 ,0,0,0,0,0,0,0,0,0,0,0,0,0,0,0,0,0,0,0,0,0,0,0,0
201101,18,079,2,3,Jennings County               ,2,2,219000,0,0,0,0,0,0,0,0,0,2,2,219000,0,0,0,0,0,0,0,0,0
201101,18,081,2,3,Johnson County                ,13,13,2237081,0,0,0,0,0,0,0,0,0,9,9,1641000,0,0,0,0,0,0,0,0,0
201101,18,087,2,3,Lagrange County               ,1,1,90000,0,0,0,0,0,0,0,0,0,1,1,90000,0,0,0,0,0,0,0,0,0
201101,18,089,2,3,Lake County                   ,10,10,2807728,1,2,183222,0,0,0,0,0,0,9,9,2678247,0,0,0,0,0,0,0,0,0
201101,18,097,2,3,Marion County                 ,22,22,3557676,1,2,150303,0,0,0,19,258,16646958,22,22,3557676,1,2,150303,0,0,0,19,258,16646958
201101,18,105,2,3,Monroe County                 ,6,6,961052,0,0,0,0,0,0,0,0,0,6,6,961052,0,0,0,0,0,0,0,0,0
201101,18,109,2,3,Morgan County                 ,3,3,478600,0,0,0,0,0,0,0,0,0,3,3,478600,0,0,0,0,0,0,0,0,0
201101,18,111,2,3,Newton County                 ,1,1,170782,0,0,0,0,0,0,0,0,0,0,0,0,0,0,0,0,0,0,0,0,0
201101,18,115,2,3,Ohio County                   ,0,0,0,0,0,0,0,0,0,0,0,0,0,0,0,0,0,0,0,0,0,0,0,0
201101,18,125,2,3,Pike County                   ,2,2,322000,0,0,0,0,0,0,0,0,0,2,2,322000,0,0,0,0,0,0,0,0,0
201101,18,127,2,3,Porter County                 ,5,5,1075672,0,0,0,0,0,0,0,0,0,4,4,939353,0,0,0,0,0,0,0,0,0
201101,18,133,2,3,Putnam County                 ,1,1,170000,0,0,0,0,0,0,0,0,0,1,1,170000,0,0,0,0,0,0,0,0,0
201101,18,145,2,3,Shelby County                 ,2,2,342500,0,0,0,0,0,0,0,0,0,2,2,342500,0,0,0,0,0,0,0,0,0
201101,18,155,2,3,Switzerland County            ,2,2,116532,0,0,0,0,0,0,0,0,0,0,0,0,0,0,0,0,0,0,0,0,0
201101,18,157,2,3,Tippecanoe County             ,8,8,1730992,0,0,0,0,0,0,0,0,0,8,8,1730992,0,0,0,0,0,0,0,0,0
201101,18,163,2,3,Vanderburgh County            ,10,10,1078000,1,2,35000,0,0,0,0,0,0,10,10,1078000,1,2,35000,0,0,0,0,0,0
201101,18,167,2,3,Vigo County                   ,3,3,415439,0,0,0,0,0,0,0,0,0,2,2,320351,0,0,0,0,0,0,0,0,0
201101,18,175,2,3,Washington County             ,2,2,274727,0,0,0,0,0,0,0,0,0,0,0,0,0,0,0,0,0,0,0,0,0
201101,18,179,2,3,Wells County                  ,0,0,0,0,0,0,0,0,0,0,0,0,0,0,0,0,0,0,0,0,0,0,0,0
201101,18,181,2,3,White County                  ,0,0,0,0,0,0,0,0,0,0,0,0,0,0,0,0,0,0,0,0,0,0,0,0
201101,18,183,2,3,Whitley County                ,2,2,563500,0,0,0,0,0,0,0,0,0,2,2,563500,0,0,0,0,0,0,0,0,0
201101,19,049,2,4,Dallas County                 ,7,7,1355657,0,0,0,0,0,0,0,0,0,7,7,1355657,0,0,0,0,0,0,0,0,0
201101,19,077,2,4,Guthrie County                ,1,1,201909,0,0,0,0,0,0,0,0,0,0,0,0,0,0,0,0,0,0,0,0,0
201101,19,085,2,4,Harrison County               ,0,0,0,0,0,0,0,0,0,0,0,0,0,0,0,0,0,0,0,0,0,0,0,0
201101,19,121,2,4,Madison County                ,1,1,200047,0,0,0,0,0,0,0,0,0,0,0,0,0,0,0,0,0,0,0,0,0
201101,19,129,2,4,Mills County                  ,0,0,0,0,0,0,0,0,0,0,0,0,0,0,0,0,0,0,0,0,0,0,0,0
201101,19,153,2,4,Polk County                   ,31,31,6784757,0,0,0,0,0,0,0,0,0,31,31,6784757,0,0,0,0,0,0,0,0,0
201101,19,155,2,4,Pottawattamie County          ,5,5,1093987,0,0,0,0,0,0,0,0,0,5,5,1093987,0,0,0,0,0,0,0,0,0
201101,19,181,2,4,Warren County                 ,3,3,619071,0,0,0,0,0,0,0,0,0,0,0,0,0,0,0,0,0,0,0,0,0
201101,20,055,2,4,Finney County                 ,0,0,0,0,0,0,0,0,0,0,0,0,0,0,0,0,0,0,0,0,0,0,0,0
201101,20,059,2,4,Franklin County               ,0,0,0,0,0,0,0,0,0,0,0,0,0,0,0,0,0,0,0,0,0,0,0,0
201101,20,063,2,4,Gove County                   ,0,0,0,0,0,0,0,0,0,0,0,0,0,0,0,0,0,0,0,0,0,0,0,0
201101,20,091,2,4,Johnson County                ,35,35,9622264,0,0,0,1,3,402984,2,59,3372302,12,12,3987934,0,0,0,0,0,0,0,0,0
201101,20,103,2,4,Leavenworth County            ,4,4,657453,0,0,0,0,0,0,0,0,0,3,3,552009,0,0,0,0,0,0,0,0,0
201101,20,107,2,4,Linn County                   ,0,0,0,0,0,0,0,0,0,0,0,0,0,0,0,0,0,0,0,0,0,0,0,0
201101,20,121,2,4,Miami County                  ,1,1,202710,0,0,0,0,0,0,0,0,0,0,0,0,0,0,0,0,0,0,0,0,0
201101,20,129,2,4,Morton County                 ,0,0,0,0,0,0,0,0,0,0,0,0,0,0,0,0,0,0,0,0,0,0,0,0
201101,20,151,2,4,Pratt County                  ,0,0,0,0,0,0,0,0,0,0,0,0,0,0,0,0,0,0,0,0,0,0,0,0
201101,20,183,2,4,Smith County                  ,0,0,0,0,0,0,0,0,0,0,0,0,0,0,0,0,0,0,0,0,0,0,0,0
201101,20,209,2,4,Wyandotte County              ,1,1,157667,0,0,0,0,0,0,0,0,0,0,0,0,0,0,0,0,0,0,0,0,0
201101,21,005,3,6,Anderson County               ,1,1,97920,0,0,0,0,0,0,0,0,0,1,1,97920,0,0,0,0,0,0,0,0,0
201101,21,015,3,6,Boone County                  ,21,21,3921331,0,0,0,0,0,0,0,0,0,21,21,3921331,0,0,0,0,0,0,0,0,0
201101,21,021,3,6,Boyle County                  ,0,0,0,0,0,0,0,0,0,0,0,0,0,0,0,0,0,0,0,0,0,0,0,0
201101,21,029,3,6,Bullitt County                ,12,12,1324850,0,0,0,0,0,0,0,0,0,12,12,1324850,0,0,0,0,0,0,0,0,0
201101,21,037,3,6,Campbell County               ,6,6,956160,0,0,0,0,0,0,0,0,0,6,6,956160,0,0,0,0,0,0,0,0,0
201101,21,049,3,6,Clark County                  ,3,3,594717,0,0,0,0,0,0,0,0,0,0,0,0,0,0,0,0,0,0,0,0,0
201101,21,053,3,6,Clinton County                ,0,0,0,0,0,0,0,0,0,0,0,0,0,0,0,0,0,0,0,0,0,0,0,0
201101,21,059,3,6,Daviess County                ,16,16,1083063,0,0,0,0,0,0,0,0,0,16,16,1083063,0,0,0,0,0,0,0,0,0
201101,21,067,3,6,Fayette County                ,50,50,6087405,0,0,0,0,0,0,1,25,1397829,0,0,0,0,0,0,0,0,0,0,0,0
201101,21,077,3,6,Gallatin County               ,1,1,89440,0,0,0,0,0,0,0,0,0,1,1,89440,0,0,0,0,0,0,0,0,0
201101,21,081,3,6,Grant County                  ,1,1,162000,0,0,0,0,0,0,0,0,0,1,1,162000,0,0,0,0,0,0,0,0,0
201101,21,103,3,6,Henry County                  ,0,0,0,0,0,0,0,0,0,0,0,0,0,0,0,0,0,0,0,0,0,0,0,0
201101,21,111,3,6,Jefferson County              ,32,32,7937933,0,0,0,0,0,0,1,28,1290000,32,32,7937933,0,0,0,0,0,0,1,28,1290000
201101,21,113,3,6,Jessamine County              ,4,4,1085114,0,0,0,0,0,0,0,0,0,1,1,60000,0,0,0,0,0,0,0,0,0
201101,21,117,3,6,Kenton County                 ,9,9,961015,0,0,0,0,0,0,2,32,2000000,9,9,961015,0,0,0,0,0,0,2,32,2000000
201101,21,137,3,6,Lincoln County                ,0,0,0,0,0,0,0,0,0,0,0,0,0,0,0,0,0,0,0,0,0,0,0,0
201101,21,151,3,6,Madison County                ,5,5,436280,1,2,129492,0,0,0,1,5,168572,0,0,0,0,0,0,0,0,0,0,0,0
201101,21,157,3,6,Marshall County               ,1,1,177113,0,0,0,0,0,0,0,0,0,0,0,0,0,0,0,0,0,0,0,0,0
201101,21,163,3,6,Meade County                  ,7,7,1153552,0,0,0,0,0,0,0,0,0,6,6,1028000,0,0,0,0,0,0,0,0,0
201101,21,167,3,6,Mercer County                 ,3,3,507750,0,0,0,0,0,0,0,0,0,0,0,0,0,0,0,0,0,0,0,0,0
201101,21,179,3,6,Nelson County                 ,2,2,215000,0,0,0,0,0,0,0,0,0,2,2,215000,0,0,0,0,0,0,0,0,0
201101,21,185,3,6,Oldham County                 ,8,8,1743880,0,0,0,0,0,0,0,0,0,0,0,0,0,0,0,0,0,0,0,0,0
201101,21,191,3,6,Pendleton County              ,0,0,0,0,0,0,0,0,0,0,0,0,0,0,0,0,0,0,0,0,0,0,0,0
201101,21,205,3,6,Rowan County                  ,0,0,0,0,0,0,0,0,0,0,0,0,0,0,0,0,0,0,0,0,0,0,0,0
201101,21,209,3,6,Scott County                  ,17,17,2068408,0,0,0,0,0,0,0,0,0,0,0,0,0,0,0,0,0,0,0,0,0
201101,21,211,3,6,Shelby County                 ,1,1,500000,0,0,0,0,0,0,0,0,0,1,1,500000,0,0,0,0,0,0,0,0,0
201101,21,213,3,6,Simpson County                ,6,6,660000,0,0,0,0,0,0,0,0,0,6,6,660000,0,0,0,0,0,0,0,0,0
201101,21,215,3,6,Spencer County                ,1,1,173540,0,0,0,0,0,0,0,0,0,1,1,173540,0,0,0,0,0,0,0,0,0
201101,21,221,3,6,Trigg County                  ,2,2,144000,0,0,0,0,0,0,0,0,0,2,2,144000,0,0,0,0,0,0,0,0,0
201101,21,239,3,6,Woodford County               ,2,2,210000,0,0,0,0,0,0,0,0,0,2,2,210000,0,0,0,0,0,0,0,0,0
201101,22,009,3,7,Avoyelles Parish              ,3,3,348317,0,0,0,0,0,0,0,0,0,0,0,0,0,0,0,0,0,0,0,0,0
201101,22,017,3,7,Caddo Parish                  ,23,23,7312763,0,0,0,0,0,0,0,0,0,23,23,7312763,0,0,0,0,0,0,0,0,0
201101,22,039,3,7,Evangeline Parish             ,4,4,774933,0,0,0,0,0,0,0,0,0,0,0,0,0,0,0,0,0,0,0,0,0
201101,22,051,3,7,Jefferson Parish              ,13,13,3891524,0,0,0,0,0,0,0,0,0,13,13,3891524,0,0,0,0,0,0,0,0,0
201101,22,071,3,7,Orleans Parish                ,44,44,8534790,5,10,800400,0,0,0,0,0,0,44,44,8534790,5,10,800400,0,0,0,0,0,0
201101,22,075,3,7,Plaquemines Parish            ,4,4,454320,0,0,0,0,0,0,0,0,0,4,4,454320,0,0,0,0,0,0,0,0,0
201101,22,077,3,7,Pointe Coupee Parish          ,4,4,555355,0,0,0,0,0,0,0,0,0,4,4,555355,0,0,0,0,0,0,0,0,0
201101,22,087,3,7,St. Bernard Parish            ,2,2,248425,0,0,0,0,0,0,0,0,0,0,0,0,0,0,0,0,0,0,0,0,0
201101,22,089,3,7,St. Charles Parish            ,7,7,1206796,0,0,0,0,0,0,0,0,0,0,0,0,0,0,0,0,0,0,0,0,0
201101,22,091,3,7,St. Helena Parish             ,2,2,385252,0,0,0,0,0,0,0,0,0,0,0,0,0,0,0,0,0,0,0,0,0
201101,22,095,3,7,St. John the Baptist Parish   ,6,6,935476,0,0,0,0,0,0,0,0,0,0,0,0,0,0,0,0,0,0,0,0,0
201101,22,103,3,7,St. Tammany Parish            ,55,55,15185196,0,0,0,0,0,0,0,0,0,54,54,14994167,0,0,0,0,0,0,0,0,0
201101,22,109,3,7,Terrebonne Parish             ,12,12,3660250,0,0,0,0,0,0,0,0,0,12,12,3660250,0,0,0,0,0,0,0,0,0
201101,22,117,3,7,Washington Parish             ,2,2,400000,0,0,0,0,0,0,0,0,0,2,2,400000,0,0,0,0,0,0,0,0,0
201101,23,000,1,1,Maine Unorganized Territory   ,5,5,664001,0,0,0,0,0,0,0,0,0,0,0,0,0,0,0,0,0,0,0,0,0
201101,24,003,3,5,Anne Arundel County           ,94,94,16461875,0,0,0,1,3,268595,0,0,0,93,93,16139239,0,0,0,0,0,0,0,0,0
201101,24,005,3,5,Baltimore County              ,98,98,17006940,0,0,0,0,0,0,0,0,0,98,98,17006940,0,0,0,0,0,0,0,0,0
201101,24,009,3,5,Calvert County                ,19,19,3297264,0,0,0,0,0,0,0,0,0,19,19,3297264,0,0,0,0,0,0,0,0,0
201101,24,013,3,5,Carroll County                ,8,8,1388322,0,0,0,0,0,0,0,0,0,8,8,1388322,0,0,0,0,0,0,0,0,0
201101,24,015,3,5,Cecil County                  ,14,14,1946700,0,0,0,0,0,0,0,0,0,0,0,0,0,0,0,0,0,0,0,0,0
201101,24,017,3,5,Charles County                ,62,62,14586552,0,0,0,0,0,0,0,0,0,62,62,14586552,0,0,0,0,0,0,0,0,0
201101,24,021,3,5,Frederick County              ,43,43,8305164,0,0,0,0,0,0,1,7,828231,4,4,636947,0,0,0,0,0,0,0,0,0
201101,24,023,3,5,Garrett County                ,11,11,2544601,0,0,0,0,0,0,0,0,0,0,0,0,0,0,0,0,0,0,0,0,0
201101,24,025,3,5,Harford County                ,24,24,4767884,0,0,0,0,0,0,0,0,0,24,24,4767884,0,0,0,0,0,0,0,0,0
201101,24,027,3,5,Howard County                 ,58,58,12570689,0,0,0,0,0,0,1,44,21815263,0,0,0,0,0,0,0,0,0,0,0,0
201101,24,031,3,5,Montgomery County             ,58,58,11477029,0,0,0,0,0,0,0,0,0,53,53,10652640,0,0,0,0,0,0,0,0,0
201101,24,033,3,5,Prince George County          ,59,59,7205000,0,0,0,0,0,0,0,0,0,59,59,7205000,0,0,0,0,0,0,0,0,0
201101,24,035,3,5,Queen Anne County             ,15,15,2180000,0,0,0,0,0,0,0,0,0,15,15,2180000,0,0,0,0,0,0,0,0,0
201101,24,510,3,5,Baltimore (Independent City)  ,9,9,1006631,0,0,0,0,0,0,1,16,1899898,0,0,0,0,0,0,0,0,0,0,0,0
201101,25,009,1,1,Essex County                  ,25,25,6793895,0,0,0,1,4,862000,0,0,0,15,15,3876327,0,0,0,1,4,862000,0,0,0
201101,25,017,1,1,Middlesex County              ,72,72,17239129,0,0,0,2,7,885500,3,30,8818400,62,62,15322562,0,0,0,2,7,885500,1,20,7988323
201101,25,019,1,1,Nantucket County              ,5,5,3420000,0,0,0,0,0,0,0,0,0,5,5,3420000,0,0,0,0,0,0,0,0,0
201101,25,021,1,1,Norfolk County                ,34,34,10743047,0,0,58000,0,0,0,1,5,507382,28,28,8886585,0,0,58000,0,0,0,0,0,0
201101,25,023,1,1,Plymouth County               ,38,38,6758925,0,0,0,1,3,324864,2,11,1269358,26,26,4544918,0,0,0,1,3,324864,0,0,0
201101,25,025,1,1,Suffolk County                ,2,2,414229,1,2,182500,1,3,575515,1,7,650000,2,2,414229,0,0,0,0,0,0,1,7,650000
201101,26,000,2,3,Michigan Balance of State     ,0,0,0,0,0,0,0,0,0,0,0,0,0,0,0,0,0,0,0,0,0,0,0,0
201101,26,001,2,3,Alcona County                 ,0,0,0,0,0,0,0,0,0,0,0,0,0,0,0,0,0,0,0,0,0,0,0,0
201101,26,009,2,3,Antrim County                 ,1,1,105602,0,0,0,0,0,0,0,0,0,1,1,105602,0,0,0,0,0,0,0,0,0
201101,26,015,2,3,Barry County                  ,4,4,531221,0,0,0,0,0,0,0,0,0,1,1,190000,0,0,0,0,0,0,0,0,0
201101,26,019,2,3,Benzie County                 ,2,2,350555,0,0,0,0,0,0,0,0,0,2,2,350555,0,0,0,0,0,0,0,0,0
201101,26,029,2,3,Charlevoix County             ,1,1,187353,0,0,0,0,0,0,0,0,0,0,0,0,0,0,0,0,0,0,0,0,0
201101,26,031,2,3,Cheboygan County              ,2,2,115000,0,0,0,0,0,0,0,0,0,2,2,115000,0,0,0,0,0,0,0,0,0
201101,26,047,2,3,Emmet County                  ,1,1,748240,0,0,0,0,0,0,0,0,0,1,1,748240,0,0,0,0,0,0,0,0,0
201101,26,051,2,3,Gladwin County                ,1,1,160175,0,0,0,0,0,0,0,0,0,1,1,160175,0,0,0,0,0,0,0,0,0
201101,26,059,2,3,Hillsdale County              ,0,0,0,0,0,0,0,0,0,0,0,0,0,0,0,0,0,0,0,0,0,0,0,0
201101,26,067,2,3,Ionia County                  ,2,2,249821,0,0,0,0,0,0,0,0,0,0,0,0,0,0,0,0,0,0,0,0,0
201101,26,079,2,3,Kalkaska County               ,0,0,0,0,0,0,0,0,0,0,0,0,0,0,0,0,0,0,0,0,0,0,0,0
201101,26,081,2,3,Kent County                   ,31,31,5681637,0,0,0,0,0,0,0,0,0,28,28,5355665,0,0,0,0,0,0,0,0,0
201101,26,085,2,3,Lake County                   ,1,1,28745,0,0,0,0,0,0,0,0,0,0,0,0,0,0,0,0,0,0,0,0,0
201101,26,087,2,3,Lapeer County                 ,2,2,195000,0,0,0,0,0,0,0,0,0,1,1,95000,0,0,0,0,0,0,0,0,0
201101,26,089,2,3,Leelanau County               ,0,0,0,0,0,0,0,0,0,0,0,0,0,0,0,0,0,0,0,0,0,0,0,0
201101,26,093,2,3,Livingston County             ,8,8,1501140,0,0,0,0,0,0,0,0,0,7,7,1399071,0,0,0,0,0,0,0,0,0
201101,26,099,2,3,Macomb County                 ,32,32,7563909,0,0,0,0,0,0,0,0,0,32,32,7563909,0,0,0,0,0,0,0,0,0
201101,26,103,2,3,Marquette County              ,2,2,316000,0,0,0,0,0,0,0,0,0,2,2,316000,0,0,0,0,0,0,0,0,0
201101,26,113,2,3,Missaukee County              ,0,0,0,0,0,0,0,0,0,0,0,0,0,0,0,0,0,0,0,0,0,0,0,0
201101,26,123,2,3,Newaygo County                ,0,0,0,0,0,0,0,0,0,0,0,0,0,0,0,0,0,0,0,0,0,0,0,0
201101,26,125,2,3,Oakland County                ,69,69,16137319,0,0,0,0,0,0,0,0,0,66,66,15758350,0,0,0,0,0,0,0,0,0
201101,26,129,2,3,Ogemaw County                 ,2,2,320351,0,0,0,0,0,0,0,0,0,2,2,320351,0,0,0,0,0,0,0,0,0
201101,26,133,2,3,Osceola County                ,0,0,0,0,0,0,0,0,0,0,0,0,0,0,0,0,0,0,0,0,0,0,0,0
201101,26,137,2,3,Otsego County                 ,1,1,213251,0,0,0,0,0,0,0,0,0,0,0,0,0,0,0,0,0,0,0,0,0
201101,26,141,2,3,Presque Isle County           ,1,1,60000,0,0,0,0,0,0,0,0,0,1,1,60000,0,0,0,0,0,0,0,0,0
201101,26,147,2,3,St. Clair County              ,1,1,327000,0,0,0,0,0,0,0,0,0,1,1,327000,0,0,0,0,0,0,0,0,0
201101,26,163,2,3,Wayne County                  ,14,14,3080758,0,0,0,0,0,0,0,0,0,11,11,2770179,0,0,0,0,0,0,0,0,0
201101,27,003,2,4,Anoka County                  ,23,23,5547065,0,0,0,0,0,0,0,0,0,22,22,5314999,0,0,0,0,0,0,0,0,0
201101,27,019,2,4,Carver County                 ,12,12,3385408,0,0,0,0,0,0,0,0,0,12,12,3385408,0,0,0,0,0,0,0,0,0
201101,27,025,2,4,Chisago County                ,0,0,0,0,0,0,0,0,0,0,0,0,0,0,0,0,0,0,0,0,0,0,0,0
201101,27,037,2,4,Dakota County                 ,19,19,4931927,0,0,0,0,0,0,0,0,0,17,17,4203522,0,0,0,0,0,0,0,0,0
201101,27,053,2,4,Hennepin County               ,48,48,19573597,0,0,0,0,0,0,1,8,1084000,47,47,18059347,0,0,0,0,0,0,1,8,1084000
201101,27,059,2,4,Isanti County                 ,1,1,97500,0,0,0,0,0,0,0,0,0,0,0,0,0,0,0,0,0,0,0,0,0
201101,27,123,2,4,Ramsey County                 ,2,2,343665,0,0,0,0,0,0,0,0,0,2,2,343665,0,0,0,0,0,0,0,0,0
201101,27,139,2,4,Scott County                  ,18,18,5545028,0,0,0,0,0,0,0,0,0,18,18,5545028,0,0,0,0,0,0,0,0,0
201101,27,141,2,4,Sherburne County              ,2,2,517990,0,0,0,0,0,0,0,0,0,2,2,517990,0,0,0,0,0,0,0,0,0
201101,27,163,2,4,Washington County             ,25,25,5846580,0,0,0,0,0,0,0,0,0,25,25,5846580,0,0,0,0,0,0,0,0,0
201101,27,171,2,4,Wright County                 ,2,2,384023,0,0,0,0,0,0,0,0,0,2,2,384023,0,0,0,0,0,0,0,0,0
201101,28,021,3,6,Claiborne County              ,0,0,0,0,0,0,0,0,0,0,0,0,0,0,0,0,0,0,0,0,0,0,0,0
201101,28,033,3,6,DeSoto County                 ,27,27,4041692,0,0,0,0,0,0,0,0,0,20,20,2984819,0,0,0,0,0,0,0,0,0
201101,28,039,3,6,George County                 ,1,1,287000,0,0,0,0,0,0,0,0,0,1,1,287000,0,0,0,0,0,0,0,0,0
201101,28,071,3,6,Lafayette County              ,2,2,310000,0,0,0,0,0,0,0,0,0,2,2,310000,0,0,0,0,0,0,0,0,0
201101,28,091,3,6,Marion County                 ,0,0,0,0,0,0,0,0,0,0,0,0,0,0,0,0,0,0,0,0,0,0,0,0
201101,28,093,3,6,Marshall County               ,3,3,430000,0,0,0,0,0,0,0,0,0,3,3,430000,0,0,0,0,0,0,0,0,0
201101,28,137,3,6,Tate County                   ,3,3,268995,0,0,0,0,0,0,0,0,0,0,0,0,0,0,0,0,0,0,0,0,0
201101,28,143,3,6,Tunica County                 ,1,1,80321,0,0,0,0,0,0,0,0,0,0,0,0,0,0,0,0,0,0,0,0,0
201101,28,153,3,6,Wayne County                  ,0,0,0,0,0,0,0,0,0,0,0,0,0,0,0,0,0,0,0,0,0,0,0,0
201101,29,001,2,4,Adair County                  ,0,0,0,0,0,0,0,0,0,0,0,0,0,0,0,0,0,0,0,0,0,0,0,0
201101,29,013,2,4,Bates County                  ,0,0,0,0,0,0,0,0,0,0,0,0,0,0,0,0,0,0,0,0,0,0,0,0
201101,29,019,2,4,Boone County                  ,12,12,3066900,0,0,0,0,0,0,1,8,800000,12,12,3066900,0,0,0,0,0,0,1,8,800000
201101,29,025,2,4,Caldwell County               ,1,1,206339,0,0,0,0,0,0,0,0,0,0,0,0,0,0,0,0,0,0,0,0,0
201101,29,037,2,4,Cass County                   ,4,4,819938,0,0,0,0,0,0,0,0,0,3,3,699665,0,0,0,0,0,0,0,0,0
201101,29,047,2,4,Clay County                   ,1,1,225400,0,0,0,0,0,0,0,0,0,1,1,225400,0,0,0,0,0,0,0,0,0
201101,29,049,2,4,Clinton County                ,0,0,0,0,0,0,0,0,0,0,0,0,0,0,0,0,0,0,0,0,0,0,0,0
201101,29,051,2,4,Cole County                   ,7,7,1275332,0,0,0,0,0,0,1,5,595278,0,0,0,0,0,0,0,0,0,0,0,0
201101,29,065,2,4,Dent County                   ,0,0,0,0,0,0,0,0,0,0,0,0,0,0,0,0,0,0,0,0,0,0,0,0
201101,29,071,2,4,Franklin County               ,9,9,1714474,0,0,0,0,0,0,0,0,0,4,4,505688,0,0,0,0,0,0,0,0,0
201101,29,079,2,4,Grundy County                 ,0,0,0,0,0,0,0,0,0,0,0,0,0,0,0,0,0,0,0,0,0,0,0,0
201101,29,095,2,4,Jackson County                ,27,27,5561243,0,0,0,0,0,0,0,0,0,26,26,5434843,0,0,0,0,0,0,0,0,0
201101,29,099,2,4,Jefferson County              ,27,27,4195654,0,0,0,0,0,0,0,0,0,27,27,4195654,0,0,0,0,0,0,0,0,0
201101,29,105,2,4,Laclede County                ,1,1,222222,1,2,150000,0,0,0,0,0,0,0,0,0,0,0,0,0,0,0,0,0,0
201101,29,107,2,4,Lafayette County              ,1,1,205733,0,0,0,0,0,0,0,0,0,0,0,0,0,0,0,0,0,0,0,0,0
201101,29,113,2,4,Lincoln County                ,1,1,80000,0,0,0,0,0,0,0,0,0,1,1,80000,0,0,0,0,0,0,0,0,0
201101,29,141,2,4,Morgan County                 ,0,0,0,0,0,0,0,0,0,0,0,0,0,0,0,0,0,0,0,0,0,0,0,0
201101,29,161,2,4,Phelps County                 ,4,4,210800,0,0,0,1,4,270400,0,0,0,4,4,210800,0,0,0,1,4,270400,0,0,0
201101,29,165,2,4,Platte County                 ,2,2,563279,0,0,0,0,0,0,0,0,0,2,2,563279,0,0,0,0,0,0,0,0,0
201101,29,177,2,4,Ray County                    ,0,0,0,0,0,0,0,0,0,0,0,0,0,0,0,0,0,0,0,0,0,0,0,0
201101,29,183,2,4,St. Charles County            ,51,51,8834891,0,0,0,0,0,0,0,0,0,51,51,8834891,0,0,0,0,0,0,0,0,0
201101,29,189,2,4,St. Louis County              ,21,21,8030349,0,0,0,14,42,8331504,0,0,0,20,20,7872870,0,0,0,14,42,8331504,0,0,0
201101,29,219,2,4,Warren County                 ,3,3,401665,0,0,0,0,0,0,0,0,0,3,3,401665,0,0,0,0,0,0,0,0,0
201101,29,221,2,4,Washington County             ,0,0,0,0,0,0,0,0,0,0,0,0,0,0,0,0,0,0,0,0,0,0,0,0
201101,29,510,2,4,St. Louis (Independent City)  ,1,1,100000,0,0,0,0,0,0,0,0,0,1,1,100000,0,0,0,0,0,0,0,0,0
201101,30,023,4,8,Deer Lodge County             ,0,0,0,0,0,0,0,0,0,0,0,0,0,0,0,0,0,0,0,0,0,0,0,0
201101,30,063,4,8,Missoula County               ,5,5,670421,0,0,0,1,3,68344,0,0,0,5,5,670421,0,0,0,1,3,68344,0,0,0
201101,31,025,2,4,Cass County                   ,1,1,94000,0,0,0,0,0,0,0,0,0,1,1,94000,0,0,0,0,0,0,0,0,0
201101,31,033,2,4,Cheyenne County               ,0,0,0,0,0,0,0,0,0,0,0,0,0,0,0,0,0,0,0,0,0,0,0,0
201101,31,055,2,4,Douglas County                ,51,51,7232532,0,0,0,0,0,0,0,0,0,48,48,6865772,0,0,0,0,0,0,0,0,0
201101,31,077,2,4,Greeley County                ,0,0,0,0,0,0,0,0,0,0,0,0,0,0,0,0,0,0,0,0,0,0,0,0
201101,31,105,2,4,Kimball County                ,0,0,0,0,0,0,0,0,0,0,0,0,0,0,0,0,0,0,0,0,0,0,0,0
201101,31,153,2,4,Sarpy County                  ,33,33,6995834,0,0,0,0,0,0,0,0,0,30,30,6521974,0,0,0,0,0,0,0,0,0
201101,31,155,2,4,Saunders County               ,0,0,0,0,0,0,0,0,0,0,0,0,0,0,0,0,0,0,0,0,0,0,0,0
201101,31,177,2,4,Washington County             ,1,1,161872,0,0,0,0,0,0,0,0,0,1,1,161872,0,0,0,0,0,0,0,0,0
201101,32,001,4,8,Churchill County              ,0,0,0,0,0,0,0,0,0,0,0,0,0,0,0,0,0,0,0,0,0,0,0,0
201101,32,003,4,8,Clark County                  ,228,228,33449436,0,0,0,2,6,521920,6,338,17301837,228,228,33449436,0,0,0,2,6,521920,6,338,17301837
201101,32,005,4,8,Douglas County                ,0,0,0,0,0,0,0,0,0,0,0,0,0,0,0,0,0,0,0,0,0,0,0,0
201101,32,007,4,8,Elko County                   ,11,11,1296386,0,0,0,0,0,0,0,0,0,11,11,1296386,0,0,0,0,0,0,0,0,0
201101,32,013,4,8,Humboldt County               ,1,1,116764,1,2,181434,0,0,0,0,0,0,1,1,116764,1,2,181434,0,0,0,0,0,0
201101,32,015,4,8,Lander County                 ,0,0,0,0,0,0,0,0,0,0,0,0,0,0,0,0,0,0,0,0,0,0,0,0
201101,32,017,4,8,Lincoln County                ,1,1,176741,0,0,0,0,0,0,0,0,0,0,0,0,0,0,0,0,0,0,0,0,0
201101,32,019,4,8,Lyon County                   ,5,5,1076868,0,0,0,0,0,0,0,0,0,5,5,1076868,0,0,0,0,0,0,0,0,0
201101,32,021,4,8,Mineral County                ,0,0,0,0,0,0,0,0,0,0,0,0,0,0,0,0,0,0,0,0,0,0,0,0
201101,32,027,4,8,Pershing County               ,0,0,0,0,0,0,0,0,0,0,0,0,0,0,0,0,0,0,0,0,0,0,0,0
201101,32,029,4,8,Storey County                 ,1,1,158821,0,0,0,0,0,0,0,0,0,0,0,0,0,0,0,0,0,0,0,0,0
201101,32,031,4,8,Washoe County                 ,50,50,10199987,0,0,0,0,0,0,0,0,0,50,50,10199987,0,0,0,0,0,0,0,0,0
201101,32,033,4,8,White Pine County             ,0,0,0,0,0,0,0,0,0,0,0,0,0,0,0,0,0,0,0,0,0,0,0,0
201101,32,510,4,8,Carson City (Independent City),0,0,0,0,0,0,0,0,0,0,0,0,0,0,0,0,0,0,0,0,0,0,0,0
201101,33,015,1,1,Rockingham County             ,15,15,3540755,0,0,0,1,3,0,0,0,0,8,8,1881403,0,0,0,0,0,0,0,0,0
201101,33,017,1,1,Strafford County              ,12,12,2229607,0,0,0,1,3,675000,0,0,0,5,5,774340,0,0,0,0,0,0,0,0,0
201101,34,001,1,2,Atlantic County               ,32,32,5623069,0,0,0,1,3,18214,0,0,0,20,20,4155159,0,0,0,0,0,0,0,0,0
201101,34,003,1,2,Bergen County                 ,32,32,13797436,6,12,1602121,1,3,353000,2,10,1995262,10,10,6240352,1,2,450000,0,0,0,0,0,0
201101,34,005,1,2,Burlington County             ,41,41,6004396,0,0,0,0,0,0,3,16,1235588,25,25,3063077,0,0,0,0,0,0,0,0,0
201101,34,007,1,2,Camden County                 ,19,19,2924730,0,0,0,1,3,457370,1,7,806944,8,8,1440750,0,0,0,0,0,0,0,0,0
201101,34,009,1,2,Cape May County               ,34,34,7933577,7,14,2477000,0,0,0,0,0,0,33,33,7730655,7,14,2477000,0,0,0,0,0,0
201101,34,011,1,2,Cumberland County             ,17,17,1426144,0,0,0,0,0,0,0,0,0,14,14,1050661,0,0,0,0,0,0,0,0,0
201101,34,013,1,2,Essex County                  ,10,10,3453894,0,0,0,5,17,19547000,1,56,11730000,5,5,2738000,0,0,0,5,17,19547000,1,56,11730000
201101,34,015,1,2,Gloucester County             ,36,36,5352953,0,0,0,0,0,0,0,0,0,29,29,3924022,0,0,0,0,0,0,0,0,0
201101,34,017,1,2,Hudson County                 ,4,4,526565,4,8,752491,0,0,0,4,171,3990855,0,0,0,2,4,333000,0,0,0,1,155,1200000
201101,34,019,1,2,Hunterdon County              ,18,18,2624916,0,0,0,0,0,0,1,5,487240,8,8,1209629,0,0,0,0,0,0,0,0,0
201101,34,021,1,2,Mercer County                 ,4,4,1119447,0,0,0,0,0,0,11,55,44425,3,3,548201,0,0,0,0,0,0,11,55,44425
201101,34,023,1,2,Middlesex County              ,38,38,5212792,0,0,0,1,3,204675,1,5,594049,30,30,4218081,0,0,0,0,0,0,0,0,0
201101,34,025,1,2,Monmouth County               ,39,39,7403697,0,0,0,0,0,0,1,8,951504,24,24,5185362,0,0,0,0,0,0,1,8,951504
201101,34,027,1,2,Morris County                 ,25,25,5525265,0,0,0,0,0,0,0,0,0,8,8,1223563,0,0,0,0,0,0,0,0,0
201101,34,029,1,2,Ocean County                  ,70,70,17462149,0,0,0,0,0,0,0,0,950,65,65,16676861,0,0,0,0,0,0,0,0,950
201101,34,031,1,2,Passaic County                ,15,15,2773907,2,4,200145,0,0,0,1,5,22794,9,9,1767076,0,0,0,0,0,0,0,0,0
201101,34,033,1,2,Salem County                  ,2,2,170625,0,0,0,0,0,0,1,5,242424,1,1,70000,0,0,0,0,0,0,0,0,0
201101,34,035,1,2,Somerset County               ,20,20,4121860,0,0,0,0,0,0,2,10,748826,17,17,3754150,0,0,0,0,0,0,0,0,0
201101,34,037,1,2,Sussex County                 ,10,10,2300253,0,0,0,0,0,0,0,0,0,3,3,1058201,0,0,0,0,0,0,0,0,0
201101,34,039,1,2,Union County                  ,14,14,2464968,1,2,179500,0,0,0,2,11,530664,4,4,524201,1,2,179500,0,0,0,0,0,0
201101,34,041,1,2,Warren County                 ,9,9,1245428,0,0,0,0,0,0,0,0,0,3,3,234430,0,0,0,0,0,0,0,0,0
201101,35,000,4,8,New Mexico Balance of State   ,49,49,7765570,0,0,0,0,0,0,0,0,0,49,49,7765570,0,0,0,0,0,0,0,0,0
201101,35,001,4,8,Bernalillo County             ,51,51,9128707,0,0,0,0,0,0,1,9,699465,1,1,233748,0,0,0,0,0,0,0,0,0
201101,35,005,4,8,Chaves County                 ,5,5,3423000,0,0,0,0,0,0,0,0,0,5,5,3423000,0,0,0,0,0,0,0,0,0
201101,35,007,4,8,Colfax County                 ,0,0,0,0,0,0,0,0,0,0,0,0,0,0,0,0,0,0,0,0,0,0,0,0
201101,35,009,4,8,Curry County                  ,5,5,1128591,0,0,0,0,0,0,0,0,0,5,5,1128591,0,0,0,0,0,0,0,0,0
201101,35,013,4,8,Dona Ana County               ,42,42,7961260,0,0,0,0,0,0,0,0,0,28,28,5202014,0,0,0,0,0,0,0,0,0
201101,35,015,4,8,Eddy County                   ,8,8,1479931,0,0,0,0,0,0,0,0,0,8,8,1479931,0,0,0,0,0,0,0,0,0
201101,35,025,4,8,Lea County                    ,2,2,500000,0,0,0,0,0,0,0,0,0,2,2,500000,0,0,0,0,0,0,0,0,0
201101,35,027,4,8,Lincoln County                ,3,3,524820,0,0,0,0,0,0,0,0,0,0,0,0,0,0,0,0,0,0,0,0,0
201101,35,028,4,8,Los Alamos County             ,0,0,0,0,0,0,0,0,0,0,0,0,0,0,0,0,0,0,0,0,0,0,0,0
201101,35,029,4,8,Luna County                   ,2,2,366181,0,0,0,0,0,0,0,0,0,0,0,0,0,0,0,0,0,0,0,0,0
201101,35,031,4,8,McKinley County               ,0,0,0,0,0,0,0,0,0,0,0,0,0,0,0,0,0,0,0,0,0,0,0,0
201101,35,035,4,8,Otero County                  ,0,0,0,0,0,0,0,0,0,0,0,0,0,0,0,0,0,0,0,0,0,0,0,0
201101,35,039,4,8,Rio Arriba County             ,0,0,0,0,0,0,0,0,0,0,0,0,0,0,0,0,0,0,0,0,0,0,0,0
201101,35,041,4,8,Roosevelt County              ,2,2,298267,0,0,0,0,0,0,0,0,0,0,0,0,0,0,0,0,0,0,0,0,0
201101,35,043,4,8,Sandoval County               ,34,34,5870922,0,0,0,1,3,252773,0,0,0,0,0,0,0,0,0,0,0,0,0,0,0
201101,35,045,4,8,San Juan County               ,5,5,895272,0,0,0,0,0,0,0,0,0,5,5,895272,0,0,0,0,0,0,0,0,0
201101,35,049,4,8,Santa Fe County               ,7,7,933495,0,0,0,0,0,0,0,0,0,0,0,0,0,0,0,0,0,0,0,0,0
201101,35,051,4,8,Sierra County                 ,0,0,0,0,0,0,0,0,0,0,0,0,0,0,0,0,0,0,0,0,0,0,0,0
201101,35,053,4,8,Socorro County                ,0,0,0,0,0,0,0,0,0,0,0,0,0,0,0,0,0,0,0,0,0,0,0,0
201101,35,055,4,8,Taos County                   ,3,3,328968,0,0,0,0,0,0,0,0,0,0,0,0,0,0,0,0,0,0,0,0,0
201101,35,061,4,8,Valencia County               ,5,5,643231,0,0,0,0,0,0,0,0,0,0,0,0,0,0,0,0,0,0,0,0,0
201101,36,005,1,2,Bronx County                  ,0,0,0,1,2,209799,2,8,877694,1,85,9920605,0,0,0,1,2,209799,2,8,877694,1,85,9920605
201101,36,047,1,2,Kings County                  ,0,0,0,5,10,1048996,3,10,1097117,1,114,13305282,0,0,0,5,10,1048996,3,10,1097117,1,114,13305282
201101,36,059,1,2,Nassau County                 ,22,22,9349739,0,0,0,0,0,0,0,0,0,13,13,6908600,0,0,0,0,0,0,0,0,0
201101,36,061,1,2,New York County               ,0,0,0,0,0,0,0,0,0,2,21,2450973,0,0,0,0,0,0,0,0,0,2,21,2450973
201101,36,079,1,2,Putnam County                 ,0,0,0,0,0,0,0,0,0,0,0,0,0,0,0,0,0,0,0,0,0,0,0,0
201101,36,081,1,2,Queens County                 ,5,5,1059646,4,8,839197,2,6,658270,2,154,17973802,5,5,1059646,4,8,839197,2,6,658270,2,154,17973802
201101,36,085,1,2,Richmond County               ,8,8,1695434,17,34,3566586,0,0,0,0,0,0,8,8,1695434,17,34,3566586,0,0,0,0,0,0
201101,36,087,1,2,Rockland County               ,4,4,1044840,0,0,0,0,0,0,0,0,0,3,3,780000,0,0,0,0,0,0,0,0,0
201101,36,103,1,2,Suffolk County                ,42,42,19225757,0,0,0,0,0,0,0,0,0,24,24,15298733,0,0,0,0,0,0,0,0,0
201101,36,119,1,2,Westchester County            ,12,12,5948707,0,0,0,0,0,0,2,38,2945204,6,6,2714385,0,0,0,0,0,0,2,38,2945204
201101,37,003,3,5,Alexander County              ,8,8,868369,0,0,0,0,0,0,0,0,0,0,0,0,0,0,0,0,0,0,0,0,0
201101,37,007,3,5,Anson County                  ,1,1,325130,0,0,0,0,0,0,0,0,0,1,1,325130,0,0,0,0,0,0,0,0,0
201101,37,009,3,5,Ashe County                   ,4,4,603000,0,0,0,0,0,0,0,0,0,4,4,603000,0,0,0,0,0,0,0,0,0
201101,37,011,3,5,Avery County                  ,0,0,0,0,0,0,0,0,0,0,0,0,0,0,0,0,0,0,0,0,0,0,0,0
201101,37,019,3,5,Brunswick County              ,73,73,15591146,0,0,0,0,0,0,0,0,0,45,45,10499430,0,0,0,0,0,0,0,0,0
201101,37,025,3,5,Cabarrus County               ,36,36,5121779,0,0,0,0,0,0,0,0,0,36,36,5121779,0,0,0,0,0,0,0,0,0
201101,37,027,3,5,Caldwell County               ,4,4,810000,0,0,0,0,0,0,0,0,0,4,4,810000,0,0,0,0,0,0,0,0,0
201101,37,037,3,5,Chatham County                ,26,26,5435035,0,0,0,0,0,0,0,0,0,26,26,5435035,0,0,0,0,0,0,0,0,0
201101,37,039,3,5,Cherokee County               ,10,10,2064588,0,0,0,0,0,0,0,0,0,10,10,2064588,0,0,0,0,0,0,0,0,0
201101,37,049,3,5,Craven County                 ,21,21,2907669,0,0,0,0,0,0,0,0,0,8,8,1101306,0,0,0,0,0,0,0,0,0
201101,37,053,3,5,Currituck County              ,10,10,2120700,0,0,0,0,0,0,0,0,0,10,10,2120700,0,0,0,0,0,0,0,0,0
201101,37,059,3,5,Davie County                  ,3,3,240000,0,0,0,0,0,0,0,0,0,3,3,240000,0,0,0,0,0,0,0,0,0
201101,37,063,3,5,Durham County                 ,73,73,13890562,0,0,0,0,0,0,0,0,0,73,73,13890562,0,0,0,0,0,0,0,0,0
201101,37,067,3,5,Forsyth County                ,63,63,9698356,0,0,0,0,0,0,0,0,0,63,63,9698356,0,0,0,0,0,0,0,0,0
201101,37,069,3,5,Franklin County               ,11,11,1366530,0,0,0,0,0,0,0,0,0,11,11,1366530,0,0,0,0,0,0,0,0,0
201101,37,071,3,5,Gaston County                 ,25,25,5289353,0,0,0,0,0,0,0,0,0,25,25,5289353,0,0,0,0,0,0,0,0,0
201101,37,081,3,5,Guilford County               ,42,42,6340391,2,4,296360,0,0,0,2,30,1436496,31,31,4339840,2,4,296360,0,0,0,1,24,822000
201101,37,089,3,5,Henderson County              ,21,21,3960092,0,0,0,0,0,0,0,0,0,21,21,3960092,0,0,0,0,0,0,0,0,0
201101,37,093,3,5,Hoke County                   ,40,40,7022464,0,0,0,0,0,0,0,0,0,40,40,7022464,0,0,0,0,0,0,0,0,0
201101,37,097,3,5,Iredell County                ,39,39,6792640,0,0,0,0,0,0,0,0,0,0,0,0,0,0,0,0,0,0,0,0,0
201101,37,101,3,5,Johnston County               ,33,33,4999163,0,0,0,0,0,0,0,0,0,27,27,4188225,0,0,0,0,0,0,0,0,0
201101,37,105,3,5,Lee County                    ,5,5,1192460,0,0,0,0,0,0,0,0,0,5,5,1192460,0,0,0,0,0,0,0,0,0
201101,37,109,3,5,Lincoln County                ,12,12,2155689,1,2,107500,0,0,0,0,0,0,0,0,0,0,0,0,0,0,0,0,0,0
201101,37,113,3,5,Macon County                  ,4,4,467648,0,0,0,0,0,0,0,0,0,4,4,467648,0,0,0,0,0,0,0,0,0
201101,37,119,3,5,Mecklenburg County            ,86,86,15460555,0,0,0,0,0,0,3,130,10784308,0,0,0,0,0,0,0,0,0,0,0,0
201101,37,127,3,5,Nash County                   ,7,7,658017,0,0,0,0,0,0,0,0,0,3,3,411250,0,0,0,0,0,0,0,0,0
201101,37,129,3,5,New Hanover County            ,20,20,4643116,0,0,0,0,0,0,1,7,767677,0,0,0,0,0,0,0,0,0,0,0,0
201101,37,135,3,5,Orange County                 ,10,10,2633450,0,0,0,0,0,0,2,31,4067452,9,9,2240916,0,0,0,0,0,0,0,0,0
201101,37,137,3,5,Pamlico County                ,3,3,700069,0,0,0,0,0,0,0,0,0,0,0,0,0,0,0,0,0,0,0,0,0
201101,37,141,3,5,Pender County                 ,14,14,2300265,0,0,0,0,0,0,0,0,0,14,14,2300265,0,0,0,0,0,0,0,0,0
201101,37,145,3,5,Person County                 ,1,1,120916,0,0,0,0,0,0,0,0,0,1,1,120916,0,0,0,0,0,0,0,0,0
201101,37,147,3,5,Pitt County                   ,21,21,3348880,0,0,0,0,0,0,0,0,0,21,21,3348880,0,0,0,0,0,0,0,0,0
201101,37,149,3,5,Polk County                   ,0,0,0,0,0,0,0,0,0,0,0,0,0,0,0,0,0,0,0,0,0,0,0,0
201101,37,151,3,5,Randolph County               ,15,15,2651580,0,0,0,0,0,0,0,0,0,2,2,180000,0,0,0,0,0,0,0,0,0
201101,37,157,3,5,Rockingham County             ,6,6,1185774,0,0,0,0,0,0,0,0,0,6,6,1185774,0,0,0,0,0,0,0,0,0
201101,37,159,3,5,Rowan County                  ,11,11,2253300,0,0,0,0,0,0,0,0,0,11,11,2253300,0,0,0,0,0,0,0,0,0
201101,37,163,3,5,Sampson County                ,6,6,920000,0,0,0,0,0,0,0,0,0,6,6,920000,0,0,0,0,0,0,0,0,0
201101,37,167,3,5,Stanly County                 ,4,4,430000,0,0,0,0,0,0,0,0,0,4,4,430000,0,0,0,0,0,0,0,0,0
201101,37,171,3,5,Surry County                  ,3,3,365793,0,0,0,0,0,0,0,0,0,3,3,365793,0,0,0,0,0,0,0,0,0
201101,37,175,3,5,Transylvania County           ,4,4,1514000,0,0,0,0,0,0,0,0,0,4,4,1514000,0,0,0,0,0,0,0,0,0
201101,37,179,3,5,Union County                  ,42,42,7922406,0,0,0,0,0,0,0,0,0,42,42,7922406,0,0,0,0,0,0,0,0,0
201101,37,181,3,5,Vance County                  ,4,4,604933,0,0,0,0,0,0,0,0,0,4,4,604933,0,0,0,0,0,0,0,0,0
201101,37,183,3,5,Wake County                   ,227,227,53981026,0,0,0,0,0,0,1,20,3166000,227,227,53981026,0,0,0,0,0,0,1,20,3166000
201101,37,195,3,5,Wilson County                 ,6,6,1203269,0,0,0,0,0,0,0,0,0,6,6,1203269,0,0,0,0,0,0,0,0,0
201101,39,015,2,3,Brown County                  ,2,2,300000,0,0,0,0,0,0,0,0,0,2,2,300000,0,0,0,0,0,0,0,0,0
201101,39,017,2,3,Butler County                 ,23,23,4832649,0,0,0,0,0,0,0,0,0,20,20,4442891,0,0,0,0,0,0,0,0,0
201101,39,025,2,3,Clermont County               ,28,28,3704081,0,0,0,0,0,0,0,0,0,28,28,3704081,0,0,0,0,0,0,0,0,0
201101,39,035,2,3,Cuyahoga County               ,21,21,5663128,0,0,0,0,0,0,1,6,720000,12,12,4340262,0,0,0,0,0,0,1,6,720000
201101,39,041,2,3,Delaware County               ,38,38,8164646,0,0,0,0,0,0,0,0,0,38,38,8164646,0,0,0,0,0,0,0,0,0
201101,39,045,2,3,Fairfield County              ,8,8,1759033,0,0,0,0,0,0,0,0,0,6,6,1400264,0,0,0,0,0,0,0,0,0
201101,39,049,2,3,Franklin County               ,75,75,15816912,0,0,0,4,16,800000,12,72,2400000,74,74,15546375,0,0,0,4,16,800000,12,72,2400000
201101,39,055,2,3,Geauga County                 ,9,9,2165000,0,0,0,0,0,0,0,0,0,9,9,2165000,0,0,0,0,0,0,0,0,0
201101,39,061,2,3,Hamilton County               ,23,23,5170374,0,0,0,0,0,0,0,0,0,21,21,4169560,0,0,0,0,0,0,0,0,0
201101,39,085,2,3,Lake County                   ,12,12,2451116,0,0,0,0,0,0,0,0,0,6,6,985000,0,0,0,0,0,0,0,0,0
201101,39,089,2,3,Licking County                ,18,18,3630254,0,0,0,0,0,0,0,0,0,17,17,3424299,0,0,0,0,0,0,0,0,0
201101,39,093,2,3,Lorain County                 ,23,23,6267827,0,0,0,0,0,0,0,0,0,17,17,5061023,0,0,0,0,0,0,0,0,0
201101,39,097,2,3,Madison County                ,1,1,193665,0,0,0,0,0,0,0,0,0,1,1,193665,0,0,0,0,0,0,0,0,0
201101,39,103,2,3,Medina County                 ,24,24,4840849,0,0,0,0,0,0,0,0,0,24,24,4840849,0,0,0,0,0,0,0,0,0
201101,39,117,2,3,Morrow County                 ,2,2,345000,0,0,0,0,0,0,0,0,0,2,2,345000,0,0,0,0,0,0,0,0,0
201101,39,129,2,3,Pickaway County               ,0,0,0,0,0,0,0,0,0,0,0,0,0,0,0,0,0,0,0,0,0,0,0,0
201101,39,159,2,3,Union County                  ,6,6,1161992,0,0,0,0,0,0,0,0,0,6,6,1161992,0,0,0,0,0,0,0,0,0
201101,39,165,2,3,Warren County                 ,31,31,7501780,0,0,0,0,0,0,0,0,0,31,31,7501780,0,0,0,0,0,0,0,0,0
201101,39,169,2,3,Wayne County                  ,4,4,743000,0,0,0,0,0,0,0,0,0,4,4,743000,0,0,0,0,0,0,0,0,0
201101,40,017,3,7,Canadian County               ,12,12,1840544,0,0,0,0,0,0,0,0,0,9,9,1115880,0,0,0,0,0,0,0,0,0
201101,40,021,3,7,Cherokee County               ,2,2,338213,0,0,0,0,0,0,0,0,0,0,0,0,0,0,0,0,0,0,0,0,0
201101,40,027,3,7,Cleveland County              ,47,47,9392693,0,0,0,0,0,0,1,13,452679,25,25,5604400,0,0,0,0,0,0,0,0,0
201101,40,029,3,7,Coal County                   ,0,0,0,0,0,0,0,0,0,0,0,0,0,0,0,0,0,0,0,0,0,0,0,0
201101,40,037,3,7,Creek County                  ,9,9,1349614,0,0,0,0,0,0,0,0,0,5,5,725000,0,0,0,0,0,0,0,0,0
201101,40,051,3,7,Grady County                  ,6,6,1533900,0,0,0,0,0,0,0,0,0,6,6,1533900,0,0,0,0,0,0,0,0,0
201101,40,081,3,7,Lincoln County                ,0,0,0,0,0,0,0,0,0,0,0,0,0,0,0,0,0,0,0,0,0,0,0,0
201101,40,083,3,7,Logan County                  ,0,0,0,0,0,0,0,0,0,1,6,490382,0,0,0,0,0,0,0,0,0,1,6,490382
201101,40,087,3,7,McClain County                ,8,8,1220947,0,0,0,0,0,0,0,0,0,0,0,0,0,0,0,0,0,0,0,0,0
201101,40,099,3,7,Murray County                 ,0,0,0,0,0,0,0,0,0,0,0,0,0,0,0,0,0,0,0,0,0,0,0,0
201101,40,109,3,7,Oklahoma County               ,139,139,24555997,3,6,524335,0,0,0,1,5,285477,45,45,10324518,2,4,357600,0,0,0,0,0,0
201101,40,111,3,7,Okmulgee County               ,0,0,0,0,0,0,0,0,0,0,0,0,0,0,0,0,0,0,0,0,0,0,0,0
201101,40,113,3,7,Osage County                  ,4,4,569895,0,0,0,0,0,0,0,0,0,0,0,0,0,0,0,0,0,0,0,0,0
201101,40,117,3,7,Pawnee County                 ,0,0,0,0,0,0,0,0,0,0,0,0,0,0,0,0,0,0,0,0,0,0,0,0
201101,40,131,3,7,Rogers County                 ,14,14,2429563,0,0,0,0,0,0,0,0,0,14,14,2429563,0,0,0,0,0,0,0,0,0
201101,40,143,3,7,Tulsa County                  ,93,93,17997243,0,0,0,0,0,0,0,0,0,93,93,17997243,0,0,0,0,0,0,0,0,0
201101,40,145,3,7,Wagoner County                ,8,8,1211300,0,0,0,0,0,0,0,0,0,8,8,1211300,0,0,0,0,0,0,0,0,0
201101,41,000,4,9,Oregon Balance of State       ,4,4,546593,0,0,0,0,0,0,0,0,0,0,0,0,0,0,0,0,0,0,0,0,0
201101,41,001,4,9,Baker County                  ,0,0,0,0,0,0,0,0,0,0,0,0,0,0,0,0,0,0,0,0,0,0,0,0
201101,41,005,4,9,Clackamas County              ,54,54,12483536,0,0,0,0,0,0,0,0,0,45,45,9941120,0,0,0,0,0,0,0,0,0
201101,41,009,4,9,Columbia County               ,5,5,736188,0,0,0,0,0,0,0,0,0,3,3,334445,0,0,0,0,0,0,0,0,0
201101,41,017,4,9,Deschutes County              ,36,36,7945339,0,0,0,0,0,0,0,0,0,36,36,7945339,0,0,0,0,0,0,0,0,0
201101,41,019,4,9,Douglas County                ,4,4,969087,0,0,0,0,0,0,0,0,0,4,4,969087,0,0,0,0,0,0,0,0,0
201101,41,025,4,9,Harney County                 ,0,0,0,0,0,0,0,0,0,0,0,0,0,0,0,0,0,0,0,0,0,0,0,0
201101,41,033,4,9,Josephine County              ,2,2,456492,0,0,0,0,0,0,0,0,0,2,2,456492,0,0,0,0,0,0,0,0,0
201101,41,035,4,9,Klamath County                ,1,1,174385,0,0,0,0,0,0,0,0,0,1,1,174385,0,0,0,0,0,0,0,0,0
201101,41,045,4,9,Malheur County                ,2,2,496360,0,0,0,0,0,0,0,0,0,2,2,496360,0,0,0,0,0,0,0,0,0
201101,41,051,4,9,Multnomah County              ,29,29,6318505,1,2,344392,0,0,0,1,7,842920,24,24,5280286,1,2,344392,0,0,0,0,0,0
201101,41,057,4,9,Tillamook County              ,8,8,2397889,1,2,199666,0,0,0,0,0,0,8,8,2397889,1,2,199666,0,0,0,0,0,0
201101,41,059,4,9,Umatilla County               ,0,0,0,0,0,0,0,0,0,0,0,0,0,0,0,0,0,0,0,0,0,0,0,0
201101,41,061,4,9,Union County                  ,0,0,0,0,0,0,0,0,0,0,0,0,0,0,0,0,0,0,0,0,0,0,0,0
201101,41,067,4,9,Washington County             ,112,112,21422905,0,0,0,0,0,0,0,0,0,112,112,21422905,0,0,0,0,0,0,0,0,0
201101,41,071,4,9,Yamhill County                ,12,12,3139856,0,0,0,0,0,0,0,0,0,12,12,3139856,0,0,0,0,0,0,0,0,0
201101,42,001,1,2,Adams County                  ,23,23,3986900,0,0,0,0,0,0,0,0,0,23,23,3986900,0,0,0,0,0,0,0,0,0
201101,42,003,1,2,Allegheny County              ,123,123,32684703,0,0,0,0,0,0,0,0,0,95,95,27345606,0,0,0,0,0,0,0,0,0
201101,42,005,1,2,Armstrong County              ,4,4,580119,0,0,0,0,0,0,0,0,0,0,0,0,0,0,0,0,0,0,0,0,0
201101,42,007,1,2,Beaver County                 ,20,20,5240844,0,0,0,0,0,0,0,0,0,16,16,4366274,0,0,0,0,0,0,0,0,0
201101,42,017,1,2,Bucks County                  ,34,34,6428118,0,0,0,0,0,0,0,0,0,29,29,5541048,0,0,0,0,0,0,0,0,0
201101,42,019,1,2,Butler County                 ,55,55,13984118,0,0,0,0,0,0,0,0,0,53,53,13633810,0,0,0,0,0,0,0,0,0
201101,42,025,1,2,Carbon County                 ,24,24,4039563,0,0,0,0,0,0,0,0,0,21,21,3525373,0,0,0,0,0,0,0,0,0
201101,42,029,1,2,Chester County                ,53,53,11658232,0,0,0,0,0,0,0,0,0,40,40,8881874,0,0,0,0,0,0,0,0,0
201101,42,045,1,2,Delaware County               ,18,18,3414700,0,0,0,0,0,0,1,5,1481069,11,11,1826850,0,0,0,0,0,0,0,0,0
201101,42,051,1,2,Fayette County                ,16,16,3434316,0,0,0,0,0,0,0,0,0,2,2,280000,0,0,0,0,0,0,0,0,0
201101,42,055,1,2,Franklin County               ,46,46,6976566,0,0,0,0,0,0,1,5,250000,39,39,6302000,0,0,0,0,0,0,0,0,0
201101,42,065,1,2,Jefferson County              ,30,30,3285845,0,0,0,0,0,0,0,0,0,30,30,3285845,0,0,0,0,0,0,0,0,0
201101,42,077,1,2,Lehigh County                 ,58,58,9040936,0,0,0,0,0,0,0,0,0,52,52,7582207,0,0,0,0,0,0,0,0,0
201101,42,091,1,2,Montgomery County             ,43,43,7503064,0,0,0,1,3,225000,1,5,875000,33,33,5249610,0,0,0,0,0,0,1,5,875000
201101,42,095,1,2,Northampton County            ,51,51,10376466,0,0,0,0,0,0,0,0,0,46,46,9439010,0,0,0,0,0,0,0,0,0
201101,42,101,1,2,Philadelphia County           ,37,37,7841381,8,16,1350000,5,15,475000,1,11,500000,37,37,7841381,8,16,1350000,5,15,475000,1,11,500000
201101,42,103,1,2,Pike County                   ,26,26,7739371,0,0,0,0,0,0,0,0,0,25,25,7514063,0,0,0,0,0,0,0,0,0
201101,42,125,1,2,Washington County             ,53,53,16247241,0,0,0,1,4,620000,0,0,0,48,48,15384577,0,0,0,1,4,620000,0,0,0
201101,42,129,1,2,Westmoreland County           ,35,35,7101857,1,2,277342,0,0,0,0,0,0,19,19,3638435,1,2,277342,0,0,0,0,0,0
201101,44,001,1,1,Bristol County                ,2,2,460000,0,0,0,0,0,0,0,0,0,2,2,460000,0,0,0,0,0,0,0,0,0
201101,44,003,1,1,Kent County                   ,2,2,235173,0,0,0,0,0,0,0,0,0,1,1,116820,0,0,0,0,0,0,0,0,0
201101,44,005,1,1,Newport County                ,6,6,963000,0,0,0,0,0,0,0,0,0,6,6,963000,0,0,0,0,0,0,0,0,0
201101,44,007,1,1,Providence County             ,7,7,960687,0,0,0,0,0,0,0,0,0,6,6,795310,0,0,0,0,0,0,0,0,0
201101,44,009,1,1,Washington County             ,9,9,1991384,0,0,0,1,4,833080,0,0,0,6,6,1628590,0,0,0,0,0,0,0,0,0
201101,45,003,3,5,Aiken County                  ,32,32,6292372,0,0,0,0,0,0,0,0,0,26,26,5620277,0,0,0,0,0,0,0,0,0
201101,45,009,3,5,Bamberg County                ,0,0,0,0,0,0,0,0,0,0,0,0,0,0,0,0,0,0,0,0,0,0,0,0
201101,45,015,3,5,Berkeley County               ,61,61,12450460,0,0,0,0,0,0,0,0,0,43,43,10329776,0,0,0,0,0,0,0,0,0
201101,45,017,3,5,Calhoun County                ,2,2,246000,0,0,0,0,0,0,0,0,0,2,2,246000,0,0,0,0,0,0,0,0,0
201101,45,019,3,5,Charleston County             ,85,85,15819076,0,0,0,0,0,0,1,12,601244,26,26,7369414,0,0,0,0,0,0,0,0,0
201101,45,035,3,5,Dorchester County             ,61,61,15633235,0,0,0,0,0,0,0,0,0,61,61,15633235,0,0,0,0,0,0,0,0,0
201101,45,039,3,5,Fairfield County              ,2,2,231995,0,0,0,0,0,0,0,0,0,0,0,0,0,0,0,0,0,0,0,0,0
201101,45,041,3,5,Florence County               ,16,16,1942309,1,2,101938,0,0,0,0,0,0,0,0,0,0,0,0,0,0,0,0,0,0
201101,45,045,3,5,Greenville County             ,79,79,18892183,0,0,0,0,0,0,0,0,0,78,78,18802189,0,0,0,0,0,0,0,0,0
201101,45,047,3,5,Greenwood County              ,4,4,408040,0,0,0,0,0,0,0,0,0,4,4,408040,0,0,0,0,0,0,0,0,0
201101,45,055,3,5,Kershaw County                ,17,17,2122443,0,0,0,0,0,0,0,0,0,16,16,2013789,0,0,0,0,0,0,0,0,0
201101,45,059,3,5,Laurens County                ,5,5,633408,0,0,0,0,0,0,1,5,300000,5,5,633408,0,0,0,0,0,0,0,0,0
201101,45,063,3,5,Lexington County              ,68,68,12274486,0,0,0,0,0,0,1,23,2130417,9,9,1180080,0,0,0,0,0,0,0,0,0
201101,45,077,3,5,Pickens County                ,10,10,4190414,0,0,0,0,0,0,0,0,0,10,10,4190414,0,0,0,0,0,0,0,0,0
201101,45,079,3,5,Richland County               ,67,67,7747162,0,0,0,0,0,0,1,16,903086,16,16,1917101,0,0,0,0,0,0,0,0,0
201101,45,081,3,5,Saluda County                 ,3,3,449320,0,0,0,0,0,0,0,0,0,3,3,449320,0,0,0,0,0,0,0,0,0
201101,45,085,3,5,Sumter County                 ,40,40,4245345,0,0,0,0,0,0,0,0,0,40,40,4245345,0,0,0,0,0,0,0,0,0
201101,45,091,3,5,York County                   ,39,39,9688827,0,0,0,0,0,0,0,0,0,39,39,9688827,0,0,0,0,0,0,0,0,0
201101,46,005,2,4,Beadle County                 ,0,0,0,0,0,0,0,0,0,0,0,0,0,0,0,0,0,0,0,0,0,0,0,0
201101,46,069,2,4,Hyde County                   ,0,0,0,0,0,0,0,0,0,0,0,0,0,0,0,0,0,0,0,0,0,0,0,0
201101,46,121,2,4,Todd County                   ,0,0,0,0,0,0,0,0,0,0,0,0,0,0,0,0,0,0,0,0,0,0,0,0
201101,47,011,3,6,Bradley County                ,6,6,639630,1,2,149250,1,3,162765,0,0,0,3,3,330000,0,0,0,0,0,0,0,0,0
201101,47,015,3,6,Cannon County                 ,1,1,239600,0,0,0,0,0,0,0,0,0,0,0,0,0,0,0,0,0,0,0,0,0
201101,47,021,3,6,Cheatham County               ,3,3,332000,0,0,0,0,0,0,1,17,975363,3,3,332000,0,0,0,0,0,0,0,0,0
201101,47,037,3,6,Davidson County               ,40,40,7579707,0,0,0,0,0,0,0,0,0,40,40,7579707,0,0,0,0,0,0,0,0,0
201101,47,039,3,6,Decatur County                ,0,0,0,0,0,0,0,0,0,0,0,0,0,0,0,0,0,0,0,0,0,0,0,0
201101,47,043,3,6,Dickson County                ,5,5,921236,0,0,0,0,0,0,0,0,0,0,0,0,0,0,0,0,0,0,0,0,0
201101,47,047,3,6,Fayette County                ,4,4,676873,0,0,0,0,0,0,0,0,0,0,0,0,0,0,0,0,0,0,0,0,0
201101,47,063,3,6,Hamblen County                ,3,3,258828,0,0,0,0,0,0,0,0,0,1,1,55000,0,0,0,0,0,0,0,0,0
201101,47,071,3,6,Hardin County                 ,1,1,70000,0,0,0,0,0,0,0,0,0,1,1,70000,0,0,0,0,0,0,0,0,0
201101,47,081,3,6,Hickman County                ,0,0,0,0,0,0,0,0,0,0,0,0,0,0,0,0,0,0,0,0,0,0,0,0
201101,47,091,3,6,Johnson County                ,0,0,0,0,0,0,0,0,0,0,0,0,0,0,0,0,0,0,0,0,0,0,0,0
201101,47,093,3,6,Knox County                   ,53,53,8402986,0,0,0,1,4,698690,0,0,0,53,53,8402986,0,0,0,1,4,698690,0,0,0
201101,47,111,3,6,Macon County                  ,0,0,0,0,0,0,0,0,0,0,0,0,0,0,0,0,0,0,0,0,0,0,0,0
201101,47,113,3,6,Madison County                ,5,5,1135000,0,0,0,0,0,0,0,0,0,5,5,1135000,0,0,0,0,0,0,0,0,0
201101,47,125,3,6,Montgomery County             ,55,55,5774287,0,0,0,1,3,125000,0,0,0,55,55,5774287,0,0,0,1,3,125000,0,0,0
201101,47,141,3,6,Putnam County                 ,10,10,1048630,0,0,0,3,10,930240,0,0,0,10,10,1048630,0,0,0,3,10,930240,0,0,0
201101,47,147,3,6,Robertson County              ,6,6,547831,0,0,0,0,0,0,0,0,0,6,6,547831,0,0,0,0,0,0,0,0,0
201101,47,149,3,6,Rutherford County             ,72,72,13641036,0,0,0,0,0,0,0,0,0,58,58,11985579,0,0,0,0,0,0,0,0,0
201101,47,157,3,6,Shelby County                 ,41,41,8868772,0,0,0,0,0,0,0,0,0,41,41,8868772,0,0,0,0,0,0,0,0,0
201101,47,159,3,6,Smith County                  ,2,2,273540,0,0,0,0,0,0,0,0,0,1,1,173540,0,0,0,0,0,0,0,0,0
201101,47,165,3,6,Sumner County                 ,36,36,6691663,0,0,0,0,0,0,0,0,0,18,18,3149000,0,0,0,0,0,0,0,0,0
201101,47,167,3,6,Tipton County                 ,6,6,698600,0,0,0,0,0,0,0,0,0,4,4,406160,0,0,0,0,0,0,0,0,0
201101,47,169,3,6,Trousdale County              ,3,3,183600,0,0,0,0,0,0,0,0,0,3,3,183600,0,0,0,0,0,0,0,0,0
201101,47,179,3,6,Washington County             ,17,17,2757999,0,0,0,0,0,0,0,0,0,6,6,1101904,0,0,0,0,0,0,0,0,0
201101,47,187,3,6,Williamson County             ,37,37,7881370,0,0,0,0,0,0,0,0,0,36,36,7540745,0,0,0,0,0,0,0,0,0
201101,47,189,3,6,Wilson County                 ,22,22,3028800,0,0,0,0,0,0,0,0,0,22,22,3028800,0,0,0,0,0,0,0,0,0
201101,48,013,3,7,Atascosa County               ,3,3,420000,0,0,0,0,0,0,0,0,0,3,3,420000,0,0,0,0,0,0,0,0,0
201101,48,015,3,7,Austin County                 ,0,0,0,0,0,0,0,0,0,0,0,0,0,0,0,0,0,0,0,0,0,0,0,0
201101,48,019,3,7,Bandera County                ,0,0,0,0,0,0,0,0,0,0,0,0,0,0,0,0,0,0,0,0,0,0,0,0
201101,48,021,3,7,Bastrop County                ,5,5,336094,0,0,0,0,0,0,0,0,0,5,5,336094,0,0,0,0,0,0,0,0,0
201101,48,029,3,7,Bexar County                  ,183,183,31254581,2,4,433720,0,0,0,2,48,6320826,169,169,29198530,2,4,433720,0,0,0,2,48,6320826
201101,48,039,3,7,Brazoria County               ,104,104,18708117,0,0,0,0,0,0,0,0,0,102,102,18413905,0,0,0,0,0,0,0,0,0
201101,48,041,3,7,Brazos County                 ,49,49,6607739,0,0,0,0,0,0,0,0,0,14,14,1735668,0,0,0,0,0,0,0,0,0
201101,48,055,3,7,Caldwell County               ,2,2,302496,0,0,0,0,0,0,1,5,244792,0,0,0,0,0,0,0,0,0,0,0,0
201101,48,063,3,7,Camp County                   ,0,0,0,0,0,0,0,0,0,0,0,0,0,0,0,0,0,0,0,0,0,0,0,0
201101,48,071,3,7,Chambers County               ,27,27,4584344,0,0,0,0,0,0,0,0,0,27,27,4584344,0,0,0,0,0,0,0,0,0
201101,48,085,3,7,Collin County                 ,323,323,92334587,0,0,0,0,0,0,0,0,0,322,322,92085787,0,0,0,0,0,0,0,0,0
201101,48,091,3,7,Comal County                  ,55,55,11675863,0,0,0,0,0,0,0,0,0,33,33,8635119,0,0,0,0,0,0,0,0,0
201101,48,113,3,7,Dallas County                 ,194,194,57896739,0,0,0,0,0,0,2,326,28907952,181,181,53627098,0,0,0,0,0,0,1,314,28333333
201101,48,117,3,7,Deaf Smith County             ,0,0,0,0,0,0,0,0,0,0,0,0,0,0,0,0,0,0,0,0,0,0,0,0
201101,48,119,3,7,Delta County                  ,0,0,0,0,0,0,0,0,0,0,0,0,0,0,0,0,0,0,0,0,0,0,0,0
201101,48,121,3,7,Denton County                 ,106,106,28571524,0,0,0,0,0,0,1,5,267778,88,88,23603771,0,0,0,0,0,0,0,0,0
201101,48,133,3,7,Eastland County               ,1,1,60000,0,0,0,0,0,0,0,0,0,1,1,60000,0,0,0,0,0,0,0,0,0
201101,48,135,3,7,Ector County                  ,15,15,2928406,0,0,0,0,0,0,0,0,0,15,15,2928406,0,0,0,0,0,0,0,0,0
201101,48,139,3,7,Ellis County                  ,42,42,7053135,0,0,0,0,0,0,0,0,0,42,42,7053135,0,0,0,0,0,0,0,0,0
201101,48,157,3,7,Fort Bend County              ,346,346,70425749,0,0,0,0,0,0,1,37,3268429,79,79,22466310,0,0,0,0,0,0,0,0,0
201101,48,167,3,7,Galveston County              ,114,114,21536056,0,0,0,0,0,0,0,0,0,94,94,18324347,0,0,0,0,0,0,0,0,0
201101,48,187,3,7,Guadalupe County              ,41,41,7599097,0,0,0,0,0,0,0,0,0,41,41,7599097,0,0,0,0,0,0,0,0,0
201101,48,201,3,7,Harris County                 ,665,665,120243494,2,4,800000,0,0,0,0,0,0,658,658,118084017,2,4,800000,0,0,0,0,0,0
201101,48,209,3,7,Hays County                   ,55,55,8559449,0,0,0,0,0,0,13,405,18402398,30,30,4297535,0,0,0,0,0,0,12,396,17862780
201101,48,215,3,7,Hidalgo County                ,219,219,32168504,0,0,0,6,24,1678496,0,0,0,214,214,31846971,0,0,0,6,24,1678496,0,0,0
201101,48,231,3,7,Hunt County                   ,2,2,345000,0,0,0,0,0,0,0,0,0,2,2,345000,0,0,0,0,0,0,0,0,0
201101,48,233,3,7,Hutchinson County             ,0,0,0,0,0,0,0,0,0,0,0,0,0,0,0,0,0,0,0,0,0,0,0,0
201101,48,251,3,7,Johnson County                ,35,35,4973617,0,0,0,0,0,0,0,0,0,7,7,898764,0,0,0,0,0,0,0,0,0
201101,48,257,3,7,Kaufman County                ,10,10,1913749,0,0,0,0,0,0,0,0,0,1,1,109698,0,0,0,0,0,0,0,0,0
201101,48,259,3,7,Kendall County                ,22,22,5267182,0,0,0,0,0,0,0,0,0,16,16,3983420,0,0,0,0,0,0,0,0,0
201101,48,271,3,7,Kinney County                 ,0,0,0,0,0,0,0,0,0,0,0,0,0,0,0,0,0,0,0,0,0,0,0,0
201101,48,291,3,7,Liberty County                ,10,10,980464,0,0,0,0,0,0,0,0,0,8,8,722369,0,0,0,0,0,0,0,0,0
201101,48,307,3,7,McCulloch County              ,0,0,0,0,0,0,0,0,0,0,0,0,0,0,0,0,0,0,0,0,0,0,0,0
201101,48,323,3,7,Maverick County               ,6,6,380791,0,0,0,0,0,0,0,0,0,6,6,380791,0,0,0,0,0,0,0,0,0
201101,48,325,3,7,Medina County                 ,2,2,554990,0,0,0,0,0,0,0,0,0,2,2,554990,0,0,0,0,0,0,0,0,0
201101,48,329,3,7,Midland County                ,16,16,3600800,0,0,0,0,0,0,0,0,0,16,16,3600800,0,0,0,0,0,0,0,0,0
201101,48,339,3,7,Montgomery County             ,191,191,35289394,0,0,0,0,0,0,0,0,0,188,188,34922955,0,0,0,0,0,0,0,0,0
201101,48,353,3,7,Nolan County                  ,0,0,0,0,0,0,0,0,0,0,0,0,0,0,0,0,0,0,0,0,0,0,0,0
201101,48,359,3,7,Oldham County                 ,0,0,0,0,0,0,0,0,0,0,0,0,0,0,0,0,0,0,0,0,0,0,0,0
201101,48,367,3,7,Parker County                 ,7,7,1016685,0,0,0,0,0,0,0,0,0,7,7,1016685,0,0,0,0,0,0,0,0,0
201101,48,375,3,7,Potter County                 ,45,45,11698936,0,0,0,0,0,0,0,0,0,45,45,11698936,0,0,0,0,0,0,0,0,0
201101,48,383,3,7,Reagan County                 ,0,0,0,0,0,0,0,0,0,0,0,0,0,0,0,0,0,0,0,0,0,0,0,0
201101,48,385,3,7,Real County                   ,0,0,0,0,0,0,0,0,0,0,0,0,0,0,0,0,0,0,0,0,0,0,0,0
201101,48,397,3,7,Rockwall County               ,37,37,7761662,0,0,0,0,0,0,0,0,0,28,28,6898600,0,0,0,0,0,0,0,0,0
201101,48,407,3,7,San Jacinto County            ,0,0,0,0,0,0,0,0,0,0,0,0,0,0,0,0,0,0,0,0,0,0,0,0
201101,48,435,3,7,Sutton County                 ,0,0,0,0,0,0,0,0,0,0,0,0,0,0,0,0,0,0,0,0,0,0,0,0
201101,48,437,3,7,Swisher County                ,0,0,0,0,0,0,0,0,0,0,0,0,0,0,0,0,0,0,0,0,0,0,0,0
201101,48,439,3,7,Tarrant County                ,275,275,50536620,2,4,483538,0,0,0,1,17,1802657,249,249,44696770,1,2,317100,0,0,0,0,0,0
201101,48,451,3,7,Tom Green County              ,12,12,1903858,0,0,0,0,0,0,0,0,0,12,12,1903858,0,0,0,0,0,0,0,0,0
201101,48,453,3,7,Travis County                 ,217,217,44027818,3,6,708000,0,0,0,0,0,0,213,213,43318063,3,6,708000,0,0,0,0,0,0
201101,48,463,3,7,Uvalde County                 ,2,2,63000,0,0,0,0,0,0,0,0,0,2,2,63000,0,0,0,0,0,0,0,0,0
201101,48,469,3,7,Victoria County               ,3,3,465344,0,0,0,0,0,0,0,0,0,0,0,0,0,0,0,0,0,0,0,0,0
201101,48,471,3,7,Walker County                 ,6,6,1033122,0,0,0,0,0,0,0,0,0,6,6,1033122,0,0,0,0,0,0,0,0,0
201101,48,473,3,7,Waller County                 ,1,1,89715,0,0,0,0,0,0,1,5,110903,0,0,0,0,0,0,0,0,0,0,0,0
201101,48,479,3,7,Webb County                   ,50,50,6395640,0,0,0,0,0,0,0,0,0,50,50,6395640,0,0,0,0,0,0,0,0,0
201101,48,491,3,7,Williamson County             ,129,129,22948705,0,0,0,0,0,0,0,0,0,114,114,21376359,0,0,0,0,0,0,0,0,0
201101,48,493,3,7,Wilson County                 ,2,2,326147,0,0,0,0,0,0,0,0,0,0,0,0,0,0,0,0,0,0,0,0,0
201101,48,497,3,7,Wise County                   ,2,2,269067,0,0,0,0,0,0,0,0,0,1,1,113000,0,0,0,0,0,0,0,0,0
201101,49,009,4,8,Daggett County                ,0,0,0,0,0,0,0,0,0,0,0,0,0,0,0,0,0,0,0,0,0,0,0,0
201101,49,019,4,8,Grand County                  ,3,3,648285,0,0,0,0,0,0,0,0,0,3,3,648285,0,0,0,0,0,0,0,0,0
201101,49,021,4,8,Iron County                   ,2,2,412897,0,0,0,0,0,0,0,0,0,0,0,0,0,0,0,0,0,0,0,0,0
201101,49,033,4,8,Rich County                   ,1,1,104239,0,0,0,0,0,0,0,0,0,0,0,0,0,0,0,0,0,0,0,0,0
201101,49,035,4,8,Salt Lake County              ,112,112,24270643,1,2,198463,1,4,567065,3,17,1441341,104,104,23157709,0,0,0,1,4,567065,1,5,713041
201101,49,039,4,8,Sanpete County                ,0,0,0,0,0,0,0,0,0,0,0,0,0,0,0,0,0,0,0,0,0,0,0,0
201101,49,043,4,8,Summit County                 ,3,3,1877896,0,0,0,0,0,0,0,0,0,3,3,1877896,0,0,0,0,0,0,0,0,0
201101,49,045,4,8,Tooele County                 ,14,14,2300788,0,0,0,0,0,0,4,24,1450000,14,14,2300788,0,0,0,0,0,0,4,24,1450000
201101,49,051,4,8,Wasatch County                ,6,6,1943176,0,0,0,0,0,0,0,0,0,4,4,1464572,0,0,0,0,0,0,0,0,0
201101,51,003,3,5,Albemarle County              ,29,29,6374953,0,0,0,0,0,0,0,0,0,29,29,6374953,0,0,0,0,0,0,0,0,0
201101,51,007,3,5,Amelia County                 ,0,0,0,0,0,0,0,0,0,0,0,0,0,0,0,0,0,0,0,0,0,0,0,0
201101,51,013,3,5,Arlington County              ,29,29,7234000,0,0,0,0,0,0,2,321,7304790,29,29,7234000,0,0,0,0,0,0,2,321,7304790
201101,51,015,3,5,Augusta County                ,5,5,1551000,0,0,0,0,0,0,0,0,0,5,5,1551000,0,0,0,0,0,0,0,0,0
201101,51,019,3,5,Bedford County                ,14,14,3083925,0,0,0,0,0,0,0,0,0,0,0,0,0,0,0,0,0,0,0,0,0
201101,51,023,3,5,Botetourt County              ,5,5,931875,0,0,0,0,0,0,0,0,0,5,5,931875,0,0,0,0,0,0,0,0,0
201101,51,031,3,5,Campbell County               ,8,8,1247260,0,0,0,0,0,0,0,0,0,8,8,1247260,0,0,0,0,0,0,0,0,0
201101,51,033,3,5,Caroline County               ,7,7,1138605,0,0,0,0,0,0,0,0,0,0,0,0,0,0,0,0,0,0,0,0,0
201101,51,036,3,5,Charles City County           ,1,1,122374,0,0,0,0,0,0,0,0,0,0,0,0,0,0,0,0,0,0,0,0,0
201101,51,037,3,5,Charlotte County              ,2,2,155999,0,0,0,0,0,0,0,0,0,2,2,155999,0,0,0,0,0,0,0,0,0
201101,51,041,3,5,Chesterfield County           ,35,35,6073907,0,0,0,0,0,0,0,0,0,35,35,6073907,0,0,0,0,0,0,0,0,0
201101,51,043,3,5,Clarke County                 ,2,2,1634000,0,0,0,0,0,0,0,0,0,2,2,1634000,0,0,0,0,0,0,0,0,0
201101,51,047,3,5,Culpeper County               ,17,17,3333695,0,0,0,0,0,0,0,0,0,17,17,3333695,0,0,0,0,0,0,0,0,0
201101,51,049,3,5,Cumberland County             ,4,4,322700,0,0,0,0,0,0,0,0,0,4,4,322700,0,0,0,0,0,0,0,0,0
201101,51,053,3,5,Dinwiddie County              ,8,8,999722,0,0,0,0,0,0,0,0,0,0,0,0,0,0,0,0,0,0,0,0,0
201101,51,059,3,5,Fairfax County                ,61,61,10585952,0,0,0,0,0,0,0,0,0,61,61,10585952,0,0,0,0,0,0,0,0,0
201101,51,061,3,5,Fauquier County               ,7,7,1795000,0,0,0,0,0,0,0,0,0,7,7,1795000,0,0,0,0,0,0,0,0,0
201101,51,065,3,5,Fluvanna County               ,5,5,708000,0,0,0,0,0,0,0,0,0,5,5,708000,0,0,0,0,0,0,0,0,0
201101,51,067,3,5,Franklin County               ,4,4,683000,0,0,0,0,0,0,0,0,0,4,4,683000,0,0,0,0,0,0,0,0,0
201101,51,069,3,5,Frederick County              ,16,16,2596235,0,0,0,0,0,0,0,0,0,16,16,2596235,0,0,0,0,0,0,0,0,0
201101,51,073,3,5,Gloucester County             ,5,5,769510,0,0,0,0,0,0,0,0,0,5,5,769510,0,0,0,0,0,0,0,0,0
201101,51,075,3,5,Goochland County              ,4,4,792862,0,0,0,0,0,0,0,0,0,4,4,792862,0,0,0,0,0,0,0,0,0
201101,51,079,3,5,Greene County                 ,6,6,1321911,0,0,0,0,0,0,0,0,0,6,6,1321911,0,0,0,0,0,0,0,0,0
201101,51,085,3,5,Hanover County                ,30,30,5066108,0,0,0,0,0,0,0,0,0,30,30,5066108,0,0,0,0,0,0,0,0,0
201101,51,087,3,5,Henrico County                ,44,44,7724710,0,0,0,0,0,0,1,27,1643463,44,44,7724710,0,0,0,0,0,0,1,27,1643463
201101,51,093,3,5,Isle of Wight County          ,9,9,1817413,0,0,0,0,0,0,0,0,0,0,0,0,0,0,0,0,0,0,0,0,0
201101,51,095,3,5,James City County             ,31,31,4977114,0,0,0,0,0,0,0,0,0,31,31,4977114,0,0,0,0,0,0,0,0,0
201101,51,097,3,5,King and Queen County         ,1,1,150946,0,0,0,0,0,0,0,0,0,0,0,0,0,0,0,0,0,0,0,0,0
201101,51,099,3,5,King George County            ,11,11,1931178,0,0,0,0,0,0,0,0,0,11,11,1931178,0,0,0,0,0,0,0,0,0
201101,51,101,3,5,King William County           ,2,2,343500,0,0,0,0,0,0,0,0,0,2,2,343500,0,0,0,0,0,0,0,0,0
201101,51,107,3,5,Loudoun County                ,134,134,23254387,0,0,0,0,0,0,1,10,200000,134,134,23254387,0,0,0,0,0,0,1,10,200000
201101,51,109,3,5,Louisa County                 ,8,8,1422000,0,0,0,0,0,0,0,0,0,8,8,1422000,0,0,0,0,0,0,0,0,0
201101,51,115,3,5,Mathews County                ,1,1,356000,0,0,0,0,0,0,0,0,0,1,1,356000,0,0,0,0,0,0,0,0,0
201101,51,119,3,5,Middlesex County              ,2,2,350000,0,0,0,0,0,0,0,0,0,2,2,350000,0,0,0,0,0,0,0,0,0
201101,51,127,3,5,New Kent County               ,9,9,1773740,0,0,0,0,0,0,0,0,0,9,9,1773740,0,0,0,0,0,0,0,0,0
201101,51,137,3,5,Orange County                 ,7,7,740000,0,0,0,0,0,0,0,0,0,7,7,740000,0,0,0,0,0,0,0,0,0
201101,51,143,3,5,Pittsylvania County           ,4,4,496765,0,0,0,0,0,0,1,5,295125,0,0,0,0,0,0,0,0,0,0,0,0
201101,51,145,3,5,Powhatan County               ,2,2,339000,0,0,0,0,0,0,0,0,0,2,2,339000,0,0,0,0,0,0,0,0,0
201101,51,149,3,5,Prince George County          ,5,5,816750,0,0,0,0,0,0,0,0,0,5,5,816750,0,0,0,0,0,0,0,0,0
201101,51,153,3,5,Prince William County         ,74,74,12851768,0,0,0,0,0,0,0,0,0,73,73,12668435,0,0,0,0,0,0,0,0,0
201101,51,157,3,5,Rappahannock County           ,1,1,290384,0,0,0,0,0,0,0,0,0,0,0,0,0,0,0,0,0,0,0,0,0
201101,51,161,3,5,Roanoke County                ,8,8,1313922,0,0,0,0,0,0,0,0,0,8,8,1313922,0,0,0,0,0,0,0,0,0
201101,51,163,3,5,Rockbridge County             ,2,2,355000,0,0,0,0,0,0,0,0,0,2,2,355000,0,0,0,0,0,0,0,0,0
201101,51,165,3,5,Rockingham County             ,19,19,3071768,0,0,0,0,0,0,0,0,0,0,0,0,0,0,0,0,0,0,0,0,0
201101,51,169,3,5,Scott County                  ,0,0,0,0,0,0,0,0,0,0,0,0,0,0,0,0,0,0,0,0,0,0,0,0
201101,51,171,3,5,Shenandoah County             ,5,5,670000,0,0,0,0,0,0,0,0,0,5,5,670000,0,0,0,0,0,0,0,0,0
201101,51,177,3,5,Spotsylvania County           ,17,17,3920227,0,0,0,0,0,0,0,0,0,0,0,0,0,0,0,0,0,0,0,0,0
201101,51,179,3,5,Stafford County               ,34,34,5900367,0,0,0,0,0,0,0,0,0,34,34,5900367,0,0,0,0,0,0,0,0,0
201101,51,181,3,5,Surry County                  ,1,1,194234,0,0,0,0,0,0,0,0,0,1,1,194234,0,0,0,0,0,0,0,0,0
201101,51,183,3,5,Sussex County                 ,2,2,269200,0,0,0,0,0,0,0,0,0,0,0,0,0,0,0,0,0,0,0,0,0
201101,51,187,3,5,Warren County                 ,3,3,495000,0,0,0,0,0,0,0,0,0,3,3,495000,0,0,0,0,0,0,0,0,0
201101,51,199,3,5,York County                   ,4,4,694161,0,0,0,0,0,0,0,0,0,4,4,694161,0,0,0,0,0,0,0,0,0
201101,51,510,3,5,Alexandria (Independent City) ,2,2,486366,0,0,0,0,0,0,1,13,1936905,0,0,0,0,0,0,0,0,0,0,0,0
201101,51,530,3,5,Buena Vista (Independent City),0,0,0,0,0,0,0,0,0,0,0,0,0,0,0,0,0,0,0,0,0,0,0,0
201101,51,550,3,5,Chesapeake(Independent City)  ,38,38,6594528,0,0,0,0,0,0,0,0,0,38,38,6594528,0,0,0,0,0,0,0,0,0
201101,51,570,3,5,Colonial Heights (Independent ,0,0,0,0,0,0,0,0,0,0,0,0,0,0,0,0,0,0,0,0,0,0,0,0
201101,51,580,3,5,Covington (Independent City)  ,0,0,0,0,0,0,0,0,0,0,0,0,0,0,0,0,0,0,0,0,0,0,0,0
201101,51,600,3,5,Fairfax (Independent City)    ,1,1,230000,0,0,0,0,0,0,0,0,0,1,1,230000,0,0,0,0,0,0,0,0,0
201101,51,610,3,5,Falls Church (Independent City,1,1,300000,0,0,0,0,0,0,0,0,0,1,1,300000,0,0,0,0,0,0,0,0,0
201101,51,630,3,5,Fredericksburg(Independent Cit,5,5,744000,0,0,0,0,0,0,0,0,0,5,5,744000,0,0,0,0,0,0,0,0,0
201101,51,650,3,5,Hampton (Independent City)    ,9,9,2036951,0,0,0,0,0,0,1,43,1853112,0,0,0,0,0,0,0,0,0,0,0,0
201101,51,660,3,5,Harrisonburg (Independent City,0,0,0,0,0,0,0,0,0,0,0,0,0,0,0,0,0,0,0,0,0,0,0,0
201101,51,670,3,5,Hopewell (Independent City)   ,2,2,266326,0,0,0,0,0,0,0,0,0,2,2,266326,0,0,0,0,0,0,0,0,0
201101,51,680,3,5,Lynchburg (Independent City)  ,3,3,487496,0,0,0,0,0,0,0,0,0,3,3,487496,0,0,0,0,0,0,0,0,0
201101,51,683,3,5,Manassas (Independent City)   ,0,0,0,0,0,0,0,0,0,0,0,0,0,0,0,0,0,0,0,0,0,0,0,0
201101,51,685,3,5,Manassas Park (Independent Cit,0,0,0,0,0,0,0,0,0,0,0,0,0,0,0,0,0,0,0,0,0,0,0,0
201101,51,700,3,5,Newport News (Independent City,6,6,391758,0,0,0,0,0,0,0,0,0,6,6,391758,0,0,0,0,0,0,0,0,0
201101,51,710,3,5,Norfolk (Independent City)    ,23,23,3991425,0,0,0,0,0,0,9,180,10493516,23,23,3991425,0,0,0,0,0,0,9,180,10493516
201101,51,730,3,5,Petersburg (Independent City) ,2,2,144737,0,0,0,0,0,0,0,0,0,2,2,144737,0,0,0,0,0,0,0,0,0
201101,51,735,3,5,Poquoson (Independent City)   ,1,1,136500,0,0,0,0,0,0,0,0,0,1,1,136500,0,0,0,0,0,0,0,0,0
201101,51,740,3,5,Portsmouth (Independent City) ,0,0,0,0,0,0,0,0,0,0,0,0,0,0,0,0,0,0,0,0,0,0,0,0
201101,51,760,3,5,Richmond (Independent City)   ,12,12,1496866,0,0,0,0,0,0,0,0,0,12,12,1496866,0,0,0,0,0,0,0,0,0
201101,51,770,3,5,Roanoke (Independent City)    ,2,2,237388,0,0,0,0,0,0,0,0,0,2,2,237388,0,0,0,0,0,0,0,0,0
201101,51,800,3,5,Suffolk (Independent City)    ,13,13,2256023,0,0,0,0,0,0,0,0,0,13,13,2256023,0,0,0,0,0,0,0,0,0
201101,51,810,3,5,Virginia Beach (Independent Ci,46,46,8559680,1,2,280000,0,0,0,0,0,0,46,46,8559680,1,2,280000,0,0,0,0,0,0
201101,51,830,3,5,Williamsburg (Independent City,2,2,400000,0,0,0,0,0,0,0,0,0,2,2,400000,0,0,0,0,0,0,0,0,0
201101,53,011,4,9,Clark County                  ,43,43,11021361,0,0,0,0,0,0,0,0,0,43,43,11021361,0,0,0,0,0,0,0,0,0
201101,53,033,4,9,King County                   ,224,224,54700554,1,2,299795,1,4,476744,1,5,503808,210,210,50157647,1,2,299795,1,4,476744,0,0,0
201101,53,041,4,9,Lewis County                  ,4,4,564323,0,0,0,0,0,0,0,0,0,3,3,360635,0,0,0,0,0,0,0,0,0
201101,53,053,4,9,Pierce County                 ,156,156,37605963,0,0,0,0,0,0,1,24,2515351,155,155,37188263,0,0,0,0,0,0,1,24,2515351
201101,53,059,4,9,Skamania County               ,0,0,0,0,0,0,0,0,0,0,0,0,0,0,0,0,0,0,0,0,0,0,0,0
201101,53,061,4,9,Snohomish County              ,184,184,40096193,3,6,1020396,0,0,0,0,0,0,183,183,39840259,3,6,1020396,0,0,0,0,0,0
201101,54,037,3,5,Jefferson County              ,12,12,3691000,0,0,0,0,0,0,0,0,0,12,12,3691000,0,0,0,0,0,0,0,0,0
201101,55,021,2,3,Columbia County               ,3,3,598125,0,0,0,0,0,0,0,0,0,2,2,463000,0,0,0,0,0,0,0,0,0
201101,55,025,2,3,Dane County                   ,36,36,9219181,1,2,480000,0,0,0,1,38,4042294,26,26,7352500,0,0,0,0,0,0,0,0,0
201101,55,031,2,3,Douglas County                ,2,2,265000,0,0,0,0,0,0,0,0,0,2,2,265000,0,0,0,0,0,0,0,0,0
201101,55,037,2,3,Florence County               ,0,0,0,0,0,0,0,0,0,0,0,0,0,0,0,0,0,0,0,0,0,0,0,0
201101,55,049,2,3,Iowa County                   ,0,0,0,0,0,0,0,0,0,0,0,0,0,0,0,0,0,0,0,0,0,0,0,0
201101,55,059,2,3,Kenosha County                ,6,6,1457825,0,0,0,0,0,0,1,60,3625000,5,5,1114000,0,0,0,0,0,0,1,60,3625000
201101,55,079,2,3,Milwaukee County              ,14,14,2741996,0,0,0,0,0,0,1,80,7556926,14,14,2741996,0,0,0,0,0,0,1,80,7556926
201101,55,089,2,3,Ozaukee County                ,4,4,1289680,0,0,0,0,0,0,0,0,0,3,3,779800,0,0,0,0,0,0,0,0,0
201101,55,093,2,3,Pierce County                 ,2,2,295000,0,0,0,0,0,0,0,0,0,2,2,295000,0,0,0,0,0,0,0,0,0
201101,55,109,2,3,St. Croix County              ,3,3,281980,0,0,0,0,0,0,0,0,0,3,3,281980,0,0,0,0,0,0,0,0,0
201101,55,113,2,3,Sawyer County                 ,3,3,289000,0,0,0,0,0,0,0,0,0,3,3,289000,0,0,0,0,0,0,0,0,0
201101,55,131,2,3,Washington County             ,6,6,1666342,1,2,290000,0,0,0,0,0,0,5,5,1246900,1,2,290000,0,0,0,0,0,0
201101,55,133,2,3,Waukesha County               ,30,30,10299081,0,0,0,0,0,0,0,0,0,29,29,9666414,0,0,0,0,0,0,0,0,0
201101,56,019,4,8,Johnson County                ,0,0,0,0,0,0,0,0,0,0,0,0,0,0,0,0,0,0,0,0,0,0,0,0
201101,56,039,4,8,Teton County                  ,1,1,203109,0,0,0,0,0,0,1,5,428316,0,0,0,0,0,0,0,0,0,0,0,0
