Survey,FIPS,FIPS,Region,Division,County,,1-unit,,,2-units,,,3-4 units,,,5+ units,,,1-unit rep,,,2-units rep,,,3-4 units rep,,, 5+units rep
Date,State,County,Code,Code,Name,Bldgs,Units,Value,Bldgs,Units,Value,Bldgs,Units,Value,Bldgs,Units,Value,Bldgs,Units,Value,Bldgs,Units,Value,Bldgs,Units,Value,Bldgs,Units,Value
 
201107,01,001,3,6,Autauga County                ,4,4,866796,0,0,0,0,0,0,0,0,0,4,4,866796,0,0,0,0,0,0,0,0,0
201107,01,007,3,6,Bibb County                   ,2,2,400000,0,0,0,0,0,0,0,0,0,2,2,400000,0,0,0,0,0,0,0,0,0
201107,01,009,3,6,Blount County                 ,0,0,0,0,0,0,0,0,0,0,0,0,0,0,0,0,0,0,0,0,0,0,0,0
201107,01,021,3,6,Chilton County                ,0,0,0,0,0,0,0,0,0,0,0,0,0,0,0,0,0,0,0,0,0,0,0,0
201107,01,037,3,6,Coosa County                  ,0,0,0,0,0,0,0,0,0,0,0,0,0,0,0,0,0,0,0,0,0,0,0,0
201107,01,073,3,6,Jefferson County              ,122,122,26726841,0,0,0,0,0,0,0,0,0,117,117,26058726,0,0,0,0,0,0,0,0,0
201107,01,081,3,6,Lee County                    ,44,44,9350574,0,0,0,0,0,0,1,17,1414156,21,21,3808980,0,0,0,0,0,0,0,0,0
201107,01,115,3,6,St. Clair County              ,4,4,656677,0,0,0,0,0,0,0,0,0,3,3,462877,0,0,0,0,0,0,0,0,0
201107,01,117,3,6,Shelby County                 ,36,36,7097184,0,0,0,0,0,0,0,0,0,19,19,3935061,0,0,0,0,0,0,0,0,0
201107,01,127,3,6,Walker County                 ,4,4,580000,0,0,0,0,0,0,0,0,0,4,4,580000,0,0,0,0,0,0,0,0,0
201107,02,000,4,9,Alaska Balance of State       ,6,6,1459416,0,0,0,0,0,0,0,0,0,0,0,0,0,0,0,0,0,0,0,0,0
201107,02,013,4,9,Aleutians East Borough        ,0,0,0,0,0,0,0,0,0,0,0,0,0,0,0,0,0,0,0,0,0,0,0,0
201107,02,016,4,9,Aleutians West Census Area    ,0,0,0,0,0,0,0,0,0,0,0,0,0,0,0,0,0,0,0,0,0,0,0,0
201107,02,020,4,9,Anchorage Borough             ,58,58,12664590,0,0,0,0,0,0,5,30,5349256,58,58,12664590,0,0,0,0,0,0,5,30,5349256
201107,02,050,4,9,Bethel Census Area            ,0,0,0,0,0,0,0,0,0,0,0,0,0,0,0,0,0,0,0,0,0,0,0,0
201107,02,060,4,9,Bristol Bay Borough           ,0,0,0,0,0,0,0,0,0,0,0,0,0,0,0,0,0,0,0,0,0,0,0,0
201107,02,090,4,9,Fairbanks North Star Borough  ,3,3,551783,0,0,0,0,0,0,0,0,0,0,0,0,0,0,0,0,0,0,0,0,0
201107,02,100,4,9,Haines Borough                ,0,0,0,0,0,0,0,0,0,0,0,0,0,0,0,0,0,0,0,0,0,0,0,0
201107,02,110,4,9,Juneau Borough                ,2,2,893314,0,0,0,0,0,0,0,0,0,2,2,893314,0,0,0,0,0,0,0,0,0
201107,02,122,4,9,Kenai Peninsula Borough       ,8,8,1720388,0,0,0,0,0,0,0,0,0,5,5,999926,0,0,0,0,0,0,0,0,0
201107,02,130,4,9,Ketchikan Gateway Borough     ,0,0,0,0,0,0,0,0,0,0,0,0,0,0,0,0,0,0,0,0,0,0,0,0
201107,02,150,4,9,Kodiak Island Borough         ,0,0,0,0,0,0,0,0,0,0,0,0,0,0,0,0,0,0,0,0,0,0,0,0
201107,02,170,4,9,Matanuska-Susitna Borough     ,2,2,444115,0,0,0,0,0,0,0,0,0,2,2,444115,0,0,0,0,0,0,0,0,0
201107,02,180,4,9,Nome Census Area              ,0,0,0,0,0,0,0,0,0,0,0,0,0,0,0,0,0,0,0,0,0,0,0,0
201107,02,185,4,9,North Slope Borough           ,1,1,225320,0,0,0,0,0,0,0,0,0,0,0,0,0,0,0,0,0,0,0,0,0
201107,02,188,4,9,Northwest Arctic Borough      ,0,0,0,0,0,0,0,0,0,0,0,0,0,0,0,0,0,0,0,0,0,0,0,0
201107,02,201,4,9,Prince of Wales-Outer Ketchika,0,0,0,0,0,0,0,0,0,0,0,0,0,0,0,0,0,0,0,0,0,0,0,0
201107,02,220,4,9,Sitka Borough                 ,2,2,439529,0,0,0,0,0,0,0,0,0,0,0,0,0,0,0,0,0,0,0,0,0
201107,02,232,4,9,Skagway-Hoonah-Angoon Census A,0,0,0,0,0,0,0,0,0,0,0,0,0,0,0,0,0,0,0,0,0,0,0,0
201107,02,261,4,9,Valdez-Cordova Census Area    ,0,0,0,0,0,0,0,0,0,0,0,0,0,0,0,0,0,0,0,0,0,0,0,0
201107,02,280,4,9,Wrangell-Petersburg Census Are,0,0,0,0,0,0,0,0,0,0,0,0,0,0,0,0,0,0,0,0,0,0,0,0
201107,02,282,4,9,Yakutat Borough               ,0,0,0,0,0,0,0,0,0,0,0,0,0,0,0,0,0,0,0,0,0,0,0,0
201107,02,290,4,9,Yukon-Koyukuk Census Area     ,0,0,0,0,0,0,0,0,0,0,0,0,0,0,0,0,0,0,0,0,0,0,0,0
201107,04,013,4,8,Maricopa County               ,549,549,127115424,1,2,203145,0,0,0,20,600,25125848,549,549,127115424,1,2,203145,0,0,0,20,600,25125848
201107,04,019,4,8,Pima County                   ,130,130,32842632,0,0,0,0,0,0,1,5,362358,78,78,22199565,0,0,0,0,0,0,0,0,0
201107,04,021,4,8,Pinal County                  ,97,97,13001796,0,0,0,0,0,0,0,0,0,97,97,13001796,0,0,0,0,0,0,0,0,0
201107,05,023,3,7,Cleburne County               ,3,3,423500,0,0,0,0,0,0,0,0,0,3,3,423500,0,0,0,0,0,0,0,0,0
201107,05,025,3,7,Cleveland County              ,0,0,0,0,0,0,0,0,0,0,0,0,0,0,0,0,0,0,0,0,0,0,0,0
201107,05,027,3,7,Columbia County               ,1,1,226890,0,0,0,0,0,0,0,0,0,0,0,0,0,0,0,0,0,0,0,0,0
201107,05,035,3,7,Crittenden County             ,3,3,634382,0,0,0,0,0,0,0,0,0,3,3,634382,0,0,0,0,0,0,0,0,0
201107,05,059,3,7,Hot Spring County             ,0,0,0,0,0,0,0,0,0,0,0,0,0,0,0,0,0,0,0,0,0,0,0,0
201107,05,061,3,7,Howard County                 ,0,0,0,0,0,0,0,0,0,0,0,0,0,0,0,0,0,0,0,0,0,0,0,0
201107,05,099,3,7,Nevada County                 ,0,0,0,0,0,0,0,0,0,0,0,0,0,0,0,0,0,0,0,0,0,0,0,0
201107,06,001,4,9,Alameda County                ,29,29,6471311,0,0,0,1,4,797108,2,78,8099245,26,26,5457245,0,0,0,1,4,797108,2,78,8099245
201107,06,003,4,9,Alpine County                 ,0,0,0,0,0,0,0,0,0,0,0,0,0,0,0,0,0,0,0,0,0,0,0,0
201107,06,009,4,9,Calaveras County              ,2,2,257012,0,0,0,0,0,0,0,0,0,2,2,257012,0,0,0,0,0,0,0,0,0
201107,06,013,4,9,Contra Costa County           ,53,53,12507037,0,0,0,0,0,0,1,8,724808,50,50,11861913,0,0,0,0,0,0,0,0,0
201107,06,017,4,9,El Dorado County              ,9,9,2946285,0,0,0,0,0,0,0,0,0,8,8,2762024,0,0,0,0,0,0,0,0,0
201107,06,037,4,9,Los Angeles County            ,163,163,54132114,9,18,3563779,0,0,0,11,142,24461496,134,134,43507528,8,16,3380779,0,0,0,7,111,20920004
201107,06,041,4,9,Marin County                  ,7,7,2569970,0,0,0,0,0,0,1,6,591304,1,1,300000,0,0,0,0,0,0,0,0,0
201107,06,045,4,9,Mendocino County              ,12,12,1281688,0,0,0,0,0,0,1,5,455616,12,12,1281688,0,0,0,0,0,0,0,0,0
201107,06,049,4,9,Modoc County                  ,2,2,252609,0,0,0,0,0,0,0,0,0,0,0,0,0,0,0,0,0,0,0,0,0
201107,06,051,4,9,Mono County                   ,2,2,895743,0,0,0,0,0,0,0,0,0,1,1,756939,0,0,0,0,0,0,0,0,0
201107,06,059,4,9,Orange County                 ,81,81,24633069,5,10,1485247,0,0,0,7,45,7172145,60,60,15676707,5,10,1485247,0,0,0,6,40,6416520
201107,06,061,4,9,Placer County                 ,78,78,25278279,0,0,0,1,4,960640,4,24,5588876,78,78,25278279,0,0,0,1,4,960640,4,24,5588876
201107,06,063,4,9,Plumas County                 ,6,6,972904,0,0,0,0,0,0,0,0,0,6,6,972904,0,0,0,0,0,0,0,0,0
201107,06,065,4,9,Riverside County              ,116,116,26569373,0,0,0,0,0,0,0,0,0,90,90,21643045,0,0,0,0,0,0,0,0,0
201107,06,067,4,9,Sacramento County             ,67,67,17793022,0,0,0,0,0,0,0,0,0,66,66,17541348,0,0,0,0,0,0,0,0,0
201107,06,069,4,9,San Benito County             ,1,1,275000,0,0,0,0,0,0,0,0,0,1,1,275000,0,0,0,0,0,0,0,0,0
201107,06,071,4,9,San Bernardino County         ,108,108,22338264,0,0,0,0,0,0,1,7,359615,95,95,19989511,0,0,0,0,0,0,0,0,0
201107,06,073,4,9,San Diego County              ,165,165,51508325,0,0,0,6,21,3278997,29,340,40946910,165,165,51508325,0,0,0,6,21,3278997,29,340,40946910
201107,06,075,4,9,San Francisco County          ,1,1,227053,1,2,750000,1,3,750000,1,7,1835000,1,1,227053,1,2,750000,1,3,750000,1,7,1835000
201107,06,077,4,9,San Joaquin County            ,50,50,12543309,0,0,0,0,0,0,0,0,0,50,50,12543309,0,0,0,0,0,0,0,0,0
201107,06,081,4,9,San Mateo County              ,14,14,14791478,1,2,544289,0,0,0,0,0,0,9,9,13181383,1,2,544289,0,0,0,0,0,0
201107,06,085,4,9,Santa Clara County            ,83,83,25072068,0,0,0,1,4,732057,6,45,5700392,76,76,22477988,0,0,0,1,4,732057,5,39,4433159
201107,06,091,4,9,Sierra County                 ,0,0,0,0,0,0,0,0,0,0,0,0,0,0,0,0,0,0,0,0,0,0,0,0
201107,06,113,4,9,Yolo County                   ,6,6,1380469,0,0,0,0,0,0,0,0,0,6,6,1380469,0,0,0,0,0,0,0,0,0
201107,08,001,4,8,Adams County                  ,55,55,12968798,0,0,0,0,0,0,0,0,0,55,55,12968798,0,0,0,0,0,0,0,0,0
201107,08,005,4,8,Arapahoe County               ,86,86,24383841,0,0,0,0,0,0,0,0,0,84,84,24116641,0,0,0,0,0,0,0,0,0
201107,08,014,4,8,Broomfield County             ,18,18,4343529,0,0,0,0,0,0,0,0,0,0,0,0,0,0,0,0,0,0,0,0,0
201107,08,015,4,8,Chaffee County                ,10,10,2201744,0,0,0,0,0,0,0,0,0,10,10,2201744,0,0,0,0,0,0,0,0,0
201107,08,019,4,8,Clear Creek County            ,1,1,319417,0,0,0,0,0,0,0,0,0,0,0,0,0,0,0,0,0,0,0,0,0
201107,08,023,4,8,Costilla County               ,2,2,452570,0,0,0,0,0,0,0,0,0,0,0,0,0,0,0,0,0,0,0,0,0
201107,08,031,4,8,Denver County                 ,46,46,9211012,8,16,2475143,0,0,0,1,213,27457467,46,46,9211012,8,16,2475143,0,0,0,1,213,27457467
201107,08,033,4,8,Dolores County                ,0,0,0,0,0,0,0,0,0,0,0,0,0,0,0,0,0,0,0,0,0,0,0,0
201107,08,035,4,8,Douglas County                ,79,79,20706578,0,0,0,2,7,1157415,0,0,0,79,79,20706578,0,0,0,2,7,1157415,0,0,0
201107,08,039,4,8,Elbert County                 ,1,1,284015,0,0,0,0,0,0,0,0,0,1,1,284015,0,0,0,0,0,0,0,0,0
201107,08,041,4,8,El Paso County                ,160,160,52250988,0,0,0,0,0,0,0,0,0,160,160,52250988,0,0,0,0,0,0,0,0,0
201107,08,047,4,8,Gilpin County                 ,0,0,0,0,0,0,0,0,0,0,0,0,0,0,0,0,0,0,0,0,0,0,0,0
201107,08,049,4,8,Grand County                  ,12,12,2937620,0,0,0,0,0,0,1,5,552045,0,0,0,0,0,0,0,0,0,0,0,0
201107,08,059,4,8,Jefferson County              ,31,31,7444313,0,0,0,0,0,0,1,50,5116000,30,30,7269313,0,0,0,0,0,0,1,50,5116000
201107,08,069,4,8,Larimer County                ,75,75,17315763,1,2,205000,0,0,0,11,270,14423950,74,74,17091348,1,2,205000,0,0,0,11,270,14423950
201107,08,077,4,8,Mesa County                   ,27,27,5259326,0,0,0,0,0,0,0,0,0,27,27,5259326,0,0,0,0,0,0,0,0,0
201107,08,093,4,8,Park County                   ,4,4,601535,0,0,0,0,0,0,0,0,0,4,4,601535,0,0,0,0,0,0,0,0,0
201107,08,101,4,8,Pueblo County                 ,8,8,1337322,0,0,0,0,0,0,0,0,0,8,8,1337322,0,0,0,0,0,0,0,0,0
201107,08,107,4,8,Routt County                  ,3,3,2713299,0,0,0,0,0,0,0,0,0,3,3,2713299,0,0,0,0,0,0,0,0,0
201107,08,119,4,8,Teller County                 ,3,3,839679,0,0,0,0,0,0,0,0,0,0,0,0,0,0,0,0,0,0,0,0,0
201107,08,123,4,8,Weld County                   ,82,82,17971339,0,0,0,0,0,0,1,8,231499,66,66,14012490,0,0,0,0,0,0,0,0,0
201107,10,001,3,5,Kent County                   ,52,52,6746049,1,2,187000,0,0,0,1,5,314910,2,2,253679,1,2,187000,0,0,0,0,0,0
201107,10,003,3,5,New Castle County             ,50,50,4127132,0,0,0,0,0,0,2,27,2771569,49,49,4068743,0,0,0,0,0,0,1,22,2691569
201107,10,005,3,5,Sussex County                 ,94,94,12710417,5,10,492622,0,0,0,1,6,592124,94,94,12710417,5,10,492622,0,0,0,1,6,592124
201107,11,001,3,5,Washington  DC                ,3,3,989000,0,0,0,0,0,0,1,16,2005000,3,3,989000,0,0,0,0,0,0,1,16,2005000
201107,12,003,3,5,Baker County                  ,1,1,147737,0,0,0,0,0,0,0,0,0,1,1,147737,0,0,0,0,0,0,0,0,0
201107,12,009,3,5,Brevard County                ,70,70,17191230,0,0,0,0,0,0,1,6,1108562,70,70,17191230,0,0,0,0,0,0,1,6,1108562
201107,12,011,3,5,Broward County                ,63,63,11424608,2,4,408000,0,0,0,9,210,10293967,62,62,11297638,2,4,408000,0,0,0,9,210,10293967
201107,12,013,3,5,Calhoun County                ,1,1,126591,0,0,0,0,0,0,0,0,0,0,0,0,0,0,0,0,0,0,0,0,0
201107,12,015,3,5,Charlotte County              ,16,16,4656624,1,2,320000,0,0,0,0,0,0,16,16,4656624,1,2,320000,0,0,0,0,0,0
201107,12,019,3,5,Clay County                   ,48,48,8782503,0,0,0,0,0,0,0,0,0,48,48,8782503,0,0,0,0,0,0,0,0,0
201107,12,021,3,5,Collier County                ,102,102,36606147,0,0,0,2,8,1759000,5,48,24610000,102,102,36606147,0,0,0,2,8,1759000,5,48,24610000
201107,12,023,3,5,Columbia County               ,5,5,684184,0,0,0,0,0,0,0,0,0,0,0,0,0,0,0,0,0,0,0,0,0
201107,12,031,3,5,Duval County                  ,117,117,21629591,0,0,0,0,0,0,0,0,0,117,117,21629591,0,0,0,0,0,0,0,0,0
201107,12,033,3,5,Escambia County               ,55,55,11645976,0,0,0,0,0,0,0,0,0,55,55,11645976,0,0,0,0,0,0,0,0,0
201107,12,037,3,5,Franklin County               ,0,0,0,0,0,0,0,0,0,0,0,0,0,0,0,0,0,0,0,0,0,0,0,0
201107,12,041,3,5,Gilchrist County              ,3,3,439760,0,0,0,0,0,0,0,0,0,0,0,0,0,0,0,0,0,0,0,0,0
201107,12,043,3,5,Glades County                 ,0,0,0,0,0,0,0,0,0,0,0,0,0,0,0,0,0,0,0,0,0,0,0,0
201107,12,047,3,5,Hamilton County               ,2,2,161311,0,0,0,0,0,0,0,0,0,0,0,0,0,0,0,0,0,0,0,0,0
201107,12,049,3,5,Hardee County                 ,1,1,100777,0,0,0,0,0,0,0,0,0,0,0,0,0,0,0,0,0,0,0,0,0
201107,12,053,3,5,Hernando County               ,2,2,295000,0,0,0,0,0,0,4,180,6785003,2,2,295000,0,0,0,0,0,0,4,180,6785003
201107,12,055,3,5,Highlands County              ,2,2,292883,0,0,0,0,0,0,0,0,0,1,1,129000,0,0,0,0,0,0,0,0,0
201107,12,057,3,5,Hillsborough County           ,269,269,75399166,0,0,0,1,3,55450,0,0,0,269,269,75399166,0,0,0,1,3,55450,0,0,0
201107,12,061,3,5,Indian River County           ,24,24,7550803,0,0,0,0,0,0,0,0,0,23,23,6094803,0,0,0,0,0,0,0,0,0
201107,12,063,3,5,Jackson County                ,4,4,478366,0,0,0,0,0,0,0,0,0,0,0,0,0,0,0,0,0,0,0,0,0
201107,12,065,3,5,Jefferson County              ,3,3,574949,0,0,0,0,0,0,0,0,0,3,3,574949,0,0,0,0,0,0,0,0,0
201107,12,067,3,5,Lafayette County              ,0,0,0,0,0,0,0,0,0,0,0,0,0,0,0,0,0,0,0,0,0,0,0,0
201107,12,069,3,5,Lake County                   ,39,39,9733668,0,0,0,0,0,0,0,0,0,39,39,9733668,0,0,0,0,0,0,0,0,0
201107,12,071,3,5,Lee County                    ,98,98,20355696,0,0,0,0,0,0,0,0,0,98,98,20355696,0,0,0,0,0,0,0,0,0
201107,12,073,3,5,Leon County                   ,29,29,4733453,0,0,0,1,3,329500,1,5,318498,9,9,1943341,0,0,0,0,0,0,0,0,0
201107,12,077,3,5,Liberty County                ,0,0,0,0,0,0,0,0,0,0,0,0,0,0,0,0,0,0,0,0,0,0,0,0
201107,12,081,3,5,Manatee County                ,126,126,22655580,0,0,0,1,4,342452,1,5,869895,124,124,22291046,0,0,0,1,4,342452,0,0,0
201107,12,083,3,5,Marion County                 ,31,31,11287783,0,0,0,0,0,0,0,0,0,31,31,11287783,0,0,0,0,0,0,0,0,0
201107,12,085,3,5,Martin County                 ,13,13,6297556,0,0,0,0,0,0,0,0,0,12,12,5967368,0,0,0,0,0,0,0,0,0
201107,12,086,3,5,Miami-Dade County             ,160,160,23601646,15,30,1603440,1,3,250900,9,109,8957166,155,155,20068422,15,30,1603440,1,3,250900,9,109,8957166
201107,12,089,3,5,Nassau County                 ,23,23,5955106,0,0,0,0,0,0,0,0,0,19,19,5073128,0,0,0,0,0,0,0,0,0
201107,12,095,3,5,Orange County                 ,200,200,42441502,0,0,0,0,0,0,5,107,16495007,185,185,39547518,0,0,0,0,0,0,5,107,16495007
201107,12,097,3,5,Osceola County                ,101,101,18175757,0,0,0,0,0,0,0,0,0,101,101,18175757,0,0,0,0,0,0,0,0,0
201107,12,099,3,5,Palm Beach County             ,163,163,55136263,1,2,208371,0,0,0,1,5,628222,162,162,53876841,0,0,0,0,0,0,0,0,0
201107,12,101,3,5,Pasco County                  ,69,69,12832718,7,14,1421657,0,0,0,10,288,19097305,69,69,12832718,7,14,1421657,0,0,0,10,288,19097305
201107,12,103,3,5,Pinellas County               ,26,26,7056392,0,0,0,0,0,0,1,14,804738,25,25,6806392,0,0,0,0,0,0,1,14,804738
201107,12,105,3,5,Polk County                   ,106,106,20027487,0,0,0,0,0,0,0,0,0,105,105,19906609,0,0,0,0,0,0,0,0,0
201107,12,107,3,5,Putnam County                 ,2,2,266612,0,0,0,0,0,0,0,0,0,0,0,0,0,0,0,0,0,0,0,0,0
201107,12,109,3,5,St. Johns County              ,152,152,37518926,0,0,0,0,0,0,0,0,0,152,152,37518926,0,0,0,0,0,0,0,0,0
201107,12,111,3,5,St. Lucie County              ,40,40,5564895,0,0,0,0,0,0,0,0,0,23,23,4100252,0,0,0,0,0,0,0,0,0
201107,12,113,3,5,Santa Rosa County             ,53,53,9773640,0,0,0,0,0,0,0,0,0,53,53,9773640,0,0,0,0,0,0,0,0,0
201107,12,115,3,5,Sarasota County               ,60,60,17857468,0,0,0,0,0,0,0,0,0,60,60,17857468,0,0,0,0,0,0,0,0,0
201107,12,117,3,5,Seminole County               ,112,112,18642503,0,0,0,0,0,0,0,0,0,111,111,18468963,0,0,0,0,0,0,0,0,0
201107,12,119,3,5,Sumter County                 ,206,206,52847246,0,0,0,0,0,0,0,0,0,206,206,52847246,0,0,0,0,0,0,0,0,0
201107,12,123,3,5,Taylor County                 ,1,1,94020,0,0,0,0,0,0,0,0,0,1,1,94020,0,0,0,0,0,0,0,0,0
201107,12,125,3,5,Union County                  ,0,0,0,0,0,0,0,0,0,0,0,0,0,0,0,0,0,0,0,0,0,0,0,0
201107,12,127,3,5,Volusia County                ,41,41,11524752,0,0,0,0,0,0,1,8,783804,22,22,6761916,0,0,0,0,0,0,0,0,0
201107,12,129,3,5,Wakulla County                ,6,6,570000,0,0,0,0,0,0,0,0,0,6,6,570000,0,0,0,0,0,0,0,0,0
201107,12,131,3,5,Walton County                 ,56,56,18503722,0,0,0,0,0,0,0,0,0,56,56,18503722,0,0,0,0,0,0,0,0,0
201107,12,133,3,5,Washington County             ,1,1,171601,0,0,0,0,0,0,0,0,0,0,0,0,0,0,0,0,0,0,0,0,0
201107,13,005,3,5,Bacon County                  ,0,0,0,0,0,0,0,0,0,0,0,0,0,0,0,0,0,0,0,0,0,0,0,0
201107,13,013,3,5,Barrow County                 ,5,5,682323,0,0,0,0,0,0,0,0,0,4,4,567728,0,0,0,0,0,0,0,0,0
201107,13,015,3,5,Bartow County                 ,11,11,1799675,0,0,0,0,0,0,0,0,0,11,11,1799675,0,0,0,0,0,0,0,0,0
201107,13,029,3,5,Bryan County                  ,16,16,3679780,0,0,0,0,0,0,0,0,0,6,6,1654195,0,0,0,0,0,0,0,0,0
201107,13,035,3,5,Butts County                  ,0,0,0,0,0,0,0,0,0,0,0,0,0,0,0,0,0,0,0,0,0,0,0,0
201107,13,045,3,5,Carroll County                ,2,2,368817,0,0,0,1,4,285331,7,56,4025680,2,2,368817,0,0,0,1,4,285331,7,56,4025680
201107,13,057,3,5,Cherokee County               ,35,35,6223744,0,0,0,0,0,0,1,13,1623068,26,26,3930791,0,0,0,0,0,0,0,0,0
201107,13,059,3,5,Clarke County                 ,5,5,1667239,0,0,0,0,0,0,0,0,0,5,5,1667239,0,0,0,0,0,0,0,0,0
201107,13,063,3,5,Clayton County                ,4,4,737633,0,0,0,0,0,0,0,0,0,4,4,737633,0,0,0,0,0,0,0,0,0
201107,13,067,3,5,Cobb County                   ,59,59,15003418,1,2,547876,0,0,0,2,11,2148735,59,59,15003418,1,2,547876,0,0,0,2,11,2148735
201107,13,077,3,5,Coweta County                 ,22,22,4586308,0,0,0,0,0,0,0,0,0,19,19,4042020,0,0,0,0,0,0,0,0,0
201107,13,085,3,5,Dawson County                 ,2,2,579975,0,0,0,0,0,0,0,0,0,2,2,579975,0,0,0,0,0,0,0,0,0
201107,13,089,3,5,DeKalb County                 ,11,11,2767418,0,0,0,0,0,0,0,0,0,8,8,1475266,0,0,0,0,0,0,0,0,0
201107,13,095,3,5,Dougherty County              ,2,2,223849,0,0,0,0,0,0,0,0,0,0,0,0,0,0,0,0,0,0,0,0,0
201107,13,097,3,5,Douglas County                ,5,5,543690,0,0,0,0,0,0,0,0,0,5,5,543690,0,0,0,0,0,0,0,0,0
201107,13,113,3,5,Fayette County                ,6,6,2402185,0,0,0,0,0,0,0,0,0,5,5,2064199,0,0,0,0,0,0,0,0,0
201107,13,117,3,5,Forsyth County                ,111,111,14298480,0,0,0,0,0,0,0,0,0,111,111,14298480,0,0,0,0,0,0,0,0,0
201107,13,121,3,5,Fulton County                 ,70,70,14443527,0,0,0,0,0,0,0,0,0,70,70,14443527,0,0,0,0,0,0,0,0,0
201107,13,127,3,5,Glynn County                  ,25,25,6425866,0,0,0,0,0,0,0,0,0,0,0,0,0,0,0,0,0,0,0,0,0
201107,13,133,3,5,Greene County                 ,8,8,2081219,0,0,0,0,0,0,0,0,0,0,0,0,0,0,0,0,0,0,0,0,0
201107,13,135,3,5,Gwinnett County               ,66,66,13542829,0,0,0,0,0,0,0,0,0,58,58,11227189,0,0,0,0,0,0,0,0,0
201107,13,143,3,5,Haralson County               ,1,1,175738,0,0,0,0,0,0,0,0,0,0,0,0,0,0,0,0,0,0,0,0,0
201107,13,145,3,5,Harris County                 ,11,11,2485900,0,0,0,0,0,0,0,0,0,11,11,2485900,0,0,0,0,0,0,0,0,0
201107,13,149,3,5,Heard County                  ,1,1,134368,0,0,0,0,0,0,0,0,0,0,0,0,0,0,0,0,0,0,0,0,0
201107,13,151,3,5,Henry County                  ,15,15,3397239,0,0,0,0,0,0,0,0,0,11,11,2887083,0,0,0,0,0,0,0,0,0
201107,13,159,3,5,Jasper County                 ,3,3,402370,0,0,0,0,0,0,0,0,0,0,0,0,0,0,0,0,0,0,0,0,0
201107,13,169,3,5,Jones County                  ,1,1,8000,0,0,0,0,0,0,0,0,0,1,1,8000,0,0,0,0,0,0,0,0,0
201107,13,171,3,5,Lamar County                  ,2,2,197176,0,0,0,0,0,0,1,9,795150,2,2,197176,0,0,0,0,0,0,0,0,0
201107,13,177,3,5,Lee County                    ,9,9,1028566,0,0,0,0,0,0,0,0,0,0,0,0,0,0,0,0,0,0,0,0,0
201107,13,189,3,5,McDuffie County               ,3,3,469264,0,0,0,0,0,0,0,0,0,0,0,0,0,0,0,0,0,0,0,0,0
201107,13,199,3,5,Meriwether County             ,2,2,349824,0,0,0,0,0,0,0,0,0,0,0,0,0,0,0,0,0,0,0,0,0
201107,13,211,3,5,Morgan County                 ,5,5,647300,0,0,0,0,0,0,0,0,0,5,5,647300,0,0,0,0,0,0,0,0,0
201107,13,213,3,5,Murray County                 ,0,0,0,0,0,0,0,0,0,0,0,0,0,0,0,0,0,0,0,0,0,0,0,0
201107,13,215,3,5,Muscogee County               ,18,18,1905407,0,0,0,0,0,0,1,11,834399,0,0,0,0,0,0,0,0,0,0,0,0
201107,13,217,3,5,Newton County                 ,5,5,615000,0,0,0,0,0,0,0,0,0,5,5,615000,0,0,0,0,0,0,0,0,0
201107,13,223,3,5,Paulding County               ,13,13,2302997,0,0,0,0,0,0,0,0,0,6,6,1106450,0,0,0,0,0,0,0,0,0
201107,13,227,3,5,Pickens County                ,7,7,662000,0,0,0,0,0,0,0,0,0,7,7,662000,0,0,0,0,0,0,0,0,0
201107,13,231,3,5,Pike County                   ,1,1,100000,0,0,0,0,0,0,0,0,0,1,1,100000,0,0,0,0,0,0,0,0,0
201107,13,237,3,5,Putnam County                 ,6,6,1365000,0,0,0,0,0,0,0,0,0,6,6,1365000,0,0,0,0,0,0,0,0,0
201107,13,239,3,5,Quitman County                ,0,0,0,0,0,0,0,0,0,0,0,0,0,0,0,0,0,0,0,0,0,0,0,0
201107,13,247,3,5,Rockdale County               ,2,2,620633,0,0,0,0,0,0,0,0,0,2,2,620633,0,0,0,0,0,0,0,0,0
201107,13,255,3,5,Spalding County               ,8,8,946319,0,0,0,0,0,0,0,0,0,8,8,946319,0,0,0,0,0,0,0,0,0
201107,13,291,3,5,Union County                  ,5,5,922041,0,0,0,0,0,0,0,0,0,5,5,922041,0,0,0,0,0,0,0,0,0
201107,13,297,3,5,Walton County                 ,1,1,129600,0,0,0,0,0,0,0,0,0,1,1,129600,0,0,0,0,0,0,0,0,0
201107,13,313,3,5,Whitfield County              ,5,5,728372,0,0,0,0,0,0,0,0,0,0,0,0,0,0,0,0,0,0,0,0,0
201107,13,321,3,5,Worth County                  ,2,2,336299,0,0,0,0,0,0,0,0,0,0,0,0,0,0,0,0,0,0,0,0,0
201107,15,001,4,9,Hawaii County                 ,60,60,18620496,0,0,0,0,0,0,4,38,2242000,0,0,0,0,0,0,0,0,0,0,0,0
201107,15,003,4,9,Honolulu County               ,42,42,19183711,0,0,0,0,0,0,2,16,1101000,42,42,19183711,0,0,0,0,0,0,2,16,1101000
201107,15,007,4,9,Kauai County                  ,12,12,3833400,0,0,0,0,0,0,0,0,0,12,12,3833400,0,0,0,0,0,0,0,0,0
201107,15,009,4,9,Maui County                   ,10,10,2270533,0,0,0,0,0,0,0,0,0,10,10,2270533,0,0,0,0,0,0,0,0,0
201107,16,001,4,8,Ada County                    ,125,125,30482728,0,0,0,0,0,0,1,53,7000000,125,125,30482728,0,0,0,0,0,0,1,53,7000000
201107,16,015,4,8,Boise County                  ,2,2,208818,0,0,0,0,0,0,0,0,0,2,2,208818,0,0,0,0,0,0,0,0,0
201107,16,027,4,8,Canyon County                 ,22,22,3654934,0,0,0,2,8,410224,0,0,0,22,22,3654934,0,0,0,2,8,410224,0,0,0
201107,16,045,4,8,Gem County                    ,1,1,163972,0,0,0,0,0,0,0,0,0,1,1,163972,0,0,0,0,0,0,0,0,0
201107,16,073,4,8,Owyhee County                 ,1,1,250000,0,0,0,0,0,0,0,0,0,1,1,250000,0,0,0,0,0,0,0,0,0
201107,17,005,2,3,Bond County                   ,4,4,739544,0,0,0,0,0,0,0,0,0,2,2,430000,0,0,0,0,0,0,0,0,0
201107,17,013,2,3,Calhoun County                ,3,3,470000,0,0,0,0,0,0,0,0,0,3,3,470000,0,0,0,0,0,0,0,0,0
201107,17,027,2,3,Clinton County                ,8,8,1303027,0,0,0,0,0,0,0,0,0,8,8,1303027,0,0,0,0,0,0,0,0,0
201107,17,031,2,3,Cook County                   ,82,82,26533721,1,2,450000,6,21,3036776,5,47,5610270,66,66,22495187,1,2,450000,6,21,3036776,3,32,4488966
201107,17,037,2,3,DeKalb County                 ,1,1,117000,0,0,0,0,0,0,0,0,0,1,1,117000,0,0,0,0,0,0,0,0,0
201107,17,039,2,3,De Witt County                ,2,2,730000,0,0,0,0,0,0,0,0,0,2,2,730000,0,0,0,0,0,0,0,0,0
201107,17,043,2,3,DuPage County                 ,54,54,16568005,0,0,0,0,0,0,0,0,0,45,45,12298480,0,0,0,0,0,0,0,0,0
201107,17,063,2,3,Grundy County                 ,8,8,2011049,0,0,0,0,0,0,1,5,256410,7,7,1850500,0,0,0,0,0,0,0,0,0
201107,17,083,2,3,Jersey County                 ,2,2,257160,0,0,0,0,0,0,1,5,289248,0,0,0,0,0,0,0,0,0,0,0,0
201107,17,089,2,3,Kane County                   ,41,41,6414514,1,2,186000,1,4,454596,0,0,0,36,36,5254177,1,2,186000,1,4,454596,0,0,0
201107,17,093,2,3,Kendall County                ,15,15,2333228,0,0,0,0,0,0,0,0,0,6,6,972833,0,0,0,0,0,0,0,0,0
201107,17,097,2,3,Lake County                   ,38,38,9609690,0,0,0,0,0,0,1,5,625000,19,19,4093611,0,0,0,0,0,0,0,0,0
201107,17,111,2,3,McHenry County                ,27,27,4712275,1,2,291398,0,0,0,0,0,0,18,18,3354905,0,0,0,0,0,0,0,0,0
201107,17,117,2,3,Macoupin County               ,3,3,604080,1,2,300000,0,0,0,0,0,0,1,1,201514,0,0,0,0,0,0,0,0,0
201107,17,119,2,3,Madison County                ,26,26,5986239,0,0,0,1,3,478250,0,0,0,17,17,4207852,0,0,0,1,3,478250,0,0,0
201107,17,133,2,3,Monroe County                 ,8,8,1447027,0,0,0,0,0,0,0,0,0,8,8,1447027,0,0,0,0,0,0,0,0,0
201107,17,163,2,3,St. Clair County              ,50,50,9508031,1,2,171429,2,7,395000,3,19,1288989,19,19,2566400,0,0,0,1,4,200000,0,0,0
201107,17,197,2,3,Will County                   ,57,57,13707562,0,0,0,0,0,0,1,5,588235,49,49,12261695,0,0,0,0,0,0,0,0,0
201107,18,001,2,3,Adams County                  ,8,8,901545,0,0,0,0,0,0,0,0,0,8,8,901545,0,0,0,0,0,0,0,0,0
201107,18,003,2,3,Allen County                  ,48,48,9511461,0,0,0,0,0,0,0,0,0,48,48,9511461,0,0,0,0,0,0,0,0,0
201107,18,011,2,3,Boone County                  ,26,26,4368819,4,8,358860,0,0,0,3,66,3584170,11,11,1630015,0,0,0,0,0,0,3,66,3584170
201107,18,013,2,3,Brown County                  ,11,11,2158636,0,0,0,0,0,0,0,0,0,0,0,0,0,0,0,0,0,0,0,0,0
201107,18,019,2,3,Clark County                  ,21,21,3650928,0,0,0,0,0,0,1,5,137500,20,20,3525928,0,0,0,0,0,0,0,0,0
201107,18,029,2,3,Dearborn County               ,3,3,873000,0,0,0,0,0,0,0,0,0,3,3,873000,0,0,0,0,0,0,0,0,0
201107,18,043,2,3,Floyd County                  ,10,10,2293850,0,0,0,0,0,0,0,0,0,8,8,2003100,0,0,0,0,0,0,0,0,0
201107,18,047,2,3,Franklin County               ,3,3,513090,0,0,0,0,0,0,0,0,0,3,3,513090,0,0,0,0,0,0,0,0,0
201107,18,049,2,3,Fulton County                 ,5,5,560000,0,0,0,0,0,0,0,0,0,5,5,560000,0,0,0,0,0,0,0,0,0
201107,18,057,2,3,Hamilton County               ,120,120,25932987,0,0,0,1,4,399698,10,81,5419233,120,120,25932987,0,0,0,1,4,399698,10,81,5419233
201107,18,059,2,3,Hancock County                ,14,14,2869399,0,0,0,0,0,0,0,0,0,14,14,2869399,0,0,0,0,0,0,0,0,0
201107,18,061,2,3,Harrison County               ,4,4,806054,0,0,0,0,0,0,0,0,0,4,4,806054,0,0,0,0,0,0,0,0,0
201107,18,063,2,3,Hendricks County              ,40,40,7547853,0,0,0,1,4,227316,10,68,3965409,38,38,7155097,0,0,0,1,4,227316,10,68,3965409
201107,18,065,2,3,Henry County                  ,3,3,1051000,0,0,0,0,0,0,0,0,0,3,3,1051000,0,0,0,0,0,0,0,0,0
201107,18,069,2,3,Huntington County             ,2,2,616500,0,0,0,0,0,0,0,0,0,2,2,616500,0,0,0,0,0,0,0,0,0
201107,18,073,2,3,Jasper County                 ,6,6,1036027,1,2,80000,0,0,0,0,0,0,6,6,1036027,1,2,80000,0,0,0,0,0,0
201107,18,079,2,3,Jennings County               ,1,1,72000,0,0,0,0,0,0,0,0,0,1,1,72000,0,0,0,0,0,0,0,0,0
201107,18,081,2,3,Johnson County                ,28,28,5701598,1,2,217800,0,0,0,0,0,0,26,26,5470460,1,2,217800,0,0,0,0,0,0
201107,18,087,2,3,Lagrange County               ,8,8,875000,0,0,0,0,0,0,0,0,0,8,8,875000,0,0,0,0,0,0,0,0,0
201107,18,089,2,3,Lake County                   ,34,34,8831615,2,4,548000,0,0,0,0,0,0,29,29,7826284,1,2,200000,0,0,0,0,0,0
201107,18,097,2,3,Marion County                 ,51,51,7192270,2,4,414000,0,0,0,0,0,0,51,51,7192270,2,4,414000,0,0,0,0,0,0
201107,18,105,2,3,Monroe County                 ,7,7,1171017,1,2,191294,0,0,0,0,0,0,7,7,1171017,1,2,191294,0,0,0,0,0,0
201107,18,109,2,3,Morgan County                 ,11,11,1279628,0,0,0,0,0,0,0,0,0,11,11,1279628,0,0,0,0,0,0,0,0,0
201107,18,111,2,3,Newton County                 ,0,0,0,0,0,0,0,0,0,0,0,0,0,0,0,0,0,0,0,0,0,0,0,0
201107,18,115,2,3,Ohio County                   ,1,1,110000,0,0,0,0,0,0,0,0,0,1,1,110000,0,0,0,0,0,0,0,0,0
201107,18,125,2,3,Pike County                   ,2,2,360000,0,0,0,0,0,0,0,0,0,2,2,360000,0,0,0,0,0,0,0,0,0
201107,18,127,2,3,Porter County                 ,14,14,3885177,0,0,0,1,4,720802,0,0,0,12,12,3212923,0,0,0,1,4,720802,0,0,0
201107,18,133,2,3,Putnam County                 ,5,5,855000,0,0,0,0,0,0,0,0,0,5,5,855000,0,0,0,0,0,0,0,0,0
201107,18,145,2,3,Shelby County                 ,2,2,265000,0,0,0,1,3,0,0,0,0,2,2,265000,0,0,0,0,0,0,0,0,0
201107,18,155,2,3,Switzerland County            ,4,4,233065,0,0,0,0,0,0,0,0,0,0,0,0,0,0,0,0,0,0,0,0,0
201107,18,157,2,3,Tippecanoe County             ,27,27,5237599,0,0,0,0,0,0,0,0,0,7,7,1291000,0,0,0,0,0,0,0,0,0
201107,18,163,2,3,Vanderburgh County            ,19,19,2369634,0,0,0,0,0,0,1,5,250000,0,0,0,0,0,0,0,0,0,0,0,0
201107,18,167,2,3,Vigo County                   ,10,10,1577928,6,12,582000,0,0,0,0,0,0,6,6,1171000,5,10,500000,0,0,0,0,0,0
201107,18,175,2,3,Washington County             ,2,2,274685,0,0,0,0,0,0,0,0,0,0,0,0,0,0,0,0,0,0,0,0,0
201107,18,179,2,3,Wells County                  ,2,2,403027,0,0,0,0,0,0,0,0,0,2,2,403027,0,0,0,0,0,0,0,0,0
201107,18,181,2,3,White County                  ,1,1,475000,0,0,0,0,0,0,0,0,0,1,1,475000,0,0,0,0,0,0,0,0,0
201107,18,183,2,3,Whitley County                ,5,5,828000,1,2,261500,0,0,0,0,0,0,5,5,828000,1,2,261500,0,0,0,0,0,0
201107,19,049,2,4,Dallas County                 ,25,25,5143727,0,0,0,0,0,0,0,0,0,25,25,5143727,0,0,0,0,0,0,0,0,0
201107,19,077,2,4,Guthrie County                ,1,1,271000,0,0,0,0,0,0,0,0,0,0,0,0,0,0,0,0,0,0,0,0,0
201107,19,085,2,4,Harrison County               ,2,2,200000,0,0,0,0,0,0,0,0,0,2,2,200000,0,0,0,0,0,0,0,0,0
201107,19,121,2,4,Madison County                ,6,6,950608,0,0,0,0,0,0,0,0,0,3,3,383000,0,0,0,0,0,0,0,0,0
201107,19,129,2,4,Mills County                  ,0,0,0,0,0,0,0,0,0,0,0,0,0,0,0,0,0,0,0,0,0,0,0,0
201107,19,153,2,4,Polk County                   ,114,114,24928193,0,0,0,0,0,0,1,16,800000,114,114,24928193,0,0,0,0,0,0,1,16,800000
201107,19,155,2,4,Pottawattamie County          ,13,13,1898274,0,0,0,0,0,0,0,0,0,3,3,481353,0,0,0,0,0,0,0,0,0
201107,19,181,2,4,Warren County                 ,12,12,3080336,1,2,223000,0,0,0,0,0,0,9,9,2219522,1,2,223000,0,0,0,0,0,0
201107,20,055,2,4,Finney County                 ,0,0,0,0,0,0,0,0,0,0,0,0,0,0,0,0,0,0,0,0,0,0,0,0
201107,20,059,2,4,Franklin County               ,3,3,607093,0,0,0,0,0,0,0,0,0,1,1,242133,0,0,0,0,0,0,0,0,0
201107,20,063,2,4,Gove County                   ,0,0,0,0,0,0,0,0,0,0,0,0,0,0,0,0,0,0,0,0,0,0,0,0
201107,20,091,2,4,Johnson County                ,84,84,26365968,0,0,0,0,0,0,10,108,6154400,46,46,13534867,0,0,0,0,0,0,10,108,6154400
201107,20,103,2,4,Leavenworth County            ,6,6,890435,0,0,0,0,0,0,3,48,3597609,6,6,890435,0,0,0,0,0,0,3,48,3597609
201107,20,107,2,4,Linn County                   ,1,1,147822,0,0,0,0,0,0,0,0,0,0,0,0,0,0,0,0,0,0,0,0,0
201107,20,121,2,4,Miami County                  ,3,3,567546,0,0,0,0,0,0,0,0,0,1,1,135000,0,0,0,0,0,0,0,0,0
201107,20,129,2,4,Morton County                 ,0,0,0,0,0,0,0,0,0,0,0,0,0,0,0,0,0,0,0,0,0,0,0,0
201107,20,151,2,4,Pratt County                  ,0,0,0,0,0,0,0,0,0,0,0,0,0,0,0,0,0,0,0,0,0,0,0,0
201107,20,183,2,4,Smith County                  ,0,0,0,0,0,0,0,0,0,0,0,0,0,0,0,0,0,0,0,0,0,0,0,0
201107,20,209,2,4,Wyandotte County              ,9,9,1675063,0,0,0,0,0,0,0,0,0,9,9,1675063,0,0,0,0,0,0,0,0,0
201107,21,005,3,6,Anderson County               ,2,2,333028,0,0,0,0,0,0,0,0,0,2,2,333028,0,0,0,0,0,0,0,0,0
201107,21,015,3,6,Boone County                  ,35,35,6454290,0,0,0,0,0,0,0,0,0,35,35,6454290,0,0,0,0,0,0,0,0,0
201107,21,021,3,6,Boyle County                  ,1,1,250000,0,0,0,0,0,0,0,0,0,1,1,250000,0,0,0,0,0,0,0,0,0
201107,21,029,3,6,Bullitt County                ,18,18,2943950,1,2,269900,0,0,0,0,0,0,18,18,2943950,1,2,269900,0,0,0,0,0,0
201107,21,037,3,6,Campbell County               ,14,14,2707057,0,0,0,0,0,0,0,0,0,13,13,2590057,0,0,0,0,0,0,0,0,0
201107,21,049,3,6,Clark County                  ,4,4,742945,0,0,0,0,0,0,0,0,0,0,0,0,0,0,0,0,0,0,0,0,0
201107,21,053,3,6,Clinton County                ,0,0,0,0,0,0,0,0,0,0,0,0,0,0,0,0,0,0,0,0,0,0,0,0
201107,21,059,3,6,Daviess County                ,21,21,2009113,0,0,0,0,0,0,0,0,0,21,21,2009113,0,0,0,0,0,0,0,0,0
201107,21,067,3,6,Fayette County                ,23,23,4443000,0,0,0,1,4,550000,1,62,5276000,23,23,4443000,0,0,0,1,4,550000,1,62,5276000
201107,21,077,3,6,Gallatin County               ,6,6,1106450,0,0,0,0,0,0,0,0,0,6,6,1106450,0,0,0,0,0,0,0,0,0
201107,21,081,3,6,Grant County                  ,3,3,552427,0,0,0,0,0,0,0,0,0,0,0,0,0,0,0,0,0,0,0,0,0
201107,21,103,3,6,Henry County                  ,2,2,375000,0,0,0,0,0,0,0,0,0,2,2,375000,0,0,0,0,0,0,0,0,0
201107,21,111,3,6,Jefferson County              ,44,44,8899479,0,0,0,1,4,200000,0,0,0,44,44,8899479,0,0,0,1,4,200000,0,0,0
201107,21,113,3,6,Jessamine County              ,14,14,3050054,0,0,0,0,0,0,0,0,0,2,2,315000,0,0,0,0,0,0,0,0,0
201107,21,117,3,6,Kenton County                 ,25,25,4383057,0,0,0,0,0,0,1,5,321071,25,25,4383057,0,0,0,0,0,0,0,0,0
201107,21,137,3,6,Lincoln County                ,0,0,0,0,0,0,0,0,0,0,0,0,0,0,0,0,0,0,0,0,0,0,0,0
201107,21,151,3,6,Madison County                ,10,10,830271,2,4,244512,0,0,0,1,5,168572,5,5,394000,1,2,115000,0,0,0,0,0,0
201107,21,157,3,6,Marshall County               ,3,3,473514,0,0,0,0,0,0,1,5,277778,0,0,0,0,0,0,0,0,0,0,0,0
201107,21,163,3,6,Meade County                  ,5,5,540057,1,2,66000,0,0,0,0,0,0,4,4,402000,0,0,0,0,0,0,0,0,0
201107,21,167,3,6,Mercer County                 ,2,2,263618,0,0,0,0,0,0,0,0,0,0,0,0,0,0,0,0,0,0,0,0,0
201107,21,179,3,6,Nelson County                 ,7,7,793000,0,0,0,0,0,0,1,8,240000,7,7,793000,0,0,0,0,0,0,1,8,240000
201107,21,185,3,6,Oldham County                 ,9,9,2046070,0,0,0,0,0,0,0,0,0,0,0,0,0,0,0,0,0,0,0,0,0
201107,21,191,3,6,Pendleton County              ,0,0,0,0,0,0,0,0,0,0,0,0,0,0,0,0,0,0,0,0,0,0,0,0
201107,21,205,3,6,Rowan County                  ,0,0,0,0,0,0,0,0,0,0,0,0,0,0,0,0,0,0,0,0,0,0,0,0
201107,21,209,3,6,Scott County                  ,11,11,1235900,0,0,0,0,0,0,0,0,0,11,11,1235900,0,0,0,0,0,0,0,0,0
201107,21,211,3,6,Shelby County                 ,4,4,520000,0,0,0,0,0,0,0,0,0,4,4,520000,0,0,0,0,0,0,0,0,0
201107,21,213,3,6,Simpson County                ,3,3,532000,0,0,0,0,0,0,0,0,0,3,3,532000,0,0,0,0,0,0,0,0,0
201107,21,215,3,6,Spencer County                ,4,4,737633,0,0,0,0,0,0,0,0,0,4,4,737633,0,0,0,0,0,0,0,0,0
201107,21,221,3,6,Trigg County                  ,1,1,75000,0,0,0,0,0,0,0,0,0,1,1,75000,0,0,0,0,0,0,0,0,0
201107,21,239,3,6,Woodford County               ,6,6,891500,0,0,0,0,0,0,0,0,0,6,6,891500,0,0,0,0,0,0,0,0,0
201107,22,009,3,7,Avoyelles Parish              ,2,2,232670,0,0,0,0,0,0,0,0,0,0,0,0,0,0,0,0,0,0,0,0,0
201107,22,017,3,7,Caddo Parish                  ,17,17,4707736,0,0,0,0,0,0,0,0,0,17,17,4707736,0,0,0,0,0,0,0,0,0
201107,22,039,3,7,Evangeline Parish             ,1,1,270000,0,0,0,0,0,0,0,0,0,1,1,270000,0,0,0,0,0,0,0,0,0
201107,22,051,3,7,Jefferson Parish              ,16,16,3821430,0,0,0,0,0,0,0,0,0,15,15,3681300,0,0,0,0,0,0,0,0,0
201107,22,071,3,7,Orleans Parish                ,67,67,10445439,6,12,1094439,0,0,0,1,12,1480358,0,0,0,0,0,0,0,0,0,0,0,0
201107,22,075,3,7,Plaquemines Parish            ,0,0,0,0,0,0,0,0,0,0,0,0,0,0,0,0,0,0,0,0,0,0,0,0
201107,22,077,3,7,Pointe Coupee Parish          ,0,0,0,0,0,0,0,0,0,0,0,0,0,0,0,0,0,0,0,0,0,0,0,0
201107,22,087,3,7,St. Bernard Parish            ,1,1,200000,0,0,0,0,0,0,0,0,0,1,1,200000,0,0,0,0,0,0,0,0,0
201107,22,089,3,7,St. Charles Parish            ,7,7,1027701,0,0,0,0,0,0,0,0,0,0,0,0,0,0,0,0,0,0,0,0,0
201107,22,091,3,7,St. Helena Parish             ,0,0,0,0,0,0,0,0,0,0,0,0,0,0,0,0,0,0,0,0,0,0,0,0
201107,22,095,3,7,St. John the Baptist Parish   ,4,4,621615,0,0,0,0,0,0,0,0,0,0,0,0,0,0,0,0,0,0,0,0,0
201107,22,103,3,7,St. Tammany Parish            ,52,52,7345564,0,0,0,0,0,0,0,0,0,52,52,7345564,0,0,0,0,0,0,0,0,0
201107,22,105,3,7,Tangipahoa Parish             ,35,35,4891339,0,0,0,0,0,0,0,0,0,34,34,4786895,0,0,0,0,0,0,0,0,0
201107,22,109,3,7,Terrebonne Parish             ,14,14,4317705,0,0,0,0,0,0,0,0,0,14,14,4317705,0,0,0,0,0,0,0,0,0
201107,22,117,3,7,Washington Parish             ,6,6,786000,0,0,0,0,0,0,0,0,0,6,6,786000,0,0,0,0,0,0,0,0,0
201107,23,000,1,1,Maine Unorganized Territory   ,7,7,929601,0,0,0,0,0,0,0,0,0,0,0,0,0,0,0,0,0,0,0,0,0
201107,24,003,3,5,Anne Arundel County           ,69,69,12723238,0,0,0,0,0,0,0,0,0,68,68,12539764,0,0,0,0,0,0,0,0,0
201107,24,005,3,5,Baltimore County              ,33,33,6085474,0,0,0,0,0,0,0,0,0,33,33,6085474,0,0,0,0,0,0,0,0,0
201107,24,009,3,5,Calvert County                ,24,24,4425799,0,0,0,0,0,0,0,0,0,24,24,4425799,0,0,0,0,0,0,0,0,0
201107,24,013,3,5,Carroll County                ,18,18,3319349,0,0,0,0,0,0,1,12,1140000,18,18,3319349,0,0,0,0,0,0,1,12,1140000
201107,24,015,3,5,Cecil County                  ,24,24,4162983,0,0,0,0,0,0,1,5,475574,1,1,90000,0,0,0,0,0,0,0,0,0
201107,24,017,3,5,Charles County                ,52,52,12163631,0,0,0,0,0,0,0,0,0,49,49,11815000,0,0,0,0,0,0,0,0,0
201107,24,021,3,5,Frederick County              ,70,70,14412112,0,0,0,0,0,0,1,5,492934,13,13,2831330,0,0,0,0,0,0,0,0,0
201107,24,023,3,5,Garrett County                ,6,6,1388000,0,0,0,0,0,0,0,0,0,6,6,1388000,0,0,0,0,0,0,0,0,0
201107,24,025,3,5,Harford County                ,46,46,7205524,0,0,0,0,0,0,1,14,1680000,45,45,7049024,0,0,0,0,0,0,1,14,1680000
201107,24,027,3,5,Howard County                 ,76,76,15914360,0,0,0,0,0,0,1,28,2516093,0,0,0,0,0,0,0,0,0,0,0,0
201107,24,031,3,5,Montgomery County             ,104,104,19158146,10,20,3500000,0,0,0,1,222,24000000,104,104,19158146,10,20,3500000,0,0,0,1,222,24000000
201107,24,033,3,5,Prince George County          ,51,51,8755550,0,0,0,0,0,0,0,0,0,49,49,8530000,0,0,0,0,0,0,0,0,0
201107,24,035,3,5,Queen Anne County             ,8,8,1540858,0,0,0,0,0,0,0,0,0,8,8,1540858,0,0,0,0,0,0,0,0,0
201107,24,510,3,5,Baltimore (Independent City)  ,10,10,1256496,0,0,0,0,0,0,1,32,3910128,0,0,0,0,0,0,0,0,0,0,0,0
201107,25,009,1,1,Essex County                  ,47,47,17514575,2,4,389399,1,4,440000,2,10,879833,33,33,13981761,0,0,0,1,4,440000,0,0,0
201107,25,017,1,1,Middlesex County              ,88,88,24157499,1,2,217184,0,0,0,2,10,830205,75,75,21421924,0,0,0,0,0,0,0,0,0
201107,25,019,1,1,Nantucket County              ,8,8,9163300,0,0,0,0,0,0,0,0,0,8,8,9163300,0,0,0,0,0,0,0,0,0
201107,25,021,1,1,Norfolk County                ,36,36,13429785,0,0,0,0,0,0,1,5,507389,23,23,9371100,0,0,0,0,0,0,0,0,0
201107,25,023,1,1,Plymouth County               ,51,51,11020531,0,0,0,0,0,0,1,5,434281,34,34,8140602,0,0,0,0,0,0,0,0,0
201107,25,025,1,1,Suffolk County                ,0,0,0,4,8,1062460,1,3,230000,1,6,353571,0,0,0,3,6,840000,1,3,230000,0,0,0
201107,26,000,2,3,Michigan Balance of State     ,4,4,580697,0,0,0,0,0,0,0,0,0,0,0,0,0,0,0,0,0,0,0,0,0
201107,26,001,2,3,Alcona County                 ,2,2,200954,0,0,0,0,0,0,0,0,0,0,0,0,0,0,0,0,0,0,0,0,0
201107,26,009,2,3,Antrim County                 ,4,4,762615,0,0,0,0,0,0,0,0,0,0,0,0,0,0,0,0,0,0,0,0,0
201107,26,015,2,3,Barry County                  ,7,7,785858,0,0,0,0,0,0,0,0,0,0,0,0,0,0,0,0,0,0,0,0,0
201107,26,019,2,3,Benzie County                 ,4,4,1096512,0,0,0,0,0,0,0,0,0,4,4,1096512,0,0,0,0,0,0,0,0,0
201107,26,029,2,3,Charlevoix County             ,5,5,1140347,0,0,0,0,0,0,1,5,439587,0,0,0,0,0,0,0,0,0,0,0,0
201107,26,031,2,3,Cheboygan County              ,4,4,735000,0,0,0,0,0,0,0,0,0,4,4,735000,0,0,0,0,0,0,0,0,0
201107,26,047,2,3,Emmet County                  ,4,4,847283,0,0,0,0,0,0,0,0,0,4,4,847283,0,0,0,0,0,0,0,0,0
201107,26,051,2,3,Gladwin County                ,3,3,501864,0,0,0,0,0,0,0,0,0,3,3,501864,0,0,0,0,0,0,0,0,0
201107,26,059,2,3,Hillsdale County              ,4,4,659940,0,0,0,0,0,0,0,0,0,0,0,0,0,0,0,0,0,0,0,0,0
201107,26,067,2,3,Ionia County                  ,2,2,338812,0,0,0,0,0,0,0,0,0,0,0,0,0,0,0,0,0,0,0,0,0
201107,26,079,2,3,Kalkaska County               ,5,5,1020000,0,0,0,0,0,0,0,0,0,5,5,1020000,0,0,0,0,0,0,0,0,0
201107,26,081,2,3,Kent County                   ,66,66,13446359,0,0,0,0,0,0,0,0,0,58,58,11944338,0,0,0,0,0,0,0,0,0
201107,26,085,2,3,Lake County                   ,4,4,114981,0,0,0,0,0,0,0,0,0,0,0,0,0,0,0,0,0,0,0,0,0
201107,26,087,2,3,Lapeer County                 ,1,1,135000,0,0,0,0,0,0,0,0,0,1,1,135000,0,0,0,0,0,0,0,0,0
201107,26,089,2,3,Leelanau County               ,6,6,1459810,0,0,0,0,0,0,0,0,0,6,6,1459810,0,0,0,0,0,0,0,0,0
201107,26,093,2,3,Livingston County             ,20,20,5204407,0,0,0,0,0,0,0,0,0,18,18,5000263,0,0,0,0,0,0,0,0,0
201107,26,099,2,3,Macomb County                 ,88,88,20092781,0,0,0,0,0,0,6,101,7166457,88,88,20092781,0,0,0,0,0,0,5,96,6928984
201107,26,103,2,3,Marquette County              ,12,12,1883500,0,0,0,0,0,0,0,0,0,12,12,1883500,0,0,0,0,0,0,0,0,0
201107,26,113,2,3,Missaukee County              ,1,1,160308,0,0,0,0,0,0,0,0,0,0,0,0,0,0,0,0,0,0,0,0,0
201107,26,123,2,3,Newaygo County                ,2,2,262607,0,0,0,0,0,0,0,0,0,1,1,150000,0,0,0,0,0,0,0,0,0
201107,26,125,2,3,Oakland County                ,105,105,23041783,0,0,0,1,4,317948,0,0,0,92,92,19304419,0,0,0,0,0,0,0,0,0
201107,26,129,2,3,Ogemaw County                 ,2,2,334576,0,0,0,0,0,0,0,0,0,2,2,334576,0,0,0,0,0,0,0,0,0
201107,26,133,2,3,Osceola County                ,2,2,65000,0,0,0,0,0,0,0,0,0,2,2,65000,0,0,0,0,0,0,0,0,0
201107,26,137,2,3,Otsego County                 ,1,1,165775,0,0,0,0,0,0,0,0,0,0,0,0,0,0,0,0,0,0,0,0,0
201107,26,141,2,3,Presque Isle County           ,3,3,470000,0,0,0,0,0,0,0,0,0,3,3,470000,0,0,0,0,0,0,0,0,0
201107,26,147,2,3,St. Clair County              ,4,4,700115,0,0,0,0,0,0,0,0,0,3,3,621514,0,0,0,0,0,0,0,0,0
201107,26,163,2,3,Wayne County                  ,44,44,9332372,0,0,0,3,12,1464219,8,40,5045379,41,41,8862586,0,0,0,3,12,1464219,8,40,5045379
201107,27,003,2,4,Anoka County                  ,57,57,11489025,0,0,0,0,0,0,0,0,0,51,51,10208467,0,0,0,0,0,0,0,0,0
201107,27,019,2,4,Carver County                 ,77,77,20506482,0,0,0,0,0,0,0,0,0,76,76,20370863,0,0,0,0,0,0,0,0,0
201107,27,025,2,4,Chisago County                ,3,3,455880,0,0,0,0,0,0,0,0,0,3,3,455880,0,0,0,0,0,0,0,0,0
201107,27,037,2,4,Dakota County                 ,27,27,7886526,1,2,154322,0,0,0,0,0,0,25,25,7297336,1,2,154322,0,0,0,0,0,0
201107,27,053,2,4,Hennepin County               ,73,73,23511711,0,0,0,0,0,0,1,120,11600000,71,71,22586711,0,0,0,0,0,0,1,120,11600000
201107,27,059,2,4,Isanti County                 ,2,2,316893,0,0,0,0,0,0,0,0,0,1,1,164293,0,0,0,0,0,0,0,0,0
201107,27,123,2,4,Ramsey County                 ,7,7,1987309,0,0,0,0,0,0,3,18,900000,6,6,1617809,0,0,0,0,0,0,3,18,900000
201107,27,139,2,4,Scott County                  ,36,36,7960669,0,0,0,0,0,0,0,0,0,35,35,7750877,0,0,0,0,0,0,0,0,0
201107,27,141,2,4,Sherburne County              ,8,8,1276240,0,0,0,0,0,0,0,0,0,6,6,1031000,0,0,0,0,0,0,0,0,0
201107,27,163,2,4,Washington County             ,49,49,11984331,0,0,0,0,0,0,1,36,3727000,49,49,11984331,0,0,0,0,0,0,1,36,3727000
201107,27,171,2,4,Wright County                 ,17,17,3772670,0,0,0,0,0,0,0,0,0,16,16,3581130,0,0,0,0,0,0,0,0,0
201107,28,021,3,6,Claiborne County              ,0,0,0,0,0,0,0,0,0,0,0,0,0,0,0,0,0,0,0,0,0,0,0,0
201107,28,033,3,6,DeSoto County                 ,36,36,5158129,0,0,0,0,0,0,0,0,0,27,27,3860388,0,0,0,0,0,0,0,0,0
201107,28,039,3,6,George County                 ,0,0,0,0,0,0,0,0,0,0,0,0,0,0,0,0,0,0,0,0,0,0,0,0
201107,28,071,3,6,Lafayette County              ,2,2,1201000,0,0,0,0,0,0,0,0,0,2,2,1201000,0,0,0,0,0,0,0,0,0
201107,28,091,3,6,Marion County                 ,0,0,0,0,0,0,0,0,0,0,0,0,0,0,0,0,0,0,0,0,0,0,0,0
201107,28,093,3,6,Marshall County               ,3,3,506733,0,0,0,0,0,0,0,0,0,0,0,0,0,0,0,0,0,0,0,0,0
201107,28,137,3,6,Tate County                   ,4,4,358660,0,0,0,0,0,0,0,0,0,0,0,0,0,0,0,0,0,0,0,0,0
201107,28,143,3,6,Tunica County                 ,1,1,80319,0,0,0,0,0,0,0,0,0,0,0,0,0,0,0,0,0,0,0,0,0
201107,28,153,3,6,Wayne County                  ,1,1,20000,0,0,0,0,0,0,0,0,0,1,1,20000,0,0,0,0,0,0,0,0,0
201107,29,001,2,4,Adair County                  ,1,1,499547,0,0,0,2,8,535334,0,0,0,1,1,499547,0,0,0,2,8,535334,0,0,0
201107,29,013,2,4,Bates County                  ,0,0,0,0,0,0,0,0,0,0,0,0,0,0,0,0,0,0,0,0,0,0,0,0
201107,29,019,2,4,Boone County                  ,31,31,6072015,0,0,0,0,0,0,1,8,500000,31,31,6072015,0,0,0,0,0,0,1,8,500000
201107,29,025,2,4,Caldwell County               ,1,1,196647,0,0,0,0,0,0,0,0,0,0,0,0,0,0,0,0,0,0,0,0,0
201107,29,037,2,4,Cass County                   ,14,14,3033525,0,0,0,0,0,0,0,0,0,14,14,3033525,0,0,0,0,0,0,0,0,0
201107,29,047,2,4,Clay County                   ,12,12,2498260,0,0,0,0,0,0,0,0,0,10,10,2164522,0,0,0,0,0,0,0,0,0
201107,29,049,2,4,Clinton County                ,1,1,207814,0,0,0,0,0,0,0,0,0,0,0,0,0,0,0,0,0,0,0,0,0
201107,29,051,2,4,Cole County                   ,14,14,2429311,1,2,208615,0,0,0,0,0,0,7,7,976000,0,0,0,0,0,0,0,0,0
201107,29,065,2,4,Dent County                   ,0,0,0,0,0,0,0,0,0,0,0,0,0,0,0,0,0,0,0,0,0,0,0,0
201107,29,071,2,4,Franklin County               ,18,18,2705288,1,2,200000,0,0,0,0,0,0,18,18,2705288,1,2,200000,0,0,0,0,0,0
201107,29,079,2,4,Grundy County                 ,0,0,0,0,0,0,0,0,0,0,0,0,0,0,0,0,0,0,0,0,0,0,0,0
201107,29,095,2,4,Jackson County                ,56,56,11372336,8,16,1598000,0,0,0,0,0,0,54,54,11130919,8,16,1598000,0,0,0,0,0,0
201107,29,099,2,4,Jefferson County              ,36,36,4528060,2,4,400592,1,3,465000,0,0,0,35,35,4439393,2,4,400592,0,0,0,0,0,0
201107,29,105,2,4,Laclede County                ,2,2,417237,2,4,290986,0,0,0,0,0,0,0,0,0,0,0,0,0,0,0,0,0,0
201107,29,107,2,4,Lafayette County              ,1,1,201514,0,0,0,0,0,0,0,0,0,1,1,201514,0,0,0,0,0,0,0,0,0
201107,29,113,2,4,Lincoln County                ,20,20,2075896,0,0,0,0,0,0,0,0,0,20,20,2075896,0,0,0,0,0,0,0,0,0
201107,29,141,2,4,Morgan County                 ,0,0,0,0,0,0,0,0,0,0,0,0,0,0,0,0,0,0,0,0,0,0,0,0
201107,29,161,2,4,Phelps County                 ,0,0,0,2,4,491230,0,0,0,0,0,0,0,0,0,2,4,491230,0,0,0,0,0,0
201107,29,165,2,4,Platte County                 ,12,12,3189917,0,0,0,0,0,0,0,0,0,11,11,3112700,0,0,0,0,0,0,0,0,0
201107,29,177,2,4,Ray County                    ,1,1,125750,0,0,0,0,0,0,0,0,0,0,0,0,0,0,0,0,0,0,0,0,0
201107,29,183,2,4,St. Charles County            ,102,102,26593545,1,2,192000,1,3,284000,0,0,0,102,102,26593545,1,2,192000,1,3,284000,0,0,0
201107,29,189,2,4,St. Louis County              ,55,55,18334858,0,0,0,0,0,0,2,15,1949696,21,21,6209119,0,0,0,0,0,0,0,0,0
201107,29,219,2,4,Warren County                 ,11,11,2357623,0,0,0,0,0,0,0,0,0,11,11,2357623,0,0,0,0,0,0,0,0,0
201107,29,221,2,4,Washington County             ,0,0,0,0,0,0,0,0,0,0,0,0,0,0,0,0,0,0,0,0,0,0,0,0
201107,29,510,2,4,St. Louis (Independent City)  ,16,16,2049000,0,0,0,0,0,0,0,0,0,16,16,2049000,0,0,0,0,0,0,0,0,0
201107,30,023,4,8,Deer Lodge County             ,4,4,888230,0,0,0,0,0,0,0,0,0,4,4,888230,0,0,0,0,0,0,0,0,0
201107,30,063,4,8,Missoula County               ,9,9,1431217,0,0,0,0,0,0,1,16,705889,9,9,1431217,0,0,0,0,0,0,1,16,705889
201107,31,025,2,4,Cass County                   ,5,5,1028546,0,0,0,0,0,0,0,0,0,5,5,1028546,0,0,0,0,0,0,0,0,0
201107,31,033,2,4,Cheyenne County               ,1,1,201514,0,0,0,0,0,0,0,0,0,1,1,201514,0,0,0,0,0,0,0,0,0
201107,31,055,2,4,Douglas County                ,157,157,19445724,1,2,123333,0,0,0,1,28,1657020,153,153,18656020,0,0,0,0,0,0,0,0,0
201107,31,077,2,4,Greeley County                ,0,0,0,0,0,0,0,0,0,0,0,0,0,0,0,0,0,0,0,0,0,0,0,0
201107,31,105,2,4,Kimball County                ,0,0,0,0,0,0,0,0,0,0,0,0,0,0,0,0,0,0,0,0,0,0,0,0
201107,31,153,2,4,Sarpy County                  ,65,65,13508165,0,0,0,0,0,0,1,24,1318623,44,44,9326676,0,0,0,0,0,0,0,0,0
201107,31,155,2,4,Saunders County               ,2,2,188364,0,0,0,0,0,0,0,0,0,2,2,188364,0,0,0,0,0,0,0,0,0
201107,31,177,2,4,Washington County             ,3,3,564777,0,0,0,0,0,0,0,0,0,3,3,564777,0,0,0,0,0,0,0,0,0
201107,32,001,4,8,Churchill County              ,1,1,222755,0,0,0,0,0,0,0,0,0,1,1,222755,0,0,0,0,0,0,0,0,0
201107,32,003,4,8,Clark County                  ,287,287,44638044,0,0,0,2,6,521920,0,0,0,287,287,44638044,0,0,0,2,6,521920,0,0,0
201107,32,005,4,8,Douglas County                ,1,1,147164,0,0,0,0,0,0,0,0,0,1,1,147164,0,0,0,0,0,0,0,0,0
201107,32,007,4,8,Elko County                   ,14,14,2261847,0,0,0,0,0,0,0,0,0,14,14,2261847,0,0,0,0,0,0,0,0,0
201107,32,013,4,8,Humboldt County               ,1,1,88458,0,0,0,0,0,0,0,0,0,0,0,0,0,0,0,0,0,0,0,0,0
201107,32,015,4,8,Lander County                 ,2,2,319000,0,0,0,0,0,0,0,0,0,2,2,319000,0,0,0,0,0,0,0,0,0
201107,32,017,4,8,Lincoln County                ,1,1,159152,0,0,0,0,0,0,0,0,0,0,0,0,0,0,0,0,0,0,0,0,0
201107,32,019,4,8,Lyon County                   ,7,7,1313892,0,0,0,0,0,0,0,0,0,6,6,1089892,0,0,0,0,0,0,0,0,0
201107,32,021,4,8,Mineral County                ,0,0,0,0,0,0,0,0,0,0,0,0,0,0,0,0,0,0,0,0,0,0,0,0
201107,32,027,4,8,Pershing County               ,0,0,0,0,0,0,0,0,0,0,0,0,0,0,0,0,0,0,0,0,0,0,0,0
201107,32,029,4,8,Storey County                 ,1,1,167527,0,0,0,0,0,0,0,0,0,0,0,0,0,0,0,0,0,0,0,0,0
201107,32,031,4,8,Washoe County                 ,46,46,11800839,0,0,0,0,0,0,0,0,0,44,44,11035585,0,0,0,0,0,0,0,0,0
201107,32,033,4,8,White Pine County             ,0,0,0,0,0,0,0,0,0,0,0,0,0,0,0,0,0,0,0,0,0,0,0,0
201107,32,510,4,8,Carson City (Independent City),1,1,244143,0,0,0,0,0,0,0,0,0,1,1,244143,0,0,0,0,0,0,0,0,0
201107,33,015,1,1,Rockingham County             ,39,39,8478508,0,0,0,1,4,345980,0,0,0,32,32,7070673,0,0,0,1,4,345980,0,0,0
201107,33,017,1,1,Strafford County              ,19,19,3076374,0,0,0,0,0,0,0,0,0,11,11,1660090,0,0,0,0,0,0,0,0,0
201107,34,001,1,2,Atlantic County               ,31,31,5023779,0,0,0,0,0,0,1,5,1098352,21,21,3821667,0,0,0,0,0,0,0,0,0
201107,34,003,1,2,Bergen County                 ,30,30,17770266,6,12,1725122,2,6,154000,6,147,5410522,10,10,10306000,2,4,743000,2,6,154000,3,132,4014000
201107,34,005,1,2,Burlington County             ,30,30,5977395,0,0,0,0,0,0,3,15,971548,11,11,2553900,0,0,0,0,0,0,0,0,0
201107,34,007,1,2,Camden County                 ,13,13,1678465,0,0,0,0,0,0,0,0,0,3,3,375450,0,0,0,0,0,0,0,0,0
201107,34,009,1,2,Cape May County               ,22,22,5567565,0,0,0,0,0,0,0,0,0,20,20,5200028,0,0,0,0,0,0,0,0,0
201107,34,011,1,2,Cumberland County             ,14,14,1659824,0,0,0,0,0,0,0,0,0,8,8,816685,0,0,0,0,0,0,0,0,0
201107,34,013,1,2,Essex County                  ,17,17,5321566,2,4,289900,0,0,0,1,5,577393,10,10,4373780,0,0,0,0,0,0,0,0,0
201107,34,015,1,2,Gloucester County             ,30,30,3740144,0,0,0,0,0,0,0,0,0,26,26,3309975,0,0,0,0,0,0,0,0,0
201107,34,017,1,2,Hudson County                 ,6,6,788586,1,2,29600,0,0,0,2,172,1559894,4,4,459200,1,2,29600,0,0,0,1,158,650000
201107,34,019,1,2,Hunterdon County              ,14,14,2449871,0,0,0,0,0,0,1,5,487240,5,5,1600900,0,0,0,0,0,0,0,0,0
201107,34,021,1,2,Mercer County                 ,9,9,1684638,0,0,0,0,0,0,0,0,0,4,4,810750,0,0,0,0,0,0,0,0,0
201107,34,023,1,2,Middlesex County              ,54,54,8827646,0,0,0,0,0,0,3,19,1269785,45,45,7416527,0,0,0,0,0,0,0,0,0
201107,34,025,1,2,Monmouth County               ,50,50,9283906,0,0,0,0,0,0,0,0,0,42,42,8007026,0,0,0,0,0,0,0,0,0
201107,34,027,1,2,Morris County                 ,28,28,6940899,0,0,0,0,0,0,0,0,0,17,17,4316805,0,0,0,0,0,0,0,0,0
201107,34,029,1,2,Ocean County                  ,44,44,6993924,0,0,0,0,0,0,0,0,0,31,31,4357649,0,0,0,0,0,0,0,0,0
201107,34,031,1,2,Passaic County                ,9,9,1414883,0,0,0,0,0,0,2,11,943162,1,1,22000,0,0,0,0,0,0,1,6,786852
201107,34,033,1,2,Salem County                  ,3,3,345461,0,0,0,0,0,0,0,0,0,2,2,242000,0,0,0,0,0,0,0,0,0
201107,34,035,1,2,Somerset County               ,36,36,6030366,0,0,0,0,0,0,2,10,1052083,31,31,5265791,0,0,0,0,0,0,0,0,0
201107,34,037,1,2,Sussex County                 ,14,14,2966397,1,2,41350,0,0,0,0,0,0,5,5,1168447,0,0,0,0,0,0,0,0,0
201107,34,039,1,2,Union County                  ,12,12,2128058,2,4,303570,1,3,181466,5,34,1420908,7,7,1191753,0,0,0,0,0,0,2,15,825000
201107,34,041,1,2,Warren County                 ,23,23,2884051,0,0,0,0,0,0,1,5,312500,18,18,2053118,0,0,0,0,0,0,0,0,0
201107,35,000,4,8,New Mexico Balance of State   ,73,73,15629871,0,0,0,0,0,0,0,0,0,73,73,15629871,0,0,0,0,0,0,0,0,0
201107,35,001,4,8,Bernalillo County             ,71,71,13004786,0,0,0,0,0,0,1,17,1323811,7,7,1650932,0,0,0,0,0,0,0,0,0
201107,35,005,4,8,Chaves County                 ,1,1,144522,0,0,0,0,0,0,0,0,0,1,1,144522,0,0,0,0,0,0,0,0,0
201107,35,007,4,8,Colfax County                 ,1,1,421860,0,0,0,0,0,0,0,0,0,0,0,0,0,0,0,0,0,0,0,0,0
201107,35,009,4,8,Curry County                  ,13,13,2922309,0,0,0,0,0,0,0,0,0,13,13,2922309,0,0,0,0,0,0,0,0,0
201107,35,013,4,8,Dona Ana County               ,33,33,6899261,1,2,190000,0,0,0,1,8,623000,33,33,6899261,1,2,190000,0,0,0,1,8,623000
201107,35,015,4,8,Eddy County                   ,3,3,519646,0,0,0,0,0,0,0,0,0,3,3,519646,0,0,0,0,0,0,0,0,0
201107,35,025,4,8,Lea County                    ,1,1,131640,0,0,0,0,0,0,0,0,0,1,1,131640,0,0,0,0,0,0,0,0,0
201107,35,027,4,8,Lincoln County                ,5,5,874742,0,0,0,0,0,0,0,0,0,0,0,0,0,0,0,0,0,0,0,0,0
201107,35,028,4,8,Los Alamos County             ,0,0,0,0,0,0,0,0,0,0,0,0,0,0,0,0,0,0,0,0,0,0,0,0
201107,35,029,4,8,Luna County                   ,2,2,366364,0,0,0,0,0,0,0,0,0,0,0,0,0,0,0,0,0,0,0,0,0
201107,35,031,4,8,McKinley County               ,0,0,0,0,0,0,0,0,0,0,0,0,0,0,0,0,0,0,0,0,0,0,0,0
201107,35,035,4,8,Otero County                  ,0,0,0,0,0,0,0,0,0,0,0,0,0,0,0,0,0,0,0,0,0,0,0,0
201107,35,039,4,8,Rio Arriba County             ,0,0,0,0,0,0,0,0,0,0,0,0,0,0,0,0,0,0,0,0,0,0,0,0
201107,35,041,4,8,Roosevelt County              ,16,16,1597000,0,0,0,0,0,0,0,0,0,16,16,1597000,0,0,0,0,0,0,0,0,0
201107,35,043,4,8,Sandoval County               ,42,42,7588856,0,0,0,0,0,0,0,0,0,0,0,0,0,0,0,0,0,0,0,0,0
201107,35,045,4,8,San Juan County               ,13,13,2754417,0,0,0,0,0,0,0,0,0,13,13,2754417,0,0,0,0,0,0,0,0,0
201107,35,049,4,8,Santa Fe County               ,8,8,1066868,0,0,0,0,0,0,0,0,0,0,0,0,0,0,0,0,0,0,0,0,0
201107,35,051,4,8,Sierra County                 ,0,0,0,0,0,0,0,0,0,0,0,0,0,0,0,0,0,0,0,0,0,0,0,0
201107,35,053,4,8,Socorro County                ,0,0,0,0,0,0,0,0,0,0,0,0,0,0,0,0,0,0,0,0,0,0,0,0
201107,35,055,4,8,Taos County                   ,7,7,1371729,0,0,0,0,0,0,0,0,0,2,2,823450,0,0,0,0,0,0,0,0,0
201107,35,061,4,8,Valencia County               ,6,6,786113,0,0,0,0,0,0,0,0,0,0,0,0,0,0,0,0,0,0,0,0,0
201107,36,005,1,2,Bronx County                  ,0,0,0,1,2,222083,5,15,1381415,0,0,0,0,0,0,1,2,222083,5,15,1381415,0,0,0
201107,36,047,1,2,Kings County                  ,0,0,0,6,12,1332496,12,37,3407490,6,88,7684854,0,0,0,6,12,1332496,12,37,3407490,6,88,7684854
201107,36,059,1,2,Nassau County                 ,26,26,15420348,2,4,142857,2,8,247619,0,0,0,16,16,12582480,0,0,0,0,0,0,0,0,0
201107,36,061,1,2,New York County               ,0,0,0,0,0,0,1,3,276283,2,43,3755099,0,0,0,0,0,0,1,3,276283,2,43,3755099
201107,36,079,1,2,Putnam County                 ,6,6,1601992,0,0,0,0,0,0,0,0,0,3,3,750000,0,0,0,0,0,0,0,0,0
201107,36,081,1,2,Queens County                 ,5,5,1101742,66,132,14657451,8,28,2578641,4,125,10915985,5,5,1101742,66,132,14657451,8,28,2578641,4,125,10915985
201107,36,085,1,2,Richmond County               ,5,5,1101742,15,30,3331239,0,0,0,0,0,0,5,5,1101742,15,30,3331239,0,0,0,0,0,0
201107,36,087,1,2,Rockland County               ,4,4,1985207,1,2,225000,0,0,0,0,0,0,3,3,1520000,0,0,0,0,0,0,0,0,0
201107,36,103,1,2,Suffolk County                ,59,59,21486494,0,0,0,0,0,0,2,26,2270525,44,44,14761374,0,0,0,0,0,0,2,26,2270525
201107,36,119,1,2,Westchester County            ,19,19,10152163,2,4,515000,0,0,0,1,5,616438,15,15,8543000,2,4,515000,0,0,0,0,0,0
201107,37,003,3,5,Alexander County              ,0,0,0,0,0,0,0,0,0,0,0,0,0,0,0,0,0,0,0,0,0,0,0,0
201107,37,007,3,5,Anson County                  ,2,2,465328,0,0,0,0,0,0,0,0,0,2,2,465328,0,0,0,0,0,0,0,0,0
201107,37,009,3,5,Ashe County                   ,5,5,653000,0,0,0,0,0,0,0,0,0,5,5,653000,0,0,0,0,0,0,0,0,0
201107,37,011,3,5,Avery County                  ,4,4,3293000,0,0,0,0,0,0,0,0,0,4,4,3293000,0,0,0,0,0,0,0,0,0
201107,37,019,3,5,Brunswick County              ,70,70,14809549,0,0,0,0,0,0,0,0,0,69,69,14604455,0,0,0,0,0,0,0,0,0
201107,37,025,3,5,Cabarrus County               ,60,60,8585126,2,4,120000,0,0,0,0,0,0,60,60,8585126,2,4,120000,0,0,0,0,0,0
201107,37,027,3,5,Caldwell County               ,7,7,1354000,0,0,0,0,0,0,0,0,0,7,7,1354000,0,0,0,0,0,0,0,0,0
201107,37,037,3,5,Chatham County                ,22,22,5372480,0,0,0,0,0,0,0,0,0,22,22,5372480,0,0,0,0,0,0,0,0,0
201107,37,039,3,5,Cherokee County               ,4,4,1012901,0,0,0,0,0,0,0,0,0,4,4,1012901,0,0,0,0,0,0,0,0,0
201107,37,049,3,5,Craven County                 ,20,20,3261383,0,0,0,0,0,0,0,0,0,9,9,1917000,0,0,0,0,0,0,0,0,0
201107,37,053,3,5,Currituck County              ,12,12,2973621,0,0,0,0,0,0,0,0,0,0,0,0,0,0,0,0,0,0,0,0,0
201107,37,059,3,5,Davie County                  ,3,3,1022545,0,0,0,0,0,0,0,0,0,3,3,1022545,0,0,0,0,0,0,0,0,0
201107,37,063,3,5,Durham County                 ,78,78,13531592,1,2,198528,0,0,0,0,0,0,78,78,13531592,1,2,198528,0,0,0,0,0,0
201107,37,067,3,5,Forsyth County                ,64,64,9508602,0,0,0,0,0,0,18,152,5780780,64,64,9508602,0,0,0,0,0,0,18,152,5780780
201107,37,069,3,5,Franklin County               ,14,14,2310962,0,0,0,0,0,0,0,0,0,14,14,2310962,0,0,0,0,0,0,0,0,0
201107,37,071,3,5,Gaston County                 ,47,47,10458157,0,0,0,0,0,0,0,0,0,47,47,10458157,0,0,0,0,0,0,0,0,0
201107,37,081,3,5,Guilford County               ,51,51,8059187,0,0,0,0,0,0,2,48,1681824,51,51,8059187,0,0,0,0,0,0,2,48,1681824
201107,37,089,3,5,Henderson County              ,14,14,2530003,0,0,0,0,0,0,1,56,2866248,14,14,2530003,0,0,0,0,0,0,1,56,2866248
201107,37,093,3,5,Hoke County                   ,16,16,2870112,0,0,0,0,0,0,0,0,0,16,16,2870112,0,0,0,0,0,0,0,0,0
201107,37,097,3,5,Iredell County                ,37,37,12025892,0,0,0,0,0,0,0,0,0,37,37,12025892,0,0,0,0,0,0,0,0,0
201107,37,101,3,5,Johnston County               ,62,62,9649841,0,0,0,0,0,0,0,0,0,62,62,9649841,0,0,0,0,0,0,0,0,0
201107,37,105,3,5,Lee County                    ,12,12,2377285,0,0,0,0,0,0,0,0,0,12,12,2377285,0,0,0,0,0,0,0,0,0
201107,37,109,3,5,Lincoln County                ,9,9,3193676,0,0,0,0,0,0,0,0,0,0,0,0,0,0,0,0,0,0,0,0,0
201107,37,113,3,5,Macon County                  ,9,9,1668857,0,0,0,0,0,0,0,0,0,9,9,1668857,0,0,0,0,0,0,0,0,0
201107,37,119,3,5,Mecklenburg County            ,151,151,26513087,0,0,0,5,18,1621405,3,71,5794978,0,0,0,0,0,0,0,0,0,0,0,0
201107,37,127,3,5,Nash County                   ,10,10,1537950,0,0,0,0,0,0,0,0,0,10,10,1537950,0,0,0,0,0,0,0,0,0
201107,37,129,3,5,New Hanover County            ,32,32,8090997,0,0,0,0,0,0,1,20,1332385,1,1,280000,0,0,0,0,0,0,0,0,0
201107,37,135,3,5,Orange County                 ,19,19,5253008,0,0,0,0,0,0,2,13,819429,10,10,3160687,0,0,0,0,0,0,0,0,0
201107,37,137,3,5,Pamlico County                ,3,3,731298,0,0,0,0,0,0,0,0,0,0,0,0,0,0,0,0,0,0,0,0,0
201107,37,141,3,5,Pender County                 ,17,17,2579577,0,0,0,0,0,0,0,0,0,6,6,961603,0,0,0,0,0,0,0,0,0
201107,37,145,3,5,Person County                 ,3,3,509673,0,0,0,0,0,0,0,0,0,3,3,509673,0,0,0,0,0,0,0,0,0
201107,37,147,3,5,Pitt County                   ,20,20,3503460,0,0,0,0,0,0,0,0,0,20,20,3503460,0,0,0,0,0,0,0,0,0
201107,37,149,3,5,Polk County                   ,9,9,1793703,0,0,0,0,0,0,0,0,0,9,9,1793703,0,0,0,0,0,0,0,0,0
201107,37,151,3,5,Randolph County               ,8,8,1649361,0,0,0,0,0,0,0,0,0,8,8,1649361,0,0,0,0,0,0,0,0,0
201107,37,157,3,5,Rockingham County             ,5,5,908780,0,0,0,0,0,0,0,0,0,5,5,908780,0,0,0,0,0,0,0,0,0
201107,37,159,3,5,Rowan County                  ,10,10,2469288,0,0,0,0,0,0,0,0,0,10,10,2469288,0,0,0,0,0,0,0,0,0
201107,37,163,3,5,Sampson County                ,4,4,570000,0,0,0,0,0,0,0,0,0,4,4,570000,0,0,0,0,0,0,0,0,0
201107,37,167,3,5,Stanly County                 ,9,9,1121000,0,0,0,0,0,0,0,0,0,9,9,1121000,0,0,0,0,0,0,0,0,0
201107,37,171,3,5,Surry County                  ,13,13,2470242,0,0,0,0,0,0,0,0,0,13,13,2470242,0,0,0,0,0,0,0,0,0
201107,37,175,3,5,Transylvania County           ,7,7,1489600,0,0,0,0,0,0,0,0,0,7,7,1489600,0,0,0,0,0,0,0,0,0
201107,37,179,3,5,Union County                  ,47,47,10091415,0,0,0,0,0,0,0,0,0,47,47,10091415,0,0,0,0,0,0,0,0,0
201107,37,181,3,5,Vance County                  ,3,3,350000,0,0,0,0,0,0,0,0,0,3,3,350000,0,0,0,0,0,0,0,0,0
201107,37,183,3,5,Wake County                   ,337,337,66428016,0,0,0,0,0,0,3,72,6000000,337,337,66428016,0,0,0,0,0,0,3,72,6000000
201107,37,195,3,5,Wilson County                 ,6,6,1197640,0,0,0,0,0,0,0,0,0,6,6,1197640,0,0,0,0,0,0,0,0,0
201107,39,015,2,3,Brown County                  ,4,4,658537,0,0,0,0,0,0,0,0,0,0,0,0,0,0,0,0,0,0,0,0,0
201107,39,017,2,3,Butler County                 ,35,35,6777488,0,0,0,0,0,0,0,0,0,25,25,5506098,0,0,0,0,0,0,0,0,0
201107,39,025,2,3,Clermont County               ,30,30,4802704,0,0,0,0,0,0,0,0,0,30,30,4802704,0,0,0,0,0,0,0,0,0
201107,39,035,2,3,Cuyahoga County               ,36,36,8817411,0,0,0,0,0,0,2,10,1130305,14,14,4910089,0,0,0,0,0,0,0,0,0
201107,39,041,2,3,Delaware County               ,64,64,13125152,0,0,0,0,0,0,0,0,0,61,61,12560184,0,0,0,0,0,0,0,0,0
201107,39,045,2,3,Fairfield County              ,22,22,4595382,0,0,0,0,0,0,0,0,0,20,20,4299192,0,0,0,0,0,0,0,0,0
201107,39,049,2,3,Franklin County               ,80,80,19828005,0,0,0,2,8,1138378,3,48,3883056,76,76,18812877,0,0,0,2,8,1138378,3,48,3883056
201107,39,055,2,3,Geauga County                 ,13,13,3522900,0,0,0,0,0,0,0,0,0,13,13,3522900,0,0,0,0,0,0,0,0,0
201107,39,061,2,3,Hamilton County               ,38,38,7519012,0,0,0,0,0,0,1,92,6593435,10,10,1671336,0,0,0,0,0,0,1,92,6593435
201107,39,085,2,3,Lake County                   ,15,15,3549546,0,0,0,0,0,0,0,0,0,7,7,1243347,0,0,0,0,0,0,0,0,0
201107,39,089,2,3,Licking County                ,1,1,162828,0,0,0,1,3,220312,0,0,0,0,0,0,0,0,0,0,0,0,0,0,0
201107,39,093,2,3,Lorain County                 ,47,47,9795316,0,0,0,0,0,0,1,8,550000,25,25,7113666,0,0,0,0,0,0,1,8,550000
201107,39,097,2,3,Madison County                ,2,2,403027,0,0,0,0,0,0,0,0,0,2,2,403027,0,0,0,0,0,0,0,0,0
201107,39,103,2,3,Medina County                 ,23,23,4430253,0,0,0,0,0,0,0,0,0,23,23,4430253,0,0,0,0,0,0,0,0,0
201107,39,117,2,3,Morrow County                 ,4,4,671997,0,0,0,0,0,0,0,0,0,2,2,271997,0,0,0,0,0,0,0,0,0
201107,39,129,2,3,Pickaway County               ,0,0,0,0,0,0,0,0,0,1,12,970764,0,0,0,0,0,0,0,0,0,1,12,970764
201107,39,159,2,3,Union County                  ,9,9,1813622,0,0,0,0,0,0,0,0,0,9,9,1813622,0,0,0,0,0,0,0,0,0
201107,39,165,2,3,Warren County                 ,46,46,10633015,0,0,0,5,20,3693484,0,0,0,46,46,10633015,0,0,0,5,20,3693484,0,0,0
201107,39,169,2,3,Wayne County                  ,10,10,2089500,0,0,0,2,8,1150000,0,0,0,10,10,2089500,0,0,0,2,8,1150000,0,0,0
201107,40,017,3,7,Canadian County               ,9,9,1999818,0,0,0,0,0,0,0,0,0,6,6,1265000,0,0,0,0,0,0,0,0,0
201107,40,021,3,7,Cherokee County               ,0,0,0,0,0,0,0,0,0,0,0,0,0,0,0,0,0,0,0,0,0,0,0,0
201107,40,027,3,7,Cleveland County              ,42,42,7459646,0,0,0,0,0,0,0,0,0,41,41,7283636,0,0,0,0,0,0,0,0,0
201107,40,029,3,7,Coal County                   ,0,0,0,0,0,0,0,0,0,0,0,0,0,0,0,0,0,0,0,0,0,0,0,0
201107,40,037,3,7,Creek County                  ,7,7,977110,0,0,0,0,0,0,0,0,0,3,3,395000,0,0,0,0,0,0,0,0,0
201107,40,051,3,7,Grady County                  ,6,6,1280800,0,0,0,0,0,0,0,0,0,6,6,1280800,0,0,0,0,0,0,0,0,0
201107,40,081,3,7,Lincoln County                ,1,1,88000,0,0,0,0,0,0,0,0,0,1,1,88000,0,0,0,0,0,0,0,0,0
201107,40,083,3,7,Logan County                  ,1,1,130000,0,0,0,0,0,0,0,0,0,1,1,130000,0,0,0,0,0,0,0,0,0
201107,40,087,3,7,McClain County                ,19,19,3126572,0,0,0,0,0,0,0,0,0,18,18,2889625,0,0,0,0,0,0,0,0,0
201107,40,099,3,7,Murray County                 ,1,1,25000,0,0,0,0,0,0,0,0,0,1,1,25000,0,0,0,0,0,0,0,0,0
201107,40,109,3,7,Oklahoma County               ,169,169,32983606,0,0,0,0,0,0,1,9,516068,56,56,16014708,0,0,0,0,0,0,0,0,0
201107,40,111,3,7,Okmulgee County               ,0,0,0,0,0,0,0,0,0,0,0,0,0,0,0,0,0,0,0,0,0,0,0,0
201107,40,113,3,7,Osage County                  ,14,14,1786000,0,0,0,0,0,0,0,0,0,14,14,1786000,0,0,0,0,0,0,0,0,0
201107,40,117,3,7,Pawnee County                 ,0,0,0,0,0,0,0,0,0,0,0,0,0,0,0,0,0,0,0,0,0,0,0,0
201107,40,131,3,7,Rogers County                 ,11,11,1924083,0,0,0,0,0,0,0,0,0,10,10,1844083,0,0,0,0,0,0,0,0,0
201107,40,143,3,7,Tulsa County                  ,163,163,30070631,1,2,320440,0,0,0,0,0,0,163,163,30070631,1,2,320440,0,0,0,0,0,0
201107,40,145,3,7,Wagoner County                ,19,19,1861066,0,0,0,0,0,0,0,0,0,19,19,1861066,0,0,0,0,0,0,0,0,0
201107,41,000,4,9,Oregon Balance of State       ,10,10,1196372,0,0,0,0,0,0,0,0,0,10,10,1196372,0,0,0,0,0,0,0,0,0
201107,41,001,4,9,Baker County                  ,3,3,625463,0,0,0,0,0,0,0,0,0,0,0,0,0,0,0,0,0,0,0,0,0
201107,41,005,4,9,Clackamas County              ,63,63,18732401,0,0,0,0,0,0,0,0,0,62,62,18541194,0,0,0,0,0,0,0,0,0
201107,41,009,4,9,Columbia County               ,5,5,1759042,0,0,0,0,0,0,0,0,0,1,1,861323,0,0,0,0,0,0,0,0,0
201107,41,017,4,9,Deschutes County              ,47,47,11332326,0,0,0,0,0,0,0,0,0,47,47,11332326,0,0,0,0,0,0,0,0,0
201107,41,019,4,9,Douglas County                ,13,13,2419732,0,0,0,0,0,0,0,0,0,13,13,2419732,0,0,0,0,0,0,0,0,0
201107,41,025,4,9,Harney County                 ,1,1,337820,0,0,0,0,0,0,0,0,0,0,0,0,0,0,0,0,0,0,0,0,0
201107,41,033,4,9,Josephine County              ,4,4,929255,0,0,0,0,0,0,0,0,0,4,4,929255,0,0,0,0,0,0,0,0,0
201107,41,035,4,9,Klamath County                ,1,1,157342,0,0,0,0,0,0,0,0,0,1,1,157342,0,0,0,0,0,0,0,0,0
201107,41,045,4,9,Malheur County                ,2,2,190404,0,0,0,0,0,0,0,0,0,2,2,190404,0,0,0,0,0,0,0,0,0
201107,41,051,4,9,Multnomah County              ,43,43,9558096,3,6,1090639,0,0,0,7,253,19406888,37,37,8216128,2,4,834847,0,0,0,6,246,18863271
201107,41,057,4,9,Tillamook County              ,7,7,1354867,0,0,0,0,0,0,0,0,0,5,5,847349,0,0,0,0,0,0,0,0,0
201107,41,059,4,9,Umatilla County               ,9,9,1456128,0,0,0,0,0,0,0,0,0,5,5,696650,0,0,0,0,0,0,0,0,0
201107,41,061,4,9,Union County                  ,2,2,347397,0,0,0,0,0,0,0,0,0,2,2,347397,0,0,0,0,0,0,0,0,0
201107,41,067,4,9,Washington County             ,86,86,20699823,0,0,0,0,0,0,6,92,10553529,86,86,20699823,0,0,0,0,0,0,6,92,10553529
201107,41,071,4,9,Yamhill County                ,14,14,3278343,0,0,0,0,0,0,0,0,0,14,14,3278343,0,0,0,0,0,0,0,0,0
201107,42,001,1,2,Adams County                  ,16,16,3309000,0,0,0,0,0,0,0,0,0,16,16,3309000,0,0,0,0,0,0,0,0,0
201107,42,003,1,2,Allegheny County              ,93,93,20188075,1,2,256512,0,0,0,0,0,0,42,42,12914490,1,2,256512,0,0,0,0,0,0
201107,42,005,1,2,Armstrong County              ,5,5,891996,1,2,130000,0,0,0,0,0,0,1,1,176367,1,2,130000,0,0,0,0,0,0
201107,42,007,1,2,Beaver County                 ,15,15,2844346,0,0,0,0,0,0,0,0,0,8,8,1389480,0,0,0,0,0,0,0,0,0
201107,42,017,1,2,Bucks County                  ,22,22,4599588,0,0,0,0,0,0,0,0,0,14,14,3245400,0,0,0,0,0,0,0,0,0
201107,42,019,1,2,Butler County                 ,37,37,7122852,0,0,0,0,0,0,0,0,0,33,33,6363152,0,0,0,0,0,0,0,0,0
201107,42,025,1,2,Carbon County                 ,4,4,748833,0,0,0,0,0,0,0,0,0,3,3,510500,0,0,0,0,0,0,0,0,0
201107,42,029,1,2,Chester County                ,59,59,12727082,23,46,9785151,0,0,0,0,0,0,52,52,11133309,23,46,9785151,0,0,0,0,0,0
201107,42,045,1,2,Delaware County               ,16,16,4124233,0,0,0,0,0,0,0,0,0,5,5,1929600,0,0,0,0,0,0,0,0,0
201107,42,051,1,2,Fayette County                ,18,18,3425388,0,0,0,0,0,0,0,0,0,4,4,445000,0,0,0,0,0,0,0,0,0
201107,42,055,1,2,Franklin County               ,23,23,2346425,1,2,152046,0,0,0,0,0,0,1,1,198435,0,0,0,0,0,0,0,0,0
201107,42,065,1,2,Jefferson County              ,2,2,311000,0,0,0,0,0,0,0,0,0,2,2,311000,0,0,0,0,0,0,0,0,0
201107,42,077,1,2,Lehigh County                 ,29,29,4550397,0,0,0,0,0,0,0,0,0,24,24,3633000,0,0,0,0,0,0,0,0,0
201107,42,091,1,2,Montgomery County             ,80,80,13915832,0,0,0,0,0,0,0,0,0,72,72,11986505,0,0,0,0,0,0,0,0,0
201107,42,095,1,2,Northampton County            ,17,17,3317787,0,0,0,1,3,286875,1,5,575632,10,10,2038000,0,0,0,0,0,0,0,0,0
201107,42,101,1,2,Philadelphia County           ,33,33,7271497,2,4,109800,1,3,115000,3,39,2102000,33,33,7271497,2,4,109800,1,3,115000,3,39,2102000
201107,42,103,1,2,Pike County                   ,5,5,981929,0,0,0,0,0,0,0,0,0,4,4,770000,0,0,0,0,0,0,0,0,0
201107,42,125,1,2,Washington County             ,46,46,6683192,0,0,0,1,3,243150,0,0,0,31,31,3239800,0,0,0,0,0,0,0,0,0
201107,42,129,1,2,Westmoreland County           ,29,29,5930983,1,2,320000,0,0,0,0,0,0,18,18,3753418,1,2,320000,0,0,0,0,0,0
201107,44,001,1,1,Bristol County                ,2,2,437000,0,0,0,0,0,0,0,0,0,2,2,437000,0,0,0,0,0,0,0,0,0
201107,44,003,1,1,Kent County                   ,7,7,905524,0,0,0,0,0,0,0,0,0,5,5,531420,0,0,0,0,0,0,0,0,0
201107,44,005,1,1,Newport County                ,9,9,2134348,0,0,0,0,0,0,0,0,0,9,9,2134348,0,0,0,0,0,0,0,0,0
201107,44,007,1,1,Providence County             ,27,27,5261037,2,4,478400,1,3,150000,0,0,0,24,24,4853210,2,4,478400,1,3,150000,0,0,0
201107,44,009,1,1,Washington County             ,14,14,2711983,1,2,162300,1,3,100000,0,0,0,10,10,2181355,0,0,0,0,0,0,0,0,0
201107,45,003,3,5,Aiken County                  ,41,41,4026613,0,0,0,0,0,0,5,120,6750000,34,34,3242501,0,0,0,0,0,0,5,120,6750000
201107,45,009,3,5,Bamberg County                ,0,0,0,0,0,0,0,0,0,0,0,0,0,0,0,0,0,0,0,0,0,0,0,0
201107,45,015,3,5,Berkeley County               ,79,79,16351137,0,0,0,0,0,0,0,0,0,72,72,14982799,0,0,0,0,0,0,0,0,0
201107,45,017,3,5,Calhoun County                ,0,0,0,0,0,0,0,0,0,0,0,0,0,0,0,0,0,0,0,0,0,0,0,0
201107,45,019,3,5,Charleston County             ,103,103,27695762,0,0,0,0,0,0,1,21,1052177,69,69,22174216,0,0,0,0,0,0,0,0,0
201107,45,035,3,5,Dorchester County             ,32,32,7362571,0,0,0,0,0,0,0,0,0,32,32,7362571,0,0,0,0,0,0,0,0,0
201107,45,039,3,5,Fairfield County              ,3,3,347993,0,0,0,0,0,0,0,0,0,0,0,0,0,0,0,0,0,0,0,0,0
201107,45,041,3,5,Florence County               ,21,21,2639746,2,4,203875,0,0,0,1,5,300000,0,0,0,0,0,0,0,0,0,0,0,0
201107,45,045,3,5,Greenville County             ,127,127,66954747,0,0,0,0,0,0,0,0,0,126,126,66864750,0,0,0,0,0,0,0,0,0
201107,45,047,3,5,Greenwood County              ,4,4,522675,0,0,0,0,0,0,0,0,0,4,4,522675,0,0,0,0,0,0,0,0,0
201107,45,055,3,5,Kershaw County                ,20,20,2808361,0,0,0,0,0,0,0,0,0,20,20,2808361,0,0,0,0,0,0,0,0,0
201107,45,059,3,5,Laurens County                ,3,3,428032,0,0,0,0,0,0,0,0,0,3,3,428032,0,0,0,0,0,0,0,0,0
201107,45,063,3,5,Lexington County              ,98,98,17635721,0,0,0,0,0,0,1,8,741014,25,25,3063447,0,0,0,0,0,0,0,0,0
201107,45,077,3,5,Pickens County                ,7,7,1525676,0,0,0,0,0,0,0,0,0,5,5,1130171,0,0,0,0,0,0,0,0,0
201107,45,079,3,5,Richland County               ,75,75,8687340,2,4,236220,0,0,0,1,22,1241740,9,9,1198600,2,4,236220,0,0,0,0,0,0
201107,45,081,3,5,Saluda County                 ,5,5,678385,0,0,0,0,0,0,0,0,0,5,5,678385,0,0,0,0,0,0,0,0,0
201107,45,085,3,5,Sumter County                 ,33,33,3604600,0,0,0,0,0,0,0,0,0,33,33,3604600,0,0,0,0,0,0,0,0,0
201107,45,091,3,5,York County                   ,125,125,31843982,0,0,0,0,0,0,0,0,0,125,125,31843982,0,0,0,0,0,0,0,0,0
201107,46,005,2,4,Beadle County                 ,2,2,359236,0,0,0,0,0,0,0,0,0,2,2,359236,0,0,0,0,0,0,0,0,0
201107,46,069,2,4,Hyde County                   ,0,0,0,0,0,0,0,0,0,0,0,0,0,0,0,0,0,0,0,0,0,0,0,0
201107,46,121,2,4,Todd County                   ,0,0,0,0,0,0,0,0,0,0,0,0,0,0,0,0,0,0,0,0,0,0,0,0
201107,47,011,3,6,Bradley County                ,13,13,2296175,0,0,0,0,0,0,0,0,0,13,13,2296175,0,0,0,0,0,0,0,0,0
201107,47,015,3,6,Cannon County                 ,1,1,96800,0,0,0,0,0,0,0,0,0,0,0,0,0,0,0,0,0,0,0,0,0
201107,47,021,3,6,Cheatham County               ,3,3,566408,0,0,0,0,0,0,0,0,0,3,3,566408,0,0,0,0,0,0,0,0,0
201107,47,037,3,6,Davidson County               ,68,68,16762825,0,0,0,0,0,0,0,0,0,68,68,16762825,0,0,0,0,0,0,0,0,0
201107,47,039,3,6,Decatur County                ,0,0,0,0,0,0,0,0,0,0,0,0,0,0,0,0,0,0,0,0,0,0,0,0
201107,47,043,3,6,Dickson County                ,8,8,1470338,0,0,0,0,0,0,0,0,0,8,8,1470338,0,0,0,0,0,0,0,0,0
201107,47,047,3,6,Fayette County                ,8,8,1460000,0,0,0,0,0,0,1,5,3471562,3,3,710000,0,0,0,0,0,0,0,0,0
201107,47,063,3,6,Hamblen County                ,7,7,794704,0,0,0,0,0,0,0,0,0,3,3,410000,0,0,0,0,0,0,0,0,0
201107,47,071,3,6,Hardin County                 ,0,0,0,0,0,0,0,0,0,0,0,0,0,0,0,0,0,0,0,0,0,0,0,0
201107,47,081,3,6,Hickman County                ,0,0,0,0,0,0,0,0,0,0,0,0,0,0,0,0,0,0,0,0,0,0,0,0
201107,47,091,3,6,Johnson County                ,0,0,0,0,0,0,0,0,0,0,0,0,0,0,0,0,0,0,0,0,0,0,0,0
201107,47,093,3,6,Knox County                   ,66,66,9964063,0,0,0,0,0,0,1,9,611594,14,14,2070597,0,0,0,0,0,0,0,0,0
201107,47,111,3,6,Macon County                  ,1,1,80000,1,2,100000,0,0,0,0,0,0,1,1,80000,1,2,100000,0,0,0,0,0,0
201107,47,113,3,6,Madison County                ,11,11,2161500,0,0,0,0,0,0,0,0,0,11,11,2161500,0,0,0,0,0,0,0,0,0
201107,47,125,3,6,Montgomery County             ,120,120,15566041,0,0,0,2,8,320000,0,0,0,120,120,15566041,0,0,0,2,8,320000,0,0,0
201107,47,141,3,6,Putnam County                 ,16,16,2193737,3,6,853896,3,12,1116288,0,0,0,16,16,2193737,3,6,853896,3,12,1116288,0,0,0
201107,47,147,3,6,Robertson County              ,8,8,1060201,0,0,0,0,0,0,0,0,0,6,6,715003,0,0,0,0,0,0,0,0,0
201107,47,149,3,6,Rutherford County             ,91,91,15534778,0,0,0,0,0,0,0,0,0,83,83,14399958,0,0,0,0,0,0,0,0,0
201107,47,157,3,6,Shelby County                 ,70,70,14054446,0,0,0,0,0,0,0,0,0,70,70,14054446,0,0,0,0,0,0,0,0,0
201107,47,159,3,6,Smith County                  ,0,0,0,0,0,0,0,0,0,0,0,0,0,0,0,0,0,0,0,0,0,0,0,0
201107,47,165,3,6,Sumner County                 ,34,34,6077171,0,0,0,0,0,0,0,0,0,34,34,6077171,0,0,0,0,0,0,0,0,0
201107,47,167,3,6,Tipton County                 ,4,4,632860,0,0,0,0,0,0,0,0,0,4,4,632860,0,0,0,0,0,0,0,0,0
201107,47,169,3,6,Trousdale County              ,4,4,417000,0,0,0,0,0,0,0,0,0,4,4,417000,0,0,0,0,0,0,0,0,0
201107,47,179,3,6,Washington County             ,16,16,2919547,0,0,0,1,4,280000,0,0,0,16,16,2919547,0,0,0,1,4,280000,0,0,0
201107,47,187,3,6,Williamson County             ,74,74,19460169,0,0,0,0,0,0,0,0,0,73,73,19140725,0,0,0,0,0,0,0,0,0
201107,47,189,3,6,Wilson County                 ,48,48,7801222,1,2,161250,1,3,211787,2,35,1559678,9,9,1781470,0,0,0,0,0,0,0,0,0
201107,48,013,3,7,Atascosa County               ,3,3,368000,0,0,0,0,0,0,0,0,0,3,3,368000,0,0,0,0,0,0,0,0,0
201107,48,015,3,7,Austin County                 ,1,1,170000,0,0,0,0,0,0,0,0,0,1,1,170000,0,0,0,0,0,0,0,0,0
201107,48,019,3,7,Bandera County                ,0,0,0,0,0,0,0,0,0,0,0,0,0,0,0,0,0,0,0,0,0,0,0,0
201107,48,021,3,7,Bastrop County                ,0,0,0,0,0,0,0,0,0,0,0,0,0,0,0,0,0,0,0,0,0,0,0,0
201107,48,029,3,7,Bexar County                  ,232,232,41739072,0,0,0,1,3,0,23,407,28678445,203,203,37028920,0,0,0,0,0,0,22,402,27612978
201107,48,039,3,7,Brazoria County               ,127,127,21838129,0,0,0,0,0,0,0,0,0,124,124,21480472,0,0,0,0,0,0,0,0,0
201107,48,041,3,7,Brazos County                 ,41,41,5329643,0,0,0,0,0,0,0,0,0,41,41,5329643,0,0,0,0,0,0,0,0,0
201107,48,055,3,7,Caldwell County               ,1,1,97375,0,0,0,1,3,206897,0,0,0,0,0,0,0,0,0,0,0,0,0,0,0
201107,48,063,3,7,Camp County                   ,0,0,0,0,0,0,0,0,0,0,0,0,0,0,0,0,0,0,0,0,0,0,0,0
201107,48,071,3,7,Chambers County               ,19,19,3454561,0,0,0,0,0,0,0,0,0,14,14,2581716,0,0,0,0,0,0,0,0,0
201107,48,085,3,7,Collin County                 ,383,383,104748097,0,0,0,0,0,0,6,240,10915000,361,361,98467050,0,0,0,0,0,0,6,240,10915000
201107,48,091,3,7,Comal County                  ,81,81,18993096,0,0,0,0,0,0,0,0,0,52,52,14983014,0,0,0,0,0,0,0,0,0
201107,48,113,3,7,Dallas County                 ,228,228,71023447,0,0,0,0,0,0,8,350,24405929,208,208,62191660,0,0,0,0,0,0,7,332,23544000
201107,48,117,3,7,Deaf Smith County             ,0,0,0,0,0,0,0,0,0,0,0,0,0,0,0,0,0,0,0,0,0,0,0,0
201107,48,119,3,7,Delta County                  ,0,0,0,0,0,0,0,0,0,0,0,0,0,0,0,0,0,0,0,0,0,0,0,0
201107,48,121,3,7,Denton County                 ,127,127,43034513,0,0,0,0,0,0,2,194,33787812,115,115,39532996,0,0,0,0,0,0,2,194,33787812
201107,48,133,3,7,Eastland County               ,0,0,0,0,0,0,0,0,0,0,0,0,0,0,0,0,0,0,0,0,0,0,0,0
201107,48,135,3,7,Ector County                  ,22,22,5974460,0,0,0,0,0,0,0,0,0,22,22,5974460,0,0,0,0,0,0,0,0,0
201107,48,139,3,7,Ellis County                  ,45,45,6519724,0,0,0,0,0,0,0,0,0,45,45,6519724,0,0,0,0,0,0,0,0,0
201107,48,157,3,7,Fort Bend County              ,338,338,64359587,0,0,0,0,0,0,0,0,0,336,336,64013711,0,0,0,0,0,0,0,0,0
201107,48,167,3,7,Galveston County              ,137,137,26111933,0,0,0,0,0,0,0,0,0,117,117,22412761,0,0,0,0,0,0,0,0,0
201107,48,187,3,7,Guadalupe County              ,41,41,7949534,0,0,0,0,0,0,0,0,0,41,41,7949534,0,0,0,0,0,0,0,0,0
201107,48,201,3,7,Harris County                 ,936,936,183550910,1,2,244000,0,0,0,19,343,16381550,932,932,181768487,1,2,244000,0,0,0,19,343,16381550
201107,48,209,3,7,Hays County                   ,72,72,11069014,0,0,0,0,0,0,20,160,11002001,5,5,477010,0,0,0,0,0,0,0,0,0
201107,48,215,3,7,Hidalgo County                ,211,211,30786211,2,4,261000,1,4,368900,0,0,0,195,195,29140756,2,4,261000,1,4,368900,0,0,0
201107,48,231,3,7,Hunt County                   ,4,4,684826,0,0,0,0,0,0,0,0,0,3,3,594826,0,0,0,0,0,0,0,0,0
201107,48,233,3,7,Hutchinson County             ,0,0,0,0,0,0,0,0,0,0,0,0,0,0,0,0,0,0,0,0,0,0,0,0
201107,48,251,3,7,Johnson County                ,33,33,5485960,0,0,0,0,0,0,0,0,0,20,20,3304543,0,0,0,0,0,0,0,0,0
201107,48,257,3,7,Kaufman County                ,12,12,2213633,0,0,0,0,0,0,0,0,0,11,11,2055814,0,0,0,0,0,0,0,0,0
201107,48,259,3,7,Kendall County                ,16,16,3225214,0,0,0,0,0,0,0,0,0,0,0,0,0,0,0,0,0,0,0,0,0
201107,48,271,3,7,Kinney County                 ,0,0,0,0,0,0,0,0,0,0,0,0,0,0,0,0,0,0,0,0,0,0,0,0
201107,48,291,3,7,Liberty County                ,30,30,2927520,4,8,200000,1,4,254449,0,0,0,30,30,2927520,4,8,200000,0,0,0,0,0,0
201107,48,307,3,7,McCulloch County              ,0,0,0,0,0,0,0,0,0,0,0,0,0,0,0,0,0,0,0,0,0,0,0,0
201107,48,323,3,7,Maverick County               ,8,8,405523,0,0,0,0,0,0,0,0,0,8,8,405523,0,0,0,0,0,0,0,0,0
201107,48,325,3,7,Medina County                 ,1,1,158245,0,0,0,0,0,0,0,0,0,1,1,158245,0,0,0,0,0,0,0,0,0
201107,48,329,3,7,Midland County                ,47,47,9269770,0,0,0,0,0,0,0,0,0,47,47,9269770,0,0,0,0,0,0,0,0,0
201107,48,339,3,7,Montgomery County             ,241,241,56270782,0,0,0,0,0,0,10,276,14139687,236,236,55599523,0,0,0,0,0,0,10,276,14139687
201107,48,353,3,7,Nolan County                  ,0,0,0,0,0,0,0,0,0,0,0,0,0,0,0,0,0,0,0,0,0,0,0,0
201107,48,359,3,7,Oldham County                 ,0,0,0,0,0,0,0,0,0,0,0,0,0,0,0,0,0,0,0,0,0,0,0,0
201107,48,367,3,7,Parker County                 ,10,10,1700647,0,0,0,0,0,0,0,0,0,8,8,1407194,0,0,0,0,0,0,0,0,0
201107,48,375,3,7,Potter County                 ,46,46,9487593,11,22,4041773,0,0,0,0,0,0,46,46,9487593,11,22,4041773,0,0,0,0,0,0
201107,48,383,3,7,Reagan County                 ,0,0,0,0,0,0,0,0,0,0,0,0,0,0,0,0,0,0,0,0,0,0,0,0
201107,48,385,3,7,Real County                   ,0,0,0,0,0,0,0,0,0,0,0,0,0,0,0,0,0,0,0,0,0,0,0,0
201107,48,397,3,7,Rockwall County               ,29,29,5580877,0,0,0,0,0,0,0,0,0,29,29,5580877,0,0,0,0,0,0,0,0,0
201107,48,407,3,7,San Jacinto County            ,0,0,0,0,0,0,0,0,0,0,0,0,0,0,0,0,0,0,0,0,0,0,0,0
201107,48,435,3,7,Sutton County                 ,0,0,0,0,0,0,0,0,0,0,0,0,0,0,0,0,0,0,0,0,0,0,0,0
201107,48,437,3,7,Swisher County                ,0,0,0,0,0,0,0,0,0,0,0,0,0,0,0,0,0,0,0,0,0,0,0,0
201107,48,439,3,7,Tarrant County                ,371,371,70227617,0,0,0,0,0,0,20,656,42167477,354,354,65880268,0,0,0,0,0,0,20,656,42167477
201107,48,451,3,7,Tom Green County              ,11,11,1670650,0,0,0,0,0,0,0,0,0,11,11,1670650,0,0,0,0,0,0,0,0,0
201107,48,453,3,7,Travis County                 ,241,241,53204150,4,8,1452500,0,0,215325,0,0,0,228,228,50171839,4,8,1452500,0,0,215325,0,0,0
201107,48,463,3,7,Uvalde County                 ,1,1,40000,0,0,0,0,0,0,0,0,0,1,1,40000,0,0,0,0,0,0,0,0,0
201107,48,469,3,7,Victoria County               ,6,6,1024104,0,0,0,0,0,0,0,0,0,6,6,1024104,0,0,0,0,0,0,0,0,0
201107,48,471,3,7,Walker County                 ,4,4,705828,0,0,0,0,0,0,0,0,0,4,4,705828,0,0,0,0,0,0,0,0,0
201107,48,473,3,7,Waller County                 ,0,0,0,0,0,0,0,0,0,0,0,0,0,0,0,0,0,0,0,0,0,0,0,0
201107,48,479,3,7,Webb County                   ,52,52,7524567,0,0,0,0,0,0,1,5,473344,0,0,0,0,0,0,0,0,0,0,0,0
201107,48,491,3,7,Williamson County             ,79,79,13618013,0,0,0,0,0,0,0,0,0,61,61,11701237,0,0,0,0,0,0,0,0,0
201107,48,493,3,7,Wilson County                 ,1,1,179382,0,0,0,0,0,0,0,0,0,1,1,179382,0,0,0,0,0,0,0,0,0
201107,48,497,3,7,Wise County                   ,2,2,295000,0,0,0,0,0,0,0,0,0,2,2,295000,0,0,0,0,0,0,0,0,0
201107,49,009,4,8,Daggett County                ,1,1,110948,0,0,0,0,0,0,0,0,0,0,0,0,0,0,0,0,0,0,0,0,0
201107,49,019,4,8,Grand County                  ,4,4,1371184,0,0,0,0,0,0,0,0,0,4,4,1371184,0,0,0,0,0,0,0,0,0
201107,49,021,4,8,Iron County                   ,4,4,827471,0,0,0,0,0,0,1,5,355238,0,0,0,0,0,0,0,0,0,0,0,0
201107,49,033,4,8,Rich County                   ,4,4,837064,0,0,0,0,0,0,0,0,0,3,3,623940,0,0,0,0,0,0,0,0,0
201107,49,035,4,8,Salt Lake County              ,304,304,54732778,2,4,614851,2,7,819414,5,109,10121871,280,280,50846844,2,4,614851,2,7,819414,2,82,8060776
201107,49,039,4,8,Sanpete County                ,5,5,536509,0,0,0,0,0,0,0,0,0,5,5,536509,0,0,0,0,0,0,0,0,0
201107,49,043,4,8,Summit County                 ,12,12,4010379,0,0,0,1,4,440700,1,8,1019400,6,6,2448986,0,0,0,0,0,0,0,0,0
201107,49,045,4,8,Tooele County                 ,16,16,2140752,0,0,0,0,0,0,1,8,655188,13,13,1743268,0,0,0,0,0,0,0,0,0
201107,49,051,4,8,Wasatch County                ,11,11,4090298,0,0,0,0,0,0,0,0,0,11,11,4090298,0,0,0,0,0,0,0,0,0
201107,51,003,3,5,Albemarle County              ,52,52,9836000,0,0,0,0,0,0,0,0,0,52,52,9836000,0,0,0,0,0,0,0,0,0
201107,51,007,3,5,Amelia County                 ,2,2,359100,0,0,0,0,0,0,0,0,0,2,2,359100,0,0,0,0,0,0,0,0,0
201107,51,013,3,5,Arlington County              ,12,12,4550000,0,0,0,0,0,0,5,843,25250000,12,12,4550000,0,0,0,0,0,0,5,843,25250000
201107,51,015,3,5,Augusta County                ,9,9,1864860,0,0,0,0,0,0,0,0,0,9,9,1864860,0,0,0,0,0,0,0,0,0
201107,51,019,3,5,Bedford County                ,21,21,6260176,0,0,0,0,0,0,0,0,0,21,21,6260176,0,0,0,0,0,0,0,0,0
201107,51,023,3,5,Botetourt County              ,2,2,380000,0,0,0,0,0,0,0,0,0,2,2,380000,0,0,0,0,0,0,0,0,0
201107,51,031,3,5,Campbell County               ,4,4,700000,0,0,0,0,0,0,0,0,0,4,4,700000,0,0,0,0,0,0,0,0,0
201107,51,033,3,5,Caroline County               ,8,8,1163782,0,0,0,0,0,0,0,0,0,0,0,0,0,0,0,0,0,0,0,0,0
201107,51,036,3,5,Charles City County           ,4,4,574472,0,0,0,0,0,0,0,0,0,0,0,0,0,0,0,0,0,0,0,0,0
201107,51,037,3,5,Charlotte County              ,5,5,502379,0,0,0,0,0,0,0,0,0,5,5,502379,0,0,0,0,0,0,0,0,0
201107,51,041,3,5,Chesterfield County           ,53,53,9773640,0,0,0,0,0,0,0,0,0,53,53,9773640,0,0,0,0,0,0,0,0,0
201107,51,043,3,5,Clarke County                 ,0,0,0,0,0,0,0,0,0,0,0,0,0,0,0,0,0,0,0,0,0,0,0,0
201107,51,047,3,5,Culpeper County               ,13,13,2790724,0,0,0,0,0,0,0,0,0,13,13,2790724,0,0,0,0,0,0,0,0,0
201107,51,049,3,5,Cumberland County             ,1,1,221200,0,0,0,0,0,0,0,0,0,1,1,221200,0,0,0,0,0,0,0,0,0
201107,51,053,3,5,Dinwiddie County              ,6,6,910501,0,0,0,0,0,0,0,0,0,0,0,0,0,0,0,0,0,0,0,0,0
201107,51,059,3,5,Fairfax County                ,75,75,13595356,0,0,0,0,0,0,0,0,0,75,75,13595356,0,0,0,0,0,0,0,0,0
201107,51,061,3,5,Fauquier County               ,28,28,7650917,0,0,0,0,0,0,0,0,0,26,26,7404250,0,0,0,0,0,0,0,0,0
201107,51,065,3,5,Fluvanna County               ,3,3,530000,0,0,0,0,0,0,0,0,0,3,3,530000,0,0,0,0,0,0,0,0,0
201107,51,067,3,5,Franklin County               ,7,7,2045000,0,0,0,0,0,0,0,0,0,7,7,2045000,0,0,0,0,0,0,0,0,0
201107,51,069,3,5,Frederick County              ,13,13,2581000,0,0,0,0,0,0,0,0,0,13,13,2581000,0,0,0,0,0,0,0,0,0
201107,51,073,3,5,Gloucester County             ,8,8,1611000,0,0,0,0,0,0,0,0,0,8,8,1611000,0,0,0,0,0,0,0,0,0
201107,51,075,3,5,Goochland County              ,6,6,1890008,0,0,0,0,0,0,0,0,0,6,6,1890008,0,0,0,0,0,0,0,0,0
201107,51,079,3,5,Greene County                 ,8,8,1471350,0,0,0,0,0,0,1,18,854516,0,0,0,0,0,0,0,0,0,0,0,0
201107,51,085,3,5,Hanover County                ,28,28,4732218,0,0,0,0,0,0,0,0,0,28,28,4732218,0,0,0,0,0,0,0,0,0
201107,51,087,3,5,Henrico County                ,54,54,9958048,0,0,0,0,0,0,0,0,0,54,54,9958048,0,0,0,0,0,0,0,0,0
201107,51,093,3,5,Isle of Wight County          ,6,6,1062360,0,0,0,0,0,0,0,0,0,6,6,1062360,0,0,0,0,0,0,0,0,0
201107,51,095,3,5,James City County             ,39,39,7012469,0,0,0,0,0,0,0,0,0,39,39,7012469,0,0,0,0,0,0,0,0,0
201107,51,097,3,5,King and Queen County         ,2,2,89000,0,0,0,0,0,0,0,0,0,2,2,89000,0,0,0,0,0,0,0,0,0
201107,51,099,3,5,King George County            ,4,4,737633,0,0,0,0,0,0,0,0,0,4,4,737633,0,0,0,0,0,0,0,0,0
201107,51,101,3,5,King William County           ,3,3,385000,0,0,0,0,0,0,0,0,0,3,3,385000,0,0,0,0,0,0,0,0,0
201107,51,107,3,5,Loudoun County                ,235,235,43335950,0,0,0,0,0,0,4,36,410000,235,235,43335950,0,0,0,0,0,0,4,36,410000
201107,51,109,3,5,Louisa County                 ,9,9,1360000,0,0,0,0,0,0,0,0,0,9,9,1360000,0,0,0,0,0,0,0,0,0
201107,51,115,3,5,Mathews County                ,2,2,1544900,0,0,0,0,0,0,0,0,0,2,2,1544900,0,0,0,0,0,0,0,0,0
201107,51,119,3,5,Middlesex County              ,4,4,1202000,0,0,0,0,0,0,0,0,0,4,4,1202000,0,0,0,0,0,0,0,0,0
201107,51,127,3,5,New Kent County               ,8,8,1549954,0,0,0,0,0,0,0,0,0,8,8,1549954,0,0,0,0,0,0,0,0,0
201107,51,137,3,5,Orange County                 ,5,5,935417,0,0,0,0,0,0,0,0,0,5,5,935417,0,0,0,0,0,0,0,0,0
201107,51,143,3,5,Pittsylvania County           ,5,5,620958,0,0,0,0,0,0,1,5,295125,0,0,0,0,0,0,0,0,0,0,0,0
201107,51,145,3,5,Powhatan County               ,5,5,803120,0,0,0,0,0,0,0,0,0,5,5,803120,0,0,0,0,0,0,0,0,0
201107,51,149,3,5,Prince George County          ,2,2,368817,0,0,0,0,0,0,0,0,0,2,2,368817,0,0,0,0,0,0,0,0,0
201107,51,153,3,5,Prince William County         ,109,109,20100504,0,0,0,0,0,0,0,0,0,109,109,20100504,0,0,0,0,0,0,0,0,0
201107,51,157,3,5,Rappahannock County           ,2,2,311475,0,0,0,0,0,0,0,0,0,2,2,311475,0,0,0,0,0,0,0,0,0
201107,51,161,3,5,Roanoke County                ,11,11,2013991,0,0,0,0,0,0,0,0,0,11,11,2013991,0,0,0,0,0,0,0,0,0
201107,51,163,3,5,Rockbridge County             ,3,3,492000,0,0,0,0,0,0,0,0,0,3,3,492000,0,0,0,0,0,0,0,0,0
201107,51,165,3,5,Rockingham County             ,21,21,3416147,0,0,0,0,0,0,0,0,0,0,0,0,0,0,0,0,0,0,0,0,0
201107,51,169,3,5,Scott County                  ,2,2,261000,0,0,0,0,0,0,0,0,0,2,2,261000,0,0,0,0,0,0,0,0,0
201107,51,171,3,5,Shenandoah County             ,11,11,1286550,0,0,0,0,0,0,0,0,0,11,11,1286550,0,0,0,0,0,0,0,0,0
201107,51,177,3,5,Spotsylvania County           ,21,21,4878830,0,0,0,0,0,0,0,0,0,0,0,0,0,0,0,0,0,0,0,0,0
201107,51,179,3,5,Stafford County               ,32,32,5901066,0,0,0,0,0,0,0,0,0,32,32,5901066,0,0,0,0,0,0,0,0,0
201107,51,181,3,5,Surry County                  ,1,1,150000,0,0,0,0,0,0,0,0,0,1,1,150000,0,0,0,0,0,0,0,0,0
201107,51,183,3,5,Sussex County                 ,1,1,135989,0,0,0,0,0,0,0,0,0,0,0,0,0,0,0,0,0,0,0,0,0
201107,51,187,3,5,Warren County                 ,5,5,885000,0,0,0,0,0,0,0,0,0,5,5,885000,0,0,0,0,0,0,0,0,0
201107,51,199,3,5,York County                   ,4,4,927400,0,0,0,0,0,0,0,0,0,4,4,927400,0,0,0,0,0,0,0,0,0
201107,51,510,3,5,Alexandria (Independent City) ,5,5,938536,0,0,0,0,0,0,1,52,4720363,0,0,0,0,0,0,0,0,0,0,0,0
201107,51,530,3,5,Buena Vista (Independent City),0,0,0,0,0,0,0,0,0,0,0,0,0,0,0,0,0,0,0,0,0,0,0,0
201107,51,550,3,5,Chesapeake(Independent City)  ,31,31,5716657,0,0,0,0,0,0,3,143,5667952,31,31,5716657,0,0,0,0,0,0,3,143,5667952
201107,51,570,3,5,Colonial Heights (Independent ,0,0,0,0,0,0,0,0,0,0,0,0,0,0,0,0,0,0,0,0,0,0,0,0
201107,51,580,3,5,Covington (Independent City)  ,1,1,65698,0,0,0,0,0,0,0,0,0,0,0,0,0,0,0,0,0,0,0,0,0
201107,51,600,3,5,Fairfax (Independent City)    ,4,4,680000,0,0,0,0,0,0,0,0,0,4,4,680000,0,0,0,0,0,0,0,0,0
201107,51,610,3,5,Falls Church (Independent City,0,0,0,0,0,0,0,0,0,0,0,0,0,0,0,0,0,0,0,0,0,0,0,0
201107,51,630,3,5,Fredericksburg(Independent Cit,16,16,3209000,0,0,0,0,0,0,0,0,0,16,16,3209000,0,0,0,0,0,0,0,0,0
201107,51,650,3,5,Hampton (Independent City)    ,11,11,2478887,0,0,0,0,0,0,0,0,0,0,0,0,0,0,0,0,0,0,0,0,0
201107,51,660,3,5,Harrisonburg (Independent City,3,3,930000,0,0,0,0,0,0,0,0,0,3,3,930000,0,0,0,0,0,0,0,0,0
201107,51,670,3,5,Hopewell (Independent City)   ,0,0,0,0,0,0,0,0,0,0,0,0,0,0,0,0,0,0,0,0,0,0,0,0
201107,51,680,3,5,Lynchburg (Independent City)  ,6,6,698464,0,0,0,0,0,0,0,0,0,6,6,698464,0,0,0,0,0,0,0,0,0
201107,51,683,3,5,Manassas (Independent City)   ,4,4,430843,0,0,0,0,0,0,0,0,0,0,0,0,0,0,0,0,0,0,0,0,0
201107,51,685,3,5,Manassas Park (Independent Cit,0,0,0,0,0,0,0,0,0,0,0,0,0,0,0,0,0,0,0,0,0,0,0,0
201107,51,700,3,5,Newport News (Independent City,15,15,1196300,1,2,72885,0,0,0,0,0,0,15,15,1196300,1,2,72885,0,0,0,0,0,0
201107,51,710,3,5,Norfolk (Independent City)    ,23,23,4241391,0,0,0,0,0,0,0,0,0,23,23,4241391,0,0,0,0,0,0,0,0,0
201107,51,730,3,5,Petersburg (Independent City) ,1,1,87406,0,0,0,0,0,0,1,21,1580011,0,0,0,0,0,0,0,0,0,0,0,0
201107,51,735,3,5,Poquoson (Independent City)   ,0,0,0,0,0,0,0,0,0,0,0,0,0,0,0,0,0,0,0,0,0,0,0,0
201107,51,740,3,5,Portsmouth (Independent City) ,5,5,922041,0,0,0,0,0,0,0,0,0,5,5,922041,0,0,0,0,0,0,0,0,0
201107,51,760,3,5,Richmond (Independent City)   ,10,10,1330503,0,0,0,0,0,0,0,0,0,10,10,1330503,0,0,0,0,0,0,0,0,0
201107,51,770,3,5,Roanoke (Independent City)    ,3,3,386015,0,0,0,0,0,0,0,0,0,3,3,386015,0,0,0,0,0,0,0,0,0
201107,51,800,3,5,Suffolk (Independent City)    ,31,31,5716657,0,0,0,0,0,0,0,0,0,31,31,5716657,0,0,0,0,0,0,0,0,0
201107,51,810,3,5,Virginia Beach (Independent Ci,47,47,8096960,0,0,0,0,0,0,23,276,11031889,47,47,8096960,0,0,0,0,0,0,23,276,11031889
201107,51,830,3,5,Williamsburg (Independent City,1,1,410000,0,0,0,0,0,0,0,0,0,1,1,410000,0,0,0,0,0,0,0,0,0
201107,53,011,4,9,Clark County                  ,70,70,20668427,0,0,0,1,4,285569,0,0,0,69,69,20467747,0,0,0,1,4,285569,0,0,0
201107,53,033,4,9,King County                   ,251,251,70026718,7,14,2715936,1,4,685479,10,281,35341808,220,220,60190952,7,14,2715936,1,4,685479,7,263,33187733
201107,53,041,4,9,Lewis County                  ,6,6,845957,0,0,0,0,0,0,0,0,0,6,6,845957,0,0,0,0,0,0,0,0,0
201107,53,053,4,9,Pierce County                 ,153,153,36872927,1,2,285379,0,0,0,0,0,0,153,153,36872927,1,2,285379,0,0,0,0,0,0
201107,53,059,4,9,Skamania County               ,4,4,916198,0,0,0,0,0,0,0,0,0,4,4,916198,0,0,0,0,0,0,0,0,0
201107,53,061,4,9,Snohomish County              ,122,122,30197211,3,6,1074542,1,4,500000,4,36,4396222,121,121,30000230,3,6,1074542,1,4,500000,4,36,4396222
201107,54,037,3,5,Jefferson County              ,11,11,2291555,0,0,0,0,0,0,0,0,0,11,11,2291555,0,0,0,0,0,0,0,0,0
201107,55,021,2,3,Columbia County               ,4,4,540000,0,0,0,0,0,0,0,0,0,4,4,540000,0,0,0,0,0,0,0,0,0
201107,55,025,2,3,Dane County                   ,64,64,18150930,1,2,189167,0,0,0,2,35,3415631,45,45,14429567,0,0,0,0,0,0,0,0,0
201107,55,031,2,3,Douglas County                ,5,5,866054,0,0,0,0,0,0,0,0,0,5,5,866054,0,0,0,0,0,0,0,0,0
201107,55,037,2,3,Florence County               ,2,2,307628,0,0,0,0,0,0,0,0,0,0,0,0,0,0,0,0,0,0,0,0,0
201107,55,049,2,3,Iowa County                   ,5,5,820000,0,0,0,0,0,0,0,0,0,5,5,820000,0,0,0,0,0,0,0,0,0
201107,55,059,2,3,Kenosha County                ,7,7,1395571,0,0,0,0,0,0,0,0,0,6,6,1046000,0,0,0,0,0,0,0,0,0
201107,55,079,2,3,Milwaukee County              ,18,18,3537060,0,0,0,2,8,818000,5,69,7406276,18,18,3537060,0,0,0,2,8,818000,5,69,7406276
201107,55,089,2,3,Ozaukee County                ,9,9,2708814,0,0,0,0,0,0,0,0,0,3,3,710527,0,0,0,0,0,0,0,0,0
201107,55,093,2,3,Pierce County                 ,5,5,1590864,0,0,0,0,0,0,1,5,427419,1,1,991900,0,0,0,0,0,0,0,0,0
201107,55,109,2,3,St. Croix County              ,6,6,1175128,0,0,0,0,0,0,0,0,0,4,4,740000,0,0,0,0,0,0,0,0,0
201107,55,113,2,3,Sawyer County                 ,5,5,848500,0,0,0,0,0,0,0,0,0,5,5,848500,0,0,0,0,0,0,0,0,0
201107,55,131,2,3,Washington County             ,13,13,3238416,0,0,0,0,0,0,0,0,0,6,6,1611000,0,0,0,0,0,0,0,0,0
201107,55,133,2,3,Waukesha County               ,33,33,11756063,3,6,767210,0,0,0,0,0,0,31,31,10946346,3,6,767210,0,0,0,0,0,0
201107,56,019,4,8,Johnson County                ,0,0,0,0,0,0,0,0,0,0,0,0,0,0,0,0,0,0,0,0,0,0,0,0
201107,56,039,4,8,Teton County                  ,7,7,7470380,0,0,0,0,0,0,0,0,0,0,0,0,0,0,0,0,0,0,0,0,0
