Survey,FIPS,FIPS,Region,Division,County,,1-unit,,,2-units,,,3-4 units,,,5+ units,,,1-unit rep,,,2-units rep,,,3-4 units rep,,, 5+units rep
Date,State,County,Code,Code,Name,Bldgs,Units,Value,Bldgs,Units,Value,Bldgs,Units,Value,Bldgs,Units,Value,Bldgs,Units,Value,Bldgs,Units,Value,Bldgs,Units,Value,Bldgs,Units,Value
 
201108,01,001,3,6,Autauga County                ,5,5,1330620,0,0,0,0,0,0,0,0,0,5,5,1330620,0,0,0,0,0,0,0,0,0
201108,01,007,3,6,Bibb County                   ,0,0,0,0,0,0,0,0,0,0,0,0,0,0,0,0,0,0,0,0,0,0,0,0
201108,01,009,3,6,Blount County                 ,0,0,0,0,0,0,0,0,0,0,0,0,0,0,0,0,0,0,0,0,0,0,0,0
201108,01,021,3,6,Chilton County                ,1,1,84000,0,0,0,0,0,0,0,0,0,0,0,0,0,0,0,0,0,0,0,0,0
201108,01,037,3,6,Coosa County                  ,0,0,0,0,0,0,0,0,0,0,0,0,0,0,0,0,0,0,0,0,0,0,0,0
201108,01,073,3,6,Jefferson County              ,150,150,33180130,0,0,0,0,0,0,0,0,0,140,140,31660949,0,0,0,0,0,0,0,0,0
201108,01,081,3,6,Lee County                    ,44,44,10517513,0,0,0,0,0,0,0,0,0,44,44,10517513,0,0,0,0,0,0,0,0,0
201108,01,115,3,6,St. Clair County              ,10,10,1062503,0,0,0,0,0,0,0,0,0,10,10,1062503,0,0,0,0,0,0,0,0,0
201108,01,117,3,6,Shelby County                 ,36,36,6326476,0,0,0,0,0,0,0,0,0,16,16,2635987,0,0,0,0,0,0,0,0,0
201108,01,127,3,6,Walker County                 ,1,1,39600,0,0,0,0,0,0,0,0,0,1,1,39600,0,0,0,0,0,0,0,0,0
201108,02,000,4,9,Alaska Balance of State       ,6,6,1459416,0,0,0,0,0,0,0,0,0,0,0,0,0,0,0,0,0,0,0,0,0
201108,02,013,4,9,Aleutians East Borough        ,0,0,0,0,0,0,0,0,0,0,0,0,0,0,0,0,0,0,0,0,0,0,0,0
201108,02,016,4,9,Aleutians West Census Area    ,0,0,0,0,0,0,0,0,0,0,0,0,0,0,0,0,0,0,0,0,0,0,0,0
201108,02,020,4,9,Anchorage Borough             ,31,31,10778619,0,0,0,0,0,0,0,0,0,31,31,10778619,0,0,0,0,0,0,0,0,0
201108,02,050,4,9,Bethel Census Area            ,2,2,400000,0,0,0,0,0,0,0,0,0,2,2,400000,0,0,0,0,0,0,0,0,0
201108,02,060,4,9,Bristol Bay Borough           ,0,0,0,0,0,0,0,0,0,0,0,0,0,0,0,0,0,0,0,0,0,0,0,0
201108,02,090,4,9,Fairbanks North Star Borough  ,4,4,726783,0,0,0,0,0,0,0,0,0,1,1,175000,0,0,0,0,0,0,0,0,0
201108,02,100,4,9,Haines Borough                ,0,0,0,0,0,0,0,0,0,0,0,0,0,0,0,0,0,0,0,0,0,0,0,0
201108,02,110,4,9,Juneau Borough                ,1,1,249197,0,0,0,0,0,0,0,0,0,1,1,249197,0,0,0,0,0,0,0,0,0
201108,02,122,4,9,Kenai Peninsula Borough       ,20,20,4735436,0,0,0,0,0,0,0,0,0,16,16,3731641,0,0,0,0,0,0,0,0,0
201108,02,130,4,9,Ketchikan Gateway Borough     ,0,0,0,0,0,0,0,0,0,0,0,0,0,0,0,0,0,0,0,0,0,0,0,0
201108,02,150,4,9,Kodiak Island Borough         ,2,2,373344,0,0,0,0,0,0,0,0,0,2,2,373344,0,0,0,0,0,0,0,0,0
201108,02,170,4,9,Matanuska-Susitna Borough     ,11,11,2007896,0,0,0,0,0,0,0,0,0,9,9,1635555,0,0,0,0,0,0,0,0,0
201108,02,180,4,9,Nome Census Area              ,0,0,0,0,0,0,0,0,0,0,0,0,0,0,0,0,0,0,0,0,0,0,0,0
201108,02,185,4,9,North Slope Borough           ,1,1,225320,0,0,0,0,0,0,0,0,0,0,0,0,0,0,0,0,0,0,0,0,0
201108,02,188,4,9,Northwest Arctic Borough      ,0,0,0,0,0,0,0,0,0,0,0,0,0,0,0,0,0,0,0,0,0,0,0,0
201108,02,201,4,9,Prince of Wales-Outer Ketchika,0,0,0,0,0,0,0,0,0,0,0,0,0,0,0,0,0,0,0,0,0,0,0,0
201108,02,220,4,9,Sitka Borough                 ,1,1,219764,0,0,0,0,0,0,0,0,0,0,0,0,0,0,0,0,0,0,0,0,0
201108,02,232,4,9,Skagway-Hoonah-Angoon Census A,0,0,0,0,0,0,0,0,0,0,0,0,0,0,0,0,0,0,0,0,0,0,0,0
201108,02,261,4,9,Valdez-Cordova Census Area    ,1,1,200000,0,0,0,0,0,0,0,0,0,1,1,200000,0,0,0,0,0,0,0,0,0
201108,02,280,4,9,Wrangell-Petersburg Census Are,2,2,650000,0,0,0,0,0,0,0,0,0,2,2,650000,0,0,0,0,0,0,0,0,0
201108,02,282,4,9,Yakutat Borough               ,1,1,145000,0,0,0,0,0,0,0,0,0,0,0,0,0,0,0,0,0,0,0,0,0
201108,02,290,4,9,Yukon-Koyukuk Census Area     ,0,0,0,0,0,0,0,0,0,0,0,0,0,0,0,0,0,0,0,0,0,0,0,0
201108,04,013,4,8,Maricopa County               ,654,654,152341053,0,0,0,0,0,0,23,383,44023363,654,654,152341053,0,0,0,0,0,0,23,383,44023363
201108,04,019,4,8,Pima County                   ,153,153,40912232,0,0,0,0,0,0,1,6,434830,95,95,28903768,0,0,0,0,0,0,0,0,0
201108,04,021,4,8,Pinal County                  ,85,85,11392619,0,0,0,1,4,275595,0,0,0,77,77,10213637,0,0,0,1,4,275595,0,0,0
201108,05,023,3,7,Cleburne County               ,1,1,116750,0,0,0,0,0,0,0,0,0,0,0,0,0,0,0,0,0,0,0,0,0
201108,05,025,3,7,Cleveland County              ,0,0,0,0,0,0,0,0,0,0,0,0,0,0,0,0,0,0,0,0,0,0,0,0
201108,05,027,3,7,Columbia County               ,0,0,0,0,0,0,0,0,0,0,0,0,0,0,0,0,0,0,0,0,0,0,0,0
201108,05,035,3,7,Crittenden County             ,2,2,359382,0,0,0,0,0,0,0,0,0,2,2,359382,0,0,0,0,0,0,0,0,0
201108,05,059,3,7,Hot Spring County             ,0,0,0,0,0,0,0,0,0,0,0,0,0,0,0,0,0,0,0,0,0,0,0,0
201108,05,061,3,7,Howard County                 ,1,1,80000,0,0,0,0,0,0,0,0,0,1,1,80000,0,0,0,0,0,0,0,0,0
201108,05,099,3,7,Nevada County                 ,0,0,0,0,0,0,0,0,0,0,0,0,0,0,0,0,0,0,0,0,0,0,0,0
201108,06,001,4,9,Alameda County                ,61,61,19764180,4,8,2087564,0,0,0,2,315,93951560,50,50,16705471,4,8,2087564,0,0,0,2,315,93951560
201108,06,003,4,9,Alpine County                 ,0,0,0,0,0,0,0,0,0,0,0,0,0,0,0,0,0,0,0,0,0,0,0,0
201108,06,009,4,9,Calaveras County              ,5,5,1543442,0,0,0,0,0,0,0,0,0,0,0,0,0,0,0,0,0,0,0,0,0
201108,06,013,4,9,Contra Costa County           ,58,58,13827575,0,0,0,0,0,0,0,0,0,57,57,13691107,0,0,0,0,0,0,0,0,0
201108,06,017,4,9,El Dorado County              ,19,19,7915775,0,0,0,0,0,0,0,0,0,18,18,7701011,0,0,0,0,0,0,0,0,0
201108,06,037,4,9,Los Angeles County            ,274,274,93376708,13,26,8828352,3,10,1450000,11,711,85786880,241,241,78929147,13,26,8828352,3,10,1450000,7,648,78027810
201108,06,041,4,9,Marin County                  ,7,7,2577348,0,0,0,0,0,0,1,10,985506,0,0,0,0,0,0,0,0,0,0,0,0
201108,06,045,4,9,Mendocino County              ,12,12,1811097,1,2,223979,0,0,0,0,0,0,12,12,1811097,1,2,223979,0,0,0,0,0,0
201108,06,049,4,9,Modoc County                  ,0,0,0,0,0,0,0,0,0,0,0,0,0,0,0,0,0,0,0,0,0,0,0,0
201108,06,051,4,9,Mono County                   ,2,2,950560,0,0,0,0,0,0,0,0,0,1,1,811756,0,0,0,0,0,0,0,0,0
201108,06,059,4,9,Orange County                 ,79,79,27939806,1,2,705746,6,20,5437220,2,14,1892233,57,57,18300983,0,0,0,6,20,5437220,1,7,834357
201108,06,061,4,9,Placer County                 ,99,99,28505182,0,0,0,0,0,0,0,0,0,98,98,28244214,0,0,0,0,0,0,0,0,0
201108,06,063,4,9,Plumas County                 ,3,3,451840,0,0,0,0,0,0,0,0,0,3,3,451840,0,0,0,0,0,0,0,0,0
201108,06,065,4,9,Riverside County              ,228,228,50996948,0,0,0,0,0,0,3,216,24369816,183,183,43675108,0,0,0,0,0,0,3,216,24369816
201108,06,067,4,9,Sacramento County             ,87,87,22880756,0,0,0,0,0,0,0,0,0,85,85,22377409,0,0,0,0,0,0,0,0,0
201108,06,069,4,9,San Benito County             ,0,0,0,0,0,0,0,0,0,0,0,0,0,0,0,0,0,0,0,0,0,0,0,0
201108,06,071,4,9,San Bernardino County         ,82,82,15962260,0,0,0,0,0,0,2,83,6855646,76,76,14833006,0,0,0,0,0,0,1,75,5495646
201108,06,073,4,9,San Diego County              ,169,169,55602497,3,6,649840,0,0,0,5,96,11800192,165,165,54670057,3,6,649840,0,0,0,5,96,11800192
201108,06,075,4,9,San Francisco County          ,4,4,908213,1,2,888812,2,6,5774650,5,559,192279787,4,4,908213,1,2,888812,2,6,5774650,5,559,192279787
201108,06,077,4,9,San Joaquin County            ,100,100,18887639,0,0,0,0,0,0,0,0,0,100,100,18887639,0,0,0,0,0,0,0,0,0
201108,06,081,4,9,San Mateo County              ,27,27,24267487,1,2,2000,0,0,0,0,0,0,16,16,12464632,1,2,2000,0,0,0,0,0,0
201108,06,085,4,9,Santa Clara County            ,80,80,30098307,0,0,0,1,3,768750,3,28,6069757,72,72,27201645,0,0,0,1,3,768750,1,9,1422305
201108,06,091,4,9,Sierra County                 ,0,0,0,0,0,0,0,0,0,0,0,0,0,0,0,0,0,0,0,0,0,0,0,0
201108,06,113,4,9,Yolo County                   ,35,35,7788261,0,0,0,0,0,0,0,0,0,35,35,7788261,0,0,0,0,0,0,0,0,0
201108,08,001,4,8,Adams County                  ,57,57,13973225,0,0,0,0,0,0,0,0,0,57,57,13973225,0,0,0,0,0,0,0,0,0
201108,08,005,4,8,Arapahoe County               ,50,50,12093173,0,0,0,0,0,0,0,0,0,47,47,11692373,0,0,0,0,0,0,0,0,0
201108,08,014,4,8,Broomfield County             ,21,21,5067451,0,0,0,0,0,0,0,0,0,0,0,0,0,0,0,0,0,0,0,0,0
201108,08,015,4,8,Chaffee County                ,3,3,783326,0,0,0,0,0,0,0,0,0,3,3,783326,0,0,0,0,0,0,0,0,0
201108,08,019,4,8,Clear Creek County            ,2,2,423406,0,0,0,0,0,0,0,0,0,2,2,423406,0,0,0,0,0,0,0,0,0
201108,08,023,4,8,Costilla County               ,3,3,678855,0,0,0,0,0,0,0,0,0,0,0,0,0,0,0,0,0,0,0,0,0
201108,08,031,4,8,Denver County                 ,76,76,17256051,0,0,0,0,0,0,2,20,800000,76,76,17256051,0,0,0,0,0,0,2,20,800000
201108,08,033,4,8,Dolores County                ,0,0,0,0,0,0,0,0,0,0,0,0,0,0,0,0,0,0,0,0,0,0,0,0
201108,08,035,4,8,Douglas County                ,135,135,35260449,0,0,0,0,0,0,1,7,1338620,135,135,35260449,0,0,0,0,0,0,1,7,1338620
201108,08,039,4,8,Elbert County                 ,4,4,758995,0,0,0,0,0,0,0,0,0,4,4,758995,0,0,0,0,0,0,0,0,0
201108,08,041,4,8,El Paso County                ,128,128,43803651,0,0,0,0,0,0,9,187,20405600,128,128,43803651,0,0,0,0,0,0,9,187,20405600
201108,08,047,4,8,Gilpin County                 ,1,1,280000,0,0,0,0,0,0,0,0,0,0,0,0,0,0,0,0,0,0,0,0,0
201108,08,049,4,8,Grand County                  ,13,13,3274556,0,0,0,0,0,0,1,5,552045,0,0,0,0,0,0,0,0,0,0,0,0
201108,08,059,4,8,Jefferson County              ,50,50,13506080,0,0,0,0,0,0,13,366,35177803,50,50,13506080,0,0,0,0,0,0,13,366,35177803
201108,08,069,4,8,Larimer County                ,89,89,18078072,0,0,0,0,0,0,2,58,5349331,89,89,18078072,0,0,0,0,0,0,2,58,5349331
201108,08,077,4,8,Mesa County                   ,27,27,6642099,0,0,0,0,0,0,0,0,0,27,27,6642099,0,0,0,0,0,0,0,0,0
201108,08,093,4,8,Park County                   ,13,13,2359154,0,0,0,0,0,0,0,0,0,13,13,2359154,0,0,0,0,0,0,0,0,0
201108,08,101,4,8,Pueblo County                 ,12,12,2263088,0,0,0,0,0,0,0,0,0,12,12,2263088,0,0,0,0,0,0,0,0,0
201108,08,107,4,8,Routt County                  ,4,4,1491142,0,0,0,0,0,0,0,0,0,4,4,1491142,0,0,0,0,0,0,0,0,0
201108,08,119,4,8,Teller County                 ,3,3,839679,0,0,0,0,0,0,0,0,0,0,0,0,0,0,0,0,0,0,0,0,0
201108,08,123,4,8,Weld County                   ,66,66,15005175,0,0,0,0,0,0,1,12,347249,49,49,10952392,0,0,0,0,0,0,0,0,0
201108,10,001,3,5,Kent County                   ,61,61,7910704,1,2,260700,0,0,0,1,5,314910,3,3,364549,1,2,260700,0,0,0,0,0,0
201108,10,003,3,5,New Castle County             ,57,57,4837128,0,0,0,0,0,0,1,5,80000,5,5,364274,0,0,0,0,0,0,0,0,0
201108,10,005,3,5,Sussex County                 ,170,170,26428581,3,6,512468,0,0,0,0,0,0,170,170,26428581,3,6,512468,0,0,0,0,0,0
201108,11,001,3,5,Washington  DC                ,34,34,7015900,26,52,3900000,0,0,0,2,570,44607327,34,34,7015900,26,52,3900000,0,0,0,2,570,44607327
201108,12,003,3,5,Baker County                  ,1,1,194297,0,0,0,0,0,0,0,0,0,1,1,194297,0,0,0,0,0,0,0,0,0
201108,12,009,3,5,Brevard County                ,81,81,20380041,0,0,0,0,0,0,1,11,1031378,71,71,17975920,0,0,0,0,0,0,0,0,0
201108,12,011,3,5,Broward County                ,368,368,30881576,1,2,309021,0,0,0,4,96,4553118,366,366,30684813,1,2,309021,0,0,0,4,96,4553118
201108,12,013,3,5,Calhoun County                ,2,2,246600,0,0,0,0,0,0,0,0,0,1,1,90000,0,0,0,0,0,0,0,0,0
201108,12,015,3,5,Charlotte County              ,28,28,5119569,6,12,522043,1,3,425250,0,0,0,0,0,0,0,0,0,0,0,0,0,0,0
201108,12,019,3,5,Clay County                   ,50,50,8871247,0,0,0,0,0,0,0,0,0,50,50,8871247,0,0,0,0,0,0,0,0,0
201108,12,021,3,5,Collier County                ,68,68,19950397,0,0,0,2,8,1612000,4,28,5078000,68,68,19950397,0,0,0,2,8,1612000,4,28,5078000
201108,12,023,3,5,Columbia County               ,6,6,821021,0,0,0,0,0,0,0,0,0,0,0,0,0,0,0,0,0,0,0,0,0
201108,12,031,3,5,Duval County                  ,107,107,19641404,0,0,0,0,0,0,0,0,0,107,107,19641404,0,0,0,0,0,0,0,0,0
201108,12,033,3,5,Escambia County               ,68,68,12663540,0,0,0,0,0,0,0,0,0,68,68,12663540,0,0,0,0,0,0,0,0,0
201108,12,035,3,5,Flagler County                ,21,21,5496192,0,0,0,0,0,0,0,0,0,21,21,5496192,0,0,0,0,0,0,0,0,0
201108,12,037,3,5,Franklin County               ,0,0,0,0,0,0,0,0,0,0,0,0,0,0,0,0,0,0,0,0,0,0,0,0
201108,12,041,3,5,Gilchrist County              ,4,4,586347,0,0,0,0,0,0,0,0,0,0,0,0,0,0,0,0,0,0,0,0,0
201108,12,043,3,5,Glades County                 ,0,0,0,0,0,0,0,0,0,0,0,0,0,0,0,0,0,0,0,0,0,0,0,0
201108,12,047,3,5,Hamilton County               ,2,2,161311,0,0,0,0,0,0,0,0,0,0,0,0,0,0,0,0,0,0,0,0,0
201108,12,049,3,5,Hardee County                 ,1,1,100777,0,0,0,0,0,0,0,0,0,0,0,0,0,0,0,0,0,0,0,0,0
201108,12,053,3,5,Hernando County               ,13,13,1784617,0,0,0,0,0,0,0,0,0,13,13,1784617,0,0,0,0,0,0,0,0,0
201108,12,055,3,5,Highlands County              ,4,4,801863,0,0,0,0,0,0,0,0,0,3,3,637980,0,0,0,0,0,0,0,0,0
201108,12,057,3,5,Hillsborough County           ,293,293,80935338,0,0,0,2,8,3834016,1,6,2402952,293,293,80935338,0,0,0,2,8,3834016,1,6,2402952
201108,12,061,3,5,Indian River County           ,21,21,10068527,0,0,0,0,0,0,0,0,0,18,18,9494289,0,0,0,0,0,0,0,0,0
201108,12,063,3,5,Jackson County                ,5,5,597958,0,0,0,0,0,0,0,0,0,0,0,0,0,0,0,0,0,0,0,0,0
201108,12,065,3,5,Jefferson County              ,0,0,0,0,0,0,0,0,0,0,0,0,0,0,0,0,0,0,0,0,0,0,0,0
201108,12,067,3,5,Lafayette County              ,0,0,0,0,0,0,0,0,0,0,0,0,0,0,0,0,0,0,0,0,0,0,0,0
201108,12,069,3,5,Lake County                   ,50,50,14418526,0,0,0,0,0,0,0,0,0,45,45,13295528,0,0,0,0,0,0,0,0,0
201108,12,071,3,5,Lee County                    ,100,100,21245324,3,6,600000,3,12,1167450,1,6,1212538,100,100,21245324,3,6,600000,3,12,1167450,1,6,1212538
201108,12,073,3,5,Leon County                   ,32,32,4739711,0,0,0,0,0,0,1,5,318498,9,9,1531082,0,0,0,0,0,0,0,0,0
201108,12,077,3,5,Liberty County                ,1,1,90000,0,0,0,0,0,0,0,0,0,1,1,90000,0,0,0,0,0,0,0,0,0
201108,12,081,3,5,Manatee County                ,141,141,29974217,1,2,235000,1,4,1028000,0,0,0,138,138,29427416,0,0,0,1,4,1028000,0,0,0
201108,12,083,3,5,Marion County                 ,30,30,5932849,0,0,0,0,0,0,0,0,0,30,30,5932849,0,0,0,0,0,0,0,0,0
201108,12,085,3,5,Martin County                 ,12,12,6750499,0,0,0,0,0,0,1,6,1129570,12,12,6750499,0,0,0,0,0,0,1,6,1129570
201108,12,086,3,5,Miami-Dade County             ,75,75,17006700,1,2,162500,0,0,0,11,260,21483390,71,71,16450281,1,2,162500,0,0,0,11,260,21483390
201108,12,089,3,5,Nassau County                 ,29,29,7517892,0,0,0,0,0,0,0,0,0,29,29,7517892,0,0,0,0,0,0,0,0,0
201108,12,095,3,5,Orange County                 ,269,269,55900780,2,4,731658,1,4,300000,1,5,380000,223,223,44485074,2,4,731658,1,4,300000,1,5,380000
201108,12,097,3,5,Osceola County                ,61,61,13184699,0,0,0,0,0,0,0,0,0,61,61,13184699,0,0,0,0,0,0,0,0,0
201108,12,099,3,5,Palm Beach County             ,161,161,52767163,1,2,208371,0,0,0,2,25,1794889,158,158,50502237,0,0,0,0,0,0,0,0,0
201108,12,101,3,5,Pasco County                  ,78,78,15729883,10,20,2770631,1,4,631740,1,8,673440,78,78,15729883,10,20,2770631,1,4,631740,1,8,673440
201108,12,103,3,5,Pinellas County               ,28,28,6284617,0,0,0,0,0,0,0,0,0,28,28,6284617,0,0,0,0,0,0,0,0,0
201108,12,105,3,5,Polk County                   ,137,137,22536080,0,0,0,0,0,0,1,10,1221900,135,135,22294324,0,0,0,0,0,0,1,10,1221900
201108,12,107,3,5,Putnam County                 ,4,4,430918,0,0,0,0,0,0,0,0,0,1,1,31000,0,0,0,0,0,0,0,0,0
201108,12,109,3,5,St. Johns County              ,141,141,34694489,4,8,1300000,2,6,970000,0,0,0,139,139,34284114,4,8,1300000,2,6,970000,0,0,0
201108,12,111,3,5,St. Lucie County              ,39,39,5130011,0,0,0,0,0,0,1,5,695188,38,38,4958556,0,0,0,0,0,0,0,0,0
201108,12,113,3,5,Santa Rosa County             ,44,44,8113965,0,0,0,0,0,0,0,0,0,44,44,8113965,0,0,0,0,0,0,0,0,0
201108,12,115,3,5,Sarasota County               ,55,55,16801704,0,0,0,0,0,0,2,18,2797370,55,55,16801704,0,0,0,0,0,0,2,18,2797370
201108,12,117,3,5,Seminole County               ,68,68,14889598,0,0,0,0,0,0,1,12,1588493,52,52,9200460,0,0,0,0,0,0,0,0,0
201108,12,119,3,5,Sumter County                 ,283,283,78432425,0,0,0,0,0,0,0,0,0,283,283,78432425,0,0,0,0,0,0,0,0,0
201108,12,123,3,5,Taylor County                 ,2,2,330000,0,0,0,0,0,0,0,0,0,2,2,330000,0,0,0,0,0,0,0,0,0
201108,12,125,3,5,Union County                  ,1,1,81480,0,0,0,0,0,0,0,0,0,1,1,81480,0,0,0,0,0,0,0,0,0
201108,12,127,3,5,Volusia County                ,50,50,12737375,0,0,0,0,0,0,2,10,979755,31,31,8133910,0,0,0,0,0,0,0,0,0
201108,12,129,3,5,Wakulla County                ,5,5,590000,0,0,0,0,0,0,0,0,0,5,5,590000,0,0,0,0,0,0,0,0,0
201108,12,131,3,5,Walton County                 ,60,60,18828353,0,0,0,0,0,0,0,0,0,60,60,18828353,0,0,0,0,0,0,0,0,0
201108,12,133,3,5,Washington County             ,2,2,343202,0,0,0,0,0,0,0,0,0,0,0,0,0,0,0,0,0,0,0,0,0
201108,13,005,3,5,Bacon County                  ,0,0,0,0,0,0,0,0,0,0,0,0,0,0,0,0,0,0,0,0,0,0,0,0
201108,13,013,3,5,Barrow County                 ,7,7,712615,0,0,0,0,0,0,0,0,0,6,6,598020,0,0,0,0,0,0,0,0,0
201108,13,015,3,5,Bartow County                 ,6,6,1110133,0,0,0,0,0,0,0,0,0,5,5,987633,0,0,0,0,0,0,0,0,0
201108,13,029,3,5,Bryan County                  ,21,21,3511411,0,0,0,0,0,0,0,0,0,11,11,2291600,0,0,0,0,0,0,0,0,0
201108,13,035,3,5,Butts County                  ,0,0,0,0,0,0,0,0,0,0,0,0,0,0,0,0,0,0,0,0,0,0,0,0
201108,13,045,3,5,Carroll County                ,2,2,368817,0,0,0,0,0,0,1,5,390926,2,2,368817,0,0,0,0,0,0,0,0,0
201108,13,057,3,5,Cherokee County               ,39,39,8318772,0,0,0,0,0,0,0,0,0,34,34,7201444,0,0,0,0,0,0,0,0,0
201108,13,059,3,5,Clarke County                 ,2,2,468782,0,0,0,0,0,0,0,0,0,2,2,468782,0,0,0,0,0,0,0,0,0
201108,13,063,3,5,Clayton County                ,6,6,1106450,0,0,0,0,0,0,0,0,0,6,6,1106450,0,0,0,0,0,0,0,0,0
201108,13,067,3,5,Cobb County                   ,74,74,18567427,1,2,539567,0,0,0,6,320,41625760,74,74,18567427,1,2,539567,0,0,0,6,320,41625760
201108,13,077,3,5,Coweta County                 ,37,37,11911734,0,0,0,0,0,0,0,0,0,37,37,11911734,0,0,0,0,0,0,0,0,0
201108,13,085,3,5,Dawson County                 ,4,4,945000,0,0,0,0,0,0,0,0,0,4,4,945000,0,0,0,0,0,0,0,0,0
201108,13,089,3,5,DeKalb County                 ,34,34,6719188,0,0,0,0,0,0,0,0,0,31,31,5716657,0,0,0,0,0,0,0,0,0
201108,13,095,3,5,Dougherty County              ,3,3,335773,1,2,150112,0,0,0,0,0,0,0,0,0,0,0,0,0,0,0,0,0,0
201108,13,097,3,5,Douglas County                ,5,5,425253,0,0,0,0,0,0,0,0,0,5,5,425253,0,0,0,0,0,0,0,0,0
201108,13,113,3,5,Fayette County                ,6,6,1220231,0,0,0,0,0,0,0,0,0,4,4,640000,0,0,0,0,0,0,0,0,0
201108,13,117,3,5,Forsyth County                ,120,120,15040201,0,0,0,0,0,0,0,0,0,120,120,15040201,0,0,0,0,0,0,0,0,0
201108,13,121,3,5,Fulton County                 ,101,101,25755156,0,0,0,0,0,0,9,340,33792109,101,101,25755156,0,0,0,0,0,0,9,340,33792109
201108,13,127,3,5,Glynn County                  ,29,29,7454005,0,0,0,0,0,0,0,0,0,0,0,0,0,0,0,0,0,0,0,0,0
201108,13,133,3,5,Greene County                 ,11,11,2861676,0,0,0,0,0,0,0,0,0,0,0,0,0,0,0,0,0,0,0,0,0
201108,13,135,3,5,Gwinnett County               ,83,83,16178175,0,0,0,0,0,0,0,0,0,83,83,16178175,0,0,0,0,0,0,0,0,0
201108,13,143,3,5,Haralson County               ,1,1,175738,0,0,0,0,0,0,0,0,0,0,0,0,0,0,0,0,0,0,0,0,0
201108,13,145,3,5,Harris County                 ,7,7,1774565,0,0,0,0,0,0,0,0,0,7,7,1774565,0,0,0,0,0,0,0,0,0
201108,13,149,3,5,Heard County                  ,1,1,134368,0,0,0,0,0,0,0,0,0,0,0,0,0,0,0,0,0,0,0,0,0
201108,13,151,3,5,Henry County                  ,24,24,5167156,0,0,0,0,0,0,0,0,0,18,18,4401922,0,0,0,0,0,0,0,0,0
201108,13,159,3,5,Jasper County                 ,3,3,402370,0,0,0,0,0,0,0,0,0,0,0,0,0,0,0,0,0,0,0,0,0
201108,13,169,3,5,Jones County                  ,2,2,300000,0,0,0,0,0,0,0,0,0,2,2,300000,0,0,0,0,0,0,0,0,0
201108,13,171,3,5,Lamar County                  ,2,2,203772,0,0,0,0,0,0,1,8,706800,2,2,203772,0,0,0,0,0,0,0,0,0
201108,13,177,3,5,Lee County                    ,11,11,1257136,0,0,0,0,0,0,0,0,0,0,0,0,0,0,0,0,0,0,0,0,0
201108,13,189,3,5,McDuffie County               ,2,2,218000,0,0,0,0,0,0,0,0,0,2,2,218000,0,0,0,0,0,0,0,0,0
201108,13,199,3,5,Meriwether County             ,2,2,368817,0,0,0,0,0,0,0,0,0,2,2,368817,0,0,0,0,0,0,0,0,0
201108,13,211,3,5,Morgan County                 ,7,7,3210840,0,0,0,0,0,0,0,0,0,7,7,3210840,0,0,0,0,0,0,0,0,0
201108,13,213,3,5,Murray County                 ,1,1,179382,0,0,0,0,0,0,0,0,0,1,1,179382,0,0,0,0,0,0,0,0,0
201108,13,215,3,5,Muscogee County               ,21,21,2222974,0,0,0,1,4,181694,1,11,834399,0,0,0,0,0,0,0,0,0,0,0,0
201108,13,217,3,5,Newton County                 ,6,6,918225,0,0,0,0,0,0,0,0,0,6,6,918225,0,0,0,0,0,0,0,0,0
201108,13,223,3,5,Paulding County               ,19,19,2524288,0,0,0,0,0,0,0,0,0,11,11,1156806,0,0,0,0,0,0,0,0,0
201108,13,227,3,5,Pickens County                ,2,2,290000,0,0,0,0,0,0,0,0,0,2,2,290000,0,0,0,0,0,0,0,0,0
201108,13,231,3,5,Pike County                   ,0,0,0,0,0,0,0,0,0,0,0,0,0,0,0,0,0,0,0,0,0,0,0,0
201108,13,237,3,5,Putnam County                 ,2,2,525000,0,0,0,0,0,0,0,0,0,2,2,525000,0,0,0,0,0,0,0,0,0
201108,13,239,3,5,Quitman County                ,0,0,0,0,0,0,0,0,0,0,0,0,0,0,0,0,0,0,0,0,0,0,0,0
201108,13,247,3,5,Rockdale County               ,3,3,866826,0,0,0,0,0,0,0,0,0,3,3,866826,0,0,0,0,0,0,0,0,0
201108,13,255,3,5,Spalding County               ,9,9,1326400,0,0,0,0,0,0,0,0,0,9,9,1326400,0,0,0,0,0,0,0,0,0
201108,13,291,3,5,Union County                  ,6,6,1106450,0,0,0,0,0,0,0,0,0,6,6,1106450,0,0,0,0,0,0,0,0,0
201108,13,297,3,5,Walton County                 ,2,2,215000,0,0,0,0,0,0,0,0,0,2,2,215000,0,0,0,0,0,0,0,0,0
201108,13,313,3,5,Whitfield County              ,5,5,728372,0,0,0,0,0,0,0,0,0,0,0,0,0,0,0,0,0,0,0,0,0
201108,13,321,3,5,Worth County                  ,2,2,336299,0,0,0,0,0,0,0,0,0,0,0,0,0,0,0,0,0,0,0,0,0
201108,15,001,4,9,Hawaii County                 ,63,63,19551520,0,0,0,0,0,0,5,65,3835000,0,0,0,0,0,0,0,0,0,0,0,0
201108,15,003,4,9,Honolulu County               ,91,91,36934257,0,0,0,0,0,0,0,0,0,91,91,36934257,0,0,0,0,0,0,0,0,0
201108,15,007,4,9,Kauai County                  ,7,7,2810000,0,0,0,0,0,0,0,0,0,7,7,2810000,0,0,0,0,0,0,0,0,0
201108,15,009,4,9,Maui County                   ,22,22,4995173,0,0,0,0,0,0,0,0,0,22,22,4995173,0,0,0,0,0,0,0,0,0
201108,16,001,4,8,Ada County                    ,131,131,29921544,0,0,0,0,0,0,0,0,0,131,131,29921544,0,0,0,0,0,0,0,0,0
201108,16,015,4,8,Boise County                  ,3,3,436837,0,0,0,0,0,0,0,0,0,3,3,436837,0,0,0,0,0,0,0,0,0
201108,16,027,4,8,Canyon County                 ,20,20,4320020,0,0,0,2,8,412380,0,0,0,20,20,4320020,0,0,0,2,8,412380,0,0,0
201108,16,045,4,8,Gem County                    ,0,0,0,0,0,0,0,0,0,0,0,0,0,0,0,0,0,0,0,0,0,0,0,0
201108,16,073,4,8,Owyhee County                 ,0,0,0,0,0,0,0,0,0,0,0,0,0,0,0,0,0,0,0,0,0,0,0,0
201108,17,005,2,3,Bond County                   ,3,3,393544,0,0,0,0,0,0,0,0,0,2,2,234000,0,0,0,0,0,0,0,0,0
201108,17,013,2,3,Calhoun County                ,2,2,280000,0,0,0,0,0,0,0,0,0,2,2,280000,0,0,0,0,0,0,0,0,0
201108,17,027,2,3,Clinton County                ,13,13,2162135,0,0,0,0,0,0,0,0,0,10,10,1570000,0,0,0,0,0,0,0,0,0
201108,17,031,2,3,Cook County                   ,76,76,29827403,2,4,3288000,5,18,2322400,6,492,10943892,65,65,25688164,2,4,3288000,5,18,2322400,3,456,7400000
201108,17,037,2,3,DeKalb County                 ,5,5,823000,0,0,0,0,0,0,0,0,0,5,5,823000,0,0,0,0,0,0,0,0,0
201108,17,039,2,3,De Witt County                ,1,1,100000,0,0,0,0,0,0,0,0,0,1,1,100000,0,0,0,0,0,0,0,0,0
201108,17,043,2,3,DuPage County                 ,57,57,22307534,0,0,0,2,8,2000760,0,0,0,52,52,20909122,0,0,0,2,8,2000760,0,0,0
201108,17,063,2,3,Grundy County                 ,4,4,465549,0,0,0,0,0,0,1,5,256410,3,3,305000,0,0,0,0,0,0,0,0,0
201108,17,083,2,3,Jersey County                 ,6,6,633435,0,0,0,0,0,0,1,5,289248,5,5,501305,0,0,0,0,0,0,0,0,0
201108,17,089,2,3,Kane County                   ,46,46,7446897,0,0,0,0,0,0,0,0,0,26,26,4576485,0,0,0,0,0,0,0,0,0
201108,17,093,2,3,Kendall County                ,16,16,3051874,0,0,0,0,0,0,0,0,0,4,4,1238013,0,0,0,0,0,0,0,0,0
201108,17,097,2,3,Lake County                   ,45,45,14801409,0,0,0,0,0,0,1,5,625000,25,25,8571025,0,0,0,0,0,0,0,0,0
201108,17,111,2,3,McHenry County                ,43,43,6914093,1,2,291398,0,0,0,0,0,0,30,30,4802763,0,0,0,0,0,0,0,0,0
201108,17,117,2,3,Macoupin County               ,6,6,1070999,1,2,300000,0,0,0,0,0,0,0,0,0,0,0,0,0,0,0,0,0,0
201108,17,119,2,3,Madison County                ,32,32,7885639,2,4,160000,7,27,3835200,0,0,0,22,22,5856988,2,4,160000,7,27,3835200,0,0,0
201108,17,133,2,3,Monroe County                 ,14,14,3560786,0,0,0,0,0,0,0,0,0,9,9,2660214,0,0,0,0,0,0,0,0,0
201108,17,163,2,3,St. Clair County              ,58,58,11472339,4,8,670000,1,3,312450,3,31,2103087,18,18,2926400,4,8,670000,0,0,0,0,0,0
201108,17,197,2,3,Will County                   ,54,54,14940273,0,0,0,0,0,0,1,7,823529,37,37,11273355,0,0,0,0,0,0,0,0,0
201108,18,001,2,3,Adams County                  ,7,7,813000,0,0,0,0,0,0,0,0,0,7,7,813000,0,0,0,0,0,0,0,0,0
201108,18,003,2,3,Allen County                  ,176,176,35466392,0,0,0,0,0,0,3,18,540000,176,176,35466392,0,0,0,0,0,0,3,18,540000
201108,18,011,2,3,Boone County                  ,39,39,7696654,2,4,520000,0,0,0,0,0,0,39,39,7696654,2,4,520000,0,0,0,0,0,0
201108,18,013,2,3,Brown County                  ,4,4,806054,0,0,0,0,0,0,0,0,0,4,4,806054,0,0,0,0,0,0,0,0,0
201108,18,019,2,3,Clark County                  ,25,25,4831272,2,4,411436,0,0,0,2,21,1431852,24,24,4706272,2,4,411436,0,0,0,1,16,1294352
201108,18,029,2,3,Dearborn County               ,2,2,620000,0,0,0,0,0,0,0,0,0,2,2,620000,0,0,0,0,0,0,0,0,0
201108,18,043,2,3,Floyd County                  ,12,12,2246750,0,0,0,0,0,0,0,0,0,10,10,1956000,0,0,0,0,0,0,0,0,0
201108,18,047,2,3,Franklin County               ,2,2,335000,0,0,0,0,0,0,0,0,0,2,2,335000,0,0,0,0,0,0,0,0,0
201108,18,049,2,3,Fulton County                 ,1,1,130000,0,0,0,0,0,0,0,0,0,1,1,130000,0,0,0,0,0,0,0,0,0
201108,18,057,2,3,Hamilton County               ,118,118,24741255,0,0,0,1,4,399698,9,191,10533886,118,118,24741255,0,0,0,1,4,399698,9,191,10533886
201108,18,059,2,3,Hancock County                ,11,11,4364174,0,0,0,0,0,0,0,0,0,11,11,4364174,0,0,0,0,0,0,0,0,0
201108,18,061,2,3,Harrison County               ,4,4,1000000,0,0,0,0,0,0,0,0,0,4,4,1000000,0,0,0,0,0,0,0,0,0
201108,18,063,2,3,Hendricks County              ,65,65,13046035,1,2,226700,0,0,0,0,0,0,48,48,9537205,1,2,226700,0,0,0,0,0,0
201108,18,065,2,3,Henry County                  ,2,2,350000,0,0,0,0,0,0,0,0,0,2,2,350000,0,0,0,0,0,0,0,0,0
201108,18,069,2,3,Huntington County             ,4,4,659000,0,0,0,0,0,0,0,0,0,4,4,659000,0,0,0,0,0,0,0,0,0
201108,18,073,2,3,Jasper County                 ,9,9,1426054,0,0,0,0,0,0,0,0,0,9,9,1426054,0,0,0,0,0,0,0,0,0
201108,18,079,2,3,Jennings County               ,2,2,101417,0,0,0,0,0,0,0,0,0,2,2,101417,0,0,0,0,0,0,0,0,0
201108,18,081,2,3,Johnson County                ,47,47,9093649,0,0,0,0,0,0,0,0,0,45,45,8862511,0,0,0,0,0,0,0,0,0
201108,18,087,2,3,Lagrange County               ,9,9,1072000,0,0,0,0,0,0,0,0,0,9,9,1072000,0,0,0,0,0,0,0,0,0
201108,18,089,2,3,Lake County                   ,43,43,9624276,1,2,164000,0,0,0,0,0,0,35,35,8040243,1,2,164000,0,0,0,0,0,0
201108,18,097,2,3,Marion County                 ,44,44,7733495,0,0,0,0,0,0,0,0,0,44,44,7733495,0,0,0,0,0,0,0,0,0
201108,18,105,2,3,Monroe County                 ,9,9,1505593,0,0,0,0,0,0,0,0,0,9,9,1505593,0,0,0,0,0,0,0,0,0
201108,18,109,2,3,Morgan County                 ,10,10,911333,0,0,0,0,0,0,0,0,0,8,8,606745,0,0,0,0,0,0,0,0,0
201108,18,111,2,3,Newton County                 ,0,0,0,0,0,0,0,0,0,0,0,0,0,0,0,0,0,0,0,0,0,0,0,0
201108,18,115,2,3,Ohio County                   ,1,1,50000,0,0,0,0,0,0,0,0,0,1,1,50000,0,0,0,0,0,0,0,0,0
201108,18,125,2,3,Pike County                   ,3,3,323000,0,0,0,0,0,0,0,0,0,0,0,0,0,0,0,0,0,0,0,0,0
201108,18,127,2,3,Porter County                 ,44,44,6221937,0,0,0,0,0,0,0,0,0,42,42,5882116,0,0,0,0,0,0,0,0,0
201108,18,133,2,3,Putnam County                 ,7,7,1324000,0,0,0,0,0,0,0,0,0,7,7,1324000,0,0,0,0,0,0,0,0,0
201108,18,145,2,3,Shelby County                 ,3,3,654000,0,0,0,1,3,0,0,0,0,3,3,654000,0,0,0,0,0,0,0,0,0
201108,18,155,2,3,Switzerland County            ,5,5,291331,0,0,0,0,0,0,0,0,0,0,0,0,0,0,0,0,0,0,0,0,0
201108,18,157,2,3,Tippecanoe County             ,37,37,6772479,0,0,0,0,0,0,1,110,10750900,11,11,1641900,0,0,0,0,0,0,1,110,10750900
201108,18,163,2,3,Vanderburgh County            ,22,22,3000000,1,2,194000,0,0,0,0,0,0,22,22,3000000,1,2,194000,0,0,0,0,0,0
201108,18,167,2,3,Vigo County                   ,11,11,1577945,1,2,82000,0,0,0,0,0,0,7,7,1171017,0,0,0,0,0,0,0,0,0
201108,18,175,2,3,Washington County             ,2,2,274685,0,0,0,0,0,0,0,0,0,0,0,0,0,0,0,0,0,0,0,0,0
201108,18,179,2,3,Wells County                  ,1,1,201514,0,0,0,0,0,0,0,0,0,1,1,201514,0,0,0,0,0,0,0,0,0
201108,18,181,2,3,White County                  ,1,1,250000,0,0,0,0,0,0,0,0,0,1,1,250000,0,0,0,0,0,0,0,0,0
201108,18,183,2,3,Whitley County                ,5,5,937000,0,0,0,0,0,0,0,0,0,5,5,937000,0,0,0,0,0,0,0,0,0
201108,19,049,2,4,Dallas County                 ,26,26,6068189,0,0,0,0,0,0,0,0,0,26,26,6068189,0,0,0,0,0,0,0,0,0
201108,19,077,2,4,Guthrie County                ,1,1,271000,0,0,0,0,0,0,0,0,0,0,0,0,0,0,0,0,0,0,0,0,0
201108,19,085,2,4,Harrison County               ,2,2,350000,0,0,0,0,0,0,0,0,0,2,2,350000,0,0,0,0,0,0,0,0,0
201108,19,121,2,4,Madison County                ,5,5,1095000,0,0,0,0,0,0,0,0,0,4,4,920000,0,0,0,0,0,0,0,0,0
201108,19,129,2,4,Mills County                  ,0,0,0,0,0,0,0,0,0,0,0,0,0,0,0,0,0,0,0,0,0,0,0,0
201108,19,153,2,4,Polk County                   ,285,285,59947205,0,0,0,0,0,0,1,21,2384000,285,285,59947205,0,0,0,0,0,0,1,21,2384000
201108,19,155,2,4,Pottawattamie County          ,17,17,2958629,1,2,146605,0,0,0,0,0,0,5,5,1153420,0,0,0,0,0,0,0,0,0
201108,19,181,2,4,Warren County                 ,22,22,4644015,0,0,0,0,0,0,0,0,0,22,22,4644015,0,0,0,0,0,0,0,0,0
201108,20,055,2,4,Finney County                 ,3,3,780400,0,0,0,0,0,0,0,0,0,3,3,780400,0,0,0,0,0,0,0,0,0
201108,20,059,2,4,Franklin County               ,0,0,0,0,0,0,0,0,0,0,0,0,0,0,0,0,0,0,0,0,0,0,0,0
201108,20,063,2,4,Gove County                   ,0,0,0,0,0,0,0,0,0,0,0,0,0,0,0,0,0,0,0,0,0,0,0,0
201108,20,091,2,4,Johnson County                ,89,89,27397772,0,0,0,0,0,0,15,148,8519600,52,52,16990122,0,0,0,0,0,0,15,148,8519600
201108,20,103,2,4,Leavenworth County            ,8,8,1613805,0,0,0,0,0,0,0,0,0,7,7,1512136,0,0,0,0,0,0,0,0,0
201108,20,107,2,4,Linn County                   ,1,1,147822,0,0,0,0,0,0,0,0,0,0,0,0,0,0,0,0,0,0,0,0,0
201108,20,121,2,4,Miami County                  ,5,5,816819,0,0,0,0,0,0,0,0,0,2,2,168000,0,0,0,0,0,0,0,0,0
201108,20,129,2,4,Morton County                 ,0,0,0,0,0,0,0,0,0,0,0,0,0,0,0,0,0,0,0,0,0,0,0,0
201108,20,151,2,4,Pratt County                  ,0,0,0,0,0,0,0,0,0,0,0,0,0,0,0,0,0,0,0,0,0,0,0,0
201108,20,183,2,4,Smith County                  ,0,0,0,0,0,0,0,0,0,0,0,0,0,0,0,0,0,0,0,0,0,0,0,0
201108,20,209,2,4,Wyandotte County              ,7,7,1090770,0,0,0,0,0,0,0,0,0,7,7,1090770,0,0,0,0,0,0,0,0,0
201108,21,005,3,6,Anderson County               ,0,0,0,0,0,0,0,0,0,0,0,0,0,0,0,0,0,0,0,0,0,0,0,0
201108,21,015,3,6,Boone County                  ,40,40,6362658,0,0,0,0,0,0,0,0,0,40,40,6362658,0,0,0,0,0,0,0,0,0
201108,21,021,3,6,Boyle County                  ,0,0,0,0,0,0,0,0,0,0,0,0,0,0,0,0,0,0,0,0,0,0,0,0
201108,21,029,3,6,Bullitt County                ,20,20,4221250,0,0,0,1,3,510000,0,0,0,20,20,4221250,0,0,0,1,3,510000,0,0,0
201108,21,037,3,6,Campbell County               ,16,16,2314214,0,0,0,0,0,0,0,0,0,14,14,2010682,0,0,0,0,0,0,0,0,0
201108,21,049,3,6,Clark County                  ,4,4,742945,0,0,0,0,0,0,0,0,0,0,0,0,0,0,0,0,0,0,0,0,0
201108,21,053,3,6,Clinton County                ,0,0,0,0,0,0,0,0,0,0,0,0,0,0,0,0,0,0,0,0,0,0,0,0
201108,21,059,3,6,Daviess County                ,17,17,1483898,0,0,0,0,0,0,7,56,753060,17,17,1483898,0,0,0,0,0,0,7,56,753060
201108,21,067,3,6,Fayette County                ,59,59,7538968,0,0,0,0,0,0,1,22,1257208,0,0,0,0,0,0,0,0,0,0,0,0
201108,21,077,3,6,Gallatin County               ,4,4,216290,0,0,0,0,0,0,0,0,0,0,0,0,0,0,0,0,0,0,0,0,0
201108,21,081,3,6,Grant County                  ,3,3,690000,0,0,0,0,0,0,0,0,0,3,3,690000,0,0,0,0,0,0,0,0,0
201108,21,103,3,6,Henry County                  ,2,2,310000,0,0,0,0,0,0,0,0,0,2,2,310000,0,0,0,0,0,0,0,0,0
201108,21,111,3,6,Jefferson County              ,65,65,11317358,0,0,0,1,3,1200000,0,0,0,65,65,11317358,0,0,0,1,3,1200000,0,0,0
201108,21,113,3,6,Jessamine County              ,21,21,3829897,0,0,0,0,0,0,0,0,0,7,7,639000,0,0,0,0,0,0,0,0,0
201108,21,117,3,6,Kenton County                 ,22,22,3007041,0,0,0,0,0,0,0,0,0,22,22,3007041,0,0,0,0,0,0,0,0,0
201108,21,137,3,6,Lincoln County                ,3,3,538146,0,0,0,0,0,0,0,0,0,3,3,538146,0,0,0,0,0,0,0,0,0
201108,21,151,3,6,Madison County                ,9,9,755779,5,10,469512,2,8,400000,0,0,0,2,2,145000,4,8,340000,2,8,400000,0,0,0
201108,21,157,3,6,Marshall County               ,1,1,121209,0,0,0,0,0,0,1,5,277778,0,0,0,0,0,0,0,0,0,0,0,0
201108,21,163,3,6,Meade County                  ,7,7,1117114,1,2,66000,1,3,117528,0,0,0,5,5,841000,0,0,0,0,0,0,0,0,0
201108,21,167,3,6,Mercer County                 ,2,2,263618,0,0,0,0,0,0,0,0,0,0,0,0,0,0,0,0,0,0,0,0,0
201108,21,179,3,6,Nelson County                 ,13,13,1877418,0,0,0,0,0,0,0,0,0,13,13,1877418,0,0,0,0,0,0,0,0,0
201108,21,185,3,6,Oldham County                 ,11,11,2500752,0,0,0,0,0,0,0,0,0,0,0,0,0,0,0,0,0,0,0,0,0
201108,21,191,3,6,Pendleton County              ,0,0,0,0,0,0,0,0,0,0,0,0,0,0,0,0,0,0,0,0,0,0,0,0
201108,21,205,3,6,Rowan County                  ,0,0,0,0,0,0,0,0,0,0,0,0,0,0,0,0,0,0,0,0,0,0,0,0
201108,21,209,3,6,Scott County                  ,23,23,3141000,0,0,0,0,0,0,0,0,0,23,23,3141000,0,0,0,0,0,0,0,0,0
201108,21,211,3,6,Shelby County                 ,16,16,2400800,0,0,0,0,0,0,0,0,0,16,16,2400800,0,0,0,0,0,0,0,0,0
201108,21,213,3,6,Simpson County                ,2,2,150000,7,14,980000,0,0,0,0,0,0,2,2,150000,7,14,980000,0,0,0,0,0,0
201108,21,215,3,6,Spencer County                ,4,4,737633,0,0,0,0,0,0,0,0,0,4,4,737633,0,0,0,0,0,0,0,0,0
201108,21,221,3,6,Trigg County                  ,0,0,0,0,0,0,0,0,0,0,0,0,0,0,0,0,0,0,0,0,0,0,0,0
201108,21,239,3,6,Woodford County               ,5,5,1970000,0,0,0,0,0,0,0,0,0,5,5,1970000,0,0,0,0,0,0,0,0,0
201108,22,009,3,7,Avoyelles Parish              ,3,3,349005,0,0,0,0,0,0,0,0,0,0,0,0,0,0,0,0,0,0,0,0,0
201108,22,017,3,7,Caddo Parish                  ,22,22,5701243,0,0,0,0,0,0,0,0,0,22,22,5701243,0,0,0,0,0,0,0,0,0
201108,22,039,3,7,Evangeline Parish             ,6,6,1166916,0,0,0,0,0,0,0,0,0,6,6,1166916,0,0,0,0,0,0,0,0,0
201108,22,051,3,7,Jefferson Parish              ,19,19,3925106,0,0,0,0,0,0,0,0,0,17,17,3609677,0,0,0,0,0,0,0,0,0
201108,22,071,3,7,Orleans Parish                ,46,46,8636753,17,34,2802082,1,3,215000,0,0,0,46,46,8636753,17,34,2802082,1,3,215000,0,0,0
201108,22,075,3,7,Plaquemines Parish            ,5,5,635300,0,0,0,0,0,0,0,0,0,5,5,635300,0,0,0,0,0,0,0,0,0
201108,22,077,3,7,Pointe Coupee Parish          ,9,9,1410420,0,0,0,0,0,0,0,0,0,9,9,1410420,0,0,0,0,0,0,0,0,0
201108,22,087,3,7,St. Bernard Parish            ,2,2,169000,1,2,180000,0,0,0,0,0,0,2,2,169000,1,2,180000,0,0,0,0,0,0
201108,22,089,3,7,St. Charles Parish            ,9,9,1321330,0,0,0,0,0,0,0,0,0,0,0,0,0,0,0,0,0,0,0,0,0
201108,22,091,3,7,St. Helena Parish             ,0,0,0,0,0,0,0,0,0,0,0,0,0,0,0,0,0,0,0,0,0,0,0,0
201108,22,095,3,7,St. John the Baptist Parish   ,8,8,1411800,0,0,0,0,0,0,0,0,0,8,8,1411800,0,0,0,0,0,0,0,0,0
201108,22,103,3,7,St. Tammany Parish            ,58,58,8607291,2,4,500000,0,0,0,0,0,0,58,58,8607291,2,4,500000,0,0,0,0,0,0
201108,22,105,3,7,Tangipahoa Parish             ,42,42,6128289,0,0,0,0,0,0,1,5,295000,40,40,5919400,0,0,0,0,0,0,0,0,0
201108,22,109,3,7,Terrebonne Parish             ,11,11,2509021,0,0,0,0,0,0,0,0,0,11,11,2509021,0,0,0,0,0,0,0,0,0
201108,22,117,3,7,Washington Parish             ,7,7,1799000,0,0,0,0,0,0,0,0,0,7,7,1799000,0,0,0,0,0,0,0,0,0
201108,23,000,1,1,Maine Unorganized Territory   ,6,6,796801,0,0,0,0,0,0,0,0,0,0,0,0,0,0,0,0,0,0,0,0,0
201108,24,003,3,5,Anne Arundel County           ,87,87,16041652,0,0,0,0,0,0,8,252,15727698,85,85,15674705,0,0,0,0,0,0,8,252,15727698
201108,24,005,3,5,Baltimore County              ,60,60,11064498,0,0,0,0,0,0,0,0,0,60,60,11064498,0,0,0,0,0,0,0,0,0
201108,24,009,3,5,Calvert County                ,11,11,2028491,0,0,0,0,0,0,0,0,0,11,11,2028491,0,0,0,0,0,0,0,0,0
201108,24,013,3,5,Carroll County                ,15,15,2766124,0,0,0,0,0,0,0,0,0,15,15,2766124,0,0,0,0,0,0,0,0,0
201108,24,015,3,5,Cecil County                  ,34,34,5404241,0,0,0,0,0,0,0,0,0,8,8,800000,0,0,0,0,0,0,0,0,0
201108,24,017,3,5,Charles County                ,50,50,12028000,0,0,0,0,0,0,0,0,0,50,50,12028000,0,0,0,0,0,0,0,0,0
201108,24,021,3,5,Frederick County              ,89,89,17958210,0,0,0,0,0,0,1,9,887281,21,21,4142541,0,0,0,0,0,0,0,0,0
201108,24,023,3,5,Garrett County                ,12,12,3009499,0,0,0,0,0,0,0,0,0,12,12,3009499,0,0,0,0,0,0,0,0,0
201108,24,025,3,5,Harford County                ,48,48,9337424,0,0,0,0,0,0,0,0,0,48,48,9337424,0,0,0,0,0,0,0,0,0
201108,24,027,3,5,Howard County                 ,89,89,18636553,0,0,0,0,0,0,1,30,2695814,0,0,0,0,0,0,0,0,0,0,0,0
201108,24,031,3,5,Montgomery County             ,94,94,17369972,3,6,894031,0,0,0,0,0,0,86,86,15988797,0,0,0,0,0,0,0,0,0
201108,24,033,3,5,Prince George County          ,66,66,8827637,0,0,0,0,0,0,0,0,0,0,0,0,0,0,0,0,0,0,0,0,0
201108,24,035,3,5,Queen Anne County             ,10,10,1781947,0,0,0,0,0,0,0,0,0,10,10,1781947,0,0,0,0,0,0,0,0,0
201108,24,510,3,5,Baltimore (Independent City)  ,11,11,1382146,0,0,0,0,0,0,1,33,4032320,0,0,0,0,0,0,0,0,0,0,0,0
201108,25,009,1,1,Essex County                  ,27,27,9911473,1,2,166621,1,3,724500,2,16,1245827,13,13,5830666,0,0,0,0,0,0,0,0,0
201108,25,017,1,1,Middlesex County              ,106,106,34875458,2,4,448000,0,0,0,3,38,4909119,88,88,30899733,1,2,308000,0,0,0,0,0,799991
201108,25,019,1,1,Nantucket County              ,3,3,1590000,0,0,0,0,0,0,0,0,0,3,3,1590000,0,0,0,0,0,0,0,0,0
201108,25,021,1,1,Norfolk County                ,49,49,15129538,0,0,0,0,0,0,3,16,2047654,34,34,10454630,0,0,0,0,0,0,0,0,0
201108,25,023,1,1,Plymouth County               ,78,78,16840816,0,0,0,1,3,295443,3,16,1600092,51,51,11544710,0,0,0,0,0,0,0,0,0
201108,25,025,1,1,Suffolk County                ,0,0,0,0,0,0,0,0,0,1,10,589286,0,0,0,0,0,0,0,0,0,0,0,0
201108,26,000,2,3,Michigan Balance of State     ,5,5,725872,0,0,0,0,0,0,0,0,0,0,0,0,0,0,0,0,0,0,0,0,0
201108,26,001,2,3,Alcona County                 ,3,3,301431,0,0,0,0,0,0,0,0,0,0,0,0,0,0,0,0,0,0,0,0,0
201108,26,009,2,3,Antrim County                 ,6,6,1710215,0,0,0,0,0,0,0,0,0,6,6,1710215,0,0,0,0,0,0,0,0,0
201108,26,015,2,3,Barry County                  ,5,5,456000,0,0,0,0,0,0,0,0,0,5,5,456000,0,0,0,0,0,0,0,0,0
201108,26,019,2,3,Benzie County                 ,1,1,229212,0,0,0,1,3,616477,0,0,0,1,1,229212,0,0,0,1,3,616477,0,0,0
201108,26,029,2,3,Charlevoix County             ,5,5,1140347,0,0,0,0,0,0,1,5,439587,0,0,0,0,0,0,0,0,0,0,0,0
201108,26,031,2,3,Cheboygan County              ,5,5,365000,0,0,0,0,0,0,0,0,0,5,5,365000,0,0,0,0,0,0,0,0,0
201108,26,047,2,3,Emmet County                  ,5,5,1495056,0,0,0,0,0,0,0,0,0,5,5,1495056,0,0,0,0,0,0,0,0,0
201108,26,051,2,3,Gladwin County                ,3,3,604541,0,0,0,0,0,0,0,0,0,3,3,604541,0,0,0,0,0,0,0,0,0
201108,26,059,2,3,Hillsdale County              ,4,4,779749,0,0,0,0,0,0,0,0,0,3,3,609986,0,0,0,0,0,0,0,0,0
201108,26,067,2,3,Ionia County                  ,2,2,338812,0,0,0,0,0,0,0,0,0,0,0,0,0,0,0,0,0,0,0,0,0
201108,26,079,2,3,Kalkaska County               ,2,2,61000,0,0,0,0,0,0,0,0,0,2,2,61000,0,0,0,0,0,0,0,0,0
201108,26,081,2,3,Kent County                   ,65,65,11826291,0,0,0,1,3,270000,0,0,0,31,31,5105700,0,0,0,0,0,0,0,0,0
201108,26,085,2,3,Lake County                   ,4,4,114981,0,0,0,0,0,0,0,0,0,0,0,0,0,0,0,0,0,0,0,0,0
201108,26,087,2,3,Lapeer County                 ,5,5,1730000,0,0,0,0,0,0,0,0,0,5,5,1730000,0,0,0,0,0,0,0,0,0
201108,26,089,2,3,Leelanau County               ,7,7,1556040,0,0,0,0,0,0,0,0,0,7,7,1556040,0,0,0,0,0,0,0,0,0
201108,26,093,2,3,Livingston County             ,24,24,5401331,0,0,0,1,4,711312,0,0,0,23,23,5299259,0,0,0,1,4,711312,0,0,0
201108,26,099,2,3,Macomb County                 ,115,115,28641824,3,6,1027507,0,0,0,1,5,237473,114,114,28191824,3,6,1027507,0,0,0,0,0,0
201108,26,103,2,3,Marquette County              ,8,8,1389000,0,0,0,0,0,0,0,0,0,8,8,1389000,0,0,0,0,0,0,0,0,0
201108,26,113,2,3,Missaukee County              ,2,2,320616,0,0,0,0,0,0,0,0,0,0,0,0,0,0,0,0,0,0,0,0,0
201108,26,123,2,3,Newaygo County                ,6,6,658953,0,0,0,0,0,0,0,0,0,3,3,450000,0,0,0,0,0,0,0,0,0
201108,26,125,2,3,Oakland County                ,110,110,26173850,0,0,0,0,0,0,0,0,0,93,93,21656082,0,0,0,0,0,0,0,0,0
201108,26,129,2,3,Ogemaw County                 ,3,3,482984,0,0,0,0,0,0,0,0,0,0,0,0,0,0,0,0,0,0,0,0,0
201108,26,133,2,3,Osceola County                ,3,3,226000,0,0,0,0,0,0,0,0,0,3,3,226000,0,0,0,0,0,0,0,0,0
201108,26,137,2,3,Otsego County                 ,2,2,331549,0,0,0,0,0,0,0,0,0,0,0,0,0,0,0,0,0,0,0,0,0
201108,26,141,2,3,Presque Isle County           ,3,3,250000,0,0,0,0,0,0,0,0,0,3,3,250000,0,0,0,0,0,0,0,0,0
201108,26,147,2,3,St. Clair County              ,11,11,1582654,0,0,0,0,0,0,0,0,0,8,8,1290206,0,0,0,0,0,0,0,0,0
201108,26,163,2,3,Wayne County                  ,31,31,6612308,0,0,0,2,8,752000,0,0,0,28,28,6142522,0,0,0,2,8,752000,0,0,0
201108,27,003,2,4,Anoka County                  ,44,44,10001744,0,0,0,0,0,0,0,0,0,42,42,9603776,0,0,0,0,0,0,0,0,0
201108,27,019,2,4,Carver County                 ,35,35,11789217,0,0,0,0,0,0,0,0,0,35,35,11789217,0,0,0,0,0,0,0,0,0
201108,27,025,2,4,Chisago County                ,8,8,1449794,0,0,0,0,0,0,0,0,0,7,7,1275130,0,0,0,0,0,0,0,0,0
201108,27,037,2,4,Dakota County                 ,45,45,11869448,0,0,0,0,0,0,0,0,0,39,39,10190963,0,0,0,0,0,0,0,0,0
201108,27,053,2,4,Hennepin County               ,94,94,27644900,0,0,0,0,0,0,1,20,2448098,92,92,26489128,0,0,0,0,0,0,0,0,0
201108,27,059,2,4,Isanti County                 ,2,2,305200,0,0,0,0,0,0,0,0,0,0,0,0,0,0,0,0,0,0,0,0,0
201108,27,123,2,4,Ramsey County                 ,5,5,474352,0,0,0,0,0,0,0,0,0,5,5,474352,0,0,0,0,0,0,0,0,0
201108,27,139,2,4,Scott County                  ,40,40,11064934,0,0,0,0,0,0,0,0,0,24,24,7102167,0,0,0,0,0,0,0,0,0
201108,27,141,2,4,Sherburne County              ,7,7,1183933,0,0,0,0,0,0,0,0,0,1,1,250510,0,0,0,0,0,0,0,0,0
201108,27,163,2,4,Washington County             ,73,73,19046627,0,0,0,0,0,0,0,0,0,72,72,18786696,0,0,0,0,0,0,0,0,0
201108,27,171,2,4,Wright County                 ,23,23,4589676,0,0,0,0,0,0,0,0,0,22,22,4363245,0,0,0,0,0,0,0,0,0
201108,28,021,3,6,Claiborne County              ,0,0,0,0,0,0,0,0,0,0,0,0,0,0,0,0,0,0,0,0,0,0,0,0
201108,28,033,3,6,DeSoto County                 ,50,50,7102744,0,0,0,0,0,0,0,0,0,40,40,5643116,0,0,0,0,0,0,0,0,0
201108,28,039,3,6,George County                 ,0,0,0,0,0,0,0,0,0,0,0,0,0,0,0,0,0,0,0,0,0,0,0,0
201108,28,071,3,6,Lafayette County              ,7,7,1032319,0,0,0,0,0,0,0,0,0,0,0,0,0,0,0,0,0,0,0,0,0
201108,28,091,3,6,Marion County                 ,0,0,0,0,0,0,0,0,0,0,0,0,0,0,0,0,0,0,0,0,0,0,0,0
201108,28,093,3,6,Marshall County               ,5,5,683000,0,0,0,0,0,0,0,0,0,5,5,683000,0,0,0,0,0,0,0,0,0
201108,28,137,3,6,Tate County                   ,6,6,598325,0,0,0,0,0,0,0,0,0,1,1,150000,0,0,0,0,0,0,0,0,0
201108,28,143,3,6,Tunica County                 ,1,1,80319,0,0,0,0,0,0,0,0,0,0,0,0,0,0,0,0,0,0,0,0,0
201108,28,153,3,6,Wayne County                  ,0,0,0,0,0,0,0,0,0,0,0,0,0,0,0,0,0,0,0,0,0,0,0,0
201108,29,001,2,4,Adair County                  ,1,1,195762,0,0,0,0,0,0,0,0,0,1,1,195762,0,0,0,0,0,0,0,0,0
201108,29,013,2,4,Bates County                  ,0,0,0,0,0,0,0,0,0,0,0,0,0,0,0,0,0,0,0,0,0,0,0,0
201108,29,019,2,4,Boone County                  ,52,52,9384357,0,0,0,0,0,0,1,6,518182,12,12,2533000,0,0,0,0,0,0,0,0,0
201108,29,025,2,4,Caldwell County               ,2,2,393294,0,0,0,0,0,0,0,0,0,0,0,0,0,0,0,0,0,0,0,0,0
201108,29,037,2,4,Cass County                   ,8,8,2052242,0,0,0,0,0,0,1,5,528333,7,7,1962242,0,0,0,0,0,0,0,0,0
201108,29,047,2,4,Clay County                   ,7,7,1395298,0,0,0,1,3,321000,0,0,0,5,5,1061560,0,0,0,0,0,0,0,0,0
201108,29,049,2,4,Clinton County                ,2,2,415629,0,0,0,0,0,0,0,0,0,0,0,0,0,0,0,0,0,0,0,0,0
201108,29,051,2,4,Cole County                   ,14,14,2661970,1,2,208615,0,0,0,1,5,320238,0,0,0,0,0,0,0,0,0,0,0,0
201108,29,065,2,4,Dent County                   ,0,0,0,0,0,0,0,0,0,0,0,0,0,0,0,0,0,0,0,0,0,0,0,0
201108,29,071,2,4,Franklin County               ,19,19,3532277,0,0,0,0,0,0,0,0,0,15,15,3083200,0,0,0,0,0,0,0,0,0
201108,29,079,2,4,Grundy County                 ,1,1,150000,0,0,0,0,0,0,0,0,0,1,1,150000,0,0,0,0,0,0,0,0,0
201108,29,095,2,4,Jackson County                ,61,61,12541448,9,18,1501000,5,20,1279335,0,0,0,56,56,11484308,9,18,1501000,5,20,1279335,0,0,0
201108,29,099,2,4,Jefferson County              ,71,71,14988557,1,2,106250,0,0,0,0,0,0,67,67,14529610,0,0,0,0,0,0,0,0,0
201108,29,105,2,4,Laclede County                ,2,2,417237,2,4,290986,0,0,0,0,0,0,0,0,0,0,0,0,0,0,0,0,0,0
201108,29,107,2,4,Lafayette County              ,2,2,408628,0,0,0,0,0,0,0,0,0,2,2,408628,0,0,0,0,0,0,0,0,0
201108,29,113,2,4,Lincoln County                ,12,12,1150263,0,0,0,0,0,0,0,0,0,12,12,1150263,0,0,0,0,0,0,0,0,0
201108,29,141,2,4,Morgan County                 ,0,0,0,0,0,0,0,0,0,0,0,0,0,0,0,0,0,0,0,0,0,0,0,0
201108,29,161,2,4,Phelps County                 ,0,0,0,0,0,0,0,0,0,0,0,0,0,0,0,0,0,0,0,0,0,0,0,0
201108,29,165,2,4,Platte County                 ,8,8,1805699,0,0,0,2,8,540000,0,0,0,7,7,1652532,0,0,0,2,8,540000,0,0,0
201108,29,177,2,4,Ray County                    ,1,1,125750,0,0,0,0,0,0,0,0,0,0,0,0,0,0,0,0,0,0,0,0,0
201108,29,183,2,4,St. Charles County            ,117,117,21328255,0,0,0,3,12,864000,0,0,0,107,107,18064939,0,0,0,3,12,864000,0,0,0
201108,29,189,2,4,St. Louis County              ,64,64,22397156,0,0,0,0,0,0,2,20,2553555,20,20,7223506,0,0,0,0,0,0,0,0,0
201108,29,219,2,4,Warren County                 ,2,2,403028,0,0,0,0,0,0,7,48,5171759,2,2,403028,0,0,0,0,0,0,7,48,5171759
201108,29,221,2,4,Washington County             ,0,0,0,1,2,400000,0,0,0,0,0,0,0,0,0,0,0,0,0,0,0,0,0,0
201108,29,510,2,4,St. Louis (Independent City)  ,3,3,755000,0,0,0,0,0,0,0,0,0,3,3,755000,0,0,0,0,0,0,0,0,0
201108,30,023,4,8,Deer Lodge County             ,4,4,671360,0,0,0,0,0,0,0,0,0,4,4,671360,0,0,0,0,0,0,0,0,0
201108,30,063,4,8,Missoula County               ,8,8,1137754,0,0,0,2,7,223146,0,0,0,8,8,1137754,0,0,0,2,7,223146,0,0,0
201108,31,025,2,4,Cass County                   ,6,6,1011514,0,0,0,0,0,0,0,0,0,6,6,1011514,0,0,0,0,0,0,0,0,0
201108,31,033,2,4,Cheyenne County               ,0,0,0,0,0,0,0,0,0,0,0,0,0,0,0,0,0,0,0,0,0,0,0,0
201108,31,055,2,4,Douglas County                ,127,127,15858772,0,0,0,0,0,0,2,43,4607622,123,123,15069068,0,0,0,0,0,0,1,6,2417988
201108,31,077,2,4,Greeley County                ,0,0,0,0,0,0,0,0,0,0,0,0,0,0,0,0,0,0,0,0,0,0,0,0
201108,31,105,2,4,Kimball County                ,0,0,0,0,0,0,0,0,0,0,0,0,0,0,0,0,0,0,0,0,0,0,0,0
201108,31,153,2,4,Sarpy County                  ,60,60,13896982,0,0,0,0,0,0,0,0,0,21,21,4613877,0,0,0,0,0,0,0,0,0
201108,31,155,2,4,Saunders County               ,6,6,1036176,0,0,0,0,0,0,0,0,0,4,4,756320,0,0,0,0,0,0,0,0,0
201108,31,177,2,4,Washington County             ,6,6,1164618,0,0,0,0,0,0,0,0,0,6,6,1164618,0,0,0,0,0,0,0,0,0
201108,32,001,4,8,Churchill County              ,0,0,0,0,0,0,0,0,0,0,0,0,0,0,0,0,0,0,0,0,0,0,0,0
201108,32,003,4,8,Clark County                  ,344,344,56391198,0,0,0,0,0,0,1,34,1900000,344,344,56391198,0,0,0,0,0,0,1,34,1900000
201108,32,005,4,8,Douglas County                ,1,1,481829,0,0,0,0,0,0,0,0,0,1,1,481829,0,0,0,0,0,0,0,0,0
201108,32,007,4,8,Elko County                   ,26,26,4419687,0,0,0,0,0,0,0,0,0,26,26,4419687,0,0,0,0,0,0,0,0,0
201108,32,013,4,8,Humboldt County               ,3,3,436146,0,0,0,0,0,0,0,0,0,3,3,436146,0,0,0,0,0,0,0,0,0
201108,32,015,4,8,Lander County                 ,4,4,383000,0,0,0,0,0,0,0,0,0,4,4,383000,0,0,0,0,0,0,0,0,0
201108,32,017,4,8,Lincoln County                ,1,1,159152,0,0,0,0,0,0,0,0,0,0,0,0,0,0,0,0,0,0,0,0,0
201108,32,019,4,8,Lyon County                   ,2,2,328898,0,0,0,0,0,0,0,0,0,2,2,328898,0,0,0,0,0,0,0,0,0
201108,32,021,4,8,Mineral County                ,0,0,0,0,0,0,0,0,0,0,0,0,0,0,0,0,0,0,0,0,0,0,0,0
201108,32,027,4,8,Pershing County               ,0,0,0,0,0,0,0,0,0,0,0,0,0,0,0,0,0,0,0,0,0,0,0,0
201108,32,029,4,8,Storey County                 ,1,1,167527,0,0,0,0,0,0,0,0,0,0,0,0,0,0,0,0,0,0,0,0,0
201108,32,031,4,8,Washoe County                 ,41,41,9807911,0,0,0,0,0,0,0,0,0,39,39,9042657,0,0,0,0,0,0,0,0,0
201108,32,033,4,8,White Pine County             ,0,0,0,0,0,0,0,0,0,0,0,0,0,0,0,0,0,0,0,0,0,0,0,0
201108,32,510,4,8,Carson City (Independent City),2,2,299754,0,0,0,0,0,0,0,0,0,2,2,299754,0,0,0,0,0,0,0,0,0
201108,33,015,1,1,Rockingham County             ,38,38,9172023,0,0,0,1,3,187200,0,0,0,28,28,6814769,0,0,0,1,3,187200,0,0,0
201108,33,017,1,1,Strafford County              ,11,11,1910715,1,2,180000,0,0,0,0,0,0,7,7,1281580,1,2,180000,0,0,0,0,0,0
201108,34,001,1,2,Atlantic County               ,25,25,3274272,0,0,0,0,0,0,1,6,1318022,14,14,1979898,0,0,0,0,0,0,0,0,0
201108,34,003,1,2,Bergen County                 ,42,42,18177081,7,14,2060865,1,3,679000,3,15,1396522,17,17,6681048,3,6,1175000,1,3,679000,0,0,0
201108,34,005,1,2,Burlington County             ,23,23,3507576,0,0,0,2,6,387300,5,42,1574722,10,10,1306453,0,0,0,1,3,219200,2,24,361000
201108,34,007,1,2,Camden County                 ,26,26,2957802,0,0,0,0,0,0,2,10,444753,13,13,1268447,0,0,0,0,0,0,0,0,0
201108,34,009,1,2,Cape May County               ,34,34,10365106,1,2,178000,0,0,0,0,0,0,31,31,9781335,1,2,178000,0,0,0,0,0,0
201108,34,011,1,2,Cumberland County             ,13,13,1454184,0,0,0,0,0,0,0,0,0,1,1,50501,0,0,0,0,0,0,0,0,0
201108,34,013,1,2,Essex County                  ,14,14,5974842,2,4,359324,0,0,0,1,10,1154787,5,5,4379995,1,2,222083,0,0,0,0,0,0
201108,34,015,1,2,Gloucester County             ,37,37,5149580,0,0,0,0,0,0,2,20,1072786,26,26,3904605,0,0,0,0,0,0,0,0,0
201108,34,017,1,2,Hudson County                 ,3,3,543237,3,6,497403,2,6,1009119,5,93,10437741,0,0,112600,2,4,247083,0,0,0,2,39,4011500
201108,34,019,1,2,Hunterdon County              ,19,19,3150112,0,0,0,0,0,20000,2,10,690635,8,8,1684900,0,0,0,0,0,20000,0,0,0
201108,34,021,1,2,Mercer County                 ,8,8,2519204,0,0,0,1,4,82494,2,10,1690579,6,6,1576180,0,0,0,0,0,0,0,0,0
201108,34,023,1,2,Middlesex County              ,46,46,7902024,0,0,0,1,3,47517,6,85,4659559,42,42,7313228,0,0,0,1,3,47517,5,80,4058600
201108,34,025,1,2,Monmouth County               ,37,37,18404361,0,0,0,0,0,0,5,41,2777412,25,25,15611241,0,0,0,0,0,0,3,24,2025000
201108,34,027,1,2,Morris County                 ,31,31,8149429,0,0,0,0,0,0,3,16,1244085,17,17,5538613,0,0,0,0,0,0,1,6,609000
201108,34,029,1,2,Ocean County                  ,66,66,15951532,0,0,0,0,0,0,5,46,3764747,59,59,14702003,0,0,0,0,0,0,3,36,3109122
201108,34,031,1,2,Passaic County                ,40,40,6031427,1,2,183000,2,8,90000,4,36,2201426,34,34,5067708,0,0,0,2,8,90000,2,26,1586552
201108,34,033,1,2,Salem County                  ,3,3,685961,0,0,0,0,0,0,0,0,0,2,2,582500,0,0,0,0,0,0,0,0,0
201108,34,035,1,2,Somerset County               ,41,41,10407519,0,0,0,0,0,0,2,10,748826,37,37,10063765,0,0,0,0,0,0,0,0,0
201108,34,037,1,2,Sussex County                 ,14,14,3511249,0,0,0,0,0,0,0,0,0,6,6,1890619,0,0,0,0,0,0,0,0,0
201108,34,039,1,2,Union County                  ,15,15,4584894,3,6,447200,0,0,0,3,63,893965,5,5,2820500,3,6,447200,0,0,0,1,39,500000
201108,34,041,1,2,Warren County                 ,10,10,1714494,0,0,0,0,0,0,0,0,0,5,5,1010171,0,0,0,0,0,0,0,0,0
201108,35,000,4,8,New Mexico Balance of State   ,101,101,9315644,0,0,0,0,0,0,0,0,0,101,101,9315644,0,0,0,0,0,0,0,0,0
201108,35,001,4,8,Bernalillo County             ,75,75,13615648,0,0,0,1,3,422318,1,27,2102523,2,2,665158,0,0,0,0,0,0,0,0,0
201108,35,005,4,8,Chaves County                 ,3,3,700369,0,0,0,0,0,0,0,0,0,3,3,700369,0,0,0,0,0,0,0,0,0
201108,35,007,4,8,Colfax County                 ,1,1,421860,0,0,0,0,0,0,0,0,0,0,0,0,0,0,0,0,0,0,0,0,0
201108,35,009,4,8,Curry County                  ,5,5,1278592,5,10,1555862,0,0,0,0,0,0,5,5,1278592,5,10,1555862,0,0,0,0,0,0
201108,35,013,4,8,Dona Ana County               ,63,63,11451340,0,0,0,0,0,0,2,26,1774578,12,12,2500100,0,0,0,0,0,0,0,0,0
201108,35,015,4,8,Eddy County                   ,10,10,2003238,0,0,0,56,224,15983000,0,0,0,10,10,2003238,0,0,0,56,224,15983000,0,0,0
201108,35,025,4,8,Lea County                    ,3,3,569000,0,0,0,0,0,0,0,0,0,3,3,569000,0,0,0,0,0,0,0,0,0
201108,35,027,4,8,Lincoln County                ,5,5,874742,0,0,0,0,0,0,0,0,0,0,0,0,0,0,0,0,0,0,0,0,0
201108,35,028,4,8,Los Alamos County             ,1,1,287410,0,0,0,0,0,0,0,0,0,1,1,287410,0,0,0,0,0,0,0,0,0
201108,35,029,4,8,Luna County                   ,3,3,549546,0,0,0,0,0,0,0,0,0,0,0,0,0,0,0,0,0,0,0,0,0
201108,35,031,4,8,McKinley County               ,1,1,95000,0,0,0,0,0,0,0,0,0,1,1,95000,0,0,0,0,0,0,0,0,0
201108,35,035,4,8,Otero County                  ,0,0,0,0,0,0,0,0,0,0,0,0,0,0,0,0,0,0,0,0,0,0,0,0
201108,35,039,4,8,Rio Arriba County             ,0,0,0,0,0,0,0,0,0,0,0,0,0,0,0,0,0,0,0,0,0,0,0,0
201108,35,041,4,8,Roosevelt County              ,6,6,655000,0,0,0,0,0,0,0,0,0,6,6,655000,0,0,0,0,0,0,0,0,0
201108,35,043,4,8,Sandoval County               ,48,48,8672978,0,0,0,0,0,0,0,0,0,0,0,0,0,0,0,0,0,0,0,0,0
201108,35,045,4,8,San Juan County               ,13,13,3503698,0,0,0,0,0,0,0,0,0,13,13,3503698,0,0,0,0,0,0,0,0,0
201108,35,049,4,8,Santa Fe County               ,9,9,1200226,0,0,0,0,0,0,0,0,0,0,0,0,0,0,0,0,0,0,0,0,0
201108,35,051,4,8,Sierra County                 ,0,0,0,0,0,0,0,0,0,0,0,0,0,0,0,0,0,0,0,0,0,0,0,0
201108,35,053,4,8,Socorro County                ,0,0,0,0,0,0,0,0,0,0,0,0,0,0,0,0,0,0,0,0,0,0,0,0
201108,35,055,4,8,Taos County                   ,6,6,657935,0,0,0,0,0,0,0,0,0,0,0,0,0,0,0,0,0,0,0,0,0
201108,35,061,4,8,Valencia County               ,7,7,893775,0,0,0,0,0,0,0,0,0,0,0,0,0,0,0,0,0,0,0,0,0
201108,36,005,1,2,Bronx County                  ,0,0,0,2,4,444165,2,6,552566,1,217,18950151,0,0,0,2,4,444165,2,6,552566,1,217,18950151
201108,36,047,1,2,Kings County                  ,0,0,0,15,30,3331239,3,9,828849,8,81,7073559,0,0,0,15,30,3331239,3,9,828849,8,81,7073559
201108,36,059,1,2,Nassau County                 ,40,40,16019823,2,4,142857,0,0,0,1,16,1300000,24,24,9516500,0,0,0,0,0,0,1,16,1300000
201108,36,061,1,2,New York County               ,0,0,0,0,0,0,0,0,0,2,335,29254841,0,0,0,0,0,0,0,0,0,2,335,29254841
201108,36,079,1,2,Putnam County                 ,4,4,1013659,0,0,0,0,0,0,0,0,0,2,2,400000,0,0,0,0,0,0,0,0,0
201108,36,081,1,2,Queens County                 ,6,6,1322090,23,46,5107900,6,18,1657698,0,0,0,6,6,1322090,23,46,5107900,6,18,1657698,0,0,0
201108,36,085,1,2,Richmond County               ,12,12,2644181,40,80,8883304,0,0,0,0,0,0,12,12,2644181,40,80,8883304,0,0,0,0,0,0
201108,36,087,1,2,Rockland County               ,12,12,2230207,0,0,0,0,0,80000,1,5,633189,11,11,1765000,0,0,0,0,0,80000,0,0,0
201108,36,103,1,2,Suffolk County                ,60,60,23858779,0,0,0,0,0,0,0,0,0,45,45,18941456,0,0,0,0,0,0,0,0,0
201108,36,119,1,2,Westchester County            ,14,14,6200580,3,6,644165,0,0,0,0,0,0,10,10,4591000,2,4,444165,0,0,0,0,0,0
201108,37,003,3,5,Alexander County              ,5,5,835120,0,0,0,0,0,0,0,0,0,5,5,835120,0,0,0,0,0,0,0,0,0
201108,37,007,3,5,Anson County                  ,2,2,328431,0,0,0,0,0,0,0,0,0,0,0,0,0,0,0,0,0,0,0,0,0
201108,37,009,3,5,Ashe County                   ,10,10,2882592,0,0,0,0,0,0,0,0,0,10,10,2882592,0,0,0,0,0,0,0,0,0
201108,37,011,3,5,Avery County                  ,8,8,4315000,0,0,0,0,0,0,0,0,0,8,8,4315000,0,0,0,0,0,0,0,0,0
201108,37,019,3,5,Brunswick County              ,92,92,19332307,0,0,0,0,0,0,0,0,0,45,45,11176786,0,0,0,0,0,0,0,0,0
201108,37,025,3,5,Cabarrus County               ,68,68,9054122,2,4,180000,0,0,0,0,0,0,68,68,9054122,2,4,180000,0,0,0,0,0,0
201108,37,027,3,5,Caldwell County               ,6,6,834000,0,0,0,0,0,0,0,0,0,6,6,834000,0,0,0,0,0,0,0,0,0
201108,37,037,3,5,Chatham County                ,32,32,6578139,18,36,2160000,0,0,0,0,0,0,32,32,6578139,18,36,2160000,0,0,0,0,0,0
201108,37,039,3,5,Cherokee County               ,7,7,1192126,0,0,0,0,0,0,0,0,0,7,7,1192126,0,0,0,0,0,0,0,0,0
201108,37,049,3,5,Craven County                 ,27,27,2957317,0,0,0,0,0,0,0,0,0,14,14,1368500,0,0,0,0,0,0,0,0,0
201108,37,053,3,5,Currituck County              ,13,13,3221423,0,0,0,0,0,0,0,0,0,0,0,0,0,0,0,0,0,0,0,0,0
201108,37,059,3,5,Davie County                  ,2,2,385000,0,0,0,1,3,396646,0,0,0,2,2,385000,0,0,0,1,3,396646,0,0,0
201108,37,063,3,5,Durham County                 ,85,85,13475753,0,0,0,0,0,0,1,32,2117940,85,85,13475753,0,0,0,0,0,0,1,32,2117940
201108,37,067,3,5,Forsyth County                ,58,58,7759761,0,0,0,0,0,0,0,0,0,58,58,7759761,0,0,0,0,0,0,0,0,0
201108,37,069,3,5,Franklin County               ,11,11,2107000,0,0,0,0,0,0,0,0,0,11,11,2107000,0,0,0,0,0,0,0,0,0
201108,37,071,3,5,Gaston County                 ,48,48,8692749,0,0,0,0,0,0,14,240,27446864,48,48,8692749,0,0,0,0,0,0,14,240,27446864
201108,37,081,3,5,Guilford County               ,76,76,9948851,0,0,0,0,0,0,9,115,4794158,61,61,7552788,0,0,0,0,0,0,8,105,3785209
201108,37,089,3,5,Henderson County              ,17,17,4851057,0,0,0,0,0,0,0,0,0,17,17,4851057,0,0,0,0,0,0,0,0,0
201108,37,093,3,5,Hoke County                   ,31,31,5560842,0,0,0,0,0,0,0,0,0,31,31,5560842,0,0,0,0,0,0,0,0,0
201108,37,097,3,5,Iredell County                ,46,46,13648121,0,0,0,0,0,0,0,0,0,46,46,13648121,0,0,0,0,0,0,0,0,0
201108,37,101,3,5,Johnston County               ,52,52,5174341,0,0,0,0,0,0,0,0,0,52,52,5174341,0,0,0,0,0,0,0,0,0
201108,37,105,3,5,Lee County                    ,12,12,1988495,0,0,0,0,0,0,0,0,0,12,12,1988495,0,0,0,0,0,0,0,0,0
201108,37,109,3,5,Lincoln County                ,12,12,4258234,0,0,0,0,0,0,0,0,0,0,0,0,0,0,0,0,0,0,0,0,0
201108,37,113,3,5,Macon County                  ,10,10,1893000,0,0,0,0,0,0,0,0,0,10,10,1893000,0,0,0,0,0,0,0,0,0
201108,37,119,3,5,Mecklenburg County            ,176,176,30902671,1,2,175810,7,28,2522185,2,72,5876597,0,0,0,0,0,0,0,0,0,0,0,0
201108,37,127,3,5,Nash County                   ,16,16,2637052,0,0,0,0,0,0,0,0,0,12,12,2369700,0,0,0,0,0,0,0,0,0
201108,37,129,3,5,New Hanover County            ,47,47,12398586,0,0,0,0,0,0,1,75,8965279,44,44,11644533,0,0,0,0,0,0,1,75,8965279
201108,37,135,3,5,Orange County                 ,18,18,3378250,0,0,0,0,0,0,1,5,312500,13,13,2225783,0,0,0,0,0,0,0,0,0
201108,37,137,3,5,Pamlico County                ,4,4,975064,0,0,0,0,0,0,0,0,0,0,0,0,0,0,0,0,0,0,0,0,0
201108,37,141,3,5,Pender County                 ,17,17,2377345,0,0,0,0,0,0,0,0,0,5,5,615244,0,0,0,0,0,0,0,0,0
201108,37,145,3,5,Person County                 ,1,1,60000,0,0,0,0,0,0,0,0,0,1,1,60000,0,0,0,0,0,0,0,0,0
201108,37,147,3,5,Pitt County                   ,25,25,4387180,0,0,0,0,0,0,0,0,0,25,25,4387180,0,0,0,0,0,0,0,0,0
201108,37,149,3,5,Polk County                   ,5,5,1045046,0,0,0,0,0,0,0,0,0,5,5,1045046,0,0,0,0,0,0,0,0,0
201108,37,151,3,5,Randolph County               ,17,17,3307183,0,0,0,0,0,0,1,8,248750,13,13,3071221,0,0,0,0,0,0,0,0,0
201108,37,157,3,5,Rockingham County             ,13,13,3104524,0,0,0,0,0,0,0,0,0,13,13,3104524,0,0,0,0,0,0,0,0,0
201108,37,159,3,5,Rowan County                  ,7,7,1309476,4,8,637728,0,0,0,0,0,0,7,7,1309476,4,8,637728,0,0,0,0,0,0
201108,37,163,3,5,Sampson County                ,5,5,1036000,0,0,0,0,0,0,0,0,0,5,5,1036000,0,0,0,0,0,0,0,0,0
201108,37,167,3,5,Stanly County                 ,7,7,812000,0,0,0,0,0,0,0,0,0,7,7,812000,0,0,0,0,0,0,0,0,0
201108,37,171,3,5,Surry County                  ,5,5,1275715,0,0,0,0,0,0,0,0,0,5,5,1275715,0,0,0,0,0,0,0,0,0
201108,37,175,3,5,Transylvania County           ,2,2,1147553,0,0,0,0,0,0,0,0,0,2,2,1147553,0,0,0,0,0,0,0,0,0
201108,37,179,3,5,Union County                  ,68,68,12955082,0,0,0,0,0,0,0,0,0,68,68,12955082,0,0,0,0,0,0,0,0,0
201108,37,181,3,5,Vance County                  ,1,1,153600,0,0,0,0,0,0,0,0,0,1,1,153600,0,0,0,0,0,0,0,0,0
201108,37,183,3,5,Wake County                   ,441,441,74616275,0,0,0,0,0,0,0,0,0,441,441,74616275,0,0,0,0,0,0,0,0,0
201108,37,195,3,5,Wilson County                 ,3,3,543223,0,0,0,0,0,0,0,0,0,3,3,543223,0,0,0,0,0,0,0,0,0
201108,39,015,2,3,Brown County                  ,4,4,658537,0,0,0,0,0,0,0,0,0,0,0,0,0,0,0,0,0,0,0,0,0
201108,39,017,2,3,Butler County                 ,46,46,8627408,2,4,300000,0,0,0,0,0,0,39,39,7696597,2,4,300000,0,0,0,0,0,0
201108,39,025,2,3,Clermont County               ,33,33,4752742,0,0,0,0,0,0,1,5,230000,33,33,4752742,0,0,0,0,0,0,1,5,230000
201108,39,035,2,3,Cuyahoga County               ,42,42,11949189,0,0,0,3,11,1136408,1,5,530305,13,13,4846505,0,0,0,2,8,1000000,0,0,0
201108,39,041,2,3,Delaware County               ,75,75,15883599,0,0,0,0,0,0,0,0,0,75,75,15883599,0,0,0,0,0,0,0,0,0
201108,39,045,2,3,Fairfield County              ,17,17,3514463,0,0,0,0,0,0,0,0,0,12,12,2821900,0,0,0,0,0,0,0,0,0
201108,39,049,2,3,Franklin County               ,96,96,24985813,3,6,992796,1,4,440000,18,147,10104263,92,92,23905933,3,6,992796,1,4,440000,18,147,10104263
201108,39,055,2,3,Geauga County                 ,17,17,4605924,0,0,0,0,0,0,0,0,0,17,17,4605924,0,0,0,0,0,0,0,0,0
201108,39,061,2,3,Hamilton County               ,36,36,7867024,1,2,117600,0,0,0,2,72,2569482,31,31,6324187,1,2,117600,0,0,0,2,72,2569482
201108,39,085,2,3,Lake County                   ,33,33,7884979,0,0,0,0,0,0,0,0,0,18,18,4467361,0,0,0,0,0,0,0,0,0
201108,39,089,2,3,Licking County                ,20,20,3595180,0,0,0,1,3,307668,1,5,367188,19,19,3432352,0,0,0,0,0,0,0,0,0
201108,39,093,2,3,Lorain County                 ,62,62,10421785,0,0,0,1,4,496000,0,0,0,31,31,6345892,0,0,0,1,4,496000,0,0,0
201108,39,097,2,3,Madison County                ,4,4,553822,0,0,0,0,0,0,0,0,0,4,4,553822,0,0,0,0,0,0,0,0,0
201108,39,103,2,3,Medina County                 ,35,35,6466554,0,0,0,1,4,200000,1,5,250000,35,35,6466554,0,0,0,1,4,200000,1,5,250000
201108,39,117,2,3,Morrow County                 ,4,4,547308,0,0,0,0,0,0,0,0,0,1,1,55000,0,0,0,0,0,0,0,0,0
201108,39,129,2,3,Pickaway County               ,3,3,450000,0,0,0,0,0,0,0,0,0,3,3,450000,0,0,0,0,0,0,0,0,0
201108,39,159,2,3,Union County                  ,10,10,2015136,0,0,0,0,0,0,0,0,0,10,10,2015136,0,0,0,0,0,0,0,0,0
201108,39,165,2,3,Warren County                 ,46,46,10387688,0,0,0,0,0,0,3,48,6286590,44,44,10032958,0,0,0,0,0,0,3,48,6286590
201108,39,169,2,3,Wayne County                  ,14,14,2183000,0,0,0,0,0,0,0,0,0,14,14,2183000,0,0,0,0,0,0,0,0,0
201108,40,017,3,7,Canadian County               ,8,8,1309818,0,0,0,0,0,0,0,0,0,5,5,575000,0,0,0,0,0,0,0,0,0
201108,40,021,3,7,Cherokee County               ,0,0,0,0,0,0,0,0,0,0,0,0,0,0,0,0,0,0,0,0,0,0,0,0
201108,40,027,3,7,Cleveland County              ,51,51,10923585,0,0,0,0,0,0,0,0,0,51,51,10923585,0,0,0,0,0,0,0,0,0
201108,40,029,3,7,Coal County                   ,0,0,0,0,0,0,0,0,0,0,0,0,0,0,0,0,0,0,0,0,0,0,0,0
201108,40,037,3,7,Creek County                  ,8,8,1163166,0,0,0,1,3,75000,0,0,0,2,2,290000,0,0,0,0,0,0,0,0,0
201108,40,051,3,7,Grady County                  ,5,5,107000,0,0,0,0,0,0,0,0,0,5,5,107000,0,0,0,0,0,0,0,0,0
201108,40,081,3,7,Lincoln County                ,1,1,288000,0,0,0,0,0,0,0,0,0,1,1,288000,0,0,0,0,0,0,0,0,0
201108,40,083,3,7,Logan County                  ,2,2,280000,0,0,0,0,0,0,0,0,0,2,2,280000,0,0,0,0,0,0,0,0,0
201108,40,087,3,7,McClain County                ,20,20,2954897,0,0,0,0,0,0,1,8,550000,17,17,2406770,0,0,0,0,0,0,1,8,550000
201108,40,099,3,7,Murray County                 ,0,0,0,0,0,0,0,0,0,0,0,0,0,0,0,0,0,0,0,0,0,0,0,0
201108,40,109,3,7,Oklahoma County               ,178,178,31515227,1,2,164658,0,0,0,1,9,516068,47,47,11858864,0,0,0,0,0,0,0,0,0
201108,40,111,3,7,Okmulgee County               ,0,0,0,0,0,0,0,0,0,0,0,0,0,0,0,0,0,0,0,0,0,0,0,0
201108,40,113,3,7,Osage County                  ,10,10,1135231,0,0,0,0,0,0,0,0,0,10,10,1135231,0,0,0,0,0,0,0,0,0
201108,40,117,3,7,Pawnee County                 ,0,0,0,0,0,0,0,0,0,0,0,0,0,0,0,0,0,0,0,0,0,0,0,0
201108,40,131,3,7,Rogers County                 ,14,14,2355347,0,0,0,0,0,0,0,0,0,13,13,2275347,0,0,0,0,0,0,0,0,0
201108,40,143,3,7,Tulsa County                  ,122,122,23062063,0,0,0,0,0,0,0,0,0,112,112,21985030,0,0,0,0,0,0,0,0,0
201108,40,145,3,7,Wagoner County                ,9,9,1321108,0,0,0,0,0,0,0,0,0,9,9,1321108,0,0,0,0,0,0,0,0,0
201108,41,000,4,9,Oregon Balance of State       ,13,13,1561961,0,0,0,0,0,0,0,0,0,13,13,1561961,0,0,0,0,0,0,0,0,0
201108,41,001,4,9,Baker County                  ,7,7,1537120,0,0,0,0,0,0,0,0,0,7,7,1537120,0,0,0,0,0,0,0,0,0
201108,41,005,4,9,Clackamas County              ,89,89,20937877,0,0,0,0,0,0,0,0,0,87,87,20619826,0,0,0,0,0,0,0,0,0
201108,41,009,4,9,Columbia County               ,5,5,1080883,0,0,0,0,0,0,0,0,0,3,3,537209,0,0,0,0,0,0,0,0,0
201108,41,017,4,9,Deschutes County              ,61,61,13955585,0,0,0,0,0,0,1,5,399987,57,57,13226423,0,0,0,0,0,0,0,0,0
201108,41,019,4,9,Douglas County                ,13,13,3532217,0,0,0,0,0,0,0,0,0,13,13,3532217,0,0,0,0,0,0,0,0,0
201108,41,025,4,9,Harney County                 ,0,0,0,0,0,0,0,0,0,0,0,0,0,0,0,0,0,0,0,0,0,0,0,0
201108,41,033,4,9,Josephine County              ,8,8,1962356,0,0,0,0,0,0,0,0,0,8,8,1962356,0,0,0,0,0,0,0,0,0
201108,41,035,4,9,Klamath County                ,5,5,899860,0,0,0,0,0,0,0,0,0,5,5,899860,0,0,0,0,0,0,0,0,0
201108,41,045,4,9,Malheur County                ,0,0,0,0,0,0,0,0,0,0,0,0,0,0,0,0,0,0,0,0,0,0,0,0
201108,41,051,4,9,Multnomah County              ,63,63,14409958,1,2,134574,0,0,0,0,0,0,63,63,14409958,1,2,134574,0,0,0,0,0,0
201108,41,057,4,9,Tillamook County              ,5,5,1205557,0,0,0,0,0,0,0,0,0,5,5,1205557,0,0,0,0,0,0,0,0,0
201108,41,059,4,9,Umatilla County               ,7,7,1737163,0,0,0,0,0,0,0,0,0,3,3,977685,0,0,0,0,0,0,0,0,0
201108,41,061,4,9,Union County                  ,7,7,1754496,1,2,296993,0,0,0,0,0,0,7,7,1754496,1,2,296993,0,0,0,0,0,0
201108,41,067,4,9,Washington County             ,104,104,24537790,0,0,0,0,0,0,0,0,0,104,104,24537790,0,0,0,0,0,0,0,0,0
201108,41,071,4,9,Yamhill County                ,9,9,2093000,0,0,0,0,0,0,0,0,0,9,9,2093000,0,0,0,0,0,0,0,0,0
201108,42,001,1,2,Adams County                  ,15,15,3106909,0,0,0,0,0,0,0,0,0,15,15,3106909,0,0,0,0,0,0,0,0,0
201108,42,003,1,2,Allegheny County              ,112,112,23872957,0,0,0,2,8,820000,0,0,0,59,59,16555597,0,0,0,2,8,820000,0,0,0
201108,42,005,1,2,Armstrong County              ,1,1,200000,0,0,0,0,0,0,0,0,0,0,0,0,0,0,0,0,0,0,0,0,0
201108,42,007,1,2,Beaver County                 ,14,14,2611050,0,0,0,0,0,0,0,0,0,9,9,1821215,0,0,0,0,0,0,0,0,0
201108,42,017,1,2,Bucks County                  ,46,46,7878507,0,0,0,0,0,0,0,0,0,37,37,6013450,0,0,0,0,0,0,0,0,0
201108,42,019,1,2,Butler County                 ,36,36,7593037,0,0,0,0,0,0,0,0,0,35,35,7434704,0,0,0,0,0,0,0,0,0
201108,42,025,1,2,Carbon County                 ,9,9,1630465,0,0,0,0,0,0,0,0,0,3,3,723850,0,0,0,0,0,0,0,0,0
201108,42,029,1,2,Chester County                ,57,57,13979674,1,2,1036000,0,0,0,1,23,1650500,45,45,10940106,0,0,0,0,0,0,0,0,0
201108,42,045,1,2,Delaware County               ,19,19,3959949,0,0,0,1,3,222825,0,0,0,7,7,1331742,0,0,0,0,0,0,0,0,0
201108,42,051,1,2,Fayette County                ,15,15,3085080,0,0,0,0,0,0,0,0,0,2,2,330000,0,0,0,0,0,0,0,0,0
201108,42,055,1,2,Franklin County               ,23,23,2649291,2,4,330000,0,0,0,0,0,0,8,8,1241060,1,2,200000,0,0,0,0,0,0
201108,42,065,1,2,Jefferson County              ,5,5,592635,0,0,0,0,0,0,0,0,0,5,5,592635,0,0,0,0,0,0,0,0,0
201108,42,077,1,2,Lehigh County                 ,26,26,5434147,1,2,198000,0,0,0,0,0,0,21,21,4516750,1,2,198000,0,0,0,0,0,0
201108,42,091,1,2,Montgomery County             ,84,84,13816190,0,0,0,0,0,0,1,16,1500000,73,73,11754903,0,0,0,0,0,0,1,16,1500000
201108,42,095,1,2,Northampton County            ,18,18,3897315,1,2,191250,1,3,286875,0,0,0,9,9,2329000,0,0,0,0,0,0,0,0,0
201108,42,101,1,2,Philadelphia County           ,42,42,9254633,2,4,320000,1,3,140000,1,6,288000,42,42,9254633,2,4,320000,1,3,140000,1,6,288000
201108,42,103,1,2,Pike County                   ,11,11,2277715,0,0,0,0,0,0,0,0,0,10,10,2065786,0,0,0,0,0,0,0,0,0
201108,42,125,1,2,Washington County             ,38,38,7214749,0,0,0,3,11,1270358,1,7,390000,27,27,5393111,0,0,0,1,4,457500,1,7,390000
201108,42,129,1,2,Westmoreland County           ,29,29,5647577,0,0,0,0,0,0,0,0,0,12,12,2358541,0,0,0,0,0,0,0,0,0
201108,44,001,1,1,Bristol County                ,2,2,589892,0,0,0,0,0,0,0,0,0,0,0,0,0,0,0,0,0,0,0,0,0
201108,44,003,1,1,Kent County                   ,6,6,918654,1,2,110000,0,0,0,2,12,975683,1,1,130000,0,0,0,0,0,0,0,0,0
201108,44,005,1,1,Newport County                ,12,12,2824454,0,0,0,0,0,0,0,0,0,11,11,2634728,0,0,0,0,0,0,0,0,0
201108,44,007,1,1,Providence County             ,15,15,2036587,0,0,0,0,0,0,0,0,0,10,10,1229300,0,0,0,0,0,0,0,0,0
201108,44,009,1,1,Washington County             ,20,20,3726856,0,0,0,0,0,0,0,0,0,17,17,3069980,0,0,0,0,0,0,0,0,0
201108,45,003,3,5,Aiken County                  ,37,37,7530693,0,0,0,0,0,0,0,0,0,29,29,6634565,0,0,0,0,0,0,0,0,0
201108,45,009,3,5,Bamberg County                ,0,0,0,0,0,0,0,0,0,0,0,0,0,0,0,0,0,0,0,0,0,0,0,0
201108,45,015,3,5,Berkeley County               ,100,100,21234336,0,0,0,0,0,0,0,0,0,91,91,19475044,0,0,0,0,0,0,0,0,0
201108,45,017,3,5,Calhoun County                ,1,1,180000,0,0,0,0,0,0,0,0,0,1,1,180000,0,0,0,0,0,0,0,0,0
201108,45,019,3,5,Charleston County             ,151,151,27274803,0,0,0,0,0,0,1,22,1102281,112,112,21116154,0,0,0,0,0,0,0,0,0
201108,45,035,3,5,Dorchester County             ,37,37,8885092,0,0,0,0,0,0,0,0,0,37,37,8885092,0,0,0,0,0,0,0,0,0
201108,45,039,3,5,Fairfield County              ,3,3,347993,0,0,0,0,0,0,0,0,0,0,0,0,0,0,0,0,0,0,0,0,0
201108,45,041,3,5,Florence County               ,24,24,3016852,2,4,203875,0,0,0,0,0,0,0,0,0,0,0,0,0,0,0,0,0,0
201108,45,045,3,5,Greenville County             ,112,112,26141468,0,0,0,0,0,0,0,0,0,103,103,24319554,0,0,0,0,0,0,0,0,0
201108,45,047,3,5,Greenwood County              ,10,10,1239166,0,0,0,0,0,0,0,0,0,10,10,1239166,0,0,0,0,0,0,0,0,0
201108,45,055,3,5,Kershaw County                ,20,20,2491929,0,0,0,0,0,0,0,0,0,19,19,2378094,0,0,0,0,0,0,0,0,0
201108,45,059,3,5,Laurens County                ,2,2,345960,0,0,0,0,0,0,0,0,0,2,2,345960,0,0,0,0,0,0,0,0,0
201108,45,063,3,5,Lexington County              ,113,113,20950970,0,0,0,0,0,0,1,11,1018895,28,28,3965950,0,0,0,0,0,0,0,0,0
201108,45,077,3,5,Pickens County                ,32,32,5844495,0,0,0,0,0,0,0,0,0,30,30,5448990,0,0,0,0,0,0,0,0,0
201108,45,079,3,5,Richland County               ,103,103,25519179,0,0,0,0,0,0,1,22,1241740,26,26,16523416,0,0,0,0,0,0,0,0,0
201108,45,081,3,5,Saluda County                 ,2,2,375520,0,0,0,0,0,0,0,0,0,2,2,375520,0,0,0,0,0,0,0,0,0
201108,45,085,3,5,Sumter County                 ,33,33,3122874,0,0,0,0,0,0,0,0,0,33,33,3122874,0,0,0,0,0,0,0,0,0
201108,45,091,3,5,York County                   ,128,128,32907504,0,0,0,0,0,0,0,0,0,128,128,32907504,0,0,0,0,0,0,0,0,0
201108,46,005,2,4,Beadle County                 ,5,5,927061,0,0,0,0,0,0,0,0,0,3,3,675490,0,0,0,0,0,0,0,0,0
201108,46,069,2,4,Hyde County                   ,0,0,0,0,0,0,0,0,0,0,0,0,0,0,0,0,0,0,0,0,0,0,0,0
201108,46,121,2,4,Todd County                   ,0,0,0,0,0,0,0,0,0,0,0,0,0,0,0,0,0,0,0,0,0,0,0,0
201108,47,011,3,6,Bradley County                ,30,30,4048000,0,0,0,2,8,505000,0,0,0,30,30,4048000,0,0,0,2,8,505000,0,0,0
201108,47,015,3,6,Cannon County                 ,1,1,96800,0,0,0,0,0,0,0,0,0,0,0,0,0,0,0,0,0,0,0,0,0
201108,47,021,3,6,Cheatham County               ,3,3,601250,0,0,0,0,0,0,0,0,0,2,2,345000,0,0,0,0,0,0,0,0,0
201108,47,037,3,6,Davidson County               ,121,121,26338761,0,0,0,0,0,0,0,0,0,121,121,26338761,0,0,0,0,0,0,0,0,0
201108,47,039,3,6,Decatur County                ,0,0,0,0,0,0,0,0,0,0,0,0,0,0,0,0,0,0,0,0,0,0,0,0
201108,47,043,3,6,Dickson County                ,12,12,1804654,0,0,0,0,0,0,0,0,0,12,12,1804654,0,0,0,0,0,0,0,0,0
201108,47,047,3,6,Fayette County                ,15,15,2847000,0,0,0,0,0,0,1,5,3471562,9,9,1947000,0,0,0,0,0,0,0,0,0
201108,47,063,3,6,Hamblen County                ,4,4,384704,0,0,0,0,0,0,0,0,0,0,0,0,0,0,0,0,0,0,0,0,0
201108,47,071,3,6,Hardin County                 ,1,1,58333,0,0,0,0,0,0,0,0,0,0,0,0,0,0,0,0,0,0,0,0,0
201108,47,081,3,6,Hickman County                ,0,0,0,0,0,0,0,0,0,0,0,0,0,0,0,0,0,0,0,0,0,0,0,0
201108,47,091,3,6,Johnson County                ,1,1,34000,0,0,0,0,0,0,0,0,0,1,1,34000,0,0,0,0,0,0,0,0,0
201108,47,093,3,6,Knox County                   ,71,71,10201342,1,2,150000,0,0,0,1,9,611594,10,10,941699,0,0,0,0,0,0,0,0,0
201108,47,111,3,6,Macon County                  ,0,0,0,0,0,0,0,0,0,0,0,0,0,0,0,0,0,0,0,0,0,0,0,0
201108,47,113,3,6,Madison County                ,20,20,2911500,0,0,0,0,0,0,0,0,0,20,20,2911500,0,0,0,0,0,0,0,0,0
201108,47,125,3,6,Montgomery County             ,143,143,17274750,4,8,410000,2,6,280000,0,0,0,143,143,17274750,4,8,410000,2,6,280000,0,0,0
201108,47,141,3,6,Putnam County                 ,24,24,3226141,0,0,0,0,0,0,0,0,0,24,24,3226141,0,0,0,0,0,0,0,0,0
201108,47,147,3,6,Robertson County              ,18,18,2265368,0,0,0,0,0,0,0,0,0,16,16,1920170,0,0,0,0,0,0,0,0,0
201108,47,149,3,6,Rutherford County             ,92,92,16526027,0,0,0,0,0,0,0,0,0,82,82,15107501,0,0,0,0,0,0,0,0,0
201108,47,157,3,6,Shelby County                 ,85,85,17664993,0,0,0,0,0,0,0,0,0,85,85,17664993,0,0,0,0,0,0,0,0,0
201108,47,159,3,6,Smith County                  ,6,6,1106450,0,0,0,0,0,0,0,0,0,6,6,1106450,0,0,0,0,0,0,0,0,0
201108,47,165,3,6,Sumner County                 ,35,35,5616571,0,0,0,0,0,0,0,0,0,24,24,4060516,0,0,0,0,0,0,0,0,0
201108,47,167,3,6,Tipton County                 ,7,7,883240,0,0,0,0,0,0,0,0,0,7,7,883240,0,0,0,0,0,0,0,0,0
201108,47,169,3,6,Trousdale County              ,4,4,292000,0,0,0,0,0,0,0,0,0,4,4,292000,0,0,0,0,0,0,0,0,0
201108,47,179,3,6,Washington County             ,26,26,5072973,0,0,0,0,0,0,0,0,0,26,26,5072973,0,0,0,0,0,0,0,0,0
201108,47,187,3,6,Williamson County             ,57,57,18389730,0,0,0,0,0,0,0,0,0,45,45,14494819,0,0,0,0,0,0,0,0,0
201108,47,189,3,6,Wilson County                 ,61,61,10545197,0,0,0,0,0,0,0,0,0,29,29,5463105,0,0,0,0,0,0,0,0,0
201108,48,013,3,7,Atascosa County               ,4,4,479824,0,0,0,0,0,0,0,0,0,2,2,185000,0,0,0,0,0,0,0,0,0
201108,48,015,3,7,Austin County                 ,2,2,219667,0,0,0,0,0,0,0,0,0,1,1,120000,0,0,0,0,0,0,0,0,0
201108,48,019,3,7,Bandera County                ,0,0,0,0,0,0,0,0,0,0,0,0,0,0,0,0,0,0,0,0,0,0,0,0
201108,48,021,3,7,Bastrop County                ,0,0,0,0,0,0,0,0,0,0,0,0,0,0,0,0,0,0,0,0,0,0,0,0
201108,48,029,3,7,Bexar County                  ,236,236,40984237,0,0,0,0,0,0,1,5,1065467,203,203,36104093,0,0,0,0,0,0,0,0,0
201108,48,039,3,7,Brazoria County               ,165,165,26008230,0,0,0,0,0,0,0,0,0,161,161,25470727,0,0,0,0,0,0,0,0,0
201108,48,041,3,7,Brazos County                 ,57,57,8112306,0,0,0,0,0,0,1,30,2484541,11,11,2042587,0,0,0,0,0,0,0,0,0
201108,48,055,3,7,Caldwell County               ,0,0,0,0,0,0,0,0,0,0,0,0,0,0,0,0,0,0,0,0,0,0,0,0
201108,48,063,3,7,Camp County                   ,0,0,0,0,0,0,0,0,0,0,0,0,0,0,0,0,0,0,0,0,0,0,0,0
201108,48,071,3,7,Chambers County               ,29,29,5191391,0,0,0,0,0,0,0,0,0,29,29,5191391,0,0,0,0,0,0,0,0,0
201108,48,085,3,7,Collin County                 ,434,434,112444641,0,0,0,0,0,0,4,123,10664000,420,420,108175643,0,0,0,0,0,0,4,123,10664000
201108,48,091,3,7,Comal County                  ,78,78,16609473,0,0,0,0,0,0,0,0,0,44,44,11907998,0,0,0,0,0,0,0,0,0
201108,48,113,3,7,Dallas County                 ,248,248,62481076,1,2,166300,0,0,0,43,1176,120279269,223,223,49926224,1,2,166300,0,0,0,42,1161,119560995
201108,48,117,3,7,Deaf Smith County             ,0,0,0,0,0,0,0,0,0,0,0,0,0,0,0,0,0,0,0,0,0,0,0,0
201108,48,119,3,7,Delta County                  ,0,0,0,0,0,0,0,0,0,0,0,0,0,0,0,0,0,0,0,0,0,0,0,0
201108,48,121,3,7,Denton County                 ,125,125,38699014,0,0,0,0,0,0,29,558,44768683,109,109,34403253,0,0,0,0,0,0,29,558,44768683
201108,48,133,3,7,Eastland County               ,0,0,0,0,0,0,0,0,0,0,0,0,0,0,0,0,0,0,0,0,0,0,0,0
201108,48,135,3,7,Ector County                  ,26,26,4446560,0,0,0,0,0,0,0,0,0,26,26,4446560,0,0,0,0,0,0,0,0,0
201108,48,139,3,7,Ellis County                  ,53,53,9073018,1,2,70000,0,0,0,0,0,0,53,53,9073018,1,2,70000,0,0,0,0,0,0
201108,48,157,3,7,Fort Bend County              ,543,543,104255906,0,0,0,0,0,0,0,0,0,541,541,103910030,0,0,0,0,0,0,0,0,0
201108,48,167,3,7,Galveston County              ,173,173,33218627,0,0,0,0,0,0,2,34,2781997,73,73,15237667,0,0,0,0,0,0,0,0,0
201108,48,187,3,7,Guadalupe County              ,73,73,14034760,0,0,0,0,0,0,1,24,895519,67,67,13219724,0,0,0,0,0,0,0,0,0
201108,48,201,3,7,Harris County                 ,1228,1228,189249674,1,2,310000,0,0,0,15,1234,52366195,1216,1216,185181426,1,2,310000,0,0,0,15,1234,52366195
201108,48,209,3,7,Hays County                   ,93,93,14820906,0,0,0,0,0,0,14,144,9694315,41,41,6622881,0,0,0,0,0,0,0,0,0
201108,48,215,3,7,Hidalgo County                ,297,297,47405525,2,4,175000,2,7,270280,1,5,164000,272,272,44971661,2,4,175000,2,7,270280,0,0,0
201108,48,231,3,7,Hunt County                   ,1,1,264358,0,0,0,0,0,0,0,0,0,1,1,264358,0,0,0,0,0,0,0,0,0
201108,48,233,3,7,Hutchinson County             ,0,0,0,0,0,0,0,0,0,0,0,0,0,0,0,0,0,0,0,0,0,0,0,0
201108,48,251,3,7,Johnson County                ,35,35,5585689,0,0,0,0,0,0,0,0,0,18,18,2794298,0,0,0,0,0,0,0,0,0
201108,48,257,3,7,Kaufman County                ,15,15,2776050,0,0,0,0,0,0,0,0,0,15,15,2776050,0,0,0,0,0,0,0,0,0
201108,48,259,3,7,Kendall County                ,18,18,3631117,0,0,0,0,0,0,0,0,0,0,0,0,0,0,0,0,0,0,0,0,0
201108,48,271,3,7,Kinney County                 ,0,0,0,0,0,0,0,0,0,0,0,0,0,0,0,0,0,0,0,0,0,0,0,0
201108,48,291,3,7,Liberty County                ,15,15,1886057,0,0,0,2,6,381674,0,0,0,0,0,0,0,0,0,0,0,0,0,0,0
201108,48,307,3,7,McCulloch County              ,0,0,0,0,0,0,0,0,0,0,0,0,0,0,0,0,0,0,0,0,0,0,0,0
201108,48,323,3,7,Maverick County               ,9,9,559597,0,0,0,0,0,0,1,60,3300000,9,9,559597,0,0,0,0,0,0,1,60,3300000
201108,48,325,3,7,Medina County                 ,7,7,574200,0,0,0,0,0,0,0,0,0,7,7,574200,0,0,0,0,0,0,0,0,0
201108,48,329,3,7,Midland County                ,40,40,7711460,0,0,0,0,0,0,0,0,0,40,40,7711460,0,0,0,0,0,0,0,0,0
201108,48,339,3,7,Montgomery County             ,236,236,47092100,0,0,0,0,0,0,0,0,0,230,230,45712032,0,0,0,0,0,0,0,0,0
201108,48,353,3,7,Nolan County                  ,0,0,0,0,0,0,0,0,0,0,0,0,0,0,0,0,0,0,0,0,0,0,0,0
201108,48,359,3,7,Oldham County                 ,0,0,0,0,0,0,0,0,0,0,0,0,0,0,0,0,0,0,0,0,0,0,0,0
201108,48,367,3,7,Parker County                 ,10,10,2389448,0,0,0,0,0,0,0,0,0,9,9,2235812,0,0,0,0,0,0,0,0,0
201108,48,375,3,7,Potter County                 ,88,88,17390993,0,0,0,0,0,0,0,0,0,88,88,17390993,0,0,0,0,0,0,0,0,0
201108,48,383,3,7,Reagan County                 ,0,0,0,0,0,0,0,0,0,0,0,0,0,0,0,0,0,0,0,0,0,0,0,0
201108,48,385,3,7,Real County                   ,0,0,0,0,0,0,0,0,0,0,0,0,0,0,0,0,0,0,0,0,0,0,0,0
201108,48,397,3,7,Rockwall County               ,43,43,9272358,0,0,0,0,0,0,0,0,0,43,43,9272358,0,0,0,0,0,0,0,0,0
201108,48,407,3,7,San Jacinto County            ,1,1,5000,0,0,0,0,0,0,0,0,0,1,1,5000,0,0,0,0,0,0,0,0,0
201108,48,435,3,7,Sutton County                 ,0,0,0,0,0,0,0,0,0,0,0,0,0,0,0,0,0,0,0,0,0,0,0,0
201108,48,437,3,7,Swisher County                ,0,0,0,0,0,0,0,0,0,0,0,0,0,0,0,0,0,0,0,0,0,0,0,0
201108,48,439,3,7,Tarrant County                ,358,358,71671241,0,0,0,0,0,0,3,140,11102505,319,319,62519898,0,0,0,0,0,0,3,140,11102505
201108,48,451,3,7,Tom Green County              ,11,11,1807400,0,0,0,0,0,0,0,0,0,11,11,1807400,0,0,0,0,0,0,0,0,0
201108,48,453,3,7,Travis County                 ,259,259,46931206,0,0,0,5,20,2570000,0,0,0,244,244,43530079,0,0,0,5,20,2570000,0,0,0
201108,48,463,3,7,Uvalde County                 ,2,2,147000,0,0,0,0,0,0,0,0,0,2,2,147000,0,0,0,0,0,0,0,0,0
201108,48,469,3,7,Victoria County               ,9,9,1697976,0,0,0,0,0,0,0,0,0,9,9,1697976,0,0,0,0,0,0,0,0,0
201108,48,471,3,7,Walker County                 ,3,3,561918,0,0,0,0,0,0,0,0,0,3,3,561918,0,0,0,0,0,0,0,0,0
201108,48,473,3,7,Waller County                 ,1,1,130000,0,0,0,0,0,0,0,0,0,1,1,130000,0,0,0,0,0,0,0,0,0
201108,48,479,3,7,Webb County                   ,60,60,8682193,0,0,0,1,3,144767,0,0,0,0,0,0,0,0,0,0,0,0,0,0,0
201108,48,491,3,7,Williamson County             ,192,192,39143348,0,0,0,0,0,0,0,0,0,191,191,39074765,0,0,0,0,0,0,0,0,0
201108,48,493,3,7,Wilson County                 ,2,2,364809,0,0,0,0,0,0,0,0,0,0,0,0,0,0,0,0,0,0,0,0,0
201108,48,497,3,7,Wise County                   ,0,0,0,0,0,0,0,0,0,0,0,0,0,0,0,0,0,0,0,0,0,0,0,0
201108,49,009,4,8,Daggett County                ,3,3,448949,0,0,0,0,0,0,0,0,0,1,1,227053,0,0,0,0,0,0,0,0,0
201108,49,019,4,8,Grand County                  ,15,15,3282160,0,0,0,0,0,0,9,60,7476338,12,12,2391195,0,0,0,0,0,0,9,60,7476338
201108,49,021,4,8,Iron County                   ,11,11,1686911,0,0,0,0,0,0,1,6,426286,5,5,525000,0,0,0,0,0,0,0,0,0
201108,49,033,4,8,Rich County                   ,1,1,164394,0,0,0,0,0,0,0,0,0,1,1,164394,0,0,0,0,0,0,0,0,0
201108,49,035,4,8,Salt Lake County              ,171,171,37039922,2,4,441048,4,12,1724031,6,115,10513167,123,123,28440432,1,2,242585,2,6,759080,0,0,0
201108,49,039,4,8,Sanpete County                ,1,1,74584,0,0,0,0,0,0,0,0,0,1,1,74584,0,0,0,0,0,0,0,0,0
201108,49,043,4,8,Summit County                 ,11,11,3693177,0,0,0,1,4,1063357,0,0,0,11,11,3693177,0,0,0,1,4,1063357,0,0,0
201108,49,045,4,8,Tooele County                 ,16,16,2342109,0,0,0,0,0,0,1,13,1064680,0,0,0,0,0,0,0,0,0,0,0,0
201108,49,051,4,8,Wasatch County                ,10,10,3930451,0,0,0,0,0,0,1,26,1999266,6,6,1903171,0,0,0,0,0,0,0,0,0
201108,51,003,3,5,Albemarle County              ,29,29,9997000,0,0,0,0,0,0,0,0,0,29,29,9997000,0,0,0,0,0,0,0,0,0
201108,51,007,3,5,Amelia County                 ,3,3,436230,0,0,0,0,0,0,0,0,0,3,3,436230,0,0,0,0,0,0,0,0,0
201108,51,013,3,5,Arlington County              ,9,9,2660000,0,0,0,0,0,0,0,0,0,9,9,2660000,0,0,0,0,0,0,0,0,0
201108,51,015,3,5,Augusta County                ,8,8,1112680,0,0,0,0,0,0,0,0,0,8,8,1112680,0,0,0,0,0,0,0,0,0
201108,51,019,3,5,Bedford County                ,14,14,3822000,0,0,0,0,0,0,1,24,500000,14,14,3822000,0,0,0,0,0,0,1,24,500000
201108,51,023,3,5,Botetourt County              ,3,3,621382,0,0,0,0,0,0,0,0,0,3,3,621382,0,0,0,0,0,0,0,0,0
201108,51,031,3,5,Campbell County               ,12,12,2084264,0,0,0,0,0,0,0,0,0,12,12,2084264,0,0,0,0,0,0,0,0,0
201108,51,033,3,5,Caroline County               ,3,3,733500,0,0,0,0,0,0,0,0,0,3,3,733500,0,0,0,0,0,0,0,0,0
201108,51,036,3,5,Charles City County           ,4,4,574472,0,0,0,0,0,0,0,0,0,0,0,0,0,0,0,0,0,0,0,0,0
201108,51,037,3,5,Charlotte County              ,4,4,335000,0,0,0,0,0,0,0,0,0,4,4,335000,0,0,0,0,0,0,0,0,0
201108,51,041,3,5,Chesterfield County           ,63,63,11617723,0,0,0,1,3,400000,0,0,0,63,63,11617723,0,0,0,1,3,400000,0,0,0
201108,51,043,3,5,Clarke County                 ,3,3,890000,0,0,0,0,0,0,0,0,0,3,3,890000,0,0,0,0,0,0,0,0,0
201108,51,047,3,5,Culpeper County               ,8,8,1709190,0,0,0,0,0,0,0,0,0,0,0,0,0,0,0,0,0,0,0,0,0
201108,51,049,3,5,Cumberland County             ,2,2,154000,0,0,0,0,0,0,0,0,0,2,2,154000,0,0,0,0,0,0,0,0,0
201108,51,053,3,5,Dinwiddie County              ,7,7,1062251,0,0,0,0,0,0,0,0,0,0,0,0,0,0,0,0,0,0,0,0,0
201108,51,059,3,5,Fairfax County                ,48,48,8724557,0,0,0,0,0,0,0,0,0,48,48,8724557,0,0,0,0,0,0,0,0,0
201108,51,061,3,5,Fauquier County               ,20,20,4245000,0,0,0,0,0,0,0,0,0,17,17,3875000,0,0,0,0,0,0,0,0,0
201108,51,065,3,5,Fluvanna County               ,4,4,441000,0,0,0,0,0,0,0,0,0,4,4,441000,0,0,0,0,0,0,0,0,0
201108,51,067,3,5,Franklin County               ,9,9,1957900,0,0,0,0,0,0,0,0,0,9,9,1957900,0,0,0,0,0,0,0,0,0
201108,51,069,3,5,Frederick County              ,22,22,4493575,0,0,0,0,0,0,0,0,0,22,22,4493575,0,0,0,0,0,0,0,0,0
201108,51,073,3,5,Gloucester County             ,4,4,445000,0,0,0,0,0,0,0,0,0,4,4,445000,0,0,0,0,0,0,0,0,0
201108,51,075,3,5,Goochland County              ,2,2,468713,0,0,0,0,0,0,0,0,0,2,2,468713,0,0,0,0,0,0,0,0,0
201108,51,079,3,5,Greene County                 ,6,6,1082210,0,0,0,0,0,0,0,0,0,6,6,1082210,0,0,0,0,0,0,0,0,0
201108,51,085,3,5,Hanover County                ,34,34,6966533,0,0,0,0,0,0,0,0,0,34,34,6966533,0,0,0,0,0,0,0,0,0
201108,51,087,3,5,Henrico County                ,60,60,11064498,0,0,0,0,0,0,0,0,0,60,60,11064498,0,0,0,0,0,0,0,0,0
201108,51,093,3,5,Isle of Wight County          ,3,3,867000,0,0,0,0,0,0,0,0,0,3,3,867000,0,0,0,0,0,0,0,0,0
201108,51,095,3,5,James City County             ,19,19,5774554,0,0,0,1,3,477870,0,0,0,19,19,5774554,0,0,0,1,3,477870,0,0,0
201108,51,097,3,5,King and Queen County         ,0,0,0,0,0,0,0,0,0,0,0,0,0,0,0,0,0,0,0,0,0,0,0,0
201108,51,099,3,5,King George County            ,5,5,922041,0,0,0,0,0,0,0,0,0,5,5,922041,0,0,0,0,0,0,0,0,0
201108,51,101,3,5,King William County           ,0,0,0,0,0,0,0,0,0,0,0,0,0,0,0,0,0,0,0,0,0,0,0,0
201108,51,107,3,5,Loudoun County                ,255,255,47024116,0,0,0,0,0,0,2,20,298000,255,255,47024116,0,0,0,0,0,0,2,20,298000
201108,51,109,3,5,Louisa County                 ,9,9,1896000,0,0,0,0,0,0,0,0,0,9,9,1896000,0,0,0,0,0,0,0,0,0
201108,51,115,3,5,Mathews County                ,2,2,409000,0,0,0,0,0,0,0,0,0,2,2,409000,0,0,0,0,0,0,0,0,0
201108,51,119,3,5,Middlesex County              ,3,3,445000,0,0,0,0,0,0,0,0,0,3,3,445000,0,0,0,0,0,0,0,0,0
201108,51,127,3,5,New Kent County               ,18,18,3319349,0,0,0,0,0,0,0,0,0,18,18,3319349,0,0,0,0,0,0,0,0,0
201108,51,137,3,5,Orange County                 ,3,3,335000,0,0,0,0,0,0,0,0,0,3,3,335000,0,0,0,0,0,0,0,0,0
201108,51,143,3,5,Pittsylvania County           ,6,6,745149,0,0,0,0,0,0,1,5,295125,0,0,0,0,0,0,0,0,0,0,0,0
201108,51,145,3,5,Powhatan County               ,7,7,2135000,0,0,0,0,0,0,0,0,0,7,7,2135000,0,0,0,0,0,0,0,0,0
201108,51,149,3,5,Prince George County          ,3,3,538146,0,0,0,0,0,0,0,0,0,3,3,538146,0,0,0,0,0,0,0,0,0
201108,51,153,3,5,Prince William County         ,118,118,21416096,0,0,0,0,0,0,0,0,0,118,118,21416096,0,0,0,0,0,0,0,0,0
201108,51,157,3,5,Rappahannock County           ,2,2,479311,0,0,0,0,0,0,0,0,0,0,0,0,0,0,0,0,0,0,0,0,0
201108,51,161,3,5,Roanoke County                ,15,15,2857338,0,0,0,0,0,0,0,0,0,15,15,2857338,0,0,0,0,0,0,0,0,0
201108,51,163,3,5,Rockbridge County             ,3,3,1253300,0,0,0,0,0,0,0,0,0,3,3,1253300,0,0,0,0,0,0,0,0,0
201108,51,165,3,5,Rockingham County             ,25,25,4066841,0,0,0,0,0,0,0,0,0,0,0,0,0,0,0,0,0,0,0,0,0
201108,51,169,3,5,Scott County                  ,3,3,405000,0,0,0,0,0,0,0,0,0,3,3,405000,0,0,0,0,0,0,0,0,0
201108,51,171,3,5,Shenandoah County             ,7,7,1008800,0,0,0,0,0,0,0,0,0,7,7,1008800,0,0,0,0,0,0,0,0,0
201108,51,177,3,5,Spotsylvania County           ,24,24,5575806,0,0,0,0,0,0,0,0,0,0,0,0,0,0,0,0,0,0,0,0,0
201108,51,179,3,5,Stafford County               ,55,55,10142456,0,0,0,0,0,0,0,0,0,55,55,10142456,0,0,0,0,0,0,0,0,0
201108,51,181,3,5,Surry County                  ,3,3,309350,0,0,0,0,0,0,0,0,0,0,0,0,0,0,0,0,0,0,0,0,0
201108,51,183,3,5,Sussex County                 ,1,1,135989,0,0,0,0,0,0,0,0,0,0,0,0,0,0,0,0,0,0,0,0,0
201108,51,187,3,5,Warren County                 ,12,12,2103200,0,0,0,0,0,0,0,0,0,12,12,2103200,0,0,0,0,0,0,0,0,0
201108,51,199,3,5,York County                   ,10,10,2893910,0,0,0,0,0,0,0,0,0,10,10,2893910,0,0,0,0,0,0,0,0,0
201108,51,510,3,5,Alexandria (Independent City) ,6,6,1126244,0,0,0,0,0,0,1,54,4901915,0,0,0,0,0,0,0,0,0,0,0,0
201108,51,530,3,5,Buena Vista (Independent City),1,1,88000,0,0,0,0,0,0,0,0,0,1,1,88000,0,0,0,0,0,0,0,0,0
201108,51,550,3,5,Chesapeake(Independent City)  ,69,69,12377358,0,0,0,0,0,0,0,0,0,69,69,12377358,0,0,0,0,0,0,0,0,0
201108,51,570,3,5,Colonial Heights (Independent ,2,2,368817,0,0,0,0,0,0,0,0,0,2,2,368817,0,0,0,0,0,0,0,0,0
201108,51,580,3,5,Covington (Independent City)  ,0,0,0,0,0,0,0,0,0,0,0,0,0,0,0,0,0,0,0,0,0,0,0,0
201108,51,600,3,5,Fairfax (Independent City)    ,16,16,2618000,0,0,0,0,0,0,0,0,0,16,16,2618000,0,0,0,0,0,0,0,0,0
201108,51,610,3,5,Falls Church (Independent City,2,2,599083,0,0,0,0,0,0,0,0,0,0,0,0,0,0,0,0,0,0,0,0,0
201108,51,630,3,5,Fredericksburg(Independent Cit,18,18,3319349,0,0,0,0,0,0,0,0,0,18,18,3319349,0,0,0,0,0,0,0,0,0
201108,51,650,3,5,Hampton (Independent City)    ,12,12,2704240,0,0,0,0,0,0,0,0,0,0,0,0,0,0,0,0,0,0,0,0,0
201108,51,660,3,5,Harrisonburg (Independent City,4,4,640000,0,0,0,0,0,0,0,0,0,4,4,640000,0,0,0,0,0,0,0,0,0
201108,51,670,3,5,Hopewell (Independent City)   ,6,6,441000,0,0,0,0,0,0,0,0,0,6,6,441000,0,0,0,0,0,0,0,0,0
201108,51,680,3,5,Lynchburg (Independent City)  ,13,13,2224713,0,0,0,0,0,0,0,0,0,13,13,2224713,0,0,0,0,0,0,0,0,0
201108,51,683,3,5,Manassas (Independent City)   ,5,5,538553,0,0,0,0,0,0,0,0,0,0,0,0,0,0,0,0,0,0,0,0,0
201108,51,685,3,5,Manassas Park (Independent Cit,0,0,0,0,0,0,0,0,0,0,0,0,0,0,0,0,0,0,0,0,0,0,0,0
201108,51,700,3,5,Newport News (Independent City,7,7,620424,0,0,0,0,0,0,4,208,8138738,7,7,620424,0,0,0,0,0,0,4,208,8138738
201108,51,710,3,5,Norfolk (Independent City)    ,13,13,2331966,0,0,0,0,0,0,0,0,0,13,13,2331966,0,0,0,0,0,0,0,0,0
201108,51,730,3,5,Petersburg (Independent City) ,2,2,174812,0,0,0,0,0,0,1,21,1580011,0,0,0,0,0,0,0,0,0,0,0,0
201108,51,735,3,5,Poquoson (Independent City)   ,2,2,341000,0,0,0,0,0,0,0,0,0,2,2,341000,0,0,0,0,0,0,0,0,0
201108,51,740,3,5,Portsmouth (Independent City) ,2,2,368817,0,0,0,0,0,0,0,0,0,2,2,368817,0,0,0,0,0,0,0,0,0
201108,51,760,3,5,Richmond (Independent City)   ,8,8,1345928,0,0,0,0,0,0,2,75,14634530,8,8,1345928,0,0,0,0,0,0,2,75,14634530
201108,51,770,3,5,Roanoke (Independent City)    ,3,3,445937,0,0,0,0,0,0,0,0,0,3,3,445937,0,0,0,0,0,0,0,0,0
201108,51,800,3,5,Suffolk (Independent City)    ,28,28,5163432,0,0,0,0,0,0,0,0,0,28,28,5163432,0,0,0,0,0,0,0,0,0
201108,51,810,3,5,Virginia Beach (Independent Ci,47,47,8024257,0,0,0,0,0,0,0,0,0,47,47,8024257,0,0,0,0,0,0,0,0,0
201108,51,830,3,5,Williamsburg (Independent City,1,1,100000,0,0,0,0,0,0,0,0,0,1,1,100000,0,0,0,0,0,0,0,0,0
201108,53,011,4,9,Clark County                  ,47,47,14741064,0,0,0,0,0,0,2,25,1008000,47,47,14741064,0,0,0,0,0,0,2,25,1008000
201108,53,033,4,9,King County                   ,284,284,73731881,5,10,1608642,2,6,853668,14,618,76361628,234,234,59326727,5,10,1608642,2,6,853668,11,592,73231504
201108,53,041,4,9,Lewis County                  ,13,13,1514921,0,0,0,0,0,0,0,0,0,13,13,1514921,0,0,0,0,0,0,0,0,0
201108,53,053,4,9,Pierce County                 ,127,127,30952919,1,2,369287,0,0,0,21,371,37040546,127,127,30952919,1,2,369287,0,0,0,21,371,37040546
201108,53,059,4,9,Skamania County               ,3,3,532712,0,0,0,0,0,0,0,0,0,3,3,532712,0,0,0,0,0,0,0,0,0
201108,53,061,4,9,Snohomish County              ,174,174,46135083,1,2,424772,1,4,461400,0,0,0,167,167,44709607,1,2,424772,1,4,461400,0,0,0
201108,54,037,3,5,Jefferson County              ,6,6,1681999,0,0,0,0,0,0,0,0,0,4,4,1172799,0,0,0,0,0,0,0,0,0
201108,55,021,2,3,Columbia County               ,2,2,770000,0,0,0,0,0,0,0,0,0,1,1,170000,0,0,0,0,0,0,0,0,0
201108,55,025,2,3,Dane County                   ,66,66,15478986,1,2,275000,0,0,0,2,109,9639572,39,39,10157988,1,2,275000,0,0,0,1,64,5000000
201108,55,031,2,3,Douglas County                ,10,10,1379539,0,0,0,0,0,0,0,0,0,10,10,1379539,0,0,0,0,0,0,0,0,0
201108,55,037,2,3,Florence County               ,2,2,307628,0,0,0,0,0,0,0,0,0,0,0,0,0,0,0,0,0,0,0,0,0
201108,55,049,2,3,Iowa County                   ,4,4,690000,0,0,0,0,0,0,0,0,0,4,4,690000,0,0,0,0,0,0,0,0,0
201108,55,059,2,3,Kenosha County                ,6,6,2369571,0,0,0,0,0,0,0,0,0,5,5,2020000,0,0,0,0,0,0,0,0,0
201108,55,079,2,3,Milwaukee County              ,10,10,2459906,0,0,0,0,0,0,1,50,6000000,9,9,2076514,0,0,0,0,0,0,1,50,6000000
201108,55,089,2,3,Ozaukee County                ,10,10,3862440,0,0,0,0,0,0,0,0,0,5,5,1476705,0,0,0,0,0,0,0,0,0
201108,55,093,2,3,Pierce County                 ,5,5,1089000,0,0,0,0,0,0,0,0,0,5,5,1089000,0,0,0,0,0,0,0,0,0
201108,55,109,2,3,St. Croix County              ,10,10,1814958,0,0,0,0,0,0,0,0,0,8,8,1447360,0,0,0,0,0,0,0,0,0
201108,55,113,2,3,Sawyer County                 ,5,5,666000,0,0,0,0,0,0,0,0,0,5,5,666000,0,0,0,0,0,0,0,0,0
201108,55,131,2,3,Washington County             ,14,14,3544416,1,2,325000,0,0,0,0,0,0,9,9,2103900,0,0,0,0,0,0,0,0,0
201108,55,133,2,3,Waukesha County               ,43,43,13610493,0,0,0,0,0,0,0,0,0,37,37,11326226,0,0,0,0,0,0,0,0,0
201108,56,019,4,8,Johnson County                ,0,0,0,0,0,0,0,0,0,0,0,0,0,0,0,0,0,0,0,0,0,0,0,0
201108,56,039,4,8,Teton County                  ,3,3,1403122,0,0,0,0,0,0,1,7,599642,2,2,1200000,0,0,0,0,0,0,0,0,0
