Survey,FIPS,FIPS,Region,Division,County,,1-unit,,,2-units,,,3-4 units,,,5+ units,,,1-unit rep,,,2-units rep,,,3-4 units rep,,, 5+units rep
Date,State,County,Code,Code,Name,Bldgs,Units,Value,Bldgs,Units,Value,Bldgs,Units,Value,Bldgs,Units,Value,Bldgs,Units,Value,Bldgs,Units,Value,Bldgs,Units,Value,Bldgs,Units,Value
 
201206,01,001,3,6,Autauga County                ,14,14,4589162,0,0,0,0,0,0,0,0,0,14,14,4589162,0,0,0,0,0,0,0,0,0
201206,01,007,3,6,Bibb County                   ,2,2,343569,0,0,0,0,0,0,0,0,0,0,0,0,0,0,0,0,0,0,0,0,0
201206,01,009,3,6,Blount County                 ,0,0,0,0,0,0,0,0,0,0,0,0,0,0,0,0,0,0,0,0,0,0,0,0
201206,01,021,3,6,Chilton County                ,0,0,0,0,0,0,0,0,0,0,0,0,0,0,0,0,0,0,0,0,0,0,0,0
201206,01,037,3,6,Coosa County                  ,0,0,0,0,0,0,0,0,0,0,0,0,0,0,0,0,0,0,0,0,0,0,0,0
201206,01,073,3,6,Jefferson County              ,99,99,20987534,0,0,0,0,0,0,12,270,19566058,90,90,19329121,0,0,0,0,0,0,11,264,19266058
201206,01,081,3,6,Lee County                    ,48,48,12504704,0,0,0,0,0,0,0,0,0,48,48,12504704,0,0,0,0,0,0,0,0,0
201206,01,115,3,6,St. Clair County              ,13,13,1593967,0,0,0,0,0,0,0,0,0,3,3,327599,0,0,0,0,0,0,0,0,0
201206,01,117,3,6,Shelby County                 ,52,52,10653339,0,0,0,0,0,0,0,0,0,25,25,5147620,0,0,0,0,0,0,0,0,0
201206,01,127,3,6,Walker County                 ,0,0,0,0,0,0,0,0,0,0,0,0,0,0,0,0,0,0,0,0,0,0,0,0
201206,02,000,4,9,Alaska Balance of State       ,5,5,1219327,0,0,0,0,0,0,0,0,0,0,0,0,0,0,0,0,0,0,0,0,0
201206,02,013,4,9,Aleutians East Borough        ,0,0,0,0,0,0,0,0,0,0,0,0,0,0,0,0,0,0,0,0,0,0,0,0
201206,02,016,4,9,Aleutians West Census Area    ,0,0,0,0,0,0,0,0,0,0,0,0,0,0,0,0,0,0,0,0,0,0,0,0
201206,02,020,4,9,Anchorage Borough             ,104,104,23621874,0,0,0,0,0,0,0,0,0,104,104,23621874,0,0,0,0,0,0,0,0,0
201206,02,050,4,9,Bethel Census Area            ,0,0,0,0,0,0,0,0,0,0,0,0,0,0,0,0,0,0,0,0,0,0,0,0
201206,02,060,4,9,Bristol Bay Borough           ,0,0,0,0,0,0,0,0,0,0,0,0,0,0,0,0,0,0,0,0,0,0,0,0
201206,02,090,4,9,Fairbanks North Star Borough  ,5,5,918847,0,0,0,0,0,0,0,0,0,0,0,0,0,0,0,0,0,0,0,0,0
201206,02,100,4,9,Haines Borough                ,1,1,227053,0,0,0,0,0,0,0,0,0,0,0,0,0,0,0,0,0,0,0,0,0
201206,02,110,4,9,Juneau Borough                ,2,2,513790,0,0,0,0,0,0,0,0,0,2,2,513790,0,0,0,0,0,0,0,0,0
201206,02,122,4,9,Kenai Peninsula Borough       ,8,8,2286956,0,0,0,0,0,0,0,0,0,7,7,2009000,0,0,0,0,0,0,0,0,0
201206,02,130,4,9,Ketchikan Gateway Borough     ,1,1,225148,0,0,0,0,0,0,0,0,0,1,1,225148,0,0,0,0,0,0,0,0,0
201206,02,150,4,9,Kodiak Island Borough         ,2,2,678794,1,2,93429,0,0,0,0,0,0,2,2,678794,1,2,93429,0,0,0,0,0,0
201206,02,170,4,9,Matanuska-Susitna Borough     ,7,7,1542549,0,0,0,0,0,0,0,0,0,1,1,218400,0,0,0,0,0,0,0,0,0
201206,02,180,4,9,Nome Census Area              ,1,1,293208,0,0,0,0,0,0,0,0,0,1,1,293208,0,0,0,0,0,0,0,0,0
201206,02,185,4,9,North Slope Borough           ,21,21,4728108,0,0,0,0,0,0,0,0,0,21,21,4728108,0,0,0,0,0,0,0,0,0
201206,02,188,4,9,Northwest Arctic Borough      ,0,0,0,0,0,0,0,0,0,0,0,0,0,0,0,0,0,0,0,0,0,0,0,0
201206,02,201,4,9,Prince of Wales-Outer Ketchika,0,0,0,0,0,0,0,0,0,0,0,0,0,0,0,0,0,0,0,0,0,0,0,0
201206,02,220,4,9,Sitka Borough                 ,1,1,196910,0,0,0,0,0,0,0,0,0,0,0,0,0,0,0,0,0,0,0,0,0
201206,02,232,4,9,Skagway-Hoonah-Angoon Census A,1,1,96000,0,0,0,0,0,0,0,0,0,1,1,96000,0,0,0,0,0,0,0,0,0
201206,02,261,4,9,Valdez-Cordova Census Area    ,0,0,0,0,0,0,0,0,0,0,0,0,0,0,0,0,0,0,0,0,0,0,0,0
201206,02,280,4,9,Wrangell-Petersburg Census Are,2,2,323332,0,0,0,0,0,0,0,0,0,0,0,0,0,0,0,0,0,0,0,0,0
201206,02,282,4,9,Yakutat Borough               ,0,0,0,0,0,0,0,0,0,0,0,0,0,0,0,0,0,0,0,0,0,0,0,0
201206,02,290,4,9,Yukon-Koyukuk Census Area     ,0,0,0,0,0,0,0,0,0,0,0,0,0,0,0,0,0,0,0,0,0,0,0,0
201206,04,013,4,8,Maricopa County               ,948,948,246548186,0,0,0,0,0,0,2,10,1909128,882,882,237135778,0,0,0,0,0,0,2,10,1909128
201206,04,019,4,8,Pima County                   ,228,228,50834476,2,4,177525,1,3,298616,5,117,13741684,114,114,24146881,0,0,0,0,0,0,0,0,0
201206,04,021,4,8,Pinal County                  ,232,232,30250508,1,2,298000,0,0,0,0,0,0,216,216,28251561,1,2,298000,0,0,0,0,0,0
201206,05,023,3,7,Cleburne County               ,1,1,100000,0,0,0,0,0,0,0,0,0,1,1,100000,0,0,0,0,0,0,0,0,0
201206,05,025,3,7,Cleveland County              ,0,0,0,0,0,0,0,0,0,0,0,0,0,0,0,0,0,0,0,0,0,0,0,0
201206,05,027,3,7,Columbia County               ,1,1,400000,0,0,0,0,0,0,0,0,0,1,1,400000,0,0,0,0,0,0,0,0,0
201206,05,035,3,7,Crittenden County             ,18,18,2865427,0,0,0,0,0,0,0,0,0,17,17,2687000,0,0,0,0,0,0,0,0,0
201206,05,059,3,7,Hot Spring County             ,0,0,0,0,0,0,0,0,0,0,0,0,0,0,0,0,0,0,0,0,0,0,0,0
201206,05,061,3,7,Howard County                 ,0,0,0,0,0,0,0,0,0,0,0,0,0,0,0,0,0,0,0,0,0,0,0,0
201206,05,099,3,7,Nevada County                 ,0,0,0,0,0,0,0,0,0,0,0,0,0,0,0,0,0,0,0,0,0,0,0,0
201206,06,001,4,9,Alameda County                ,165,165,47070482,22,44,8364181,0,0,0,0,0,0,126,126,37602746,22,44,8364181,0,0,0,0,0,0
201206,06,003,4,9,Alpine County                 ,0,0,0,0,0,0,0,0,0,0,0,0,0,0,0,0,0,0,0,0,0,0,0,0
201206,06,009,4,9,Calaveras County              ,3,3,902904,0,0,0,0,0,0,0,0,0,0,0,0,0,0,0,0,0,0,0,0,0
201206,06,013,4,9,Contra Costa County           ,136,136,34964364,0,0,0,0,0,0,5,64,4113872,132,132,34104199,0,0,0,0,0,0,4,54,3207862
201206,06,017,4,9,El Dorado County              ,21,21,9477321,0,0,0,0,0,0,0,0,0,21,21,9477321,0,0,0,0,0,0,0,0,0
201206,06,037,4,9,Los Angeles County            ,284,284,113962127,12,24,4257979,2,7,1624674,36,771,120183581,246,246,95820657,12,24,4257979,2,7,1624674,30,733,116504702
201206,06,041,4,9,Marin County                  ,13,13,5956279,0,0,0,0,0,0,2,10,985506,3,3,1692000,0,0,0,0,0,0,0,0,0
201206,06,045,4,9,Mendocino County              ,6,6,939242,0,0,0,0,0,0,0,0,0,6,6,939242,0,0,0,0,0,0,0,0,0
201206,06,049,4,9,Modoc County                  ,1,1,175000,0,0,0,0,0,0,0,0,0,1,1,175000,0,0,0,0,0,0,0,0,0
201206,06,051,4,9,Mono County                   ,1,1,206222,0,0,0,0,0,0,0,0,0,0,0,0,0,0,0,0,0,0,0,0,0
201206,06,059,4,9,Orange County                 ,202,202,58429844,1,2,687463,6,21,3608402,22,200,30997627,167,167,43120606,0,0,0,3,12,1762010,20,186,26885365
201206,06,061,4,9,Placer County                 ,152,152,44089325,0,0,0,0,0,0,0,0,0,150,150,43567389,0,0,0,0,0,0,0,0,0
201206,06,063,4,9,Plumas County                 ,1,1,120868,0,0,0,0,0,0,0,0,0,1,1,120868,0,0,0,0,0,0,0,0,0
201206,06,065,4,9,Riverside County              ,408,408,103988208,0,0,0,0,0,0,2,100,6088870,388,388,99538384,0,0,0,0,0,0,1,84,4923932
201206,06,067,4,9,Sacramento County             ,96,96,25621605,0,0,5412,0,0,0,1,20,2509000,94,94,25128852,0,0,5412,0,0,0,1,20,2509000
201206,06,069,4,9,San Benito County             ,4,4,1050090,0,0,0,0,0,0,0,0,0,0,0,0,0,0,0,0,0,0,0,0,0
201206,06,071,4,9,San Bernardino County         ,108,108,26906971,0,0,0,0,0,0,0,0,0,103,103,26239644,0,0,0,0,0,0,0,0,0
201206,06,073,4,9,San Diego County              ,203,203,73395931,4,8,1708176,15,53,9665615,20,408,43086243,190,190,69281212,4,8,1708176,15,53,9665615,19,397,42099266
201206,06,075,4,9,San Francisco County          ,1,1,245439,0,0,0,1,4,1300000,1,273,84965000,1,1,245439,0,0,0,1,4,1300000,1,273,84965000
201206,06,077,4,9,San Joaquin County            ,129,129,28777958,0,0,0,0,0,0,0,0,0,126,126,28115093,0,0,0,0,0,0,0,0,0
201206,06,081,4,9,San Mateo County              ,27,27,21618682,0,0,0,2,7,1104055,2,11,1552006,9,9,15025964,0,0,0,2,7,1104055,1,6,745040
201206,06,085,4,9,Santa Clara County            ,168,168,55140607,0,0,0,1,3,525038,12,1047,106938200,121,121,41558126,0,0,0,0,0,0,9,918,88715379
201206,06,091,4,9,Sierra County                 ,0,0,0,0,0,0,0,0,0,0,0,0,0,0,0,0,0,0,0,0,0,0,0,0
201206,06,113,4,9,Yolo County                   ,20,20,4985072,0,0,0,0,0,0,0,0,0,20,20,4985072,0,0,0,0,0,0,0,0,0
201206,08,001,4,8,Adams County                  ,78,78,14679337,0,0,0,0,0,0,0,0,0,70,70,13122457,0,0,0,0,0,0,0,0,0
201206,08,005,4,8,Arapahoe County               ,100,100,23498675,0,0,0,0,0,0,0,0,0,99,99,23323790,0,0,0,0,0,0,0,0,0
201206,08,014,4,8,Broomfield County             ,32,32,9164372,0,0,0,0,0,0,0,0,0,0,0,0,0,0,0,0,0,0,0,0,0
201206,08,015,4,8,Chaffee County                ,7,7,2284823,0,0,0,0,0,0,0,0,0,7,7,2284823,0,0,0,0,0,0,0,0,0
201206,08,019,4,8,Clear Creek County            ,0,0,0,0,0,0,0,0,0,0,0,0,0,0,0,0,0,0,0,0,0,0,0,0
201206,08,023,4,8,Costilla County               ,3,3,681099,0,0,0,0,0,0,0,0,0,0,0,0,0,0,0,0,0,0,0,0,0
201206,08,031,4,8,Denver County                 ,141,141,34606928,0,0,0,0,0,0,5,619,25978081,141,141,34606928,0,0,0,0,0,0,5,619,25978081
201206,08,033,4,8,Dolores County                ,0,0,0,0,0,0,0,0,0,0,0,0,0,0,0,0,0,0,0,0,0,0,0,0
201206,08,035,4,8,Douglas County                ,127,127,37542180,0,0,0,0,0,0,1,7,1338620,127,127,37542180,0,0,0,0,0,0,1,7,1338620
201206,08,039,4,8,Elbert County                 ,6,6,1578111,0,0,0,0,0,0,0,0,0,6,6,1578111,0,0,0,0,0,0,0,0,0
201206,08,041,4,8,El Paso County                ,232,232,82282935,0,0,0,0,0,0,13,260,33122367,232,232,82282935,0,0,0,0,0,0,13,260,33122367
201206,08,047,4,8,Gilpin County                 ,1,1,411272,0,0,0,0,0,0,0,0,0,0,0,0,0,0,0,0,0,0,0,0,0
201206,08,049,4,8,Grand County                  ,12,12,3150221,0,0,0,0,0,0,1,5,552045,3,3,1022390,0,0,0,0,0,0,0,0,0
201206,08,059,4,8,Jefferson County              ,90,90,23872021,3,6,988409,1,3,342977,0,0,0,90,90,23872021,3,6,988409,1,3,342977,0,0,0
201206,08,069,4,8,Larimer County                ,105,105,26742449,1,2,52237,1,4,667164,0,0,0,105,105,26742449,1,2,52237,1,4,667164,0,0,0
201206,08,077,4,8,Mesa County                   ,40,40,9817568,0,0,0,0,0,0,1,7,217627,40,40,9817568,0,0,0,0,0,0,1,7,217627
201206,08,093,4,8,Park County                   ,11,11,1291371,0,0,0,0,0,0,0,0,0,11,11,1291371,0,0,0,0,0,0,0,0,0
201206,08,101,4,8,Pueblo County                 ,43,43,5785683,0,0,0,0,0,0,0,0,0,43,43,5785683,0,0,0,0,0,0,0,0,0
201206,08,107,4,8,Routt County                  ,4,4,3171986,0,0,0,0,0,0,0,0,0,3,3,2988730,0,0,0,0,0,0,0,0,0
201206,08,119,4,8,Teller County                 ,4,4,1180332,0,0,0,0,0,0,0,0,0,4,4,1180332,0,0,0,0,0,0,0,0,0
201206,08,123,4,8,Weld County                   ,93,93,21072791,0,0,0,0,0,0,1,10,289374,61,61,12978830,0,0,0,0,0,0,0,0,0
201206,10,001,3,5,Kent County                   ,66,66,8683406,0,0,0,1,4,385000,11,100,7240616,11,11,1055141,0,0,0,1,4,385000,10,92,6485892
201206,10,003,3,5,New Castle County             ,64,64,5443000,0,0,0,0,0,0,2,13,777580,0,0,0,0,0,0,0,0,0,0,0,0
201206,10,005,3,5,Sussex County                 ,151,151,21040670,8,16,904530,1,4,495510,1,6,888000,151,151,21040670,8,16,904530,1,4,495510,1,6,888000
201206,11,001,3,5,Washington  DC                ,23,23,5045045,2,4,750000,0,0,0,2,322,23337916,23,23,5045045,2,4,750000,0,0,0,2,322,23337916
201206,12,003,3,5,Baker County                  ,2,2,232161,0,0,0,0,0,0,0,0,0,2,2,232161,0,0,0,0,0,0,0,0,0
201206,12,009,3,5,Brevard County                ,99,99,29083119,0,0,0,0,0,0,0,0,0,83,83,24711219,0,0,0,0,0,0,0,0,0
201206,12,011,3,5,Broward County                ,66,66,17360091,0,0,0,0,0,0,1,7,301684,54,54,15656162,0,0,0,0,0,0,1,7,301684
201206,12,013,3,5,Calhoun County                ,1,1,156600,0,0,0,0,0,0,0,0,0,0,0,0,0,0,0,0,0,0,0,0,0
201206,12,015,3,5,Charlotte County              ,34,34,6845162,0,0,0,0,0,0,0,0,0,34,34,6845162,0,0,0,0,0,0,0,0,0
201206,12,019,3,5,Clay County                   ,44,44,10259889,1,2,170000,0,0,0,0,0,0,44,44,10259889,1,2,170000,0,0,0,0,0,0
201206,12,021,3,5,Collier County                ,155,155,46903498,0,0,0,8,31,4405041,3,30,3604900,155,155,46903498,0,0,0,8,31,4405041,3,30,3604900
201206,12,023,3,5,Columbia County               ,3,3,477150,0,0,0,0,0,0,0,0,0,3,3,477150,0,0,0,0,0,0,0,0,0
201206,12,031,3,5,Duval County                  ,123,123,25903586,0,0,0,0,0,0,0,0,0,123,123,25903586,0,0,0,0,0,0,0,0,0
201206,12,033,3,5,Escambia County               ,75,75,14877788,0,0,0,0,0,0,0,0,0,75,75,14877788,0,0,0,0,0,0,0,0,0
201206,12,035,3,5,Flagler County                ,15,15,5406479,0,0,0,0,0,0,0,0,0,15,15,5406479,0,0,0,0,0,0,0,0,0
201206,12,037,3,5,Franklin County               ,1,1,275931,0,0,0,0,0,0,0,0,0,0,0,0,0,0,0,0,0,0,0,0,0
201206,12,041,3,5,Gilchrist County              ,4,4,275184,0,0,0,0,0,0,0,0,0,4,4,275184,0,0,0,0,0,0,0,0,0
201206,12,043,3,5,Glades County                 ,0,0,0,0,0,0,0,0,0,0,0,0,0,0,0,0,0,0,0,0,0,0,0,0
201206,12,047,3,5,Hamilton County               ,1,1,86712,0,0,0,0,0,0,0,0,0,0,0,0,0,0,0,0,0,0,0,0,0
201206,12,049,3,5,Hardee County                 ,2,2,343582,0,0,0,0,0,0,0,0,0,0,0,0,0,0,0,0,0,0,0,0,0
201206,12,053,3,5,Hernando County               ,15,15,2282030,0,0,0,0,0,0,1,34,1484037,0,0,0,0,0,0,0,0,0,0,0,0
201206,12,055,3,5,Highlands County              ,2,2,373340,0,0,0,0,0,0,0,0,0,2,2,373340,0,0,0,0,0,0,0,0,0
201206,12,057,3,5,Hillsborough County           ,366,366,109355396,0,0,0,1,3,55450,29,644,64707528,366,366,109355396,0,0,0,1,3,55450,29,644,64707528
201206,12,061,3,5,Indian River County           ,42,42,14398999,0,0,0,0,0,0,0,0,0,36,36,13264576,0,0,0,0,0,0,0,0,0
201206,12,063,3,5,Jackson County                ,4,4,508263,0,0,0,0,0,0,0,0,0,0,0,0,0,0,0,0,0,0,0,0,0
201206,12,065,3,5,Jefferson County              ,1,1,187866,0,0,0,0,0,0,0,0,0,1,1,187866,0,0,0,0,0,0,0,0,0
201206,12,067,3,5,Lafayette County              ,1,1,76120,0,0,0,0,0,0,0,0,0,1,1,76120,0,0,0,0,0,0,0,0,0
201206,12,069,3,5,Lake County                   ,71,71,19386672,0,0,0,0,0,0,0,0,0,40,40,10186520,0,0,0,0,0,0,0,0,0
201206,12,071,3,5,Lee County                    ,206,206,46942413,8,16,1207265,4,16,2723760,4,32,4781037,206,206,46942413,8,16,1207265,4,16,2723760,4,32,4781037
201206,12,073,3,5,Leon County                   ,40,40,6863177,4,8,572996,0,0,0,4,101,7974566,10,10,2433400,0,0,0,0,0,0,3,72,5955000
201206,12,077,3,5,Liberty County                ,0,0,0,0,0,0,0,0,0,0,0,0,0,0,0,0,0,0,0,0,0,0,0,0
201206,12,081,3,5,Manatee County                ,142,142,25517280,0,0,0,1,3,475000,0,0,0,140,140,24988819,0,0,0,1,3,475000,0,0,0
201206,12,083,3,5,Marion County                 ,26,26,4610765,0,0,0,0,0,0,0,0,0,26,26,4610765,0,0,0,0,0,0,0,0,0
201206,12,085,3,5,Martin County                 ,29,29,13543376,0,0,0,0,0,0,0,0,0,29,29,13543376,0,0,0,0,0,0,0,0,0
201206,12,086,3,5,Miami-Dade County             ,175,175,35303401,0,0,0,0,0,0,0,0,0,169,169,34211752,0,0,0,0,0,0,0,0,0
201206,12,089,3,5,Nassau County                 ,23,23,5322704,0,0,0,0,0,0,0,0,0,21,21,5097261,0,0,0,0,0,0,0,0,0
201206,12,095,3,5,Orange County                 ,273,273,57643965,2,4,1086709,1,3,423883,23,475,44398877,256,256,54171037,2,4,1086709,0,0,0,22,470,43862079
201206,12,097,3,5,Osceola County                ,132,132,26963448,0,0,0,0,0,0,0,0,0,110,110,22186101,0,0,0,0,0,0,0,0,0
201206,12,099,3,5,Palm Beach County             ,148,148,52818844,2,4,458371,1,3,534138,3,17,1256314,146,146,51509569,1,2,250000,0,0,0,2,11,502448
201206,12,101,3,5,Pasco County                  ,130,130,26336379,5,10,1031837,0,0,0,0,0,0,129,129,26243807,5,10,1031837,0,0,0,0,0,0
201206,12,103,3,5,Pinellas County               ,40,40,10920766,0,0,0,0,0,0,0,0,0,40,40,10920766,0,0,0,0,0,0,0,0,0
201206,12,105,3,5,Polk County                   ,93,93,16954787,0,0,0,0,0,0,1,7,846660,89,89,16124361,0,0,0,0,0,0,0,0,0
201206,12,107,3,5,Putnam County                 ,2,2,353405,0,0,0,0,0,0,0,0,0,1,1,160900,0,0,0,0,0,0,0,0,0
201206,12,109,3,5,St. Johns County              ,192,192,47516729,0,0,0,0,0,0,0,0,0,192,192,47516729,0,0,0,0,0,0,0,0,0
201206,12,111,3,5,St. Lucie County              ,28,28,4482844,0,0,0,0,0,0,1,5,310782,27,27,4236836,0,0,0,0,0,0,0,0,0
201206,12,113,3,5,Santa Rosa County             ,84,84,16615964,0,0,0,0,0,0,0,0,0,84,84,16615964,0,0,0,0,0,0,0,0,0
201206,12,115,3,5,Sarasota County               ,150,150,41300294,0,0,0,0,0,0,0,0,0,150,150,41300294,0,0,0,0,0,0,0,0,0
201206,12,117,3,5,Seminole County               ,122,122,27481835,0,0,0,0,0,0,0,0,0,122,122,27481835,0,0,0,0,0,0,0,0,0
201206,12,119,3,5,Sumter County                 ,253,253,63773192,0,0,0,0,0,0,0,0,0,0,0,0,0,0,0,0,0,0,0,0,0
201206,12,123,3,5,Taylor County                 ,1,1,5000,0,0,0,0,0,0,0,0,0,1,1,5000,0,0,0,0,0,0,0,0,0
201206,12,125,3,5,Union County                  ,3,3,242840,0,0,0,0,0,0,0,0,0,3,3,242840,0,0,0,0,0,0,0,0,0
201206,12,127,3,5,Volusia County                ,56,56,16987926,0,0,0,0,0,0,2,12,1175702,40,40,13055223,0,0,0,0,0,0,0,0,0
201206,12,129,3,5,Wakulla County                ,8,8,1107412,0,0,0,0,0,0,0,0,0,8,8,1107412,0,0,0,0,0,0,0,0,0
201206,12,131,3,5,Walton County                 ,75,75,25124507,0,0,0,0,0,0,0,0,0,75,75,25124507,0,0,0,0,0,0,0,0,0
201206,12,133,3,5,Washington County             ,2,2,248218,0,0,0,0,0,0,0,0,0,0,0,0,0,0,0,0,0,0,0,0,0
201206,13,005,3,5,Bacon County                  ,0,0,0,0,0,0,0,0,0,0,0,0,0,0,0,0,0,0,0,0,0,0,0,0
201206,13,013,3,5,Barrow County                 ,6,6,490303,0,0,0,0,0,0,0,0,0,5,5,382492,0,0,0,0,0,0,0,0,0
201206,13,015,3,5,Bartow County                 ,5,5,989045,0,0,0,0,0,0,0,0,0,5,5,989045,0,0,0,0,0,0,0,0,0
201206,13,029,3,5,Bryan County                  ,24,24,4669320,0,0,0,0,0,0,4,21,1643428,12,12,2456420,0,0,0,0,0,0,0,0,0
201206,13,035,3,5,Butts County                  ,1,1,92715,0,0,0,0,0,0,0,0,0,0,0,0,0,0,0,0,0,0,0,0,0
201206,13,045,3,5,Carroll County                ,5,5,771187,0,0,0,0,0,0,0,0,0,5,5,771187,0,0,0,0,0,0,0,0,0
201206,13,057,3,5,Cherokee County               ,75,75,18363304,0,0,0,0,0,0,0,0,0,75,75,18363304,0,0,0,0,0,0,0,0,0
201206,13,059,3,5,Clarke County                 ,5,5,809502,0,0,0,0,0,0,0,0,0,5,5,809502,0,0,0,0,0,0,0,0,0
201206,13,063,3,5,Clayton County                ,2,2,395618,0,0,0,0,0,0,0,0,0,2,2,395618,0,0,0,0,0,0,0,0,0
201206,13,067,3,5,Cobb County                   ,105,105,27061114,1,2,298508,0,0,0,0,0,0,105,105,27061114,1,2,298508,0,0,0,0,0,0
201206,13,077,3,5,Coweta County                 ,32,32,9090288,0,0,0,0,0,0,0,0,0,17,17,5891301,0,0,0,0,0,0,0,0,0
201206,13,085,3,5,Dawson County                 ,5,5,1325000,0,0,0,0,0,0,0,0,0,5,5,1325000,0,0,0,0,0,0,0,0,0
201206,13,089,3,5,DeKalb County                 ,18,18,4990855,0,0,0,0,0,0,1,215,15582770,18,18,4990855,0,0,0,0,0,0,1,215,15582770
201206,13,095,3,5,Dougherty County              ,4,4,447667,1,2,150110,0,0,0,0,0,0,0,0,0,0,0,0,0,0,0,0,0,0
201206,13,097,3,5,Douglas County                ,17,17,2890663,0,0,0,0,0,0,0,0,0,17,17,2890663,0,0,0,0,0,0,0,0,0
201206,13,111,3,5,Fannin County                 ,6,6,1089451,0,0,0,0,0,0,0,0,0,6,6,1089451,0,0,0,0,0,0,0,0,0
201206,13,113,3,5,Fayette County                ,11,11,2129965,0,0,0,0,0,0,0,0,0,8,8,1363730,0,0,0,0,0,0,0,0,0
201206,13,117,3,5,Forsyth County                ,181,181,24244975,0,0,0,0,0,0,3,84,3889840,181,181,24244975,0,0,0,0,0,0,3,84,3889840
201206,13,121,3,5,Fulton County                 ,172,172,35709589,0,0,0,0,0,0,0,0,0,170,170,35465633,0,0,0,0,0,0,0,0,0
201206,13,127,3,5,Glynn County                  ,33,33,8486472,0,0,0,0,0,0,0,0,0,0,0,0,0,0,0,0,0,0,0,0,0
201206,13,133,3,5,Greene County                 ,7,7,4614400,0,0,0,0,0,0,0,0,0,7,7,4614400,0,0,0,0,0,0,0,0,0
201206,13,135,3,5,Gwinnett County               ,147,147,29779955,0,0,0,0,0,0,8,258,18699324,137,137,26941851,0,0,0,0,0,0,8,258,18699324
201206,13,143,3,5,Haralson County               ,2,2,368817,0,0,0,0,0,0,1,5,250000,0,0,0,0,0,0,0,0,0,0,0,0
201206,13,145,3,5,Harris County                 ,4,4,851565,0,0,0,0,0,0,0,0,0,4,4,851565,0,0,0,0,0,0,0,0,0
201206,13,149,3,5,Heard County                  ,1,1,134368,0,0,0,0,0,0,0,0,0,0,0,0,0,0,0,0,0,0,0,0,0
201206,13,151,3,5,Henry County                  ,17,17,4107033,0,0,0,0,0,0,0,0,0,15,15,3859510,0,0,0,0,0,0,0,0,0
201206,13,159,3,5,Jasper County                 ,4,4,535818,0,0,0,0,0,0,0,0,0,0,0,0,0,0,0,0,0,0,0,0,0
201206,13,169,3,5,Jones County                  ,1,1,130000,0,0,0,0,0,0,0,0,0,1,1,130000,0,0,0,0,0,0,0,0,0
201206,13,171,3,5,Lamar County                  ,0,0,0,0,0,0,0,0,0,0,0,0,0,0,0,0,0,0,0,0,0,0,0,0
201206,13,177,3,5,Lee County                    ,12,12,1371421,0,0,0,0,0,0,0,0,0,0,0,0,0,0,0,0,0,0,0,0,0
201206,13,189,3,5,McDuffie County               ,1,1,158167,0,0,0,0,0,0,0,0,0,0,0,0,0,0,0,0,0,0,0,0,0
201206,13,199,3,5,Meriwether County             ,2,2,367458,0,0,0,0,0,0,0,0,0,0,0,0,0,0,0,0,0,0,0,0,0
201206,13,211,3,5,Morgan County                 ,1,1,90000,0,0,0,0,0,0,0,0,0,1,1,90000,0,0,0,0,0,0,0,0,0
201206,13,213,3,5,Murray County                 ,3,3,544726,0,0,0,0,0,0,0,0,0,3,3,544726,0,0,0,0,0,0,0,0,0
201206,13,215,3,5,Muscogee County               ,24,24,2540560,0,0,0,1,3,136270,1,14,1061846,0,0,0,0,0,0,0,0,0,0,0,0
201206,13,217,3,5,Newton County                 ,4,4,432807,0,0,0,0,0,0,0,0,0,1,1,100000,0,0,0,0,0,0,0,0,0
201206,13,223,3,5,Paulding County               ,16,16,2112887,0,0,0,0,0,0,0,0,0,8,8,746970,0,0,0,0,0,0,0,0,0
201206,13,227,3,5,Pickens County                ,2,2,340000,0,0,0,0,0,0,0,0,0,2,2,340000,0,0,0,0,0,0,0,0,0
201206,13,231,3,5,Pike County                   ,1,1,100000,0,0,0,0,0,0,0,0,0,1,1,100000,0,0,0,0,0,0,0,0,0
201206,13,237,3,5,Putnam County                 ,5,5,1310000,0,0,0,0,0,0,0,0,0,5,5,1310000,0,0,0,0,0,0,0,0,0
201206,13,239,3,5,Quitman County                ,0,0,0,0,0,0,0,0,0,0,0,0,0,0,0,0,0,0,0,0,0,0,0,0
201206,13,247,3,5,Rockdale County               ,3,3,1059521,0,0,0,0,0,0,0,0,0,3,3,1059521,0,0,0,0,0,0,0,0,0
201206,13,255,3,5,Spalding County               ,15,15,1604202,0,0,0,0,0,0,0,0,0,15,15,1604202,0,0,0,0,0,0,0,0,0
201206,13,291,3,5,Union County                  ,8,8,1582473,0,0,0,0,0,0,0,0,0,8,8,1582473,0,0,0,0,0,0,0,0,0
201206,13,297,3,5,Walton County                 ,4,4,435700,0,0,0,0,0,0,0,0,0,4,4,435700,0,0,0,0,0,0,0,0,0
201206,13,313,3,5,Whitfield County              ,5,5,577755,0,0,0,0,0,0,0,0,0,0,0,0,0,0,0,0,0,0,0,0,0
201206,13,321,3,5,Worth County                  ,1,1,45000,0,0,0,0,0,0,0,0,0,1,1,45000,0,0,0,0,0,0,0,0,0
201206,15,001,4,9,Hawaii County                 ,55,55,13954034,0,0,0,0,0,0,1,12,3958763,0,0,0,0,0,0,0,0,0,0,0,0
201206,15,003,4,9,Honolulu County               ,148,148,46064647,0,0,0,5,20,2300000,12,81,9344856,148,148,46064647,0,0,0,5,20,2300000,12,81,9344856
201206,15,007,4,9,Kauai County                  ,11,11,5129242,0,0,0,0,0,0,0,0,0,0,0,0,0,0,0,0,0,0,0,0,0
201206,15,009,4,9,Maui County                   ,17,17,3827516,1,2,543500,14,49,12007600,17,101,14000000,17,17,3827516,1,2,543500,14,49,12007600,17,101,14000000
201206,16,001,4,8,Ada County                    ,225,225,54061264,0,0,0,0,0,0,0,0,91107,225,225,54061264,0,0,0,0,0,0,0,0,91107
201206,16,015,4,8,Boise County                  ,5,5,987435,0,0,0,0,0,0,0,0,0,5,5,987435,0,0,0,0,0,0,0,0,0
201206,16,027,4,8,Canyon County                 ,45,45,7173678,0,0,0,16,64,3996629,0,0,0,45,45,7173678,0,0,0,16,64,3996629,0,0,0
201206,16,045,4,8,Gem County                    ,0,0,0,0,0,0,0,0,0,0,0,0,0,0,0,0,0,0,0,0,0,0,0,0
201206,16,073,4,8,Owyhee County                 ,1,1,172417,0,0,0,0,0,0,0,0,0,0,0,0,0,0,0,0,0,0,0,0,0
201206,17,005,2,3,Bond County                   ,2,2,268544,0,0,0,0,0,0,0,0,0,1,1,109000,0,0,0,0,0,0,0,0,0
201206,17,013,2,3,Calhoun County                ,0,0,0,0,0,0,0,0,0,0,0,0,0,0,0,0,0,0,0,0,0,0,0,0
201206,17,027,2,3,Clinton County                ,7,7,1158169,1,2,220999,0,0,0,0,0,0,6,6,960000,1,2,220999,0,0,0,0,0,0
201206,17,031,2,3,Cook County                   ,89,89,24513780,3,6,1236784,12,38,6741720,9,155,35892000,76,76,20433078,3,6,1236784,12,38,6741720,9,155,35892000
201206,17,037,2,3,DeKalb County                 ,2,2,335000,0,0,0,0,0,0,0,0,0,2,2,335000,0,0,0,0,0,0,0,0,0
201206,17,039,2,3,De Witt County                ,2,2,450000,0,0,0,0,0,0,0,0,0,2,2,450000,0,0,0,0,0,0,0,0,0
201206,17,043,2,3,DuPage County                 ,87,87,24380742,0,0,0,0,0,0,0,0,0,79,79,21628035,0,0,0,0,0,0,0,0,0
201206,17,063,2,3,Grundy County                 ,4,4,748502,0,0,0,0,0,0,2,10,512820,3,3,587953,0,0,0,0,0,0,0,0,0
201206,17,083,2,3,Jersey County                 ,2,2,253451,0,0,0,0,0,0,1,7,404947,1,1,121323,0,0,0,0,0,0,0,0,0
201206,17,089,2,3,Kane County                   ,80,80,14443400,1,2,214800,1,3,329090,0,0,0,74,74,13468818,1,2,214800,0,0,0,0,0,0
201206,17,093,2,3,Kendall County                ,23,23,3873059,0,0,0,0,0,0,0,0,0,9,9,1756851,0,0,0,0,0,0,0,0,0
201206,17,097,2,3,Lake County                   ,37,37,10575045,1,2,236880,0,0,0,0,0,0,11,11,3141966,0,0,0,0,0,0,0,0,0
201206,17,111,2,3,McHenry County                ,16,16,2581541,0,0,0,0,0,0,0,0,0,7,7,1260187,0,0,0,0,0,0,0,0,0
201206,17,117,2,3,Macoupin County               ,4,4,784447,0,0,0,0,0,0,0,0,0,0,0,0,0,0,0,0,0,0,0,0,0
201206,17,119,2,3,Madison County                ,29,29,7038535,1,2,160000,0,0,0,0,0,0,19,19,4696182,1,2,160000,0,0,0,0,0,0
201206,17,133,2,3,Monroe County                 ,12,12,2678578,0,0,0,0,0,0,0,0,0,8,8,1879500,0,0,0,0,0,0,0,0,0
201206,17,163,2,3,St. Clair County              ,45,45,8700027,0,0,0,0,0,0,1,11,1258451,20,20,3295779,0,0,0,0,0,0,0,0,0
201206,17,197,2,3,Will County                   ,75,75,19805179,0,0,0,0,0,0,0,0,0,65,65,18211204,0,0,0,0,0,0,0,0,0
201206,18,001,2,3,Adams County                  ,4,4,647135,0,0,0,0,0,0,0,0,0,0,0,0,0,0,0,0,0,0,0,0,0
201206,18,003,2,3,Allen County                  ,18,18,3545603,0,0,0,0,0,0,13,233,15684467,18,18,3545603,0,0,0,0,0,0,13,233,15684467
201206,18,011,2,3,Boone County                  ,49,49,10972780,0,0,0,0,0,0,0,0,0,49,49,10972780,0,0,0,0,0,0,0,0,0
201206,18,013,2,3,Brown County                  ,5,5,1065600,0,0,0,0,0,0,0,0,0,5,5,1065600,0,0,0,0,0,0,0,0,0
201206,18,019,2,3,Clark County                  ,25,25,4865000,1,2,300000,0,0,0,0,0,0,25,25,4865000,1,2,300000,0,0,0,0,0,0
201206,18,029,2,3,Dearborn County               ,6,6,736500,0,0,0,0,0,0,0,0,0,6,6,736500,0,0,0,0,0,0,0,0,0
201206,18,043,2,3,Floyd County                  ,21,21,4745923,0,0,0,0,0,0,0,0,0,18,18,4309800,0,0,0,0,0,0,0,0,0
201206,18,047,2,3,Franklin County               ,2,2,330000,0,0,0,0,0,0,0,0,0,2,2,330000,0,0,0,0,0,0,0,0,0
201206,18,049,2,3,Fulton County                 ,2,2,120000,0,0,0,0,0,0,0,0,0,2,2,120000,0,0,0,0,0,0,0,0,0
201206,18,057,2,3,Hamilton County               ,135,135,29864443,1,2,316185,0,0,0,1,36,1578125,135,135,29864443,1,2,316185,0,0,0,1,36,1578125
201206,18,059,2,3,Hancock County                ,18,18,2892690,0,0,0,0,0,0,0,0,0,18,18,2892690,0,0,0,0,0,0,0,0,0
201206,18,061,2,3,Harrison County               ,9,9,1918079,0,0,0,0,0,0,0,0,0,9,9,1918079,0,0,0,0,0,0,0,0,0
201206,18,063,2,3,Hendricks County              ,66,66,13974839,0,0,0,0,0,0,0,0,0,64,64,13601739,0,0,0,0,0,0,0,0,0
201206,18,065,2,3,Henry County                  ,1,1,100000,0,0,0,0,0,0,0,0,0,1,1,100000,0,0,0,0,0,0,0,0,0
201206,18,069,2,3,Huntington County             ,3,3,776059,0,0,0,0,0,0,0,0,0,3,3,776059,0,0,0,0,0,0,0,0,0
201206,18,073,2,3,Jasper County                 ,6,6,922480,0,0,0,0,0,0,0,0,0,6,6,922480,0,0,0,0,0,0,0,0,0
201206,18,079,2,3,Jennings County               ,6,6,757800,0,0,0,0,0,0,0,0,0,6,6,757800,0,0,0,0,0,0,0,0,0
201206,18,081,2,3,Johnson County                ,56,56,8705472,0,0,0,0,0,0,0,0,0,54,54,8474334,0,0,0,0,0,0,0,0,0
201206,18,087,2,3,Lagrange County               ,13,13,1388000,0,0,0,0,0,0,0,0,0,13,13,1388000,0,0,0,0,0,0,0,0,0
201206,18,089,2,3,Lake County                   ,60,60,15104224,2,4,350000,0,0,0,5,82,3240000,55,55,14011629,2,4,350000,0,0,0,5,82,3240000
201206,18,097,2,3,Marion County                 ,65,65,13664314,0,0,0,0,0,0,1,12,1900000,65,65,13664314,0,0,0,0,0,0,1,12,1900000
201206,18,105,2,3,Monroe County                 ,18,18,3106825,1,2,186578,0,0,0,0,0,0,18,18,3106825,1,2,186578,0,0,0,0,0,0
201206,18,109,2,3,Morgan County                 ,13,13,1570450,0,0,0,0,0,0,0,0,0,13,13,1570450,0,0,0,0,0,0,0,0,0
201206,18,111,2,3,Newton County                 ,1,1,139374,0,0,0,0,0,0,0,0,0,0,0,0,0,0,0,0,0,0,0,0,0
201206,18,115,2,3,Ohio County                   ,1,1,153000,0,0,0,0,0,0,0,0,0,1,1,153000,0,0,0,0,0,0,0,0,0
201206,18,125,2,3,Pike County                   ,3,3,428000,0,0,0,0,0,0,0,0,0,3,3,428000,0,0,0,0,0,0,0,0,0
201206,18,127,2,3,Porter County                 ,30,30,8631140,0,0,0,1,4,294509,0,0,0,28,28,7803335,0,0,0,1,4,294509,0,0,0
201206,18,133,2,3,Putnam County                 ,0,0,0,0,0,0,0,0,0,0,0,0,0,0,0,0,0,0,0,0,0,0,0,0
201206,18,145,2,3,Shelby County                 ,4,4,739451,0,0,0,1,3,0,0,0,0,4,4,739451,0,0,0,0,0,0,0,0,0
201206,18,155,2,3,Switzerland County            ,5,5,291331,0,0,0,0,0,0,0,0,0,0,0,0,0,0,0,0,0,0,0,0,0
201206,18,157,2,3,Tippecanoe County             ,82,82,13995319,6,12,1234308,0,0,0,2,25,2022425,18,18,2629000,0,0,0,0,0,0,0,0,0
201206,18,163,2,3,Vanderburgh County            ,22,22,3140000,0,0,0,0,0,0,0,0,0,22,22,3140000,0,0,0,0,0,0,0,0,0
201206,18,167,2,3,Vigo County                   ,7,7,1059398,1,2,122533,0,0,0,2,22,1086017,3,3,639360,0,0,0,0,0,0,0,0,0
201206,18,175,2,3,Washington County             ,2,2,271223,0,0,0,0,0,0,0,0,0,0,0,0,0,0,0,0,0,0,0,0,0
201206,18,179,2,3,Wells County                  ,0,0,0,0,0,0,0,0,0,0,0,0,0,0,0,0,0,0,0,0,0,0,0,0
201206,18,181,2,3,White County                  ,1,1,180000,0,0,0,0,0,0,0,0,0,1,1,180000,0,0,0,0,0,0,0,0,0
201206,18,183,2,3,Whitley County                ,8,8,1840500,0,0,0,0,0,0,0,0,0,8,8,1840500,0,0,0,0,0,0,0,0,0
201206,19,049,2,4,Dallas County                 ,40,40,9809549,0,0,0,0,0,0,0,0,0,39,39,9665871,0,0,0,0,0,0,0,0,0
201206,19,077,2,4,Guthrie County                ,1,1,251260,0,0,0,0,0,0,0,0,0,0,0,0,0,0,0,0,0,0,0,0,0
201206,19,085,2,4,Harrison County               ,2,2,426240,0,0,0,0,0,0,0,0,0,2,2,426240,0,0,0,0,0,0,0,0,0
201206,19,121,2,4,Madison County                ,11,11,1899684,0,0,0,0,0,0,0,0,0,8,8,1294000,0,0,0,0,0,0,0,0,0
201206,19,129,2,4,Mills County                  ,0,0,0,0,0,0,0,0,0,0,0,0,0,0,0,0,0,0,0,0,0,0,0,0
201206,19,153,2,4,Polk County                   ,203,203,46767479,2,4,395496,1,3,141529,1,8,769360,160,160,35619675,2,4,395496,0,0,0,1,8,769360
201206,19,155,2,4,Pottawattamie County          ,14,14,2336559,0,0,0,0,0,0,0,0,0,13,13,2086559,0,0,0,0,0,0,0,0,0
201206,19,181,2,4,Warren County                 ,6,6,1353430,0,0,0,0,0,0,1,37,5250000,6,6,1353430,0,0,0,0,0,0,1,37,5250000
201206,20,055,2,4,Finney County                 ,0,0,0,0,0,0,0,0,0,0,0,0,0,0,0,0,0,0,0,0,0,0,0,0
201206,20,059,2,4,Franklin County               ,4,4,840000,0,0,0,0,0,0,0,0,0,4,4,840000,0,0,0,0,0,0,0,0,0
201206,20,063,2,4,Gove County                   ,0,0,0,0,0,0,0,0,0,0,0,0,0,0,0,0,0,0,0,0,0,0,0,0
201206,20,091,2,4,Johnson County                ,88,88,27123210,1,2,338578,0,0,0,0,0,0,39,39,13462825,0,0,0,0,0,0,0,0,0
201206,20,103,2,4,Leavenworth County            ,8,8,1287560,0,0,0,0,0,0,0,0,0,8,8,1287560,0,0,0,0,0,0,0,0,0
201206,20,107,2,4,Linn County                   ,2,2,295558,0,0,0,0,0,0,0,0,0,0,0,0,0,0,0,0,0,0,0,0,0
201206,20,121,2,4,Miami County                  ,4,4,996957,0,0,0,0,0,0,0,0,0,0,0,0,0,0,0,0,0,0,0,0,0
201206,20,129,2,4,Morton County                 ,0,0,0,0,0,0,0,0,0,0,0,0,0,0,0,0,0,0,0,0,0,0,0,0
201206,20,151,2,4,Pratt County                  ,0,0,0,0,0,0,0,0,0,0,0,0,0,0,0,0,0,0,0,0,0,0,0,0
201206,20,183,2,4,Smith County                  ,1,1,119314,0,0,0,0,0,0,0,0,0,0,0,0,0,0,0,0,0,0,0,0,0
201206,20,209,2,4,Wyandotte County              ,12,12,1669603,0,0,0,1,3,370000,17,304,11920000,12,12,1669603,0,0,0,1,3,370000,17,304,11920000
201206,21,005,3,6,Anderson County               ,6,6,902918,0,0,0,0,0,0,0,0,0,6,6,902918,0,0,0,0,0,0,0,0,0
201206,21,015,3,6,Boone County                  ,25,25,3252502,0,0,0,0,0,0,0,0,0,25,25,3252502,0,0,0,0,0,0,0,0,0
201206,21,021,3,6,Boyle County                  ,0,0,0,0,0,0,0,0,0,0,0,0,0,0,0,0,0,0,0,0,0,0,0,0
201206,21,029,3,6,Bullitt County                ,38,38,6103075,0,0,0,0,0,0,0,0,0,38,38,6103075,0,0,0,0,0,0,0,0,0
201206,21,037,3,6,Campbell County               ,13,13,1964757,0,0,0,0,0,0,1,6,549000,10,10,1680708,0,0,0,0,0,0,1,6,549000
201206,21,049,3,6,Clark County                  ,5,5,956557,0,0,0,0,0,0,0,0,0,0,0,0,0,0,0,0,0,0,0,0,0
201206,21,053,3,6,Clinton County                ,0,0,0,0,0,0,0,0,0,0,0,0,0,0,0,0,0,0,0,0,0,0,0,0
201206,21,059,3,6,Daviess County                ,23,23,2068120,0,0,0,0,0,0,1,7,94132,0,0,0,0,0,0,0,0,0,0,0,0
201206,21,067,3,6,Fayette County                ,56,56,7600940,1,2,202222,0,0,0,1,26,1446033,0,0,0,0,0,0,0,0,0,0,0,0
201206,21,077,3,6,Gallatin County               ,0,0,0,0,0,0,0,0,0,0,0,0,0,0,0,0,0,0,0,0,0,0,0,0
201206,21,081,3,6,Grant County                  ,7,7,865000,0,0,0,0,0,0,0,0,0,7,7,865000,0,0,0,0,0,0,0,0,0
201206,21,103,3,6,Henry County                  ,2,2,426850,0,0,0,0,0,0,0,0,0,0,0,0,0,0,0,0,0,0,0,0,0
201206,21,111,3,6,Jefferson County              ,81,81,18081638,0,0,0,2,7,284290,26,350,15145592,81,81,18081638,0,0,0,2,7,284290,26,350,15145592
201206,21,113,3,6,Jessamine County              ,15,15,4413000,0,0,0,0,0,0,0,0,0,15,15,4413000,0,0,0,0,0,0,0,0,0
201206,21,117,3,6,Kenton County                 ,28,28,5580753,0,0,0,0,0,0,0,0,0,27,27,5428662,0,0,0,0,0,0,0,0,0
201206,21,137,3,6,Lincoln County                ,4,4,726301,0,0,0,0,0,0,0,0,0,4,4,726301,0,0,0,0,0,0,0,0,0
201206,21,151,3,6,Madison County                ,8,8,1177528,0,0,0,0,0,0,0,0,0,2,2,654000,0,0,0,0,0,0,0,0,0
201206,21,157,3,6,Marshall County               ,1,1,121209,0,0,0,0,0,0,2,10,555556,0,0,0,0,0,0,0,0,0,0,0,0
201206,21,163,3,6,Meade County                  ,6,6,863275,0,0,0,0,0,0,0,0,0,4,4,585000,0,0,0,0,0,0,0,0,0
201206,21,167,3,6,Mercer County                 ,3,3,426412,1,2,137500,0,0,0,0,0,0,0,0,0,0,0,0,0,0,0,0,0,0
201206,21,179,3,6,Nelson County                 ,4,4,512000,0,0,0,0,0,0,0,0,0,4,4,512000,0,0,0,0,0,0,0,0,0
201206,21,185,3,6,Oldham County                 ,16,16,3248904,0,0,0,0,0,0,0,0,0,0,0,0,0,0,0,0,0,0,0,0,0
201206,21,191,3,6,Pendleton County              ,0,0,0,0,0,0,0,0,0,0,0,0,0,0,0,0,0,0,0,0,0,0,0,0
201206,21,205,3,6,Rowan County                  ,5,5,250000,0,0,0,0,0,0,0,0,0,5,5,250000,0,0,0,0,0,0,0,0,0
201206,21,209,3,6,Scott County                  ,21,21,2783000,0,0,0,0,0,0,0,0,0,21,21,2783000,0,0,0,0,0,0,0,0,0
201206,21,211,3,6,Shelby County                 ,16,16,2571156,0,0,0,0,0,0,0,0,0,16,16,2571156,0,0,0,0,0,0,0,0,0
201206,21,213,3,6,Simpson County                ,1,1,240000,0,0,0,0,0,0,0,0,0,1,1,240000,0,0,0,0,0,0,0,0,0
201206,21,215,3,6,Spencer County                ,1,1,197809,0,0,0,0,0,0,0,0,0,1,1,197809,0,0,0,0,0,0,0,0,0
201206,21,221,3,6,Trigg County                  ,0,0,0,0,0,0,0,0,0,0,0,0,0,0,0,0,0,0,0,0,0,0,0,0
201206,21,239,3,6,Woodford County               ,10,10,1912626,0,0,0,0,0,0,0,0,0,10,10,1912626,0,0,0,0,0,0,0,0,0
201206,22,009,3,7,Avoyelles Parish              ,3,3,348838,0,0,0,0,0,0,0,0,0,0,0,0,0,0,0,0,0,0,0,0,0
201206,22,017,3,7,Caddo Parish                  ,29,29,8788114,0,0,0,0,0,0,0,0,0,29,29,8788114,0,0,0,0,0,0,0,0,0
201206,22,039,3,7,Evangeline Parish             ,3,3,467200,0,0,0,0,0,0,0,0,0,3,3,467200,0,0,0,0,0,0,0,0,0
201206,22,051,3,7,Jefferson Parish              ,12,12,2574137,0,0,0,0,0,0,0,0,0,10,10,2247846,0,0,0,0,0,0,0,0,0
201206,22,071,3,7,Orleans Parish                ,55,55,10990894,8,16,1441500,0,0,0,0,0,0,55,55,10990894,8,16,1441500,0,0,0,0,0,0
201206,22,075,3,7,Plaquemines Parish            ,2,2,194070,0,0,0,0,0,0,0,0,0,2,2,194070,0,0,0,0,0,0,0,0,0
201206,22,077,3,7,Pointe Coupee Parish          ,4,4,832200,0,0,0,0,0,0,0,0,0,4,4,832200,0,0,0,0,0,0,0,0,0
201206,22,087,3,7,St. Bernard Parish            ,1,1,38000,0,0,0,0,0,0,0,0,0,1,1,38000,0,0,0,0,0,0,0,0,0
201206,22,089,3,7,St. Charles Parish            ,9,9,1517309,0,0,0,0,0,0,0,0,0,0,0,0,0,0,0,0,0,0,0,0,0
201206,22,091,3,7,St. Helena Parish             ,0,0,0,0,0,0,0,0,0,0,0,0,0,0,0,0,0,0,0,0,0,0,0,0
201206,22,095,3,7,St. John the Baptist Parish   ,3,3,369000,0,0,0,0,0,0,0,0,0,3,3,369000,0,0,0,0,0,0,0,0,0
201206,22,103,3,7,St. Tammany Parish            ,86,86,15466444,0,0,0,0,0,0,0,0,0,77,77,13987865,0,0,0,0,0,0,0,0,0
201206,22,105,3,7,Tangipahoa Parish             ,44,44,6347866,0,0,0,0,0,0,2,15,1099835,39,39,5766000,0,0,0,0,0,0,1,7,659835
201206,22,109,3,7,Terrebonne Parish             ,30,30,12374563,0,0,0,0,0,0,0,0,0,30,30,12374563,0,0,0,0,0,0,0,0,0
201206,22,117,3,7,Washington Parish             ,4,4,862250,0,0,0,0,0,0,0,0,0,4,4,862250,0,0,0,0,0,0,0,0,0
201206,23,000,1,1,Maine Unorganized Territory   ,6,6,796801,0,0,0,0,0,0,0,0,0,0,0,0,0,0,0,0,0,0,0,0,0
201206,24,003,3,5,Anne Arundel County           ,96,96,19090449,0,0,0,0,0,0,0,0,0,93,93,18396246,0,0,0,0,0,0,0,0,0
201206,24,005,3,5,Baltimore County              ,74,74,14637873,0,0,0,0,0,0,0,0,0,74,74,14637873,0,0,0,0,0,0,0,0,0
201206,24,009,3,5,Calvert County                ,13,13,2571518,0,0,0,0,0,0,0,0,0,13,13,2571518,0,0,0,0,0,0,0,0,0
201206,24,013,3,5,Carroll County                ,14,14,2769327,0,0,0,0,0,0,1,8,579824,14,14,2769327,0,0,0,0,0,0,1,8,579824
201206,24,015,3,5,Cecil County                  ,30,30,5438375,0,0,0,0,0,0,0,0,0,1,1,176455,0,0,0,0,0,0,0,0,0
201206,24,017,3,5,Charles County                ,55,55,11825691,0,0,0,0,0,0,0,0,0,55,55,11825691,0,0,0,0,0,0,0,0,0
201206,24,021,3,5,Frederick County              ,20,20,4341103,0,0,0,0,0,0,2,64,2764566,20,20,4341103,0,0,0,0,0,0,2,64,2764566
201206,24,023,3,5,Garrett County                ,10,10,1808000,0,0,0,0,0,0,0,0,0,10,10,1808000,0,0,0,0,0,0,0,0,0
201206,24,025,3,5,Harford County                ,117,117,21350882,0,0,0,0,0,0,0,0,0,117,117,21350882,0,0,0,0,0,0,0,0,0
201206,24,027,3,5,Howard County                 ,109,109,25523733,0,0,0,0,0,0,1,22,2142049,0,0,0,0,0,0,0,0,0,0,0,0
201206,24,031,3,5,Montgomery County             ,140,140,27798421,3,6,699925,0,0,0,24,182,14312094,134,134,26414564,0,0,0,0,0,0,23,142,10291876
201206,24,033,3,5,Prince George County          ,84,84,16885394,0,0,0,0,0,0,0,0,0,84,84,16885394,0,0,0,0,0,0,0,0,0
201206,24,035,3,5,Queen Anne County             ,17,17,2776568,0,0,0,0,0,0,0,0,0,17,17,2776568,0,0,0,0,0,0,0,0,0
201206,24,510,3,5,Baltimore (Independent City)  ,8,8,1048292,0,0,0,0,0,0,1,112,9294414,0,0,0,0,0,0,0,0,0,0,0,0
201206,25,009,1,1,Essex County                  ,46,46,15374151,0,0,0,1,4,935000,3,23,2030088,33,33,11670866,0,0,0,1,4,935000,0,0,0
201206,25,017,1,1,Middlesex County              ,112,112,32800247,1,2,138500,1,3,600000,4,60,6124308,82,82,25325849,0,0,0,1,3,600000,1,36,3933141
201206,25,019,1,1,Nantucket County              ,3,3,3600000,0,0,0,0,0,0,0,0,0,3,3,3600000,0,0,0,0,0,0,0,0,0
201206,25,021,1,1,Norfolk County                ,53,53,16654008,0,0,0,0,0,0,4,72,7161299,33,33,10942103,0,0,0,0,0,0,1,36,4488507
201206,25,023,1,1,Plymouth County               ,65,65,15708915,0,0,0,0,0,0,1,5,492405,51,51,13547878,0,0,0,0,0,0,0,0,0
201206,25,025,1,1,Suffolk County                ,3,3,709917,7,14,2350000,1,3,575515,2,26,1884820,3,3,709917,7,14,2350000,0,0,0,1,7,700000
201206,26,000,2,3,Michigan Balance of State     ,3,3,397133,0,0,0,0,0,0,0,0,0,3,3,397133,0,0,0,0,0,0,0,0,0
201206,26,001,2,3,Alcona County                 ,2,2,200939,0,0,0,0,0,0,0,0,0,0,0,0,0,0,0,0,0,0,0,0,0
201206,26,009,2,3,Antrim County                 ,5,5,954781,0,0,0,0,0,0,0,0,0,0,0,0,0,0,0,0,0,0,0,0,0
201206,26,015,2,3,Barry County                  ,8,8,1353798,0,0,0,0,0,0,0,0,0,0,0,0,0,0,0,0,0,0,0,0,0
201206,26,019,2,3,Benzie County                 ,6,6,1002965,0,0,0,0,0,0,0,0,0,6,6,1002965,0,0,0,0,0,0,0,0,0
201206,26,029,2,3,Charlevoix County             ,5,5,1081830,1,2,352917,0,0,0,1,5,342804,0,0,0,0,0,0,0,0,0,0,0,0
201206,26,031,2,3,Cheboygan County              ,3,3,750000,0,0,0,0,0,0,0,0,0,3,3,750000,0,0,0,0,0,0,0,0,0
201206,26,047,2,3,Emmet County                  ,6,6,2332146,0,0,0,0,0,0,0,0,0,6,6,2332146,0,0,0,0,0,0,0,0,0
201206,26,051,2,3,Gladwin County                ,1,1,213120,0,0,0,0,0,0,0,0,0,1,1,213120,0,0,0,0,0,0,0,0,0
201206,26,059,2,3,Hillsdale County              ,3,3,426840,0,0,0,0,0,0,0,0,0,3,3,426840,0,0,0,0,0,0,0,0,0
201206,26,067,2,3,Ionia County                  ,3,3,455980,0,0,0,0,0,0,0,0,0,0,0,0,0,0,0,0,0,0,0,0,0
201206,26,079,2,3,Kalkaska County               ,4,4,275000,0,0,0,0,0,0,0,0,0,4,4,275000,0,0,0,0,0,0,0,0,0
201206,26,081,2,3,Kent County                   ,93,93,18918789,0,0,0,0,0,0,0,0,0,55,55,10136246,0,0,0,0,0,0,0,0,0
201206,26,085,2,3,Lake County                   ,5,5,143726,0,0,0,0,0,0,0,0,0,0,0,0,0,0,0,0,0,0,0,0,0
201206,26,087,2,3,Lapeer County                 ,2,2,250000,0,0,0,0,0,0,0,0,0,2,2,250000,0,0,0,0,0,0,0,0,0
201206,26,089,2,3,Leelanau County               ,6,6,1644970,0,0,0,0,0,0,0,0,0,6,6,1644970,0,0,0,0,0,0,0,0,0
201206,26,093,2,3,Livingston County             ,29,29,8255794,0,0,0,0,0,0,0,0,0,28,28,8153722,0,0,0,0,0,0,0,0,0
201206,26,099,2,3,Macomb County                 ,99,99,23417047,0,0,0,0,0,0,1,5,719432,80,80,16499431,0,0,0,0,0,0,0,0,0
201206,26,103,2,3,Marquette County              ,11,11,1613000,0,0,0,0,0,0,0,0,0,11,11,1613000,0,0,0,0,0,0,0,0,0
201206,26,113,2,3,Missaukee County              ,2,2,320578,0,0,0,0,0,0,0,0,0,0,0,0,0,0,0,0,0,0,0,0,0
201206,26,123,2,3,Newaygo County                ,5,5,477334,0,0,0,0,0,0,0,0,0,3,3,360000,0,0,0,0,0,0,0,0,0
201206,26,125,2,3,Oakland County                ,155,155,34204985,0,0,0,1,3,238461,0,0,0,124,124,25246622,0,0,0,0,0,0,0,0,0
201206,26,129,2,3,Ogemaw County                 ,3,3,517804,0,0,0,0,0,0,0,0,0,3,3,517804,0,0,0,0,0,0,0,0,0
201206,26,133,2,3,Osceola County                ,2,2,325000,0,0,0,0,0,0,0,0,0,2,2,325000,0,0,0,0,0,0,0,0,0
201206,26,137,2,3,Otsego County                 ,3,3,593337,0,0,0,0,0,0,1,5,250000,0,0,0,0,0,0,0,0,0,0,0,0
201206,26,141,2,3,Presque Isle County           ,3,3,445000,0,0,0,0,0,0,0,0,0,3,3,445000,0,0,0,0,0,0,0,0,0
201206,26,147,2,3,St. Clair County              ,6,6,795967,0,0,0,0,0,0,0,0,0,4,4,582120,0,0,0,0,0,0,0,0,0
201206,26,163,2,3,Wayne County                  ,57,57,11888896,0,0,0,0,0,0,0,0,0,50,50,11011336,0,0,0,0,0,0,0,0,0
201206,27,003,2,4,Anoka County                  ,83,83,20182290,0,0,0,1,3,570736,0,0,0,79,79,19396870,0,0,0,1,3,570736,0,0,0
201206,27,019,2,4,Carver County                 ,69,69,18277329,0,0,0,0,0,0,0,0,0,68,68,18074461,0,0,0,0,0,0,0,0,0
201206,27,025,2,4,Chisago County                ,5,5,812303,0,0,0,0,0,0,0,0,0,4,4,602090,0,0,0,0,0,0,0,0,0
201206,27,037,2,4,Dakota County                 ,66,66,18437129,0,0,0,0,0,0,1,12,1159200,56,56,15664807,0,0,0,0,0,0,0,0,0
201206,27,053,2,4,Hennepin County               ,145,145,46672060,1,2,200000,0,0,0,2,106,12730021,143,143,45873160,1,2,200000,0,0,0,2,106,12730021
201206,27,059,2,4,Isanti County                 ,6,6,1176500,0,0,0,0,0,0,1,5,230705,6,6,1176500,0,0,0,0,0,0,0,0,0
201206,27,123,2,4,Ramsey County                 ,22,22,5354975,0,0,0,0,0,0,1,44,3536901,22,22,5354975,0,0,0,0,0,0,1,44,3536901
201206,27,139,2,4,Scott County                  ,51,51,17275937,0,0,0,0,0,0,0,0,0,51,51,17275937,0,0,0,0,0,0,0,0,0
201206,27,141,2,4,Sherburne County              ,17,17,2796172,0,0,0,0,0,0,0,0,0,15,15,2553295,0,0,0,0,0,0,0,0,0
201206,27,163,2,4,Washington County             ,65,65,19095902,0,0,0,0,0,0,0,0,0,63,63,18189540,0,0,0,0,0,0,0,0,0
201206,27,171,2,4,Wright County                 ,40,40,7875381,0,0,0,0,0,0,0,0,0,39,39,7707078,0,0,0,0,0,0,0,0,0
201206,28,021,3,6,Claiborne County              ,0,0,0,0,0,0,0,0,0,0,0,0,0,0,0,0,0,0,0,0,0,0,0,0
201206,28,033,3,6,DeSoto County                 ,58,58,8011409,0,0,0,0,0,0,0,0,0,31,31,3356400,0,0,0,0,0,0,0,0,0
201206,28,039,3,6,George County                 ,0,0,0,0,0,0,0,0,0,0,0,0,0,0,0,0,0,0,0,0,0,0,0,0
201206,28,071,3,6,Lafayette County              ,11,11,1542000,0,0,0,0,0,0,0,0,0,11,11,1542000,0,0,0,0,0,0,0,0,0
201206,28,091,3,6,Marion County                 ,1,1,50000,0,0,0,0,0,0,0,0,0,1,1,50000,0,0,0,0,0,0,0,0,0
201206,28,093,3,6,Marshall County               ,5,5,736489,0,0,0,0,0,0,0,0,0,0,0,0,0,0,0,0,0,0,0,0,0
201206,28,137,3,6,Tate County                   ,6,6,537990,0,0,0,0,0,0,0,0,0,0,0,0,0,0,0,0,0,0,0,0,0
201206,28,143,3,6,Tunica County                 ,1,1,80320,0,0,0,0,0,0,0,0,0,0,0,0,0,0,0,0,0,0,0,0,0
201206,28,153,3,6,Wayne County                  ,0,0,0,0,0,0,0,0,0,0,0,0,0,0,0,0,0,0,0,0,0,0,0,0
201206,29,001,2,4,Adair County                  ,3,3,916652,0,0,0,0,0,0,2,12,922112,3,3,916652,0,0,0,0,0,0,2,12,922112
201206,29,013,2,4,Bates County                  ,1,1,192000,0,0,0,0,0,0,0,0,0,1,1,192000,0,0,0,0,0,0,0,0,0
201206,29,019,2,4,Boone County                  ,48,48,12310100,0,0,0,0,0,0,0,0,0,48,48,12310100,0,0,0,0,0,0,0,0,0
201206,29,025,2,4,Caldwell County               ,2,2,403027,0,0,0,0,0,0,0,0,0,0,0,0,0,0,0,0,0,0,0,0,0
201206,29,037,2,4,Cass County                   ,18,18,3973277,1,2,175000,0,0,0,0,0,0,15,15,3550051,0,0,0,0,0,0,0,0,0
201206,29,047,2,4,Clay County                   ,16,16,3036103,1,2,121500,0,0,0,0,0,0,13,13,2413760,1,2,121500,0,0,0,0,0,0
201206,29,049,2,4,Clinton County                ,2,2,415207,0,0,0,0,0,0,0,0,0,0,0,0,0,0,0,0,0,0,0,0,0
201206,29,051,2,4,Cole County                   ,14,14,2580177,1,2,208615,0,0,0,0,0,0,5,5,710000,0,0,0,0,0,0,0,0,0
201206,29,065,2,4,Dent County                   ,0,0,0,0,0,0,0,0,0,0,0,0,0,0,0,0,0,0,0,0,0,0,0,0
201206,29,071,2,4,Franklin County               ,22,22,3754971,0,0,0,0,0,0,0,0,0,11,11,2425848,0,0,0,0,0,0,0,0,0
201206,29,079,2,4,Grundy County                 ,0,0,0,0,0,0,0,0,0,0,0,0,0,0,0,0,0,0,0,0,0,0,0,0
201206,29,095,2,4,Jackson County                ,116,116,26416930,2,4,253456,0,0,0,1,48,3674600,116,116,26416930,2,4,253456,0,0,0,1,48,3674600
201206,29,099,2,4,Jefferson County              ,24,24,3270215,0,0,0,0,0,0,0,0,0,24,24,3270215,0,0,0,0,0,0,0,0,0
201206,29,105,2,4,Laclede County                ,1,1,125000,1,2,140000,0,0,0,0,0,0,0,0,0,0,0,0,0,0,0,0,0,0
201206,29,107,2,4,Lafayette County              ,3,3,639360,0,0,0,0,0,0,0,0,0,3,3,639360,0,0,0,0,0,0,0,0,0
201206,29,113,2,4,Lincoln County                ,7,7,710704,0,0,0,0,0,0,0,0,0,4,4,410000,0,0,0,0,0,0,0,0,0
201206,29,141,2,4,Morgan County                 ,0,0,0,0,0,0,0,0,0,0,0,0,0,0,0,0,0,0,0,0,0,0,0,0
201206,29,161,2,4,Phelps County                 ,2,2,271589,1,2,229125,0,0,0,0,0,0,2,2,271589,1,2,229125,0,0,0,0,0,0
201206,29,165,2,4,Platte County                 ,10,10,2069985,0,0,0,1,4,270000,0,0,0,7,7,1482605,0,0,0,1,4,270000,0,0,0
201206,29,175,2,4,Randolph County               ,0,0,0,0,0,0,0,0,0,0,0,0,0,0,0,0,0,0,0,0,0,0,0,0
201206,29,177,2,4,Ray County                    ,1,1,182143,0,0,0,0,0,0,0,0,0,0,0,0,0,0,0,0,0,0,0,0,0
201206,29,183,2,4,St. Charles County            ,144,144,28725171,0,0,0,0,0,0,0,0,0,144,144,28725171,0,0,0,0,0,0,0,0,0
201206,29,189,2,4,St. Louis County              ,63,63,21934823,0,0,0,0,0,0,2,10,978818,20,20,5779699,0,0,0,0,0,0,0,0,0
201206,29,219,2,4,Warren County                 ,10,10,1879974,0,0,0,0,0,0,0,0,0,7,7,1491839,0,0,0,0,0,0,0,0,0
201206,29,221,2,4,Washington County             ,0,0,0,0,0,0,0,0,0,0,0,0,0,0,0,0,0,0,0,0,0,0,0,0
201206,29,510,2,4,St. Louis (Independent City)  ,1,1,125000,0,0,0,0,0,0,0,0,0,1,1,125000,0,0,0,0,0,0,0,0,0
201206,30,023,4,8,Deer Lodge County             ,1,1,75000,0,0,0,0,0,0,0,0,0,1,1,75000,0,0,0,0,0,0,0,0,0
201206,30,063,4,8,Missoula County               ,30,30,5230886,1,2,113509,0,0,0,0,0,0,30,30,5230886,1,2,113509,0,0,0,0,0,0
201206,31,025,2,4,Cass County                   ,1,1,583023,0,0,0,0,0,0,0,0,0,1,1,583023,0,0,0,0,0,0,0,0,0
201206,31,033,2,4,Cheyenne County               ,2,2,550000,0,0,0,0,0,0,0,0,0,2,2,550000,0,0,0,0,0,0,0,0,0
201206,31,055,2,4,Douglas County                ,111,111,17613085,0,0,0,0,0,0,8,238,15955715,106,106,16499956,0,0,0,0,0,0,7,211,14357874
201206,31,077,2,4,Greeley County                ,0,0,0,0,0,0,0,0,0,0,0,0,0,0,0,0,0,0,0,0,0,0,0,0
201206,31,105,2,4,Kimball County                ,0,0,0,0,0,0,0,0,0,0,0,0,0,0,0,0,0,0,0,0,0,0,0,0
201206,31,153,2,4,Sarpy County                  ,71,71,17203937,0,0,0,0,0,0,0,0,0,52,52,13127494,0,0,0,0,0,0,0,0,0
201206,31,155,2,4,Saunders County               ,8,8,1532621,0,0,0,0,0,0,0,0,0,4,4,907283,0,0,0,0,0,0,0,0,0
201206,31,177,2,4,Washington County             ,1,1,129224,0,0,0,0,0,0,0,0,0,1,1,129224,0,0,0,0,0,0,0,0,0
201206,32,001,4,8,Churchill County              ,0,0,0,0,0,0,0,0,0,0,0,0,0,0,0,0,0,0,0,0,0,0,0,0
201206,32,003,4,8,Clark County                  ,690,690,100438738,0,0,0,0,0,0,5,306,82255865,690,690,100438738,0,0,0,0,0,0,5,306,82255865
201206,32,005,4,8,Douglas County                ,11,11,3746323,0,0,0,0,0,0,0,0,0,11,11,3746323,0,0,0,0,0,0,0,0,0
201206,32,007,4,8,Elko County                   ,25,25,4018229,0,0,0,0,0,0,2,24,2219078,25,25,4018229,0,0,0,0,0,0,2,24,2219078
201206,32,013,4,8,Humboldt County               ,6,6,898888,0,0,0,0,0,0,0,0,0,6,6,898888,0,0,0,0,0,0,0,0,0
201206,32,015,4,8,Lander County                 ,1,1,118852,0,0,0,0,0,0,0,0,0,1,1,118852,0,0,0,0,0,0,0,0,0
201206,32,017,4,8,Lincoln County                ,1,1,163949,0,0,0,0,0,0,0,0,0,0,0,0,0,0,0,0,0,0,0,0,0
201206,32,019,4,8,Lyon County                   ,11,11,1632358,0,0,0,0,0,0,0,0,0,10,10,1423358,0,0,0,0,0,0,0,0,0
201206,32,021,4,8,Mineral County                ,1,1,125000,0,0,0,0,0,0,0,0,0,1,1,125000,0,0,0,0,0,0,0,0,0
201206,32,027,4,8,Pershing County               ,0,0,0,0,0,0,0,0,0,0,0,0,0,0,0,0,0,0,0,0,0,0,0,0
201206,32,029,4,8,Storey County                 ,1,1,164625,0,0,0,0,0,0,0,0,0,0,0,0,0,0,0,0,0,0,0,0,0
201206,32,031,4,8,Washoe County                 ,76,76,20185805,0,0,0,0,0,0,0,0,0,76,76,20185805,0,0,0,0,0,0,0,0,0
201206,32,033,4,8,White Pine County             ,1,1,250000,0,0,0,0,0,0,0,0,0,1,1,250000,0,0,0,0,0,0,0,0,0
201206,32,510,4,8,Carson City (Independent City),1,1,327765,0,0,0,0,0,0,0,0,0,1,1,327765,0,0,0,0,0,0,0,0,0
201206,33,015,1,1,Rockingham County             ,40,40,8436971,4,8,871500,0,0,0,0,0,0,27,27,5146044,4,8,871500,0,0,0,0,0,0
201206,33,017,1,1,Strafford County              ,23,23,3467305,7,14,548324,0,0,0,0,0,0,15,15,2567639,0,0,0,0,0,0,0,0,0
201206,34,001,1,2,Atlantic County               ,35,35,4516237,0,0,0,0,0,0,1,7,1537692,15,15,1593920,0,0,0,0,0,0,0,0,0
201206,34,003,1,2,Bergen County                 ,69,69,24567865,5,10,1733945,0,0,0,4,42,4480454,35,35,12148675,3,6,1194501,0,0,0,1,10,1595175
201206,34,005,1,2,Burlington County             ,35,35,6379378,0,0,0,0,0,0,3,34,3261061,15,15,3307737,0,0,0,0,0,0,0,0,0
201206,34,007,1,2,Camden County                 ,19,19,3542758,0,0,0,0,0,0,4,101,3795950,7,7,1285435,0,0,0,0,0,0,1,66,1616590
201206,34,009,1,2,Cape May County               ,24,24,6893991,6,12,2027400,0,0,0,0,0,0,22,22,6525650,6,12,2027400,0,0,0,0,0,0
201206,34,011,1,2,Cumberland County             ,14,14,1644154,0,0,0,0,0,0,0,0,0,6,6,705001,0,0,0,0,0,0,0,0,0
201206,34,013,1,2,Essex County                  ,21,21,3979555,0,0,0,1,3,525955,4,81,14314875,13,13,2969920,0,0,0,0,0,0,1,40,8300000
201206,34,015,1,2,Gloucester County             ,48,48,8150257,0,0,0,0,0,0,0,0,0,30,30,5781155,0,0,0,0,0,0,0,0,0
201206,34,017,1,2,Hudson County                 ,4,4,586586,2,4,184171,1,3,261000,8,811,89178377,0,0,0,0,0,0,1,3,261000,5,686,69603578
201206,34,019,1,2,Hunterdon County              ,5,5,980556,0,0,0,0,0,0,1,5,203395,3,3,591600,0,0,0,0,0,0,0,0,0
201206,34,021,1,2,Mercer County                 ,11,11,6026371,0,0,0,1,3,55000,2,25,1952185,11,11,6026371,0,0,0,1,3,55000,2,25,1952185
201206,34,023,1,2,Middlesex County              ,93,93,14387595,0,0,0,0,0,0,7,82,5791154,79,79,12485300,0,0,0,0,0,0,4,39,3072503
201206,34,025,1,2,Monmouth County               ,54,54,13493815,0,0,0,0,0,0,5,53,3695085,39,39,10912768,0,0,0,0,0,0,4,42,3420003
201206,34,027,1,2,Morris County                 ,46,46,13732874,0,0,0,0,0,0,5,37,3155114,26,26,8812457,0,0,0,0,0,0,3,24,2089000
201206,34,029,1,2,Ocean County                  ,65,65,14236810,1,2,330000,0,0,0,4,41,3385809,40,40,10957682,1,2,330000,0,0,0,3,36,3002148
201206,34,031,1,2,Passaic County                ,30,30,5541113,0,0,0,0,0,0,2,18,2307953,23,23,4366931,0,0,0,0,0,0,0,0,0
201206,34,033,1,2,Salem County                  ,3,3,275068,0,0,0,0,0,0,0,0,0,1,1,115000,0,0,0,0,0,0,0,0,0
201206,34,035,1,2,Somerset County               ,49,49,9648654,0,0,0,0,0,0,3,17,1752083,35,35,6248750,0,0,0,0,0,0,0,0,0
201206,34,037,1,2,Sussex County                 ,13,13,2744880,0,0,0,0,0,0,1,5,551250,7,7,1499500,0,0,0,0,0,0,0,0,0
201206,34,039,1,2,Union County                  ,27,27,4503880,2,4,304865,1,3,156155,3,20,811248,17,17,2402487,0,0,0,0,0,0,0,0,0
201206,34,041,1,2,Warren County                 ,10,10,2365385,0,0,0,0,0,0,0,0,0,4,4,1359600,0,0,0,0,0,0,0,0,0
201206,35,000,4,8,New Mexico Balance of State   ,13,13,651875,0,0,0,0,0,0,0,0,0,13,13,651875,0,0,0,0,0,0,0,0,0
201206,35,001,4,8,Bernalillo County             ,121,121,24903536,0,0,0,1,3,422318,2,36,2802421,15,15,6087228,0,0,0,0,0,0,0,0,0
201206,35,005,4,8,Chaves County                 ,2,2,446315,0,0,0,0,0,0,0,0,0,1,1,270000,0,0,0,0,0,0,0,0,0
201206,35,007,4,8,Colfax County                 ,1,1,423527,0,0,0,0,0,0,0,0,0,0,0,0,0,0,0,0,0,0,0,0,0
201206,35,009,4,8,Curry County                  ,13,13,2453733,0,0,0,0,0,0,0,0,0,13,13,2453733,0,0,0,0,0,0,0,0,0
201206,35,013,4,8,Dona Ana County               ,57,57,10801882,0,0,0,0,0,0,0,0,0,57,57,10801882,0,0,0,0,0,0,0,0,0
201206,35,015,4,8,Eddy County                   ,7,7,1594977,0,0,0,0,0,0,0,0,0,7,7,1594977,0,0,0,0,0,0,0,0,0
201206,35,025,4,8,Lea County                    ,1,1,189707,0,0,0,1,3,247500,0,0,0,0,0,0,0,0,0,0,0,0,0,0,0
201206,35,027,4,8,Lincoln County                ,4,4,699788,0,0,0,0,0,0,0,0,0,0,0,0,0,0,0,0,0,0,0,0,0
201206,35,028,4,8,Los Alamos County             ,0,0,0,0,0,0,0,0,0,0,0,0,0,0,0,0,0,0,0,0,0,0,0,0
201206,35,029,4,8,Luna County                   ,0,0,0,0,0,0,0,0,0,0,0,0,0,0,0,0,0,0,0,0,0,0,0,0
201206,35,031,4,8,McKinley County               ,1,1,123500,0,0,0,0,0,0,0,0,0,1,1,123500,0,0,0,0,0,0,0,0,0
201206,35,035,4,8,Otero County                  ,0,0,0,0,0,0,0,0,0,0,0,0,0,0,0,0,0,0,0,0,0,0,0,0
201206,35,039,4,8,Rio Arriba County             ,0,0,0,0,0,0,0,0,0,0,0,0,0,0,0,0,0,0,0,0,0,0,0,0
201206,35,041,4,8,Roosevelt County              ,2,2,230000,0,0,0,0,0,0,0,0,0,2,2,230000,0,0,0,0,0,0,0,0,0
201206,35,043,4,8,Sandoval County               ,64,64,11624112,0,0,0,0,0,0,0,0,0,0,0,0,0,0,0,0,0,0,0,0,0
201206,35,045,4,8,San Juan County               ,18,18,3820656,0,0,0,0,0,0,1,8,534566,6,6,1474716,0,0,0,0,0,0,0,0,0
201206,35,049,4,8,Santa Fe County               ,13,13,1733654,0,0,0,0,0,0,0,0,0,0,0,0,0,0,0,0,0,0,0,0,0
201206,35,051,4,8,Sierra County                 ,0,0,0,0,0,0,0,0,0,0,0,0,0,0,0,0,0,0,0,0,0,0,0,0
201206,35,053,4,8,Socorro County                ,0,0,0,0,0,0,0,0,0,0,0,0,0,0,0,0,0,0,0,0,0,0,0,0
201206,35,055,4,8,Taos County                   ,5,5,548279,0,0,0,0,0,0,0,0,0,0,0,0,0,0,0,0,0,0,0,0,0
201206,35,061,4,8,Valencia County               ,11,11,1423075,0,0,0,0,0,0,0,0,0,0,0,0,0,0,0,0,0,0,0,0,0
201206,36,005,1,2,Bronx County                  ,1,1,236639,2,4,446203,6,22,2245078,9,300,29204100,1,1,236639,2,4,446203,6,22,2245078,9,300,29204100
201206,36,047,1,2,Kings County                  ,0,0,0,6,12,1338610,10,35,3571715,6,89,8663883,0,0,0,6,12,1338610,10,35,3571715,6,89,8663883
201206,36,059,1,2,Nassau County                 ,30,30,15849125,0,0,0,0,0,0,1,11,1032000,26,26,14691337,0,0,0,0,0,0,1,11,1032000
201206,36,061,1,2,New York County               ,1,1,236639,0,0,0,0,0,0,4,297,28912059,1,1,236639,0,0,0,0,0,0,4,297,28912059
201206,36,079,1,2,Putnam County                 ,4,4,821663,0,0,0,1,3,906739,1,14,1710929,2,2,370000,0,0,0,0,0,0,0,0,0
201206,36,081,1,2,Queens County                 ,5,5,1183195,17,34,3792727,8,26,2653274,3,40,3893880,5,5,1183195,17,34,3792727,8,26,2653274,3,40,3893880
201206,36,085,1,2,Richmond County               ,21,21,4969417,17,34,3792727,0,0,0,0,0,0,21,21,4969417,17,34,3792727,0,0,0,0,0,0
201206,36,087,1,2,Rockland County               ,5,5,1195207,4,8,979305,4,13,1326637,1,6,584082,3,3,551639,3,6,669305,4,13,1326637,1,6,584082
201206,36,103,1,2,Suffolk County                ,70,70,28280395,0,0,0,0,0,0,1,6,523967,47,47,21376723,0,0,0,0,0,0,0,0,0
201206,36,119,1,2,Westchester County            ,16,16,9826071,1,2,250000,0,0,0,1,35,5746269,6,6,3675000,1,2,250000,0,0,0,0,0,0
201206,37,003,3,5,Alexander County              ,3,3,418720,0,0,0,0,0,0,0,0,0,3,3,418720,0,0,0,0,0,0,0,0,0
201206,37,007,3,5,Anson County                  ,2,2,289917,0,0,0,0,0,0,0,0,0,0,0,0,0,0,0,0,0,0,0,0,0
201206,37,009,3,5,Ashe County                   ,9,9,1437000,0,0,0,0,0,0,0,0,0,9,9,1437000,0,0,0,0,0,0,0,0,0
201206,37,011,3,5,Avery County                  ,5,5,1650749,0,0,0,0,0,0,0,0,0,5,5,1650749,0,0,0,0,0,0,0,0,0
201206,37,019,3,5,Brunswick County              ,102,102,19861601,0,0,0,0,0,0,0,0,0,67,67,13583231,0,0,0,0,0,0,0,0,0
201206,37,025,3,5,Cabarrus County               ,83,83,11395091,0,0,0,0,0,0,0,0,0,83,83,11395091,0,0,0,0,0,0,0,0,0
201206,37,027,3,5,Caldwell County               ,2,2,880000,0,0,0,0,0,0,0,0,0,2,2,880000,0,0,0,0,0,0,0,0,0
201206,37,037,3,5,Chatham County                ,31,31,7413425,0,0,0,0,0,0,0,0,0,0,0,0,0,0,0,0,0,0,0,0,0
201206,37,039,3,5,Cherokee County               ,6,6,634764,0,0,0,0,0,0,0,0,0,6,6,634764,0,0,0,0,0,0,0,0,0
201206,37,049,3,5,Craven County                 ,8,8,1365845,0,0,0,0,0,0,0,0,0,8,8,1365845,0,0,0,0,0,0,0,0,0
201206,37,053,3,5,Currituck County              ,15,15,3815182,0,0,0,0,0,0,0,0,0,0,0,0,0,0,0,0,0,0,0,0,0
201206,37,059,3,5,Davie County                  ,4,4,738000,0,0,0,0,0,0,0,0,0,4,4,738000,0,0,0,0,0,0,0,0,0
201206,37,063,3,5,Durham County                 ,72,72,15844340,0,0,0,1,4,300000,0,0,0,72,72,15844340,0,0,0,1,4,300000,0,0,0
201206,37,067,3,5,Forsyth County                ,71,71,8636071,0,0,0,0,0,0,0,0,0,71,71,8636071,0,0,0,0,0,0,0,0,0
201206,37,069,3,5,Franklin County               ,18,18,3319816,0,0,0,0,0,0,0,0,0,18,18,3319816,0,0,0,0,0,0,0,0,0
201206,37,071,3,5,Gaston County                 ,42,42,9933049,0,0,0,1,4,550495,0,0,0,42,42,9933049,0,0,0,1,4,550495,0,0,0
201206,37,081,3,5,Guilford County               ,64,64,16246203,0,0,0,0,0,0,5,96,3930176,64,64,16246203,0,0,0,0,0,0,5,96,3930176
201206,37,089,3,5,Henderson County              ,56,56,5281789,0,0,0,0,0,0,0,0,0,56,56,5281789,0,0,0,0,0,0,0,0,0
201206,37,093,3,5,Hoke County                   ,24,24,4269230,0,0,0,0,0,0,0,0,0,24,24,4269230,0,0,0,0,0,0,0,0,0
201206,37,097,3,5,Iredell County                ,46,46,14893763,0,0,0,0,0,0,0,0,0,46,46,14893763,0,0,0,0,0,0,0,0,0
201206,37,099,3,5,Jackson County                ,4,4,1332598,0,0,0,0,0,0,0,0,0,4,4,1332598,0,0,0,0,0,0,0,0,0
201206,37,101,3,5,Johnston County               ,88,88,14162744,0,0,0,0,0,0,0,0,0,88,88,14162744,0,0,0,0,0,0,0,0,0
201206,37,105,3,5,Lee County                    ,3,3,435240,0,0,0,0,0,0,0,0,0,3,3,435240,0,0,0,0,0,0,0,0,0
201206,37,109,3,5,Lincoln County                ,13,13,2274893,1,2,217567,0,0,0,0,0,0,0,0,0,0,0,0,0,0,0,0,0,0
201206,37,113,3,5,Macon County                  ,4,4,681156,4,8,520000,0,0,0,0,0,0,4,4,681156,4,8,520000,0,0,0,0,0,0
201206,37,119,3,5,Mecklenburg County            ,316,316,62507674,0,0,0,0,0,0,1,53,3000000,316,316,62507674,0,0,0,0,0,0,1,53,3000000
201206,37,127,3,5,Nash County                   ,11,11,1568945,0,0,0,0,0,0,0,0,0,11,11,1568945,0,0,0,0,0,0,0,0,0
201206,37,129,3,5,New Hanover County            ,49,49,11134669,0,0,0,0,0,0,2,35,3984947,0,0,0,0,0,0,0,0,0,0,0,0
201206,37,135,3,5,Orange County                 ,25,25,6740612,0,0,0,0,0,0,0,0,0,20,20,5401550,0,0,0,0,0,0,0,0,0
201206,37,137,3,5,Pamlico County                ,4,4,993840,0,0,0,0,0,0,0,0,0,0,0,0,0,0,0,0,0,0,0,0,0
201206,37,141,3,5,Pender County                 ,21,21,3143850,0,0,0,0,0,0,0,0,0,0,0,0,0,0,0,0,0,0,0,0,0
201206,37,145,3,5,Person County                 ,2,2,486838,0,0,0,0,0,0,0,0,0,2,2,486838,0,0,0,0,0,0,0,0,0
201206,37,147,3,5,Pitt County                   ,32,32,3689500,3,6,552600,0,0,0,0,0,0,32,32,3689500,3,6,552600,0,0,0,0,0,0
201206,37,149,3,5,Polk County                   ,3,3,692913,0,0,0,0,0,0,0,0,0,3,3,692913,0,0,0,0,0,0,0,0,0
201206,37,151,3,5,Randolph County               ,11,11,2011958,0,0,0,0,0,0,0,0,0,11,11,2011958,0,0,0,0,0,0,0,0,0
201206,37,157,3,5,Rockingham County             ,9,9,2031134,0,0,0,0,0,0,0,0,0,9,9,2031134,0,0,0,0,0,0,0,0,0
201206,37,159,3,5,Rowan County                  ,17,17,3572522,0,0,0,0,0,0,0,0,0,17,17,3572522,0,0,0,0,0,0,0,0,0
201206,37,163,3,5,Sampson County                ,7,7,1262000,0,0,0,0,0,0,0,0,0,7,7,1262000,0,0,0,0,0,0,0,0,0
201206,37,167,3,5,Stanly County                 ,5,5,460600,0,0,0,0,0,0,0,0,0,5,5,460600,0,0,0,0,0,0,0,0,0
201206,37,171,3,5,Surry County                  ,6,6,1018216,0,0,0,0,0,0,0,0,0,6,6,1018216,0,0,0,0,0,0,0,0,0
201206,37,175,3,5,Transylvania County           ,7,7,2197397,0,0,0,0,0,0,0,0,0,7,7,2197397,0,0,0,0,0,0,0,0,0
201206,37,179,3,5,Union County                  ,105,105,18579944,0,0,0,0,0,0,0,0,0,100,100,17188965,0,0,0,0,0,0,0,0,0
201206,37,181,3,5,Vance County                  ,1,1,140000,0,0,0,0,0,0,0,0,0,1,1,140000,0,0,0,0,0,0,0,0,0
201206,37,183,3,5,Wake County                   ,504,504,109631743,19,38,6161920,0,0,0,27,717,70151509,464,464,102476375,19,38,6161920,0,0,0,27,717,70151509
201206,37,195,3,5,Wilson County                 ,5,5,1040998,0,0,0,0,0,0,0,0,0,5,5,1040998,0,0,0,0,0,0,0,0,0
201206,39,015,2,3,Brown County                  ,5,5,792825,0,0,0,0,0,0,0,0,0,0,0,0,0,0,0,0,0,0,0,0,0
201206,39,017,2,3,Butler County                 ,37,37,7646270,0,0,0,0,0,0,0,0,0,29,29,6606730,0,0,0,0,0,0,0,0,0
201206,39,025,2,3,Clermont County               ,35,35,7334297,0,0,0,0,0,0,0,0,0,35,35,7334297,0,0,0,0,0,0,0,0,0
201206,39,035,2,3,Cuyahoga County               ,45,45,9989791,0,0,0,1,4,556000,1,5,530305,14,14,4266230,0,0,0,1,4,556000,0,0,0
201206,39,041,2,3,Delaware County               ,87,87,18468555,0,0,0,0,0,0,0,0,0,87,87,18468555,0,0,0,0,0,0,0,0,0
201206,39,045,2,3,Fairfield County              ,28,28,5544193,0,0,0,0,0,0,11,116,9600000,24,24,4816308,0,0,0,0,0,0,11,116,9600000
201206,39,049,2,3,Franklin County               ,138,138,35889198,2,4,777604,4,15,1729308,8,55,3951598,127,127,33157353,2,4,777604,3,12,1399308,5,35,2813444
201206,39,055,2,3,Geauga County                 ,10,10,2131199,0,0,0,0,0,0,0,0,0,10,10,2131199,0,0,0,0,0,0,0,0,0
201206,39,061,2,3,Hamilton County               ,36,36,8198580,0,0,0,0,0,0,1,14,100000,27,27,5437109,0,0,0,0,0,0,1,14,100000
201206,39,085,2,3,Lake County                   ,23,23,5240658,0,0,0,0,0,0,0,0,0,20,20,4782125,0,0,0,0,0,0,0,0,0
201206,39,089,2,3,Licking County                ,30,30,4238729,0,0,0,0,0,0,0,0,0,0,0,0,0,0,0,0,0,0,0,0,0
201206,39,093,2,3,Lorain County                 ,64,64,11192259,0,0,0,0,0,0,2,10,420000,26,26,4341342,0,0,0,0,0,0,0,0,0
201206,39,097,2,3,Madison County                ,1,1,213120,0,0,0,0,0,0,0,0,0,1,1,213120,0,0,0,0,0,0,0,0,0
201206,39,103,2,3,Medina County                 ,34,34,6927822,0,0,0,0,0,0,2,16,800000,34,34,6927822,0,0,0,0,0,0,2,16,800000
201206,39,117,2,3,Morrow County                 ,2,2,283558,0,0,0,0,0,0,0,0,0,0,0,0,0,0,0,0,0,0,0,0,0
201206,39,129,2,3,Pickaway County               ,7,7,1166777,0,0,0,0,0,0,0,0,0,5,5,884157,0,0,0,0,0,0,0,0,0
201206,39,159,2,3,Union County                  ,11,11,2344319,0,0,0,0,0,0,0,0,0,11,11,2344319,0,0,0,0,0,0,0,0,0
201206,39,165,2,3,Warren County                 ,61,61,15310233,0,0,0,1,4,1318509,0,0,0,58,58,14886962,0,0,0,1,4,1318509,0,0,0
201206,39,169,2,3,Wayne County                  ,4,4,1439400,0,0,0,0,0,0,0,0,0,4,4,1439400,0,0,0,0,0,0,0,0,0
201206,40,017,3,7,Canadian County               ,11,11,1944887,0,0,0,2,8,600000,0,0,0,8,8,1212970,0,0,0,2,8,600000,0,0,0
201206,40,021,3,7,Cherokee County               ,2,2,120000,0,0,0,0,0,0,0,0,0,2,2,120000,0,0,0,0,0,0,0,0,0
201206,40,027,3,7,Cleveland County              ,52,52,7437345,1,2,150000,2,8,390000,1,34,2924000,50,50,7082300,1,2,150000,2,8,390000,1,34,2924000
201206,40,029,3,7,Coal County                   ,0,0,0,0,0,0,0,0,0,0,0,0,0,0,0,0,0,0,0,0,0,0,0,0
201206,40,037,3,7,Creek County                  ,4,4,634484,0,0,0,0,0,0,0,0,0,1,1,145000,0,0,0,0,0,0,0,0,0
201206,40,051,3,7,Grady County                  ,2,2,375000,0,0,0,0,0,0,0,0,0,2,2,375000,0,0,0,0,0,0,0,0,0
201206,40,081,3,7,Lincoln County                ,3,3,302000,0,0,0,0,0,0,0,0,0,3,3,302000,0,0,0,0,0,0,0,0,0
201206,40,083,3,7,Logan County                  ,0,0,0,0,0,0,0,0,0,0,0,0,0,0,0,0,0,0,0,0,0,0,0,0
201206,40,087,3,7,McClain County                ,20,20,3483197,0,0,0,0,0,0,0,0,0,5,5,921000,0,0,0,0,0,0,0,0,0
201206,40,099,3,7,Murray County                 ,0,0,0,0,0,0,0,0,0,0,0,0,0,0,0,0,0,0,0,0,0,0,0,0
201206,40,109,3,7,Oklahoma County               ,220,220,41427138,2,4,335120,0,0,0,1,11,630198,70,70,18650677,1,2,170000,0,0,0,0,0,0
201206,40,111,3,7,Okmulgee County               ,0,0,0,0,0,0,0,0,0,0,0,0,0,0,0,0,0,0,0,0,0,0,0,0
201206,40,113,3,7,Osage County                  ,9,9,1261643,0,0,0,0,0,0,0,0,0,5,5,741994,0,0,0,0,0,0,0,0,0
201206,40,117,3,7,Pawnee County                 ,0,0,0,0,0,0,0,0,0,0,0,0,0,0,0,0,0,0,0,0,0,0,0,0
201206,40,131,3,7,Rogers County                 ,31,31,3931427,0,0,0,0,0,0,0,0,0,31,31,3931427,0,0,0,0,0,0,0,0,0
201206,40,143,3,7,Tulsa County                  ,154,154,34231795,0,0,0,0,0,0,0,0,0,145,145,32295627,0,0,0,0,0,0,0,0,0
201206,40,145,3,7,Wagoner County                ,18,18,3344226,0,0,0,0,0,0,0,0,0,18,18,3344226,0,0,0,0,0,0,0,0,0
201206,41,000,4,9,Oregon Balance of State       ,7,7,926723,0,0,0,0,0,0,0,0,0,0,0,0,0,0,0,0,0,0,0,0,0
201206,41,001,4,9,Baker County                  ,0,0,0,0,0,0,0,0,0,0,0,0,0,0,0,0,0,0,0,0,0,0,0,0
201206,41,005,4,9,Clackamas County              ,110,110,30459534,0,0,0,0,0,0,0,0,0,98,98,26760443,0,0,0,0,0,0,0,0,0
201206,41,009,4,9,Columbia County               ,3,3,747125,0,0,0,0,0,0,0,0,0,1,1,283596,0,0,0,0,0,0,0,0,0
201206,41,017,4,9,Deschutes County              ,66,66,17970509,0,0,0,0,0,0,1,26,3100000,62,62,17344273,0,0,0,0,0,0,1,26,3100000
201206,41,019,4,9,Douglas County                ,10,10,2567059,1,2,215022,0,0,0,0,0,0,10,10,2567059,1,2,215022,0,0,0,0,0,0
201206,41,025,4,9,Harney County                 ,0,0,0,0,0,0,0,0,0,0,0,0,0,0,0,0,0,0,0,0,0,0,0,0
201206,41,033,4,9,Josephine County              ,8,8,1792075,0,0,0,0,0,0,0,0,0,8,8,1792075,0,0,0,0,0,0,0,0,0
201206,41,035,4,9,Klamath County                ,5,5,992723,0,0,0,0,0,0,0,0,0,0,0,0,0,0,0,0,0,0,0,0,0
201206,41,045,4,9,Malheur County                ,3,3,592732,0,0,0,0,0,0,0,0,0,2,2,497732,0,0,0,0,0,0,0,0,0
201206,41,051,4,9,Multnomah County              ,61,61,15123524,2,4,734033,1,4,452953,1,24,2701533,61,61,15123524,2,4,734033,1,4,452953,1,24,2701533
201206,41,057,4,9,Tillamook County              ,4,4,701435,0,0,0,0,0,0,0,0,0,4,4,701435,0,0,0,0,0,0,0,0,0
201206,41,059,4,9,Umatilla County               ,2,2,349416,0,0,0,0,0,0,0,0,0,2,2,349416,0,0,0,0,0,0,0,0,0
201206,41,061,4,9,Union County                  ,3,3,749918,0,0,0,0,0,0,0,0,0,0,0,0,0,0,0,0,0,0,0,0,0
201206,41,067,4,9,Washington County             ,128,128,32326342,0,0,0,2,7,1019522,6,43,5302560,128,128,32326342,0,0,0,2,7,1019522,6,43,5302560
201206,41,071,4,9,Yamhill County                ,24,24,5693935,0,0,0,0,0,0,1,5,503154,17,17,4311698,0,0,0,0,0,0,0,0,0
201206,42,001,1,2,Adams County                  ,13,13,2419002,0,0,0,0,0,0,0,0,0,0,0,0,0,0,0,0,0,0,0,0,0
201206,42,003,1,2,Allegheny County              ,133,133,34307316,0,0,0,0,0,0,0,0,0,81,81,22838950,0,0,0,0,0,0,0,0,0
201206,42,005,1,2,Armstrong County              ,6,6,847027,0,0,0,0,0,0,0,0,0,0,0,0,0,0,0,0,0,0,0,0,0
201206,42,007,1,2,Beaver County                 ,17,17,3816489,0,0,0,0,0,0,0,0,0,9,9,2368305,0,0,0,0,0,0,0,0,0
201206,42,017,1,2,Bucks County                  ,56,56,8868358,0,0,0,0,0,0,0,0,0,43,43,6226712,0,0,0,0,0,0,0,0,0
201206,42,019,1,2,Butler County                 ,28,28,5777293,0,0,0,0,0,0,3,80,13122400,26,26,5330195,0,0,0,0,0,0,3,80,13122400
201206,42,025,1,2,Carbon County                 ,5,5,823800,0,0,0,0,0,0,0,0,0,4,4,623800,0,0,0,0,0,0,0,0,0
201206,42,029,1,2,Chester County                ,65,65,14018928,0,0,0,1,4,196000,1,8,1391518,49,49,10408284,0,0,0,1,4,196000,0,0,0
201206,42,045,1,2,Delaware County               ,14,14,3297768,0,0,0,0,0,0,0,0,0,11,11,2384834,0,0,0,0,0,0,0,0,0
201206,42,051,1,2,Fayette County                ,16,16,3605226,0,0,0,0,0,0,0,0,0,1,1,300000,0,0,0,0,0,0,0,0,0
201206,42,055,1,2,Franklin County               ,26,26,3915219,0,0,0,0,0,0,1,5,450000,15,15,2295363,0,0,0,0,0,0,1,5,450000
201206,42,065,1,2,Jefferson County              ,6,6,1103601,0,0,0,0,0,0,0,0,0,6,6,1103601,0,0,0,0,0,0,0,0,0
201206,42,077,1,2,Lehigh County                 ,34,34,6448431,0,0,0,0,0,0,0,0,0,28,28,5388960,0,0,0,0,0,0,0,0,0
201206,42,091,1,2,Montgomery County             ,85,85,12042879,0,0,0,0,0,0,2,29,2353200,75,75,10137924,0,0,0,0,0,0,1,9,1778200
201206,42,095,1,2,Northampton County            ,49,49,7703201,0,0,0,1,3,388830,4,45,3805894,27,27,4138004,0,0,0,0,0,0,3,36,2769756
201206,42,101,1,2,Philadelphia County           ,32,32,7572445,4,8,550000,4,15,1900000,1,9,400000,32,32,7572445,4,8,550000,4,15,1900000,1,9,400000
201206,42,103,1,2,Pike County                   ,8,8,1376503,0,0,0,0,0,0,0,0,0,7,7,1156155,0,0,0,0,0,0,0,0,0
201206,42,125,1,2,Washington County             ,43,43,11994391,0,0,0,0,0,0,3,15,1157682,26,26,8087245,0,0,0,0,0,0,2,10,725000
201206,42,129,1,2,Westmoreland County           ,29,29,5996365,0,0,0,2,6,543277,0,0,0,7,7,1775115,0,0,0,1,3,306147,0,0,0
201206,44,001,1,1,Bristol County                ,1,1,226000,0,0,0,0,0,0,0,0,0,1,1,226000,0,0,0,0,0,0,0,0,0
201206,44,003,1,1,Kent County                   ,4,4,582627,0,0,0,0,0,0,0,0,0,3,3,376145,0,0,0,0,0,0,0,0,0
201206,44,005,1,1,Newport County                ,12,12,2858268,1,2,224000,0,0,0,0,0,0,12,12,2858268,1,2,224000,0,0,0,0,0,0
201206,44,007,1,1,Providence County             ,20,20,2688128,0,0,0,0,0,0,0,0,0,13,13,1712419,0,0,0,0,0,0,0,0,0
201206,44,009,1,1,Washington County             ,21,21,5554374,1,2,158600,0,0,0,0,0,0,9,9,3133720,0,0,0,0,0,0,0,0,0
201206,45,003,3,5,Aiken County                  ,52,52,11244730,0,0,0,0,0,0,0,0,0,43,43,10236586,0,0,0,0,0,0,0,0,0
201206,45,009,3,5,Bamberg County                ,1,1,50000,0,0,0,0,0,0,0,0,0,1,1,50000,0,0,0,0,0,0,0,0,0
201206,45,015,3,5,Berkeley County               ,91,91,20749117,0,0,0,0,0,0,1,13,659485,63,63,16127439,0,0,0,0,0,0,0,0,0
201206,45,017,3,5,Calhoun County                ,1,1,154000,0,0,0,0,0,0,0,0,0,1,1,154000,0,0,0,0,0,0,0,0,0
201206,45,019,3,5,Charleston County             ,160,160,38382994,0,0,0,0,0,0,3,34,1670153,116,116,31477581,0,0,0,0,0,0,1,6,267250
201206,45,035,3,5,Dorchester County             ,57,57,12644230,0,0,0,0,0,0,0,0,0,57,57,12644230,0,0,0,0,0,0,0,0,0
201206,45,039,3,5,Fairfield County              ,3,3,347993,0,0,0,0,0,0,0,0,0,0,0,0,0,0,0,0,0,0,0,0,0
201206,45,041,3,5,Florence County               ,28,28,3467440,2,4,203875,0,0,0,0,0,0,0,0,0,0,0,0,0,0,0,0,0,0
201206,45,045,3,5,Greenville County             ,184,184,43079717,0,0,0,0,0,0,1,5,804508,176,176,41323440,0,0,0,0,0,0,0,0,0
201206,45,047,3,5,Greenwood County              ,6,6,857729,0,0,0,0,0,0,0,0,0,6,6,857729,0,0,0,0,0,0,0,0,0
201206,45,055,3,5,Kershaw County                ,15,15,2121222,0,0,0,0,0,0,0,0,0,14,14,2004866,0,0,0,0,0,0,0,0,0
201206,45,059,3,5,Laurens County                ,4,4,660224,0,0,0,0,0,0,0,0,0,4,4,660224,0,0,0,0,0,0,0,0,0
201206,45,063,3,5,Lexington County              ,123,123,21828135,0,0,0,0,0,0,2,23,2130417,28,28,3116283,0,0,0,0,0,0,0,0,0
201206,45,077,3,5,Pickens County                ,12,12,4489974,0,0,0,0,0,0,1,5,515065,9,9,3676220,0,0,0,0,0,0,0,0,0
201206,45,079,3,5,Richland County               ,148,148,16806671,0,0,0,0,0,0,9,183,7888783,64,64,7113540,0,0,0,0,0,0,7,153,6195500
201206,45,081,3,5,Saluda County                 ,2,2,231173,0,0,0,0,0,0,0,0,0,2,2,231173,0,0,0,0,0,0,0,0,0
201206,45,085,3,5,Sumter County                 ,13,13,2493375,0,0,0,0,0,0,0,0,0,13,13,2493375,0,0,0,0,0,0,0,0,0
201206,45,091,3,5,York County                   ,101,101,27697780,0,0,0,0,0,0,0,0,0,97,97,26400499,0,0,0,0,0,0,0,0,0
201206,46,005,2,4,Beadle County                 ,2,2,441627,0,0,0,0,0,0,0,0,0,2,2,441627,0,0,0,0,0,0,0,0,0
201206,46,069,2,4,Hyde County                   ,0,0,0,0,0,0,0,0,0,0,0,0,0,0,0,0,0,0,0,0,0,0,0,0
201206,46,121,2,4,Todd County                   ,0,0,0,0,0,0,0,0,0,0,0,0,0,0,0,0,0,0,0,0,0,0,0,0
201206,47,011,3,6,Bradley County                ,16,16,2164000,3,6,304000,0,0,0,0,0,0,16,16,2164000,3,6,304000,0,0,0,0,0,0
201206,47,015,3,6,Cannon County                 ,1,1,132889,0,0,0,0,0,0,0,0,0,0,0,0,0,0,0,0,0,0,0,0,0
201206,47,021,3,6,Cheatham County               ,7,7,1284000,0,0,0,0,0,0,0,0,0,7,7,1284000,0,0,0,0,0,0,0,0,0
201206,47,037,3,6,Davidson County               ,137,137,27152037,0,0,0,0,0,0,0,0,0,137,137,27152037,0,0,0,0,0,0,0,0,0
201206,47,039,3,6,Decatur County                ,0,0,0,0,0,0,0,0,0,0,0,0,0,0,0,0,0,0,0,0,0,0,0,0
201206,47,043,3,6,Dickson County                ,5,5,945775,0,0,0,0,0,0,0,0,0,5,5,945775,0,0,0,0,0,0,0,0,0
201206,47,047,3,6,Fayette County                ,12,12,3275050,0,0,0,0,0,0,0,0,0,5,5,1875050,0,0,0,0,0,0,0,0,0
201206,47,063,3,6,Hamblen County                ,5,5,915000,2,4,250000,0,0,0,0,0,0,5,5,915000,2,4,250000,0,0,0,0,0,0
201206,47,071,3,6,Hardin County                 ,2,2,129773,0,0,0,0,0,0,0,0,0,0,0,0,0,0,0,0,0,0,0,0,0
201206,47,081,3,6,Hickman County                ,0,0,0,0,0,0,0,0,0,0,0,0,0,0,0,0,0,0,0,0,0,0,0,0
201206,47,091,3,6,Johnson County                ,0,0,0,0,0,0,0,0,0,0,0,0,0,0,0,0,0,0,0,0,0,0,0,0
201206,47,093,3,6,Knox County                   ,108,108,19594561,0,0,0,0,0,0,0,0,0,108,108,19594561,0,0,0,0,0,0,0,0,0
201206,47,111,3,6,Macon County                  ,1,1,59556,1,2,71444,0,0,0,1,5,387500,0,0,0,0,0,0,0,0,0,0,0,0
201206,47,113,3,6,Madison County                ,15,15,2228000,0,0,0,2,8,590000,5,34,2226000,15,15,2228000,0,0,0,2,8,590000,5,34,2226000
201206,47,125,3,6,Montgomery County             ,113,113,13166288,0,0,0,1,4,125000,3,24,1050000,113,113,13166288,0,0,0,1,4,125000,3,24,1050000
201206,47,141,3,6,Putnam County                 ,27,27,3740152,0,0,0,0,0,0,0,0,0,27,27,3740152,0,0,0,0,0,0,0,0,0
201206,47,147,3,6,Robertson County              ,15,15,2152822,0,0,0,0,0,0,0,0,0,13,13,1805366,0,0,0,0,0,0,0,0,0
201206,47,149,3,6,Rutherford County             ,122,122,22099737,0,0,0,0,0,0,0,0,0,108,108,20269186,0,0,0,0,0,0,0,0,0
201206,47,157,3,6,Shelby County                 ,106,106,21761216,5,10,693298,0,0,0,14,460,32118528,106,106,21761216,5,10,693298,0,0,0,14,460,32118528
201206,47,159,3,6,Smith County                  ,3,3,593427,0,0,0,0,0,0,0,0,0,3,3,593427,0,0,0,0,0,0,0,0,0
201206,47,165,3,6,Sumner County                 ,48,48,8893978,0,0,0,0,0,0,0,0,0,31,31,5722668,0,0,0,0,0,0,0,0,0
201206,47,167,3,6,Tipton County                 ,9,9,1171366,0,0,0,0,0,0,0,0,0,5,5,623600,0,0,0,0,0,0,0,0,0
201206,47,169,3,6,Trousdale County              ,1,1,227000,0,0,0,0,0,0,0,0,0,1,1,227000,0,0,0,0,0,0,0,0,0
201206,47,179,3,6,Washington County             ,22,22,5059731,0,0,0,0,0,0,0,0,0,22,22,5059731,0,0,0,0,0,0,0,0,0
201206,47,187,3,6,Williamson County             ,92,92,21013666,0,0,0,1,4,486000,0,0,0,88,88,20183456,0,0,0,1,4,486000,0,0,0
201206,47,189,3,6,Wilson County                 ,65,65,12662876,0,0,0,0,0,0,0,0,0,27,27,4675744,0,0,0,0,0,0,0,0,0
201206,48,013,3,7,Atascosa County               ,4,4,612519,0,0,0,0,0,0,0,0,0,0,0,0,0,0,0,0,0,0,0,0,0
201206,48,015,3,7,Austin County                 ,0,0,0,0,0,0,0,0,0,0,0,0,0,0,0,0,0,0,0,0,0,0,0,0
201206,48,019,3,7,Bandera County                ,1,1,90000,0,0,0,0,0,0,0,0,0,0,0,0,0,0,0,0,0,0,0,0,0
201206,48,021,3,7,Bastrop County                ,6,6,652738,0,0,0,0,0,0,0,0,0,4,4,515480,0,0,0,0,0,0,0,0,0
201206,48,029,3,7,Bexar County                  ,218,218,44569756,2,4,563500,0,0,0,9,329,24688995,182,182,39218589,2,4,563500,0,0,0,8,323,23410394
201206,48,039,3,7,Brazoria County               ,174,174,33047831,0,0,0,0,0,0,15,438,22934802,171,171,32803371,0,0,0,0,0,0,15,438,22934802
201206,48,041,3,7,Brazos County                 ,50,50,8585838,16,32,2663050,1,4,350427,2,32,1440714,35,35,5776985,16,32,2663050,0,0,0,0,0,0
201206,48,055,3,7,Caldwell County               ,1,1,100000,0,0,0,0,0,0,0,0,0,1,1,100000,0,0,0,0,0,0,0,0,0
201206,48,063,3,7,Camp County                   ,0,0,0,1,2,80000,0,0,0,0,0,0,0,0,0,1,2,80000,0,0,0,0,0,0
201206,48,071,3,7,Chambers County               ,32,32,5985189,0,0,0,0,0,0,0,0,0,24,24,4747418,0,0,0,0,0,0,0,0,0
201206,48,085,3,7,Collin County                 ,515,515,147248528,0,0,0,0,0,0,8,454,11114844,511,511,146785015,0,0,0,0,0,0,8,454,11114844
201206,48,091,3,7,Comal County                  ,97,97,16687865,0,0,0,0,0,0,0,0,0,44,44,12469107,0,0,0,0,0,0,0,0,0
201206,48,113,3,7,Dallas County                 ,299,299,80939442,0,0,0,1,3,276048,29,1182,86474278,275,275,67468714,0,0,0,1,3,276048,27,1158,85325040
201206,48,117,3,7,Deaf Smith County             ,0,0,0,0,0,0,0,0,0,0,0,0,0,0,0,0,0,0,0,0,0,0,0,0
201206,48,119,3,7,Delta County                  ,0,0,0,0,0,0,0,0,0,0,0,0,0,0,0,0,0,0,0,0,0,0,0,0
201206,48,121,3,7,Denton County                 ,147,147,42187571,0,0,0,0,0,0,0,0,0,134,134,39203519,0,0,0,0,0,0,0,0,0
201206,48,133,3,7,Eastland County               ,0,0,0,0,0,0,0,0,0,0,0,0,0,0,0,0,0,0,0,0,0,0,0,0
201206,48,135,3,7,Ector County                  ,41,41,9270720,0,0,0,0,0,0,9,216,12370267,41,41,9270720,0,0,0,0,0,0,9,216,12370267
201206,48,139,3,7,Ellis County                  ,50,50,7457804,0,0,0,0,0,0,0,0,0,50,50,7457804,0,0,0,0,0,0,0,0,0
201206,48,157,3,7,Fort Bend County              ,557,557,111831554,0,0,0,0,0,0,3,63,4955139,70,70,18743148,0,0,0,0,0,0,0,0,0
201206,48,167,3,7,Galveston County              ,153,153,34010396,0,0,0,0,0,0,1,5,436893,66,66,16937856,0,0,0,0,0,0,0,0,0
201206,48,187,3,7,Guadalupe County              ,67,67,15364023,0,0,0,0,0,0,0,0,0,67,67,15364023,0,0,0,0,0,0,0,0,0
201206,48,201,3,7,Harris County                 ,1237,1237,250092939,2,4,761650,0,0,0,9,267,22176600,1221,1221,244153879,2,4,761650,0,0,0,9,267,22176600
201206,48,209,3,7,Hays County                   ,107,107,16249126,0,0,0,0,0,0,16,134,8984618,52,52,7439698,0,0,0,0,0,0,0,0,0
201206,48,215,3,7,Hidalgo County                ,274,274,43878956,0,0,0,5,20,640000,0,0,0,250,250,41716915,0,0,0,5,20,640000,0,0,0
201206,48,231,3,7,Hunt County                   ,5,5,707099,0,0,0,0,0,0,0,0,0,4,4,657099,0,0,0,0,0,0,0,0,0
201206,48,233,3,7,Hutchinson County             ,0,0,0,0,0,0,0,0,0,0,0,0,0,0,0,0,0,0,0,0,0,0,0,0
201206,48,251,3,7,Johnson County                ,44,44,6837674,0,0,0,0,0,0,0,0,0,5,5,557436,0,0,0,0,0,0,0,0,0
201206,48,257,3,7,Kaufman County                ,16,16,2798182,0,0,0,0,0,0,0,0,0,15,15,2661340,0,0,0,0,0,0,0,0,0
201206,48,259,3,7,Kendall County                ,24,24,4775964,0,0,0,0,0,0,0,0,0,14,14,2636360,0,0,0,0,0,0,0,0,0
201206,48,271,3,7,Kinney County                 ,0,0,0,0,0,0,0,0,0,0,0,0,0,0,0,0,0,0,0,0,0,0,0,0
201206,48,291,3,7,Liberty County                ,28,28,3161494,0,0,0,0,0,0,0,0,0,20,20,2654494,0,0,0,0,0,0,0,0,0
201206,48,307,3,7,McCulloch County              ,0,0,0,0,0,0,0,0,0,0,0,0,0,0,0,0,0,0,0,0,0,0,0,0
201206,48,323,3,7,Maverick County               ,1,1,55070,0,0,0,0,0,0,0,0,0,1,1,55070,0,0,0,0,0,0,0,0,0
201206,48,325,3,7,Medina County                 ,2,2,314427,0,0,0,0,0,0,0,0,0,1,1,165000,0,0,0,0,0,0,0,0,0
201206,48,329,3,7,Midland County                ,59,59,10604644,0,0,0,0,0,0,0,0,0,0,0,0,0,0,0,0,0,0,0,0,0
201206,48,339,3,7,Montgomery County             ,284,284,59609946,3,6,300000,0,0,0,0,0,0,281,281,59260444,3,6,300000,0,0,0,0,0,0
201206,48,353,3,7,Nolan County                  ,0,0,0,0,0,0,0,0,0,0,0,0,0,0,0,0,0,0,0,0,0,0,0,0
201206,48,359,3,7,Oldham County                 ,0,0,0,0,0,0,0,0,0,0,0,0,0,0,0,0,0,0,0,0,0,0,0,0
201206,48,367,3,7,Parker County                 ,14,14,3064259,2,4,499852,0,0,0,0,0,0,13,13,2925714,2,4,499852,0,0,0,0,0,0
201206,48,375,3,7,Potter County                 ,34,34,7804616,0,0,0,0,0,0,0,0,0,34,34,7804616,0,0,0,0,0,0,0,0,0
201206,48,383,3,7,Reagan County                 ,0,0,0,0,0,0,0,0,0,0,0,0,0,0,0,0,0,0,0,0,0,0,0,0
201206,48,385,3,7,Real County                   ,0,0,0,0,0,0,0,0,0,0,0,0,0,0,0,0,0,0,0,0,0,0,0,0
201206,48,397,3,7,Rockwall County               ,62,62,16239186,0,0,0,0,0,0,0,0,0,60,60,15482652,0,0,0,0,0,0,0,0,0
201206,48,407,3,7,San Jacinto County            ,1,1,62500,0,0,0,0,0,0,0,0,0,0,0,0,0,0,0,0,0,0,0,0,0
201206,48,435,3,7,Sutton County                 ,0,0,0,0,0,0,0,0,0,0,0,0,0,0,0,0,0,0,0,0,0,0,0,0
201206,48,437,3,7,Swisher County                ,0,0,0,0,0,0,0,0,0,0,0,0,0,0,0,0,0,0,0,0,0,0,0,0
201206,48,439,3,7,Tarrant County                ,489,489,110320778,4,8,736648,0,0,0,0,0,0,440,440,96340146,4,8,736648,0,0,0,0,0,0
201206,48,451,3,7,Tom Green County              ,14,14,1696800,0,0,0,0,0,0,0,0,0,14,14,1696800,0,0,0,0,0,0,0,0,0
201206,48,453,3,7,Travis County                 ,437,437,72280477,0,0,0,0,0,0,8,438,31935670,417,417,67184895,0,0,0,0,0,0,8,438,31935670
201206,48,463,3,7,Uvalde County                 ,2,2,143000,0,0,0,0,0,0,0,0,0,2,2,143000,0,0,0,0,0,0,0,0,0
201206,48,469,3,7,Victoria County               ,8,8,1324687,0,0,0,0,0,0,0,0,0,8,8,1324687,0,0,0,0,0,0,0,0,0
201206,48,471,3,7,Walker County                 ,4,4,747731,0,0,0,0,0,0,0,0,0,4,4,747731,0,0,0,0,0,0,0,0,0
201206,48,473,3,7,Waller County                 ,0,0,0,0,0,0,0,0,0,1,5,110903,0,0,0,0,0,0,0,0,0,0,0,0
201206,48,479,3,7,Webb County                   ,70,70,10269093,0,0,0,0,0,0,2,36,2530929,0,0,0,0,0,0,0,0,0,0,0,0
201206,48,491,3,7,Williamson County             ,219,219,42756752,1,2,150576,1,3,59619,1,5,264720,82,82,15491391,0,0,0,0,0,0,0,0,0
201206,48,493,3,7,Wilson County                 ,2,2,340665,0,0,0,0,0,0,0,0,0,1,1,228500,0,0,0,0,0,0,0,0,0
201206,48,497,3,7,Wise County                   ,1,1,160000,0,0,0,0,0,0,0,0,0,1,1,160000,0,0,0,0,0,0,0,0,0
201206,49,009,4,8,Daggett County                ,1,1,87627,0,0,0,0,0,0,0,0,0,0,0,0,0,0,0,0,0,0,0,0,0
201206,49,019,4,8,Grand County                  ,2,2,377627,0,0,0,0,0,0,0,0,0,2,2,377627,0,0,0,0,0,0,0,0,0
201206,49,021,4,8,Iron County                   ,5,5,865957,1,2,208000,0,0,0,0,0,0,1,1,168000,0,0,0,0,0,0,0,0,0
201206,49,033,4,8,Rich County                   ,4,4,995823,0,0,0,0,0,0,0,0,0,3,3,728000,0,0,0,0,0,0,0,0,0
201206,49,035,4,8,Salt Lake County              ,235,235,52883643,0,0,0,0,0,0,6,94,9642865,207,207,47155538,0,0,0,0,0,0,2,62,7258075
201206,49,039,4,8,Sanpete County                ,4,4,357188,0,0,0,0,0,0,0,0,0,4,4,357188,0,0,0,0,0,0,0,0,0
201206,49,043,4,8,Summit County                 ,15,15,7221340,0,0,0,1,3,797518,0,0,0,3,3,1592722,0,0,0,0,0,0,0,0,0
201206,49,045,4,8,Tooele County                 ,21,21,3345882,0,0,0,0,0,0,0,0,0,21,21,3345882,0,0,0,0,0,0,0,0,0
201206,49,051,4,8,Wasatch County                ,17,17,7518388,0,0,0,0,0,0,0,0,0,17,17,7518388,0,0,0,0,0,0,0,0,0
201206,51,003,3,5,Albemarle County              ,24,24,4961706,0,0,0,0,0,0,0,0,0,24,24,4961706,0,0,0,0,0,0,0,0,0
201206,51,007,3,5,Amelia County                 ,1,1,135450,0,0,0,0,0,0,0,0,0,1,1,135450,0,0,0,0,0,0,0,0,0
201206,51,013,3,5,Arlington County              ,21,21,5394292,0,0,0,0,0,0,1,218,9785260,0,0,0,0,0,0,0,0,0,0,0,0
201206,51,015,3,5,Augusta County                ,12,12,1701695,0,0,0,0,0,0,0,0,0,12,12,1701695,0,0,0,0,0,0,0,0,0
201206,51,019,3,5,Bedford County                ,22,22,4692600,0,0,0,0,0,0,0,0,0,22,22,4692600,0,0,0,0,0,0,0,0,0
201206,51,023,3,5,Botetourt County              ,0,0,0,0,0,0,0,0,0,0,0,0,0,0,0,0,0,0,0,0,0,0,0,0
201206,51,031,3,5,Campbell County               ,20,20,2897000,0,0,0,0,0,0,0,0,0,20,20,2897000,0,0,0,0,0,0,0,0,0
201206,51,033,3,5,Caroline County               ,7,7,1129651,0,0,0,0,0,0,0,0,0,0,0,0,0,0,0,0,0,0,0,0,0
201206,51,036,3,5,Charles City County           ,1,1,231225,0,0,0,0,0,0,0,0,0,1,1,231225,0,0,0,0,0,0,0,0,0
201206,51,037,3,5,Charlotte County              ,3,3,304552,0,0,0,0,0,0,0,0,0,0,0,0,0,0,0,0,0,0,0,0,0
201206,51,041,3,5,Chesterfield County           ,80,80,15824728,0,0,0,0,0,0,1,5,327613,80,80,15824728,0,0,0,0,0,0,1,5,327613
201206,51,043,3,5,Clarke County                 ,2,2,477000,0,0,0,0,0,0,0,0,0,2,2,477000,0,0,0,0,0,0,0,0,0
201206,51,047,3,5,Culpeper County               ,26,26,6796722,0,0,0,0,0,0,0,0,0,26,26,6796722,0,0,0,0,0,0,0,0,0
201206,51,049,3,5,Cumberland County             ,2,2,155000,0,0,0,0,0,0,0,0,0,2,2,155000,0,0,0,0,0,0,0,0,0
201206,51,053,3,5,Dinwiddie County              ,6,6,1023954,0,0,0,0,0,0,0,0,0,0,0,0,0,0,0,0,0,0,0,0,0
201206,51,059,3,5,Fairfax County                ,51,51,10088264,0,0,0,0,0,0,0,0,0,51,51,10088264,0,0,0,0,0,0,0,0,0
201206,51,061,3,5,Fauquier County               ,12,12,3046906,0,0,0,0,0,0,0,0,0,10,10,2729906,0,0,0,0,0,0,0,0,0
201206,51,065,3,5,Fluvanna County               ,9,9,1170000,0,0,0,0,0,0,0,0,0,9,9,1170000,0,0,0,0,0,0,0,0,0
201206,51,067,3,5,Franklin County               ,11,11,2213586,0,0,0,0,0,0,0,0,0,11,11,2213586,0,0,0,0,0,0,0,0,0
201206,51,069,3,5,Frederick County              ,17,17,3720000,0,0,0,0,0,0,0,0,0,17,17,3720000,0,0,0,0,0,0,0,0,0
201206,51,073,3,5,Gloucester County             ,8,8,1423125,0,0,0,0,0,0,0,0,0,8,8,1423125,0,0,0,0,0,0,0,0,0
201206,51,075,3,5,Goochland County              ,6,6,2300650,0,0,0,0,0,0,0,0,0,6,6,2300650,0,0,0,0,0,0,0,0,0
201206,51,079,3,5,Greene County                 ,2,2,350000,0,0,0,0,0,0,0,0,0,2,2,350000,0,0,0,0,0,0,0,0,0
201206,51,085,3,5,Hanover County                ,18,18,3560564,0,0,0,0,0,0,0,0,0,18,18,3560564,0,0,0,0,0,0,0,0,0
201206,51,087,3,5,Henrico County                ,66,66,13055400,0,0,0,0,0,0,0,0,0,66,66,13055400,0,0,0,0,0,0,0,0,0
201206,51,093,3,5,Isle of Wight County          ,11,11,2730212,0,0,0,0,0,0,0,0,0,0,0,0,0,0,0,0,0,0,0,0,0
201206,51,095,3,5,James City County             ,26,26,7216935,0,0,0,1,4,431135,1,6,963637,26,26,7216935,0,0,0,1,4,431135,1,6,963637
201206,51,097,3,5,King and Queen County         ,2,2,265000,0,0,0,0,0,0,0,0,0,2,2,265000,0,0,0,0,0,0,0,0,0
201206,51,099,3,5,King George County            ,9,9,1780282,0,0,0,0,0,0,0,0,0,9,9,1780282,0,0,0,0,0,0,0,0,0
201206,51,101,3,5,King William County           ,1,1,90000,0,0,0,0,0,0,0,0,0,1,1,90000,0,0,0,0,0,0,0,0,0
201206,51,107,3,5,Loudoun County                ,329,329,65079192,4,8,1000000,0,0,0,3,41,340000,329,329,65079192,4,8,1000000,0,0,0,3,41,340000
201206,51,109,3,5,Louisa County                 ,16,16,3998024,0,0,0,0,0,0,0,0,0,16,16,3998024,0,0,0,0,0,0,0,0,0
201206,51,115,3,5,Mathews County                ,2,2,220000,0,0,0,0,0,0,0,0,0,2,2,220000,0,0,0,0,0,0,0,0,0
201206,51,119,3,5,Middlesex County              ,3,3,538000,0,0,0,0,0,0,0,0,0,3,3,538000,0,0,0,0,0,0,0,0,0
201206,51,127,3,5,New Kent County               ,13,13,2567160,0,0,0,0,0,0,0,0,0,13,13,2567160,0,0,0,0,0,0,0,0,0
201206,51,137,3,5,Orange County                 ,8,8,993247,0,0,0,0,0,0,0,0,0,8,8,993247,0,0,0,0,0,0,0,0,0
201206,51,143,3,5,Pittsylvania County           ,7,7,869340,0,0,0,0,0,0,2,10,590250,0,0,0,0,0,0,0,0,0,0,0,0
201206,51,145,3,5,Powhatan County               ,9,9,2389433,0,0,0,0,0,0,0,0,0,9,9,2389433,0,0,0,0,0,0,0,0,0
201206,51,149,3,5,Prince George County          ,6,6,1186855,0,0,0,0,0,0,0,0,0,6,6,1186855,0,0,0,0,0,0,0,0,0
201206,51,153,3,5,Prince William County         ,172,172,26838343,0,0,0,0,0,0,0,0,0,172,172,26838343,0,0,0,0,0,0,0,0,0
201206,51,157,3,5,Rappahannock County           ,0,0,0,0,0,0,0,0,0,0,0,0,0,0,0,0,0,0,0,0,0,0,0,0
201206,51,161,3,5,Roanoke County                ,15,15,3197177,0,0,0,0,0,0,0,0,0,15,15,3197177,0,0,0,0,0,0,0,0,0
201206,51,163,3,5,Rockbridge County             ,5,5,1216300,0,0,0,0,0,0,0,0,0,5,5,1216300,0,0,0,0,0,0,0,0,0
201206,51,165,3,5,Rockingham County             ,22,22,3877400,0,0,0,0,0,0,0,0,0,22,22,3877400,0,0,0,0,0,0,0,0,0
201206,51,169,3,5,Scott County                  ,3,3,406000,0,0,0,0,0,0,0,0,0,3,3,406000,0,0,0,0,0,0,0,0,0
201206,51,171,3,5,Shenandoah County             ,7,7,1072486,0,0,0,0,0,0,0,0,0,7,7,1072486,0,0,0,0,0,0,0,0,0
201206,51,177,3,5,Spotsylvania County           ,27,27,6261522,0,0,0,0,0,0,0,0,0,0,0,0,0,0,0,0,0,0,0,0,0
201206,51,179,3,5,Stafford County               ,70,70,14740928,0,0,0,0,0,0,0,0,0,70,70,14740928,0,0,0,0,0,0,0,0,0
201206,51,181,3,5,Surry County                  ,1,1,220000,0,0,0,0,0,0,0,0,0,1,1,220000,0,0,0,0,0,0,0,0,0
201206,51,183,3,5,Sussex County                 ,2,2,272500,0,0,0,0,0,0,0,0,0,2,2,272500,0,0,0,0,0,0,0,0,0
201206,51,187,3,5,Warren County                 ,7,7,1241500,0,0,0,0,0,0,0,0,0,7,7,1241500,0,0,0,0,0,0,0,0,0
201206,51,199,3,5,York County                   ,20,20,3285283,0,0,0,2,8,842402,1,7,770000,20,20,3285283,0,0,0,2,8,842402,1,7,770000
201206,51,510,3,5,Alexandria (Independent City) ,14,14,2455000,0,0,0,0,0,0,0,0,0,14,14,2455000,0,0,0,0,0,0,0,0,0
201206,51,530,3,5,Buena Vista (Independent City),0,0,0,0,0,0,0,0,0,0,0,0,0,0,0,0,0,0,0,0,0,0,0,0
201206,51,550,3,5,Chesapeake(Independent City)  ,47,47,9297027,0,0,0,0,0,0,0,0,0,47,47,9297027,0,0,0,0,0,0,0,0,0
201206,51,570,3,5,Colonial Heights (Independent ,1,1,197809,0,0,0,0,0,0,0,0,0,1,1,197809,0,0,0,0,0,0,0,0,0
201206,51,580,3,5,Covington (Independent City)  ,0,0,0,0,0,0,0,0,0,0,0,0,0,0,0,0,0,0,0,0,0,0,0,0
201206,51,600,3,5,Fairfax (Independent City)    ,1,1,150000,0,0,0,0,0,0,0,0,0,1,1,150000,0,0,0,0,0,0,0,0,0
201206,51,610,3,5,Falls Church (Independent City,1,1,634000,0,0,0,0,0,0,0,0,0,1,1,634000,0,0,0,0,0,0,0,0,0
201206,51,630,3,5,Fredericksburg(Independent Cit,12,12,2147496,0,0,0,0,0,0,1,37,911435,0,0,0,0,0,0,0,0,0,0,0,0
201206,51,650,3,5,Hampton (Independent City)    ,18,18,2697195,0,0,0,0,0,0,4,34,1177673,0,0,0,0,0,0,0,0,0,0,0,0
201206,51,660,3,5,Harrisonburg (Independent City,0,0,0,0,0,0,0,0,0,1,12,1100004,0,0,0,0,0,0,0,0,0,1,12,1100004
201206,51,670,3,5,Hopewell (Independent City)   ,6,6,483000,0,0,0,0,0,0,0,0,0,6,6,483000,0,0,0,0,0,0,0,0,0
201206,51,680,3,5,Lynchburg (Independent City)  ,9,9,1153553,0,0,0,0,0,0,2,42,4852090,9,9,1153553,0,0,0,0,0,0,2,42,4852090
201206,51,683,3,5,Manassas (Independent City)   ,5,5,542728,0,0,0,0,0,0,0,0,0,0,0,0,0,0,0,0,0,0,0,0,0
201206,51,685,3,5,Manassas Park (Independent Cit,0,0,0,0,0,0,0,0,0,0,0,0,0,0,0,0,0,0,0,0,0,0,0,0
201206,51,700,3,5,Newport News (Independent City,13,13,696001,0,0,0,0,0,0,0,0,0,13,13,696001,0,0,0,0,0,0,0,0,0
201206,51,710,3,5,Norfolk (Independent City)    ,28,28,5538655,0,0,0,0,0,0,0,0,0,28,28,5538655,0,0,0,0,0,0,0,0,0
201206,51,730,3,5,Petersburg (Independent City) ,0,0,0,0,0,0,0,0,0,0,0,0,0,0,0,0,0,0,0,0,0,0,0,0
201206,51,735,3,5,Poquoson (Independent City)   ,3,3,616000,0,0,0,0,0,0,0,0,0,3,3,616000,0,0,0,0,0,0,0,0,0
201206,51,740,3,5,Portsmouth (Independent City) ,8,8,1582473,0,0,0,0,0,0,0,0,0,8,8,1582473,0,0,0,0,0,0,0,0,0
201206,51,760,3,5,Richmond (Independent City)   ,18,18,2736044,8,16,1302435,0,0,0,1,7,436254,18,18,2736044,8,16,1302435,0,0,0,1,7,436254
201206,51,770,3,5,Roanoke (Independent City)    ,4,4,540508,1,2,163029,0,0,0,0,0,0,4,4,540508,1,2,163029,0,0,0,0,0,0
201206,51,800,3,5,Suffolk (Independent City)    ,67,67,13253209,0,0,0,0,0,0,0,0,0,67,67,13253209,0,0,0,0,0,0,0,0,0
201206,51,810,3,5,Virginia Beach (Independent Ci,54,54,8330150,0,0,0,0,0,0,6,226,14200500,54,54,8330150,0,0,0,0,0,0,6,226,14200500
201206,51,830,3,5,Williamsburg (Independent City,0,0,0,0,0,0,0,0,0,0,0,0,0,0,0,0,0,0,0,0,0,0,0,0
201206,53,011,4,9,Clark County                  ,115,115,29726299,0,0,0,0,0,0,0,0,0,112,112,29099976,0,0,0,0,0,0,0,0,0
201206,53,033,4,9,King County                   ,357,357,109227839,5,10,1823629,0,0,0,5,1171,226554109,307,307,92860043,5,10,1823629,0,0,0,4,1161,225581489
201206,53,041,4,9,Lewis County                  ,14,14,2029589,0,0,0,0,0,0,0,0,0,14,14,2029589,0,0,0,0,0,0,0,0,0
201206,53,053,4,9,Pierce County                 ,146,146,37907713,1,2,376526,0,0,0,4,122,13948805,136,136,35201299,1,2,376526,0,0,0,2,109,12374955
201206,53,059,4,9,Skamania County               ,4,4,884501,0,0,0,0,0,0,0,0,0,0,0,0,0,0,0,0,0,0,0,0,0
201206,53,061,4,9,Snohomish County              ,220,220,57467345,5,10,2108508,1,4,486856,0,0,0,214,214,56337674,5,10,2108508,1,4,486856,0,0,0
201206,54,037,3,5,Jefferson County              ,17,17,3385739,0,0,0,0,0,0,0,0,0,17,17,3385739,0,0,0,0,0,0,0,0,0
201206,55,021,2,3,Columbia County               ,7,7,1480000,0,0,0,0,0,0,0,0,0,7,7,1480000,0,0,0,0,0,0,0,0,0
201206,55,025,2,3,Dane County                   ,74,74,18136275,1,2,261875,0,0,0,5,64,5957446,40,40,11196000,0,0,0,0,0,0,0,0,0
201206,55,031,2,3,Douglas County                ,9,9,899202,0,0,0,0,0,0,0,0,0,9,9,899202,0,0,0,0,0,0,0,0,0
201206,55,037,2,3,Florence County               ,2,2,305900,0,0,0,0,0,0,0,0,0,0,0,0,0,0,0,0,0,0,0,0,0
201206,55,049,2,3,Iowa County                   ,1,1,320000,0,0,0,0,0,0,0,0,0,1,1,320000,0,0,0,0,0,0,0,0,0
201206,55,059,2,3,Kenosha County                ,9,9,2240025,0,0,0,0,0,0,0,0,0,9,9,2240025,0,0,0,0,0,0,0,0,0
201206,55,079,2,3,Milwaukee County              ,17,17,3750100,0,0,0,0,0,0,0,0,0,17,17,3750100,0,0,0,0,0,0,0,0,0
201206,55,089,2,3,Ozaukee County                ,14,14,4793371,0,0,0,0,0,0,0,0,0,6,6,1135640,0,0,0,0,0,0,0,0,0
201206,55,093,2,3,Pierce County                 ,12,12,1990000,0,0,0,0,0,0,0,0,0,12,12,1990000,0,0,0,0,0,0,0,0,0
201206,55,109,2,3,St. Croix County              ,13,13,2870519,0,0,0,0,0,0,0,0,0,10,10,2370260,0,0,0,0,0,0,0,0,0
201206,55,113,2,3,Sawyer County                 ,4,4,1731200,0,0,0,0,0,0,0,0,0,4,4,1731200,0,0,0,0,0,0,0,0,0
201206,55,131,2,3,Washington County             ,14,14,3816443,0,0,0,0,0,0,0,0,0,8,8,2229625,0,0,0,0,0,0,0,0,0
201206,55,133,2,3,Waukesha County               ,45,45,16755287,0,0,0,0,0,0,0,0,0,34,34,13294183,0,0,0,0,0,0,0,0,0
201206,56,019,4,8,Johnson County                ,0,0,0,0,0,0,0,0,0,0,0,0,0,0,0,0,0,0,0,0,0,0,0,0
201206,56,039,4,8,Teton County                  ,3,3,6453119,0,0,0,0,0,0,1,8,685305,2,2,6250000,0,0,0,0,0,0,0,0,0
