Survey,FIPS,FIPS,Region,Division,County,,1-unit,,,2-units,,,3-4 units,,,5+ units,,,1-unit rep,,,2-units rep,,,3-4 units rep,,, 5+units rep
Date,State,County,Code,Code,Name,Bldgs,Units,Value,Bldgs,Units,Value,Bldgs,Units,Value,Bldgs,Units,Value,Bldgs,Units,Value,Bldgs,Units,Value,Bldgs,Units,Value,Bldgs,Units,Value
 
201201,01,001,3,6,Autauga County                ,9,9,2107491,0,0,0,0,0,0,0,0,0,9,9,2107491,0,0,0,0,0,0,0,0,0
201201,01,007,3,6,Bibb County                   ,1,1,163303,0,0,0,0,0,0,0,0,0,0,0,0,0,0,0,0,0,0,0,0,0
201201,01,009,3,6,Blount County                 ,1,1,350000,0,0,0,0,0,0,0,0,0,1,1,350000,0,0,0,0,0,0,0,0,0
201201,01,021,3,6,Chilton County                ,2,2,254433,0,0,0,0,0,0,0,0,0,1,1,122000,0,0,0,0,0,0,0,0,0
201201,01,037,3,6,Coosa County                  ,0,0,0,0,0,0,0,0,0,0,0,0,0,0,0,0,0,0,0,0,0,0,0,0
201201,01,073,3,6,Jefferson County              ,86,86,19974726,0,0,0,0,0,0,0,0,0,79,79,19013959,0,0,0,0,0,0,0,0,0
201201,01,081,3,6,Lee County                    ,41,41,9435791,0,0,0,0,0,0,0,0,0,41,41,9435791,0,0,0,0,0,0,0,0,0
201201,01,115,3,6,St. Clair County              ,4,4,500486,0,0,0,0,0,0,0,0,0,1,1,121467,0,0,0,0,0,0,0,0,0
201201,01,117,3,6,Shelby County                 ,39,39,6195788,0,0,0,0,0,0,0,0,0,20,20,2868165,0,0,0,0,0,0,0,0,0
201201,01,127,3,6,Walker County                 ,0,0,0,0,0,0,0,0,0,0,0,0,0,0,0,0,0,0,0,0,0,0,0,0
201201,02,000,4,9,Alaska Balance of State       ,4,4,958634,0,0,0,0,0,0,0,0,0,0,0,0,0,0,0,0,0,0,0,0,0
201201,02,013,4,9,Aleutians East Borough        ,0,0,0,0,0,0,0,0,0,0,0,0,0,0,0,0,0,0,0,0,0,0,0,0
201201,02,016,4,9,Aleutians West Census Area    ,0,0,0,0,0,0,0,0,0,0,0,0,0,0,0,0,0,0,0,0,0,0,0,0
201201,02,020,4,9,Anchorage Borough             ,18,18,5021609,0,0,0,0,0,0,0,0,0,18,18,5021609,0,0,0,0,0,0,0,0,0
201201,02,050,4,9,Bethel Census Area            ,0,0,0,0,0,0,0,0,0,0,0,0,0,0,0,0,0,0,0,0,0,0,0,0
201201,02,060,4,9,Bristol Bay Borough           ,0,0,0,0,0,0,0,0,0,0,0,0,0,0,0,0,0,0,0,0,0,0,0,0
201201,02,090,4,9,Fairbanks North Star Borough  ,2,2,367856,0,0,0,0,0,0,0,0,0,0,0,0,0,0,0,0,0,0,0,0,0
201201,02,100,4,9,Haines Borough                ,0,0,0,0,0,0,0,0,0,0,0,0,0,0,0,0,0,0,0,0,0,0,0,0
201201,02,110,4,9,Juneau Borough                ,0,0,0,0,0,0,0,0,0,0,0,0,0,0,0,0,0,0,0,0,0,0,0,0
201201,02,122,4,9,Kenai Peninsula Borough       ,0,0,0,0,0,0,1,3,400000,0,0,0,0,0,0,0,0,0,1,3,400000,0,0,0
201201,02,130,4,9,Ketchikan Gateway Borough     ,0,0,0,1,2,259591,0,0,0,0,0,0,0,0,0,1,2,259591,0,0,0,0,0,0
201201,02,150,4,9,Kodiak Island Borough         ,0,0,0,0,0,0,0,0,0,0,0,0,0,0,0,0,0,0,0,0,0,0,0,0
201201,02,170,4,9,Matanuska-Susitna Borough     ,2,2,372341,0,0,0,0,0,0,0,0,0,0,0,0,0,0,0,0,0,0,0,0,0
201201,02,180,4,9,Nome Census Area              ,0,0,0,0,0,0,0,0,0,0,0,0,0,0,0,0,0,0,0,0,0,0,0,0
201201,02,185,4,9,North Slope Borough           ,1,1,222058,0,0,0,0,0,0,0,0,0,1,1,222058,0,0,0,0,0,0,0,0,0
201201,02,188,4,9,Northwest Arctic Borough      ,0,0,0,0,0,0,0,0,0,0,0,0,0,0,0,0,0,0,0,0,0,0,0,0
201201,02,201,4,9,Prince of Wales-Outer Ketchika,0,0,0,0,0,0,0,0,0,0,0,0,0,0,0,0,0,0,0,0,0,0,0,0
201201,02,220,4,9,Sitka Borough                 ,1,1,219764,0,0,0,0,0,0,0,0,0,0,0,0,0,0,0,0,0,0,0,0,0
201201,02,232,4,9,Skagway-Hoonah-Angoon Census A,0,0,0,0,0,0,0,0,0,0,0,0,0,0,0,0,0,0,0,0,0,0,0,0
201201,02,261,4,9,Valdez-Cordova Census Area    ,0,0,0,0,0,0,0,0,0,0,0,0,0,0,0,0,0,0,0,0,0,0,0,0
201201,02,280,4,9,Wrangell-Petersburg Census Are,0,0,0,0,0,0,0,0,0,0,0,0,0,0,0,0,0,0,0,0,0,0,0,0
201201,02,282,4,9,Yakutat Borough               ,1,1,145000,0,0,0,0,0,0,0,0,0,0,0,0,0,0,0,0,0,0,0,0,0
201201,02,290,4,9,Yukon-Koyukuk Census Area     ,0,0,0,0,0,0,0,0,0,0,0,0,0,0,0,0,0,0,0,0,0,0,0,0
201201,04,013,4,8,Maricopa County               ,581,581,147187834,0,0,0,1,3,430518,0,0,0,581,581,147187834,0,0,0,1,3,430518,0,0,0
201201,04,019,4,8,Pima County                   ,113,113,31044910,0,0,0,0,0,0,0,0,0,69,69,21927354,0,0,0,0,0,0,0,0,0
201201,04,021,4,8,Pinal County                  ,92,92,11854377,0,0,0,0,0,0,0,0,0,86,86,10910250,0,0,0,0,0,0,0,0,0
201201,05,023,3,7,Cleburne County               ,2,2,210000,0,0,0,0,0,0,0,0,0,2,2,210000,0,0,0,0,0,0,0,0,0
201201,05,025,3,7,Cleveland County              ,0,0,0,0,0,0,0,0,0,0,0,0,0,0,0,0,0,0,0,0,0,0,0,0
201201,05,027,3,7,Columbia County               ,1,1,300000,0,0,0,0,0,0,0,0,0,1,1,300000,0,0,0,0,0,0,0,0,0
201201,05,035,3,7,Crittenden County             ,4,4,510000,0,0,0,0,0,0,0,0,0,4,4,510000,0,0,0,0,0,0,0,0,0
201201,05,059,3,7,Hot Spring County             ,0,0,0,0,0,0,0,0,0,0,0,0,0,0,0,0,0,0,0,0,0,0,0,0
201201,05,061,3,7,Howard County                 ,0,0,0,0,0,0,0,0,0,0,0,0,0,0,0,0,0,0,0,0,0,0,0,0
201201,05,099,3,7,Nevada County                 ,0,0,0,0,0,0,0,0,0,0,0,0,0,0,0,0,0,0,0,0,0,0,0,0
201201,06,001,4,9,Alameda County                ,103,103,29130247,2,4,1117308,0,0,0,1,12,1641339,97,97,26974048,2,4,1117308,0,0,0,1,12,1641339
201201,06,003,4,9,Alpine County                 ,0,0,0,0,0,0,0,0,0,0,0,0,0,0,0,0,0,0,0,0,0,0,0,0
201201,06,009,4,9,Calaveras County              ,3,3,926065,0,0,0,0,0,0,0,0,0,0,0,0,0,0,0,0,0,0,0,0,0
201201,06,013,4,9,Contra Costa County           ,61,61,12796743,0,0,0,1,4,886998,2,32,3479143,30,30,5451431,0,0,0,0,0,0,0,0,0
201201,06,017,4,9,El Dorado County              ,9,9,4125213,0,0,0,0,0,0,0,0,0,9,9,4125213,0,0,0,0,0,0,0,0,0
201201,06,037,4,9,Los Angeles County            ,141,141,42886405,11,22,5405448,0,0,0,8,84,11417162,116,116,35289165,11,22,5405448,0,0,0,3,44,6280000
201201,06,041,4,9,Marin County                  ,6,6,2021740,0,0,0,0,0,0,1,5,492753,1,1,272000,0,0,0,0,0,0,0,0,0
201201,06,045,4,9,Mendocino County              ,6,6,500995,0,0,0,0,0,0,0,0,0,6,6,500995,0,0,0,0,0,0,0,0,0
201201,06,049,4,9,Modoc County                  ,0,0,0,0,0,0,0,0,0,0,0,0,0,0,0,0,0,0,0,0,0,0,0,0
201201,06,051,4,9,Mono County                   ,2,2,1023997,0,0,0,0,0,0,0,0,0,0,0,0,0,0,0,0,0,0,0,0,0
201201,06,059,4,9,Orange County                 ,137,137,38879362,3,6,1564347,2,7,913400,11,66,800000,125,125,35487863,3,6,1564347,1,4,618568,11,66,800000
201201,06,061,4,9,Placer County                 ,64,64,14668036,0,0,0,1,4,337239,0,0,0,64,64,14668036,0,0,0,1,4,337239,0,0,0
201201,06,063,4,9,Plumas County                 ,1,1,310391,0,0,0,0,0,0,0,0,0,1,1,310391,0,0,0,0,0,0,0,0,0
201201,06,065,4,9,Riverside County              ,134,134,32456031,0,0,0,0,0,0,3,34,6559618,118,118,30546481,0,0,0,0,0,0,3,34,6559618
201201,06,067,4,9,Sacramento County             ,72,72,16307250,0,0,0,0,0,0,0,0,0,71,71,16055576,0,0,0,0,0,0,0,0,0
201201,06,069,4,9,San Benito County             ,3,3,574199,0,0,0,0,0,0,0,0,0,0,0,0,0,0,0,0,0,0,0,0,0
201201,06,071,4,9,San Bernardino County         ,60,60,12975477,0,0,0,0,0,0,0,0,0,57,57,12326072,0,0,0,0,0,0,0,0,0
201201,06,073,4,9,San Diego County              ,159,159,51092117,17,34,6232709,6,18,2839773,1,5,976293,159,159,51092117,17,34,6232709,6,18,2839773,1,5,976293
201201,06,075,4,9,San Francisco County          ,2,2,454107,1,2,800000,0,0,0,1,6,1600000,2,2,454107,1,2,800000,0,0,0,1,6,1600000
201201,06,077,4,9,San Joaquin County            ,55,55,15034049,0,0,0,0,0,0,0,0,0,54,54,14803359,0,0,0,0,0,0,0,0,0
201201,06,081,4,9,San Mateo County              ,10,10,15458052,0,0,0,0,0,0,0,0,0,6,6,13104433,0,0,0,0,0,0,0,0,0
201201,06,085,4,9,Santa Clara County            ,75,75,27578682,1,2,406247,0,0,0,2,191,38563411,73,73,26155608,1,2,406247,0,0,0,2,191,38563411
201201,06,091,4,9,Sierra County                 ,0,0,0,0,0,0,0,0,0,0,0,0,0,0,0,0,0,0,0,0,0,0,0,0
201201,06,113,4,9,Yolo County                   ,8,8,2713903,0,0,0,0,0,0,0,0,0,8,8,2713903,0,0,0,0,0,0,0,0,0
201201,08,001,4,8,Adams County                  ,44,44,9224402,0,0,0,0,0,0,0,0,0,40,40,8458245,0,0,0,0,0,0,0,0,0
201201,08,005,4,8,Arapahoe County               ,43,43,10641804,0,0,0,0,0,0,1,49,4169005,43,43,10641804,0,0,0,0,0,0,1,49,4169005
201201,08,014,4,8,Broomfield County             ,14,14,4414386,0,0,0,0,0,0,0,0,0,14,14,4414386,0,0,0,0,0,0,0,0,0
201201,08,015,4,8,Chaffee County                ,7,7,1762358,0,0,0,0,0,0,0,0,0,7,7,1762358,0,0,0,0,0,0,0,0,0
201201,08,019,4,8,Clear Creek County            ,0,0,0,0,0,0,0,0,0,0,0,0,0,0,0,0,0,0,0,0,0,0,0,0
201201,08,023,4,8,Costilla County               ,1,1,226285,0,0,0,0,0,0,0,0,0,0,0,0,0,0,0,0,0,0,0,0,0
201201,08,031,4,8,Denver County                 ,60,60,14522468,0,0,0,1,4,710000,4,225,19244605,60,60,14522468,0,0,0,1,4,710000,4,225,19244605
201201,08,033,4,8,Dolores County                ,0,0,0,0,0,0,0,0,0,0,0,0,0,0,0,0,0,0,0,0,0,0,0,0
201201,08,035,4,8,Douglas County                ,108,108,26543188,0,0,0,0,0,0,0,0,0,108,108,26543188,0,0,0,0,0,0,0,0,0
201201,08,039,4,8,Elbert County                 ,1,1,299938,0,0,0,0,0,0,0,0,0,1,1,299938,0,0,0,0,0,0,0,0,0
201201,08,041,4,8,El Paso County                ,127,127,37199976,0,0,0,0,0,0,0,0,0,127,127,37199976,0,0,0,0,0,0,0,0,0
201201,08,047,4,8,Gilpin County                 ,1,1,280000,0,0,0,0,0,0,0,0,0,0,0,0,0,0,0,0,0,0,0,0,0
201201,08,049,4,8,Grand County                  ,7,7,1654980,0,0,0,0,0,0,0,0,0,0,0,0,0,0,0,0,0,0,0,0,0
201201,08,059,4,8,Jefferson County              ,45,45,11726573,1,2,339908,0,0,0,1,8,1208565,45,45,11726573,1,2,339908,0,0,0,1,8,1208565
201201,08,069,4,8,Larimer County                ,44,44,9383329,0,0,0,0,0,0,0,0,0,44,44,9383329,0,0,0,0,0,0,0,0,0
201201,08,077,4,8,Mesa County                   ,22,22,4832377,0,0,0,0,0,0,0,0,0,22,22,4832377,0,0,0,0,0,0,0,0,0
201201,08,093,4,8,Park County                   ,4,4,481384,0,0,0,0,0,0,0,0,0,4,4,481384,0,0,0,0,0,0,0,0,0
201201,08,101,4,8,Pueblo County                 ,9,9,1507359,0,0,0,0,0,0,0,0,0,9,9,1507359,0,0,0,0,0,0,0,0,0
201201,08,107,4,8,Routt County                  ,2,2,2197774,0,0,0,0,0,0,0,0,0,2,2,2197774,0,0,0,0,0,0,0,0,0
201201,08,119,4,8,Teller County                 ,1,1,260948,0,0,0,0,0,0,0,0,0,1,1,260948,0,0,0,0,0,0,0,0,0
201201,08,123,4,8,Weld County                   ,82,82,18623709,0,0,0,0,0,0,1,5,144687,74,74,16553780,0,0,0,0,0,0,0,0,0
201201,10,001,3,5,Kent County                   ,52,52,7246270,0,0,0,0,0,0,0,0,0,11,11,1763432,0,0,0,0,0,0,0,0,0
201201,10,003,3,5,New Castle County             ,49,49,4019427,0,0,0,0,0,0,2,57,5711130,47,47,3902649,0,0,0,0,0,0,1,48,5567130
201201,10,005,3,5,Sussex County                 ,96,96,15345271,6,12,1258732,0,0,2674000,3,54,2790350,96,96,15345271,6,12,1258732,0,0,2674000,3,54,2790350
201201,11,001,3,5,Washington  DC                ,12,12,2320000,11,22,1418000,0,0,0,0,0,0,12,12,2320000,11,22,1418000,0,0,0,0,0,0
201201,12,003,3,5,Baker County                  ,1,1,258690,0,0,0,0,0,0,0,0,0,1,1,258690,0,0,0,0,0,0,0,0,0
201201,12,009,3,5,Brevard County                ,60,60,16233389,0,0,0,0,0,0,0,0,0,47,47,13292027,0,0,0,0,0,0,0,0,0
201201,12,011,3,5,Broward County                ,92,92,26935495,1,2,300000,0,0,0,1,22,1211455,91,91,26808525,1,2,300000,0,0,0,1,22,1211455
201201,12,013,3,5,Calhoun County                ,0,0,0,0,0,0,0,0,0,0,0,0,0,0,0,0,0,0,0,0,0,0,0,0
201201,12,015,3,5,Charlotte County              ,20,20,3250103,5,10,435036,0,0,0,0,0,0,0,0,0,0,0,0,0,0,0,0,0,0
201201,12,019,3,5,Clay County                   ,34,34,6288963,0,0,0,0,0,0,0,0,0,34,34,6288963,0,0,0,0,0,0,0,0,0
201201,12,021,3,5,Collier County                ,57,57,19086602,0,0,0,2,8,1759000,4,29,5799000,57,57,19086602,0,0,0,2,8,1759000,4,29,5799000
201201,12,023,3,5,Columbia County               ,5,5,684184,0,0,0,0,0,0,0,0,0,0,0,0,0,0,0,0,0,0,0,0,0
201201,12,031,3,5,Duval County                  ,83,83,14989340,0,0,0,0,0,0,0,0,0,83,83,14989340,0,0,0,0,0,0,0,0,0
201201,12,033,3,5,Escambia County               ,45,45,8165596,0,0,0,0,0,0,0,0,0,45,45,8165596,0,0,0,0,0,0,0,0,0
201201,12,035,3,5,Flagler County                ,20,20,5606182,0,0,0,0,0,0,0,0,0,20,20,5606182,0,0,0,0,0,0,0,0,0
201201,12,037,3,5,Franklin County               ,0,0,0,0,0,0,0,0,0,0,0,0,0,0,0,0,0,0,0,0,0,0,0,0
201201,12,041,3,5,Gilchrist County              ,1,1,150000,0,0,0,0,0,0,0,0,0,1,1,150000,0,0,0,0,0,0,0,0,0
201201,12,043,3,5,Glades County                 ,0,0,0,0,0,0,0,0,0,0,0,0,0,0,0,0,0,0,0,0,0,0,0,0
201201,12,047,3,5,Hamilton County               ,2,2,161311,0,0,0,0,0,0,0,0,0,0,0,0,0,0,0,0,0,0,0,0,0
201201,12,049,3,5,Hardee County                 ,1,1,61900,0,0,0,0,0,0,0,0,0,1,1,61900,0,0,0,0,0,0,0,0,0
201201,12,053,3,5,Hernando County               ,11,11,1421012,0,0,0,0,0,0,0,0,0,10,10,1260999,0,0,0,0,0,0,0,0,0
201201,12,055,3,5,Highlands County              ,1,1,325440,0,0,0,0,0,0,0,0,0,1,1,325440,0,0,0,0,0,0,0,0,0
201201,12,057,3,5,Hillsborough County           ,262,262,81492694,0,0,0,4,12,1450783,5,102,10758583,262,262,81492694,0,0,0,4,12,1450783,5,102,10758583
201201,12,061,3,5,Indian River County           ,26,26,7260716,0,0,0,0,0,0,0,0,0,22,22,5230478,0,0,0,0,0,0,0,0,0
201201,12,063,3,5,Jackson County                ,4,4,478366,0,0,0,0,0,0,0,0,0,0,0,0,0,0,0,0,0,0,0,0,0
201201,12,065,3,5,Jefferson County              ,2,2,140750,0,0,0,0,0,0,0,0,0,2,2,140750,0,0,0,0,0,0,0,0,0
201201,12,067,3,5,Lafayette County              ,0,0,0,0,0,0,0,0,0,0,0,0,0,0,0,0,0,0,0,0,0,0,0,0
201201,12,069,3,5,Lake County                   ,39,39,9726684,0,0,0,0,0,0,0,0,0,36,36,9094816,0,0,0,0,0,0,0,0,0
201201,12,071,3,5,Lee County                    ,93,93,19011398,0,0,0,1,4,389150,0,0,0,93,93,19011398,0,0,0,1,4,389150,0,0,0
201201,12,073,3,5,Leon County                   ,27,27,3908112,0,0,0,0,0,0,0,0,0,7,7,1118000,0,0,0,0,0,0,0,0,0
201201,12,077,3,5,Liberty County                ,0,0,0,0,0,0,0,0,0,0,0,0,0,0,0,0,0,0,0,0,0,0,0,0
201201,12,081,3,5,Manatee County                ,114,114,23219539,0,0,0,2,6,1114000,0,0,0,112,112,22465482,0,0,0,2,6,1114000,0,0,0
201201,12,083,3,5,Marion County                 ,18,18,3600533,0,0,0,0,0,0,0,0,0,18,18,3600533,0,0,0,0,0,0,0,0,0
201201,12,085,3,5,Martin County                 ,14,14,6590707,0,0,0,0,0,0,0,0,0,14,14,6590707,0,0,0,0,0,0,0,0,0
201201,12,086,3,5,Miami-Dade County             ,81,81,12582580,3,6,342135,0,0,0,23,485,38078230,77,77,11982089,3,6,342135,0,0,0,23,485,38078230
201201,12,089,3,5,Nassau County                 ,25,25,5879954,0,0,0,0,0,0,0,0,0,20,20,4731840,0,0,0,0,0,0,0,0,0
201201,12,095,3,5,Orange County                 ,240,240,48772615,17,34,1622559,0,0,0,12,430,24286255,224,224,45685698,17,34,1622559,0,0,0,12,430,24286255
201201,12,097,3,5,Osceola County                ,98,98,24224981,0,0,0,0,0,0,0,0,0,98,98,24224981,0,0,0,0,0,0,0,0,0
201201,12,099,3,5,Palm Beach County             ,87,87,32420387,1,2,208371,3,9,2818398,17,593,54633399,86,86,32070387,0,0,0,3,9,2818398,16,588,54005177
201201,12,101,3,5,Pasco County                  ,90,90,16799427,1,2,288017,0,0,0,1,6,862580,90,90,16799427,1,2,288017,0,0,0,1,6,862580
201201,12,103,3,5,Pinellas County               ,37,37,8493703,0,0,0,0,0,0,0,0,0,36,36,8240268,0,0,0,0,0,0,0,0,0
201201,12,105,3,5,Polk County                   ,121,121,21578814,0,0,0,0,0,0,0,0,0,120,120,21457936,0,0,0,0,0,0,0,0,0
201201,12,107,3,5,Putnam County                 ,3,3,372650,0,0,0,0,0,0,0,0,0,0,0,0,0,0,0,0,0,0,0,0,0
201201,12,109,3,5,St. Johns County              ,146,146,37114982,7,14,2275000,0,0,0,1,16,908000,146,146,37114982,7,14,2275000,0,0,0,1,16,908000
201201,12,111,3,5,St. Lucie County              ,22,22,3417703,0,0,0,0,0,0,1,5,695188,21,21,3246248,0,0,0,0,0,0,0,0,0
201201,12,113,3,5,Santa Rosa County             ,32,32,5901066,0,0,0,0,0,0,0,0,0,32,32,5901066,0,0,0,0,0,0,0,0,0
201201,12,115,3,5,Sarasota County               ,54,54,17902288,0,0,0,0,0,0,1,8,1193598,54,54,17902288,0,0,0,0,0,0,1,8,1193598
201201,12,117,3,5,Seminole County               ,55,55,15533346,0,0,0,0,0,0,0,0,0,54,54,15359806,0,0,0,0,0,0,0,0,0
201201,12,119,3,5,Sumter County                 ,201,201,55136712,0,0,0,0,0,0,0,0,0,201,201,55136712,0,0,0,0,0,0,0,0,0
201201,12,123,3,5,Taylor County                 ,7,7,534416,0,0,0,0,0,0,0,0,0,7,7,534416,0,0,0,0,0,0,0,0,0
201201,12,125,3,5,Union County                  ,1,1,102498,0,0,0,0,0,0,0,0,0,0,0,0,0,0,0,0,0,0,0,0,0
201201,12,127,3,5,Volusia County                ,37,37,10067190,0,0,0,0,0,0,1,11,1077730,33,33,9520604,0,0,0,0,0,0,0,0,0
201201,12,129,3,5,Wakulla County                ,5,5,524247,0,0,0,0,0,0,0,0,0,5,5,524247,0,0,0,0,0,0,0,0,0
201201,12,131,3,5,Walton County                 ,64,64,23770278,0,0,0,0,0,0,0,0,0,64,64,23770278,0,0,0,0,0,0,0,0,0
201201,12,133,3,5,Washington County             ,1,1,171601,0,0,0,0,0,0,0,0,0,0,0,0,0,0,0,0,0,0,0,0,0
201201,13,005,3,5,Bacon County                  ,0,0,0,0,0,0,0,0,0,0,0,0,0,0,0,0,0,0,0,0,0,0,0,0
201201,13,013,3,5,Barrow County                 ,5,5,508910,0,0,0,0,0,0,0,0,0,3,3,279720,0,0,0,0,0,0,0,0,0
201201,13,015,3,5,Bartow County                 ,2,2,368817,0,0,0,0,0,0,0,0,0,2,2,368817,0,0,0,0,0,0,0,0,0
201201,13,029,3,5,Bryan County                  ,15,15,3391371,0,0,0,0,0,0,0,0,0,15,15,3391371,0,0,0,0,0,0,0,0,0
201201,13,035,3,5,Butts County                  ,0,0,0,0,0,0,0,0,0,0,0,0,0,0,0,0,0,0,0,0,0,0,0,0
201201,13,045,3,5,Carroll County                ,2,2,161068,0,0,0,0,0,0,0,0,0,2,2,161068,0,0,0,0,0,0,0,0,0
201201,13,057,3,5,Cherokee County               ,18,18,4566587,0,0,0,0,0,0,5,154,17216254,18,18,4566587,0,0,0,0,0,0,5,154,17216254
201201,13,059,3,5,Clarke County                 ,4,4,755516,15,30,4062400,0,0,0,0,0,0,4,4,755516,15,30,4062400,0,0,0,0,0,0
201201,13,063,3,5,Clayton County                ,5,5,922041,0,0,0,0,0,0,0,0,0,5,5,922041,0,0,0,0,0,0,0,0,0
201201,13,067,3,5,Cobb County                   ,103,103,24797526,0,0,0,1,4,91286,2,12,3434336,103,103,24797526,0,0,0,1,4,91286,2,12,3434336
201201,13,077,3,5,Coweta County                 ,32,32,9553362,0,0,0,0,0,0,0,0,0,28,28,8827644,0,0,0,0,0,0,0,0,0
201201,13,085,3,5,Dawson County                 ,2,2,625000,0,0,0,0,0,0,0,0,0,2,2,625000,0,0,0,0,0,0,0,0,0
201201,13,089,3,5,DeKalb County                 ,28,28,6987943,0,0,0,0,0,0,1,12,893404,0,0,0,0,0,0,0,0,0,0,0,0
201201,13,095,3,5,Dougherty County              ,2,2,223849,0,0,0,1,3,152768,1,5,187500,0,0,0,0,0,0,0,0,0,0,0,0
201201,13,097,3,5,Douglas County                ,7,7,747900,0,0,0,0,0,0,0,0,0,7,7,747900,0,0,0,0,0,0,0,0,0
201201,13,113,3,5,Fayette County                ,7,7,1702477,0,0,0,0,0,0,0,0,0,4,4,880000,0,0,0,0,0,0,0,0,0
201201,13,117,3,5,Forsyth County                ,99,99,14005820,0,0,0,0,0,0,0,0,0,99,99,14005820,0,0,0,0,0,0,0,0,0
201201,13,121,3,5,Fulton County                 ,88,88,19490204,0,0,0,0,0,0,1,320,42045183,88,88,19490204,0,0,0,0,0,0,1,320,42045183
201201,13,127,3,5,Glynn County                  ,25,25,6425866,0,0,0,0,0,0,0,0,0,0,0,0,0,0,0,0,0,0,0,0,0
201201,13,133,3,5,Greene County                 ,8,8,2081219,0,0,0,0,0,0,0,0,0,0,0,0,0,0,0,0,0,0,0,0,0
201201,13,135,3,5,Gwinnett County               ,92,92,17840244,0,0,0,0,0,0,0,0,0,84,84,15460898,0,0,0,0,0,0,0,0,0
201201,13,143,3,5,Haralson County               ,1,1,184408,0,0,0,0,0,0,0,0,0,1,1,184408,0,0,0,0,0,0,0,0,0
201201,13,145,3,5,Harris County                 ,8,8,2283515,0,0,0,0,0,0,0,0,0,8,8,2283515,0,0,0,0,0,0,0,0,0
201201,13,149,3,5,Heard County                  ,1,1,134368,0,0,0,0,0,0,0,0,0,0,0,0,0,0,0,0,0,0,0,0,0
201201,13,151,3,5,Henry County                  ,16,16,4021451,0,0,0,0,0,0,0,0,0,12,12,3511295,0,0,0,0,0,0,0,0,0
201201,13,159,3,5,Jasper County                 ,3,3,402370,0,0,0,0,0,0,0,0,0,0,0,0,0,0,0,0,0,0,0,0,0
201201,13,169,3,5,Jones County                  ,1,1,150000,0,0,0,0,0,0,0,0,0,1,1,150000,0,0,0,0,0,0,0,0,0
201201,13,171,3,5,Lamar County                  ,0,0,0,0,0,0,0,0,0,1,8,706800,0,0,0,0,0,0,0,0,0,0,0,0
201201,13,177,3,5,Lee County                    ,9,9,1028566,0,0,0,0,0,0,0,0,0,0,0,0,0,0,0,0,0,0,0,0,0
201201,13,189,3,5,McDuffie County               ,2,2,240000,0,0,0,0,0,0,0,0,0,2,2,240000,0,0,0,0,0,0,0,0,0
201201,13,199,3,5,Meriwether County             ,4,4,604908,0,0,0,0,0,0,0,0,0,4,4,604908,0,0,0,0,0,0,0,0,0
201201,13,211,3,5,Morgan County                 ,2,2,422448,0,0,0,0,0,0,0,0,0,0,0,0,0,0,0,0,0,0,0,0,0
201201,13,213,3,5,Murray County                 ,0,0,0,0,0,0,0,0,0,0,0,0,0,0,0,0,0,0,0,0,0,0,0,0
201201,13,215,3,5,Muscogee County               ,18,18,1905407,1,2,165680,0,0,0,2,14,1061963,0,0,0,0,0,0,0,0,0,0,0,0
201201,13,217,3,5,Newton County                 ,4,4,461382,0,0,0,0,0,0,0,0,0,2,2,125000,0,0,0,0,0,0,0,0,0
201201,13,223,3,5,Paulding County               ,20,20,3105573,0,0,0,0,0,0,0,0,0,13,13,1909026,0,0,0,0,0,0,0,0,0
201201,13,227,3,5,Pickens County                ,3,3,1600000,0,0,0,0,0,0,0,0,0,3,3,1600000,0,0,0,0,0,0,0,0,0
201201,13,231,3,5,Pike County                   ,2,2,450000,0,0,0,0,0,0,0,0,0,2,2,450000,0,0,0,0,0,0,0,0,0
201201,13,237,3,5,Putnam County                 ,4,4,841000,0,0,0,0,0,0,0,0,0,4,4,841000,0,0,0,0,0,0,0,0,0
201201,13,239,3,5,Quitman County                ,0,0,0,0,0,0,0,0,0,0,0,0,0,0,0,0,0,0,0,0,0,0,0,0
201201,13,247,3,5,Rockdale County               ,3,3,977064,0,0,0,0,0,0,0,0,0,3,3,977064,0,0,0,0,0,0,0,0,0
201201,13,255,3,5,Spalding County               ,4,4,486800,0,0,0,0,0,0,0,0,0,4,4,486800,0,0,0,0,0,0,0,0,0
201201,13,291,3,5,Union County                  ,3,3,553225,0,0,0,0,0,0,0,0,0,3,3,553225,0,0,0,0,0,0,0,0,0
201201,13,297,3,5,Walton County                 ,5,5,817000,0,0,0,0,0,0,0,0,0,5,5,817000,0,0,0,0,0,0,0,0,0
201201,13,313,3,5,Whitfield County              ,4,4,582698,0,0,0,0,0,0,0,0,0,0,0,0,0,0,0,0,0,0,0,0,0
201201,13,321,3,5,Worth County                  ,0,0,0,0,0,0,0,0,0,0,0,0,0,0,0,0,0,0,0,0,0,0,0,0
201201,15,001,4,9,Hawaii County                 ,38,38,11792981,0,0,0,0,0,0,2,25,1475000,0,0,0,0,0,0,0,0,0,0,0,0
201201,15,003,4,9,Honolulu County               ,59,59,17810634,1,2,643000,0,0,0,2,53,7469540,0,0,0,0,0,0,0,0,0,0,0,0
201201,15,007,4,9,Kauai County                  ,9,9,3596072,0,0,0,0,0,0,0,0,0,0,0,0,0,0,0,0,0,0,0,0,0
201201,15,009,4,9,Maui County                   ,16,16,3552920,0,0,0,0,0,0,1,7,1495161,16,16,3552920,0,0,0,0,0,0,1,7,1495161
201201,16,001,4,8,Ada County                    ,109,109,28458164,0,0,0,3,12,1004907,0,0,0,107,107,28112363,0,0,0,3,12,1004907,0,0,0
201201,16,015,4,8,Boise County                  ,2,2,238684,0,0,0,0,0,0,0,0,0,2,2,238684,0,0,0,0,0,0,0,0,0
201201,16,027,4,8,Canyon County                 ,21,21,3470720,0,0,0,2,8,411086,0,0,0,21,21,3470720,0,0,0,2,8,411086,0,0,0
201201,16,045,4,8,Gem County                    ,0,0,0,0,0,0,0,0,0,0,0,0,0,0,0,0,0,0,0,0,0,0,0,0
201201,16,073,4,8,Owyhee County                 ,0,0,0,0,0,0,0,0,0,0,0,0,0,0,0,0,0,0,0,0,0,0,0,0
201201,17,005,2,3,Bond County                   ,0,0,0,0,0,0,0,0,0,0,0,0,0,0,0,0,0,0,0,0,0,0,0,0
201201,17,013,2,3,Calhoun County                ,0,0,0,0,0,0,0,0,0,0,0,0,0,0,0,0,0,0,0,0,0,0,0,0
201201,17,027,2,3,Clinton County                ,5,5,1020636,0,0,0,0,0,0,0,0,0,4,4,809027,0,0,0,0,0,0,0,0,0
201201,17,031,2,3,Cook County                   ,50,50,16006041,0,0,0,0,0,0,3,24,2097044,42,42,13520323,0,0,0,0,0,0,2,12,1200000
201201,17,037,2,3,DeKalb County                 ,0,0,0,0,0,0,0,0,0,0,0,0,0,0,0,0,0,0,0,0,0,0,0,0
201201,17,039,2,3,De Witt County                ,0,0,0,0,0,0,0,0,0,0,0,0,0,0,0,0,0,0,0,0,0,0,0,0
201201,17,043,2,3,DuPage County                 ,35,35,10231009,0,0,0,0,0,0,0,0,0,33,33,9762891,0,0,0,0,0,0,0,0,0
201201,17,063,2,3,Grundy County                 ,1,1,160549,0,0,0,0,0,0,0,0,0,0,0,0,0,0,0,0,0,0,0,0,0
201201,17,083,2,3,Jersey County                 ,1,1,132130,0,0,0,0,0,0,1,5,289248,0,0,0,0,0,0,0,0,0,0,0,0
201201,17,089,2,3,Kane County                   ,22,22,3745461,0,0,0,0,0,0,0,0,0,22,22,3745461,0,0,0,0,0,0,0,0,0
201201,17,093,2,3,Kendall County                ,6,6,906930,0,0,0,0,0,0,0,0,0,0,0,0,0,0,0,0,0,0,0,0,0
201201,17,097,2,3,Lake County                   ,18,18,5488639,1,2,236880,0,0,0,0,0,0,7,7,2255800,0,0,0,0,0,0,0,0,0
201201,17,111,2,3,McHenry County                ,15,15,2874275,0,0,0,0,0,0,0,0,0,10,10,2140190,0,0,0,0,0,0,0,0,0
201201,17,117,2,3,Macoupin County               ,4,4,652566,0,0,0,0,0,0,0,0,0,2,2,250000,0,0,0,0,0,0,0,0,0
201201,17,119,2,3,Madison County                ,13,13,3237936,1,2,160000,1,4,320000,0,0,0,8,8,2160854,1,2,160000,1,4,320000,0,0,0
201201,17,133,2,3,Monroe County                 ,8,8,1558505,0,0,0,0,0,0,0,0,0,8,8,1558505,0,0,0,0,0,0,0,0,0
201201,17,163,2,3,St. Clair County              ,35,35,6696974,0,0,0,0,0,0,1,18,1221147,23,23,4018613,0,0,0,0,0,0,0,0,0
201201,17,197,2,3,Will County                   ,20,20,5534261,0,0,0,0,0,0,0,0,0,18,18,5347522,0,0,0,0,0,0,0,0,0
201201,18,001,2,3,Adams County                  ,1,1,500000,0,0,0,0,0,0,0,0,0,1,1,500000,0,0,0,0,0,0,0,0,0
201201,18,003,2,3,Allen County                  ,24,24,4242706,0,0,0,0,0,0,0,0,0,24,24,4242706,0,0,0,0,0,0,0,0,0
201201,18,011,2,3,Boone County                  ,27,27,4854641,0,0,0,0,0,0,0,0,0,27,27,4854641,0,0,0,0,0,0,0,0,0
201201,18,013,2,3,Brown County                  ,0,0,0,0,0,0,0,0,0,0,0,0,0,0,0,0,0,0,0,0,0,0,0,0
201201,18,019,2,3,Clark County                  ,28,28,4189800,1,2,80000,0,0,0,0,0,0,27,27,4064800,1,2,80000,0,0,0,0,0,0
201201,18,029,2,3,Dearborn County               ,1,1,186000,0,0,0,0,0,0,0,0,0,1,1,186000,0,0,0,0,0,0,0,0,0
201201,18,043,2,3,Floyd County                  ,9,9,1570375,1,2,125000,0,0,0,0,0,0,8,8,1425000,1,2,125000,0,0,0,0,0,0
201201,18,047,2,3,Franklin County               ,1,1,190000,0,0,0,0,0,0,0,0,0,1,1,190000,0,0,0,0,0,0,0,0,0
201201,18,049,2,3,Fulton County                 ,1,1,195250,0,0,0,0,0,0,0,0,0,0,0,0,0,0,0,0,0,0,0,0,0
201201,18,057,2,3,Hamilton County               ,85,85,17977472,0,0,0,0,0,0,0,0,0,85,85,17977472,0,0,0,0,0,0,0,0,0
201201,18,059,2,3,Hancock County                ,11,11,1901750,0,0,0,0,0,0,0,0,0,11,11,1901750,0,0,0,0,0,0,0,0,0
201201,18,061,2,3,Harrison County               ,7,7,1410595,0,0,0,0,0,0,0,0,0,7,7,1410595,0,0,0,0,0,0,0,0,0
201201,18,063,2,3,Hendricks County              ,22,22,4352321,0,0,0,0,0,0,0,0,0,21,21,4155943,0,0,0,0,0,0,0,0,0
201201,18,065,2,3,Henry County                  ,0,0,0,0,0,0,0,0,0,0,0,0,0,0,0,0,0,0,0,0,0,0,0,0
201201,18,069,2,3,Huntington County             ,2,2,474000,0,0,0,0,0,0,0,0,0,2,2,474000,0,0,0,0,0,0,0,0,0
201201,18,073,2,3,Jasper County                 ,3,3,606664,0,0,0,0,0,0,0,0,0,3,3,606664,0,0,0,0,0,0,0,0,0
201201,18,079,2,3,Jennings County               ,1,1,175000,0,0,0,0,0,0,0,0,0,1,1,175000,0,0,0,0,0,0,0,0,0
201201,18,081,2,3,Johnson County                ,14,14,2722422,0,0,0,18,71,3346998,0,0,0,11,11,2161245,0,0,0,17,68,3169990,0,0,0
201201,18,087,2,3,Lagrange County               ,6,6,665000,0,0,0,0,0,0,0,0,0,6,6,665000,0,0,0,0,0,0,0,0,0
201201,18,089,2,3,Lake County                   ,24,24,5365037,1,2,200000,0,0,0,0,0,0,23,23,5168477,1,2,200000,0,0,0,0,0,0
201201,18,097,2,3,Marion County                 ,21,21,4160272,0,0,0,0,0,0,0,0,0,21,21,4160272,0,0,0,0,0,0,0,0,0
201201,18,105,2,3,Monroe County                 ,8,8,1338305,2,4,382588,0,0,0,0,0,0,8,8,1338305,2,4,382588,0,0,0,0,0,0
201201,18,109,2,3,Morgan County                 ,4,4,872755,0,0,0,0,0,0,0,0,0,4,4,872755,0,0,0,0,0,0,0,0,0
201201,18,111,2,3,Newton County                 ,0,0,0,0,0,0,0,0,0,0,0,0,0,0,0,0,0,0,0,0,0,0,0,0
201201,18,115,2,3,Ohio County                   ,1,1,127400,0,0,0,0,0,0,0,0,0,1,1,127400,0,0,0,0,0,0,0,0,0
201201,18,125,2,3,Pike County                   ,1,1,107667,0,0,0,0,0,0,0,0,0,0,0,0,0,0,0,0,0,0,0,0,0
201201,18,127,2,3,Porter County                 ,8,8,2072123,0,0,0,0,0,0,0,0,0,7,7,1914869,0,0,0,0,0,0,0,0,0
201201,18,133,2,3,Putnam County                 ,2,2,895000,0,0,0,0,0,0,0,0,0,2,2,895000,0,0,0,0,0,0,0,0,0
201201,18,145,2,3,Shelby County                 ,1,1,100000,0,0,0,0,0,0,0,0,0,1,1,100000,0,0,0,0,0,0,0,0,0
201201,18,155,2,3,Switzerland County            ,1,1,58266,0,0,0,0,0,0,0,0,0,0,0,0,0,0,0,0,0,0,0,0,0
201201,18,157,2,3,Tippecanoe County             ,16,16,3427650,0,0,0,0,0,0,0,0,0,16,16,3427650,0,0,0,0,0,0,0,0,0
201201,18,163,2,3,Vanderburgh County            ,17,17,2008000,0,0,0,0,0,0,0,0,0,17,17,2008000,0,0,0,0,0,0,0,0,0
201201,18,167,2,3,Vigo County                   ,4,4,606491,1,2,82000,0,0,0,1,5,194444,2,2,403027,0,0,0,0,0,0,0,0,0
201201,18,175,2,3,Washington County             ,3,3,476199,0,0,0,0,0,0,0,0,0,1,1,201514,0,0,0,0,0,0,0,0,0
201201,18,179,2,3,Wells County                  ,2,2,403027,0,0,0,0,0,0,0,0,0,2,2,403027,0,0,0,0,0,0,0,0,0
201201,18,181,2,3,White County                  ,0,0,0,0,0,0,0,0,0,0,0,0,0,0,0,0,0,0,0,0,0,0,0,0
201201,18,183,2,3,Whitley County                ,3,3,784500,0,0,0,0,0,0,0,0,0,3,3,784500,0,0,0,0,0,0,0,0,0
201201,19,049,2,4,Dallas County                 ,3,3,604541,0,0,0,0,0,0,0,0,0,3,3,604541,0,0,0,0,0,0,0,0,0
201201,19,077,2,4,Guthrie County                ,0,0,0,0,0,0,0,0,0,0,0,0,0,0,0,0,0,0,0,0,0,0,0,0
201201,19,085,2,4,Harrison County               ,2,2,297514,0,0,0,0,0,0,0,0,0,1,1,201514,0,0,0,0,0,0,0,0,0
201201,19,121,2,4,Madison County                ,1,1,196304,0,0,0,0,0,0,0,0,0,0,0,0,0,0,0,0,0,0,0,0,0
201201,19,129,2,4,Mills County                  ,0,0,0,0,0,0,0,0,0,0,0,0,0,0,0,0,0,0,0,0,0,0,0,0
201201,19,153,2,4,Polk County                   ,55,55,12829787,0,0,0,0,0,0,1,16,2008000,55,55,12829787,0,0,0,0,0,0,1,16,2008000
201201,19,155,2,4,Pottawattamie County          ,3,3,713005,0,0,0,0,0,0,0,0,0,3,3,713005,0,0,0,0,0,0,0,0,0
201201,19,181,2,4,Warren County                 ,0,0,0,0,0,0,0,0,0,0,0,0,0,0,0,0,0,0,0,0,0,0,0,0
201201,20,055,2,4,Finney County                 ,2,2,276132,0,0,0,0,0,0,0,0,0,2,2,276132,0,0,0,0,0,0,0,0,0
201201,20,059,2,4,Franklin County               ,0,0,0,0,0,0,0,0,0,0,0,0,0,0,0,0,0,0,0,0,0,0,0,0
201201,20,063,2,4,Gove County                   ,0,0,0,0,0,0,0,0,0,0,0,0,0,0,0,0,0,0,0,0,0,0,0,0
201201,20,091,2,4,Johnson County                ,60,60,18631705,0,0,0,0,0,0,0,0,0,39,39,12804342,0,0,0,0,0,0,0,0,0
201201,20,103,2,4,Leavenworth County            ,2,2,165330,0,0,0,0,0,0,0,0,0,2,2,165330,0,0,0,0,0,0,0,0,0
201201,20,107,2,4,Linn County                   ,1,1,147822,0,0,0,0,0,0,0,0,0,0,0,0,0,0,0,0,0,0,0,0,0
201201,20,121,2,4,Miami County                  ,3,3,515940,0,0,0,0,0,0,0,0,0,1,1,175000,0,0,0,0,0,0,0,0,0
201201,20,129,2,4,Morton County                 ,0,0,0,0,0,0,0,0,0,0,0,0,0,0,0,0,0,0,0,0,0,0,0,0
201201,20,151,2,4,Pratt County                  ,0,0,0,0,0,0,0,0,0,0,0,0,0,0,0,0,0,0,0,0,0,0,0,0
201201,20,183,2,4,Smith County                  ,0,0,0,0,0,0,0,0,0,0,0,0,0,0,0,0,0,0,0,0,0,0,0,0
201201,20,209,2,4,Wyandotte County              ,5,5,813006,0,0,0,0,0,0,0,0,0,5,5,813006,0,0,0,0,0,0,0,0,0
201201,21,005,3,6,Anderson County               ,1,1,72000,0,0,0,0,0,0,0,0,0,1,1,72000,0,0,0,0,0,0,0,0,0
201201,21,015,3,6,Boone County                  ,21,21,2795188,0,0,0,0,0,0,0,0,0,21,21,2795188,0,0,0,0,0,0,0,0,0
201201,21,021,3,6,Boyle County                  ,2,2,124000,0,0,0,0,0,0,0,0,0,2,2,124000,0,0,0,0,0,0,0,0,0
201201,21,029,3,6,Bullitt County                ,15,15,2671104,0,0,0,0,0,0,0,0,0,15,15,2671104,0,0,0,0,0,0,0,0,0
201201,21,037,3,6,Campbell County               ,7,7,729242,0,0,0,0,0,0,0,0,0,7,7,729242,0,0,0,0,0,0,0,0,0
201201,21,049,3,6,Clark County                  ,4,4,742945,0,0,0,0,0,0,0,0,0,0,0,0,0,0,0,0,0,0,0,0,0
201201,21,053,3,6,Clinton County                ,0,0,0,0,0,0,0,0,0,0,0,0,0,0,0,0,0,0,0,0,0,0,0,0
201201,21,059,3,6,Daviess County                ,13,13,904865,0,0,0,0,0,0,0,0,0,13,13,904865,0,0,0,0,0,0,0,0,0
201201,21,067,3,6,Fayette County                ,51,51,6516735,0,0,0,0,0,0,1,27,1542937,0,0,0,0,0,0,0,0,0,0,0,0
201201,21,077,3,6,Gallatin County               ,0,0,0,0,0,0,0,0,0,0,0,0,0,0,0,0,0,0,0,0,0,0,0,0
201201,21,081,3,6,Grant County                  ,3,3,375000,0,0,0,0,0,0,0,0,0,3,3,375000,0,0,0,0,0,0,0,0,0
201201,21,103,3,6,Henry County                  ,2,2,275000,0,0,0,0,0,0,0,0,0,2,2,275000,0,0,0,0,0,0,0,0,0
201201,21,111,3,6,Jefferson County              ,48,48,11335157,0,0,0,0,0,0,0,0,0,48,48,11335157,0,0,0,0,0,0,0,0,0
201201,21,113,3,6,Jessamine County              ,2,2,464300,0,0,0,0,0,0,0,0,0,2,2,464300,0,0,0,0,0,0,0,0,0
201201,21,117,3,6,Kenton County                 ,16,16,2364854,0,0,0,0,0,0,1,6,385286,16,16,2364854,0,0,0,0,0,0,0,0,0
201201,21,137,3,6,Lincoln County                ,1,1,179382,0,0,0,0,0,0,0,0,0,1,1,179382,0,0,0,0,0,0,0,0,0
201201,21,151,3,6,Madison County                ,11,11,914271,2,4,189512,0,0,0,1,5,168572,6,6,478000,1,2,60000,0,0,0,0,0,0
201201,21,157,3,6,Marshall County               ,3,3,473514,0,0,0,0,0,0,1,5,277778,0,0,0,0,0,0,0,0,0,0,0,0
201201,21,163,3,6,Meade County                  ,2,2,278057,0,0,0,1,3,117528,0,0,0,1,1,140000,0,0,0,0,0,0,0,0,0
201201,21,167,3,6,Mercer County                 ,2,2,263618,0,0,0,0,0,0,0,0,0,0,0,0,0,0,0,0,0,0,0,0,0
201201,21,179,3,6,Nelson County                 ,6,6,1118960,0,0,0,0,0,0,0,0,0,6,6,1118960,0,0,0,0,0,0,0,0,0
201201,21,185,3,6,Oldham County                 ,9,9,2046070,0,0,0,0,0,0,0,0,0,0,0,0,0,0,0,0,0,0,0,0,0
201201,21,191,3,6,Pendleton County              ,0,0,0,0,0,0,0,0,0,0,0,0,0,0,0,0,0,0,0,0,0,0,0,0
201201,21,205,3,6,Rowan County                  ,0,0,0,0,0,0,0,0,0,0,0,0,0,0,0,0,0,0,0,0,0,0,0,0
201201,21,209,3,6,Scott County                  ,15,15,1986040,0,0,0,0,0,0,0,0,0,0,0,0,0,0,0,0,0,0,0,0,0
201201,21,211,3,6,Shelby County                 ,8,8,1292143,0,0,0,0,0,0,0,0,0,8,8,1292143,0,0,0,0,0,0,0,0,0
201201,21,213,3,6,Simpson County                ,1,1,130918,0,0,0,0,0,0,0,0,0,0,0,0,0,0,0,0,0,0,0,0,0
201201,21,215,3,6,Spencer County                ,2,2,368817,0,0,0,0,0,0,0,0,0,2,2,368817,0,0,0,0,0,0,0,0,0
201201,21,221,3,6,Trigg County                  ,0,0,0,0,0,0,0,0,0,0,0,0,0,0,0,0,0,0,0,0,0,0,0,0
201201,21,239,3,6,Woodford County               ,3,3,625000,0,0,0,0,0,0,0,0,0,3,3,625000,0,0,0,0,0,0,0,0,0
201201,22,009,3,7,Avoyelles Parish              ,3,3,349005,0,0,0,0,0,0,0,0,0,0,0,0,0,0,0,0,0,0,0,0,0
201201,22,017,3,7,Caddo Parish                  ,12,12,3534307,0,0,0,0,0,0,0,0,0,12,12,3534307,0,0,0,0,0,0,0,0,0
201201,22,039,3,7,Evangeline Parish             ,3,3,408000,0,0,0,0,0,0,0,0,0,3,3,408000,0,0,0,0,0,0,0,0,0
201201,22,051,3,7,Jefferson Parish              ,22,22,3484890,0,0,0,0,0,0,0,0,0,4,4,710000,0,0,0,0,0,0,0,0,0
201201,22,071,3,7,Orleans Parish                ,67,67,10445439,7,14,1276846,0,0,0,1,14,1727085,0,0,0,0,0,0,0,0,0,0,0,0
201201,22,075,3,7,Plaquemines Parish            ,6,6,684129,0,0,0,0,0,0,0,0,0,6,6,684129,0,0,0,0,0,0,0,0,0
201201,22,077,3,7,Pointe Coupee Parish          ,1,1,216970,0,0,0,0,0,0,0,0,0,1,1,216970,0,0,0,0,0,0,0,0,0
201201,22,087,3,7,St. Bernard Parish            ,4,4,270000,0,0,0,0,0,0,0,0,0,4,4,270000,0,0,0,0,0,0,0,0,0
201201,22,089,3,7,St. Charles Parish            ,5,5,1055000,0,0,0,0,0,0,0,0,0,5,5,1055000,0,0,0,0,0,0,0,0,0
201201,22,091,3,7,St. Helena Parish             ,0,0,0,0,0,0,0,0,0,0,0,0,0,0,0,0,0,0,0,0,0,0,0,0
201201,22,095,3,7,St. John the Baptist Parish   ,3,3,528371,0,0,0,0,0,0,0,0,0,3,3,528371,0,0,0,0,0,0,0,0,0
201201,22,103,3,7,St. Tammany Parish            ,47,47,10048575,0,0,0,0,0,0,0,0,0,44,44,9513822,0,0,0,0,0,0,0,0,0
201201,22,105,3,7,Tangipahoa Parish             ,33,33,4059229,0,0,0,0,0,0,0,0,0,31,31,3850340,0,0,0,0,0,0,0,0,0
201201,22,109,3,7,Terrebonne Parish             ,22,22,6922912,0,0,0,0,0,0,0,0,0,22,22,6922912,0,0,0,0,0,0,0,0,0
201201,22,117,3,7,Washington Parish             ,8,8,1188000,0,0,0,0,0,0,0,0,0,8,8,1188000,0,0,0,0,0,0,0,0,0
201201,23,000,1,1,Maine Unorganized Territory   ,2,2,265600,0,0,0,0,0,0,0,0,0,0,0,0,0,0,0,0,0,0,0,0,0
201201,24,003,3,5,Anne Arundel County           ,71,71,13091119,0,0,0,0,0,0,0,0,0,69,69,12724172,0,0,0,0,0,0,0,0,0
201201,24,005,3,5,Baltimore County              ,38,38,7007515,0,0,0,0,0,0,0,0,0,38,38,7007515,0,0,0,0,0,0,0,0,0
201201,24,009,3,5,Calvert County                ,6,6,1106450,0,0,0,0,0,0,0,0,0,6,6,1106450,0,0,0,0,0,0,0,0,0
201201,24,013,3,5,Carroll County                ,19,19,3503758,0,0,0,0,0,0,0,0,0,19,19,3503758,0,0,0,0,0,0,0,0,0
201201,24,015,3,5,Cecil County                  ,23,23,4072983,0,0,0,0,0,0,1,5,475574,0,0,0,0,0,0,0,0,0,0,0,0
201201,24,017,3,5,Charles County                ,66,66,12072408,0,0,0,0,0,0,0,0,0,66,66,12072408,0,0,0,0,0,0,0,0,0
201201,24,021,3,5,Frederick County              ,82,82,15896361,0,0,0,0,0,0,2,13,1176926,24,24,4112408,0,0,0,0,0,0,1,7,585406
201201,24,023,3,5,Garrett County                ,0,0,0,0,0,0,0,0,0,0,0,0,0,0,0,0,0,0,0,0,0,0,0,0
201201,24,025,3,5,Harford County                ,51,51,8895740,0,0,0,0,0,0,0,0,0,51,51,8895740,0,0,0,0,0,0,0,0,0
201201,24,027,3,5,Howard County                 ,76,76,15914360,0,0,0,0,0,0,1,37,3324837,0,0,0,0,0,0,0,0,0,0,0,0
201201,24,031,3,5,Montgomery County             ,98,98,17989683,2,4,596021,0,0,0,4,56,4200000,91,91,16781155,0,0,0,0,0,0,4,56,4200000
201201,24,033,3,5,Prince George County          ,112,112,20510463,0,0,0,0,0,0,0,0,0,110,110,20284913,0,0,0,0,0,0,0,0,0
201201,24,035,3,5,Queen Anne County             ,11,11,1980408,0,0,0,0,0,0,0,0,0,11,11,1980408,0,0,0,0,0,0,0,0,0
201201,24,510,3,5,Baltimore (Independent City)  ,9,9,1130847,0,0,0,0,0,0,1,41,5009852,0,0,0,0,0,0,0,0,0,0,0,0
201201,25,009,1,1,Essex County                  ,22,22,6599679,1,2,166621,0,0,0,3,23,1819074,11,11,3683184,0,0,0,0,0,0,0,0,0
201201,25,017,1,1,Middlesex County              ,77,77,22192722,2,4,835569,0,0,0,4,26,2494504,67,67,20174497,2,4,835569,0,0,0,0,0,0
201201,25,019,1,1,Nantucket County              ,2,2,970000,0,0,0,0,0,0,0,0,0,2,2,970000,0,0,0,0,0,0,0,0,0
201201,25,021,1,1,Norfolk County                ,41,41,11745170,0,0,0,0,0,0,4,31,3343162,28,28,7817890,0,0,0,0,0,0,1,16,1454000
201201,25,023,1,1,Plymouth County               ,49,49,10428656,0,0,0,0,0,0,1,5,492405,38,38,8371909,0,0,0,0,0,0,0,0,0
201201,25,025,1,1,Suffolk County                ,4,4,881394,2,4,425000,2,6,500000,2,28,2925357,4,4,881394,2,4,425000,2,6,500000,1,19,2395000
201201,26,000,2,3,Michigan Balance of State     ,3,3,561828,0,0,0,0,0,0,0,0,0,3,3,561828,0,0,0,0,0,0,0,0,0
201201,26,001,2,3,Alcona County                 ,0,0,0,0,0,0,0,0,0,0,0,0,0,0,0,0,0,0,0,0,0,0,0,0
201201,26,009,2,3,Antrim County                 ,2,2,338917,0,0,0,0,0,0,0,0,0,2,2,338917,0,0,0,0,0,0,0,0,0
201201,26,015,2,3,Barry County                  ,4,4,590670,0,0,0,0,0,0,0,0,0,0,0,0,0,0,0,0,0,0,0,0,0
201201,26,019,2,3,Benzie County                 ,0,0,0,0,0,0,0,0,0,0,0,0,0,0,0,0,0,0,0,0,0,0,0,0
201201,26,029,2,3,Charlevoix County             ,2,2,456139,0,0,0,0,0,0,1,5,439587,0,0,0,0,0,0,0,0,0,0,0,0
201201,26,031,2,3,Cheboygan County              ,1,1,90000,0,0,0,0,0,0,0,0,0,1,1,90000,0,0,0,0,0,0,0,0,0
201201,26,047,2,3,Emmet County                  ,0,0,0,0,0,0,0,0,0,0,0,0,0,0,0,0,0,0,0,0,0,0,0,0
201201,26,051,2,3,Gladwin County                ,7,7,1410595,0,0,0,0,0,0,0,0,0,7,7,1410595,0,0,0,0,0,0,0,0,0
201201,26,059,2,3,Hillsdale County              ,0,0,0,0,0,0,0,0,0,0,0,0,0,0,0,0,0,0,0,0,0,0,0,0
201201,26,067,2,3,Ionia County                  ,1,1,169406,0,0,0,0,0,0,0,0,0,0,0,0,0,0,0,0,0,0,0,0,0
201201,26,079,2,3,Kalkaska County               ,0,0,0,0,0,0,0,0,0,0,0,0,0,0,0,0,0,0,0,0,0,0,0,0
201201,26,081,2,3,Kent County                   ,57,57,12142864,0,0,0,0,0,0,0,0,0,53,53,11452900,0,0,0,0,0,0,0,0,0
201201,26,085,2,3,Lake County                   ,1,1,28745,0,0,0,0,0,0,0,0,0,0,0,0,0,0,0,0,0,0,0,0,0
201201,26,087,2,3,Lapeer County                 ,0,0,0,0,0,0,0,0,0,0,0,0,0,0,0,0,0,0,0,0,0,0,0,0
201201,26,089,2,3,Leelanau County               ,1,1,306364,0,0,0,0,0,0,0,0,0,1,1,306364,0,0,0,0,0,0,0,0,0
201201,26,093,2,3,Livingston County             ,12,12,3570462,0,0,0,0,0,0,0,0,0,11,11,3468390,0,0,0,0,0,0,0,0,0
201201,26,099,2,3,Macomb County                 ,38,38,8674693,0,0,0,0,0,0,0,0,0,38,38,8674693,0,0,0,0,0,0,0,0,0
201201,26,103,2,3,Marquette County              ,1,1,65000,0,0,0,0,0,0,0,0,0,1,1,65000,0,0,0,0,0,0,0,0,0
201201,26,113,2,3,Missaukee County              ,1,1,160308,0,0,0,0,0,0,0,0,0,0,0,0,0,0,0,0,0,0,0,0,0
201201,26,123,2,3,Newaygo County                ,0,0,0,0,0,0,0,0,0,0,0,0,0,0,0,0,0,0,0,0,0,0,0,0
201201,26,125,2,3,Oakland County                ,92,92,19890195,0,0,0,1,3,181471,1,17,1042898,79,79,17418219,0,0,0,0,0,0,0,0,0
201201,26,129,2,3,Ogemaw County                 ,0,0,0,0,0,0,0,0,0,0,0,0,0,0,0,0,0,0,0,0,0,0,0,0
201201,26,133,2,3,Osceola County                ,0,0,0,0,0,0,0,0,0,0,0,0,0,0,0,0,0,0,0,0,0,0,0,0
201201,26,137,2,3,Otsego County                 ,0,0,0,0,0,0,0,0,0,0,0,0,0,0,0,0,0,0,0,0,0,0,0,0
201201,26,141,2,3,Presque Isle County           ,1,1,500000,0,0,0,0,0,0,0,0,0,1,1,500000,0,0,0,0,0,0,0,0,0
201201,26,147,2,3,St. Clair County              ,1,1,78601,0,0,0,0,0,0,0,0,0,0,0,0,0,0,0,0,0,0,0,0,0
201201,26,163,2,3,Wayne County                  ,15,15,4136652,0,0,0,0,0,0,0,0,0,14,14,3953986,0,0,0,0,0,0,0,0,0
201201,27,003,2,4,Anoka County                  ,24,24,6231746,0,0,0,0,0,0,0,0,0,24,24,6231746,0,0,0,0,0,0,0,0,0
201201,27,019,2,4,Carver County                 ,26,26,7509371,0,0,0,0,0,0,0,0,0,25,25,7320040,0,0,0,0,0,0,0,0,0
201201,27,025,2,4,Chisago County                ,3,3,461324,0,0,0,0,0,0,0,0,0,3,3,461324,0,0,0,0,0,0,0,0,0
201201,27,037,2,4,Dakota County                 ,20,20,6188400,0,0,0,0,0,0,0,0,0,20,20,6188400,0,0,0,0,0,0,0,0,0
201201,27,053,2,4,Hennepin County               ,60,60,22036497,0,0,0,0,0,0,4,317,40288672,59,59,21458611,0,0,0,0,0,0,3,309,39309433
201201,27,059,2,4,Isanti County                 ,0,0,0,0,0,0,0,0,0,0,0,0,0,0,0,0,0,0,0,0,0,0,0,0
201201,27,123,2,4,Ramsey County                 ,7,7,1764114,0,0,0,0,0,0,0,0,0,6,6,655514,0,0,0,0,0,0,0,0,0
201201,27,139,2,4,Scott County                  ,14,14,4961201,0,0,0,0,0,0,0,0,0,14,14,4961201,0,0,0,0,0,0,0,0,0
201201,27,141,2,4,Sherburne County              ,3,3,453723,0,0,0,0,0,0,0,0,0,2,2,335150,0,0,0,0,0,0,0,0,0
201201,27,163,2,4,Washington County             ,35,35,9692983,0,0,0,0,0,0,0,0,0,34,34,9521818,0,0,0,0,0,0,0,0,0
201201,27,171,2,4,Wright County                 ,7,7,1488794,0,0,0,0,0,0,0,0,0,7,7,1488794,0,0,0,0,0,0,0,0,0
201201,28,021,3,6,Claiborne County              ,0,0,0,0,0,0,0,0,0,0,0,0,0,0,0,0,0,0,0,0,0,0,0,0
201201,28,033,3,6,DeSoto County                 ,49,49,6972322,0,0,0,0,0,0,0,0,0,42,42,5839116,0,0,0,0,0,0,0,0,0
201201,28,039,3,6,George County                 ,0,0,0,0,0,0,0,0,0,0,0,0,0,0,0,0,0,0,0,0,0,0,0,0
201201,28,071,3,6,Lafayette County              ,2,2,111000,0,0,0,0,0,0,0,0,0,2,2,111000,0,0,0,0,0,0,0,0,0
201201,28,091,3,6,Marion County                 ,0,0,0,0,0,0,0,0,0,0,0,0,0,0,0,0,0,0,0,0,0,0,0,0
201201,28,093,3,6,Marshall County               ,4,4,675644,0,0,0,0,0,0,0,0,0,0,0,0,0,0,0,0,0,0,0,0,0
201201,28,137,3,6,Tate County                   ,4,4,358660,0,0,0,0,0,0,0,0,0,0,0,0,0,0,0,0,0,0,0,0,0
201201,28,143,3,6,Tunica County                 ,1,1,80319,0,0,0,0,0,0,0,0,0,0,0,0,0,0,0,0,0,0,0,0,0
201201,28,153,3,6,Wayne County                  ,1,1,350000,0,0,0,0,0,0,0,0,0,1,1,350000,0,0,0,0,0,0,0,0,0
201201,29,001,2,4,Adair County                  ,1,1,248972,0,0,0,0,0,0,0,0,0,1,1,248972,0,0,0,0,0,0,0,0,0
201201,29,013,2,4,Bates County                  ,0,0,0,0,0,0,0,0,0,0,0,0,0,0,0,0,0,0,0,0,0,0,0,0
201201,29,019,2,4,Boone County                  ,45,45,9535000,0,0,0,0,0,0,0,0,0,45,45,9535000,0,0,0,0,0,0,0,0,0
201201,29,025,2,4,Caldwell County               ,1,1,196647,0,0,0,0,0,0,0,0,0,0,0,0,0,0,0,0,0,0,0,0,0
201201,29,037,2,4,Cass County                   ,6,6,1658530,0,0,0,0,0,0,0,0,0,6,6,1658530,0,0,0,0,0,0,0,0,0
201201,29,047,2,4,Clay County                   ,21,21,2887832,0,0,0,0,0,0,0,0,0,21,21,2887832,0,0,0,0,0,0,0,0,0
201201,29,049,2,4,Clinton County                ,1,1,207814,0,0,0,0,0,0,0,0,0,0,0,0,0,0,0,0,0,0,0,0,0
201201,29,051,2,4,Cole County                   ,6,6,1123370,1,2,208615,0,0,0,0,0,0,0,0,0,0,0,0,0,0,0,0,0,0
201201,29,065,2,4,Dent County                   ,0,0,0,0,0,0,0,0,0,0,0,0,0,0,0,0,0,0,0,0,0,0,0,0
201201,29,071,2,4,Franklin County               ,10,10,1430383,0,0,0,0,0,0,0,0,0,7,7,1015235,0,0,0,0,0,0,0,0,0
201201,29,079,2,4,Grundy County                 ,0,0,0,0,0,0,0,0,0,0,0,0,0,0,0,0,0,0,0,0,0,0,0,0
201201,29,095,2,4,Jackson County                ,63,63,13644870,0,0,0,0,0,0,0,0,0,62,62,13052556,0,0,0,0,0,0,0,0,0
201201,29,099,2,4,Jefferson County              ,30,30,4020957,0,0,0,0,0,0,0,0,0,30,30,4020957,0,0,0,0,0,0,0,0,0
201201,29,105,2,4,Laclede County                ,0,0,0,1,2,145493,0,0,0,0,0,0,0,0,0,0,0,0,0,0,0,0,0,0
201201,29,107,2,4,Lafayette County              ,0,0,0,0,0,0,0,0,0,0,0,0,0,0,0,0,0,0,0,0,0,0,0,0
201201,29,113,2,4,Lincoln County                ,2,2,263000,0,0,0,0,0,0,0,0,0,2,2,263000,0,0,0,0,0,0,0,0,0
201201,29,141,2,4,Morgan County                 ,0,0,0,0,0,0,0,0,0,0,0,0,0,0,0,0,0,0,0,0,0,0,0,0
201201,29,161,2,4,Phelps County                 ,0,0,0,0,0,0,2,8,250000,0,0,0,0,0,0,0,0,0,2,8,250000,0,0,0
201201,29,165,2,4,Platte County                 ,20,20,4669650,0,0,0,0,0,0,0,0,0,20,20,4669650,0,0,0,0,0,0,0,0,0
201201,29,177,2,4,Ray County                    ,1,1,125750,0,0,0,0,0,0,0,0,0,0,0,0,0,0,0,0,0,0,0,0,0
201201,29,183,2,4,St. Charles County            ,78,78,14485125,2,4,302000,0,0,0,0,0,0,78,78,14485125,2,4,302000,0,0,0,0,0,0
201201,29,189,2,4,St. Louis County              ,27,27,8726783,0,0,0,0,0,0,2,11,1383738,8,8,2235698,0,0,0,0,0,0,0,0,0
201201,29,219,2,4,Warren County                 ,3,3,717736,0,0,0,0,0,0,0,0,0,3,3,717736,0,0,0,0,0,0,0,0,0
201201,29,221,2,4,Washington County             ,0,0,0,0,0,0,0,0,0,0,0,0,0,0,0,0,0,0,0,0,0,0,0,0
201201,29,510,2,4,St. Louis (Independent City)  ,0,0,0,0,0,0,0,0,0,0,0,0,0,0,0,0,0,0,0,0,0,0,0,0
201201,30,023,4,8,Deer Lodge County             ,0,0,0,0,0,0,0,0,0,0,0,0,0,0,0,0,0,0,0,0,0,0,0,0
201201,30,063,4,8,Missoula County               ,4,4,920909,0,0,0,0,0,0,1,15,657603,4,4,920909,0,0,0,0,0,0,1,15,657603
201201,31,025,2,4,Cass County                   ,3,3,470975,0,0,0,0,0,0,0,0,0,3,3,470975,0,0,0,0,0,0,0,0,0
201201,31,033,2,4,Cheyenne County               ,1,1,200000,0,0,0,0,0,0,0,0,0,1,1,200000,0,0,0,0,0,0,0,0,0
201201,31,055,2,4,Douglas County                ,68,68,11906564,0,0,0,0,0,0,1,17,1006048,67,67,11684614,0,0,0,0,0,0,0,0,0
201201,31,077,2,4,Greeley County                ,0,0,0,0,0,0,0,0,0,0,0,0,0,0,0,0,0,0,0,0,0,0,0,0
201201,31,105,2,4,Kimball County                ,0,0,0,0,0,0,0,0,0,0,0,0,0,0,0,0,0,0,0,0,0,0,0,0
201201,31,153,2,4,Sarpy County                  ,26,26,5745757,0,0,0,1,3,160222,1,30,2270700,22,22,5074870,0,0,0,0,0,0,1,30,2270700
201201,31,155,2,4,Saunders County               ,2,2,339856,0,0,0,0,0,0,0,0,0,1,1,185000,0,0,0,0,0,0,0,0,0
201201,31,177,2,4,Washington County             ,2,2,596673,0,0,0,0,0,0,0,0,0,2,2,596673,0,0,0,0,0,0,0,0,0
201201,32,001,4,8,Churchill County              ,1,1,253595,0,0,0,0,0,0,0,0,0,1,1,253595,0,0,0,0,0,0,0,0,0
201201,32,003,4,8,Clark County                  ,238,238,38661177,0,0,0,0,0,0,1,75,4394400,238,238,38661177,0,0,0,0,0,0,1,75,4394400
201201,32,005,4,8,Douglas County                ,0,0,0,0,0,0,0,0,0,0,0,0,0,0,0,0,0,0,0,0,0,0,0,0
201201,32,007,4,8,Elko County                   ,13,13,1876227,0,0,0,0,0,0,0,0,0,13,13,1876227,0,0,0,0,0,0,0,0,0
201201,32,013,4,8,Humboldt County               ,2,2,288626,0,0,0,0,0,0,0,0,0,2,2,288626,0,0,0,0,0,0,0,0,0
201201,32,015,4,8,Lander County                 ,2,2,326286,0,0,0,0,0,0,0,0,0,2,2,326286,0,0,0,0,0,0,0,0,0
201201,32,017,4,8,Lincoln County                ,1,1,159152,0,0,0,0,0,0,0,0,0,0,0,0,0,0,0,0,0,0,0,0,0
201201,32,019,4,8,Lyon County                   ,0,0,0,0,0,0,0,0,0,0,0,0,0,0,0,0,0,0,0,0,0,0,0,0
201201,32,021,4,8,Mineral County                ,0,0,0,0,0,0,0,0,0,0,0,0,0,0,0,0,0,0,0,0,0,0,0,0
201201,32,027,4,8,Pershing County               ,0,0,0,0,0,0,0,0,0,0,0,0,0,0,0,0,0,0,0,0,0,0,0,0
201201,32,029,4,8,Storey County                 ,0,0,0,0,0,0,0,0,0,0,0,0,0,0,0,0,0,0,0,0,0,0,0,0
201201,32,031,4,8,Washoe County                 ,29,29,6941831,0,0,0,0,0,0,1,66,6140114,29,29,6941831,0,0,0,0,0,0,1,66,6140114
201201,32,033,4,8,White Pine County             ,0,0,0,0,0,0,0,0,0,0,0,0,0,0,0,0,0,0,0,0,0,0,0,0
201201,32,510,4,8,Carson City (Independent City),1,1,425320,0,0,0,0,0,0,0,0,0,1,1,425320,0,0,0,0,0,0,0,0,0
201201,33,015,1,1,Rockingham County             ,23,23,4560303,2,4,565920,0,0,0,1,26,2200000,19,19,3753687,2,4,565920,0,0,0,1,26,2200000
201201,33,017,1,1,Strafford County              ,4,4,583548,0,0,0,0,0,0,0,0,0,1,1,120000,0,0,0,0,0,0,0,0,0
201201,34,001,1,2,Atlantic County               ,33,33,8735532,0,0,0,0,0,0,1,8,1757363,23,23,7825187,0,0,0,0,0,0,0,0,0
201201,34,003,1,2,Bergen County                 ,35,35,15558986,4,8,826100,0,0,0,3,15,1396522,16,16,8656700,2,4,625000,0,0,0,0,0,0
201201,34,005,1,2,Burlington County             ,19,19,3207257,0,0,0,0,0,0,4,28,1964727,6,6,1184624,0,0,0,0,0,0,0,0,0
201201,34,007,1,2,Camden County                 ,15,15,2423483,0,0,0,0,0,0,4,40,2991651,7,7,1314522,0,0,0,0,0,0,2,30,2546898
201201,34,009,1,2,Cape May County               ,21,21,5602535,7,14,3227500,0,0,0,0,0,0,21,21,5602535,7,14,3227500,0,0,0,0,0,0
201201,34,011,1,2,Cumberland County             ,13,13,1635204,0,0,0,0,0,0,0,0,0,8,8,1064200,0,0,0,0,0,0,0,0,0
201201,34,013,1,2,Essex County                  ,12,12,4517507,1,2,109500,0,0,0,1,13,1501223,7,7,3814100,1,2,109500,0,0,0,0,0,0
201201,34,015,1,2,Gloucester County             ,20,20,2934540,0,0,0,0,0,0,0,0,0,14,14,2270330,0,0,0,0,0,0,0,0,0
201201,34,017,1,2,Hudson County                 ,3,3,459931,5,10,73950,1,3,168750,11,176,15401858,0,0,29294,5,10,73950,0,0,0,8,110,7455115
201201,34,019,1,2,Hunterdon County              ,7,7,1195762,0,0,0,0,0,0,2,11,788083,2,2,703548,0,0,0,0,0,0,0,0,0
201201,34,021,1,2,Mercer County                 ,12,12,2851588,0,0,0,0,0,0,3,46,5781532,3,3,1127829,0,0,0,0,0,0,0,0,0
201201,34,023,1,2,Middlesex County              ,26,26,4118357,0,0,0,0,0,0,5,79,3489620,19,19,3155174,0,0,0,0,0,0,2,49,1670494
201201,34,025,1,2,Monmouth County               ,37,37,13188056,0,0,0,0,0,0,1,13,325097,25,25,11287198,0,0,0,0,0,0,0,0,0
201201,34,027,1,2,Morris County                 ,32,32,8670338,0,0,0,0,0,0,3,15,1124031,21,21,6072613,0,0,0,0,0,0,0,0,0
201201,34,029,1,2,Ocean County                  ,61,61,10460684,0,0,0,0,0,0,0,0,0,55,55,8982577,0,0,0,0,0,0,0,0,0
201201,34,031,1,2,Passaic County                ,7,7,1373969,1,2,140238,0,0,0,2,16,1989459,3,3,677000,0,0,0,0,0,0,1,10,1320000
201201,34,033,1,2,Salem County                  ,1,1,108600,0,0,0,0,0,0,0,0,0,1,1,108600,0,0,0,0,0,0,0,0,0
201201,34,035,1,2,Somerset County               ,21,21,4114086,0,0,0,0,0,0,2,10,748826,14,14,2920094,0,0,0,0,0,0,0,0,0
201201,34,037,1,2,Sussex County                 ,12,12,2386059,0,0,0,0,0,0,0,0,0,5,5,1065198,0,0,0,0,0,0,0,0,0
201201,34,039,1,2,Union County                  ,14,14,2570944,2,4,129000,0,0,0,3,29,450848,7,7,1266641,2,4,129000,0,0,0,0,0,0
201201,34,041,1,2,Warren County                 ,7,7,806686,0,0,0,0,0,0,0,0,0,2,2,211236,0,0,0,0,0,0,0,0,0
201201,35,000,4,8,New Mexico Balance of State   ,49,49,8510434,0,0,0,0,0,0,0,0,0,0,0,0,0,0,0,0,0,0,0,0,0
201201,35,001,4,8,Bernalillo County             ,59,59,11095825,0,0,0,0,0,0,1,10,778712,3,3,1161203,0,0,0,0,0,0,0,0,0
201201,35,005,4,8,Chaves County                 ,1,1,245000,0,0,0,0,0,0,0,0,0,1,1,245000,0,0,0,0,0,0,0,0,0
201201,35,007,4,8,Colfax County                 ,0,0,0,0,0,0,0,0,0,0,0,0,0,0,0,0,0,0,0,0,0,0,0,0
201201,35,009,4,8,Curry County                  ,13,13,2612578,1,2,288927,0,0,0,0,0,0,13,13,2612578,1,2,288927,0,0,0,0,0,0
201201,35,013,4,8,Dona Ana County               ,61,61,11590356,2,4,442400,0,0,0,0,0,0,61,61,11590356,2,4,442400,0,0,0,0,0,0
201201,35,015,4,8,Eddy County                   ,12,12,2071318,0,0,0,0,0,0,0,0,0,12,12,2071318,0,0,0,0,0,0,0,0,0
201201,35,025,4,8,Lea County                    ,1,1,350000,0,0,0,0,0,0,0,0,0,1,1,350000,0,0,0,0,0,0,0,0,0
201201,35,027,4,8,Lincoln County                ,3,3,524845,0,0,0,0,0,0,0,0,0,0,0,0,0,0,0,0,0,0,0,0,0
201201,35,028,4,8,Los Alamos County             ,1,1,484620,0,0,0,0,0,0,0,0,0,1,1,484620,0,0,0,0,0,0,0,0,0
201201,35,029,4,8,Luna County                   ,1,1,183182,0,0,0,0,0,0,0,0,0,0,0,0,0,0,0,0,0,0,0,0,0
201201,35,031,4,8,McKinley County               ,0,0,0,0,0,0,0,0,0,0,0,0,0,0,0,0,0,0,0,0,0,0,0,0
201201,35,035,4,8,Otero County                  ,0,0,0,0,0,0,0,0,0,0,0,0,0,0,0,0,0,0,0,0,0,0,0,0
201201,35,039,4,8,Rio Arriba County             ,0,0,0,0,0,0,0,0,0,0,0,0,0,0,0,0,0,0,0,0,0,0,0,0
201201,35,041,4,8,Roosevelt County              ,10,10,1075000,0,0,0,0,0,0,0,0,0,10,10,1075000,0,0,0,0,0,0,0,0,0
201201,35,043,4,8,Sandoval County               ,19,19,3397533,0,0,0,0,0,0,0,0,0,19,19,3397533,0,0,0,0,0,0,0,0,0
201201,35,045,4,8,San Juan County               ,19,19,3937491,0,0,0,0,0,0,0,0,0,19,19,3937491,0,0,0,0,0,0,0,0,0
201201,35,049,4,8,Santa Fe County               ,6,6,800151,0,0,0,0,0,0,0,0,0,0,0,0,0,0,0,0,0,0,0,0,0
201201,35,051,4,8,Sierra County                 ,0,0,0,0,0,0,0,0,0,0,0,0,0,0,0,0,0,0,0,0,0,0,0,0
201201,35,053,4,8,Socorro County                ,0,0,0,0,0,0,0,0,0,0,0,0,0,0,0,0,0,0,0,0,0,0,0,0
201201,35,055,4,8,Taos County                   ,5,5,648623,0,0,0,0,0,0,0,0,0,1,1,210000,0,0,0,0,0,0,0,0,0
201201,35,061,4,8,Valencia County               ,6,6,786113,0,0,0,0,0,0,0,0,0,0,0,0,0,0,0,0,0,0,0,0,0
201201,36,005,1,2,Bronx County                  ,0,0,0,0,0,0,0,0,0,6,194,16941609,0,0,0,0,0,0,0,0,0,6,194,16941609
201201,36,047,1,2,Kings County                  ,0,0,0,3,6,666248,5,17,1565603,13,240,20958692,0,0,0,3,6,666248,5,17,1565603,13,240,20958692
201201,36,059,1,2,Nassau County                 ,23,23,12667598,0,0,0,0,0,0,9,90,9720000,20,20,11800477,0,0,0,0,0,0,9,90,9720000
201201,36,061,1,2,New York County               ,0,0,0,1,2,222083,0,0,0,5,293,25587070,0,0,0,1,2,222083,0,0,0,5,293,25587070
201201,36,079,1,2,Putnam County                 ,5,5,1086330,0,0,0,0,0,0,0,0,0,2,2,589500,0,0,0,0,0,0,0,0,0
201201,36,081,1,2,Queens County                 ,5,5,1101742,7,14,1554578,2,6,552566,4,31,2707164,5,5,1101742,7,14,1554578,2,6,552566,4,31,2707164
201201,36,085,1,2,Richmond County               ,6,6,1322090,0,0,0,0,0,0,0,0,0,6,6,1322090,0,0,0,0,0,0,0,0,0
201201,36,087,1,2,Rockland County               ,5,5,1486307,0,0,0,0,0,0,0,0,0,4,4,1021100,0,0,0,0,0,0,0,0,0
201201,36,103,1,2,Suffolk County                ,54,54,21809435,0,0,0,0,0,0,0,0,0,44,44,18847138,0,0,0,0,0,0,0,0,0
201201,36,119,1,2,Westchester County            ,6,6,2090000,1,2,200000,0,0,0,1,8,986301,5,5,1895000,0,0,0,0,0,0,0,0,0
201201,37,003,3,5,Alexander County              ,2,2,315850,0,0,0,0,0,0,0,0,0,2,2,315850,0,0,0,0,0,0,0,0,0
201201,37,007,3,5,Anson County                  ,2,2,328431,0,0,0,0,0,0,0,0,0,0,0,0,0,0,0,0,0,0,0,0,0
201201,37,009,3,5,Ashe County                   ,2,2,590000,0,0,0,0,0,0,0,0,0,2,2,590000,0,0,0,0,0,0,0,0,0
201201,37,011,3,5,Avery County                  ,0,0,0,0,0,0,0,0,0,0,0,0,0,0,0,0,0,0,0,0,0,0,0,0
201201,37,019,3,5,Brunswick County              ,77,77,13777616,0,0,0,0,0,0,0,0,0,46,46,8323653,0,0,0,0,0,0,0,0,0
201201,37,025,3,5,Cabarrus County               ,51,51,6596044,0,0,0,0,0,0,1,66,4684377,51,51,6596044,0,0,0,0,0,0,1,66,4684377
201201,37,027,3,5,Caldwell County               ,4,4,497895,0,0,0,0,0,0,0,0,0,4,4,497895,0,0,0,0,0,0,0,0,0
201201,37,037,3,5,Chatham County                ,34,34,10294750,0,0,0,0,0,0,0,0,0,34,34,10294750,0,0,0,0,0,0,0,0,0
201201,37,039,3,5,Cherokee County               ,3,3,396981,0,0,0,0,0,0,0,0,0,3,3,396981,0,0,0,0,0,0,0,0,0
201201,37,049,3,5,Craven County                 ,23,23,2873010,0,0,0,0,0,0,1,11,485158,11,11,1311000,0,0,0,0,0,0,0,0,0
201201,37,053,3,5,Currituck County              ,11,11,2725819,0,0,0,0,0,0,0,0,0,0,0,0,0,0,0,0,0,0,0,0,0
201201,37,059,3,5,Davie County                  ,4,4,701225,0,0,0,0,0,0,0,0,0,4,4,701225,0,0,0,0,0,0,0,0,0
201201,37,063,3,5,Durham County                 ,71,71,13777564,0,0,0,0,0,0,14,528,35987016,71,71,13777564,0,0,0,0,0,0,14,528,35987016
201201,37,067,3,5,Forsyth County                ,51,51,7215135,0,0,0,1,4,204120,0,0,0,51,51,7215135,0,0,0,1,4,204120,0,0,0
201201,37,069,3,5,Franklin County               ,12,12,5825500,0,0,0,0,0,0,0,0,0,12,12,5825500,0,0,0,0,0,0,0,0,0
201201,37,071,3,5,Gaston County                 ,23,23,4798899,0,0,0,0,0,0,0,0,0,23,23,4798899,0,0,0,0,0,0,0,0,0
201201,37,081,3,5,Guilford County               ,50,50,12041296,0,0,0,2,8,287304,6,128,5229349,37,37,9964708,0,0,0,2,8,287304,5,115,3917716
201201,37,089,3,5,Henderson County              ,18,18,3137485,0,0,0,0,0,0,0,0,0,18,18,3137485,0,0,0,0,0,0,0,0,0
201201,37,093,3,5,Hoke County                   ,33,33,5919606,0,0,0,0,0,0,0,0,0,33,33,5919606,0,0,0,0,0,0,0,0,0
201201,37,097,3,5,Iredell County                ,33,33,9936859,0,0,0,0,0,0,0,0,0,33,33,9936859,0,0,0,0,0,0,0,0,0
201201,37,099,3,5,Jackson County                ,11,11,3277151,0,0,0,0,0,0,0,0,0,0,0,0,0,0,0,0,0,0,0,0,0
201201,37,101,3,5,Johnston County               ,55,55,7627954,0,0,0,0,0,0,0,0,0,45,45,6349928,0,0,0,0,0,0,0,0,0
201201,37,105,3,5,Lee County                    ,6,6,995880,0,0,0,0,0,0,0,0,0,6,6,995880,0,0,0,0,0,0,0,0,0
201201,37,109,3,5,Lincoln County                ,8,8,2838823,0,0,0,0,0,0,0,0,0,0,0,0,0,0,0,0,0,0,0,0,0
201201,37,113,3,5,Macon County                  ,3,3,2240000,0,0,0,0,0,0,0,0,0,3,3,2240000,0,0,0,0,0,0,0,0,0
201201,37,119,3,5,Mecklenburg County            ,195,195,35959618,0,0,0,0,0,0,21,539,47469499,195,195,35959618,0,0,0,0,0,0,21,539,47469499
201201,37,127,3,5,Nash County                   ,11,11,1419014,0,0,0,0,0,0,0,0,0,8,8,1218500,0,0,0,0,0,0,0,0,0
201201,37,129,3,5,New Hanover County            ,39,39,9626049,1,2,341400,0,0,0,13,286,34366775,37,37,9194494,0,0,0,0,0,0,13,286,34366775
201201,37,135,3,5,Orange County                 ,16,16,5159015,0,0,0,0,0,0,2,14,882795,7,7,3066694,0,0,0,0,0,0,0,0,0
201201,37,137,3,5,Pamlico County                ,3,3,731298,0,0,0,0,0,0,0,0,0,0,0,0,0,0,0,0,0,0,0,0,0
201201,37,141,3,5,Pender County                 ,8,8,1431845,0,0,0,0,0,0,0,0,0,2,2,390000,0,0,0,0,0,0,0,0,0
201201,37,145,3,5,Person County                 ,3,3,665500,0,0,0,0,0,0,0,0,0,3,3,665500,0,0,0,0,0,0,0,0,0
201201,37,147,3,5,Pitt County                   ,23,23,3782510,1,2,180000,0,0,0,0,0,0,23,23,3782510,1,2,180000,0,0,0,0,0,0
201201,37,149,3,5,Polk County                   ,3,3,487130,0,0,0,0,0,0,0,0,0,3,3,487130,0,0,0,0,0,0,0,0,0
201201,37,151,3,5,Randolph County               ,14,14,2544725,0,0,0,0,0,0,0,0,0,14,14,2544725,0,0,0,0,0,0,0,0,0
201201,37,157,3,5,Rockingham County             ,7,7,1384514,0,0,0,0,0,0,0,0,0,7,7,1384514,0,0,0,0,0,0,0,0,0
201201,37,159,3,5,Rowan County                  ,9,9,1514628,0,0,0,0,0,0,0,0,0,9,9,1514628,0,0,0,0,0,0,0,0,0
201201,37,163,3,5,Sampson County                ,6,6,1013900,0,0,0,0,0,0,0,0,0,6,6,1013900,0,0,0,0,0,0,0,0,0
201201,37,167,3,5,Stanly County                 ,5,5,382650,0,0,0,0,0,0,0,0,0,5,5,382650,0,0,0,0,0,0,0,0,0
201201,37,171,3,5,Surry County                  ,4,4,695172,0,0,0,0,0,0,0,0,0,4,4,695172,0,0,0,0,0,0,0,0,0
201201,37,175,3,5,Transylvania County           ,5,5,2037343,0,0,0,0,0,0,0,0,0,5,5,2037343,0,0,0,0,0,0,0,0,0
201201,37,179,3,5,Union County                  ,61,61,10485355,0,0,0,0,0,0,0,0,0,61,61,10485355,0,0,0,0,0,0,0,0,0
201201,37,181,3,5,Vance County                  ,3,3,228590,0,0,0,0,0,0,0,0,0,3,3,228590,0,0,0,0,0,0,0,0,0
201201,37,183,3,5,Wake County                   ,347,347,71218754,0,0,0,9,35,2814896,12,337,35348758,347,347,71218754,0,0,0,9,35,2814896,12,337,35348758
201201,37,195,3,5,Wilson County                 ,4,4,1003865,0,0,0,0,0,0,0,0,0,4,4,1003865,0,0,0,0,0,0,0,0,0
201201,39,015,2,3,Brown County                  ,2,2,329268,0,0,0,0,0,0,0,0,0,0,0,0,0,0,0,0,0,0,0,0,0
201201,39,017,2,3,Butler County                 ,23,23,4546311,0,0,0,0,0,0,0,0,0,10,10,1599191,0,0,0,0,0,0,0,0,0
201201,39,025,2,3,Clermont County               ,22,22,5121457,0,0,0,0,0,0,1,8,900000,22,22,5121457,0,0,0,0,0,0,1,8,900000
201201,39,035,2,3,Cuyahoga County               ,16,16,3495640,0,0,0,0,0,0,0,0,0,6,6,1445186,0,0,0,0,0,0,0,0,0
201201,39,041,2,3,Delaware County               ,53,53,10906775,0,0,0,0,0,0,0,0,0,51,51,10338901,0,0,0,0,0,0,0,0,0
201201,39,045,2,3,Fairfield County              ,14,14,2565801,0,0,0,0,0,0,0,0,0,11,11,2117109,0,0,0,0,0,0,0,0,0
201201,39,049,2,3,Franklin County               ,70,70,16490692,0,0,0,0,0,0,25,506,40933882,68,68,15950752,0,0,0,0,0,0,25,506,40933882
201201,39,055,2,3,Geauga County                 ,4,4,1329541,0,0,0,0,0,0,0,0,0,4,4,1329541,0,0,0,0,0,0,0,0,0
201201,39,061,2,3,Hamilton County               ,14,14,2876935,0,0,0,1,3,225000,0,0,0,14,14,2876935,0,0,0,1,3,225000,0,0,0
201201,39,085,2,3,Lake County                   ,10,10,2398156,0,0,0,0,0,0,0,0,0,5,5,956782,0,0,0,0,0,0,0,0,0
201201,39,089,2,3,Licking County                ,0,0,0,0,0,0,0,0,0,0,0,0,0,0,0,0,0,0,0,0,0,0,0,0
201201,39,093,2,3,Lorain County                 ,38,38,7004275,0,0,0,0,0,0,2,10,840000,30,30,5285160,0,0,0,0,0,0,2,10,840000
201201,39,097,2,3,Madison County                ,1,1,201514,0,0,0,1,4,168697,0,0,0,1,1,201514,0,0,0,1,4,168697,0,0,0
201201,39,103,2,3,Medina County                 ,17,17,2997844,0,0,0,0,0,0,0,0,0,17,17,2997844,0,0,0,0,0,0,0,0,0
201201,39,117,2,3,Morrow County                 ,1,1,125000,0,0,0,0,0,0,0,0,0,0,0,0,0,0,0,0,0,0,0,0,0
201201,39,129,2,3,Pickaway County               ,2,2,273000,0,0,0,0,0,0,0,0,0,2,2,273000,0,0,0,0,0,0,0,0,0
201201,39,159,2,3,Union County                  ,6,6,1209082,0,0,0,0,0,0,0,0,0,6,6,1209082,0,0,0,0,0,0,0,0,0
201201,39,165,2,3,Warren County                 ,31,31,8163619,0,0,0,0,0,0,0,0,0,30,30,7986254,0,0,0,0,0,0,0,0,0
201201,39,169,2,3,Wayne County                  ,2,2,278700,1,2,220000,0,0,0,0,0,0,2,2,278700,1,2,220000,0,0,0,0,0,0
201201,40,017,3,7,Canadian County               ,10,10,2346818,0,0,0,0,0,0,0,0,0,7,7,1612000,0,0,0,0,0,0,0,0,0
201201,40,021,3,7,Cherokee County               ,0,0,0,2,4,260000,0,0,0,0,0,0,0,0,0,2,4,260000,0,0,0,0,0,0
201201,40,027,3,7,Cleveland County              ,49,49,7466813,0,0,0,0,0,0,0,0,0,48,48,7290803,0,0,0,0,0,0,0,0,0
201201,40,029,3,7,Coal County                   ,0,0,0,0,0,0,0,0,0,0,0,0,0,0,0,0,0,0,0,0,0,0,0,0
201201,40,037,3,7,Creek County                  ,5,5,727638,0,0,0,0,0,0,0,0,0,0,0,0,0,0,0,0,0,0,0,0,0
201201,40,051,3,7,Grady County                  ,7,7,1818000,0,0,0,0,0,0,0,0,0,7,7,1818000,0,0,0,0,0,0,0,0,0
201201,40,081,3,7,Lincoln County                ,0,0,0,0,0,0,0,0,0,0,0,0,0,0,0,0,0,0,0,0,0,0,0,0
201201,40,083,3,7,Logan County                  ,42,42,6480000,0,0,0,0,0,0,0,0,0,42,42,6480000,0,0,0,0,0,0,0,0,0
201201,40,087,3,7,McClain County                ,15,15,2294000,0,0,0,0,0,0,0,0,0,15,15,2294000,0,0,0,0,0,0,0,0,0
201201,40,099,3,7,Murray County                 ,1,1,60000,0,0,0,0,0,0,0,0,0,1,1,60000,0,0,0,0,0,0,0,0,0
201201,40,109,3,7,Oklahoma County               ,199,199,40253587,1,2,164658,0,0,0,2,11,630750,89,89,23772469,0,0,0,0,0,0,0,0,0
201201,40,111,3,7,Okmulgee County               ,0,0,0,0,0,0,0,0,0,0,0,0,0,0,0,0,0,0,0,0,0,0,0,0
201201,40,113,3,7,Osage County                  ,5,5,624000,0,0,0,0,0,0,0,0,0,5,5,624000,0,0,0,0,0,0,0,0,0
201201,40,117,3,7,Pawnee County                 ,0,0,0,0,0,0,0,0,0,0,0,0,0,0,0,0,0,0,0,0,0,0,0,0
201201,40,131,3,7,Rogers County                 ,26,26,4087200,0,0,0,0,0,0,0,0,0,25,25,3885000,0,0,0,0,0,0,0,0,0
201201,40,143,3,7,Tulsa County                  ,126,126,24547405,0,0,0,0,0,0,11,132,4465000,118,118,22908304,0,0,0,0,0,0,11,132,4465000
201201,40,145,3,7,Wagoner County                ,12,12,2036000,0,0,0,0,0,0,0,0,0,12,12,2036000,0,0,0,0,0,0,0,0,0
201201,41,000,4,9,Oregon Balance of State       ,7,7,1232963,0,0,0,0,0,0,0,0,0,7,7,1232963,0,0,0,0,0,0,0,0,0
201201,41,001,4,9,Baker County                  ,2,2,378426,0,0,0,0,0,0,0,0,0,2,2,378426,0,0,0,0,0,0,0,0,0
201201,41,005,4,9,Clackamas County              ,65,65,17103162,0,0,0,0,0,0,0,0,0,59,59,15413992,0,0,0,0,0,0,0,0,0
201201,41,009,4,9,Columbia County               ,0,0,0,0,0,0,0,0,0,0,0,0,0,0,0,0,0,0,0,0,0,0,0,0
201201,41,017,4,9,Deschutes County              ,33,33,7128574,0,0,0,0,0,0,0,0,0,30,30,6581702,0,0,0,0,0,0,0,0,0
201201,41,019,4,9,Douglas County                ,5,5,1104003,0,0,0,0,0,0,0,0,0,5,5,1104003,0,0,0,0,0,0,0,0,0
201201,41,025,4,9,Harney County                 ,0,0,0,0,0,0,0,0,0,0,0,0,0,0,0,0,0,0,0,0,0,0,0,0
201201,41,033,4,9,Josephine County              ,1,1,238847,0,0,0,0,0,0,0,0,0,1,1,238847,0,0,0,0,0,0,0,0,0
201201,41,035,4,9,Klamath County                ,2,2,231632,0,0,0,0,0,0,0,0,0,2,2,231632,0,0,0,0,0,0,0,0,0
201201,41,045,4,9,Malheur County                ,3,3,551919,0,0,0,0,0,0,0,0,0,3,3,551919,0,0,0,0,0,0,0,0,0
201201,41,051,4,9,Multnomah County              ,39,39,8759024,0,0,0,0,0,0,3,211,18005205,39,39,8759024,0,0,0,0,0,0,3,211,18005205
201201,41,057,4,9,Tillamook County              ,3,3,762544,0,0,0,0,0,0,0,0,0,3,3,762544,0,0,0,0,0,0,0,0,0
201201,41,059,4,9,Umatilla County               ,2,2,303909,0,0,0,0,0,0,0,0,0,2,2,303909,0,0,0,0,0,0,0,0,0
201201,41,061,4,9,Union County                  ,0,0,0,0,0,0,0,0,0,0,0,0,0,0,0,0,0,0,0,0,0,0,0,0
201201,41,067,4,9,Washington County             ,93,93,24815808,0,0,0,6,24,2821849,1,6,776786,93,93,24815808,0,0,0,6,24,2821849,1,6,776786
201201,41,071,4,9,Yamhill County                ,6,6,1395049,0,0,0,0,0,0,0,0,0,4,4,1013318,0,0,0,0,0,0,0,0,0
201201,42,001,1,2,Adams County                  ,8,8,1275000,0,0,0,0,0,0,0,0,0,8,8,1275000,0,0,0,0,0,0,0,0,0
201201,42,003,1,2,Allegheny County              ,96,96,20812701,0,0,0,0,0,0,0,0,0,67,67,16928531,0,0,0,0,0,0,0,0,0
201201,42,005,1,2,Armstrong County              ,5,5,583972,0,0,0,0,0,0,0,0,0,1,1,120000,0,0,0,0,0,0,0,0,0
201201,42,007,1,2,Beaver County                 ,9,9,1589415,0,0,0,0,0,0,0,0,0,5,5,817035,0,0,0,0,0,0,0,0,0
201201,42,017,1,2,Bucks County                  ,34,34,4072341,0,0,0,0,0,0,0,0,0,29,29,2963485,0,0,0,0,0,0,0,0,0
201201,42,019,1,2,Butler County                 ,43,43,9630432,0,0,0,0,0,0,0,0,0,41,41,9260170,0,0,0,0,0,0,0,0,0
201201,42,025,1,2,Carbon County                 ,5,5,760212,0,0,0,0,0,0,0,0,0,1,1,149900,0,0,0,0,0,0,0,0,0
201201,42,029,1,2,Chester County                ,58,58,9871098,0,0,0,1,4,196000,0,0,0,49,49,7571563,0,0,0,1,4,196000,0,0,0
201201,42,045,1,2,Delaware County               ,10,10,2393286,0,0,0,0,0,0,0,0,0,5,5,1251045,0,0,0,0,0,0,0,0,0
201201,42,051,1,2,Fayette County                ,10,10,2122763,0,0,0,0,0,0,0,0,0,1,1,215400,0,0,0,0,0,0,0,0,0
201201,42,055,1,2,Franklin County               ,7,7,985865,0,0,0,0,0,0,0,0,0,5,5,774451,0,0,0,0,0,0,0,0,0
201201,42,065,1,2,Jefferson County              ,1,1,58000,0,0,0,0,0,0,0,0,0,1,1,58000,0,0,0,0,0,0,0,0,0
201201,42,077,1,2,Lehigh County                 ,18,18,3670186,0,0,0,0,0,0,0,0,0,14,14,2918648,0,0,0,0,0,0,0,0,0
201201,42,091,1,2,Montgomery County             ,40,40,7977343,0,0,0,0,0,0,0,0,0,32,32,6507482,0,0,0,0,0,0,0,0,0
201201,42,095,1,2,Northampton County            ,14,14,2355095,2,4,361850,1,3,510000,4,34,2817410,11,11,1800000,1,2,170600,1,3,510000,2,24,1366778
201201,42,101,1,2,Philadelphia County           ,25,25,5508710,4,8,505000,5,15,400000,6,453,5885500,25,25,5508710,4,8,505000,5,15,400000,6,453,5885500
201201,42,103,1,2,Pike County                   ,6,6,1109386,0,0,0,0,0,0,0,0,0,4,4,755000,0,0,0,0,0,0,0,0,0
201201,42,125,1,2,Washington County             ,23,23,4695045,0,0,0,2,7,963150,0,0,0,17,17,3726000,0,0,0,1,4,720000,0,0,0
201201,42,129,1,2,Westmoreland County           ,20,20,3629388,0,0,0,0,0,0,0,0,0,6,6,937111,0,0,0,0,0,0,0,0,0
201201,44,001,1,1,Bristol County                ,1,1,294946,0,0,0,0,0,0,0,0,0,0,0,0,0,0,0,0,0,0,0,0,0
201201,44,003,1,1,Kent County                   ,5,5,689145,1,2,110000,0,0,0,0,0,0,2,2,264200,0,0,0,0,0,0,0,0,0
201201,44,005,1,1,Newport County                ,9,9,1663000,0,0,0,0,0,0,0,0,0,9,9,1663000,0,0,0,0,0,0,0,0,0
201201,44,007,1,1,Providence County             ,14,14,1533886,0,0,0,0,0,0,0,0,0,12,12,1169240,0,0,0,0,0,0,0,0,0
201201,44,009,1,1,Washington County             ,15,15,3223024,0,0,0,1,3,100000,0,0,0,13,13,2965480,0,0,0,0,0,0,0,0,0
201201,45,003,3,5,Aiken County                  ,53,53,11044830,0,0,0,0,0,0,0,0,0,47,47,10372734,0,0,0,0,0,0,0,0,0
201201,45,009,3,5,Bamberg County                ,2,2,300000,0,0,0,0,0,0,0,0,0,2,2,300000,0,0,0,0,0,0,0,0,0
201201,45,015,3,5,Berkeley County               ,89,89,16571618,0,0,0,0,0,0,1,15,1936270,0,0,0,0,0,0,0,0,0,0,0,0
201201,45,017,3,5,Calhoun County                ,1,1,400000,0,0,0,0,0,0,0,0,0,1,1,400000,0,0,0,0,0,0,0,0,0
201201,45,019,3,5,Charleston County             ,109,109,33762702,0,0,0,0,0,0,1,26,1302696,77,77,28682904,0,0,0,0,0,0,0,0,0
201201,45,035,3,5,Dorchester County             ,55,55,13144186,0,0,0,0,0,0,0,0,0,55,55,13144186,0,0,0,0,0,0,0,0,0
201201,45,039,3,5,Fairfield County              ,3,3,347993,0,0,0,0,0,0,0,0,0,0,0,0,0,0,0,0,0,0,0,0,0
201201,45,041,3,5,Florence County               ,21,21,2639746,1,2,101938,0,0,0,0,0,0,0,0,0,0,0,0,0,0,0,0,0,0
201201,45,045,3,5,Greenville County             ,113,113,29759304,0,0,0,0,0,0,0,0,0,112,112,29669307,0,0,0,0,0,0,0,0,0
201201,45,047,3,5,Greenwood County              ,4,4,554899,0,0,0,0,0,0,0,0,0,4,4,554899,0,0,0,0,0,0,0,0,0
201201,45,055,3,5,Kershaw County                ,8,8,1246285,0,0,0,0,0,0,0,0,0,8,8,1246285,0,0,0,0,0,0,0,0,0
201201,45,059,3,5,Laurens County                ,2,2,253426,0,0,0,0,0,0,0,0,0,2,2,253426,0,0,0,0,0,0,0,0,0
201201,45,063,3,5,Lexington County              ,99,99,17730346,0,0,0,0,0,0,2,26,2105802,9,9,1112431,0,0,0,0,0,0,0,0,0
201201,45,077,3,5,Pickens County                ,11,11,3176054,0,0,0,0,0,0,0,0,0,9,9,2780549,0,0,0,0,0,0,0,0,0
201201,45,079,3,5,Richland County               ,82,82,9789989,0,0,0,0,0,0,2,43,2272644,2,2,400000,0,0,0,0,0,0,0,0,0
201201,45,081,3,5,Saluda County                 ,3,3,791612,0,0,0,0,0,0,0,0,0,3,3,791612,0,0,0,0,0,0,0,0,0
201201,45,085,3,5,Sumter County                 ,23,23,2213155,0,0,0,0,0,0,0,0,0,23,23,2213155,0,0,0,0,0,0,0,0,0
201201,45,091,3,5,York County                   ,58,58,15469218,0,0,0,0,0,0,0,0,0,58,58,15469218,0,0,0,0,0,0,0,0,0
201201,46,005,2,4,Beadle County                 ,0,0,0,0,0,0,0,0,0,0,0,0,0,0,0,0,0,0,0,0,0,0,0,0
201201,46,069,2,4,Hyde County                   ,0,0,0,0,0,0,0,0,0,0,0,0,0,0,0,0,0,0,0,0,0,0,0,0
201201,46,121,2,4,Todd County                   ,0,0,0,0,0,0,0,0,0,0,0,0,0,0,0,0,0,0,0,0,0,0,0,0
201201,47,011,3,6,Bradley County                ,13,13,1764050,0,0,0,5,16,1250000,0,0,0,13,13,1764050,0,0,0,5,16,1250000,0,0,0
201201,47,015,3,6,Cannon County                 ,1,1,96800,0,0,0,0,0,0,0,0,0,0,0,0,0,0,0,0,0,0,0,0,0
201201,47,021,3,6,Cheatham County               ,4,4,629250,0,0,0,0,0,0,0,0,0,3,3,373000,0,0,0,0,0,0,0,0,0
201201,47,037,3,6,Davidson County               ,79,79,16944668,0,0,0,0,0,0,1,86,6662060,79,79,16944668,0,0,0,0,0,0,1,86,6662060
201201,47,039,3,6,Decatur County                ,0,0,0,0,0,0,0,0,0,0,0,0,0,0,0,0,0,0,0,0,0,0,0,0
201201,47,043,3,6,Dickson County                ,7,7,882882,0,0,0,0,0,0,0,0,0,7,7,882882,0,0,0,0,0,0,0,0,0
201201,47,047,3,6,Fayette County                ,9,9,1946000,0,0,0,0,0,0,0,0,0,4,4,1196000,0,0,0,0,0,0,0,0,0
201201,47,063,3,6,Hamblen County                ,5,5,689704,0,0,0,0,0,0,0,0,0,1,1,305000,0,0,0,0,0,0,0,0,0
201201,47,071,3,6,Hardin County                 ,0,0,0,0,0,0,0,0,0,1,5,133333,0,0,0,0,0,0,0,0,0,0,0,0
201201,47,081,3,6,Hickman County                ,0,0,0,0,0,0,0,0,0,0,0,0,0,0,0,0,0,0,0,0,0,0,0,0
201201,47,091,3,6,Johnson County                ,1,1,154500,0,0,0,0,0,0,0,0,0,0,0,0,0,0,0,0,0,0,0,0,0
201201,47,093,3,6,Knox County                   ,57,57,9479960,0,0,0,0,0,0,0,0,0,57,57,9479960,0,0,0,0,0,0,0,0,0
201201,47,111,3,6,Macon County                  ,0,0,0,0,0,0,0,0,0,0,0,0,0,0,0,0,0,0,0,0,0,0,0,0
201201,47,113,3,6,Madison County                ,13,13,2098123,0,0,0,0,0,0,0,0,0,0,0,0,0,0,0,0,0,0,0,0,0
201201,47,125,3,6,Montgomery County             ,90,90,10602046,0,0,0,1,4,220000,2,16,760000,90,90,10602046,0,0,0,1,4,220000,2,16,760000
201201,47,141,3,6,Putnam County                 ,16,16,1616200,0,0,0,0,0,0,0,0,0,16,16,1616200,0,0,0,0,0,0,0,0,0
201201,47,147,3,6,Robertson County              ,8,8,962132,0,0,0,0,0,0,0,0,0,6,6,782440,0,0,0,0,0,0,0,0,0
201201,47,149,3,6,Rutherford County             ,72,72,12741735,0,0,0,0,0,0,1,12,631714,64,64,11768935,0,0,0,0,0,0,0,0,0
201201,47,157,3,6,Shelby County                 ,63,63,12778333,0,0,0,0,0,0,6,72,6000000,63,63,12778333,0,0,0,0,0,0,6,72,6000000
201201,47,159,3,6,Smith County                  ,1,1,184408,0,0,0,0,0,0,0,0,0,1,1,184408,0,0,0,0,0,0,0,0,0
201201,47,165,3,6,Sumner County                 ,38,38,6083355,0,0,0,0,0,0,0,0,0,36,36,5805795,0,0,0,0,0,0,0,0,0
201201,47,167,3,6,Tipton County                 ,4,4,458140,0,0,0,0,0,0,0,0,0,4,4,458140,0,0,0,0,0,0,0,0,0
201201,47,169,3,6,Trousdale County              ,0,0,0,0,0,0,0,0,0,0,0,0,0,0,0,0,0,0,0,0,0,0,0,0
201201,47,179,3,6,Washington County             ,13,13,1695620,0,0,0,1,4,195300,6,106,5555900,13,13,1695620,0,0,0,1,4,195300,6,106,5555900
201201,47,187,3,6,Williamson County             ,60,60,13920553,0,0,0,0,0,0,0,0,0,60,60,13920553,0,0,0,0,0,0,0,0,0
201201,47,189,3,6,Wilson County                 ,53,53,8308441,0,0,0,0,0,0,0,0,0,25,25,3861610,0,0,0,0,0,0,0,0,0
201201,48,013,3,7,Atascosa County               ,2,2,309866,0,0,0,0,0,0,0,0,0,0,0,0,0,0,0,0,0,0,0,0,0
201201,48,015,3,7,Austin County                 ,5,5,642327,0,0,0,0,0,0,0,0,0,4,4,542660,0,0,0,0,0,0,0,0,0
201201,48,019,3,7,Bandera County                ,0,0,0,0,0,0,0,0,0,0,0,0,0,0,0,0,0,0,0,0,0,0,0,0
201201,48,021,3,7,Bastrop County                ,3,3,457203,0,0,0,0,0,0,0,0,0,3,3,457203,0,0,0,0,0,0,0,0,0
201201,48,029,3,7,Bexar County                  ,246,246,43117516,0,0,0,1,4,200187,8,197,13507672,29,29,5699325,0,0,0,0,0,0,0,0,0
201201,48,039,3,7,Brazoria County               ,132,132,24614719,0,0,0,0,0,0,1,17,810289,71,71,12952892,0,0,0,0,0,0,0,0,0
201201,48,041,3,7,Brazos County                 ,53,53,7333791,1,2,244596,0,0,0,0,0,0,31,31,4613032,1,2,244596,0,0,0,0,0,0
201201,48,055,3,7,Caldwell County               ,1,1,97375,0,0,0,0,0,0,0,0,0,0,0,0,0,0,0,0,0,0,0,0,0
201201,48,063,3,7,Camp County                   ,0,0,0,0,0,0,0,0,0,0,0,0,0,0,0,0,0,0,0,0,0,0,0,0
201201,48,071,3,7,Chambers County               ,32,32,4996125,0,0,0,0,0,0,0,0,0,32,32,4996125,0,0,0,0,0,0,0,0,0
201201,48,085,3,7,Collin County                 ,508,508,102689482,0,0,0,0,0,0,1,253,25155394,507,507,102656968,0,0,0,0,0,0,1,253,25155394
201201,48,091,3,7,Comal County                  ,83,83,17049515,6,12,825000,0,0,0,0,0,0,83,83,17049515,6,12,825000,0,0,0,0,0,0
201201,48,113,3,7,Dallas County                 ,190,190,55367363,0,0,0,1,4,468318,10,676,69976926,104,104,30067852,0,0,0,0,0,0,2,377,32150000
201201,48,117,3,7,Deaf Smith County             ,0,0,0,0,0,0,0,0,0,0,0,0,0,0,0,0,0,0,0,0,0,0,0,0
201201,48,119,3,7,Delta County                  ,0,0,0,0,0,0,0,0,0,0,0,0,0,0,0,0,0,0,0,0,0,0,0,0
201201,48,121,3,7,Denton County                 ,116,116,40477332,0,0,0,0,0,0,0,0,0,106,106,37721382,0,0,0,0,0,0,0,0,0
201201,48,133,3,7,Eastland County               ,0,0,0,0,0,0,0,0,0,0,0,0,0,0,0,0,0,0,0,0,0,0,0,0
201201,48,135,3,7,Ector County                  ,36,36,8834485,0,0,0,0,0,0,0,0,0,36,36,8834485,0,0,0,0,0,0,0,0,0
201201,48,139,3,7,Ellis County                  ,46,46,7308009,0,0,0,0,0,0,0,0,0,46,46,7308009,0,0,0,0,0,0,0,0,0
201201,48,157,3,7,Fort Bend County              ,447,447,95089222,0,0,0,0,0,0,0,0,0,446,446,94963222,0,0,0,0,0,0,0,0,0
201201,48,167,3,7,Galveston County              ,150,150,29383949,0,0,0,0,0,0,1,31,2708738,68,68,14382832,0,0,0,0,0,0,0,0,0
201201,48,187,3,7,Guadalupe County              ,48,48,9668812,0,0,0,0,0,0,0,0,0,48,48,9668812,0,0,0,0,0,0,0,0,0
201201,48,201,3,7,Harris County                 ,831,831,160639881,2,4,520000,0,0,0,18,876,55675440,821,821,156698873,2,4,520000,0,0,0,18,876,55675440
201201,48,209,3,7,Hays County                   ,83,83,12472142,0,0,0,0,0,0,18,178,11983251,39,39,5523111,0,0,0,0,0,0,0,0,0
201201,48,215,3,7,Hidalgo County                ,231,231,34017078,8,16,1307292,2,7,486815,2,10,572652,144,144,21297392,7,14,1144176,1,4,260624,0,0,0
201201,48,231,3,7,Hunt County                   ,2,2,273034,0,0,0,0,0,0,0,0,0,2,2,273034,0,0,0,0,0,0,0,0,0
201201,48,233,3,7,Hutchinson County             ,0,0,0,0,0,0,0,0,0,0,0,0,0,0,0,0,0,0,0,0,0,0,0,0
201201,48,251,3,7,Johnson County                ,34,34,4805959,0,0,0,0,0,0,1,62,3333820,4,4,337500,0,0,0,0,0,0,0,0,0
201201,48,257,3,7,Kaufman County                ,6,6,1086630,0,0,0,0,0,0,0,0,0,6,6,1086630,0,0,0,0,0,0,0,0,0
201201,48,259,3,7,Kendall County                ,15,15,3493200,0,0,0,0,0,0,0,0,0,8,8,1995477,0,0,0,0,0,0,0,0,0
201201,48,271,3,7,Kinney County                 ,0,0,0,0,0,0,0,0,0,0,0,0,0,0,0,0,0,0,0,0,0,0,0,0
201201,48,291,3,7,Liberty County                ,18,18,1746173,2,4,400000,0,0,0,0,0,0,15,15,1449296,2,4,400000,0,0,0,0,0,0
201201,48,307,3,7,McCulloch County              ,0,0,0,0,0,0,0,0,0,0,0,0,0,0,0,0,0,0,0,0,0,0,0,0
201201,48,323,3,7,Maverick County               ,0,0,0,0,0,0,0,0,0,0,0,0,0,0,0,0,0,0,0,0,0,0,0,0
201201,48,325,3,7,Medina County                 ,1,1,138385,0,0,0,0,0,0,0,0,0,1,1,138385,0,0,0,0,0,0,0,0,0
201201,48,329,3,7,Midland County                ,44,44,8018324,0,0,0,0,0,0,0,0,0,44,44,8018324,0,0,0,0,0,0,0,0,0
201201,48,339,3,7,Montgomery County             ,214,214,53709360,0,0,0,0,0,0,0,0,0,210,210,53145026,0,0,0,0,0,0,0,0,0
201201,48,353,3,7,Nolan County                  ,0,0,0,0,0,0,0,0,0,0,0,0,0,0,0,0,0,0,0,0,0,0,0,0
201201,48,359,3,7,Oldham County                 ,0,0,0,0,0,0,0,0,0,0,0,0,0,0,0,0,0,0,0,0,0,0,0,0
201201,48,367,3,7,Parker County                 ,13,13,2872688,0,0,0,0,0,0,0,0,0,13,13,2872688,0,0,0,0,0,0,0,0,0
201201,48,375,3,7,Potter County                 ,33,33,7658897,0,0,0,0,0,0,0,0,0,33,33,7658897,0,0,0,0,0,0,0,0,0
201201,48,383,3,7,Reagan County                 ,0,0,0,0,0,0,0,0,0,0,0,0,0,0,0,0,0,0,0,0,0,0,0,0
201201,48,385,3,7,Real County                   ,0,0,0,0,0,0,0,0,0,0,0,0,0,0,0,0,0,0,0,0,0,0,0,0
201201,48,397,3,7,Rockwall County               ,40,40,11439032,0,0,0,0,0,0,0,0,0,40,40,11439032,0,0,0,0,0,0,0,0,0
201201,48,407,3,7,San Jacinto County            ,0,0,0,0,0,0,0,0,0,0,0,0,0,0,0,0,0,0,0,0,0,0,0,0
201201,48,435,3,7,Sutton County                 ,0,0,0,0,0,0,0,0,0,0,0,0,0,0,0,0,0,0,0,0,0,0,0,0
201201,48,437,3,7,Swisher County                ,0,0,0,0,0,0,0,0,0,0,0,0,0,0,0,0,0,0,0,0,0,0,0,0
201201,48,439,3,7,Tarrant County                ,295,295,61322229,4,8,665200,0,0,0,20,240,18782032,281,281,57561382,4,8,665200,0,0,0,20,240,18782032
201201,48,451,3,7,Tom Green County              ,54,54,6545130,0,0,0,0,0,0,0,0,0,54,54,6545130,0,0,0,0,0,0,0,0,0
201201,48,453,3,7,Travis County                 ,383,383,72917842,4,8,825082,0,0,0,1,304,23790574,369,369,69685531,4,8,825082,0,0,0,1,304,23790574
201201,48,463,3,7,Uvalde County                 ,1,1,68000,0,0,0,0,0,0,0,0,0,1,1,68000,0,0,0,0,0,0,0,0,0
201201,48,469,3,7,Victoria County               ,4,4,577561,0,0,0,0,0,0,0,0,0,4,4,577561,0,0,0,0,0,0,0,0,0
201201,48,471,3,7,Walker County                 ,1,1,215909,0,0,0,0,0,0,0,0,0,1,1,215909,0,0,0,0,0,0,0,0,0
201201,48,473,3,7,Waller County                 ,0,0,0,0,0,0,0,0,0,1,8,177444,0,0,0,0,0,0,0,0,0,0,0,0
201201,48,479,3,7,Webb County                   ,52,52,7524567,0,0,0,0,0,0,0,0,0,0,0,0,0,0,0,0,0,0,0,0,0
201201,48,491,3,7,Williamson County             ,145,145,28750059,0,0,0,0,0,0,0,0,0,127,127,26833283,0,0,0,0,0,0,0,0,0
201201,48,493,3,7,Wilson County                 ,1,1,179382,0,0,0,0,0,0,0,0,0,1,1,179382,0,0,0,0,0,0,0,0,0
201201,48,497,3,7,Wise County                   ,6,6,845740,0,0,0,0,0,0,0,0,0,6,6,845740,0,0,0,0,0,0,0,0,0
201201,49,009,4,8,Daggett County                ,0,0,0,0,0,0,0,0,0,0,0,0,0,0,0,0,0,0,0,0,0,0,0,0
201201,49,019,4,8,Grand County                  ,1,1,318835,0,0,0,0,0,0,0,0,0,1,1,318835,0,0,0,0,0,0,0,0,0
201201,49,021,4,8,Iron County                   ,7,7,1247157,0,0,0,0,0,0,0,0,0,4,4,626554,0,0,0,0,0,0,0,0,0
201201,49,033,4,8,Rich County                   ,1,1,213124,0,0,0,0,0,0,0,0,0,0,0,0,0,0,0,0,0,0,0,0,0
201201,49,035,4,8,Salt Lake County              ,98,98,21623658,1,2,242585,1,3,410580,5,72,7115314,71,71,16427940,1,2,242585,0,0,0,1,32,3502381
201201,49,039,4,8,Sanpete County                ,0,0,0,0,0,0,0,0,0,0,0,0,0,0,0,0,0,0,0,0,0,0,0,0
201201,49,043,4,8,Summit County                 ,8,8,3024017,0,0,0,1,4,440700,1,5,637125,3,3,1772993,0,0,0,0,0,0,0,0,0
201201,49,045,4,8,Tooele County                 ,11,11,1715302,0,0,0,0,0,0,0,0,0,11,11,1715302,0,0,0,0,0,0,0,0,0
201201,49,051,4,8,Wasatch County                ,11,11,2346198,0,0,0,0,0,0,0,0,0,8,8,1637725,0,0,0,0,0,0,0,0,0
201201,51,003,3,5,Albemarle County              ,23,23,8855967,0,0,0,0,0,0,0,0,0,23,23,8855967,0,0,0,0,0,0,0,0,0
201201,51,007,3,5,Amelia County                 ,2,2,450450,0,0,0,0,0,0,0,0,0,2,2,450450,0,0,0,0,0,0,0,0,0
201201,51,013,3,5,Arlington County              ,11,11,2924500,0,0,0,0,0,0,1,257,2000000,11,11,2924500,0,0,0,0,0,0,1,257,2000000
201201,51,015,3,5,Augusta County                ,8,8,902861,0,0,0,0,0,0,0,0,0,8,8,902861,0,0,0,0,0,0,0,0,0
201201,51,019,3,5,Bedford County                ,17,17,4489260,0,0,0,0,0,0,0,0,0,17,17,4489260,0,0,0,0,0,0,0,0,0
201201,51,023,3,5,Botetourt County              ,8,8,1418989,0,0,0,0,0,0,0,0,0,8,8,1418989,0,0,0,0,0,0,0,0,0
201201,51,031,3,5,Campbell County               ,5,5,860284,0,0,0,0,0,0,0,0,0,5,5,860284,0,0,0,0,0,0,0,0,0
201201,51,033,3,5,Caroline County               ,8,8,1163782,0,0,0,0,0,0,0,0,0,0,0,0,0,0,0,0,0,0,0,0,0
201201,51,036,3,5,Charles City County           ,3,3,430854,0,0,0,0,0,0,0,0,0,0,0,0,0,0,0,0,0,0,0,0,0
201201,51,037,3,5,Charlotte County              ,0,0,0,0,0,0,0,0,0,0,0,0,0,0,0,0,0,0,0,0,0,0,0,0
201201,51,041,3,5,Chesterfield County           ,50,50,9220415,0,0,0,3,12,1442026,5,96,3072000,50,50,9220415,0,0,0,3,12,1442026,5,96,3072000
201201,51,043,3,5,Clarke County                 ,1,1,431000,0,0,0,0,0,0,0,0,0,1,1,431000,0,0,0,0,0,0,0,0,0
201201,51,047,3,5,Culpeper County               ,13,13,2790724,0,0,0,0,0,0,0,0,0,13,13,2790724,0,0,0,0,0,0,0,0,0
201201,51,049,3,5,Cumberland County             ,2,2,212000,0,0,0,0,0,0,0,0,0,2,2,212000,0,0,0,0,0,0,0,0,0
201201,51,053,3,5,Dinwiddie County              ,6,6,910501,0,0,0,0,0,0,0,0,0,0,0,0,0,0,0,0,0,0,0,0,0
201201,51,059,3,5,Fairfax County                ,46,46,8482782,0,0,0,0,0,0,0,0,0,46,46,8482782,0,0,0,0,0,0,0,0,0
201201,51,061,3,5,Fauquier County               ,12,12,2320000,0,0,0,0,0,0,0,0,0,9,9,1950000,0,0,0,0,0,0,0,0,0
201201,51,065,3,5,Fluvanna County               ,4,4,600000,0,0,0,0,0,0,0,0,0,4,4,600000,0,0,0,0,0,0,0,0,0
201201,51,067,3,5,Franklin County               ,5,5,1076000,0,0,0,0,0,0,0,0,0,5,5,1076000,0,0,0,0,0,0,0,0,0
201201,51,069,3,5,Frederick County              ,8,8,1587000,0,0,0,0,0,0,0,0,0,8,8,1587000,0,0,0,0,0,0,0,0,0
201201,51,073,3,5,Gloucester County             ,2,2,281000,0,0,0,0,0,0,0,0,0,2,2,281000,0,0,0,0,0,0,0,0,0
201201,51,075,3,5,Goochland County              ,8,8,2099360,0,0,0,0,0,0,0,0,0,8,8,2099360,0,0,0,0,0,0,0,0,0
201201,51,079,3,5,Greene County                 ,8,8,888000,0,0,0,0,0,0,0,0,0,8,8,888000,0,0,0,0,0,0,0,0,0
201201,51,085,3,5,Hanover County                ,31,31,5067113,0,0,0,0,0,0,0,0,0,31,31,5067113,0,0,0,0,0,0,0,0,0
201201,51,087,3,5,Henrico County                ,41,41,7560740,0,0,0,0,0,0,0,0,0,41,41,7560740,0,0,0,0,0,0,0,0,0
201201,51,093,3,5,Isle of Wight County          ,0,0,0,0,0,0,0,0,0,0,0,0,0,0,0,0,0,0,0,0,0,0,0,0
201201,51,095,3,5,James City County             ,13,13,3106410,1,2,331222,0,0,0,1,6,849225,13,13,3106410,1,2,331222,0,0,0,1,6,849225
201201,51,097,3,5,King and Queen County         ,1,1,200000,0,0,0,0,0,0,0,0,0,1,1,200000,0,0,0,0,0,0,0,0,0
201201,51,099,3,5,King George County            ,32,32,5901066,0,0,0,0,0,0,0,0,0,32,32,5901066,0,0,0,0,0,0,0,0,0
201201,51,101,3,5,King William County           ,5,5,835000,0,0,0,0,0,0,0,0,0,5,5,835000,0,0,0,0,0,0,0,0,0
201201,51,107,3,5,Loudoun County                ,152,152,28030061,0,0,0,0,0,0,0,0,0,152,152,28030061,0,0,0,0,0,0,0,0,0
201201,51,109,3,5,Louisa County                 ,13,13,2342000,0,0,0,0,0,0,0,0,0,13,13,2342000,0,0,0,0,0,0,0,0,0
201201,51,115,3,5,Mathews County                ,3,3,355373,0,0,0,0,0,0,0,0,0,3,3,355373,0,0,0,0,0,0,0,0,0
201201,51,119,3,5,Middlesex County              ,0,0,0,0,0,0,0,0,0,0,0,0,0,0,0,0,0,0,0,0,0,0,0,0
201201,51,127,3,5,New Kent County               ,12,12,2212900,0,0,0,0,0,0,0,0,0,12,12,2212900,0,0,0,0,0,0,0,0,0
201201,51,137,3,5,Orange County                 ,6,6,1139000,0,0,0,0,0,0,0,0,0,6,6,1139000,0,0,0,0,0,0,0,0,0
201201,51,143,3,5,Pittsylvania County           ,6,6,745149,0,0,0,0,0,0,1,5,295125,0,0,0,0,0,0,0,0,0,0,0,0
201201,51,145,3,5,Powhatan County               ,3,3,1692240,0,0,0,0,0,0,0,0,0,3,3,1692240,0,0,0,0,0,0,0,0,0
201201,51,149,3,5,Prince George County          ,5,5,581000,0,0,0,0,0,0,0,0,0,5,5,581000,0,0,0,0,0,0,0,0,0
201201,51,153,3,5,Prince William County         ,84,84,15490297,0,0,0,0,0,0,0,0,0,84,84,15490297,0,0,0,0,0,0,0,0,0
201201,51,157,3,5,Rappahannock County           ,2,2,925000,0,0,0,0,0,0,0,0,0,2,2,925000,0,0,0,0,0,0,0,0,0
201201,51,161,3,5,Roanoke County                ,7,7,1473214,0,0,0,0,0,0,0,0,0,7,7,1473214,0,0,0,0,0,0,0,0,0
201201,51,163,3,5,Rockbridge County             ,3,3,920227,0,0,0,0,0,0,0,0,0,3,3,920227,0,0,0,0,0,0,0,0,0
201201,51,165,3,5,Rockingham County             ,27,27,4184000,0,0,0,0,0,0,0,0,0,27,27,4184000,0,0,0,0,0,0,0,0,0
201201,51,169,3,5,Scott County                  ,2,2,170000,0,0,0,0,0,0,0,0,0,2,2,170000,0,0,0,0,0,0,0,0,0
201201,51,171,3,5,Shenandoah County             ,6,6,849600,0,0,0,0,0,0,0,0,0,6,6,849600,0,0,0,0,0,0,0,0,0
201201,51,177,3,5,Spotsylvania County           ,20,20,4646505,0,0,0,0,0,0,0,0,0,0,0,0,0,0,0,0,0,0,0,0,0
201201,51,179,3,5,Stafford County               ,45,45,8298373,0,0,0,0,0,0,0,0,0,45,45,8298373,0,0,0,0,0,0,0,0,0
201201,51,181,3,5,Surry County                  ,2,2,85000,0,0,0,0,0,0,0,0,0,2,2,85000,0,0,0,0,0,0,0,0,0
201201,51,183,3,5,Sussex County                 ,3,3,445000,0,0,0,0,0,0,0,0,0,3,3,445000,0,0,0,0,0,0,0,0,0
201201,51,187,3,5,Warren County                 ,1,1,110000,0,0,0,0,0,0,0,0,0,1,1,110000,0,0,0,0,0,0,0,0,0
201201,51,199,3,5,York County                   ,2,2,204860,0,0,0,0,0,0,0,0,0,2,2,204860,0,0,0,0,0,0,0,0,0
201201,51,510,3,5,Alexandria (Independent City) ,5,5,938536,0,0,0,0,0,0,1,67,6082006,0,0,0,0,0,0,0,0,0,0,0,0
201201,51,530,3,5,Buena Vista (Independent City),0,0,0,0,0,0,0,0,0,0,0,0,0,0,0,0,0,0,0,0,0,0,0,0
201201,51,550,3,5,Chesapeake(Independent City)  ,44,44,8113965,0,0,0,0,0,0,0,0,0,44,44,8113965,0,0,0,0,0,0,0,0,0
201201,51,570,3,5,Colonial Heights (Independent ,0,0,0,0,0,0,0,0,0,0,0,0,0,0,0,0,0,0,0,0,0,0,0,0
201201,51,580,3,5,Covington (Independent City)  ,1,1,65698,0,0,0,0,0,0,0,0,0,0,0,0,0,0,0,0,0,0,0,0,0
201201,51,600,3,5,Fairfax (Independent City)    ,1,1,175000,0,0,0,0,0,0,0,0,0,1,1,175000,0,0,0,0,0,0,0,0,0
201201,51,610,3,5,Falls Church (Independent City,2,2,550000,0,0,0,0,0,0,0,0,0,2,2,550000,0,0,0,0,0,0,0,0,0
201201,51,630,3,5,Fredericksburg(Independent Cit,1,1,299680,0,0,0,0,0,0,0,0,0,1,1,299680,0,0,0,0,0,0,0,0,0
201201,51,650,3,5,Hampton (Independent City)    ,12,12,1596745,0,0,0,0,0,0,0,0,0,12,12,1596745,0,0,0,0,0,0,0,0,0
201201,51,660,3,5,Harrisonburg (Independent City,2,2,350000,0,0,0,0,0,0,4,48,2448004,2,2,350000,0,0,0,0,0,0,4,48,2448004
201201,51,670,3,5,Hopewell (Independent City)   ,3,3,181500,0,0,0,0,0,0,0,0,0,3,3,181500,0,0,0,0,0,0,0,0,0
201201,51,680,3,5,Lynchburg (Independent City)  ,7,7,1061074,0,0,0,0,0,0,0,0,0,7,7,1061074,0,0,0,0,0,0,0,0,0
201201,51,683,3,5,Manassas (Independent City)   ,4,4,430843,0,0,0,0,0,0,0,0,0,0,0,0,0,0,0,0,0,0,0,0,0
201201,51,685,3,5,Manassas Park (Independent Cit,0,0,0,0,0,0,0,0,0,0,0,0,0,0,0,0,0,0,0,0,0,0,0,0
201201,51,700,3,5,Newport News (Independent City,33,33,2585343,0,0,0,0,0,0,0,0,0,33,33,2585343,0,0,0,0,0,0,0,0,0
201201,51,710,3,5,Norfolk (Independent City)    ,20,20,2748875,0,0,0,0,0,0,0,0,0,20,20,2748875,0,0,0,0,0,0,0,0,0
201201,51,730,3,5,Petersburg (Independent City) ,1,1,73859,0,0,0,0,0,0,0,0,0,1,1,73859,0,0,0,0,0,0,0,0,0
201201,51,735,3,5,Poquoson (Independent City)   ,5,5,1350000,0,0,0,0,0,0,0,0,0,5,5,1350000,0,0,0,0,0,0,0,0,0
201201,51,740,3,5,Portsmouth (Independent City) ,8,8,1475266,0,0,0,0,0,0,0,0,0,8,8,1475266,0,0,0,0,0,0,0,0,0
201201,51,760,3,5,Richmond (Independent City)   ,3,3,425705,0,0,0,0,0,0,1,44,2823946,3,3,425705,0,0,0,0,0,0,1,44,2823946
201201,51,770,3,5,Roanoke (Independent City)    ,5,5,796736,0,0,0,0,0,0,0,0,0,5,5,796736,0,0,0,0,0,0,0,0,0
201201,51,800,3,5,Suffolk (Independent City)    ,22,22,4056983,0,0,0,0,0,0,0,0,0,22,22,4056983,0,0,0,0,0,0,0,0,0
201201,51,810,3,5,Virginia Beach (Independent Ci,45,45,8298373,0,0,0,0,0,0,0,0,0,45,45,8298373,0,0,0,0,0,0,0,0,0
201201,51,830,3,5,Williamsburg (Independent City,0,0,0,0,0,0,0,0,0,0,0,0,0,0,0,0,0,0,0,0,0,0,0,0
201201,53,011,4,9,Clark County                  ,78,78,14122058,0,0,0,0,0,0,0,0,0,77,77,13921378,0,0,0,0,0,0,0,0,0
201201,53,033,4,9,King County                   ,176,176,54230172,4,8,1155831,0,0,0,4,22,4124955,155,155,47190167,4,8,1155831,0,0,0,2,12,2904894
201201,53,041,4,9,Lewis County                  ,1,1,137805,0,0,0,0,0,0,0,0,0,1,1,137805,0,0,0,0,0,0,0,0,0
201201,53,053,4,9,Pierce County                 ,113,113,29863368,0,0,0,0,0,0,0,0,0,113,113,29863368,0,0,0,0,0,0,0,0,0
201201,53,059,4,9,Skamania County               ,0,0,0,0,0,0,0,0,0,0,0,0,0,0,0,0,0,0,0,0,0,0,0,0
201201,53,061,4,9,Snohomish County              ,133,133,33304092,3,6,1144532,3,12,1369780,5,147,22010611,132,132,33074571,3,6,1144532,3,12,1369780,5,147,22010611
201201,54,037,3,5,Jefferson County              ,4,4,830000,0,0,0,0,0,0,0,0,0,4,4,830000,0,0,0,0,0,0,0,0,0
201201,55,021,2,3,Columbia County               ,1,1,230000,0,0,0,0,0,0,0,0,0,1,1,230000,0,0,0,0,0,0,0,0,0
201201,55,025,2,3,Dane County                   ,36,36,9144838,0,0,0,1,3,274179,1,21,2165134,23,23,6534200,0,0,0,0,0,0,0,0,0
201201,55,031,2,3,Douglas County                ,1,1,30000,0,0,0,0,0,0,0,0,0,1,1,30000,0,0,0,0,0,0,0,0,0
201201,55,037,2,3,Florence County               ,1,1,153814,0,0,0,0,0,0,0,0,0,0,0,0,0,0,0,0,0,0,0,0,0
201201,55,049,2,3,Iowa County                   ,0,0,0,0,0,0,0,0,0,0,0,0,0,0,0,0,0,0,0,0,0,0,0,0
201201,55,059,2,3,Kenosha County                ,5,5,1092834,0,0,0,0,0,0,0,0,0,4,4,895120,0,0,0,0,0,0,0,0,0
201201,55,079,2,3,Milwaukee County              ,12,12,2721473,0,0,0,0,0,0,0,0,0,12,12,2721473,0,0,0,0,0,0,0,0,0
201201,55,089,2,3,Ozaukee County                ,4,4,1646819,0,0,0,0,0,0,0,0,0,3,3,1074788,0,0,0,0,0,0,0,0,0
201201,55,093,2,3,Pierce County                 ,2,2,530400,1,2,156600,0,0,0,0,0,0,1,1,140000,1,2,156600,0,0,0,0,0,0
201201,55,109,2,3,St. Croix County              ,1,1,212820,0,0,0,0,0,0,0,0,0,1,1,212820,0,0,0,0,0,0,0,0,0
201201,55,113,2,3,Sawyer County                 ,4,4,220000,0,0,0,0,0,0,0,0,0,4,4,220000,0,0,0,0,0,0,0,0,0
201201,55,131,2,3,Washington County             ,11,11,2394366,1,2,325000,0,0,0,0,0,0,9,9,1922700,0,0,0,0,0,0,0,0,0
201201,55,133,2,3,Waukesha County               ,30,30,10230559,0,0,0,0,0,0,1,34,3000000,27,27,8807919,0,0,0,0,0,0,1,34,3000000
201201,56,019,4,8,Johnson County                ,0,0,0,0,0,0,0,0,0,0,0,0,0,0,0,0,0,0,0,0,0,0,0,0
201201,56,039,4,8,Teton County                  ,1,1,7500000,0,0,0,0,0,0,0,0,0,1,1,7500000,0,0,0,0,0,0,0,0,0
