Survey,FIPS,FIPS,Region,Division,County,,1-unit,,,2-units,,,3-4 units,,,5+ units,,,1-unit rep,,,2-units rep,,,3-4 units rep,,, 5+units rep
Date,State,County,Code,Code,Name,Bldgs,Units,Value,Bldgs,Units,Value,Bldgs,Units,Value,Bldgs,Units,Value,Bldgs,Units,Value,Bldgs,Units,Value,Bldgs,Units,Value,Bldgs,Units,Value
 
201208,01,001,3,6,Autauga County                ,13,13,3726672,0,0,0,0,0,0,0,0,0,13,13,3726672,0,0,0,0,0,0,0,0,0
201208,01,007,3,6,Bibb County                   ,1,1,171784,0,0,0,0,0,0,0,0,0,0,0,0,0,0,0,0,0,0,0,0,0
201208,01,009,3,6,Blount County                 ,1,1,83160,0,0,0,0,0,0,0,0,0,1,1,83160,0,0,0,0,0,0,0,0,0
201208,01,021,3,6,Chilton County                ,2,2,236650,0,0,0,0,0,0,0,0,0,2,2,236650,0,0,0,0,0,0,0,0,0
201208,01,037,3,6,Coosa County                  ,0,0,0,0,0,0,0,0,0,0,0,0,0,0,0,0,0,0,0,0,0,0,0,0
201208,01,073,3,6,Jefferson County              ,99,99,23166162,0,0,0,0,0,0,13,349,25637566,90,90,22126517,0,0,0,0,0,0,12,342,25287566
201208,01,081,3,6,Lee County                    ,66,66,18657076,0,0,0,0,0,0,0,0,0,66,66,18657076,0,0,0,0,0,0,0,0,0
201208,01,115,3,6,St. Clair County              ,12,12,1575688,0,0,0,0,0,0,0,0,0,0,0,0,0,0,0,0,0,0,0,0,0
201208,01,117,3,6,Shelby County                 ,55,55,10716804,0,0,0,0,0,0,0,0,0,27,27,4996274,0,0,0,0,0,0,0,0,0
201208,01,127,3,6,Walker County                 ,0,0,0,0,0,0,0,0,0,0,0,0,0,0,0,0,0,0,0,0,0,0,0,0
201208,02,000,4,9,Alaska Balance of State       ,6,6,1472293,0,0,0,0,0,0,0,0,0,0,0,0,0,0,0,0,0,0,0,0,0
201208,02,013,4,9,Aleutians East Borough        ,0,0,0,0,0,0,0,0,0,0,0,0,0,0,0,0,0,0,0,0,0,0,0,0
201208,02,016,4,9,Aleutians West Census Area    ,0,0,0,0,0,0,0,0,0,0,0,0,0,0,0,0,0,0,0,0,0,0,0,0
201208,02,020,4,9,Anchorage Borough             ,43,43,13743264,0,0,0,0,0,0,0,0,0,43,43,13743264,0,0,0,0,0,0,0,0,0
201208,02,050,4,9,Bethel Census Area            ,0,0,0,0,0,0,0,0,0,0,0,0,0,0,0,0,0,0,0,0,0,0,0,0
201208,02,060,4,9,Bristol Bay Borough           ,0,0,0,0,0,0,0,0,0,0,0,0,0,0,0,0,0,0,0,0,0,0,0,0
201208,02,090,4,9,Fairbanks North Star Borough  ,4,4,735077,0,0,0,0,0,0,0,0,0,0,0,0,0,0,0,0,0,0,0,0,0
201208,02,100,4,9,Haines Borough                ,0,0,0,0,0,0,0,0,0,0,0,0,0,0,0,0,0,0,0,0,0,0,0,0
201208,02,110,4,9,Juneau Borough                ,3,3,525442,0,0,0,0,0,0,0,0,0,3,3,525442,0,0,0,0,0,0,0,0,0
201208,02,122,4,9,Kenai Peninsula Borough       ,1,1,96000,0,0,0,0,0,0,0,0,0,1,1,96000,0,0,0,0,0,0,0,0,0
201208,02,130,4,9,Ketchikan Gateway Borough     ,2,2,450296,0,0,0,0,0,0,0,0,0,2,2,450296,0,0,0,0,0,0,0,0,0
201208,02,150,4,9,Kodiak Island Borough         ,0,0,0,0,0,0,0,0,0,0,0,0,0,0,0,0,0,0,0,0,0,0,0,0
201208,02,170,4,9,Matanuska-Susitna Borough     ,4,4,837577,0,0,0,0,0,0,0,0,0,3,3,675444,0,0,0,0,0,0,0,0,0
201208,02,180,4,9,Nome Census Area              ,0,0,0,0,0,0,0,0,0,0,0,0,0,0,0,0,0,0,0,0,0,0,0,0
201208,02,185,4,9,North Slope Borough           ,3,3,666172,0,0,0,0,0,0,0,0,0,0,0,0,0,0,0,0,0,0,0,0,0
201208,02,188,4,9,Northwest Arctic Borough      ,0,0,0,0,0,0,0,0,0,0,0,0,0,0,0,0,0,0,0,0,0,0,0,0
201208,02,201,4,9,Prince of Wales-Outer Ketchika,0,0,0,0,0,0,0,0,0,0,0,0,0,0,0,0,0,0,0,0,0,0,0,0
201208,02,220,4,9,Sitka Borough                 ,2,2,393820,0,0,0,0,0,0,0,0,0,0,0,0,0,0,0,0,0,0,0,0,0
201208,02,232,4,9,Skagway-Hoonah-Angoon Census A,0,0,0,0,0,0,0,0,0,1,15,350000,0,0,0,0,0,0,0,0,0,1,15,350000
201208,02,261,4,9,Valdez-Cordova Census Area    ,1,1,50000,0,0,0,0,0,0,0,0,0,1,1,50000,0,0,0,0,0,0,0,0,0
201208,02,280,4,9,Wrangell-Petersburg Census Are,0,0,0,0,0,0,0,0,0,0,0,0,0,0,0,0,0,0,0,0,0,0,0,0
201208,02,282,4,9,Yakutat Borough               ,0,0,0,0,0,0,0,0,0,0,0,0,0,0,0,0,0,0,0,0,0,0,0,0
201208,02,290,4,9,Yukon-Koyukuk Census Area     ,0,0,0,0,0,0,0,0,0,0,0,0,0,0,0,0,0,0,0,0,0,0,0,0
201208,04,013,4,8,Maricopa County               ,955,955,235235167,1,2,342212,5,17,2890090,17,601,77463981,822,822,212211459,1,2,342212,5,17,2890090,15,535,75194686
201208,04,019,4,8,Pima County                   ,170,170,43463999,2,4,177525,0,0,0,4,81,9582969,80,80,22378175,0,0,0,0,0,0,0,0,0
201208,04,021,4,8,Pinal County                  ,132,132,17414632,0,0,0,0,0,0,0,0,0,123,123,16507599,0,0,0,0,0,0,0,0,0
201208,05,023,3,7,Cleburne County               ,1,1,60000,0,0,0,0,0,0,0,0,0,1,1,60000,0,0,0,0,0,0,0,0,0
201208,05,025,3,7,Cleveland County              ,0,0,0,0,0,0,0,0,0,0,0,0,0,0,0,0,0,0,0,0,0,0,0,0
201208,05,027,3,7,Columbia County               ,0,0,0,0,0,0,0,0,0,0,0,0,0,0,0,0,0,0,0,0,0,0,0,0
201208,05,035,3,7,Crittenden County             ,3,3,450000,0,0,0,0,0,0,0,0,0,3,3,450000,0,0,0,0,0,0,0,0,0
201208,05,059,3,7,Hot Spring County             ,0,0,0,0,0,0,0,0,0,0,0,0,0,0,0,0,0,0,0,0,0,0,0,0
201208,05,061,3,7,Howard County                 ,0,0,0,0,0,0,0,0,0,0,0,0,0,0,0,0,0,0,0,0,0,0,0,0
201208,05,099,3,7,Nevada County                 ,1,1,156120,0,0,0,0,0,0,0,0,0,0,0,0,0,0,0,0,0,0,0,0,0
201208,06,001,4,9,Alameda County                ,109,109,42893041,0,0,0,2,8,1590918,1,255,60510711,104,104,41215919,0,0,0,2,8,1590918,1,255,60510711
201208,06,003,4,9,Alpine County                 ,0,0,0,0,0,0,0,0,0,0,0,0,0,0,0,0,0,0,0,0,0,0,0,0
201208,06,009,4,9,Calaveras County              ,3,3,902904,0,0,0,0,0,0,0,0,0,0,0,0,0,0,0,0,0,0,0,0,0
201208,06,013,4,9,Contra Costa County           ,136,136,36880709,0,0,0,0,0,0,0,0,0,136,136,36880709,0,0,0,0,0,0,0,0,0
201208,06,017,4,9,El Dorado County              ,21,21,7419898,0,0,0,0,0,0,0,0,0,21,21,7419898,0,0,0,0,0,0,0,0,0
201208,06,037,4,9,Los Angeles County            ,251,251,85717997,14,28,4409156,9,36,10352965,17,130,23081116,192,192,61813603,14,28,4409156,9,36,10352965,11,77,18053000
201208,06,041,4,9,Marin County                  ,14,14,7491761,0,0,0,0,0,0,1,11,1084057,2,2,1480000,0,0,0,0,0,0,0,0,0
201208,06,045,4,9,Mendocino County              ,8,8,971932,0,0,0,0,0,0,0,0,0,8,8,971932,0,0,0,0,0,0,0,0,0
201208,06,049,4,9,Modoc County                  ,1,1,164424,0,0,0,0,0,0,0,0,0,0,0,0,0,0,0,0,0,0,0,0,0
201208,06,051,4,9,Mono County                   ,1,1,206222,0,0,0,0,0,0,0,0,0,0,0,0,0,0,0,0,0,0,0,0,0
201208,06,059,4,9,Orange County                 ,247,247,76052377,1,2,687463,1,3,475360,7,39,5505810,226,226,65749421,0,0,0,0,0,0,4,22,3709828
201208,06,061,4,9,Placer County                 ,102,102,32428997,0,0,0,0,0,0,0,0,0,101,101,32168029,0,0,0,0,0,0,0,0,0
201208,06,063,4,9,Plumas County                 ,4,4,478387,0,0,0,0,0,0,0,0,0,4,4,478387,0,0,0,0,0,0,0,0,0
201208,06,065,4,9,Riverside County              ,289,289,67081612,0,0,0,6,24,405885,6,95,8832903,266,266,63365198,0,0,0,6,24,405885,5,79,7667965
201208,06,067,4,9,Sacramento County             ,149,149,32067737,0,0,0,0,0,0,0,0,0,146,146,31328608,0,0,0,0,0,0,0,0,0
201208,06,069,4,9,San Benito County             ,3,3,787568,0,0,0,0,0,0,0,0,0,0,0,0,0,0,0,0,0,0,0,0,0
201208,06,071,4,9,San Bernardino County         ,109,109,23038971,1,2,428581,1,3,625491,2,22,2984269,98,98,20971446,1,2,428581,1,3,625491,2,22,2984269
201208,06,073,4,9,San Diego County              ,235,235,78446370,6,12,2447191,6,20,3400987,24,416,64476262,223,223,74718029,6,12,2447191,6,20,3400987,23,404,63399560
201208,06,075,4,9,San Francisco County          ,0,0,0,4,8,2833000,1,3,1441014,3,669,237235711,0,0,0,4,8,2833000,1,3,1441014,3,669,237235711
201208,06,077,4,9,San Joaquin County            ,93,93,22579089,0,0,0,0,0,0,0,0,0,90,90,21916224,0,0,0,0,0,0,0,0,0
201208,06,081,4,9,San Mateo County              ,34,34,30798096,0,0,0,0,0,0,1,5,806966,12,12,13945126,0,0,0,0,0,0,0,0,0
201208,06,085,4,9,Santa Clara County            ,114,114,44579028,1,2,1010920,3,12,2094888,7,443,37380350,105,105,39549667,1,2,1010920,2,8,1394838,5,384,30512661
201208,06,091,4,9,Sierra County                 ,1,1,92400,0,0,0,0,0,0,0,0,0,1,1,92400,0,0,0,0,0,0,0,0,0
201208,06,113,4,9,Yolo County                   ,28,28,6038122,1,2,330000,0,0,0,0,0,0,28,28,6038122,1,2,330000,0,0,0,0,0,0
201208,08,001,4,8,Adams County                  ,106,106,24042276,0,0,0,0,0,0,0,0,0,98,98,22485396,0,0,0,0,0,0,0,0,0
201208,08,005,4,8,Arapahoe County               ,114,114,30132244,0,0,0,0,0,0,3,397,34475131,114,114,30132244,0,0,0,0,0,0,3,397,34475131
201208,08,014,4,8,Broomfield County             ,29,29,8093286,0,0,0,0,0,0,0,0,0,29,29,8093286,0,0,0,0,0,0,0,0,0
201208,08,015,4,8,Chaffee County                ,4,4,1373953,0,0,0,0,0,0,0,0,0,4,4,1373953,0,0,0,0,0,0,0,0,0
201208,08,019,4,8,Clear Creek County            ,0,0,0,0,0,0,0,0,0,0,0,0,0,0,0,0,0,0,0,0,0,0,0,0
201208,08,023,4,8,Costilla County               ,2,2,454066,0,0,0,0,0,0,0,0,0,0,0,0,0,0,0,0,0,0,0,0,0
201208,08,031,4,8,Denver County                 ,116,116,28470948,0,0,0,0,0,0,15,746,52779193,116,116,28470948,0,0,0,0,0,0,15,746,52779193
201208,08,033,4,8,Dolores County                ,1,1,225148,0,0,0,0,0,0,0,0,0,1,1,225148,0,0,0,0,0,0,0,0,0
201208,08,035,4,8,Douglas County                ,197,197,52891753,0,0,0,0,0,0,2,32,3069120,197,197,52891753,0,0,0,0,0,0,2,32,3069120
201208,08,039,4,8,Elbert County                 ,3,3,886598,0,0,0,0,0,0,0,0,0,3,3,886598,0,0,0,0,0,0,0,0,0
201208,08,041,4,8,El Paso County                ,272,272,96573852,0,0,0,0,0,0,0,0,0,272,272,96573852,0,0,0,0,0,0,0,0,0
201208,08,047,4,8,Gilpin County                 ,0,0,0,0,0,0,0,0,0,0,0,0,0,0,0,0,0,0,0,0,0,0,0,0
201208,08,049,4,8,Grand County                  ,12,12,2954237,0,0,0,0,0,0,1,5,552045,1,1,353554,0,0,0,0,0,0,0,0,0
201208,08,059,4,8,Jefferson County              ,83,83,21878978,1,2,320250,0,0,0,4,37,3313611,83,83,21878978,1,2,320250,0,0,0,3,24,2102247
201208,08,069,4,8,Larimer County                ,112,112,27286733,2,4,788407,0,0,0,0,0,0,112,112,27286733,2,4,788407,0,0,0,0,0,0
201208,08,077,4,8,Mesa County                   ,43,43,9681364,1,2,412706,0,0,0,0,0,0,43,43,9681364,1,2,412706,0,0,0,0,0,0
201208,08,093,4,8,Park County                   ,9,9,2208953,0,0,0,0,0,0,0,0,0,9,9,2208953,0,0,0,0,0,0,0,0,0
201208,08,101,4,8,Pueblo County                 ,18,18,3331165,0,0,0,0,0,0,0,0,0,18,18,3331165,0,0,0,0,0,0,0,0,0
201208,08,107,4,8,Routt County                  ,6,6,2520217,0,0,0,0,0,0,0,0,0,6,6,2520217,0,0,0,0,0,0,0,0,0
201208,08,119,4,8,Teller County                 ,3,3,1721822,0,0,0,0,0,0,0,0,0,3,3,1721822,0,0,0,0,0,0,0,0,0
201208,08,123,4,8,Weld County                   ,129,129,29852266,0,0,0,0,0,0,1,12,347249,102,102,23677511,0,0,0,0,0,0,0,0,0
201208,10,001,3,5,Kent County                   ,61,61,8508450,2,4,370566,0,0,0,1,10,943405,2,2,258755,1,2,203726,0,0,0,0,0,0
201208,10,003,3,5,New Castle County             ,68,68,5928713,0,0,0,0,0,0,6,40,2932749,61,61,5360007,0,0,0,0,0,0,5,30,2772749
201208,10,005,3,5,Sussex County                 ,108,108,15984555,4,8,894616,3,11,1646552,3,19,2159000,108,108,15984555,4,8,894616,3,11,1646552,3,19,2159000
201208,11,001,3,5,Washington  DC                ,26,26,4010709,0,0,0,0,0,0,2,486,35224308,26,26,4010709,0,0,0,0,0,0,2,486,35224308
201208,12,003,3,5,Baker County                  ,1,1,64880,0,0,0,0,0,0,0,0,0,1,1,64880,0,0,0,0,0,0,0,0,0
201208,12,009,3,5,Brevard County                ,131,131,37647718,0,0,0,0,0,0,1,8,3316911,130,130,37441976,0,0,0,0,0,0,1,8,3316911
201208,12,011,3,5,Broward County                ,107,107,22750491,0,0,0,1,4,772160,12,233,15594984,94,94,20785500,0,0,0,1,4,772160,11,228,15282905
201208,12,013,3,5,Calhoun County                ,2,2,222000,0,0,0,0,0,0,0,0,0,2,2,222000,0,0,0,0,0,0,0,0,0
201208,12,015,3,5,Charlotte County              ,39,39,7254990,0,0,0,0,0,0,0,0,0,7,7,2331457,0,0,0,0,0,0,0,0,0
201208,12,019,3,5,Clay County                   ,45,45,8585748,4,8,751900,0,0,0,0,0,0,45,45,8585748,4,8,751900,0,0,0,0,0,0
201208,12,021,3,5,Collier County                ,106,106,56194676,0,0,0,2,8,1600000,2,10,1349518,106,106,56194676,0,0,0,2,8,1600000,2,10,1349518
201208,12,023,3,5,Columbia County               ,4,4,556514,0,0,0,0,0,0,0,0,0,0,0,0,0,0,0,0,0,0,0,0,0
201208,12,031,3,5,Duval County                  ,148,148,31326062,0,0,0,0,0,0,29,726,52619028,148,148,31326062,0,0,0,0,0,0,29,726,52619028
201208,12,033,3,5,Escambia County               ,50,50,9886598,0,0,0,0,0,0,0,0,0,50,50,9886598,0,0,0,0,0,0,0,0,0
201208,12,035,3,5,Flagler County                ,23,23,6806849,0,0,0,0,0,0,0,0,0,23,23,6806849,0,0,0,0,0,0,0,0,0
201208,12,037,3,5,Franklin County               ,1,1,275931,0,0,0,0,0,0,0,0,0,0,0,0,0,0,0,0,0,0,0,0,0
201208,12,041,3,5,Gilchrist County              ,2,2,152000,0,0,0,0,0,0,0,0,0,2,2,152000,0,0,0,0,0,0,0,0,0
201208,12,043,3,5,Glades County                 ,0,0,0,0,0,0,0,0,0,0,0,0,0,0,0,0,0,0,0,0,0,0,0,0
201208,12,047,3,5,Hamilton County               ,0,0,0,0,0,0,0,0,0,0,0,0,0,0,0,0,0,0,0,0,0,0,0,0
201208,12,049,3,5,Hardee County                 ,1,1,171791,0,0,0,0,0,0,0,0,0,0,0,0,0,0,0,0,0,0,0,0,0
201208,12,053,3,5,Hernando County               ,8,8,2947388,0,0,0,0,0,0,0,0,0,7,7,2724818,0,0,0,0,0,0,0,0,0
201208,12,055,3,5,Highlands County              ,2,2,484200,0,0,0,0,0,0,0,0,0,2,2,484200,0,0,0,0,0,0,0,0,0
201208,12,057,3,5,Hillsborough County           ,370,370,117342329,0,0,0,1,3,55450,14,240,31037976,370,370,117342329,0,0,0,1,3,55450,14,240,31037976
201208,12,061,3,5,Indian River County           ,29,29,9984175,0,0,0,0,0,0,0,0,0,23,23,8849752,0,0,0,0,0,0,0,0,0
201208,12,063,3,5,Jackson County                ,4,4,508263,0,0,0,0,0,0,0,0,0,0,0,0,0,0,0,0,0,0,0,0,0
201208,12,065,3,5,Jefferson County              ,1,1,195026,0,0,0,0,0,0,0,0,0,1,1,195026,0,0,0,0,0,0,0,0,0
201208,12,067,3,5,Lafayette County              ,1,1,185000,0,0,0,0,0,0,0,0,0,1,1,185000,0,0,0,0,0,0,0,0,0
201208,12,069,3,5,Lake County                   ,59,59,15769104,0,0,0,0,0,0,0,0,0,17,17,4021064,0,0,0,0,0,0,0,0,0
201208,12,071,3,5,Lee County                    ,135,135,34224612,0,0,0,1,4,865949,7,42,7393060,135,135,34224612,0,0,0,1,4,865949,7,42,7393060
201208,12,073,3,5,Leon County                   ,40,40,6450936,7,14,1002743,1,3,398333,1,35,2437408,9,9,1873500,0,0,0,0,0,0,0,0,0
201208,12,077,3,5,Liberty County                ,1,1,135498,0,0,0,0,0,0,0,0,0,0,0,0,0,0,0,0,0,0,0,0,0
201208,12,081,3,5,Manatee County                ,156,156,32241733,3,6,450000,0,0,0,1,8,850000,154,154,31713272,3,6,450000,0,0,0,1,8,850000
201208,12,083,3,5,Marion County                 ,31,31,4698397,0,0,0,0,0,0,0,0,0,31,31,4698397,0,0,0,0,0,0,0,0,0
201208,12,085,3,5,Martin County                 ,32,32,14345486,0,0,0,1,4,832634,0,0,0,32,32,14345486,0,0,0,1,4,832634,0,0,0
201208,12,086,3,5,Miami-Dade County             ,124,124,16376388,4,8,700425,0,0,0,7,137,12406851,52,52,6721352,1,2,365625,0,0,0,1,24,2721225
201208,12,089,3,5,Nassau County                 ,33,33,7584049,0,0,0,0,0,0,1,8,1606036,32,32,7497166,0,0,0,0,0,0,1,8,1606036
201208,12,095,3,5,Orange County                 ,434,434,87348295,2,4,856992,0,0,0,1,11,797258,434,434,87348295,2,4,856992,0,0,0,1,11,797258
201208,12,097,3,5,Osceola County                ,186,186,39147915,0,0,0,0,0,0,1,96,33741430,186,186,39147915,0,0,0,0,0,0,1,96,33741430
201208,12,099,3,5,Palm Beach County             ,229,229,75509047,1,2,208371,1,3,480000,4,47,6135451,195,195,62501837,0,0,0,0,0,0,2,37,4879007
201208,12,101,3,5,Pasco County                  ,100,100,19042535,0,0,0,0,0,0,1,6,540632,100,100,19042535,0,0,0,0,0,0,1,6,540632
201208,12,103,3,5,Pinellas County               ,53,53,16962644,0,0,0,0,0,0,4,240,19916302,49,49,15150375,0,0,0,0,0,0,4,240,19916302
201208,12,105,3,5,Polk County                   ,154,154,28994289,0,0,0,0,0,0,7,138,18329673,150,150,28595017,0,0,0,0,0,0,7,138,18329673
201208,12,107,3,5,Putnam County                 ,3,3,464905,0,0,0,0,0,0,0,0,0,2,2,272400,0,0,0,0,0,0,0,0,0
201208,12,109,3,5,St. Johns County              ,202,202,51979548,0,0,0,0,0,0,0,0,0,202,202,51979548,0,0,0,0,0,0,0,0,0
201208,12,111,3,5,St. Lucie County              ,34,34,5034122,1,2,282270,0,0,0,1,5,310782,34,34,5034122,1,2,282270,0,0,0,0,0,0
201208,12,113,3,5,Santa Rosa County             ,68,68,12347114,1,2,88000,1,4,60000,1,8,570824,68,68,12347114,1,2,88000,1,4,60000,1,8,570824
201208,12,115,3,5,Sarasota County               ,71,71,21541665,0,0,0,0,0,0,0,0,0,60,60,18789203,0,0,0,0,0,0,0,0,0
201208,12,117,3,5,Seminole County               ,105,105,22931801,0,0,0,1,4,764097,0,0,0,105,105,22931801,0,0,0,1,4,764097,0,0,0
201208,12,119,3,5,Sumter County                 ,290,290,84046226,0,0,0,0,0,0,0,0,0,290,290,84046226,0,0,0,0,0,0,0,0,0
201208,12,123,3,5,Taylor County                 ,1,1,35000,0,0,0,0,0,0,0,0,0,1,1,35000,0,0,0,0,0,0,0,0,0
201208,12,125,3,5,Union County                  ,0,0,0,0,0,0,0,0,0,0,0,0,0,0,0,0,0,0,0,0,0,0,0,0
201208,12,127,3,5,Volusia County                ,73,73,21254597,0,0,0,0,0,0,2,12,1175702,42,42,12364780,0,0,0,0,0,0,0,0,0
201208,12,129,3,5,Wakulla County                ,5,5,666549,0,0,0,0,0,0,0,0,0,5,5,666549,0,0,0,0,0,0,0,0,0
201208,12,131,3,5,Walton County                 ,72,72,22856768,0,0,0,0,0,0,0,0,0,72,72,22856768,0,0,0,0,0,0,0,0,0
201208,12,133,3,5,Washington County             ,2,2,248218,0,0,0,0,0,0,0,0,0,0,0,0,0,0,0,0,0,0,0,0,0
201208,13,005,3,5,Bacon County                  ,0,0,0,0,0,0,0,0,0,0,0,0,0,0,0,0,0,0,0,0,0,0,0,0
201208,13,013,3,5,Barrow County                 ,8,8,663273,0,0,0,0,0,0,0,0,0,7,7,555462,0,0,0,0,0,0,0,0,0
201208,13,015,3,5,Bartow County                 ,14,14,2769327,0,0,0,0,0,0,0,0,0,14,14,2769327,0,0,0,0,0,0,0,0,0
201208,13,029,3,5,Bryan County                  ,26,26,4618057,0,0,0,0,0,0,5,25,1956462,13,13,2220749,0,0,0,0,0,0,0,0,0
201208,13,035,3,5,Butts County                  ,1,1,210390,0,0,0,0,0,0,0,0,0,1,1,210390,0,0,0,0,0,0,0,0,0
201208,13,045,3,5,Carroll County                ,2,2,332503,0,0,0,0,0,0,0,0,0,2,2,332503,0,0,0,0,0,0,0,0,0
201208,13,057,3,5,Cherokee County               ,75,75,19070588,0,0,0,0,0,0,0,0,0,75,75,19070588,0,0,0,0,0,0,0,0,0
201208,13,059,3,5,Clarke County                 ,10,10,1572033,0,0,0,0,0,0,0,0,0,10,10,1572033,0,0,0,0,0,0,0,0,0
201208,13,063,3,5,Clayton County                ,11,11,2175900,0,0,0,0,0,0,0,0,0,11,11,2175900,0,0,0,0,0,0,0,0,0
201208,13,067,3,5,Cobb County                   ,119,119,31584211,0,0,0,6,23,2613125,10,52,6829923,119,119,31584211,0,0,0,6,23,2613125,10,52,6829923
201208,13,077,3,5,Coweta County                 ,37,37,10816500,0,0,0,0,0,0,0,0,0,21,21,7391902,0,0,0,0,0,0,0,0,0
201208,13,085,3,5,Dawson County                 ,4,4,1149710,0,0,0,0,0,0,4,72,5218416,4,4,1149710,0,0,0,0,0,0,4,72,5218416
201208,13,089,3,5,DeKalb County                 ,30,30,7209683,0,0,0,0,0,0,0,0,0,30,30,7209683,0,0,0,0,0,0,0,0,0
201208,13,095,3,5,Dougherty County              ,3,3,335751,1,2,150110,0,0,0,0,0,0,0,0,0,0,0,0,0,0,0,0,0,0
201208,13,097,3,5,Douglas County                ,11,11,1619071,0,0,0,0,0,0,0,0,0,11,11,1619071,0,0,0,0,0,0,0,0,0
201208,13,111,3,5,Fannin County                 ,10,10,1784894,0,0,0,0,0,0,0,0,0,0,0,0,0,0,0,0,0,0,0,0,0
201208,13,113,3,5,Fayette County                ,16,16,3632555,0,0,0,0,0,0,0,0,0,13,13,2866320,0,0,0,0,0,0,0,0,0
201208,13,117,3,5,Forsyth County                ,185,185,25246475,0,0,0,0,0,0,0,0,0,185,185,25246475,0,0,0,0,0,0,0,0,0
201208,13,121,3,5,Fulton County                 ,214,214,48585401,0,0,0,0,0,0,0,0,0,212,212,48341445,0,0,0,0,0,0,0,0,0
201208,13,127,3,5,Glynn County                  ,35,35,9000803,0,0,0,0,0,0,0,0,0,0,0,0,0,0,0,0,0,0,0,0,0
201208,13,133,3,5,Greene County                 ,7,7,2740475,0,0,0,0,0,0,0,0,0,0,0,0,0,0,0,0,0,0,0,0,0
201208,13,135,3,5,Gwinnett County               ,162,162,24983099,0,0,0,0,0,0,0,0,0,155,155,22613574,0,0,0,0,0,0,0,0,0
201208,13,143,3,5,Haralson County               ,2,2,368817,0,0,0,0,0,0,1,5,250000,0,0,0,0,0,0,0,0,0,0,0,0
201208,13,145,3,5,Harris County                 ,6,6,188720,0,0,0,0,0,0,0,0,0,6,6,188720,0,0,0,0,0,0,0,0,0
201208,13,149,3,5,Heard County                  ,1,1,134368,0,0,0,0,0,0,0,0,0,0,0,0,0,0,0,0,0,0,0,0,0
201208,13,151,3,5,Henry County                  ,13,13,2669292,0,0,0,0,0,0,1,10,727273,11,11,2421769,0,0,0,0,0,0,0,0,0
201208,13,159,3,5,Jasper County                 ,4,4,535818,0,0,0,0,0,0,0,0,0,0,0,0,0,0,0,0,0,0,0,0,0
201208,13,169,3,5,Jones County                  ,3,3,650000,0,0,0,0,0,0,0,0,0,3,3,650000,0,0,0,0,0,0,0,0,0
201208,13,171,3,5,Lamar County                  ,1,1,175154,0,0,0,0,0,0,0,0,0,1,1,175154,0,0,0,0,0,0,0,0,0
201208,13,177,3,5,Lee County                    ,13,13,1485706,0,0,0,0,0,0,0,0,0,0,0,0,0,0,0,0,0,0,0,0,0
201208,13,189,3,5,McDuffie County               ,1,1,158167,0,0,0,0,0,0,0,0,0,0,0,0,0,0,0,0,0,0,0,0,0
201208,13,199,3,5,Meriwether County             ,0,0,0,0,0,0,0,0,0,0,0,0,0,0,0,0,0,0,0,0,0,0,0,0
201208,13,211,3,5,Morgan County                 ,1,1,320000,0,0,0,0,0,0,0,0,0,1,1,320000,0,0,0,0,0,0,0,0,0
201208,13,213,3,5,Murray County                 ,2,2,363150,0,0,0,0,0,0,0,0,0,2,2,363150,0,0,0,0,0,0,0,0,0
201208,13,215,3,5,Muscogee County               ,25,25,2646416,0,0,0,1,3,136270,2,18,1365231,0,0,0,0,0,0,0,0,0,0,0,0
201208,13,217,3,5,Newton County                 ,3,3,332807,0,0,0,0,0,0,0,0,0,0,0,0,0,0,0,0,0,0,0,0,0
201208,13,223,3,5,Paulding County               ,18,18,2323149,0,0,0,0,0,0,0,0,0,9,9,786492,0,0,0,0,0,0,0,0,0
201208,13,227,3,5,Pickens County                ,2,2,500000,0,0,0,0,0,0,0,0,0,2,2,500000,0,0,0,0,0,0,0,0,0
201208,13,231,3,5,Pike County                   ,1,1,100000,0,0,0,0,0,0,0,0,0,1,1,100000,0,0,0,0,0,0,0,0,0
201208,13,237,3,5,Putnam County                 ,2,2,420000,0,0,0,0,0,0,0,0,0,2,2,420000,0,0,0,0,0,0,0,0,0
201208,13,239,3,5,Quitman County                ,0,0,0,0,0,0,0,0,0,0,0,0,0,0,0,0,0,0,0,0,0,0,0,0
201208,13,247,3,5,Rockdale County               ,5,5,1786576,0,0,0,0,0,0,0,0,0,2,2,829784,0,0,0,0,0,0,0,0,0
201208,13,255,3,5,Spalding County               ,8,8,1325951,0,0,0,0,0,0,0,0,0,8,8,1325951,0,0,0,0,0,0,0,0,0
201208,13,291,3,5,Union County                  ,10,10,1978091,0,0,0,0,0,0,0,0,0,10,10,1978091,0,0,0,0,0,0,0,0,0
201208,13,297,3,5,Walton County                 ,11,11,1267800,0,0,0,0,0,0,0,0,0,11,11,1267800,0,0,0,0,0,0,0,0,0
201208,13,313,3,5,Whitfield County              ,5,5,577755,0,0,0,0,0,0,0,0,0,0,0,0,0,0,0,0,0,0,0,0,0
201208,13,321,3,5,Worth County                  ,4,4,998000,0,0,0,0,0,0,0,0,0,4,4,998000,0,0,0,0,0,0,0,0,0
201208,15,001,4,9,Hawaii County                 ,60,60,15222582,0,0,0,0,0,0,1,15,4948454,0,0,0,0,0,0,0,0,0,0,0,0
201208,15,003,4,9,Honolulu County               ,67,67,22061046,0,0,0,0,0,0,0,0,0,67,67,22061046,0,0,0,0,0,0,0,0,0
201208,15,007,4,9,Kauai County                  ,12,12,5595537,0,0,0,0,0,0,0,0,0,0,0,0,0,0,0,0,0,0,0,0,0
201208,15,009,4,9,Maui County                   ,25,25,6135980,0,0,0,0,0,0,0,0,0,25,25,6135980,0,0,0,0,0,0,0,0,0
201208,16,001,4,8,Ada County                    ,275,275,63948024,0,0,0,4,15,1125530,5,84,4450166,275,275,63948024,0,0,0,4,15,1125530,5,84,4450166
201208,16,015,4,8,Boise County                  ,6,6,1169761,0,0,0,0,0,0,0,0,0,5,5,1161761,0,0,0,0,0,0,0,0,0
201208,16,027,4,8,Canyon County                 ,75,75,8961053,1,2,120000,1,4,205543,0,0,0,72,72,8230932,1,2,120000,1,4,205543,0,0,0
201208,16,045,4,8,Gem County                    ,2,2,308675,0,0,0,0,0,0,0,0,0,2,2,308675,0,0,0,0,0,0,0,0,0
201208,16,073,4,8,Owyhee County                 ,1,1,310000,0,0,0,0,0,0,0,0,0,1,1,310000,0,0,0,0,0,0,0,0,0
201208,17,005,2,3,Bond County                   ,1,1,159544,0,0,0,0,0,0,0,0,0,0,0,0,0,0,0,0,0,0,0,0,0
201208,17,013,2,3,Calhoun County                ,2,2,240000,0,0,0,0,0,0,0,0,0,2,2,240000,0,0,0,0,0,0,0,0,0
201208,17,027,2,3,Clinton County                ,10,10,1508289,0,0,0,0,0,0,0,0,0,9,9,1310120,0,0,0,0,0,0,0,0,0
201208,17,031,2,3,Cook County                   ,135,135,28939283,0,0,0,5,15,3238600,6,352,64361050,126,126,25554002,0,0,0,5,15,3238600,6,352,64361050
201208,17,037,2,3,DeKalb County                 ,5,5,748000,0,0,0,0,0,0,0,0,0,5,5,748000,0,0,0,0,0,0,0,0,0
201208,17,039,2,3,De Witt County                ,0,0,0,0,0,0,0,0,0,0,0,0,0,0,0,0,0,0,0,0,0,0,0,0
201208,17,043,2,3,DuPage County                 ,64,64,23587933,0,0,0,0,0,0,0,0,0,51,51,19235037,0,0,0,0,0,0,0,0,0
201208,17,063,2,3,Grundy County                 ,8,8,1217237,0,0,0,0,0,0,1,6,307692,7,7,1056688,0,0,0,0,0,0,0,0,0
201208,17,083,2,3,Jersey County                 ,2,2,200964,0,0,0,0,0,0,1,5,289248,1,1,68836,0,0,0,0,0,0,0,0,0
201208,17,089,2,3,Kane County                   ,124,124,20323620,3,6,613600,1,4,419400,0,0,0,124,124,20323620,3,6,613600,1,4,419400,0,0,0
201208,17,093,2,3,Kendall County                ,21,21,3755926,0,0,0,0,0,0,0,0,0,6,6,1488560,0,0,0,0,0,0,0,0,0
201208,17,097,2,3,Lake County                   ,51,51,12417007,1,2,236880,0,0,0,1,5,625000,30,30,6376855,0,0,0,0,0,0,0,0,0
201208,17,111,2,3,McHenry County                ,42,42,7323338,0,0,0,0,0,0,0,0,0,31,31,5563003,0,0,0,0,0,0,0,0,0
201208,17,117,2,3,Macoupin County               ,4,4,764447,0,0,0,0,0,0,0,0,0,1,1,160000,0,0,0,0,0,0,0,0,0
201208,17,119,2,3,Madison County                ,68,68,13804823,1,2,285702,2,7,833904,0,0,0,53,53,10543530,0,0,0,0,0,0,0,0,0
201208,17,133,2,3,Monroe County                 ,12,12,2437347,0,0,0,0,0,0,0,0,0,9,9,1838039,0,0,0,0,0,0,0,0,0
201208,17,163,2,3,St. Clair County              ,53,53,10374340,0,0,0,1,3,312450,1,12,1372856,27,27,4732406,0,0,0,0,0,0,0,0,0
201208,17,197,2,3,Will County                   ,84,84,20072513,0,0,0,0,0,0,0,0,0,74,74,18384291,0,0,0,0,0,0,0,0,0
201208,18,001,2,3,Adams County                  ,6,6,1721909,0,0,0,0,0,0,0,0,0,5,5,1509000,0,0,0,0,0,0,0,0,0
201208,18,003,2,3,Allen County                  ,69,69,16595433,0,0,0,0,0,0,0,0,0,69,69,16595433,0,0,0,0,0,0,0,0,0
201208,18,011,2,3,Boone County                  ,32,32,8597840,1,2,103501,0,0,0,0,0,0,32,32,8597840,0,0,0,0,0,0,0,0,0
201208,18,013,2,3,Brown County                  ,5,5,1065600,0,0,0,0,0,0,0,0,0,5,5,1065600,0,0,0,0,0,0,0,0,0
201208,18,019,2,3,Clark County                  ,50,50,9209087,5,10,648000,0,0,0,0,0,0,49,49,9078600,5,10,648000,0,0,0,0,0,0
201208,18,029,2,3,Dearborn County               ,7,7,3188820,0,0,0,0,0,0,0,0,0,7,7,3188820,0,0,0,0,0,0,0,0,0
201208,18,043,2,3,Floyd County                  ,16,16,4018941,0,0,0,0,0,0,0,0,0,11,11,3135442,0,0,0,0,0,0,0,0,0
201208,18,047,2,3,Franklin County               ,2,2,391900,0,0,0,0,0,0,0,0,0,2,2,391900,0,0,0,0,0,0,0,0,0
201208,18,049,2,3,Fulton County                 ,1,1,31425,0,0,0,0,0,0,0,0,0,1,1,31425,0,0,0,0,0,0,0,0,0
201208,18,057,2,3,Hamilton County               ,164,164,38272502,0,0,0,0,0,0,0,0,0,163,163,38141740,0,0,0,0,0,0,0,0,0
201208,18,059,2,3,Hancock County                ,16,16,3348670,0,0,0,0,0,0,0,0,0,16,16,3348670,0,0,0,0,0,0,0,0,0
201208,18,061,2,3,Harrison County               ,6,6,1199970,0,0,0,0,0,0,0,0,0,6,6,1199970,0,0,0,0,0,0,0,0,0
201208,18,063,2,3,Hendricks County              ,73,73,14688898,0,0,0,1,3,349827,0,0,0,53,53,10628873,0,0,0,1,3,349827,0,0,0
201208,18,065,2,3,Henry County                  ,2,2,387072,0,0,0,0,0,0,0,0,0,2,2,387072,0,0,0,0,0,0,0,0,0
201208,18,069,2,3,Huntington County             ,1,1,108000,24,48,2916184,0,0,0,0,0,0,1,1,108000,24,48,2916184,0,0,0,0,0,0
201208,18,073,2,3,Jasper County                 ,7,7,998120,0,0,0,0,0,0,0,0,0,7,7,998120,0,0,0,0,0,0,0,0,0
201208,18,079,2,3,Jennings County               ,3,3,289182,0,0,0,0,0,0,0,0,0,3,3,289182,0,0,0,0,0,0,0,0,0
201208,18,081,2,3,Johnson County                ,40,40,8334848,0,0,0,0,0,0,0,0,0,38,38,8103710,0,0,0,0,0,0,0,0,0
201208,18,087,2,3,Lagrange County               ,12,12,1031000,0,0,0,0,0,0,0,0,0,12,12,1031000,0,0,0,0,0,0,0,0,0
201208,18,089,2,3,Lake County                   ,78,78,18787543,0,0,0,3,12,1366528,0,0,0,70,70,17108487,0,0,0,2,8,880000,0,0,0
201208,18,097,2,3,Marion County                 ,49,49,10351756,1,2,220999,0,0,0,0,0,0,49,49,10351756,1,2,220999,0,0,0,0,0,0
201208,18,105,2,3,Monroe County                 ,17,17,2934224,1,2,186578,0,0,0,0,0,0,17,17,2934224,1,2,186578,0,0,0,0,0,0
201208,18,109,2,3,Morgan County                 ,11,11,1525410,0,0,0,0,0,0,0,0,0,11,11,1525410,0,0,0,0,0,0,0,0,0
201208,18,111,2,3,Newton County                 ,3,3,565000,0,0,0,0,0,0,0,0,0,3,3,565000,0,0,0,0,0,0,0,0,0
201208,18,115,2,3,Ohio County                   ,0,0,0,0,0,0,0,0,0,0,0,0,0,0,0,0,0,0,0,0,0,0,0,0
201208,18,125,2,3,Pike County                   ,1,1,390000,0,0,0,0,0,0,0,0,0,1,1,390000,0,0,0,0,0,0,0,0,0
201208,18,127,2,3,Porter County                 ,26,26,7167181,2,4,480000,0,0,0,0,0,0,25,25,6500514,2,4,480000,0,0,0,0,0,0
201208,18,133,2,3,Putnam County                 ,2,2,235000,0,0,0,0,0,0,0,0,0,2,2,235000,0,0,0,0,0,0,0,0,0
201208,18,145,2,3,Shelby County                 ,2,2,301000,0,0,0,0,0,0,0,0,0,2,2,301000,0,0,0,0,0,0,0,0,0
201208,18,155,2,3,Switzerland County            ,5,5,291331,0,0,0,0,0,0,0,0,0,0,0,0,0,0,0,0,0,0,0,0,0
201208,18,157,2,3,Tippecanoe County             ,38,38,7629138,0,0,0,0,0,0,0,0,0,38,38,7629138,0,0,0,0,0,0,0,0,0
201208,18,163,2,3,Vanderburgh County            ,24,24,2691000,1,2,194000,0,0,0,0,0,0,24,24,2691000,1,2,194000,0,0,0,0,0,0
201208,18,167,2,3,Vigo County                   ,7,7,1307600,0,0,0,0,0,0,0,0,0,7,7,1307600,0,0,0,0,0,0,0,0,0
201208,18,175,2,3,Washington County             ,4,4,556835,0,0,0,0,0,0,0,0,0,0,0,0,0,0,0,0,0,0,0,0,0
201208,18,179,2,3,Wells County                  ,3,3,639360,0,0,0,0,0,0,0,0,0,3,3,639360,0,0,0,0,0,0,0,0,0
201208,18,181,2,3,White County                  ,2,2,440000,0,0,0,0,0,0,0,0,0,2,2,440000,0,0,0,0,0,0,0,0,0
201208,18,183,2,3,Whitley County                ,5,5,939000,0,0,0,0,0,0,0,0,0,5,5,939000,0,0,0,0,0,0,0,0,0
201208,19,049,2,4,Dallas County                 ,24,24,5194436,0,0,0,0,0,0,0,0,0,24,24,5194436,0,0,0,0,0,0,0,0,0
201208,19,077,2,4,Guthrie County                ,1,1,251260,0,0,0,0,0,0,0,0,0,0,0,0,0,0,0,0,0,0,0,0,0
201208,19,085,2,4,Harrison County               ,2,2,360000,0,0,0,0,0,0,0,0,0,2,2,360000,0,0,0,0,0,0,0,0,0
201208,19,121,2,4,Madison County                ,7,7,1586578,0,0,0,0,0,0,0,0,0,2,2,604000,0,0,0,0,0,0,0,0,0
201208,19,129,2,4,Mills County                  ,0,0,0,0,0,0,0,0,0,0,0,0,0,0,0,0,0,0,0,0,0,0,0,0
201208,19,153,2,4,Polk County                   ,255,255,52525512,0,0,0,1,3,141529,16,197,30004741,233,233,47051074,0,0,0,0,0,0,15,192,29395469
201208,19,155,2,4,Pottawattamie County          ,11,11,2106962,0,0,0,0,0,0,0,0,0,11,11,2106962,0,0,0,0,0,0,0,0,0
201208,19,181,2,4,Warren County                 ,6,6,1290244,0,0,0,0,0,0,0,0,0,6,6,1290244,0,0,0,0,0,0,0,0,0
201208,20,055,2,4,Finney County                 ,0,0,0,0,0,0,0,0,0,0,0,0,0,0,0,0,0,0,0,0,0,0,0,0
201208,20,059,2,4,Franklin County               ,3,3,595000,0,0,0,0,0,0,0,0,0,3,3,595000,0,0,0,0,0,0,0,0,0
201208,20,063,2,4,Gove County                   ,0,0,0,0,0,0,0,0,0,0,0,0,0,0,0,0,0,0,0,0,0,0,0,0
201208,20,091,2,4,Johnson County                ,149,149,41424427,0,0,0,1,3,500650,0,0,0,103,103,28592259,0,0,0,0,0,0,0,0,0
201208,20,103,2,4,Leavenworth County            ,6,6,525689,0,0,0,0,0,0,0,0,0,5,5,427173,0,0,0,0,0,0,0,0,0
201208,20,107,2,4,Linn County                   ,2,2,295558,0,0,0,0,0,0,0,0,0,0,0,0,0,0,0,0,0,0,0,0,0
201208,20,121,2,4,Miami County                  ,4,4,996957,0,0,0,0,0,0,0,0,0,0,0,0,0,0,0,0,0,0,0,0,0
201208,20,129,2,4,Morton County                 ,0,0,0,0,0,0,0,0,0,0,0,0,0,0,0,0,0,0,0,0,0,0,0,0
201208,20,151,2,4,Pratt County                  ,0,0,0,0,0,0,0,0,0,0,0,0,0,0,0,0,0,0,0,0,0,0,0,0
201208,20,183,2,4,Smith County                  ,1,1,119314,0,0,0,0,0,0,0,0,0,0,0,0,0,0,0,0,0,0,0,0,0
201208,20,209,2,4,Wyandotte County              ,4,4,567323,1,2,140000,0,0,0,0,0,0,4,4,567323,1,2,140000,0,0,0,0,0,0
201208,21,005,3,6,Anderson County               ,1,1,106620,0,0,0,0,0,0,0,0,0,1,1,106620,0,0,0,0,0,0,0,0,0
201208,21,015,3,6,Boone County                  ,50,50,7318802,3,6,510000,0,0,0,0,0,0,0,0,0,0,0,0,0,0,0,0,0,0
201208,21,021,3,6,Boyle County                  ,3,3,320000,0,0,0,0,0,0,2,15,320000,3,3,320000,0,0,0,0,0,0,2,15,320000
201208,21,029,3,6,Bullitt County                ,22,22,3787598,0,0,0,0,0,0,0,0,0,22,22,3787598,0,0,0,0,0,0,0,0,0
201208,21,037,3,6,Campbell County               ,9,9,1518488,0,0,0,1,3,401325,2,21,1785000,9,9,1518488,0,0,0,1,3,401325,2,21,1785000
201208,21,049,3,6,Clark County                  ,5,5,956557,0,0,0,0,0,0,0,0,0,0,0,0,0,0,0,0,0,0,0,0,0
201208,21,053,3,6,Clinton County                ,0,0,0,0,0,0,0,0,0,0,0,0,0,0,0,0,0,0,0,0,0,0,0,0
201208,21,059,3,6,Daviess County                ,24,24,1909837,0,0,0,0,0,0,0,0,0,24,24,1909837,0,0,0,0,0,0,0,0,0
201208,21,067,3,6,Fayette County                ,60,60,8143865,2,4,404444,1,3,412500,1,30,1668500,0,0,0,0,0,0,0,0,0,0,0,0
201208,21,077,3,6,Gallatin County               ,2,2,270988,0,0,0,0,0,0,0,0,0,0,0,0,0,0,0,0,0,0,0,0,0
201208,21,081,3,6,Grant County                  ,3,3,617375,0,0,0,0,0,0,0,0,0,0,0,0,0,0,0,0,0,0,0,0,0
201208,21,103,3,6,Henry County                  ,3,3,515000,0,0,0,0,0,0,0,0,0,3,3,515000,0,0,0,0,0,0,0,0,0
201208,21,111,3,6,Jefferson County              ,72,72,18532495,0,0,0,0,0,0,1,8,2720000,72,72,18532495,0,0,0,0,0,0,1,8,2720000
201208,21,113,3,6,Jessamine County              ,7,7,1114000,0,0,0,2,8,1030000,0,0,0,7,7,1114000,0,0,0,2,8,1030000,0,0,0
201208,21,117,3,6,Kenton County                 ,23,23,4453435,0,0,0,0,0,0,0,0,0,22,22,4301344,0,0,0,0,0,0,0,0,0
201208,21,137,3,6,Lincoln County                ,2,2,356854,0,0,0,0,0,0,0,0,0,0,0,0,0,0,0,0,0,0,0,0,0
201208,21,151,3,6,Madison County                ,9,9,909528,1,2,129509,0,0,0,1,5,168572,3,3,386000,0,0,0,0,0,0,0,0,0
201208,21,157,3,6,Marshall County               ,2,2,300591,0,0,0,0,0,0,2,10,555556,0,0,0,0,0,0,0,0,0,0,0,0
201208,21,163,3,6,Meade County                  ,9,9,1270413,0,0,0,0,0,0,0,0,0,6,6,853000,0,0,0,0,0,0,0,0,0
201208,21,167,3,6,Mercer County                 ,3,3,426412,1,2,137500,0,0,0,0,0,0,0,0,0,0,0,0,0,0,0,0,0,0
201208,21,179,3,6,Nelson County                 ,7,7,1702349,0,0,0,0,0,0,0,0,0,7,7,1702349,0,0,0,0,0,0,0,0,0
201208,21,185,3,6,Oldham County                 ,17,17,3451960,0,0,0,0,0,0,0,0,0,0,0,0,0,0,0,0,0,0,0,0,0
201208,21,191,3,6,Pendleton County              ,0,0,0,0,0,0,0,0,0,0,0,0,0,0,0,0,0,0,0,0,0,0,0,0
201208,21,205,3,6,Rowan County                  ,0,0,0,0,0,0,0,0,0,0,0,0,0,0,0,0,0,0,0,0,0,0,0,0
201208,21,209,3,6,Scott County                  ,19,19,2193365,0,0,0,0,0,0,0,0,0,19,19,2193365,0,0,0,0,0,0,0,0,0
201208,21,211,3,6,Shelby County                 ,10,10,1801351,0,0,0,0,0,0,0,0,0,10,10,1801351,0,0,0,0,0,0,0,0,0
201208,21,213,3,6,Simpson County                ,2,2,258781,4,8,637333,0,0,0,0,0,0,0,0,0,0,0,0,0,0,0,0,0,0
201208,21,215,3,6,Spencer County                ,5,5,989045,0,0,0,0,0,0,0,0,0,5,5,989045,0,0,0,0,0,0,0,0,0
201208,21,221,3,6,Trigg County                  ,1,1,150000,0,0,0,0,0,0,0,0,0,1,1,150000,0,0,0,0,0,0,0,0,0
201208,21,239,3,6,Woodford County               ,7,7,3463000,0,0,0,0,0,0,0,0,0,7,7,3463000,0,0,0,0,0,0,0,0,0
201208,22,009,3,7,Avoyelles Parish              ,4,4,465118,0,0,0,0,0,0,0,0,0,0,0,0,0,0,0,0,0,0,0,0,0
201208,22,017,3,7,Caddo Parish                  ,34,34,8861204,0,0,0,0,0,0,0,0,0,0,0,0,0,0,0,0,0,0,0,0,0
201208,22,039,3,7,Evangeline Parish             ,2,2,487236,0,0,0,0,0,0,0,0,0,2,2,487236,0,0,0,0,0,0,0,0,0
201208,22,051,3,7,Jefferson Parish              ,13,13,3418643,0,0,0,0,0,0,0,0,0,12,12,3255498,0,0,0,0,0,0,0,0,0
201208,22,071,3,7,Orleans Parish                ,84,84,14391662,19,38,3131606,0,0,0,1,17,1900651,0,0,0,0,0,0,0,0,0,0,0,0
201208,22,075,3,7,Plaquemines Parish            ,7,7,782472,0,0,0,0,0,0,0,0,0,0,0,0,0,0,0,0,0,0,0,0,0
201208,22,077,3,7,Pointe Coupee Parish          ,1,1,142910,0,0,0,0,0,0,0,0,0,1,1,142910,0,0,0,0,0,0,0,0,0
201208,22,087,3,7,St. Bernard Parish            ,2,2,300000,0,0,0,0,0,0,0,0,0,2,2,300000,0,0,0,0,0,0,0,0,0
201208,22,089,3,7,St. Charles Parish            ,9,9,1517309,0,0,0,0,0,0,0,0,0,0,0,0,0,0,0,0,0,0,0,0,0
201208,22,091,3,7,St. Helena Parish             ,0,0,0,0,0,0,0,0,0,0,0,0,0,0,0,0,0,0,0,0,0,0,0,0
201208,22,095,3,7,St. John the Baptist Parish   ,6,6,1008834,0,0,0,0,0,0,0,0,0,0,0,0,0,0,0,0,0,0,0,0,0
201208,22,103,3,7,St. Tammany Parish            ,89,89,15187633,0,0,0,0,0,0,0,0,0,74,74,12486693,0,0,0,0,0,0,0,0,0
201208,22,105,3,7,Tangipahoa Parish             ,58,58,8119347,0,0,0,0,0,0,0,0,0,54,54,7743176,0,0,0,0,0,0,0,0,0
201208,22,109,3,7,Terrebonne Parish             ,18,18,4734775,0,0,0,0,0,0,0,0,0,18,18,4734775,0,0,0,0,0,0,0,0,0
201208,22,117,3,7,Washington Parish             ,4,4,960875,0,0,0,0,0,0,0,0,0,4,4,960875,0,0,0,0,0,0,0,0,0
201208,23,000,1,1,Maine Unorganized Territory   ,7,7,929601,0,0,0,0,0,0,0,0,0,0,0,0,0,0,0,0,0,0,0,0,0
201208,24,003,3,5,Anne Arundel County           ,69,69,13749603,0,0,0,0,0,0,0,0,0,66,66,13055400,0,0,0,0,0,0,0,0,0
201208,24,005,3,5,Baltimore County              ,22,22,4351800,0,0,0,0,0,0,0,0,0,22,22,4351800,0,0,0,0,0,0,0,0,0
201208,24,009,3,5,Calvert County                ,23,23,4549609,0,0,0,0,0,0,0,0,0,23,23,4549609,0,0,0,0,0,0,0,0,0
201208,24,013,3,5,Carroll County                ,14,14,2769327,0,0,0,0,0,0,0,0,0,14,14,2769327,0,0,0,0,0,0,0,0,0
201208,24,015,3,5,Cecil County                  ,30,30,5443366,0,0,0,0,0,0,0,0,0,0,0,0,0,0,0,0,0,0,0,0,0
201208,24,017,3,5,Charles County                ,79,79,16271903,0,0,0,0,0,0,0,0,0,79,79,16271903,0,0,0,0,0,0,0,0,0
201208,24,021,3,5,Frederick County              ,60,60,11868546,0,0,0,0,0,0,0,0,0,60,60,11868546,0,0,0,0,0,0,0,0,0
201208,24,023,3,5,Garrett County                ,19,19,4252600,0,0,0,0,0,0,0,0,0,19,19,4252600,0,0,0,0,0,0,0,0,0
201208,24,025,3,5,Harford County                ,28,28,5866009,0,0,0,0,0,0,0,0,0,28,28,5866009,0,0,0,0,0,0,0,0,0
201208,24,027,3,5,Howard County                 ,115,115,26928709,0,0,0,1,3,276675,2,27,2628878,0,0,0,0,0,0,0,0,0,0,0,0
201208,24,031,3,5,Montgomery County             ,105,105,21609864,5,10,1166541,0,0,0,7,334,48509628,98,98,19995364,0,0,0,0,0,0,6,288,43886378
201208,24,033,3,5,Prince George County          ,98,98,19594100,0,0,0,0,0,0,0,0,0,98,98,19594100,0,0,0,0,0,0,0,0,0
201208,24,035,3,5,Queen Anne County             ,21,21,4153991,0,0,0,0,0,0,0,0,0,21,21,4153991,0,0,0,0,0,0,0,0,0
201208,24,510,3,5,Baltimore (Independent City)  ,9,9,1179329,0,0,0,0,0,0,1,133,11037116,0,0,0,0,0,0,0,0,0,0,0,0
201208,25,009,1,1,Essex County                  ,45,45,12497675,2,4,418128,1,3,700000,5,30,2486398,34,34,9051226,1,2,252000,1,3,700000,0,0,0
201208,25,017,1,1,Middlesex County              ,138,138,40923132,4,8,890184,0,0,0,6,78,8125092,117,117,35308220,3,6,673000,0,0,0,2,40,4356850
201208,25,019,1,1,Nantucket County              ,5,5,3659722,0,0,0,0,0,0,0,0,0,0,0,0,0,0,0,0,0,0,0,0,0
201208,25,021,1,1,Norfolk County                ,66,66,21725761,0,0,0,0,0,0,3,15,1377318,47,47,16040321,0,0,0,0,0,0,0,0,0
201208,25,023,1,1,Plymouth County               ,77,77,28296170,1,2,350000,0,0,0,2,12,1861768,61,61,25694709,1,2,350000,0,0,0,1,7,1330000
201208,25,025,1,1,Suffolk County                ,10,10,2265111,3,6,750000,1,3,400000,7,389,93487616,10,10,2265111,3,6,750000,1,3,400000,6,376,92676950
201208,26,000,2,3,Michigan Balance of State     ,7,7,1346693,0,0,0,0,0,0,0,0,0,7,7,1346693,0,0,0,0,0,0,0,0,0
201208,26,001,2,3,Alcona County                 ,2,2,200939,0,0,0,0,0,0,0,0,0,0,0,0,0,0,0,0,0,0,0,0,0
201208,26,009,2,3,Antrim County                 ,5,5,954781,0,0,0,0,0,0,0,0,0,0,0,0,0,0,0,0,0,0,0,0,0
201208,26,015,2,3,Barry County                  ,8,8,1317658,0,0,0,0,0,0,0,0,0,0,0,0,0,0,0,0,0,0,0,0,0
201208,26,019,2,3,Benzie County                 ,8,8,2515533,0,0,0,0,0,0,0,0,0,8,8,2515533,0,0,0,0,0,0,0,0,0
201208,26,029,2,3,Charlevoix County             ,5,5,1081830,0,0,0,0,0,0,1,5,342804,0,0,0,0,0,0,0,0,0,0,0,0
201208,26,031,2,3,Cheboygan County              ,4,4,890000,0,0,0,0,0,0,0,0,0,4,4,890000,0,0,0,0,0,0,0,0,0
201208,26,047,2,3,Emmet County                  ,5,5,1166687,0,0,0,0,0,0,0,0,0,5,5,1166687,0,0,0,0,0,0,0,0,0
201208,26,051,2,3,Gladwin County                ,5,5,1065600,0,0,0,0,0,0,0,0,0,5,5,1065600,0,0,0,0,0,0,0,0,0
201208,26,059,2,3,Hillsdale County              ,3,3,513412,0,0,0,0,0,0,0,0,0,0,0,0,0,0,0,0,0,0,0,0,0
201208,26,067,2,3,Ionia County                  ,3,3,455980,0,0,0,0,0,0,0,0,0,0,0,0,0,0,0,0,0,0,0,0,0
201208,26,079,2,3,Kalkaska County               ,2,2,440000,0,0,0,0,0,0,0,0,0,2,2,440000,0,0,0,0,0,0,0,0,0
201208,26,081,2,3,Kent County                   ,93,93,18381868,1,2,206162,0,0,0,0,0,0,79,79,15550736,1,2,206162,0,0,0,0,0,0
201208,26,085,2,3,Lake County                   ,4,4,114981,0,0,0,0,0,0,0,0,0,0,0,0,0,0,0,0,0,0,0,0,0
201208,26,087,2,3,Lapeer County                 ,0,0,0,0,0,0,0,0,0,0,0,0,0,0,0,0,0,0,0,0,0,0,0,0
201208,26,089,2,3,Leelanau County               ,7,7,1784008,0,0,0,0,0,0,0,0,0,0,0,0,0,0,0,0,0,0,0,0,0
201208,26,093,2,3,Livingston County             ,29,29,7809731,0,0,0,0,0,0,0,0,0,27,27,7605588,0,0,0,0,0,0,0,0,0
201208,26,099,2,3,Macomb County                 ,135,135,32299541,0,0,0,0,0,0,1,12,840000,135,135,32299541,0,0,0,0,0,0,1,12,840000
201208,26,103,2,3,Marquette County              ,14,14,2681928,0,0,0,0,0,0,1,16,560000,14,14,2681928,0,0,0,0,0,0,1,16,560000
201208,26,113,2,3,Missaukee County              ,1,1,160289,0,0,0,0,0,0,0,0,0,0,0,0,0,0,0,0,0,0,0,0,0
201208,26,123,2,3,Newaygo County                ,4,4,263830,0,0,0,0,0,0,0,0,0,1,1,75000,0,0,0,0,0,0,0,0,0
201208,26,125,2,3,Oakland County                ,200,200,46981704,0,0,0,1,3,238461,0,0,0,145,145,35841108,0,0,0,0,0,0,0,0,0
201208,26,129,2,3,Ogemaw County                 ,1,1,172601,0,0,0,0,0,0,0,0,0,1,1,172601,0,0,0,0,0,0,0,0,0
201208,26,133,2,3,Osceola County                ,2,2,250000,0,0,0,0,0,0,0,0,0,2,2,250000,0,0,0,0,0,0,0,0,0
201208,26,137,2,3,Otsego County                 ,3,3,593337,0,0,0,0,0,0,1,5,250000,0,0,0,0,0,0,0,0,0,0,0,0
201208,26,141,2,3,Presque Isle County           ,4,4,540000,0,0,0,0,0,0,0,0,0,4,4,540000,0,0,0,0,0,0,0,0,0
201208,26,147,2,3,St. Clair County              ,8,8,1541191,0,0,0,0,0,0,0,0,0,6,6,1327344,0,0,0,0,0,0,0,0,0
201208,26,163,2,3,Wayne County                  ,90,90,18293402,0,0,0,1,4,425556,1,6,593574,81,81,17338633,0,0,0,1,4,425556,1,6,593574
201208,27,003,2,4,Anoka County                  ,80,80,19251158,0,0,0,8,27,3434845,2,75,4617535,78,78,18816562,0,0,0,8,27,3434845,2,75,4617535
201208,27,019,2,4,Carver County                 ,50,50,14331743,0,0,0,0,0,0,0,0,0,50,50,14331743,0,0,0,0,0,0,0,0,0
201208,27,025,2,4,Chisago County                ,4,4,766409,0,0,0,0,0,0,0,0,0,4,4,766409,0,0,0,0,0,0,0,0,0
201208,27,037,2,4,Dakota County                 ,69,69,18093924,0,0,0,0,0,0,1,14,1352400,59,59,15295602,0,0,0,0,0,0,0,0,0
201208,27,053,2,4,Hennepin County               ,147,147,47841844,0,0,0,0,0,0,1,58,9750000,147,147,47841844,0,0,0,0,0,0,1,58,9750000
201208,27,059,2,4,Isanti County                 ,4,4,481186,0,0,0,0,0,0,0,0,0,3,3,310000,0,0,0,0,0,0,0,0,0
201208,27,123,2,4,Ramsey County                 ,22,22,5360005,1,2,35000,0,0,0,0,0,0,22,22,5360005,1,2,35000,0,0,0,0,0,0
201208,27,139,2,4,Scott County                  ,56,56,15026933,0,0,0,0,0,0,0,0,0,41,41,11680675,0,0,0,0,0,0,0,0,0
201208,27,141,2,4,Sherburne County              ,13,13,2823048,0,0,0,0,0,0,0,0,0,10,10,2363693,0,0,0,0,0,0,0,0,0
201208,27,163,2,4,Washington County             ,76,76,22171717,0,0,0,0,0,0,0,0,0,76,76,22171717,0,0,0,0,0,0,0,0,0
201208,27,171,2,4,Wright County                 ,29,29,6457329,0,0,0,0,0,0,0,0,0,29,29,6457329,0,0,0,0,0,0,0,0,0
201208,28,021,3,6,Claiborne County              ,0,0,0,0,0,0,0,0,0,0,0,0,0,0,0,0,0,0,0,0,0,0,0,0
201208,28,033,3,6,DeSoto County                 ,71,71,9717281,0,0,0,0,0,0,0,0,0,42,42,4722680,0,0,0,0,0,0,0,0,0
201208,28,039,3,6,George County                 ,0,0,0,0,0,0,0,0,0,0,0,0,0,0,0,0,0,0,0,0,0,0,0,0
201208,28,071,3,6,Lafayette County              ,39,39,4622000,0,0,0,0,0,0,0,0,0,39,39,4622000,0,0,0,0,0,0,0,0,0
201208,28,091,3,6,Marion County                 ,1,1,90000,0,0,0,0,0,0,0,0,0,1,1,90000,0,0,0,0,0,0,0,0,0
201208,28,093,3,6,Marshall County               ,5,5,736489,0,0,0,0,0,0,0,0,0,0,0,0,0,0,0,0,0,0,0,0,0
201208,28,137,3,6,Tate County                   ,8,8,714990,0,0,0,0,0,0,0,0,0,2,2,177000,0,0,0,0,0,0,0,0,0
201208,28,143,3,6,Tunica County                 ,1,1,80320,0,0,0,0,0,0,0,0,0,0,0,0,0,0,0,0,0,0,0,0,0
201208,28,153,3,6,Wayne County                  ,0,0,0,0,0,0,0,0,0,0,0,0,0,0,0,0,0,0,0,0,0,0,0,0
201208,29,001,2,4,Adair County                  ,3,3,815823,0,0,0,0,0,0,0,0,0,3,3,815823,0,0,0,0,0,0,0,0,0
201208,29,013,2,4,Bates County                  ,0,0,0,0,0,0,0,0,0,0,0,0,0,0,0,0,0,0,0,0,0,0,0,0
201208,29,019,2,4,Boone County                  ,71,71,12987614,0,0,0,0,0,0,0,0,0,71,71,12987614,0,0,0,0,0,0,0,0,0
201208,29,025,2,4,Caldwell County               ,2,2,403027,0,0,0,0,0,0,0,0,0,0,0,0,0,0,0,0,0,0,0,0,0
201208,29,037,2,4,Cass County                   ,14,14,3752545,1,2,175000,0,0,0,0,0,0,9,9,2505200,0,0,0,0,0,0,0,0,0
201208,29,047,2,4,Clay County                   ,18,18,3411182,0,0,0,0,0,0,0,0,0,15,15,2788839,0,0,0,0,0,0,0,0,0
201208,29,049,2,4,Clinton County                ,2,2,415207,0,0,0,0,0,0,0,0,0,0,0,0,0,0,0,0,0,0,0,0,0
201208,29,051,2,4,Cole County                   ,19,19,3125975,1,2,208615,0,0,0,0,0,0,9,9,1048000,0,0,0,0,0,0,0,0,0
201208,29,065,2,4,Dent County                   ,0,0,0,0,0,0,0,0,0,0,0,0,0,0,0,0,0,0,0,0,0,0,0,0
201208,29,071,2,4,Franklin County               ,16,16,3984123,0,0,0,0,0,0,0,0,0,5,5,2655000,0,0,0,0,0,0,0,0,0
201208,29,079,2,4,Grundy County                 ,3,3,280000,0,0,0,0,0,0,0,0,0,3,3,280000,0,0,0,0,0,0,0,0,0
201208,29,095,2,4,Jackson County                ,90,90,18861927,3,6,497500,0,0,0,8,303,17573921,90,90,18861927,3,6,497500,0,0,0,8,303,17573921
201208,29,099,2,4,Jefferson County              ,45,45,6195554,0,0,0,0,0,0,0,0,0,45,45,6195554,0,0,0,0,0,0,0,0,0
201208,29,105,2,4,Laclede County                ,1,1,125000,2,4,280000,0,0,0,0,0,0,0,0,0,0,0,0,0,0,0,0,0,0
201208,29,107,2,4,Lafayette County              ,1,1,135000,0,0,0,0,0,0,0,0,0,0,0,0,0,0,0,0,0,0,0,0,0
201208,29,113,2,4,Lincoln County                ,5,5,564704,0,0,0,0,0,0,0,0,0,2,2,264000,0,0,0,0,0,0,0,0,0
201208,29,141,2,4,Morgan County                 ,0,0,0,0,0,0,0,0,0,0,0,0,0,0,0,0,0,0,0,0,0,0,0,0
201208,29,161,2,4,Phelps County                 ,0,0,0,0,0,0,3,10,825521,0,0,0,0,0,0,0,0,0,3,10,825521,0,0,0
201208,29,165,2,4,Platte County                 ,10,10,2387433,0,0,0,2,8,540000,0,0,0,9,9,2112433,0,0,0,2,8,540000,0,0,0
201208,29,175,2,4,Randolph County               ,0,0,0,0,0,0,0,0,0,0,0,0,0,0,0,0,0,0,0,0,0,0,0,0
201208,29,177,2,4,Ray County                    ,1,1,182143,0,0,0,0,0,0,0,0,0,0,0,0,0,0,0,0,0,0,0,0,0
201208,29,183,2,4,St. Charles County            ,159,159,32955869,2,4,288000,1,4,280000,0,0,0,152,152,32161497,2,4,288000,1,4,280000,0,0,0
201208,29,189,2,4,St. Louis County              ,72,72,26042968,0,0,0,2,7,1388584,1,10,978818,23,23,8218614,0,0,0,0,0,0,0,0,0
201208,29,219,2,4,Warren County                 ,9,9,1541225,0,0,0,0,0,0,0,0,0,5,5,1023712,0,0,0,0,0,0,0,0,0
201208,29,221,2,4,Washington County             ,0,0,0,0,0,0,0,0,0,0,0,0,0,0,0,0,0,0,0,0,0,0,0,0
201208,29,510,2,4,St. Louis (Independent City)  ,5,5,684756,0,0,0,3,10,1323718,1,11,1200000,0,0,0,0,0,0,0,0,0,0,0,0
201208,30,023,4,8,Deer Lodge County             ,0,0,0,0,0,0,0,0,0,0,0,0,0,0,0,0,0,0,0,0,0,0,0,0
201208,30,063,4,8,Missoula County               ,18,18,2979386,0,0,0,1,4,98233,0,0,0,18,18,2979386,0,0,0,1,4,98233,0,0,0
201208,31,025,2,4,Cass County                   ,9,9,1506448,0,0,0,0,0,0,0,0,0,3,3,383500,0,0,0,0,0,0,0,0,0
201208,31,033,2,4,Cheyenne County               ,1,1,160500,0,0,0,0,0,0,0,0,0,1,1,160500,0,0,0,0,0,0,0,0,0
201208,31,055,2,4,Douglas County                ,129,129,19573300,1,2,274176,0,0,0,4,46,3525228,125,125,18710451,1,2,274176,0,0,0,3,18,1868208
201208,31,077,2,4,Greeley County                ,0,0,0,0,0,0,0,0,0,0,0,0,0,0,0,0,0,0,0,0,0,0,0,0
201208,31,105,2,4,Kimball County                ,1,1,130000,0,0,0,0,0,0,0,0,0,1,1,130000,0,0,0,0,0,0,0,0,0
201208,31,153,2,4,Sarpy County                  ,85,85,19932984,0,0,0,0,0,0,0,0,0,77,77,18345964,0,0,0,0,0,0,0,0,0
201208,31,155,2,4,Saunders County               ,8,8,1865873,0,0,0,0,0,0,0,0,0,8,8,1865873,0,0,0,0,0,0,0,0,0
201208,31,177,2,4,Washington County             ,1,1,197783,0,0,0,0,0,0,0,0,0,1,1,197783,0,0,0,0,0,0,0,0,0
201208,32,001,4,8,Churchill County              ,1,1,93375,0,0,0,0,0,0,0,0,0,1,1,93375,0,0,0,0,0,0,0,0,0
201208,32,003,4,8,Clark County                  ,598,598,84763138,0,0,0,0,0,0,0,0,0,598,598,84763138,0,0,0,0,0,0,0,0,0
201208,32,005,4,8,Douglas County                ,9,9,2909963,0,0,0,0,0,0,0,0,0,9,9,2909963,0,0,0,0,0,0,0,0,0
201208,32,007,4,8,Elko County                   ,34,34,4551166,0,0,0,0,0,0,0,0,0,34,34,4551166,0,0,0,0,0,0,0,0,0
201208,32,013,4,8,Humboldt County               ,2,2,330097,1,2,199342,0,0,0,0,0,0,2,2,330097,1,2,199342,0,0,0,0,0,0
201208,32,015,4,8,Lander County                 ,2,2,221574,0,0,0,0,0,0,0,0,0,2,2,221574,0,0,0,0,0,0,0,0,0
201208,32,017,4,8,Lincoln County                ,1,1,163949,0,0,0,0,0,0,0,0,0,0,0,0,0,0,0,0,0,0,0,0,0
201208,32,019,4,8,Lyon County                   ,8,8,1898825,0,0,0,0,0,0,0,0,0,8,8,1898825,0,0,0,0,0,0,0,0,0
201208,32,021,4,8,Mineral County                ,0,0,0,0,0,0,0,0,0,0,0,0,0,0,0,0,0,0,0,0,0,0,0,0
201208,32,027,4,8,Pershing County               ,0,0,0,0,0,0,0,0,0,0,0,0,0,0,0,0,0,0,0,0,0,0,0,0
201208,32,029,4,8,Storey County                 ,0,0,0,0,0,0,0,0,0,0,0,0,0,0,0,0,0,0,0,0,0,0,0,0
201208,32,031,4,8,Washoe County                 ,41,41,10619052,0,0,0,0,0,0,0,0,0,41,41,10619052,0,0,0,0,0,0,0,0,0
201208,32,033,4,8,White Pine County             ,2,2,305000,0,0,0,0,0,0,0,0,0,2,2,305000,0,0,0,0,0,0,0,0,0
201208,32,510,4,8,Carson City (Independent City),1,1,334500,0,0,0,0,0,0,0,0,0,1,1,334500,0,0,0,0,0,0,0,0,0
201208,33,015,1,1,Rockingham County             ,43,43,13287916,2,4,293500,0,0,0,0,0,0,31,31,9767211,1,2,50000,0,0,0,0,0,0
201208,33,017,1,1,Strafford County              ,21,21,3709874,8,16,626656,0,0,0,0,0,0,13,13,2774678,0,0,0,0,0,0,0,0,0
201208,34,001,1,2,Atlantic County               ,50,50,7388141,0,0,0,0,0,0,1,6,1318022,32,32,5153978,0,0,0,0,0,0,0,0,0
201208,34,003,1,2,Bergen County                 ,61,61,17339294,5,10,1432371,0,0,0,6,41,3771498,36,36,11071986,4,8,1252200,0,0,0,0,0,0
201208,34,005,1,2,Burlington County             ,38,38,6545705,0,0,0,0,0,0,4,39,2570948,20,20,3644963,0,0,0,0,0,0,0,0,0
201208,34,007,1,2,Camden County                 ,14,14,2539975,0,0,0,0,0,0,3,28,1778485,4,4,1313392,0,0,0,0,0,0,0,0,0
201208,34,009,1,2,Cape May County               ,34,34,10631351,3,6,1053700,0,0,0,0,0,0,32,32,10254940,3,6,1053700,0,0,0,0,0,0
201208,34,011,1,2,Cumberland County             ,20,20,2014346,0,0,0,0,0,0,0,0,0,5,5,389200,0,0,0,0,0,0,0,0,0
201208,34,013,1,2,Essex County                  ,18,18,3911561,1,2,170000,1,4,701273,4,35,4545000,8,8,2200150,1,2,170000,0,0,0,1,5,2500
201208,34,015,1,2,Gloucester County             ,43,43,6569792,1,2,187300,1,3,352125,3,45,2093668,23,23,4002311,0,0,0,0,0,0,2,40,1949700
201208,34,017,1,2,Hudson County                 ,3,3,395936,4,8,958756,0,0,0,4,95,14963950,0,0,0,3,6,675000,0,0,0,0,0,0
201208,34,019,1,2,Hunterdon County              ,6,6,1090695,0,0,0,0,0,0,1,5,203395,3,3,470450,0,0,0,0,0,0,0,0,0
201208,34,021,1,2,Mercer County                 ,10,10,1973095,0,0,0,0,0,0,2,12,815334,4,4,471700,0,0,0,0,0,0,0,0,0
201208,34,023,1,2,Middlesex County              ,61,61,11028024,0,0,0,0,0,0,5,52,2283335,42,42,8462881,0,0,0,0,0,0,2,24,356000
201208,34,025,1,2,Monmouth County               ,78,78,13154869,0,0,0,0,0,0,9,76,4584394,65,65,10666729,0,0,0,0,0,0,6,60,3861015
201208,34,027,1,2,Morris County                 ,42,42,10414935,0,0,0,0,0,0,3,15,2018418,10,10,1871292,0,0,0,0,0,0,0,0,0
201208,34,029,1,2,Ocean County                  ,58,58,12696985,1,2,104100,0,0,0,2,24,2088548,38,38,9837186,1,2,104100,0,0,0,2,24,2088548
201208,34,031,1,2,Passaic County                ,13,13,3023675,0,0,0,0,0,0,2,57,6048350,5,5,1690000,0,0,0,0,0,0,2,57,6048350
201208,34,033,1,2,Salem County                  ,6,6,971912,1,2,147045,0,0,0,0,0,0,5,5,891878,1,2,147045,0,0,0,0,0,0
201208,34,035,1,2,Somerset County               ,22,22,5210682,0,0,0,29,101,116,3,15,1552083,12,12,3531649,0,0,0,29,101,116,0,0,0
201208,34,037,1,2,Sussex County                 ,11,11,2357288,0,0,0,0,0,0,1,5,25000,3,3,436350,0,0,0,0,0,0,0,0,0
201208,34,039,1,2,Union County                  ,19,19,3013012,4,8,610466,0,0,0,3,16,691601,8,8,1322500,1,2,151500,0,0,0,0,0,0
201208,34,041,1,2,Warren County                 ,11,11,1365542,0,0,0,0,0,0,0,0,0,1,1,237600,0,0,0,0,0,0,0,0,0
201208,35,000,4,8,New Mexico Balance of State   ,38,38,8483390,0,0,0,0,0,0,0,0,0,38,38,8483390,0,0,0,0,0,0,0,0,0
201208,35,001,4,8,Bernalillo County             ,114,114,21674885,0,0,0,0,0,0,2,37,2880266,8,8,2858577,0,0,0,0,0,0,0,0,0
201208,35,005,4,8,Chaves County                 ,3,3,872538,0,0,0,0,0,0,0,0,0,0,0,0,0,0,0,0,0,0,0,0,0
201208,35,007,4,8,Colfax County                 ,1,1,423527,0,0,0,0,0,0,0,0,0,0,0,0,0,0,0,0,0,0,0,0,0
201208,35,009,4,8,Curry County                  ,16,16,3369787,0,0,0,0,0,0,0,0,0,16,16,3369787,0,0,0,0,0,0,0,0,0
201208,35,013,4,8,Dona Ana County               ,56,56,10148652,0,0,0,0,0,0,0,0,0,48,48,8558378,0,0,0,0,0,0,0,0,0
201208,35,015,4,8,Eddy County                   ,2,2,338500,0,0,0,0,0,0,0,0,0,2,2,338500,0,0,0,0,0,0,0,0,0
201208,35,025,4,8,Lea County                    ,7,7,1150575,0,0,0,0,0,0,0,0,0,7,7,1150575,0,0,0,0,0,0,0,0,0
201208,35,027,4,8,Lincoln County                ,5,5,874735,0,0,0,0,0,0,0,0,0,0,0,0,0,0,0,0,0,0,0,0,0
201208,35,028,4,8,Los Alamos County             ,0,0,0,0,0,0,0,0,0,0,0,0,0,0,0,0,0,0,0,0,0,0,0,0
201208,35,029,4,8,Luna County                   ,0,0,0,12,24,3000000,0,0,0,0,0,0,0,0,0,12,24,3000000,0,0,0,0,0,0
201208,35,031,4,8,McKinley County               ,2,2,369000,0,0,0,0,0,0,0,0,0,2,2,369000,0,0,0,0,0,0,0,0,0
201208,35,035,4,8,Otero County                  ,0,0,0,0,0,0,0,0,0,0,0,0,0,0,0,0,0,0,0,0,0,0,0,0
201208,35,039,4,8,Rio Arriba County             ,0,0,0,0,0,0,0,0,0,0,0,0,0,0,0,0,0,0,0,0,0,0,0,0
201208,35,041,4,8,Roosevelt County              ,7,7,803444,0,0,0,0,0,0,0,0,0,0,0,0,0,0,0,0,0,0,0,0,0
201208,35,043,4,8,Sandoval County               ,63,63,11442485,0,0,0,1,3,252773,0,0,0,0,0,0,0,0,0,0,0,0,0,0,0
201208,35,045,4,8,San Juan County               ,24,24,3822140,0,0,0,0,0,0,0,0,0,24,24,3822140,0,0,0,0,0,0,0,0,0
201208,35,049,4,8,Santa Fe County               ,13,13,1733654,0,0,0,0,0,0,0,0,0,0,0,0,0,0,0,0,0,0,0,0,0
201208,35,051,4,8,Sierra County                 ,0,0,0,0,0,0,0,0,0,0,0,0,0,0,0,0,0,0,0,0,0,0,0,0
201208,35,053,4,8,Socorro County                ,0,0,0,0,0,0,0,0,0,0,0,0,0,0,0,0,0,0,0,0,0,0,0,0
201208,35,055,4,8,Taos County                   ,6,6,783279,0,0,0,0,0,0,0,0,0,1,1,235000,0,0,0,0,0,0,0,0,0
201208,35,061,4,8,Valencia County               ,11,11,1423075,0,0,0,0,0,0,0,0,0,0,0,0,0,0,0,0,0,0,0,0,0
201208,36,005,1,2,Bronx County                  ,2,2,473278,6,12,1338610,0,0,0,1,5,486735,2,2,473278,6,12,1338610,0,0,0,1,5,486735
201208,36,047,1,2,Kings County                  ,0,0,0,4,8,892406,10,31,3163519,7,681,66293307,0,0,0,4,8,892406,10,31,3163519,7,681,66293307
201208,36,059,1,2,Nassau County                 ,28,28,14118964,0,0,0,0,0,0,0,0,0,23,23,12167245,0,0,0,0,0,0,0,0,0
201208,36,061,1,2,New York County               ,3,3,709917,0,0,0,0,0,0,1,29,2823063,3,3,709917,0,0,0,0,0,0,1,29,2823063
201208,36,079,1,2,Putnam County                 ,2,2,547500,0,0,0,1,4,1208986,1,7,855464,1,1,410000,0,0,0,0,0,0,0,0,0
201208,36,081,1,2,Queens County                 ,3,3,709917,11,22,2454118,9,30,3061470,5,179,17425113,3,3,709917,11,22,2454118,9,30,3061470,5,179,17425113
201208,36,085,1,2,Richmond County               ,12,12,2839667,11,22,2454118,0,0,0,0,0,0,12,12,2839667,11,22,2454118,0,0,0,0,0,0
201208,36,087,1,2,Rockland County               ,4,4,1455568,2,4,760000,0,0,0,0,0,0,3,3,1062000,2,4,760000,0,0,0,0,0,0
201208,36,103,1,2,Suffolk County                ,61,61,45508971,0,0,0,0,0,0,0,0,0,48,48,38340997,0,0,0,0,0,0,0,0,0
201208,36,119,1,2,Westchester County            ,16,16,27244232,0,0,0,4,14,2800000,3,58,7497015,10,10,3485000,0,0,0,4,14,2800000,1,30,2900000
201208,37,003,3,5,Alexander County              ,4,4,1007029,0,0,0,0,0,0,0,0,0,4,4,1007029,0,0,0,0,0,0,0,0,0
201208,37,007,3,5,Anson County                  ,2,2,289917,0,0,0,0,0,0,0,0,0,0,0,0,0,0,0,0,0,0,0,0,0
201208,37,009,3,5,Ashe County                   ,4,4,1318000,0,0,0,0,0,0,0,0,0,4,4,1318000,0,0,0,0,0,0,0,0,0
201208,37,011,3,5,Avery County                  ,7,7,3805000,0,0,0,0,0,0,0,0,0,7,7,3805000,0,0,0,0,0,0,0,0,0
201208,37,019,3,5,Brunswick County              ,89,89,16586077,0,0,0,0,0,0,0,0,0,51,51,9502196,0,0,0,0,0,0,0,0,0
201208,37,025,3,5,Cabarrus County               ,71,71,9651514,0,0,0,0,0,0,0,0,0,71,71,9651514,0,0,0,0,0,0,0,0,0
201208,37,027,3,5,Caldwell County               ,4,4,573000,0,0,0,0,0,0,0,0,0,4,4,573000,0,0,0,0,0,0,0,0,0
201208,37,037,3,5,Chatham County                ,31,31,6614119,0,0,0,0,0,0,0,0,0,31,31,6614119,0,0,0,0,0,0,0,0,0
201208,37,039,3,5,Cherokee County               ,10,10,1672424,0,0,0,0,0,0,0,0,0,10,10,1672424,0,0,0,0,0,0,0,0,0
201208,37,049,3,5,Craven County                 ,24,24,2794543,1,2,240000,0,0,0,0,0,0,6,6,585700,0,0,0,0,0,0,0,0,0
201208,37,053,3,5,Currituck County              ,22,22,4404222,0,0,0,0,0,0,0,0,0,22,22,4404222,0,0,0,0,0,0,0,0,0
201208,37,059,3,5,Davie County                  ,2,2,920000,0,0,0,0,0,0,0,0,0,2,2,920000,0,0,0,0,0,0,0,0,0
201208,37,063,3,5,Durham County                 ,107,107,19875260,0,0,0,1,4,400000,0,0,0,107,107,19875260,0,0,0,1,4,400000,0,0,0
201208,37,067,3,5,Forsyth County                ,63,63,9605931,0,0,0,0,0,0,0,0,0,63,63,9605931,0,0,0,0,0,0,0,0,0
201208,37,069,3,5,Franklin County               ,17,17,2577966,0,0,0,0,0,0,0,0,0,17,17,2577966,0,0,0,0,0,0,0,0,0
201208,37,071,3,5,Gaston County                 ,34,34,7619730,0,0,0,1,3,500469,0,0,0,34,34,7619730,0,0,0,1,3,500469,0,0,0
201208,37,081,3,5,Guilford County               ,74,74,19108411,0,0,0,0,0,0,0,0,0,54,54,15215808,0,0,0,0,0,0,0,0,0
201208,37,089,3,5,Henderson County              ,99,99,10762524,0,0,0,0,0,0,0,0,0,99,99,10762524,0,0,0,0,0,0,0,0,0
201208,37,093,3,5,Hoke County                   ,23,23,4049654,0,0,0,0,0,0,4,96,3500000,23,23,4049654,0,0,0,0,0,0,4,96,3500000
201208,37,097,3,5,Iredell County                ,34,34,11813630,0,0,0,0,0,0,0,0,0,34,34,11813630,0,0,0,0,0,0,0,0,0
201208,37,099,3,5,Jackson County                ,5,5,705000,0,0,0,0,0,0,0,0,0,5,5,705000,0,0,0,0,0,0,0,0,0
201208,37,101,3,5,Johnston County               ,72,72,11395484,0,0,0,0,0,0,0,0,0,71,71,11345484,0,0,0,0,0,0,0,0,0
201208,37,105,3,5,Lee County                    ,9,9,1448885,0,0,0,0,0,0,0,0,0,9,9,1448885,0,0,0,0,0,0,0,0,0
201208,37,109,3,5,Lincoln County                ,13,13,2274893,0,0,0,0,0,0,0,0,0,0,0,0,0,0,0,0,0,0,0,0,0
201208,37,113,3,5,Macon County                  ,5,5,1845000,0,0,0,0,0,0,0,0,0,5,5,1845000,0,0,0,0,0,0,0,0,0
201208,37,119,3,5,Mecklenburg County            ,344,344,68046328,0,0,0,0,0,0,14,442,14913014,344,344,68046328,0,0,0,0,0,0,14,442,14913014
201208,37,127,3,5,Nash County                   ,14,14,2711916,0,0,0,0,0,0,0,0,0,14,14,2711916,0,0,0,0,0,0,0,0,0
201208,37,129,3,5,New Hanover County            ,44,44,12180937,0,0,0,0,0,0,2,24,2896814,39,39,11065225,0,0,0,0,0,0,2,24,2896814
201208,37,135,3,5,Orange County                 ,31,31,7274365,1,2,242000,0,0,0,0,0,0,26,26,5935303,1,2,242000,0,0,0,0,0,0
201208,37,137,3,5,Pamlico County                ,3,3,745380,0,0,0,0,0,0,0,0,0,0,0,0,0,0,0,0,0,0,0,0,0
201208,37,141,3,5,Pender County                 ,31,31,3541110,0,0,0,0,0,0,0,0,0,16,16,1496444,0,0,0,0,0,0,0,0,0
201208,37,145,3,5,Person County                 ,4,4,381400,0,0,0,0,0,0,0,0,0,4,4,381400,0,0,0,0,0,0,0,0,0
201208,37,147,3,5,Pitt County                   ,28,28,5036570,0,0,0,0,0,0,0,0,0,27,27,4937970,0,0,0,0,0,0,0,0,0
201208,37,149,3,5,Polk County                   ,5,5,966848,0,0,0,0,0,0,0,0,0,5,5,966848,0,0,0,0,0,0,0,0,0
201208,37,151,3,5,Randolph County               ,13,13,2754383,0,0,0,0,0,0,0,0,0,13,13,2754383,0,0,0,0,0,0,0,0,0
201208,37,157,3,5,Rockingham County             ,8,8,1455842,0,0,0,0,0,0,0,0,0,8,8,1455842,0,0,0,0,0,0,0,0,0
201208,37,159,3,5,Rowan County                  ,22,22,3410002,0,0,0,0,0,0,0,0,0,22,22,3410002,0,0,0,0,0,0,0,0,0
201208,37,163,3,5,Sampson County                ,7,7,1202496,0,0,0,0,0,0,0,0,0,7,7,1202496,0,0,0,0,0,0,0,0,0
201208,37,167,3,5,Stanly County                 ,6,6,725000,0,0,0,0,0,0,0,0,0,6,6,725000,0,0,0,0,0,0,0,0,0
201208,37,171,3,5,Surry County                  ,9,9,1215893,0,0,0,0,0,0,0,0,0,9,9,1215893,0,0,0,0,0,0,0,0,0
201208,37,175,3,5,Transylvania County           ,7,7,1993296,0,0,0,0,0,0,0,0,0,7,7,1993296,0,0,0,0,0,0,0,0,0
201208,37,179,3,5,Union County                  ,111,111,18326203,0,0,0,0,0,0,0,0,0,111,111,18326203,0,0,0,0,0,0,0,0,0
201208,37,181,3,5,Vance County                  ,2,2,190000,0,0,0,0,0,0,0,0,0,2,2,190000,0,0,0,0,0,0,0,0,0
201208,37,183,3,5,Wake County                   ,572,572,105160978,0,0,0,0,0,0,17,439,24796976,572,572,105160978,0,0,0,0,0,0,17,439,24796976
201208,37,195,3,5,Wilson County                 ,12,12,2839942,0,0,0,0,0,0,0,0,0,12,12,2839942,0,0,0,0,0,0,0,0,0
201208,39,015,2,3,Brown County                  ,6,6,951390,0,0,0,0,0,0,0,0,0,0,0,0,0,0,0,0,0,0,0,0,0
201208,39,017,2,3,Butler County                 ,41,41,7677122,1,2,150000,14,52,3834111,0,0,0,33,33,6637582,1,2,150000,14,52,3834111,0,0,0
201208,39,025,2,3,Clermont County               ,36,36,6414302,0,0,0,0,0,0,0,0,0,36,36,6414302,0,0,0,0,0,0,0,0,0
201208,39,035,2,3,Cuyahoga County               ,55,55,13115775,0,0,0,0,0,0,1,5,530305,19,19,6537209,0,0,0,0,0,0,0,0,0
201208,39,041,2,3,Delaware County               ,73,73,15575082,4,8,883996,3,9,1049481,0,0,0,73,73,15575082,4,8,883996,3,9,1049481,0,0,0
201208,39,045,2,3,Fairfield County              ,19,19,3711001,2,4,168000,3,12,504000,11,100,4824000,14,14,2781815,2,4,168000,3,12,504000,11,100,4824000
201208,39,049,2,3,Franklin County               ,118,118,31040918,3,6,726323,3,12,7788672,6,88,7073802,112,112,29517827,3,6,726323,3,12,7788672,6,88,7073802
201208,39,055,2,3,Geauga County                 ,11,11,2344319,0,0,0,0,0,0,0,0,0,11,11,2344319,0,0,0,0,0,0,0,0,0
201208,39,061,2,3,Hamilton County               ,54,54,12179913,0,0,0,0,0,0,1,18,1005686,11,11,1852500,0,0,0,0,0,0,0,0,0
201208,39,085,2,3,Lake County                   ,32,32,8122178,0,0,0,0,0,0,0,0,0,29,29,7685629,0,0,0,0,0,0,0,0,0
201208,39,089,2,3,Licking County                ,32,32,4517134,0,0,0,1,3,307668,0,0,0,0,0,0,0,0,0,0,0,0,0,0,0
201208,39,093,2,3,Lorain County                 ,60,60,11638435,0,0,0,1,4,676000,1,10,420000,33,33,7928530,0,0,0,1,4,676000,0,0,0
201208,39,097,2,3,Madison County                ,5,5,929774,0,0,0,0,0,0,0,0,0,5,5,929774,0,0,0,0,0,0,0,0,0
201208,39,103,2,3,Medina County                 ,31,31,7201621,0,0,0,0,0,0,0,0,0,31,31,7201621,0,0,0,0,0,0,0,0,0
201208,39,117,2,3,Morrow County                 ,6,6,1155600,0,0,0,0,0,0,0,0,0,6,6,1155600,0,0,0,0,0,0,0,0,0
201208,39,129,2,3,Pickaway County               ,1,1,280000,0,0,0,0,0,0,0,0,0,1,1,280000,0,0,0,0,0,0,0,0,0
201208,39,159,2,3,Union County                  ,13,13,2770559,0,0,0,0,0,0,0,0,0,13,13,2770559,0,0,0,0,0,0,0,0,0
201208,39,165,2,3,Warren County                 ,56,56,13307098,0,0,0,1,4,974361,0,0,0,54,54,13024917,0,0,0,1,4,974361,0,0,0
201208,39,169,2,3,Wayne County                  ,14,14,2443736,0,0,0,0,0,0,0,0,0,14,14,2443736,0,0,0,0,0,0,0,0,0
201208,40,017,3,7,Canadian County               ,17,17,3954538,0,0,0,0,0,0,0,0,0,13,13,2978649,0,0,0,0,0,0,0,0,0
201208,40,021,3,7,Cherokee County               ,4,4,414588,0,0,0,0,0,0,1,11,536905,0,0,0,0,0,0,0,0,0,0,0,0
201208,40,027,3,7,Cleveland County              ,74,74,11808965,0,0,0,6,24,1180000,0,0,0,73,73,11627920,0,0,0,6,24,1180000,0,0,0
201208,40,029,3,7,Coal County                   ,0,0,0,0,0,0,0,0,0,0,0,0,0,0,0,0,0,0,0,0,0,0,0,0
201208,40,037,3,7,Creek County                  ,7,7,1029490,0,0,0,0,0,0,0,0,0,7,7,1029490,0,0,0,0,0,0,0,0,0
201208,40,051,3,7,Grady County                  ,7,7,1040000,1,2,160000,3,10,640000,0,0,0,7,7,1040000,1,2,160000,3,10,640000,0,0,0
201208,40,081,3,7,Lincoln County                ,0,0,0,0,0,0,0,0,0,0,0,0,0,0,0,0,0,0,0,0,0,0,0,0
201208,40,083,3,7,Logan County                  ,1,1,169704,0,0,0,0,0,0,0,0,0,0,0,0,0,0,0,0,0,0,0,0,0
201208,40,087,3,7,McClain County                ,22,22,1395300,0,0,0,0,0,0,0,0,0,22,22,1395300,0,0,0,0,0,0,0,0,0
201208,40,099,3,7,Murray County                 ,3,3,437000,0,0,0,0,0,0,0,0,0,3,3,437000,0,0,0,0,0,0,0,0,0
201208,40,109,3,7,Oklahoma County               ,407,407,83985934,1,2,170000,0,0,0,0,0,0,403,403,83220959,1,2,170000,0,0,0,0,0,0
201208,40,111,3,7,Okmulgee County               ,1,1,110000,0,0,0,0,0,0,0,0,0,1,1,110000,0,0,0,0,0,0,0,0,0
201208,40,113,3,7,Osage County                  ,8,8,1089561,0,0,0,1,3,213750,0,0,0,3,3,440000,0,0,0,0,0,0,0,0,0
201208,40,117,3,7,Pawnee County                 ,0,0,0,0,0,0,0,0,0,0,0,0,0,0,0,0,0,0,0,0,0,0,0,0
201208,40,131,3,7,Rogers County                 ,28,28,5297600,0,0,0,0,0,0,0,0,0,28,28,5297600,0,0,0,0,0,0,0,0,0
201208,40,143,3,7,Tulsa County                  ,164,164,35186502,0,0,0,0,0,0,0,0,0,155,155,33079188,0,0,0,0,0,0,0,0,0
201208,40,145,3,7,Wagoner County                ,16,16,3051136,0,0,0,0,0,0,0,0,0,16,16,3051136,0,0,0,0,0,0,0,0,0
201208,41,000,4,9,Oregon Balance of State       ,6,6,1358418,0,0,0,0,0,0,0,0,0,6,6,1358418,0,0,0,0,0,0,0,0,0
201208,41,001,4,9,Baker County                  ,0,0,0,0,0,0,0,0,0,0,0,0,0,0,0,0,0,0,0,0,0,0,0,0
201208,41,005,4,9,Clackamas County              ,130,130,35454341,1,2,298008,0,0,0,11,165,12732164,106,106,29054069,0,0,0,0,0,0,9,117,8023416
201208,41,009,4,9,Columbia County               ,2,2,463529,0,0,0,0,0,0,0,0,0,0,0,0,0,0,0,0,0,0,0,0,0
201208,41,017,4,9,Deschutes County              ,76,76,21627927,0,0,0,0,0,0,0,0,0,76,76,21627927,0,0,0,0,0,0,0,0,0
201208,41,019,4,9,Douglas County                ,16,16,4028156,0,0,0,0,0,0,0,0,0,16,16,4028156,0,0,0,0,0,0,0,0,0
201208,41,025,4,9,Harney County                 ,0,0,0,0,0,0,0,0,0,0,0,0,0,0,0,0,0,0,0,0,0,0,0,0
201208,41,033,4,9,Josephine County              ,19,19,5280725,0,0,0,0,0,0,0,0,0,19,19,5280725,0,0,0,0,0,0,0,0,0
201208,41,035,4,9,Klamath County                ,4,4,969717,0,0,0,0,0,0,0,0,0,4,4,969717,0,0,0,0,0,0,0,0,0
201208,41,045,4,9,Malheur County                ,2,2,288798,0,0,0,0,0,0,0,0,0,1,1,193798,0,0,0,0,0,0,0,0,0
201208,41,051,4,9,Multnomah County              ,73,73,16603722,0,0,0,0,0,0,5,66,13327505,73,73,16603722,0,0,0,0,0,0,5,66,13327505
201208,41,057,4,9,Tillamook County              ,8,8,1975733,0,0,0,0,0,0,0,0,0,8,8,1975733,0,0,0,0,0,0,0,0,0
201208,41,059,4,9,Umatilla County               ,4,4,767680,0,0,0,0,0,0,0,0,0,0,0,0,0,0,0,0,0,0,0,0,0
201208,41,061,4,9,Union County                  ,3,3,843333,0,0,0,0,0,0,0,0,0,3,3,843333,0,0,0,0,0,0,0,0,0
201208,41,067,4,9,Washington County             ,97,97,25633018,0,0,0,0,0,0,1,6,654783,97,97,25633018,0,0,0,0,0,0,1,6,654783
201208,41,071,4,9,Yamhill County                ,16,16,5033200,1,2,187047,0,0,0,0,0,0,15,15,4861651,1,2,187047,0,0,0,0,0,0
201208,42,001,1,2,Adams County                  ,21,21,3895409,0,0,0,0,0,0,0,0,0,21,21,3895409,0,0,0,0,0,0,0,0,0
201208,42,003,1,2,Allegheny County              ,108,108,26050285,3,6,808000,2,7,1216500,0,0,0,59,59,15541011,3,6,808000,1,4,800000,0,0,0
201208,42,005,1,2,Armstrong County              ,4,4,620959,0,0,0,0,0,0,0,0,0,0,0,0,0,0,0,0,0,0,0,0,0
201208,42,007,1,2,Beaver County                 ,24,24,4228933,0,0,0,0,0,0,0,0,0,15,15,2512433,0,0,0,0,0,0,0,0,0
201208,42,017,1,2,Bucks County                  ,37,37,5346962,0,0,0,1,3,465000,0,0,0,30,30,4049500,0,0,0,0,0,0,0,0,0
201208,42,019,1,2,Butler County                 ,50,50,13231331,0,0,0,0,0,0,1,10,1666819,41,41,11396542,0,0,0,0,0,0,1,10,1666819
201208,42,025,1,2,Carbon County                 ,6,6,1075000,0,0,0,0,0,0,0,0,0,6,6,1075000,0,0,0,0,0,0,0,0,0
201208,42,029,1,2,Chester County                ,73,73,13143748,0,0,0,0,0,0,1,5,875000,58,58,9680876,0,0,0,0,0,0,0,0,0
201208,42,045,1,2,Delaware County               ,18,18,3695811,0,0,0,0,0,0,0,0,0,10,10,1893318,0,0,0,0,0,0,0,0,0
201208,42,051,1,2,Fayette County                ,16,16,3451929,0,0,0,0,0,0,0,0,0,3,3,587400,0,0,0,0,0,0,0,0,0
201208,42,055,1,2,Franklin County               ,30,30,4927801,0,0,0,0,0,0,0,0,0,23,23,4096188,0,0,0,0,0,0,0,0,0
201208,42,065,1,2,Jefferson County              ,3,3,385588,0,0,0,0,0,0,0,0,0,3,3,385588,0,0,0,0,0,0,0,0,0
201208,42,077,1,2,Lehigh County                 ,25,25,3850820,1,2,120000,0,0,0,0,0,0,19,19,2780160,1,2,120000,0,0,0,0,0,0
201208,42,091,1,2,Montgomery County             ,63,63,11862811,0,0,0,0,0,0,1,10,973470,52,52,10193522,0,0,0,0,0,0,1,10,973470
201208,42,095,1,2,Northampton County            ,36,36,5415674,1,2,38500,1,4,500000,1,7,805885,21,21,3101369,0,0,0,1,4,500000,0,0,0
201208,42,101,1,2,Philadelphia County           ,48,48,11358668,6,12,796000,4,13,2095410,3,26,2060386,48,48,11358668,6,12,796000,4,13,2095410,3,26,2060386
201208,42,103,1,2,Pike County                   ,9,9,1310658,0,0,0,0,0,0,0,0,0,8,8,1090310,0,0,0,0,0,0,0,0,0
201208,42,125,1,2,Washington County             ,53,53,10301123,0,0,0,0,0,0,1,5,432682,38,38,7046875,0,0,0,0,0,0,0,0,0
201208,42,129,1,2,Westmoreland County           ,29,29,7198799,1,2,400000,0,0,0,0,0,0,14,14,4148781,1,2,400000,0,0,0,0,0,0
201208,44,001,1,1,Bristol County                ,2,2,331000,0,0,0,0,0,0,0,0,0,2,2,331000,0,0,0,0,0,0,0,0,0
201208,44,003,1,1,Kent County                   ,3,3,486963,0,0,0,0,0,0,0,0,0,1,1,74000,0,0,0,0,0,0,0,0,0
201208,44,005,1,1,Newport County                ,5,5,2475278,0,0,0,0,0,0,0,0,0,5,5,2475278,0,0,0,0,0,0,0,0,0
201208,44,007,1,1,Providence County             ,24,24,3858869,0,0,0,0,0,0,0,0,0,21,21,3453682,0,0,0,0,0,0,0,0,0
201208,44,009,1,1,Washington County             ,41,41,7128950,10,20,1917200,0,0,0,0,0,0,32,32,5018080,8,16,1600000,0,0,0,0,0,0
201208,45,003,3,5,Aiken County                  ,62,62,13048727,0,0,0,0,0,0,0,0,0,53,53,12040583,0,0,0,0,0,0,0,0,0
201208,45,009,3,5,Bamberg County                ,3,3,485000,0,0,0,0,0,0,0,0,0,3,3,485000,0,0,0,0,0,0,0,0,0
201208,45,015,3,5,Berkeley County               ,83,83,22171666,0,0,0,0,0,0,1,15,760944,76,76,20187001,0,0,0,0,0,0,0,0,0
201208,45,017,3,5,Calhoun County                ,3,3,454800,0,0,0,0,0,0,0,0,0,3,3,454800,0,0,0,0,0,0,0,0,0
201208,45,019,3,5,Charleston County             ,141,141,35276228,0,0,0,0,0,0,2,32,1603318,63,63,15920762,0,0,0,0,0,0,0,0,0
201208,45,035,3,5,Dorchester County             ,55,55,13443904,0,0,0,0,0,0,0,0,0,55,55,13443904,0,0,0,0,0,0,0,0,0
201208,45,039,3,5,Fairfield County              ,3,3,347993,0,0,0,0,0,0,0,0,0,0,0,0,0,0,0,0,0,0,0,0,0
201208,45,041,3,5,Florence County               ,30,30,3716880,3,6,305813,0,0,0,1,5,300000,0,0,0,0,0,0,0,0,0,0,0,0
201208,45,045,3,5,Greenville County             ,214,214,56304612,0,0,0,0,0,0,0,0,0,203,203,54200211,0,0,0,0,0,0,0,0,0
201208,45,047,3,5,Greenwood County              ,9,9,1231320,0,0,0,0,0,0,0,0,0,9,9,1231320,0,0,0,0,0,0,0,0,0
201208,45,055,3,5,Kershaw County                ,20,20,3388988,0,0,0,0,0,0,0,0,0,19,19,3272632,0,0,0,0,0,0,0,0,0
201208,45,059,3,5,Laurens County                ,5,5,907261,0,0,0,0,0,0,0,0,0,5,5,907261,0,0,0,0,0,0,0,0,0
201208,45,063,3,5,Lexington County              ,124,124,23415839,0,0,0,0,0,0,1,27,2500924,21,21,3197704,0,0,0,0,0,0,0,0,0
201208,45,077,3,5,Pickens County                ,17,17,7394402,0,0,0,0,0,0,1,5,515065,13,13,6309396,0,0,0,0,0,0,0,0,0
201208,45,079,3,5,Richland County               ,103,103,13156567,0,0,0,0,0,0,2,35,1975497,15,15,3096862,0,0,0,0,0,0,0,0,0
201208,45,081,3,5,Saluda County                 ,2,2,295245,0,0,0,0,0,0,0,0,0,2,2,295245,0,0,0,0,0,0,0,0,0
201208,45,085,3,5,Sumter County                 ,18,18,1750584,0,0,0,0,0,0,0,0,0,18,18,1750584,0,0,0,0,0,0,0,0,0
201208,45,091,3,5,York County                   ,107,107,29654845,0,0,0,0,0,0,0,0,0,105,105,29235542,0,0,0,0,0,0,0,0,0
201208,46,005,2,4,Beadle County                 ,4,4,549592,0,0,0,0,0,0,0,0,0,4,4,549592,0,0,0,0,0,0,0,0,0
201208,46,069,2,4,Hyde County                   ,0,0,0,0,0,0,0,0,0,0,0,0,0,0,0,0,0,0,0,0,0,0,0,0
201208,46,121,2,4,Todd County                   ,0,0,0,0,0,0,0,0,0,0,0,0,0,0,0,0,0,0,0,0,0,0,0,0
201208,47,011,3,6,Bradley County                ,24,24,3005625,0,0,0,2,7,462149,0,0,0,18,18,2180250,0,0,0,0,0,0,0,0,0
201208,47,015,3,6,Cannon County                 ,1,1,132889,0,0,0,0,0,0,0,0,0,0,0,0,0,0,0,0,0,0,0,0,0
201208,47,021,3,6,Cheatham County               ,2,2,294809,0,0,0,0,0,0,0,0,0,2,2,294809,0,0,0,0,0,0,0,0,0
201208,47,037,3,6,Davidson County               ,135,135,26788568,0,0,0,0,0,0,2,94,1750000,135,135,26788568,0,0,0,0,0,0,2,94,1750000
201208,47,039,3,6,Decatur County                ,0,0,0,0,0,0,0,0,0,0,0,0,0,0,0,0,0,0,0,0,0,0,0,0
201208,47,043,3,6,Dickson County                ,7,7,1750046,0,0,0,0,0,0,6,48,4189950,7,7,1750046,0,0,0,0,0,0,6,48,4189950
201208,47,047,3,6,Fayette County                ,12,12,2960000,0,0,0,0,0,0,0,0,0,4,4,1410000,0,0,0,0,0,0,0,0,0
201208,47,063,3,6,Hamblen County                ,5,5,822824,0,0,0,0,0,0,0,0,0,1,1,434000,0,0,0,0,0,0,0,0,0
201208,47,071,3,6,Hardin County                 ,1,1,64886,0,0,0,0,0,0,0,0,0,0,0,0,0,0,0,0,0,0,0,0,0
201208,47,081,3,6,Hickman County                ,1,1,115000,0,0,0,0,0,0,0,0,0,1,1,115000,0,0,0,0,0,0,0,0,0
201208,47,091,3,6,Johnson County                ,0,0,0,0,0,0,0,0,0,0,0,0,0,0,0,0,0,0,0,0,0,0,0,0
201208,47,093,3,6,Knox County                   ,81,81,13946167,1,2,286190,0,0,0,0,0,0,81,81,13946167,1,2,286190,0,0,0,0,0,0
201208,47,111,3,6,Macon County                  ,1,1,77900,0,0,0,0,0,0,0,0,0,1,1,77900,0,0,0,0,0,0,0,0,0
201208,47,113,3,6,Madison County                ,18,18,4488409,0,0,0,0,0,0,0,0,0,18,18,4488409,0,0,0,0,0,0,0,0,0
201208,47,125,3,6,Montgomery County             ,117,117,14590575,0,0,0,2,8,426000,0,0,0,117,117,14590575,0,0,0,2,8,426000,0,0,0
201208,47,141,3,6,Putnam County                 ,36,36,4307275,4,8,557000,0,0,0,0,0,0,36,36,4307275,4,8,557000,0,0,0,0,0,0
201208,47,147,3,6,Robertson County              ,10,10,1721027,0,0,0,0,0,0,0,0,0,7,7,1199844,0,0,0,0,0,0,0,0,0
201208,47,149,3,6,Rutherford County             ,136,136,25369896,0,0,0,0,0,0,0,0,0,122,122,23539345,0,0,0,0,0,0,0,0,0
201208,47,157,3,6,Shelby County                 ,86,86,18592482,0,0,0,45,140,9103891,6,70,4310000,86,86,18592482,0,0,0,45,140,9103891,6,70,4310000
201208,47,159,3,6,Smith County                  ,8,8,1582473,0,0,0,0,0,0,0,0,0,8,8,1582473,0,0,0,0,0,0,0,0,0
201208,47,165,3,6,Sumner County                 ,48,48,8466605,0,0,0,0,0,0,0,0,0,27,27,4699000,0,0,0,0,0,0,0,0,0
201208,47,167,3,6,Tipton County                 ,6,6,822844,0,0,0,0,0,0,0,0,0,3,3,412020,0,0,0,0,0,0,0,0,0
201208,47,169,3,6,Trousdale County              ,1,1,80000,0,0,0,0,0,0,0,0,0,1,1,80000,0,0,0,0,0,0,0,0,0
201208,47,179,3,6,Washington County             ,19,19,4749306,0,0,0,0,0,0,0,0,0,19,19,4749306,0,0,0,0,0,0,0,0,0
201208,47,187,3,6,Williamson County             ,85,85,20724688,0,0,0,0,0,0,0,0,0,85,85,20724688,0,0,0,0,0,0,0,0,0
201208,47,189,3,6,Wilson County                 ,73,73,13653036,0,0,0,0,0,0,0,0,0,33,33,5245528,0,0,0,0,0,0,0,0,0
201208,48,013,3,7,Atascosa County               ,4,4,587075,0,0,0,0,0,0,0,0,0,1,1,115000,0,0,0,0,0,0,0,0,0
201208,48,015,3,7,Austin County                 ,2,2,264333,0,0,0,0,0,0,0,0,0,1,1,135000,0,0,0,0,0,0,0,0,0
201208,48,019,3,7,Bandera County                ,0,0,0,0,0,0,0,0,0,0,0,0,0,0,0,0,0,0,0,0,0,0,0,0
201208,48,021,3,7,Bastrop County                ,0,0,0,0,0,0,0,0,0,0,0,0,0,0,0,0,0,0,0,0,0,0,0,0
201208,48,029,3,7,Bexar County                  ,293,293,50284972,0,0,0,1,4,279465,15,364,25906917,87,87,13720033,0,0,0,0,0,0,0,0,0
201208,48,039,3,7,Brazoria County               ,164,164,31067409,0,0,0,0,0,0,0,0,0,164,164,31067409,0,0,0,0,0,0,0,0,0
201208,48,041,3,7,Brazos County                 ,36,36,6256771,0,0,0,0,0,0,2,38,1710847,20,20,3260661,0,0,0,0,0,0,0,0,0
201208,48,055,3,7,Caldwell County               ,1,1,75520,0,0,0,0,0,0,0,0,0,0,0,0,0,0,0,0,0,0,0,0,0
201208,48,063,3,7,Camp County                   ,0,0,0,0,0,0,0,0,0,0,0,0,0,0,0,0,0,0,0,0,0,0,0,0
201208,48,071,3,7,Chambers County               ,37,37,6938280,0,0,0,0,0,0,0,0,0,27,27,5340845,0,0,0,0,0,0,0,0,0
201208,48,085,3,7,Collin County                 ,589,589,169808932,0,0,0,0,0,0,11,839,42900000,578,578,165803043,0,0,0,0,0,0,11,839,42900000
201208,48,091,3,7,Comal County                  ,111,111,21284809,0,0,0,0,0,0,0,0,0,54,54,16747654,0,0,0,0,0,0,0,0,0
201208,48,113,3,7,Dallas County                 ,314,314,85515165,1,2,186750,0,0,0,41,1503,108603811,292,292,72493181,1,2,186750,0,0,0,41,1503,108603811
201208,48,117,3,7,Deaf Smith County             ,0,0,0,0,0,0,0,0,0,0,0,0,0,0,0,0,0,0,0,0,0,0,0,0
201208,48,119,3,7,Delta County                  ,0,0,0,0,0,0,0,0,0,0,0,0,0,0,0,0,0,0,0,0,0,0,0,0
201208,48,121,3,7,Denton County                 ,186,186,55708105,0,0,0,0,0,0,0,0,0,178,178,54170287,0,0,0,0,0,0,0,0,0
201208,48,133,3,7,Eastland County               ,0,0,0,0,0,0,0,0,0,0,0,0,0,0,0,0,0,0,0,0,0,0,0,0
201208,48,135,3,7,Ector County                  ,66,66,13307783,0,0,0,0,0,0,20,200,16000000,66,66,13307783,0,0,0,0,0,0,20,200,16000000
201208,48,139,3,7,Ellis County                  ,47,47,8008218,0,0,0,0,0,0,0,0,0,47,47,8008218,0,0,0,0,0,0,0,0,0
201208,48,157,3,7,Fort Bend County              ,615,615,131706455,0,0,0,0,0,0,0,0,0,596,596,128618086,0,0,0,0,0,0,0,0,0
201208,48,167,3,7,Galveston County              ,150,150,29095583,0,0,0,0,0,0,0,0,0,107,107,22963236,0,0,0,0,0,0,0,0,0
201208,48,187,3,7,Guadalupe County              ,56,56,12298329,0,0,0,0,0,0,0,0,0,56,56,12298329,0,0,0,0,0,0,0,0,0
201208,48,201,3,7,Harris County                 ,1414,1414,295228606,4,8,1248515,0,0,0,49,2355,161436732,1391,1391,285466055,4,8,1248515,0,0,0,49,2355,161436732
201208,48,209,3,7,Hays County                   ,112,112,17173604,0,0,0,0,0,0,17,159,10660853,55,55,8012351,0,0,0,0,0,0,0,0,0
201208,48,215,3,7,Hidalgo County                ,198,198,30830100,3,6,260000,2,7,545000,0,0,0,177,177,29114936,3,6,260000,2,7,545000,0,0,0
201208,48,231,3,7,Hunt County                   ,4,4,507164,0,0,0,0,0,0,0,0,0,3,3,457164,0,0,0,0,0,0,0,0,0
201208,48,233,3,7,Hutchinson County             ,0,0,0,0,0,0,0,0,0,0,0,0,0,0,0,0,0,0,0,0,0,0,0,0
201208,48,251,3,7,Johnson County                ,57,57,10369040,0,0,0,0,0,0,0,0,0,38,38,7179314,0,0,0,0,0,0,0,0,0
201208,48,257,3,7,Kaufman County                ,22,22,4501960,0,0,0,0,0,0,0,0,0,22,22,4501960,0,0,0,0,0,0,0,0,0
201208,48,259,3,7,Kendall County                ,25,25,6316354,0,0,0,0,0,0,0,0,0,15,15,4176750,0,0,0,0,0,0,0,0,0
201208,48,271,3,7,Kinney County                 ,0,0,0,0,0,0,0,0,0,0,0,0,0,0,0,0,0,0,0,0,0,0,0,0
201208,48,291,3,7,Liberty County                ,24,24,2941482,0,0,0,0,0,0,0,0,0,15,15,2371107,0,0,0,0,0,0,0,0,0
201208,48,307,3,7,McCulloch County              ,0,0,0,0,0,0,0,0,0,0,0,0,0,0,0,0,0,0,0,0,0,0,0,0
201208,48,323,3,7,Maverick County               ,4,4,253997,0,0,0,0,0,0,0,0,0,4,4,253997,0,0,0,0,0,0,0,0,0
201208,48,325,3,7,Medina County                 ,0,0,0,0,0,0,0,0,0,0,0,0,0,0,0,0,0,0,0,0,0,0,0,0
201208,48,329,3,7,Midland County                ,52,52,9386340,0,0,0,0,0,0,0,0,0,52,52,9386340,0,0,0,0,0,0,0,0,0
201208,48,339,3,7,Montgomery County             ,309,309,63973117,0,0,0,0,0,0,0,0,0,304,304,63286037,0,0,0,0,0,0,0,0,0
201208,48,353,3,7,Nolan County                  ,1,1,45000,0,0,0,0,0,0,0,0,0,1,1,45000,0,0,0,0,0,0,0,0,0
201208,48,359,3,7,Oldham County                 ,0,0,0,0,0,0,0,0,0,0,0,0,0,0,0,0,0,0,0,0,0,0,0,0
201208,48,367,3,7,Parker County                 ,20,20,3869347,0,0,0,0,0,0,0,0,0,19,19,3730802,0,0,0,0,0,0,0,0,0
201208,48,375,3,7,Potter County                 ,42,42,10653706,0,0,0,0,0,0,0,0,0,42,42,10653706,0,0,0,0,0,0,0,0,0
201208,48,383,3,7,Reagan County                 ,1,1,143750,0,0,0,0,0,0,0,0,0,0,0,0,0,0,0,0,0,0,0,0,0
201208,48,385,3,7,Real County                   ,0,0,0,0,0,0,0,0,0,0,0,0,0,0,0,0,0,0,0,0,0,0,0,0
201208,48,397,3,7,Rockwall County               ,62,62,14912241,0,0,0,0,0,0,0,0,0,55,55,14122820,0,0,0,0,0,0,0,0,0
201208,48,407,3,7,San Jacinto County            ,0,0,122000,0,0,0,0,0,0,0,0,0,0,0,122000,0,0,0,0,0,0,0,0,0
201208,48,435,3,7,Sutton County                 ,0,0,0,0,0,0,0,0,0,0,0,0,0,0,0,0,0,0,0,0,0,0,0,0
201208,48,437,3,7,Swisher County                ,0,0,0,0,0,0,0,0,0,0,0,0,0,0,0,0,0,0,0,0,0,0,0,0
201208,48,439,3,7,Tarrant County                ,482,482,112839655,0,0,0,0,0,0,3,247,17902066,455,455,101355636,0,0,0,0,0,0,3,247,17902066
201208,48,451,3,7,Tom Green County              ,19,19,2927391,0,0,0,0,0,0,0,0,0,19,19,2927391,0,0,0,0,0,0,0,0,0
201208,48,453,3,7,Travis County                 ,399,399,77137336,13,26,2330528,3,9,1507440,11,248,13133804,380,380,73633578,13,26,2330528,3,9,1507440,11,248,13133804
201208,48,463,3,7,Uvalde County                 ,2,2,109000,0,0,0,0,0,0,2,32,1182756,2,2,109000,0,0,0,0,0,0,2,32,1182756
201208,48,469,3,7,Victoria County               ,5,5,818800,0,0,0,0,0,0,0,0,0,5,5,818800,0,0,0,0,0,0,0,0,0
201208,48,471,3,7,Walker County                 ,14,14,1985823,0,0,0,0,0,0,0,0,0,14,14,1985823,0,0,0,0,0,0,0,0,0
201208,48,473,3,7,Waller County                 ,0,0,0,0,0,0,0,0,0,1,5,110903,0,0,0,0,0,0,0,0,0,0,0,0
201208,48,479,3,7,Webb County                   ,75,75,11002600,1,2,189166,1,3,154107,2,41,2882447,0,0,0,0,0,0,0,0,0,0,0,0
201208,48,491,3,7,Williamson County             ,277,277,54712025,0,0,0,0,0,0,0,0,0,251,251,52065356,0,0,0,0,0,0,0,0,0
201208,48,493,3,7,Wilson County                 ,2,2,237165,0,0,0,0,0,0,1,5,240000,0,0,0,0,0,0,0,0,0,0,0,0
201208,48,497,3,7,Wise County                   ,2,2,250000,0,0,0,0,0,0,0,0,0,2,2,250000,0,0,0,0,0,0,0,0,0
201208,49,009,4,8,Daggett County                ,2,2,333066,0,0,0,0,0,0,0,0,0,1,1,245439,0,0,0,0,0,0,0,0,0
201208,49,019,4,8,Grand County                  ,8,8,2299104,0,0,0,1,4,286096,0,0,0,8,8,2299104,0,0,0,1,4,286096,0,0,0
201208,49,021,4,8,Iron County                   ,6,6,1016720,0,0,0,0,0,0,0,0,0,3,3,369651,0,0,0,0,0,0,0,0,0
201208,49,033,4,8,Rich County                   ,1,1,199000,0,0,0,0,0,0,0,0,0,1,1,199000,0,0,0,0,0,0,0,0,0
201208,49,035,4,8,Salt Lake County              ,262,262,56445047,0,0,0,0,0,0,5,58,4837485,215,215,47600048,0,0,0,0,0,0,0,0,0
201208,49,039,4,8,Sanpete County                ,4,4,439192,0,0,0,0,0,0,0,0,0,4,4,439192,0,0,0,0,0,0,0,0,0
201208,49,043,4,8,Summit County                 ,19,19,8474589,0,0,0,0,0,0,0,0,0,9,9,3448766,0,0,0,0,0,0,0,0,0
201208,49,045,4,8,Tooele County                 ,25,25,3501169,0,0,0,0,0,0,0,0,0,25,25,3501169,0,0,0,0,0,0,0,0,0
201208,49,051,4,8,Wasatch County                ,21,21,6559453,0,0,0,0,0,0,0,0,0,21,21,6559453,0,0,0,0,0,0,0,0,0
201208,51,003,3,5,Albemarle County              ,25,25,7011771,0,0,0,0,0,0,0,0,0,25,25,7011771,0,0,0,0,0,0,0,0,0
201208,51,007,3,5,Amelia County                 ,1,1,139320,0,0,0,0,0,0,0,0,0,1,1,139320,0,0,0,0,0,0,0,0,0
201208,51,013,3,5,Arlington County              ,13,13,4708000,0,0,0,0,0,0,0,0,0,13,13,4708000,0,0,0,0,0,0,0,0,0
201208,51,015,3,5,Augusta County                ,15,15,2001250,0,0,0,0,0,0,0,0,0,15,15,2001250,0,0,0,0,0,0,0,0,0
201208,51,019,3,5,Bedford County                ,16,16,3608500,0,0,0,0,0,0,0,0,0,16,16,3608500,0,0,0,0,0,0,0,0,0
201208,51,023,3,5,Botetourt County              ,5,5,1329000,0,0,0,0,0,0,0,0,0,5,5,1329000,0,0,0,0,0,0,0,0,0
201208,51,031,3,5,Campbell County               ,12,12,2380000,0,0,0,0,0,0,0,0,0,12,12,2380000,0,0,0,0,0,0,0,0,0
201208,51,033,3,5,Caroline County               ,12,12,2113000,0,0,0,0,0,0,0,0,0,12,12,2113000,0,0,0,0,0,0,0,0,0
201208,51,036,3,5,Charles City County           ,3,3,437384,0,0,0,0,0,0,0,0,0,0,0,0,0,0,0,0,0,0,0,0,0
201208,51,037,3,5,Charlotte County              ,0,0,0,0,0,0,0,0,0,0,0,0,0,0,0,0,0,0,0,0,0,0,0,0
201208,51,041,3,5,Chesterfield County           ,65,65,12857591,0,0,0,0,0,0,1,6,540000,65,65,12857591,0,0,0,0,0,0,1,6,540000
201208,51,043,3,5,Clarke County                 ,0,0,0,0,0,0,0,0,0,0,0,0,0,0,0,0,0,0,0,0,0,0,0,0
201208,51,047,3,5,Culpeper County               ,15,15,2488740,0,0,0,0,0,0,0,0,0,15,15,2488740,0,0,0,0,0,0,0,0,0
201208,51,049,3,5,Cumberland County             ,1,1,100000,0,0,0,0,0,0,0,0,0,1,1,100000,0,0,0,0,0,0,0,0,0
201208,51,053,3,5,Dinwiddie County              ,7,7,1194613,0,0,0,0,0,0,0,0,0,0,0,0,0,0,0,0,0,0,0,0,0
201208,51,059,3,5,Fairfax County                ,61,61,12066355,0,0,0,0,0,0,0,0,0,61,61,12066355,0,0,0,0,0,0,0,0,0
201208,51,061,3,5,Fauquier County               ,11,11,2167607,0,0,0,0,0,0,0,0,0,8,8,1692107,0,0,0,0,0,0,0,0,0
201208,51,065,3,5,Fluvanna County               ,8,8,1213024,0,0,0,0,0,0,0,0,0,8,8,1213024,0,0,0,0,0,0,0,0,0
201208,51,067,3,5,Franklin County               ,5,5,1250800,0,0,0,0,0,0,0,0,0,5,5,1250800,0,0,0,0,0,0,0,0,0
201208,51,069,3,5,Frederick County              ,31,31,5727386,0,0,0,0,0,0,0,0,0,31,31,5727386,0,0,0,0,0,0,0,0,0
201208,51,073,3,5,Gloucester County             ,14,14,2018584,0,0,0,0,0,0,0,0,0,14,14,2018584,0,0,0,0,0,0,0,0,0
201208,51,075,3,5,Goochland County              ,10,10,2294877,0,0,0,0,0,0,0,0,0,10,10,2294877,0,0,0,0,0,0,0,0,0
201208,51,079,3,5,Greene County                 ,7,7,782135,0,0,0,0,0,0,0,0,0,7,7,782135,0,0,0,0,0,0,0,0,0
201208,51,085,3,5,Hanover County                ,45,45,8007798,0,0,0,0,0,0,0,0,0,45,45,8007798,0,0,0,0,0,0,0,0,0
201208,51,087,3,5,Henrico County                ,59,59,11670737,0,0,0,0,0,0,0,0,0,59,59,11670737,0,0,0,0,0,0,0,0,0
201208,51,093,3,5,Isle of Wight County          ,12,12,2305770,0,0,0,0,0,0,0,0,0,12,12,2305770,0,0,0,0,0,0,0,0,0
201208,51,095,3,5,James City County             ,31,31,6589505,0,0,0,3,11,993150,2,10,1090008,31,31,6589505,0,0,0,3,11,993150,2,10,1090008
201208,51,097,3,5,King and Queen County         ,2,2,277000,0,0,0,0,0,0,0,0,0,2,2,277000,0,0,0,0,0,0,0,0,0
201208,51,099,3,5,King George County            ,7,7,1384664,0,0,0,0,0,0,0,0,0,7,7,1384664,0,0,0,0,0,0,0,0,0
201208,51,101,3,5,King William County           ,2,2,170000,0,0,0,0,0,0,0,0,0,2,2,170000,0,0,0,0,0,0,0,0,0
201208,51,107,3,5,Loudoun County                ,322,322,63694528,0,0,0,0,0,0,3,32,298000,322,322,63694528,0,0,0,0,0,0,3,32,298000
201208,51,109,3,5,Louisa County                 ,16,16,3298685,0,0,0,0,0,0,0,0,0,16,16,3298685,0,0,0,0,0,0,0,0,0
201208,51,115,3,5,Mathews County                ,1,1,160000,0,0,0,0,0,0,0,0,0,1,1,160000,0,0,0,0,0,0,0,0,0
201208,51,119,3,5,Middlesex County              ,4,4,1260000,0,0,0,0,0,0,0,0,0,4,4,1260000,0,0,0,0,0,0,0,0,0
201208,51,127,3,5,New Kent County               ,19,19,3758373,0,0,0,0,0,0,0,0,0,19,19,3758373,0,0,0,0,0,0,0,0,0
201208,51,137,3,5,Orange County                 ,12,12,2387945,0,0,0,0,0,0,0,0,0,12,12,2387945,0,0,0,0,0,0,0,0,0
201208,51,143,3,5,Pittsylvania County           ,15,15,2194249,0,0,0,0,0,0,0,0,0,0,0,0,0,0,0,0,0,0,0,0,0
201208,51,145,3,5,Powhatan County               ,7,7,2293000,0,0,0,0,0,0,0,0,0,7,7,2293000,0,0,0,0,0,0,0,0,0
201208,51,149,3,5,Prince George County          ,7,7,1002000,0,0,0,0,0,0,0,0,0,7,7,1002000,0,0,0,0,0,0,0,0,0
201208,51,153,3,5,Prince William County         ,143,143,24659925,0,0,0,0,0,0,3,43,2073594,0,0,0,0,0,0,0,0,0,0,0,0
201208,51,157,3,5,Rappahannock County           ,2,2,857100,0,0,0,0,0,0,0,0,0,0,0,0,0,0,0,0,0,0,0,0,0
201208,51,161,3,5,Roanoke County                ,13,13,2546010,0,0,0,0,0,0,0,0,0,13,13,2546010,0,0,0,0,0,0,0,0,0
201208,51,163,3,5,Rockbridge County             ,3,3,547175,0,0,0,0,0,0,0,0,0,3,3,547175,0,0,0,0,0,0,0,0,0
201208,51,165,3,5,Rockingham County             ,24,24,3884600,0,0,0,0,0,0,0,0,0,24,24,3884600,0,0,0,0,0,0,0,0,0
201208,51,169,3,5,Scott County                  ,3,3,288000,0,0,0,0,0,0,0,0,0,0,0,0,0,0,0,0,0,0,0,0,0
201208,51,171,3,5,Shenandoah County             ,7,7,1026800,0,0,0,0,0,0,0,0,0,7,7,1026800,0,0,0,0,0,0,0,0,0
201208,51,177,3,5,Spotsylvania County           ,28,28,7574082,0,0,0,0,0,0,0,0,0,0,0,0,0,0,0,0,0,0,0,0,0
201208,51,179,3,5,Stafford County               ,76,76,15837629,0,0,0,0,0,0,0,0,0,76,76,15837629,0,0,0,0,0,0,0,0,0
201208,51,181,3,5,Surry County                  ,3,3,412040,0,0,0,0,0,0,0,0,0,3,3,412040,0,0,0,0,0,0,0,0,0
201208,51,183,3,5,Sussex County                 ,4,4,328100,0,0,0,0,0,0,0,0,0,4,4,328100,0,0,0,0,0,0,0,0,0
201208,51,187,3,5,Warren County                 ,10,10,2044000,0,0,0,0,0,0,0,0,0,10,10,2044000,0,0,0,0,0,0,0,0,0
201208,51,199,3,5,York County                   ,15,15,2967136,0,0,0,0,0,0,0,0,0,15,15,2967136,0,0,0,0,0,0,0,0,0
201208,51,510,3,5,Alexandria (Independent City) ,12,12,2770417,0,0,0,0,0,0,1,94,14142331,0,0,0,0,0,0,0,0,0,0,0,0
201208,51,530,3,5,Buena Vista (Independent City),0,0,0,0,0,0,0,0,0,0,0,0,0,0,0,0,0,0,0,0,0,0,0,0
201208,51,550,3,5,Chesapeake(Independent City)  ,75,75,19664400,0,0,0,0,0,0,0,0,0,75,75,19664400,0,0,0,0,0,0,0,0,0
201208,51,570,3,5,Colonial Heights (Independent ,1,1,197809,0,0,0,0,0,0,0,0,0,1,1,197809,0,0,0,0,0,0,0,0,0
201208,51,580,3,5,Covington (Independent City)  ,0,0,0,0,0,0,0,0,0,0,0,0,0,0,0,0,0,0,0,0,0,0,0,0
201208,51,600,3,5,Fairfax (Independent City)    ,9,9,1515000,0,0,0,0,0,0,0,0,0,9,9,1515000,0,0,0,0,0,0,0,0,0
201208,51,610,3,5,Falls Church (Independent City,3,3,1288000,0,0,0,0,0,0,0,0,0,3,3,1288000,0,0,0,0,0,0,0,0,0
201208,51,630,3,5,Fredericksburg(Independent Cit,13,13,2326454,0,0,0,0,0,0,1,44,1083869,0,0,0,0,0,0,0,0,0,0,0,0
201208,51,650,3,5,Hampton (Independent City)    ,19,19,2847039,0,0,0,0,0,0,4,40,1385498,0,0,0,0,0,0,0,0,0,0,0,0
201208,51,660,3,5,Harrisonburg (Independent City,3,3,451034,0,0,0,0,0,0,0,0,0,0,0,0,0,0,0,0,0,0,0,0,0
201208,51,670,3,5,Hopewell (Independent City)   ,8,8,766697,0,0,0,0,0,0,0,0,0,8,8,766697,0,0,0,0,0,0,0,0,0
201208,51,680,3,5,Lynchburg (Independent City)  ,14,14,2641660,0,0,0,0,0,0,0,0,0,14,14,2641660,0,0,0,0,0,0,0,0,0
201208,51,683,3,5,Manassas (Independent City)   ,12,12,1800000,0,0,0,0,0,0,0,0,0,0,0,0,0,0,0,0,0,0,0,0,0
201208,51,685,3,5,Manassas Park (Independent Cit,0,0,0,0,0,0,0,0,0,0,0,0,0,0,0,0,0,0,0,0,0,0,0,0
201208,51,700,3,5,Newport News (Independent City,6,6,488222,0,0,0,0,0,0,0,0,0,6,6,488222,0,0,0,0,0,0,0,0,0
201208,51,710,3,5,Norfolk (Independent City)    ,18,18,3560564,1,2,184162,0,0,0,0,0,0,18,18,3560564,1,2,184162,0,0,0,0,0,0
201208,51,730,3,5,Petersburg (Independent City) ,1,1,117913,0,0,0,0,0,0,0,0,0,0,0,0,0,0,0,0,0,0,0,0,0
201208,51,735,3,5,Poquoson (Independent City)   ,2,2,270000,0,0,0,0,0,0,0,0,0,2,2,270000,0,0,0,0,0,0,0,0,0
201208,51,740,3,5,Portsmouth (Independent City) ,2,2,395618,0,0,0,0,0,0,0,0,0,2,2,395618,0,0,0,0,0,0,0,0,0
201208,51,760,3,5,Richmond (Independent City)   ,26,26,3865291,6,12,811868,0,0,0,0,0,0,26,26,3865291,6,12,811868,0,0,0,0,0,0
201208,51,770,3,5,Roanoke (Independent City)    ,4,4,587226,0,0,0,0,0,0,0,0,0,4,4,587226,0,0,0,0,0,0,0,0,0
201208,51,800,3,5,Suffolk (Independent City)    ,46,46,9099218,0,0,0,0,0,0,0,0,0,46,46,9099218,0,0,0,0,0,0,0,0,0
201208,51,810,3,5,Virginia Beach (Independent Ci,48,48,8197719,0,0,0,0,0,0,19,228,11762273,48,48,8197719,0,0,0,0,0,0,19,228,11762273
201208,51,830,3,5,Williamsburg (Independent City,0,0,0,0,0,0,0,0,0,0,0,0,0,0,0,0,0,0,0,0,0,0,0,0
201208,53,011,4,9,Clark County                  ,139,139,28716086,0,0,0,0,0,0,3,30,2228691,136,136,28144608,0,0,0,0,0,0,3,30,2228691
201208,53,033,4,9,King County                   ,365,365,110358864,20,40,7076666,8,28,5044701,13,782,112629418,343,343,103799710,20,40,7076666,8,28,5044701,10,763,110776571
201208,53,041,4,9,Lewis County                  ,10,10,1620679,0,0,0,0,0,0,1,5,417864,10,10,1620679,0,0,0,0,0,0,0,0,0
201208,53,053,4,9,Pierce County                 ,224,224,54941159,0,0,0,1,3,296097,3,51,8855370,223,223,54568981,0,0,0,1,3,296097,3,51,8855370
201208,53,059,4,9,Skamania County               ,6,6,1096855,0,0,0,0,0,0,0,0,0,6,6,1096855,0,0,0,0,0,0,0,0,0
201208,53,061,4,9,Snohomish County              ,235,235,60053933,4,8,1498208,0,0,0,2,145,21428411,232,232,59445970,4,8,1498208,0,0,0,2,145,21428411
201208,54,037,3,5,Jefferson County              ,13,13,1342590,0,0,0,0,0,0,0,0,0,13,13,1342590,0,0,0,0,0,0,0,0,0
201208,55,021,2,3,Columbia County               ,3,3,940000,0,0,0,0,0,0,0,0,0,2,2,340000,0,0,0,0,0,0,0,0,0
201208,55,025,2,3,Dane County                   ,91,91,22884604,4,8,1076875,3,11,857507,4,60,5723633,58,58,16317643,2,4,515000,2,8,583328,0,0,0
201208,55,031,2,3,Douglas County                ,11,11,1014650,0,0,0,0,0,0,0,0,0,11,11,1014650,0,0,0,0,0,0,0,0,0
201208,55,037,2,3,Florence County               ,3,3,458851,0,0,0,0,0,0,0,0,0,0,0,0,0,0,0,0,0,0,0,0,0
201208,55,049,2,3,Iowa County                   ,7,7,769000,0,0,0,0,0,0,0,0,0,7,7,769000,0,0,0,0,0,0,0,0,0
201208,55,059,2,3,Kenosha County                ,14,14,2529150,0,0,0,1,3,300000,0,0,0,14,14,2529150,0,0,0,1,3,300000,0,0,0
201208,55,079,2,3,Milwaukee County              ,22,22,4093154,5,10,625000,7,25,2999048,3,86,8576035,21,21,3898822,5,10,625000,7,25,2999048,3,86,8576035
201208,55,089,2,3,Ozaukee County                ,16,16,5383196,0,0,0,0,0,0,0,0,0,9,9,2356156,0,0,0,0,0,0,0,0,0
201208,55,093,2,3,Pierce County                 ,7,7,1142000,0,0,0,0,0,0,0,0,0,6,6,947000,0,0,0,0,0,0,0,0,0
201208,55,109,2,3,St. Croix County              ,10,10,2393211,3,6,680000,0,0,0,0,0,0,7,7,1752950,3,6,680000,0,0,0,0,0,0
201208,55,113,2,3,Sawyer County                 ,9,9,1298360,0,0,0,0,0,0,0,0,0,9,9,1298360,0,0,0,0,0,0,0,0,0
201208,55,131,2,3,Washington County             ,21,21,3965318,1,2,395000,0,0,0,0,0,0,17,17,3087730,1,2,395000,0,0,0,0,0,0
201208,55,133,2,3,Waukesha County               ,51,51,16430011,0,0,0,0,0,0,0,0,0,47,47,14911649,0,0,0,0,0,0,0,0,0
201208,56,019,4,8,Johnson County                ,1,1,199000,0,0,0,0,0,0,0,0,0,1,1,199000,0,0,0,0,0,0,0,0,0
201208,56,039,4,8,Teton County                  ,18,18,17893806,0,0,0,0,0,0,0,0,0,14,14,17033000,0,0,0,0,0,0,0,0,0
