Survey,FIPS,FIPS,Region,Division,County,,1-unit,,,2-units,,,3-4 units,,,5+ units,,,1-unit rep,,,2-units rep,,,3-4 units rep,,, 5+units rep
Date,State,County,Code,Code,Name,Bldgs,Units,Value,Bldgs,Units,Value,Bldgs,Units,Value,Bldgs,Units,Value,Bldgs,Units,Value,Bldgs,Units,Value,Bldgs,Units,Value,Bldgs,Units,Value
 
201303,01,001,3,6,Autauga County                ,12,12,2835783,0,0,0,0,0,0,0,0,0,12,12,2835783,0,0,0,0,0,0,0,0,0
201303,01,007,3,6,Bibb County                   ,1,1,171784,0,0,0,0,0,0,0,0,0,0,0,0,0,0,0,0,0,0,0,0,0
201303,01,009,3,6,Blount County                 ,0,0,0,0,0,0,0,0,0,0,0,0,0,0,0,0,0,0,0,0,0,0,0,0
201303,01,021,3,6,Chilton County                ,1,1,133261,0,0,0,0,0,0,0,0,0,0,0,0,0,0,0,0,0,0,0,0,0
201303,01,037,3,6,Coosa County                  ,0,0,0,0,0,0,0,0,0,0,0,0,0,0,0,0,0,0,0,0,0,0,0,0
201303,01,073,3,6,Jefferson County              ,119,119,29252880,0,0,0,0,0,0,1,6,300000,115,115,28660369,0,0,0,0,0,0,0,0,0
201303,01,081,3,6,Lee County                    ,53,53,14361409,0,0,0,0,0,0,0,0,0,53,53,14361409,0,0,0,0,0,0,0,0,0
201303,01,115,3,6,St. Clair County              ,7,7,785143,0,0,0,0,0,0,0,0,0,7,7,785143,0,0,0,0,0,0,0,0,0
201303,01,117,3,6,Shelby County                 ,65,65,13558108,0,0,0,0,0,0,0,0,0,37,37,7985008,0,0,0,0,0,0,0,0,0
201303,01,127,3,6,Walker County                 ,2,2,202800,0,0,0,0,0,0,0,0,0,2,2,202800,0,0,0,0,0,0,0,0,0
201303,02,000,4,9,Alaska Balance of State       ,5,5,1219327,0,0,0,0,0,0,0,0,0,0,0,0,0,0,0,0,0,0,0,0,0
201303,02,013,4,9,Aleutians East Borough        ,0,0,0,0,0,0,0,0,0,0,0,0,0,0,0,0,0,0,0,0,0,0,0,0
201303,02,016,4,9,Aleutians West Census Area    ,0,0,0,0,0,0,0,0,0,0,0,0,0,0,0,0,0,0,0,0,0,0,0,0
201303,02,020,4,9,Anchorage Borough             ,41,41,11091643,0,0,0,0,0,0,2,13,2254723,41,41,11091643,0,0,0,0,0,0,2,13,2254723
201303,02,020,4,9,Anchorage Municipality        ,41,41,11091643,0,0,0,0,0,0,2,13,2254723,41,41,11091643,0,0,0,0,0,0,2,13,2254723
201303,02,050,4,9,Bethel Census Area            ,0,0,0,0,0,0,0,0,0,0,0,0,0,0,0,0,0,0,0,0,0,0,0,0
201303,02,060,4,9,Bristol Bay Borough           ,0,0,0,0,0,0,0,0,0,0,0,0,0,0,0,0,0,0,0,0,0,0,0,0
201303,02,090,4,9,Fairbanks North Star Borough  ,5,5,918847,0,0,0,0,0,0,0,0,0,0,0,0,0,0,0,0,0,0,0,0,0
201303,02,100,4,9,Haines Borough                ,1,1,245439,0,0,0,0,0,0,0,0,0,1,1,245439,0,0,0,0,0,0,0,0,0
201303,02,105,4,9,Hoonah-Angoon Census Area     ,0,0,0,0,0,0,0,0,0,0,0,0,0,0,0,0,0,0,0,0,0,0,0,0
201303,02,110,4,9,Juneau Borough                ,2,2,335784,0,0,0,0,0,0,0,0,0,2,2,335784,0,0,0,0,0,0,0,0,0
201303,02,110,4,9,Juneau City and Borough       ,2,2,335784,0,0,0,0,0,0,0,0,0,2,2,335784,0,0,0,0,0,0,0,0,0
201303,02,122,4,9,Kenai Peninsula Borough       ,3,3,636600,0,0,0,0,0,0,0,0,0,3,3,636600,0,0,0,0,0,0,0,0,0
201303,02,130,4,9,Ketchikan Gateway Borough     ,3,3,675444,1,2,261624,1,3,263303,0,0,0,3,3,675444,1,2,261624,1,3,263303,0,0,0
201303,02,150,4,9,Kodiak Island Borough         ,1,1,46507,0,0,0,0,0,0,0,0,0,1,1,46507,0,0,0,0,0,0,0,0,0
201303,02,170,4,9,Matanuska-Susitna Borough     ,6,6,1265591,0,0,0,0,0,0,0,0,0,0,0,0,0,0,0,0,0,0,0,0,0
201303,02,180,4,9,Nome Census Area              ,1,1,173892,0,0,0,0,0,0,0,0,0,1,1,173892,0,0,0,0,0,0,0,0,0
201303,02,185,4,9,North Slope Borough           ,3,3,675444,0,0,0,0,0,0,0,0,0,3,3,675444,0,0,0,0,0,0,0,0,0
201303,02,188,4,9,Northwest Arctic Borough      ,1,1,300000,0,0,0,0,0,0,0,0,0,0,0,0,0,0,0,0,0,0,0,0,0
201303,02,195,4,9,Petersburg Census Area        ,1,1,130000,0,0,0,0,0,0,0,0,0,1,1,130000,0,0,0,0,0,0,0,0,0
201303,02,198,4,9,Prince of Wales-Hyder Census A,0,0,0,0,0,0,0,0,0,0,0,0,0,0,0,0,0,0,0,0,0,0,0,0
201303,02,220,4,9,Sitka Borough                 ,1,1,196910,0,0,0,0,0,0,0,0,0,0,0,0,0,0,0,0,0,0,0,0,0
201303,02,220,4,9,Sitka City and Borough        ,1,1,196910,0,0,0,0,0,0,0,0,0,0,0,0,0,0,0,0,0,0,0,0,0
201303,02,230,4,9,Skagway Municipality          ,0,0,0,1,2,45000,0,0,0,0,0,0,0,0,0,1,2,45000,0,0,0,0,0,0
201303,02,261,4,9,Valdez-Cordova Census Area    ,1,1,180000,0,0,0,0,0,0,0,0,0,1,1,180000,0,0,0,0,0,0,0,0,0
201303,02,275,4,9,Wrangell City and Borough     ,1,1,130000,0,0,0,0,0,0,0,0,0,0,0,0,0,0,0,0,0,0,0,0,0
201303,02,282,4,9,Yakutat Borough               ,0,0,0,0,0,0,0,0,0,0,0,0,0,0,0,0,0,0,0,0,0,0,0,0
201303,02,282,4,9,Yakutat City and Borough      ,0,0,0,0,0,0,0,0,0,0,0,0,0,0,0,0,0,0,0,0,0,0,0,0
201303,02,290,4,9,Yukon-Koyukuk Census Area     ,0,0,0,0,0,0,0,0,0,0,0,0,0,0,0,0,0,0,0,0,0,0,0,0
201303,04,013,4,8,Maricopa County               ,997,997,277144425,0,0,0,11,34,3255563,8,48,7936546,991,991,275645064,0,0,0,11,34,3255563,8,48,7936546
201303,04,019,4,8,Pima County                   ,224,224,58203701,2,4,177525,1,3,298616,7,96,11274777,28,28,9017138,0,0,0,0,0,0,0,0,0
201303,04,021,4,8,Pinal County                  ,223,223,29087211,0,0,0,0,0,0,0,0,0,195,195,24982285,0,0,0,0,0,0,0,0,0
201303,05,023,3,7,Cleburne County               ,2,2,508000,0,0,0,0,0,0,0,0,0,2,2,508000,0,0,0,0,0,0,0,0,0
201303,05,025,3,7,Cleveland County              ,0,0,0,0,0,0,0,0,0,0,0,0,0,0,0,0,0,0,0,0,0,0,0,0
201303,05,027,3,7,Columbia County               ,0,0,0,0,0,0,0,0,0,0,0,0,0,0,0,0,0,0,0,0,0,0,0,0
201303,05,035,3,7,Crittenden County             ,4,4,680000,0,0,0,0,0,0,0,0,0,4,4,680000,0,0,0,0,0,0,0,0,0
201303,05,059,3,7,Hot Spring County             ,0,0,0,0,0,0,0,0,0,0,0,0,0,0,0,0,0,0,0,0,0,0,0,0
201303,05,061,3,7,Howard County                 ,2,2,155000,0,0,0,0,0,0,0,0,0,2,2,155000,0,0,0,0,0,0,0,0,0
201303,05,099,3,7,Nevada County                 ,0,0,0,0,0,0,0,0,0,0,0,0,0,0,0,0,0,0,0,0,0,0,0,0
201303,06,001,4,9,Alameda County                ,105,105,30988233,1,2,490760,0,0,0,3,42,5406684,80,80,23913686,1,2,490760,0,0,0,0,0,0
201303,06,003,4,9,Alpine County                 ,0,0,0,0,0,0,0,0,0,0,0,0,0,0,0,0,0,0,0,0,0,0,0,0
201303,06,009,4,9,Calaveras County              ,4,4,767278,0,0,0,0,0,0,0,0,0,4,4,767278,0,0,0,0,0,0,0,0,0
201303,06,013,4,9,Contra Costa County           ,169,169,43522955,0,0,0,1,4,466759,2,10,906010,165,165,42662790,0,0,0,1,4,466759,0,0,0
201303,06,017,4,9,El Dorado County              ,6,6,3420194,0,0,0,0,0,0,0,0,0,6,6,3420194,0,0,0,0,0,0,0,0,0
201303,06,037,4,9,Los Angeles County            ,280,280,118384640,22,44,7923575,1,3,615091,27,520,66391716,249,249,103259454,21,42,7206935,1,3,615091,24,505,65339037
201303,06,041,4,9,Marin County                  ,13,13,7124279,0,0,0,0,0,0,2,10,985506,2,2,1419900,0,0,0,0,0,0,0,0,0
201303,06,045,4,9,Mendocino County              ,5,5,538710,0,0,0,0,0,0,0,0,0,5,5,538710,0,0,0,0,0,0,0,0,0
201303,06,049,4,9,Modoc County                  ,0,0,0,0,0,0,0,0,0,0,0,0,0,0,0,0,0,0,0,0,0,0,0,0
201303,06,051,4,9,Mono County                   ,0,0,0,0,0,0,0,0,0,0,0,0,0,0,0,0,0,0,0,0,0,0,0,0
201303,06,059,4,9,Orange County                 ,230,230,68697902,1,2,687463,15,48,10494699,40,395,54397437,193,193,54436595,0,0,0,14,45,10199867,36,375,51934111
201303,06,061,4,9,Placer County                 ,134,134,32283176,0,0,0,0,0,0,0,0,0,132,132,31761240,0,0,0,0,0,0,0,0,0
201303,06,063,4,9,Plumas County                 ,2,2,288449,0,0,0,0,0,0,0,0,0,2,2,288449,0,0,0,0,0,0,0,0,0
201303,06,065,4,9,Riverside County              ,311,311,72701182,0,0,0,0,0,0,1,13,946512,285,285,68524553,0,0,0,0,0,0,0,0,0
201303,06,067,4,9,Sacramento County             ,146,146,44687659,2,4,288146,0,0,0,0,0,0,144,144,44194906,2,4,288146,0,0,0,0,0,0
201303,06,069,4,9,San Benito County             ,9,9,2398683,0,0,0,0,0,0,0,0,0,9,9,2398683,0,0,0,0,0,0,0,0,0
201303,06,071,4,9,San Bernardino County         ,196,196,49296280,0,0,0,1,4,828881,3,80,5381953,154,154,40086499,0,0,0,0,0,0,2,75,4708664
201303,06,073,4,9,San Diego County              ,205,205,75072702,1,2,421359,10,32,5753265,8,178,22702092,205,205,75072702,1,2,421359,10,32,5753265,8,178,22702092
201303,06,075,4,9,San Francisco County          ,0,0,0,1,2,674000,3,11,3486000,2,55,19995600,0,0,0,1,2,674000,3,11,3486000,2,55,19995600
201303,06,077,4,9,San Joaquin County            ,78,78,19288774,1,2,265452,0,0,0,0,0,0,69,69,17189717,1,2,265452,0,0,0,0,0,0
201303,06,081,4,9,San Mateo County              ,35,35,18477161,0,0,0,0,0,0,1,5,806966,11,11,7455159,0,0,0,0,0,0,0,0,0
201303,06,085,4,9,Santa Clara County            ,198,198,68131367,0,0,0,3,11,1916868,10,191,28153209,180,180,59449749,0,0,0,2,8,1391830,7,119,18432588
201303,06,091,4,9,Sierra County                 ,0,0,0,0,0,0,0,0,0,0,0,0,0,0,0,0,0,0,0,0,0,0,0,0
201303,06,113,4,9,Yolo County                   ,49,49,11233734,0,0,0,0,0,0,1,70,18899471,49,49,11233734,0,0,0,0,0,0,1,70,18899471
201303,08,001,4,8,Adams County                  ,103,103,21858307,0,0,0,0,0,0,0,0,0,96,96,20487304,0,0,0,0,0,0,0,0,0
201303,08,005,4,8,Arapahoe County               ,119,119,31353703,0,0,0,0,0,0,11,248,19308758,119,119,31353703,0,0,0,0,0,0,11,248,19308758
201303,08,014,4,8,Broomfield County             ,31,31,10942205,0,0,0,0,0,0,1,70,11432000,31,31,10942205,0,0,0,0,0,0,1,70,11432000
201303,08,015,4,8,Chaffee County                ,7,7,1660507,0,0,0,0,0,0,0,0,0,0,0,0,0,0,0,0,0,0,0,0,0
201303,08,019,4,8,Clear Creek County            ,0,0,0,0,0,0,0,0,0,0,0,0,0,0,0,0,0,0,0,0,0,0,0,0
201303,08,023,4,8,Costilla County               ,2,2,454066,0,0,0,0,0,0,0,0,0,0,0,0,0,0,0,0,0,0,0,0,0
201303,08,031,4,8,Denver County                 ,97,97,19325018,7,14,2247284,0,0,0,14,951,106198225,97,97,19325018,7,14,2247284,0,0,0,14,951,106198225
201303,08,033,4,8,Dolores County                ,0,0,0,0,0,0,0,0,0,0,0,0,0,0,0,0,0,0,0,0,0,0,0,0
201303,08,035,4,8,Douglas County                ,193,193,56025694,0,0,0,0,0,0,0,0,0,193,193,56025694,0,0,0,0,0,0,0,0,0
201303,08,039,4,8,Elbert County                 ,6,6,1632597,0,0,0,0,0,0,0,0,0,6,6,1632597,0,0,0,0,0,0,0,0,0
201303,08,041,4,8,El Paso County                ,245,245,60132605,1,2,264215,0,0,0,0,0,0,245,245,60132605,1,2,264215,0,0,0,0,0,0
201303,08,047,4,8,Gilpin County                 ,2,2,822544,0,0,0,0,0,0,0,0,0,0,0,0,0,0,0,0,0,0,0,0,0
201303,08,049,4,8,Grand County                  ,11,11,2918336,0,0,0,0,0,0,1,5,552045,1,1,554079,0,0,0,0,0,0,0,0,0
201303,08,059,4,8,Jefferson County              ,89,89,24493027,3,6,1152214,0,0,0,0,0,0,89,89,24493027,3,6,1152214,0,0,0,0,0,0
201303,08,069,4,8,Larimer County                ,148,148,35646150,0,0,0,1,4,657397,2,60,4989324,148,148,35646150,0,0,0,1,4,657397,2,60,4989324
201303,08,077,4,8,Mesa County                   ,24,24,5890541,0,0,0,0,0,0,0,0,0,24,24,5890541,0,0,0,0,0,0,0,0,0
201303,08,093,4,8,Park County                   ,2,2,381751,0,0,0,0,0,0,0,0,0,2,2,381751,0,0,0,0,0,0,0,0,0
201303,08,101,4,8,Pueblo County                 ,9,9,1354013,0,0,0,0,0,0,0,0,0,9,9,1354013,0,0,0,0,0,0,0,0,0
201303,08,107,4,8,Routt County                  ,0,0,0,0,0,0,0,0,0,0,0,0,0,0,0,0,0,0,0,0,0,0,0,0
201303,08,119,4,8,Teller County                 ,3,3,958238,0,0,0,0,0,0,0,0,0,3,3,958238,0,0,0,0,0,0,0,0,0
201303,08,123,4,8,Weld County                   ,109,109,26286613,0,0,0,1,4,534627,0,0,0,89,89,21379480,0,0,0,1,4,534627,0,0,0
201303,10,001,3,5,Kent County                   ,73,73,9683402,0,0,0,0,0,0,2,16,1154724,67,67,8427571,0,0,0,0,0,0,1,8,400000
201303,10,003,3,5,New Castle County             ,87,87,7281771,0,0,0,0,0,0,3,16,939496,22,22,1739712,0,0,0,0,0,0,0,0,0
201303,10,005,3,5,Sussex County                 ,157,157,22622643,9,18,1156555,0,0,0,2,11,1327875,157,157,22622643,9,18,1156555,0,0,0,2,11,1327875
201303,11,001,3,5,Washington  DC                ,30,30,5934273,2,4,368324,0,0,0,1,10,724780,30,30,5934273,2,4,368324,0,0,0,1,10,724780
201303,12,003,3,5,Baker County                  ,2,2,240051,0,0,0,0,0,0,0,0,0,2,2,240051,0,0,0,0,0,0,0,0,0
201303,12,009,3,5,Brevard County                ,124,124,38362008,0,0,0,0,0,0,1,12,1834560,112,112,34995420,0,0,0,0,0,0,1,12,1834560
201303,12,011,3,5,Broward County                ,95,95,21894168,0,0,0,0,0,0,1,236,10972000,84,84,20162754,0,0,0,0,0,0,1,236,10972000
201303,12,013,3,5,Calhoun County                ,0,0,0,0,0,0,0,0,0,0,0,0,0,0,0,0,0,0,0,0,0,0,0,0
201303,12,015,3,5,Charlotte County              ,42,42,7402639,0,0,0,0,0,0,0,0,0,6,6,1863664,0,0,0,0,0,0,0,0,0
201303,12,019,3,5,Clay County                   ,82,82,17278340,0,0,0,0,0,0,0,0,0,82,82,17278340,0,0,0,0,0,0,0,0,0
201303,12,021,3,5,Collier County                ,137,137,48750387,0,0,0,2,8,2715000,9,150,13296024,137,137,48750387,0,0,0,2,8,2715000,9,150,13296024
201303,12,023,3,5,Columbia County               ,6,6,885643,0,0,0,0,0,0,0,0,0,1,1,190000,0,0,0,0,0,0,0,0,0
201303,12,031,3,5,Duval County                  ,181,181,36697488,0,0,0,2,6,618828,1,8,579824,181,181,36697488,0,0,0,2,6,618828,1,8,579824
201303,12,033,3,5,Escambia County               ,53,53,11426643,0,0,0,0,0,0,0,0,0,53,53,11426643,0,0,0,0,0,0,0,0,0
201303,12,035,3,5,Flagler County                ,24,24,7686450,0,0,0,0,0,0,0,0,0,24,24,7686450,0,0,0,0,0,0,0,0,0
201303,12,037,3,5,Franklin County               ,0,0,0,0,0,0,0,0,0,0,0,0,0,0,0,0,0,0,0,0,0,0,0,0
201303,12,041,3,5,Gilchrist County              ,5,5,413000,0,0,0,0,0,0,0,0,0,5,5,413000,0,0,0,0,0,0,0,0,0
201303,12,043,3,5,Glades County                 ,2,2,234626,0,0,0,0,0,0,0,0,0,2,2,234626,0,0,0,0,0,0,0,0,0
201303,12,047,3,5,Hamilton County               ,2,2,173423,0,0,0,0,0,0,0,0,0,0,0,0,0,0,0,0,0,0,0,0,0
201303,12,049,3,5,Hardee County                 ,1,1,171791,0,0,0,0,0,0,0,0,0,0,0,0,0,0,0,0,0,0,0,0,0
201303,12,053,3,5,Hernando County               ,17,17,2728836,0,0,0,0,0,0,0,0,0,16,16,2506266,0,0,0,0,0,0,0,0,0
201303,12,055,3,5,Highlands County              ,5,5,1371130,0,0,0,0,0,0,0,0,0,5,5,1371130,0,0,0,0,0,0,0,0,0
201303,12,057,3,5,Hillsborough County           ,532,532,247640772,0,0,0,6,21,2622718,3,46,8729096,532,532,247640772,0,0,0,6,21,2622718,3,46,8729096
201303,12,061,3,5,Indian River County           ,50,50,23324192,0,0,0,0,0,0,0,0,0,41,41,21068645,0,0,0,0,0,0,0,0,0
201303,12,063,3,5,Jackson County                ,4,4,508263,0,0,0,0,0,0,0,0,0,0,0,0,0,0,0,0,0,0,0,0,0
201303,12,065,3,5,Jefferson County              ,1,1,96816,0,0,0,0,0,0,0,0,0,1,1,96816,0,0,0,0,0,0,0,0,0
201303,12,067,3,5,Lafayette County              ,1,1,219750,0,0,0,0,0,0,0,0,0,0,0,0,0,0,0,0,0,0,0,0,0
201303,12,069,3,5,Lake County                   ,102,102,29452853,0,0,0,0,0,0,0,0,0,93,93,27588108,0,0,0,0,0,0,0,0,0
201303,12,071,3,5,Lee County                    ,229,229,49741812,0,0,0,2,8,1891963,2,11,1893696,229,229,49741812,0,0,0,2,8,1891963,2,11,1893696
201303,12,073,3,5,Leon County                   ,65,65,12125063,5,10,716245,1,3,398333,1,26,1810646,30,30,6956990,0,0,0,0,0,0,0,0,0
201303,12,077,3,5,Liberty County                ,1,1,133000,0,0,0,0,0,0,0,0,0,1,1,133000,0,0,0,0,0,0,0,0,0
201303,12,081,3,5,Manatee County                ,176,176,30932297,1,2,181113,1,4,479020,16,371,21193578,173,173,30139605,1,2,181113,1,4,479020,15,366,20789166
201303,12,083,3,5,Marion County                 ,60,60,10632246,0,0,0,0,0,0,0,0,0,60,60,10632246,0,0,0,0,0,0,0,0,0
201303,12,085,3,5,Martin County                 ,41,41,18904383,0,0,0,0,0,0,1,11,1148765,40,40,14886010,0,0,0,0,0,0,1,11,1148765
201303,12,086,3,5,Miami-Dade County             ,231,231,45819795,1,2,260624,0,0,0,15,668,86564841,223,223,42136704,0,0,0,0,0,0,13,631,81453299
201303,12,089,3,5,Nassau County                 ,35,35,8797629,0,0,0,0,0,0,0,0,0,35,35,8797629,0,0,0,0,0,0,0,0,0
201303,12,095,3,5,Orange County                 ,353,353,76369451,0,0,0,0,0,0,3,254,28388353,353,353,76369451,0,0,0,0,0,0,3,254,28388353
201303,12,097,3,5,Osceola County                ,213,213,52538683,0,0,0,0,0,0,2,148,8524568,213,213,52538683,0,0,0,0,0,0,2,148,8524568
201303,12,099,3,5,Palm Beach County             ,266,266,90538667,1,2,208371,0,0,0,16,217,26665554,235,235,78556509,0,0,0,0,0,0,15,212,26037332
201303,12,101,3,5,Pasco County                  ,132,132,24070940,2,4,556599,0,0,0,2,12,1836480,131,131,23978368,2,4,556599,0,0,0,2,12,1836480
201303,12,103,3,5,Pinellas County               ,52,52,16989289,0,0,0,3,10,1004693,8,310,21659698,50,50,16537663,0,0,0,3,10,1004693,8,310,21659698
201303,12,105,3,5,Polk County                   ,145,145,27115903,0,0,0,2,8,748000,0,0,0,141,141,26603031,0,0,0,2,8,748000,0,0,0
201303,12,107,3,5,Putnam County                 ,4,4,599680,0,0,0,0,0,0,0,0,0,3,3,407175,0,0,0,0,0,0,0,0,0
201303,12,109,3,5,St. Johns County              ,283,283,72411116,0,0,0,0,0,0,0,0,0,283,283,72411116,0,0,0,0,0,0,0,0,0
201303,12,111,3,5,St. Lucie County              ,35,35,7131263,5,10,1029168,0,0,0,1,5,310782,34,34,6885255,5,10,1029168,0,0,0,0,0,0
201303,12,113,3,5,Santa Rosa County             ,79,79,15626918,0,0,0,0,0,0,0,0,0,79,79,15626918,0,0,0,0,0,0,0,0,0
201303,12,115,3,5,Sarasota County               ,130,130,35420240,0,0,0,0,0,0,0,0,0,130,130,35420240,0,0,0,0,0,0,0,0,0
201303,12,117,3,5,Seminole County               ,128,128,24218198,0,0,0,0,0,0,3,84,9788586,128,128,24218198,0,0,0,0,0,0,3,84,9788586
201303,12,119,3,5,Sumter County                 ,259,259,75379610,0,0,0,0,0,0,0,0,0,259,259,75379610,0,0,0,0,0,0,0,0,0
201303,12,123,3,5,Taylor County                 ,0,0,0,0,0,0,0,0,0,0,0,0,0,0,0,0,0,0,0,0,0,0,0,0
201303,12,125,3,5,Union County                  ,5,5,320760,0,0,0,0,0,0,0,0,0,5,5,320760,0,0,0,0,0,0,0,0,0
201303,12,127,3,5,Volusia County                ,75,75,22167593,0,0,0,0,0,0,1,9,881776,69,69,20895038,0,0,0,0,0,0,0,0,0
201303,12,129,3,5,Wakulla County                ,5,5,684003,0,0,0,0,0,0,0,0,0,5,5,684003,0,0,0,0,0,0,0,0,0
201303,12,131,3,5,Walton County                 ,74,74,27971336,0,0,0,0,0,0,0,0,0,74,74,27971336,0,0,0,0,0,0,0,0,0
201303,12,133,3,5,Washington County             ,2,2,248218,0,0,0,0,0,0,0,0,0,0,0,0,0,0,0,0,0,0,0,0,0
201303,13,005,3,5,Bacon County                  ,0,0,0,0,0,0,0,0,0,0,0,0,0,0,0,0,0,0,0,0,0,0,0,0
201303,13,013,3,5,Barrow County                 ,17,17,1548971,0,0,0,0,0,0,0,0,0,16,16,1441160,0,0,0,0,0,0,0,0,0
201303,13,015,3,5,Bartow County                 ,12,12,2373709,0,0,0,0,0,0,0,0,0,12,12,2373709,0,0,0,0,0,0,0,0,0
201303,13,029,3,5,Bryan County                  ,34,34,6602125,0,0,0,0,0,0,4,23,1799945,0,0,0,0,0,0,0,0,0,0,0,0
201303,13,035,3,5,Butts County                  ,1,1,92715,0,0,0,0,0,0,0,0,0,0,0,0,0,0,0,0,0,0,0,0,0
201303,13,045,3,5,Carroll County                ,6,6,972326,2,4,341836,1,3,214812,2,36,324000,6,6,972326,2,4,341836,1,3,214812,2,36,324000
201303,13,057,3,5,Cherokee County               ,111,111,31195304,0,0,0,0,0,0,0,0,0,111,111,31195304,0,0,0,0,0,0,0,0,0
201303,13,059,3,5,Clarke County                 ,12,12,1479495,8,16,1975617,0,0,0,2,190,27916709,12,12,1479495,8,16,1975617,0,0,0,2,190,27916709
201303,13,063,3,5,Clayton County                ,0,0,0,0,0,0,0,0,0,2,26,165000,0,0,0,0,0,0,0,0,0,2,26,165000
201303,13,067,3,5,Cobb County                   ,115,115,28151890,1,2,317698,1,4,563868,1,8,1571721,115,115,28151890,1,2,317698,1,4,563868,1,8,1571721
201303,13,077,3,5,Coweta County                 ,54,54,17686019,0,0,0,0,0,0,0,0,0,35,35,13630883,0,0,0,0,0,0,0,0,0
201303,13,085,3,5,Dawson County                 ,6,6,815000,0,0,0,0,0,0,0,0,0,5,5,740000,0,0,0,0,0,0,0,0,0
201303,13,089,3,5,DeKalb County                 ,20,20,4361345,0,0,0,0,0,0,0,0,0,17,17,3359946,0,0,0,0,0,0,0,0,0
201303,13,095,3,5,Dougherty County              ,4,4,447667,1,2,150110,0,0,0,1,5,187500,0,0,0,0,0,0,0,0,0,0,0,0
201303,13,097,3,5,Douglas County                ,5,5,637950,0,0,0,0,0,0,0,0,0,5,5,637950,0,0,0,0,0,0,0,0,0
201303,13,111,3,5,Fannin County                 ,9,9,1634177,0,0,0,0,0,0,0,0,0,9,9,1634177,0,0,0,0,0,0,0,0,0
201303,13,113,3,5,Fayette County                ,38,38,8477556,0,0,0,0,0,0,0,0,0,36,36,7795403,0,0,0,0,0,0,0,0,0
201303,13,117,3,5,Forsyth County                ,198,198,25503170,0,0,0,0,0,0,0,0,0,198,198,25503170,0,0,0,0,0,0,0,0,0
201303,13,121,3,5,Fulton County                 ,191,191,38512454,1,2,302000,0,0,0,2,342,17399385,191,191,38512454,1,2,302000,0,0,0,2,342,17399385
201303,13,127,3,5,Glynn County                  ,40,40,10286632,0,0,0,0,0,0,0,0,0,0,0,0,0,0,0,0,0,0,0,0,0
201303,13,133,3,5,Greene County                 ,7,7,2740475,0,0,0,0,0,0,0,0,0,0,0,0,0,0,0,0,0,0,0,0,0
201303,13,135,3,5,Gwinnett County               ,267,267,54016888,0,0,0,0,0,0,0,0,0,259,259,51651261,0,0,0,0,0,0,0,0,0
201303,13,143,3,5,Haralson County               ,2,2,368817,0,0,0,0,0,0,0,0,0,0,0,0,0,0,0,0,0,0,0,0,0
201303,13,145,3,5,Harris County                 ,8,8,2108600,0,0,0,0,0,0,0,0,0,8,8,2108600,0,0,0,0,0,0,0,0,0
201303,13,149,3,5,Heard County                  ,1,1,134368,0,0,0,0,0,0,0,0,0,0,0,0,0,0,0,0,0,0,0,0,0
201303,13,151,3,5,Henry County                  ,33,33,7060903,0,0,0,0,0,0,1,9,654545,31,31,6813380,0,0,0,0,0,0,0,0,0
201303,13,159,3,5,Jasper County                 ,4,4,535818,0,0,0,0,0,0,0,0,0,0,0,0,0,0,0,0,0,0,0,0,0
201303,13,169,3,5,Jones County                  ,0,0,0,0,0,0,0,0,0,0,0,0,0,0,0,0,0,0,0,0,0,0,0,0
201303,13,171,3,5,Lamar County                  ,1,1,175000,0,0,0,0,0,0,0,0,0,1,1,175000,0,0,0,0,0,0,0,0,0
201303,13,177,3,5,Lee County                    ,14,14,1599992,0,0,0,0,0,0,0,0,0,0,0,0,0,0,0,0,0,0,0,0,0
201303,13,189,3,5,McDuffie County               ,2,2,461000,0,0,0,0,0,0,0,0,0,2,2,461000,0,0,0,0,0,0,0,0,0
201303,13,199,3,5,Meriwether County             ,2,2,395618,0,0,0,0,0,0,0,0,0,2,2,395618,0,0,0,0,0,0,0,0,0
201303,13,211,3,5,Morgan County                 ,6,6,1102000,0,0,0,0,0,0,0,0,0,6,6,1102000,0,0,0,0,0,0,0,0,0
201303,13,213,3,5,Murray County                 ,2,2,363150,0,0,0,0,0,0,0,0,0,2,2,363150,0,0,0,0,0,0,0,0,0
201303,13,215,3,5,Muscogee County               ,29,29,3069843,0,0,0,1,3,136270,1,16,1213538,0,0,0,0,0,0,0,0,0,0,0,0
201303,13,217,3,5,Newton County                 ,3,3,332807,0,0,0,0,0,0,0,0,0,0,0,0,0,0,0,0,0,0,0,0,0
201303,13,223,3,5,Paulding County               ,46,46,4931810,0,0,0,0,0,0,0,0,0,46,46,4931810,0,0,0,0,0,0,0,0,0
201303,13,227,3,5,Pickens County                ,9,9,1615500,0,0,0,0,0,0,0,0,0,8,8,1503000,0,0,0,0,0,0,0,0,0
201303,13,231,3,5,Pike County                   ,3,3,545000,0,0,0,0,0,0,0,0,0,3,3,545000,0,0,0,0,0,0,0,0,0
201303,13,237,3,5,Putnam County                 ,6,6,736000,0,0,0,0,0,0,0,0,0,6,6,736000,0,0,0,0,0,0,0,0,0
201303,13,239,3,5,Quitman County                ,0,0,0,0,0,0,0,0,0,0,0,0,0,0,0,0,0,0,0,0,0,0,0,0
201303,13,247,3,5,Rockdale County               ,2,2,848492,0,0,0,0,0,0,0,0,0,2,2,848492,0,0,0,0,0,0,0,0,0
201303,13,255,3,5,Spalding County               ,13,13,1058109,0,0,0,0,0,0,0,0,0,13,13,1058109,0,0,0,0,0,0,0,0,0
201303,13,291,3,5,Union County                  ,8,8,1582473,0,0,0,0,0,0,0,0,0,8,8,1582473,0,0,0,0,0,0,0,0,0
201303,13,293,3,5,Upson County                  ,0,0,0,0,0,0,0,0,0,0,0,0,0,0,0,0,0,0,0,0,0,0,0,0
201303,13,297,3,5,Walton County                 ,25,25,3253250,0,0,0,0,0,0,0,0,0,25,25,3253250,0,0,0,0,0,0,0,0,0
201303,13,313,3,5,Whitfield County              ,5,5,577755,0,0,0,0,0,0,0,0,0,0,0,0,0,0,0,0,0,0,0,0,0
201303,13,321,3,5,Worth County                  ,1,1,20000,0,0,0,0,0,0,0,0,0,1,1,20000,0,0,0,0,0,0,0,0,0
201303,15,001,4,9,Hawaii County                 ,46,46,9865801,0,0,0,0,0,0,0,0,0,46,46,9865801,0,0,0,0,0,0,0,0,0
201303,15,003,4,9,Honolulu County               ,84,84,27840394,0,0,0,0,0,0,21,190,36489000,84,84,27840394,0,0,0,0,0,0,21,190,36489000
201303,15,007,4,9,Kauai County                  ,11,11,5129242,0,0,0,0,0,0,0,0,0,0,0,0,0,0,0,0,0,0,0,0,0
201303,15,009,4,9,Maui County                   ,12,12,2945270,0,0,0,0,0,0,0,0,0,12,12,2945270,0,0,0,0,0,0,0,0,0
201303,16,001,4,8,Ada County                    ,219,219,58078293,0,0,0,3,12,783225,0,0,0,219,219,58078293,0,0,0,3,12,783225,0,0,0
201303,16,015,4,8,Boise County                  ,3,3,147250,0,0,0,0,0,0,0,0,0,2,2,139250,0,0,0,0,0,0,0,0,0
201303,16,027,4,8,Canyon County                 ,85,85,13077133,0,0,0,0,0,0,1,24,1597409,85,85,13077133,0,0,0,0,0,0,1,24,1597409
201303,16,045,4,8,Gem County                    ,2,2,218967,0,0,0,0,0,0,0,0,0,2,2,218967,0,0,0,0,0,0,0,0,0
201303,16,073,4,8,Owyhee County                 ,1,1,100000,0,0,0,0,0,0,0,0,0,1,1,100000,0,0,0,0,0,0,0,0,0
201303,17,005,2,3,Bond County                   ,2,2,565000,1,2,160000,0,0,0,0,0,0,2,2,565000,1,2,160000,0,0,0,0,0,0
201303,17,013,2,3,Calhoun County                ,1,1,150000,0,0,0,0,0,0,0,0,0,1,1,150000,0,0,0,0,0,0,0,0,0
201303,17,027,2,3,Clinton County                ,5,5,1103169,0,0,0,0,0,0,0,0,0,4,4,905000,0,0,0,0,0,0,0,0,0
201303,17,031,2,3,Cook County                   ,110,110,33125711,0,0,0,4,13,1600000,2,14,2238300,97,97,27480485,0,0,0,4,13,1600000,2,14,2238300
201303,17,037,2,3,DeKalb County                 ,3,3,830000,0,0,0,0,0,0,0,0,0,3,3,830000,0,0,0,0,0,0,0,0,0
201303,17,039,2,3,De Witt County                ,0,0,0,0,0,0,0,0,0,0,0,0,0,0,0,0,0,0,0,0,0,0,0,0
201303,17,043,2,3,DuPage County                 ,74,74,28619248,0,0,0,0,0,0,13,298,30000099,73,73,27910412,0,0,0,0,0,0,13,298,30000099
201303,17,063,2,3,Grundy County                 ,4,4,839924,0,0,0,0,0,0,1,7,358974,2,2,364466,0,0,0,0,0,0,0,0,0
201303,17,083,2,3,Jersey County                 ,3,3,356559,0,0,0,0,0,0,1,6,347098,0,0,0,0,0,0,0,0,0,0,0,0
201303,17,089,2,3,Kane County                   ,76,76,12808596,0,0,0,2,8,920000,8,48,5388000,76,76,12808596,0,0,0,2,8,920000,8,48,5388000
201303,17,093,2,3,Kendall County                ,78,78,18726032,0,0,0,0,0,0,0,0,0,78,78,18726032,0,0,0,0,0,0,0,0,0
201303,17,097,2,3,Lake County                   ,44,44,12376838,0,0,0,0,0,0,1,5,625000,19,19,4551493,0,0,0,0,0,0,0,0,0
201303,17,111,2,3,McHenry County                ,40,40,6919965,0,0,0,0,0,0,0,0,0,30,30,5123611,0,0,0,0,0,0,0,0,0
201303,17,117,2,3,Macoupin County               ,4,4,729447,1,2,340000,0,0,0,0,0,0,0,0,0,0,0,0,0,0,0,0,0,0
201303,17,119,2,3,Madison County                ,31,31,7073872,0,0,0,1,3,428553,1,12,752180,19,19,4566734,0,0,0,0,0,0,1,12,752180
201303,17,133,2,3,Monroe County                 ,14,14,3399360,0,0,0,0,0,0,0,0,0,14,14,3399360,0,0,0,0,0,0,0,0,0
201303,17,163,2,3,St. Clair County              ,49,49,9949254,0,0,0,0,0,0,1,11,1258451,14,14,2333500,0,0,0,0,0,0,0,0,0
201303,17,197,2,3,Will County                   ,72,72,16816075,0,0,0,0,0,0,0,0,0,61,61,15034414,0,0,0,0,0,0,0,0,0
201303,18,001,2,3,Adams County                  ,7,7,863000,0,0,0,0,0,0,0,0,0,7,7,863000,0,0,0,0,0,0,0,0,0
201303,18,003,2,3,Allen County                  ,65,65,14702116,2,4,539000,0,0,0,0,0,0,65,65,14702116,2,4,539000,0,0,0,0,0,0
201303,18,011,2,3,Boone County                  ,46,46,10261397,0,0,0,0,0,0,0,0,0,46,46,10261397,0,0,0,0,0,0,0,0,0
201303,18,013,2,3,Brown County                  ,4,4,793497,0,0,0,0,0,0,0,0,0,0,0,0,0,0,0,0,0,0,0,0,0
201303,18,019,2,3,Clark County                  ,42,42,7919887,0,0,0,0,0,0,0,0,0,41,41,7789400,0,0,0,0,0,0,0,0,0
201303,18,029,2,3,Dearborn County               ,5,5,915000,0,0,0,0,0,0,0,0,0,5,5,915000,0,0,0,0,0,0,0,0,0
201303,18,043,2,3,Floyd County                  ,15,15,4322749,0,0,0,0,0,0,0,0,0,13,13,4032000,0,0,0,0,0,0,0,0,0
201303,18,047,2,3,Franklin County               ,3,3,425000,0,0,0,0,0,0,0,0,0,3,3,425000,0,0,0,0,0,0,0,0,0
201303,18,049,2,3,Fulton County                 ,2,2,269579,0,0,0,0,0,0,0,0,0,0,0,0,0,0,0,0,0,0,0,0,0
201303,18,057,2,3,Hamilton County               ,171,171,47585304,1,2,300010,0,0,0,0,0,0,170,170,47454542,1,2,300010,0,0,0,0,0,0
201303,18,059,2,3,Hancock County                ,17,17,3574937,0,0,0,0,0,0,0,0,0,17,17,3574937,0,0,0,0,0,0,0,0,0
201303,18,061,2,3,Harrison County               ,14,14,2678000,0,0,0,0,0,0,0,0,0,14,14,2678000,0,0,0,0,0,0,0,0,0
201303,18,063,2,3,Hendricks County              ,71,71,15100292,1,2,320000,0,0,0,0,0,0,68,68,14540642,1,2,320000,0,0,0,0,0,0
201303,18,065,2,3,Henry County                  ,2,2,363000,0,0,0,0,0,0,0,0,0,2,2,363000,0,0,0,0,0,0,0,0,0
201303,18,069,2,3,Huntington County             ,3,3,348985,0,0,0,0,0,0,0,0,0,3,3,348985,0,0,0,0,0,0,0,0,0
201303,18,073,2,3,Jasper County                 ,4,4,751240,0,0,0,0,0,0,0,0,0,4,4,751240,0,0,0,0,0,0,0,0,0
201303,18,079,2,3,Jennings County               ,3,3,251000,0,0,0,0,0,0,0,0,0,3,3,251000,0,0,0,0,0,0,0,0,0
201303,18,081,2,3,Johnson County                ,56,56,10934273,1,2,350000,0,0,0,0,0,0,54,54,10703135,1,2,350000,0,0,0,0,0,0
201303,18,087,2,3,Lagrange County               ,9,9,1975000,0,0,0,0,0,0,0,0,0,9,9,1975000,0,0,0,0,0,0,0,0,0
201303,18,089,2,3,Lake County                   ,36,36,9220627,0,0,0,0,0,0,1,8,650667,23,23,5927550,0,0,0,0,0,0,0,0,0
201303,18,097,2,3,Marion County                 ,42,42,8276537,0,0,0,0,0,0,1,92,7395338,42,42,8276537,0,0,0,0,0,0,1,92,7395338
201303,18,105,2,3,Monroe County                 ,18,18,3106825,1,2,186578,0,0,0,0,0,0,18,18,3106825,1,2,186578,0,0,0,0,0,0
201303,18,109,2,3,Morgan County                 ,8,8,985568,0,0,0,0,0,0,0,0,0,8,8,985568,0,0,0,0,0,0,0,0,0
201303,18,111,2,3,Newton County                 ,2,2,385000,0,0,0,0,0,0,0,0,0,2,2,385000,0,0,0,0,0,0,0,0,0
201303,18,115,2,3,Ohio County                   ,0,0,0,0,0,0,0,0,0,0,0,0,0,0,0,0,0,0,0,0,0,0,0,0
201303,18,125,2,3,Pike County                   ,1,1,132982,0,0,0,0,0,0,0,0,0,1,1,132982,0,0,0,0,0,0,0,0,0
201303,18,127,2,3,Porter County                 ,34,34,8900947,0,0,0,0,0,0,0,0,0,34,34,8900947,0,0,0,0,0,0,0,0,0
201303,18,133,2,3,Putnam County                 ,3,3,316400,0,0,0,0,0,0,0,0,0,3,3,316400,0,0,0,0,0,0,0,0,0
201303,18,145,2,3,Shelby County                 ,3,3,630000,0,0,0,1,3,0,0,0,0,3,3,630000,0,0,0,0,0,0,0,0,0
201303,18,155,2,3,Switzerland County            ,3,3,174799,0,0,0,0,0,0,0,0,0,0,0,0,0,0,0,0,0,0,0,0,0
201303,18,157,2,3,Tippecanoe County             ,40,40,8294197,0,0,0,0,0,0,1,5,427266,40,40,8294197,0,0,0,0,0,0,1,5,427266
201303,18,163,2,3,Vanderburgh County            ,29,29,3191150,1,2,100000,0,0,0,0,0,0,29,29,3191150,1,2,100000,0,0,0,0,0,0
201303,18,167,2,3,Vigo County                   ,6,6,1278719,0,0,0,3,12,828000,4,72,3824977,6,6,1278719,0,0,0,3,12,828000,4,72,3824977
201303,18,175,2,3,Washington County             ,3,3,421223,0,0,0,0,0,0,0,0,0,0,0,0,0,0,0,0,0,0,0,0,0
201303,18,179,2,3,Wells County                  ,3,3,639360,0,0,0,0,0,0,0,0,0,3,3,639360,0,0,0,0,0,0,0,0,0
201303,18,181,2,3,White County                  ,1,1,60000,0,0,0,0,0,0,0,0,0,1,1,60000,0,0,0,0,0,0,0,0,0
201303,18,183,2,3,Whitley County                ,7,7,1125500,0,0,0,0,0,0,0,0,0,7,7,1125500,0,0,0,0,0,0,0,0,0
201303,19,049,2,4,Dallas County                 ,18,18,4013529,0,0,0,0,0,0,0,0,0,18,18,4013529,0,0,0,0,0,0,0,0,0
201303,19,077,2,4,Guthrie County                ,1,1,251260,0,0,0,0,0,0,0,0,0,0,0,0,0,0,0,0,0,0,0,0,0
201303,19,085,2,4,Harrison County               ,5,5,996000,0,0,0,0,0,0,0,0,0,4,4,900000,0,0,0,0,0,0,0,0,0
201303,19,121,2,4,Madison County                ,3,3,687000,0,0,0,0,0,0,0,0,0,3,3,687000,0,0,0,0,0,0,0,0,0
201303,19,129,2,4,Mills County                  ,0,0,0,0,0,0,0,0,0,0,0,0,0,0,0,0,0,0,0,0,0,0,0,0
201303,19,153,2,4,Polk County                   ,192,192,44046874,0,0,0,0,0,0,0,0,0,173,173,39318951,0,0,0,0,0,0,0,0,0
201303,19,155,2,4,Pottawattamie County          ,17,17,3176850,0,0,0,0,0,0,0,0,0,5,5,758687,0,0,0,0,0,0,0,0,0
201303,19,181,2,4,Warren County                 ,17,17,3695335,0,0,0,1,4,426350,0,0,0,16,16,3436983,0,0,0,1,4,426350,0,0,0
201303,20,055,2,4,Finney County                 ,1,1,185000,0,0,0,0,0,0,0,0,0,1,1,185000,0,0,0,0,0,0,0,0,0
201303,20,059,2,4,Franklin County               ,2,2,567763,0,0,0,0,0,0,0,0,0,2,2,567763,0,0,0,0,0,0,0,0,0
201303,20,063,2,4,Gove County                   ,0,0,0,0,0,0,0,0,0,0,0,0,0,0,0,0,0,0,0,0,0,0,0,0
201303,20,091,2,4,Johnson County                ,170,170,43246353,0,0,0,1,3,488182,1,20,2714767,130,130,32427422,0,0,0,0,0,0,1,20,2714767
201303,20,103,2,4,Leavenworth County            ,11,11,1456333,0,0,0,0,0,0,0,0,0,11,11,1456333,0,0,0,0,0,0,0,0,0
201303,20,107,2,4,Linn County                   ,1,1,147779,0,0,0,0,0,0,0,0,0,0,0,0,0,0,0,0,0,0,0,0,0
201303,20,121,2,4,Miami County                  ,4,4,996957,0,0,0,0,0,0,0,0,0,0,0,0,0,0,0,0,0,0,0,0,0
201303,20,129,2,4,Morton County                 ,0,0,0,0,0,0,0,0,0,0,0,0,0,0,0,0,0,0,0,0,0,0,0,0
201303,20,151,2,4,Pratt County                  ,0,0,0,0,0,0,0,0,0,0,0,0,0,0,0,0,0,0,0,0,0,0,0,0
201303,20,183,2,4,Smith County                  ,0,0,0,0,0,0,0,0,0,0,0,0,0,0,0,0,0,0,0,0,0,0,0,0
201303,20,209,2,4,Wyandotte County              ,20,20,2542415,0,0,0,0,0,0,0,0,0,20,20,2542415,0,0,0,0,0,0,0,0,0
201303,21,005,3,6,Anderson County               ,6,6,1109736,0,0,0,0,0,0,0,0,0,6,6,1109736,0,0,0,0,0,0,0,0,0
201303,21,015,3,6,Boone County                  ,39,39,6655673,0,0,0,1,4,600000,5,58,4275279,39,39,6655673,0,0,0,1,4,600000,5,58,4275279
201303,21,021,3,6,Boyle County                  ,3,3,472680,0,0,0,0,0,0,0,0,0,0,0,0,0,0,0,0,0,0,0,0,0
201303,21,029,3,6,Bullitt County                ,25,25,3850504,0,0,0,0,0,0,0,0,0,25,25,3850504,0,0,0,0,0,0,0,0,0
201303,21,037,3,6,Campbell County               ,8,8,2106555,0,0,0,0,0,0,1,5,650000,6,6,1497555,0,0,0,0,0,0,1,5,650000
201303,21,049,3,6,Clark County                  ,0,0,0,0,0,0,0,0,0,0,0,0,0,0,0,0,0,0,0,0,0,0,0,0
201303,21,053,3,6,Clinton County                ,0,0,0,0,0,0,0,0,0,0,0,0,0,0,0,0,0,0,0,0,0,0,0,0
201303,21,059,3,6,Daviess County                ,13,13,1570535,0,0,0,0,0,0,0,0,0,13,13,1570535,0,0,0,0,0,0,0,0,0
201303,21,067,3,6,Fayette County                ,67,67,9093982,1,2,202222,0,0,0,1,26,1446033,0,0,0,0,0,0,0,0,0,0,0,0
201303,21,077,3,6,Gallatin County               ,0,0,0,0,0,0,0,0,0,0,0,0,0,0,0,0,0,0,0,0,0,0,0,0
201303,21,081,3,6,Grant County                  ,3,3,398000,0,0,0,0,0,0,0,0,0,3,3,398000,0,0,0,0,0,0,0,0,0
201303,21,103,3,6,Henry County                  ,1,1,120000,0,0,0,0,0,0,0,0,0,1,1,120000,0,0,0,0,0,0,0,0,0
201303,21,111,3,6,Jefferson County              ,82,82,19275491,0,0,0,1,4,392000,7,90,4751608,82,82,19275491,0,0,0,1,4,392000,7,90,4751608
201303,21,113,3,6,Jessamine County              ,8,8,1240620,0,0,0,0,0,0,0,0,0,8,8,1240620,0,0,0,0,0,0,0,0,0
201303,21,117,3,6,Kenton County                 ,21,21,3871476,0,0,0,0,0,0,1,6,250000,21,21,3871476,0,0,0,0,0,0,1,6,250000
201303,21,137,3,6,Lincoln County                ,1,1,181575,0,0,0,0,0,0,0,0,0,1,1,181575,0,0,0,0,0,0,0,0,0
201303,21,151,3,6,Madison County                ,11,11,1265782,0,0,0,0,0,0,0,0,0,4,4,655000,0,0,0,0,0,0,0,0,0
201303,21,157,3,6,Marshall County               ,1,1,121209,0,0,0,0,0,0,2,10,555556,0,0,0,0,0,0,0,0,0,0,0,0
201303,21,163,3,6,Meade County                  ,3,3,398275,0,0,0,0,0,0,0,0,0,1,1,120000,0,0,0,0,0,0,0,0,0
201303,21,167,3,6,Mercer County                 ,3,3,426412,1,2,137500,0,0,0,0,0,0,0,0,0,0,0,0,0,0,0,0,0,0
201303,21,179,3,6,Nelson County                 ,9,9,2008000,0,0,0,0,0,0,0,0,0,9,9,2008000,0,0,0,0,0,0,0,0,0
201303,21,185,3,6,Oldham County                 ,19,19,3858073,0,0,0,0,0,0,0,0,0,0,0,0,0,0,0,0,0,0,0,0,0
201303,21,191,3,6,Pendleton County              ,0,0,0,0,0,0,0,0,0,0,0,0,0,0,0,0,0,0,0,0,0,0,0,0
201303,21,205,3,6,Rowan County                  ,0,0,0,0,0,0,0,0,0,0,0,0,0,0,0,0,0,0,0,0,0,0,0,0
201303,21,209,3,6,Scott County                  ,27,27,3207411,0,0,0,0,0,0,2,30,1037961,0,0,0,0,0,0,0,0,0,0,0,0
201303,21,211,3,6,Shelby County                 ,8,8,1772023,0,0,0,0,0,0,0,0,0,8,8,1772023,0,0,0,0,0,0,0,0,0
201303,21,213,3,6,Simpson County                ,3,3,388171,3,6,478000,0,0,0,0,0,0,0,0,0,0,0,0,0,0,0,0,0,0
201303,21,215,3,6,Spencer County                ,8,8,1582473,0,0,0,0,0,0,0,0,0,8,8,1582473,0,0,0,0,0,0,0,0,0
201303,21,221,3,6,Trigg County                  ,0,0,0,0,0,0,0,0,0,0,0,0,0,0,0,0,0,0,0,0,0,0,0,0
201303,21,239,3,6,Woodford County               ,7,7,1114000,0,0,0,0,0,0,0,0,0,7,7,1114000,0,0,0,0,0,0,0,0,0
201303,22,009,3,7,Avoyelles Parish              ,10,10,1422638,0,0,0,0,0,0,0,0,0,10,10,1422638,0,0,0,0,0,0,0,0,0
201303,22,017,3,7,Caddo Parish                  ,21,21,5364248,0,0,0,0,0,0,0,0,0,21,21,5364248,0,0,0,0,0,0,0,0,0
201303,22,039,3,7,Evangeline Parish             ,6,6,1247500,0,0,0,0,0,0,0,0,0,6,6,1247500,0,0,0,0,0,0,0,0,0
201303,22,051,3,7,Jefferson Parish              ,14,14,3328171,0,0,0,0,0,0,0,0,0,12,12,3001880,0,0,0,0,0,0,0,0,0
201303,22,071,3,7,Orleans Parish                ,94,94,16104955,12,24,1977856,0,0,0,1,16,1788848,0,0,0,0,0,0,0,0,0,0,0,0
201303,22,075,3,7,Plaquemines Parish            ,5,5,1205449,0,0,0,0,0,0,0,0,0,5,5,1205449,0,0,0,0,0,0,0,0,0
201303,22,077,3,7,Pointe Coupee Parish          ,6,6,1055755,0,0,0,0,0,0,0,0,0,6,6,1055755,0,0,0,0,0,0,0,0,0
201303,22,087,3,7,St. Bernard Parish            ,2,2,150000,0,0,0,0,0,0,0,0,0,2,2,150000,0,0,0,0,0,0,0,0,0
201303,22,089,3,7,St. Charles Parish            ,10,10,1685899,0,0,0,0,0,0,0,0,0,0,0,0,0,0,0,0,0,0,0,0,0
201303,22,091,3,7,St. Helena Parish             ,0,0,0,0,0,0,0,0,0,0,0,0,0,0,0,0,0,0,0,0,0,0,0,0
201303,22,095,3,7,St. John the Baptist Parish   ,7,7,1176973,0,0,0,0,0,0,0,0,0,0,0,0,0,0,0,0,0,0,0,0,0
201303,22,103,3,7,St. Tammany Parish            ,86,86,17524207,1,2,3500000,0,0,0,0,0,0,73,73,14881921,1,2,3500000,0,0,0,0,0,0
201303,22,105,3,7,Tangipahoa Parish             ,77,77,10197865,0,0,0,0,0,0,0,0,0,73,73,9821694,0,0,0,0,0,0,0,0,0
201303,22,109,3,7,Terrebonne Parish             ,15,15,4463360,0,0,0,0,0,0,0,0,0,15,15,4463360,0,0,0,0,0,0,0,0,0
201303,22,117,3,7,Washington Parish             ,6,6,1312500,0,0,0,0,0,0,0,0,0,6,6,1312500,0,0,0,0,0,0,0,0,0
201303,23,000,1,1,Maine Unorganized Territory   ,4,4,531201,0,0,0,0,0,0,0,0,0,0,0,0,0,0,0,0,0,0,0,0,0
201303,24,003,3,5,Anne Arundel County           ,135,135,26805003,0,0,0,0,0,0,0,0,0,132,132,26110800,0,0,0,0,0,0,0,0,0
201303,24,005,3,5,Baltimore County              ,101,101,19978718,0,0,0,0,0,0,2,192,18024843,101,101,19978718,0,0,0,0,0,0,2,192,18024843
201303,24,009,3,5,Calvert County                ,26,26,5143036,0,0,0,0,0,0,0,0,0,26,26,5143036,0,0,0,0,0,0,0,0,0
201303,24,013,3,5,Carroll County                ,21,21,4153991,0,0,0,0,0,0,0,0,0,21,21,4153991,0,0,0,0,0,0,0,0,0
201303,24,015,3,5,Cecil County                  ,15,15,2765716,0,0,0,0,0,0,0,0,0,15,15,2765716,0,0,0,0,0,0,0,0,0
201303,24,017,3,5,Charles County                ,69,69,15302841,0,0,0,0,0,0,1,100,6000000,69,69,15302841,0,0,0,0,0,0,1,100,6000000
201303,24,021,3,5,Frederick County              ,30,30,5934273,0,0,0,0,0,0,0,0,0,30,30,5934273,0,0,0,0,0,0,0,0,0
201303,24,023,3,5,Garrett County                ,2,2,284600,0,0,0,0,0,0,0,0,0,2,2,284600,0,0,0,0,0,0,0,0,0
201303,24,025,3,5,Harford County                ,38,38,7329891,0,0,0,0,0,0,0,0,0,38,38,7329891,0,0,0,0,0,0,0,0,0
201303,24,027,3,5,Howard County                 ,109,109,21561191,0,0,0,0,0,0,0,0,0,109,109,21561191,0,0,0,0,0,0,0,0,0
201303,24,031,3,5,Montgomery County             ,197,197,39371119,0,0,0,0,0,0,0,0,0,197,197,39371119,0,0,0,0,0,0,0,0,0
201303,24,033,3,5,Prince George County          ,127,127,25121755,0,0,0,0,0,0,0,0,0,127,127,25121755,0,0,0,0,0,0,0,0,0
201303,24,035,3,5,Queen Anne County             ,17,17,3075148,0,0,0,0,0,0,0,0,0,17,17,3075148,0,0,0,0,0,0,0,0,0
201303,24,510,3,5,Baltimore (Independent City)  ,10,10,1310365,0,0,0,0,0,0,1,119,9875314,0,0,0,0,0,0,0,0,0,0,0,0
201303,25,009,1,1,Essex County                  ,36,36,10631547,0,0,0,2,7,1102929,4,25,2089216,19,19,5536444,0,0,0,1,4,423000,0,0,0
201303,25,017,1,1,Middlesex County              ,110,110,34583336,4,8,1248805,0,0,0,7,217,26657491,88,88,27519182,3,6,1108805,0,0,0,4,191,24000744
201303,25,019,1,1,Nantucket County              ,4,4,2927778,0,0,0,0,0,0,0,0,0,0,0,0,0,0,0,0,0,0,0,0,0
201303,25,021,1,1,Norfolk County                ,50,50,17990353,0,0,0,0,0,0,4,33,2627768,33,33,12616237,0,0,0,0,0,0,0,0,0
201303,25,023,1,1,Plymouth County               ,77,77,18136223,1,2,304160,1,3,295443,0,0,0,67,67,16361801,1,2,304160,0,0,0,0,0,0
201303,25,025,1,1,Suffolk County                ,3,3,784428,2,4,600000,3,11,1400000,8,69,8748307,2,2,473278,2,4,600000,3,11,1400000,6,57,8000000
201303,26,000,2,3,Michigan Balance of State     ,2,2,299341,0,0,0,0,0,0,0,0,0,2,2,299341,0,0,0,0,0,0,0,0,0
201303,26,001,2,3,Alcona County                 ,1,1,100470,0,0,0,0,0,0,0,0,0,0,0,0,0,0,0,0,0,0,0,0,0
201303,26,009,2,3,Antrim County                 ,3,3,572869,0,0,0,0,0,0,0,0,0,0,0,0,0,0,0,0,0,0,0,0,0
201303,26,015,2,3,Barry County                  ,7,7,1119604,0,0,0,0,0,0,0,0,0,0,0,0,0,0,0,0,0,0,0,0,0
201303,26,019,2,3,Benzie County                 ,1,1,87233,0,0,0,0,0,0,0,0,0,1,1,87233,0,0,0,0,0,0,0,0,0
201303,26,029,2,3,Charlevoix County             ,3,3,649098,0,0,0,0,0,0,1,5,342804,0,0,0,0,0,0,0,0,0,0,0,0
201303,26,031,2,3,Cheboygan County              ,1,1,145000,0,0,0,0,0,0,0,0,0,1,1,145000,0,0,0,0,0,0,0,0,0
201303,26,047,2,3,Emmet County                  ,4,4,1759733,0,0,0,0,0,0,0,0,0,3,3,1553500,0,0,0,0,0,0,0,0,0
201303,26,051,2,3,Gladwin County                ,1,1,172601,0,0,0,0,0,0,0,0,0,1,1,172601,0,0,0,0,0,0,0,0,0
201303,26,059,2,3,Hillsdale County              ,2,2,342274,0,0,0,0,0,0,0,0,0,0,0,0,0,0,0,0,0,0,0,0,0
201303,26,067,2,3,Ionia County                  ,3,3,455980,0,0,0,0,0,0,0,0,0,0,0,0,0,0,0,0,0,0,0,0,0
201303,26,079,2,3,Kalkaska County               ,2,2,376911,0,0,0,0,0,0,0,0,0,0,0,0,0,0,0,0,0,0,0,0,0
201303,26,081,2,3,Kent County                   ,86,86,17719262,0,0,0,0,0,0,0,0,0,69,69,14101136,0,0,0,0,0,0,0,0,0
201303,26,085,2,3,Lake County                   ,3,3,86236,0,0,0,0,0,0,0,0,0,0,0,0,0,0,0,0,0,0,0,0,0
201303,26,087,2,3,Lapeer County                 ,3,3,1075000,0,0,0,0,0,0,0,0,0,3,3,1075000,0,0,0,0,0,0,0,0,0
201303,26,089,2,3,Leelanau County               ,4,4,1019433,0,0,0,0,0,0,0,0,0,0,0,0,0,0,0,0,0,0,0,0,0
201303,26,093,2,3,Livingston County             ,38,38,10168383,0,0,0,0,0,0,0,0,0,37,37,10066311,0,0,0,0,0,0,0,0,0
201303,26,099,2,3,Macomb County                 ,120,120,30205554,0,0,0,0,0,0,1,15,2160656,120,120,30205554,0,0,0,0,0,0,1,15,2160656
201303,26,103,2,3,Marquette County              ,0,0,0,0,0,0,0,0,0,0,0,0,0,0,0,0,0,0,0,0,0,0,0,0
201303,26,113,2,3,Missaukee County              ,1,1,160289,0,0,0,0,0,0,0,0,0,0,0,0,0,0,0,0,0,0,0,0,0
201303,26,123,2,3,Newaygo County                ,4,4,630454,0,0,0,0,0,0,0,0,0,2,2,513120,0,0,0,0,0,0,0,0,0
201303,26,125,2,3,Oakland County                ,165,165,41939628,0,0,0,0,0,0,0,0,0,140,140,32653972,0,0,0,0,0,0,0,0,0
201303,26,129,2,3,Ogemaw County                 ,1,1,172601,0,0,0,0,0,0,0,0,0,1,1,172601,0,0,0,0,0,0,0,0,0
201303,26,133,2,3,Osceola County                ,0,0,0,0,0,0,0,0,0,0,0,0,0,0,0,0,0,0,0,0,0,0,0,0
201303,26,137,2,3,Otsego County                 ,2,2,395558,0,0,0,0,0,0,1,5,250000,0,0,0,0,0,0,0,0,0,0,0,0
201303,26,141,2,3,Presque Isle County           ,0,0,0,0,0,0,0,0,0,0,0,0,0,0,0,0,0,0,0,0,0,0,0,0
201303,26,147,2,3,St. Clair County              ,6,6,808082,0,0,0,0,0,0,0,0,0,2,2,314120,0,0,0,0,0,0,0,0,0
201303,26,163,2,3,Wayne County                  ,48,48,11419489,1,2,188000,1,4,399837,2,18,2119955,40,40,10624443,0,0,0,0,0,0,0,0,0
201303,27,003,2,4,Anoka County                  ,60,60,14851503,0,0,0,0,0,0,0,0,0,57,57,14167606,0,0,0,0,0,0,0,0,0
201303,27,019,2,4,Carver County                 ,64,64,14690982,0,0,0,0,0,0,0,0,0,64,64,14690982,0,0,0,0,0,0,0,0,0
201303,27,025,2,4,Chisago County                ,8,8,1429765,0,0,0,0,0,0,0,0,0,7,7,1263271,0,0,0,0,0,0,0,0,0
201303,27,037,2,4,Dakota County                 ,65,65,17816868,0,0,0,0,0,0,0,0,0,56,56,15238546,0,0,0,0,0,0,0,0,0
201303,27,053,2,4,Hennepin County               ,116,116,39721058,0,0,0,1,3,330000,2,394,63886658,108,108,35833599,0,0,0,1,3,330000,2,394,63886658
201303,27,059,2,4,Isanti County                 ,0,0,0,0,0,0,0,0,0,0,0,0,0,0,0,0,0,0,0,0,0,0,0,0
201303,27,123,2,4,Ramsey County                 ,11,11,3489302,1,2,340000,0,0,0,0,0,0,10,10,3177802,1,2,340000,0,0,0,0,0,0
201303,27,139,2,4,Scott County                  ,38,38,10081669,0,0,0,0,0,0,0,0,0,34,34,8318707,0,0,0,0,0,0,0,0,0
201303,27,141,2,4,Sherburne County              ,13,13,2248957,0,0,0,0,0,0,0,0,0,12,12,2120623,0,0,0,0,0,0,0,0,0
201303,27,163,2,4,Washington County             ,69,69,19627731,0,0,0,0,0,0,1,8,783879,63,63,17587924,0,0,0,0,0,0,0,0,0
201303,27,171,2,4,Wright County                 ,39,39,8179199,0,0,0,0,0,0,0,0,0,39,39,8179199,0,0,0,0,0,0,0,0,0
201303,28,021,3,6,Claiborne County              ,0,0,0,0,0,0,0,0,0,0,0,0,0,0,0,0,0,0,0,0,0,0,0,0
201303,28,033,3,6,DeSoto County                 ,73,73,10439302,0,0,0,0,0,0,0,0,0,61,61,8558430,0,0,0,0,0,0,0,0,0
201303,28,039,3,6,George County                 ,0,0,0,0,0,0,0,0,0,0,0,0,0,0,0,0,0,0,0,0,0,0,0,0
201303,28,071,3,6,Lafayette County              ,26,26,2147500,0,0,0,0,0,0,16,128,1444000,26,26,2147500,0,0,0,0,0,0,16,128,1444000
201303,28,091,3,6,Marion County                 ,1,1,105000,0,0,0,0,0,0,0,0,0,1,1,105000,0,0,0,0,0,0,0,0,0
201303,28,093,3,6,Marshall County               ,2,2,305000,0,0,0,0,0,0,0,0,0,2,2,305000,0,0,0,0,0,0,0,0,0
201303,28,137,3,6,Tate County                   ,6,6,537990,0,0,0,0,0,0,0,0,0,0,0,0,0,0,0,0,0,0,0,0,0
201303,28,143,3,6,Tunica County                 ,1,1,80320,0,0,0,0,0,0,0,0,0,0,0,0,0,0,0,0,0,0,0,0,0
201303,28,153,3,6,Wayne County                  ,0,0,0,0,0,0,0,0,0,0,0,0,0,0,0,0,0,0,0,0,0,0,0,0
201303,29,001,2,4,Adair County                  ,7,7,1473867,0,0,0,0,0,0,0,0,0,7,7,1473867,0,0,0,0,0,0,0,0,0
201303,29,013,2,4,Bates County                  ,0,0,0,0,0,0,0,0,0,0,0,0,0,0,0,0,0,0,0,0,0,0,0,0
201303,29,019,2,4,Boone County                  ,66,66,13257633,1,2,300000,0,0,0,5,169,24075425,66,66,13257633,1,2,300000,0,0,0,5,169,24075425
201303,29,025,2,4,Caldwell County               ,3,3,604541,0,0,0,0,0,0,0,0,0,0,0,0,0,0,0,0,0,0,0,0,0
201303,29,037,2,4,Cass County                   ,12,12,2939360,0,0,0,0,0,0,0,0,0,10,10,2621270,0,0,0,0,0,0,0,0,0
201303,29,047,2,4,Clay County                   ,13,13,2616560,0,0,0,0,0,0,0,0,0,13,13,2616560,0,0,0,0,0,0,0,0,0
201303,29,049,2,4,Clinton County                ,0,0,0,0,0,0,0,0,0,0,0,0,0,0,0,0,0,0,0,0,0,0,0,0
201303,29,051,2,4,Cole County                   ,10,10,2445177,0,0,0,1,3,277486,0,0,0,1,1,575000,0,0,0,0,0,0,0,0,0
201303,29,065,2,4,Dent County                   ,0,0,0,0,0,0,0,0,0,0,0,0,0,0,0,0,0,0,0,0,0,0,0,0
201303,29,071,2,4,Franklin County               ,19,19,2826150,0,0,0,0,0,0,0,0,0,17,17,2436971,0,0,0,0,0,0,0,0,0
201303,29,079,2,4,Grundy County                 ,1,1,52500,0,0,0,0,0,0,0,0,0,0,0,0,0,0,0,0,0,0,0,0,0
201303,29,095,2,4,Jackson County                ,90,90,19629439,2,4,315498,2,7,491900,1,5,767451,35,35,9051333,0,0,0,1,4,300000,0,0,0
201303,29,099,2,4,Jefferson County              ,54,54,7002113,0,0,0,0,0,0,0,0,0,51,51,6616728,0,0,0,0,0,0,0,0,0
201303,29,105,2,4,Laclede County                ,0,0,0,1,2,140000,0,0,0,0,0,0,0,0,0,0,0,0,0,0,0,0,0,0
201303,29,107,2,4,Lafayette County              ,2,2,426240,0,0,0,0,0,0,0,0,0,2,2,426240,0,0,0,0,0,0,0,0,0
201303,29,113,2,4,Lincoln County                ,4,4,446000,0,0,0,0,0,0,0,0,0,4,4,446000,0,0,0,0,0,0,0,0,0
201303,29,141,2,4,Morgan County                 ,0,0,0,0,0,0,0,0,0,0,0,0,0,0,0,0,0,0,0,0,0,0,0,0
201303,29,161,2,4,Phelps County                 ,0,0,0,0,0,0,0,0,0,0,0,0,0,0,0,0,0,0,0,0,0,0,0,0
201303,29,165,2,4,Platte County                 ,30,30,8187023,0,0,0,0,0,0,0,0,0,29,29,7912023,0,0,0,0,0,0,0,0,0
201303,29,175,2,4,Randolph County               ,0,0,0,0,0,0,0,0,0,0,0,0,0,0,0,0,0,0,0,0,0,0,0,0
201303,29,177,2,4,Ray County                    ,1,1,182143,0,0,0,0,0,0,0,0,0,0,0,0,0,0,0,0,0,0,0,0,0
201303,29,183,2,4,St. Charles County            ,146,146,32884911,0,0,0,0,0,0,0,0,0,146,146,32884911,0,0,0,0,0,0,0,0,0
201303,29,189,2,4,St. Louis County              ,58,58,23528491,0,0,0,0,0,0,0,0,0,51,51,20802021,0,0,0,0,0,0,0,0,0
201303,29,219,2,4,Warren County                 ,4,4,815455,0,0,0,0,0,0,1,5,538725,3,3,639360,0,0,0,0,0,0,0,0,0
201303,29,221,2,4,Washington County             ,0,0,0,0,0,0,0,0,0,0,0,0,0,0,0,0,0,0,0,0,0,0,0,0
201303,29,510,2,4,St. Louis (Independent City)  ,7,7,717300,0,0,0,0,0,0,1,102,3484500,7,7,717300,0,0,0,0,0,0,1,102,3484500
201303,30,023,4,8,Deer Lodge County             ,1,1,30000,0,0,0,0,0,0,0,0,0,1,1,30000,0,0,0,0,0,0,0,0,0
201303,30,063,4,8,Missoula County               ,11,11,1107256,0,0,0,1,3,67281,2,64,2784746,11,11,1107256,0,0,0,1,3,67281,2,64,2784746
201303,31,025,2,4,Cass County                   ,9,9,1378783,0,0,0,0,0,0,0,0,0,9,9,1378783,0,0,0,0,0,0,0,0,0
201303,31,033,2,4,Cheyenne County               ,0,0,0,0,0,0,0,0,0,0,0,0,0,0,0,0,0,0,0,0,0,0,0,0
201303,31,055,2,4,Douglas County                ,127,127,21768461,0,0,0,0,0,0,1,29,1716199,125,125,21544445,0,0,0,0,0,0,0,0,0
201303,31,077,2,4,Greeley County                ,0,0,0,0,0,0,0,0,0,0,0,0,0,0,0,0,0,0,0,0,0,0,0,0
201303,31,105,2,4,Kimball County                ,0,0,0,0,0,0,0,0,0,0,0,0,0,0,0,0,0,0,0,0,0,0,0,0
201303,31,153,2,4,Sarpy County                  ,76,76,19520696,0,0,0,0,0,0,4,116,6752742,47,47,13507174,0,0,0,0,0,0,3,110,6356492
201303,31,155,2,4,Saunders County               ,11,11,1162145,0,0,0,0,0,0,0,0,0,8,8,784623,0,0,0,0,0,0,0,0,0
201303,31,177,2,4,Washington County             ,6,6,1021077,0,0,0,0,0,0,0,0,0,6,6,1021077,0,0,0,0,0,0,0,0,0
201303,32,001,4,8,Churchill County              ,0,0,0,0,0,0,0,0,0,0,0,0,0,0,0,0,0,0,0,0,0,0,0,0
201303,32,003,4,8,Clark County                  ,707,707,105030945,2,4,227232,3,12,714591,3,15,1571481,707,707,105030945,2,4,227232,3,12,714591,3,15,1571481
201303,32,005,4,8,Douglas County                ,9,9,2624602,0,0,0,0,0,0,0,0,0,9,9,2624602,0,0,0,0,0,0,0,0,0
201303,32,007,4,8,Elko County                   ,36,36,5177458,0,0,0,0,0,0,4,108,8949858,36,36,5177458,0,0,0,0,0,0,4,108,8949858
201303,32,013,4,8,Humboldt County               ,3,3,380656,0,0,0,0,0,0,0,0,0,1,1,111600,0,0,0,0,0,0,0,0,0
201303,32,015,4,8,Lander County                 ,2,2,250568,0,0,0,0,0,0,0,0,0,2,2,250568,0,0,0,0,0,0,0,0,0
201303,32,017,4,8,Lincoln County                ,1,1,163949,0,0,0,0,0,0,0,0,0,0,0,0,0,0,0,0,0,0,0,0,0
201303,32,019,4,8,Lyon County                   ,4,4,721820,0,0,0,0,0,0,0,0,0,4,4,721820,0,0,0,0,0,0,0,0,0
201303,32,021,4,8,Mineral County                ,0,0,0,0,0,0,0,0,0,0,0,0,0,0,0,0,0,0,0,0,0,0,0,0
201303,32,027,4,8,Pershing County               ,0,0,0,0,0,0,0,0,0,0,0,0,0,0,0,0,0,0,0,0,0,0,0,0
201303,32,029,4,8,Storey County                 ,0,0,0,0,0,0,0,0,0,0,0,0,0,0,0,0,0,0,0,0,0,0,0,0
201303,32,031,4,8,Washoe County                 ,102,102,25515738,0,0,0,0,0,0,0,0,0,102,102,25515738,0,0,0,0,0,0,0,0,0
201303,32,033,4,8,White Pine County             ,0,0,0,0,0,0,0,0,0,0,0,0,0,0,0,0,0,0,0,0,0,0,0,0
201303,32,510,4,8,Carson City (Independent City),2,2,493603,0,0,0,0,0,0,0,0,0,2,2,493603,0,0,0,0,0,0,0,0,0
201303,33,015,1,1,Rockingham County             ,57,57,14039881,1,2,120000,2,6,1304646,0,0,0,44,44,10769194,1,2,120000,2,6,1304646,0,0,0
201303,33,017,1,1,Strafford County              ,14,14,1942498,9,18,806656,0,0,0,0,0,0,2,2,353539,0,0,0,0,0,0,0,0,0
201303,34,001,1,2,Atlantic County               ,26,26,4043597,0,0,0,0,0,0,1,5,1098352,13,13,1871479,0,0,0,0,0,0,0,0,0
201303,34,003,1,2,Bergen County                 ,53,53,23704019,4,8,1249094,0,0,0,7,302,25541365,30,30,15010727,1,2,455000,0,0,0,3,276,23341142
201303,34,005,1,2,Burlington County             ,34,34,6697632,1,2,240680,0,0,0,3,24,2266712,13,13,3060395,1,2,240680,0,0,0,0,0,0
201303,34,007,1,2,Camden County                 ,34,34,3396208,0,0,0,0,0,0,5,35,2478797,21,21,1532505,0,0,0,0,0,0,0,0,0
201303,34,009,1,2,Cape May County               ,37,37,12096628,7,14,2015650,0,0,0,0,0,0,32,32,10768280,7,14,2015650,0,0,0,0,0,0
201303,34,011,1,2,Cumberland County             ,18,18,1907332,0,0,0,0,0,0,0,0,0,8,8,709500,0,0,0,0,0,0,0,0,0
201303,34,013,1,2,Essex County                  ,18,18,3402376,2,4,463000,1,4,701273,3,33,4392075,11,11,2319617,2,4,463000,0,0,0,1,9,603000
201303,34,015,1,2,Gloucester County             ,51,51,7252162,0,0,0,1,3,352125,1,5,143968,37,37,5615616,0,0,0,0,0,0,0,0,0
201303,34,017,1,2,Hudson County                 ,6,6,1380495,6,12,1430500,1,4,250000,2,42,8738758,6,6,1380495,6,12,1430500,1,4,250000,1,14,1200000
201303,34,019,1,2,Hunterdon County              ,3,3,667393,0,0,0,0,0,0,1,5,203395,0,0,15000,0,0,0,0,0,0,0,0,0
201303,34,021,1,2,Mercer County                 ,9,9,3641182,1,2,300250,0,0,0,2,41,906300,8,8,3163344,1,2,300250,0,0,0,2,41,906300
201303,34,023,1,2,Middlesex County              ,84,84,14131247,0,0,0,0,0,0,3,16,1527053,72,72,12554794,0,0,0,0,0,0,1,6,610919
201303,34,025,1,2,Monmouth County               ,59,59,13731029,0,0,0,0,0,0,3,19,230132,47,47,11298369,0,0,0,0,0,0,2,10,5065
201303,34,027,1,2,Morris County                 ,39,39,11157762,1,2,128400,0,0,0,2,10,635085,11,11,3599468,1,2,128400,0,0,0,0,0,0
201303,34,029,1,2,Ocean County                  ,81,81,13281284,6,12,1210760,1,4,500000,2,19,560022,64,64,9381518,6,12,1210760,1,4,500000,1,14,176361
201303,34,031,1,2,Passaic County                ,12,12,1968350,1,2,141000,0,0,0,8,122,5660153,1,1,171500,0,0,0,0,0,0,4,100,3948000
201303,34,033,1,2,Salem County                  ,3,3,437750,0,0,0,0,0,0,0,0,0,2,2,347750,0,0,0,0,0,0,0,0,0
201303,34,035,1,2,Somerset County               ,22,22,4434003,0,0,0,0,0,0,2,29,1717826,18,18,3891845,0,0,0,0,0,0,1,24,1469000
201303,34,037,1,2,Sussex County                 ,13,13,2670772,0,0,0,0,0,0,0,0,0,3,3,605350,0,0,0,0,0,0,0,0,0
201303,34,039,1,2,Union County                  ,20,20,4158736,2,4,304865,1,3,576000,5,26,1034554,4,4,686779,0,0,0,0,0,0,0,0,0
201303,34,041,1,2,Warren County                 ,29,29,3772887,0,0,0,0,0,0,0,0,0,21,21,2618767,0,0,0,0,0,0,0,0,0
201303,35,000,4,8,New Mexico Balance of State   ,48,48,10431005,0,0,0,0,0,0,0,0,0,48,48,10431005,0,0,0,0,0,0,0,0,0
201303,35,001,4,8,Bernalillo County             ,49,49,10209089,0,0,0,1,4,210000,1,34,2700000,49,49,10209089,0,0,0,1,4,210000,1,34,2700000
201303,35,005,4,8,Chaves County                 ,2,2,341315,0,0,0,0,0,0,0,0,0,1,1,165000,0,0,0,0,0,0,0,0,0
201303,35,007,4,8,Colfax County                 ,1,1,423527,0,0,0,0,0,0,0,0,0,0,0,0,0,0,0,0,0,0,0,0,0
201303,35,009,4,8,Curry County                  ,10,10,1874977,0,0,0,0,0,0,0,0,0,10,10,1874977,0,0,0,0,0,0,0,0,0
201303,35,013,4,8,Dona Ana County               ,68,68,13753951,0,0,0,0,0,0,0,0,0,59,59,11964892,0,0,0,0,0,0,0,0,0
201303,35,015,4,8,Eddy County                   ,7,7,1810941,0,0,0,0,0,0,0,0,0,6,6,1654000,0,0,0,0,0,0,0,0,0
201303,35,025,4,8,Lea County                    ,3,3,606900,0,0,0,0,0,0,0,0,0,3,3,606900,0,0,0,0,0,0,0,0,0
201303,35,027,4,8,Lincoln County                ,5,5,1040935,0,0,0,0,0,0,0,0,0,1,1,341147,0,0,0,0,0,0,0,0,0
201303,35,028,4,8,Los Alamos County             ,0,0,0,0,0,0,0,0,0,0,0,0,0,0,0,0,0,0,0,0,0,0,0,0
201303,35,029,4,8,Luna County                   ,0,0,0,0,0,0,0,0,0,0,0,0,0,0,0,0,0,0,0,0,0,0,0,0
201303,35,031,4,8,McKinley County               ,1,1,214000,0,0,0,0,0,0,0,0,0,1,1,214000,0,0,0,0,0,0,0,0,0
201303,35,035,4,8,Otero County                  ,0,0,0,0,0,0,0,0,0,0,0,0,0,0,0,0,0,0,0,0,0,0,0,0
201303,35,039,4,8,Rio Arriba County             ,0,0,0,0,0,0,0,0,0,0,0,0,0,0,0,0,0,0,0,0,0,0,0,0
201303,35,041,4,8,Roosevelt County              ,0,0,0,0,0,0,0,0,0,0,0,0,0,0,0,0,0,0,0,0,0,0,0,0
201303,35,043,4,8,Sandoval County               ,67,67,12168992,1,2,283271,0,0,0,0,0,0,0,0,0,0,0,0,0,0,0,0,0,0
201303,35,045,4,8,San Juan County               ,10,10,2468305,0,0,0,0,0,0,0,0,0,10,10,2468305,0,0,0,0,0,0,0,0,0
201303,35,049,4,8,Santa Fe County               ,13,13,1733654,0,0,0,0,0,0,0,0,0,0,0,0,0,0,0,0,0,0,0,0,0
201303,35,051,4,8,Sierra County                 ,0,0,0,0,0,0,0,0,0,0,0,0,0,0,0,0,0,0,0,0,0,0,0,0
201303,35,053,4,8,Socorro County                ,1,1,100000,0,0,0,0,0,0,0,0,0,1,1,100000,0,0,0,0,0,0,0,0,0
201303,35,055,4,8,Taos County                   ,29,29,3044279,0,0,0,0,0,0,0,0,0,24,24,2496000,0,0,0,0,0,0,0,0,0
201303,35,061,4,8,Valencia County               ,12,12,1531607,0,0,0,0,0,0,0,0,0,0,0,0,0,0,0,0,0,0,0,0,0
201303,36,005,1,2,Bronx County                  ,0,0,0,5,10,1115508,0,0,0,3,33,3212451,0,0,0,5,10,1115508,0,0,0,3,33,3212451
201303,36,047,1,2,Kings County                  ,0,0,0,4,8,892406,3,10,1020490,12,129,12557763,0,0,0,4,8,892406,3,10,1020490,12,129,12557763
201303,36,059,1,2,Nassau County                 ,23,23,12145773,1,2,344000,0,0,0,0,0,0,11,11,7741830,1,2,344000,0,0,0,0,0,0
201303,36,061,1,2,New York County               ,0,0,0,4,8,892406,0,0,0,3,30,2920410,0,0,0,4,8,892406,0,0,0,3,30,2920410
201303,36,079,1,2,Putnam County                 ,7,7,1552000,0,0,0,1,3,906739,1,10,1222092,7,7,1552000,0,0,0,0,0,0,0,0,0
201303,36,081,1,2,Queens County                 ,4,4,946556,11,22,2454118,1,4,408196,7,87,8469189,4,4,946556,11,22,2454118,1,4,408196,7,87,8469189
201303,36,085,1,2,Richmond County               ,8,8,1893111,59,118,13162994,0,0,0,0,0,0,8,8,1893111,59,118,13162994,0,0,0,0,0,0
201303,36,087,1,2,Rockland County               ,8,8,2457000,0,0,0,0,0,0,1,6,584082,8,8,2457000,0,0,0,0,0,0,1,6,584082
201303,36,103,1,2,Suffolk County                ,80,80,32691107,1,2,200000,0,0,0,0,0,0,55,55,22577895,1,2,200000,0,0,0,0,0,0
201303,36,119,1,2,Westchester County            ,20,20,12869067,1,2,425000,0,0,0,1,21,3447761,14,14,10201500,1,2,425000,0,0,0,0,0,0
201303,37,003,3,5,Alexander County              ,4,4,1219260,0,0,0,0,0,0,0,0,0,4,4,1219260,0,0,0,0,0,0,0,0,0
201303,37,007,3,5,Anson County                  ,3,3,434875,0,0,0,0,0,0,0,0,0,0,0,0,0,0,0,0,0,0,0,0,0
201303,37,009,3,5,Ashe County                   ,10,10,2435000,0,0,0,0,0,0,0,0,0,10,10,2435000,0,0,0,0,0,0,0,0,0
201303,37,011,3,5,Avery County                  ,0,0,0,0,0,0,0,0,0,0,0,0,0,0,0,0,0,0,0,0,0,0,0,0
201303,37,019,3,5,Brunswick County              ,133,133,25557884,0,0,0,0,0,0,0,0,0,92,92,18203222,0,0,0,0,0,0,0,0,0
201303,37,025,3,5,Cabarrus County               ,96,96,15415261,0,0,0,0,0,0,0,0,0,96,96,15415261,0,0,0,0,0,0,0,0,0
201303,37,027,3,5,Caldwell County               ,14,14,3701000,0,0,0,0,0,0,0,0,0,14,14,3701000,0,0,0,0,0,0,0,0,0
201303,37,037,3,5,Chatham County                ,38,38,8950382,0,0,0,0,0,0,0,0,0,1,1,102100,0,0,0,0,0,0,0,0,0
201303,37,039,3,5,Cherokee County               ,7,7,1057771,0,0,0,0,0,0,0,0,0,7,7,1057771,0,0,0,0,0,0,0,0,0
201303,37,049,3,5,Craven County                 ,24,24,3140557,0,0,0,0,0,0,0,0,0,5,5,809000,0,0,0,0,0,0,0,0,0
201303,37,053,3,5,Currituck County              ,18,18,4578218,0,0,0,0,0,0,0,0,0,0,0,0,0,0,0,0,0,0,0,0,0
201303,37,059,3,5,Davie County                  ,5,5,1287275,0,0,0,0,0,0,0,0,0,5,5,1287275,0,0,0,0,0,0,0,0,0
201303,37,063,3,5,Durham County                 ,154,154,19815675,0,0,0,0,0,0,0,0,0,154,154,19815675,0,0,0,0,0,0,0,0,0
201303,37,067,3,5,Forsyth County                ,49,49,5990238,0,0,0,0,0,0,0,0,0,49,49,5990238,0,0,0,0,0,0,0,0,0
201303,37,069,3,5,Franklin County               ,18,18,2719744,0,0,0,0,0,0,0,0,0,18,18,2719744,0,0,0,0,0,0,0,0,0
201303,37,071,3,5,Gaston County                 ,32,32,6478609,0,0,0,0,0,0,0,0,0,32,32,6478609,0,0,0,0,0,0,0,0,0
201303,37,081,3,5,Guilford County               ,82,82,19218891,0,0,0,0,0,0,0,0,0,60,60,14937028,0,0,0,0,0,0,0,0,0
201303,37,089,3,5,Henderson County              ,31,31,6387386,0,0,0,0,0,0,0,0,0,31,31,6387386,0,0,0,0,0,0,0,0,0
201303,37,093,3,5,Hoke County                   ,23,23,4084654,0,0,0,0,0,0,0,0,0,23,23,4084654,0,0,0,0,0,0,0,0,0
201303,37,097,3,5,Iredell County                ,52,52,17479211,0,0,0,0,0,0,0,0,0,52,52,17479211,0,0,0,0,0,0,0,0,0
201303,37,099,3,5,Jackson County                ,14,14,6342083,0,0,0,0,0,0,0,0,0,14,14,6342083,0,0,0,0,0,0,0,0,0
201303,37,101,3,5,Johnston County               ,88,88,12524884,0,0,0,0,0,0,0,0,0,30,30,3976653,0,0,0,0,0,0,0,0,0
201303,37,105,3,5,Lee County                    ,9,9,1784170,0,0,0,0,0,0,0,0,0,9,9,1784170,0,0,0,0,0,0,0,0,0
201303,37,109,3,5,Lincoln County                ,14,14,2449885,0,0,0,0,0,0,0,0,0,0,0,0,0,0,0,0,0,0,0,0,0
201303,37,113,3,5,Macon County                  ,7,7,1424389,0,0,0,0,0,0,0,0,0,7,7,1424389,0,0,0,0,0,0,0,0,0
201303,37,119,3,5,Mecklenburg County            ,338,338,66859474,0,0,0,0,0,0,4,204,22875253,338,338,66859474,0,0,0,0,0,0,4,204,22875253
201303,37,127,3,5,Nash County                   ,12,12,2041000,0,0,0,0,0,0,0,0,0,12,12,2041000,0,0,0,0,0,0,0,0,0
201303,37,129,3,5,New Hanover County            ,61,61,14120083,0,0,0,0,0,0,1,37,4212658,8,8,1957000,0,0,0,0,0,0,0,0,0
201303,37,135,3,5,Orange County                 ,28,28,6479427,0,0,0,0,0,0,0,0,0,28,28,6479427,0,0,0,0,0,0,0,0,0
201303,37,137,3,5,Pamlico County                ,3,3,745380,0,0,0,0,0,0,0,0,0,0,0,0,0,0,0,0,0,0,0,0,0
201303,37,141,3,5,Pender County                 ,24,24,3595645,0,0,0,0,0,0,0,0,0,7,7,1273765,0,0,0,0,0,0,0,0,0
201303,37,145,3,5,Person County                 ,8,8,1558000,0,0,0,0,0,0,0,0,0,8,8,1558000,0,0,0,0,0,0,0,0,0
201303,37,147,3,5,Pitt County                   ,39,39,4888655,2,4,360000,0,0,0,0,0,0,39,39,4888655,2,4,360000,0,0,0,0,0,0
201303,37,149,3,5,Polk County                   ,3,3,557134,0,0,0,0,0,0,0,0,0,3,3,557134,0,0,0,0,0,0,0,0,0
201303,37,151,3,5,Randolph County               ,13,13,2659972,0,0,0,0,0,0,0,0,0,13,13,2659972,0,0,0,0,0,0,0,0,0
201303,37,157,3,5,Rockingham County             ,12,12,2310519,0,0,0,0,0,0,0,0,0,12,12,2310519,0,0,0,0,0,0,0,0,0
201303,37,159,3,5,Rowan County                  ,14,14,3046608,0,0,0,0,0,0,0,0,0,14,14,3046608,0,0,0,0,0,0,0,0,0
201303,37,163,3,5,Sampson County                ,5,5,1555000,0,0,0,0,0,0,0,0,0,5,5,1555000,0,0,0,0,0,0,0,0,0
201303,37,167,3,5,Stanly County                 ,10,10,1117600,0,0,0,0,0,0,0,0,0,10,10,1117600,0,0,0,0,0,0,0,0,0
201303,37,171,3,5,Surry County                  ,6,6,1453503,0,0,0,0,0,0,0,0,0,6,6,1453503,0,0,0,0,0,0,0,0,0
201303,37,175,3,5,Transylvania County           ,2,2,612000,0,0,0,0,0,0,0,0,0,2,2,612000,0,0,0,0,0,0,0,0,0
201303,37,179,3,5,Union County                  ,130,130,24845267,0,0,0,0,0,0,0,0,0,130,130,24845267,0,0,0,0,0,0,0,0,0
201303,37,181,3,5,Vance County                  ,3,3,450325,0,0,0,0,0,0,0,0,0,0,0,0,0,0,0,0,0,0,0,0,0
201303,37,183,3,5,Wake County                   ,611,611,131380913,0,0,0,0,0,0,21,534,20564129,574,574,124070361,0,0,0,0,0,0,21,534,20564129
201303,37,195,3,5,Wilson County                 ,11,11,2324623,0,0,0,0,0,0,0,0,0,11,11,2324623,0,0,0,0,0,0,0,0,0
201303,39,015,2,3,Brown County                  ,5,5,792825,0,0,0,0,0,0,0,0,0,0,0,0,0,0,0,0,0,0,0,0,0
201303,39,017,2,3,Butler County                 ,54,54,12211497,1,2,180000,0,0,0,0,0,0,47,47,11301899,1,2,180000,0,0,0,0,0,0
201303,39,025,2,3,Clermont County               ,18,18,3310331,0,0,0,0,0,0,1,39,2000000,18,18,3310331,0,0,0,0,0,0,1,39,2000000
201303,39,035,2,3,Cuyahoga County               ,45,45,10946234,0,0,0,0,0,0,1,5,530305,19,19,6087782,0,0,0,0,0,0,0,0,0
201303,39,041,2,3,Delaware County               ,70,70,15556891,0,0,0,0,0,0,0,0,0,70,70,15556891,0,0,0,0,0,0,0,0,0
201303,39,045,2,3,Fairfield County              ,18,18,4789887,0,0,0,0,0,0,0,0,0,12,12,3662330,0,0,0,0,0,0,0,0,0
201303,39,049,2,3,Franklin County               ,114,114,27208209,3,6,863853,2,8,932872,3,22,1957305,109,109,25917338,3,6,863853,2,8,932872,3,22,1957305
201303,39,055,2,3,Geauga County                 ,18,18,5309671,0,0,0,0,0,0,0,0,0,18,18,5309671,0,0,0,0,0,0,0,0,0
201303,39,061,2,3,Hamilton County               ,57,57,12396937,0,0,0,0,0,0,1,19,1061557,42,42,9404377,0,0,0,0,0,0,0,0,0
201303,39,085,2,3,Lake County                   ,22,22,4800392,0,0,0,0,0,0,0,0,0,19,19,4363843,0,0,0,0,0,0,0,0,0
201303,39,089,2,3,Licking County                ,29,29,4099527,0,0,0,0,0,0,0,0,0,0,0,0,0,0,0,0,0,0,0,0,0
201303,39,093,2,3,Lorain County                 ,53,53,11579737,0,0,0,1,4,228000,0,0,0,50,50,11135976,0,0,0,1,4,228000,0,0,0
201303,39,097,2,3,Madison County                ,1,1,213120,0,0,0,0,0,0,0,0,0,1,1,213120,0,0,0,0,0,0,0,0,0
201303,39,103,2,3,Medina County                 ,34,34,7087417,0,0,0,0,0,0,6,36,1800000,34,34,7087417,0,0,0,0,0,0,6,36,1800000
201303,39,117,2,3,Morrow County                 ,1,1,213120,0,0,0,0,0,0,0,0,0,1,1,213120,0,0,0,0,0,0,0,0,0
201303,39,129,2,3,Pickaway County               ,3,3,543120,0,0,0,0,0,0,0,0,0,3,3,543120,0,0,0,0,0,0,0,0,0
201303,39,159,2,3,Union County                  ,24,24,5114878,0,0,0,0,0,0,0,0,0,24,24,5114878,0,0,0,0,0,0,0,0,0
201303,39,165,2,3,Warren County                 ,64,64,16771963,0,0,0,0,0,0,3,17,3878840,61,61,16348692,0,0,0,0,0,0,3,17,3878840
201303,39,169,2,3,Wayne County                  ,7,7,1579000,0,0,0,0,0,0,0,0,0,7,7,1579000,0,0,0,0,0,0,0,0,0
201303,40,017,3,7,Canadian County               ,44,44,6814278,0,0,0,0,0,0,0,0,0,39,39,5594417,0,0,0,0,0,0,0,0,0
201303,40,021,3,7,Cherokee County               ,5,5,518235,0,0,0,0,0,0,1,11,536905,0,0,0,0,0,0,0,0,0,0,0,0
201303,40,027,3,7,Cleveland County              ,79,79,11262345,0,0,0,0,0,0,0,0,0,78,78,11081300,0,0,0,0,0,0,0,0,0
201303,40,029,3,7,Coal County                   ,0,0,0,0,0,0,0,0,0,0,0,0,0,0,0,0,0,0,0,0,0,0,0,0
201303,40,037,3,7,Creek County                  ,9,9,1345874,0,0,0,0,0,0,0,0,0,9,9,1345874,0,0,0,0,0,0,0,0,0
201303,40,051,3,7,Grady County                  ,12,12,2385714,0,0,0,0,0,0,0,0,0,8,8,2100000,0,0,0,0,0,0,0,0,0
201303,40,081,3,7,Lincoln County                ,0,0,0,0,0,0,0,0,0,0,0,0,0,0,0,0,0,0,0,0,0,0,0,0
201303,40,083,3,7,Logan County                  ,3,3,336000,0,0,0,0,0,0,0,0,0,3,3,336000,0,0,0,0,0,0,0,0,0
201303,40,087,3,7,McClain County                ,22,22,4312534,0,0,0,0,0,0,0,0,0,21,21,4238300,0,0,0,0,0,0,0,0,0
201303,40,099,3,7,Murray County                 ,1,1,69000,0,0,0,0,0,0,0,0,0,1,1,69000,0,0,0,0,0,0,0,0,0
201303,40,109,3,7,Oklahoma County               ,419,419,90215771,0,0,0,4,16,960000,5,90,3470000,415,415,89450796,0,0,0,4,16,960000,5,90,3470000
201303,40,111,3,7,Okmulgee County               ,3,3,90000,0,0,0,0,0,0,0,0,0,3,3,90000,0,0,0,0,0,0,0,0,0
201303,40,113,3,7,Osage County                  ,17,17,2382816,0,0,0,0,0,0,0,0,0,17,17,2382816,0,0,0,0,0,0,0,0,0
201303,40,117,3,7,Pawnee County                 ,0,0,0,0,0,0,0,0,0,0,0,0,0,0,0,0,0,0,0,0,0,0,0,0
201303,40,131,3,7,Rogers County                 ,46,46,8644500,0,0,0,0,0,0,0,0,0,46,46,8644500,0,0,0,0,0,0,0,0,0
201303,40,143,3,7,Tulsa County                  ,194,194,43402347,0,0,0,0,0,0,0,0,0,183,183,40997887,0,0,0,0,0,0,0,0,0
201303,40,145,3,7,Wagoner County                ,19,19,3168407,0,0,0,0,0,0,0,0,0,19,19,3168407,0,0,0,0,0,0,0,0,0
201303,41,000,4,9,Oregon Balance of State       ,9,9,1055519,0,0,0,0,0,0,0,0,0,9,9,1055519,0,0,0,0,0,0,0,0,0
201303,41,001,4,9,Baker County                  ,2,2,192002,0,0,0,0,0,0,0,0,0,2,2,192002,0,0,0,0,0,0,0,0,0
201303,41,005,4,9,Clackamas County              ,146,146,33016661,0,0,0,0,0,0,0,0,0,144,144,32633740,0,0,0,0,0,0,0,0,0
201303,41,009,4,9,Columbia County               ,2,2,463529,1,2,282994,0,0,0,0,0,0,0,0,0,1,2,282994,0,0,0,0,0,0
201303,41,017,4,9,Deschutes County              ,79,79,24359070,0,0,0,0,0,0,0,0,0,79,79,24359070,0,0,0,0,0,0,0,0,0
201303,41,019,4,9,Douglas County                ,13,13,3408287,1,2,256302,0,0,0,1,10,986236,13,13,3408287,1,2,256302,0,0,0,1,10,986236
201303,41,025,4,9,Harney County                 ,0,0,0,0,0,0,0,0,0,0,0,0,0,0,0,0,0,0,0,0,0,0,0,0
201303,41,033,4,9,Josephine County              ,9,9,1971744,0,0,0,0,0,0,0,0,0,9,9,1971744,0,0,0,0,0,0,0,0,0
201303,41,035,4,9,Klamath County                ,6,6,1009157,0,0,0,0,0,0,0,0,0,6,6,1009157,0,0,0,0,0,0,0,0,0
201303,41,045,4,9,Malheur County                ,1,1,95000,0,0,0,0,0,0,0,0,0,0,0,0,0,0,0,0,0,0,0,0,0
201303,41,051,4,9,Multnomah County              ,65,65,16033778,4,8,1245403,0,0,0,2,64,4926023,65,65,16033778,4,8,1245403,0,0,0,2,64,4926023
201303,41,057,4,9,Tillamook County              ,8,8,1911944,0,0,0,0,0,0,0,0,0,8,8,1911944,0,0,0,0,0,0,0,0,0
201303,41,059,4,9,Umatilla County               ,3,3,527511,1,2,260486,0,0,0,1,5,589508,1,1,175000,1,2,260486,0,0,0,0,0,0
201303,41,061,4,9,Union County                  ,0,0,0,0,0,0,0,0,0,0,0,0,0,0,0,0,0,0,0,0,0,0,0,0
201303,41,067,4,9,Washington County             ,103,103,25204937,0,0,0,0,0,0,12,239,15007800,102,102,24929370,0,0,0,0,0,0,12,239,15007800
201303,41,071,4,9,Yamhill County                ,17,17,4303489,0,0,0,0,0,0,0,0,0,15,15,3960391,0,0,0,0,0,0,0,0,0
201303,42,001,1,2,Adams County                  ,11,11,1991000,0,0,0,0,0,0,0,0,0,11,11,1991000,0,0,0,0,0,0,0,0,0
201303,42,003,1,2,Allegheny County              ,153,153,39990877,0,0,0,1,3,307500,2,32,4585960,97,97,27738225,0,0,0,0,0,0,2,32,4585960
201303,42,005,1,2,Armstrong County              ,8,8,1389802,0,0,0,0,0,0,0,0,0,2,2,675000,0,0,0,0,0,0,0,0,0
201303,42,007,1,2,Beaver County                 ,6,6,993033,0,0,0,0,0,0,0,0,0,5,5,821595,0,0,0,0,0,0,0,0,0
201303,42,017,1,2,Bucks County                  ,70,70,10544827,0,0,0,0,0,0,0,0,0,61,61,8844648,0,0,0,0,0,0,0,0,0
201303,42,019,1,2,Butler County                 ,49,49,11781596,0,0,0,0,0,0,0,0,0,42,42,10132807,0,0,0,0,0,0,0,0,0
201303,42,025,1,2,Carbon County                 ,3,3,1229900,0,0,0,0,0,0,0,0,0,3,3,1229900,0,0,0,0,0,0,0,0,0
201303,42,029,1,2,Chester County                ,94,94,19076893,0,0,0,2,8,320000,3,82,11985130,86,86,16852896,0,0,0,2,8,320000,3,82,11985130
201303,42,045,1,2,Delaware County               ,19,19,3955508,0,0,0,0,0,0,0,0,0,13,13,2141088,0,0,0,0,0,0,0,0,0
201303,42,051,1,2,Fayette County                ,16,16,3356878,0,0,0,0,0,0,0,0,0,2,2,272000,0,0,0,0,0,0,0,0,0
201303,42,055,1,2,Franklin County               ,20,20,2787315,0,0,0,0,0,0,0,0,0,12,12,1590000,0,0,0,0,0,0,0,0,0
201303,42,065,1,2,Jefferson County              ,0,0,0,0,0,0,0,0,0,0,0,0,0,0,0,0,0,0,0,0,0,0,0,0
201303,42,077,1,2,Lehigh County                 ,41,41,8395690,0,0,0,0,0,0,1,6,660000,27,27,6470290,0,0,0,0,0,0,1,6,660000
201303,42,091,1,2,Montgomery County             ,77,77,13493601,0,0,0,0,0,0,0,0,0,69,69,11630772,0,0,0,0,0,0,0,0,0
201303,42,095,1,2,Northampton County            ,25,25,4132969,1,2,249844,2,6,913830,1,6,690758,7,7,1375000,0,0,0,1,3,525000,0,0,0
201303,42,101,1,2,Philadelphia County           ,44,44,10412112,18,36,2830000,13,47,2723400,11,372,64841281,44,44,10412112,18,36,2830000,13,47,2723400,11,372,64841281
201303,42,103,1,2,Pike County                   ,7,7,1724226,0,0,0,0,0,0,0,0,0,5,5,985000,0,0,0,0,0,0,0,0,0
201303,42,125,1,2,Washington County             ,33,33,7432811,0,0,0,1,3,355394,1,5,450000,22,22,5284455,0,0,0,0,0,0,1,5,450000
201303,42,129,1,2,Westmoreland County           ,33,33,7344442,1,2,156160,0,0,0,0,0,0,13,13,3544354,0,0,0,0,0,0,0,0,0
201303,44,001,1,1,Bristol County                ,3,3,573094,0,0,0,0,0,0,0,0,0,3,3,573094,0,0,0,0,0,0,0,0,0
201303,44,003,1,1,Kent County                   ,5,5,716603,0,0,0,0,0,0,0,0,0,3,3,503890,0,0,0,0,0,0,0,0,0
201303,44,005,1,1,Newport County                ,9,9,2316230,0,0,0,1,3,420000,0,0,0,9,9,2316230,0,0,0,1,3,420000,0,0,0
201303,44,007,1,1,Providence County             ,21,21,3501796,0,0,0,0,0,0,0,0,0,17,17,2810520,0,0,0,0,0,0,0,0,0
201303,44,009,1,1,Washington County             ,25,25,4696733,2,4,317200,0,0,0,0,0,0,17,17,2763440,0,0,0,0,0,0,0,0,0
201303,45,003,3,5,Aiken County                  ,45,45,9325040,0,0,0,0,0,0,0,0,0,34,34,8092864,0,0,0,0,0,0,0,0,0
201303,45,009,3,5,Bamberg County                ,0,0,0,0,0,0,0,0,0,0,0,0,0,0,0,0,0,0,0,0,0,0,0,0
201303,45,015,3,5,Berkeley County               ,93,93,23404644,0,0,0,0,0,0,1,18,913132,86,86,21419979,0,0,0,0,0,0,0,0,0
201303,45,017,3,5,Calhoun County                ,2,2,543963,0,0,0,0,0,0,0,0,0,2,2,543963,0,0,0,0,0,0,0,0,0
201303,45,019,3,5,Charleston County             ,165,165,37894613,0,0,0,4,16,2635600,8,162,12124427,75,75,25861104,0,0,0,4,16,2635600,4,92,8232312
201303,45,035,3,5,Dorchester County             ,48,48,11596500,0,0,0,0,0,0,0,0,0,47,47,11489000,0,0,0,0,0,0,0,0,0
201303,45,039,3,5,Fairfield County              ,3,3,347993,0,0,0,0,0,0,0,0,0,0,0,0,0,0,0,0,0,0,0,0,0
201303,45,041,3,5,Florence County               ,34,34,4215759,2,4,203875,0,0,0,0,0,0,0,0,0,0,0,0,0,0,0,0,0,0
201303,45,045,3,5,Greenville County             ,227,227,57808510,0,0,0,0,0,0,0,0,0,214,214,55276463,0,0,0,0,0,0,0,0,0
201303,45,047,3,5,Greenwood County              ,16,16,1574869,0,0,0,0,0,0,0,0,0,16,16,1574869,0,0,0,0,0,0,0,0,0
201303,45,055,3,5,Kershaw County                ,19,19,2513065,0,0,0,0,0,0,0,0,0,18,18,2396709,0,0,0,0,0,0,0,0,0
201303,45,059,3,5,Laurens County                ,13,13,1609647,0,0,0,0,0,0,1,16,964480,13,13,1609647,0,0,0,0,0,0,1,16,964480
201303,45,063,3,5,Lexington County              ,132,132,25414742,0,0,0,0,0,0,1,24,2223044,17,17,2743294,0,0,0,0,0,0,0,0,0
201303,45,077,3,5,Pickens County                ,22,22,4973046,0,0,0,0,0,0,1,5,515065,18,18,3888040,0,0,0,0,0,0,0,0,0
201303,45,079,3,5,Richland County               ,127,127,17800466,0,0,0,0,0,0,2,31,1749726,27,27,6278298,0,0,0,0,0,0,0,0,0
201303,45,081,3,5,Saluda County                 ,1,1,189000,0,0,0,0,0,0,0,0,0,1,1,189000,0,0,0,0,0,0,0,0,0
201303,45,085,3,5,Sumter County                 ,27,27,2676602,0,0,0,0,0,0,0,0,0,27,27,2676602,0,0,0,0,0,0,0,0,0
201303,45,091,3,5,York County                   ,124,124,33806250,0,0,0,0,0,0,1,6,713180,111,111,30863951,0,0,0,0,0,0,0,0,0
201303,46,005,2,4,Beadle County                 ,1,1,173451,1,2,240729,0,0,0,0,0,0,1,1,173451,1,2,240729,0,0,0,0,0,0
201303,46,069,2,4,Hyde County                   ,0,0,0,0,0,0,0,0,0,0,0,0,0,0,0,0,0,0,0,0,0,0,0,0
201303,46,121,2,4,Todd County                   ,0,0,0,0,0,0,0,0,0,0,0,0,0,0,0,0,0,0,0,0,0,0,0,0
201303,47,011,3,6,Bradley County                ,21,21,2379700,0,0,0,0,0,0,0,0,0,21,21,2379700,0,0,0,0,0,0,0,0,0
201303,47,015,3,6,Cannon County                 ,1,1,132889,0,0,0,0,0,0,0,0,0,0,0,0,0,0,0,0,0,0,0,0,0
201303,47,021,3,6,Cheatham County               ,4,4,900000,0,0,0,0,0,0,0,0,0,4,4,900000,0,0,0,0,0,0,0,0,0
201303,47,037,3,6,Davidson County               ,166,166,39872776,0,0,0,0,0,0,0,0,0,166,166,39872776,0,0,0,0,0,0,0,0,0
201303,47,039,3,6,Decatur County                ,0,0,0,0,0,0,0,0,0,0,0,0,0,0,0,0,0,0,0,0,0,0,0,0
201303,47,043,3,6,Dickson County                ,4,4,839984,0,0,0,0,0,0,0,0,0,4,4,839984,0,0,0,0,0,0,0,0,0
201303,47,047,3,6,Fayette County                ,22,22,5435000,0,0,0,0,0,0,0,0,0,14,14,3835000,0,0,0,0,0,0,0,0,0
201303,47,063,3,6,Hamblen County                ,5,5,486029,0,0,0,0,0,0,0,0,0,0,0,0,0,0,0,0,0,0,0,0,0
201303,47,071,3,6,Hardin County                 ,1,1,64886,0,0,0,0,0,0,0,0,0,0,0,0,0,0,0,0,0,0,0,0,0
201303,47,081,3,6,Hickman County                ,0,0,0,0,0,0,0,0,0,0,0,0,0,0,0,0,0,0,0,0,0,0,0,0
201303,47,091,3,6,Johnson County                ,0,0,0,0,0,0,0,0,0,0,0,0,0,0,0,0,0,0,0,0,0,0,0,0
201303,47,093,3,6,Knox County                   ,111,111,22856769,0,0,0,0,0,0,0,0,0,43,43,9923774,0,0,0,0,0,0,0,0,0
201303,47,111,3,6,Macon County                  ,1,1,200000,0,0,0,0,0,0,0,0,0,1,1,200000,0,0,0,0,0,0,0,0,0
201303,47,113,3,6,Madison County                ,15,15,3053000,0,0,0,0,0,0,0,0,0,15,15,3053000,0,0,0,0,0,0,0,0,0
201303,47,125,3,6,Montgomery County             ,129,129,17323960,0,0,0,2,8,380000,8,78,2730000,129,129,17323960,0,0,0,2,8,380000,8,78,2730000
201303,47,141,3,6,Putnam County                 ,23,23,3437645,4,8,610740,0,0,0,0,0,0,23,23,3437645,4,8,610740,0,0,0,0,0,0
201303,47,147,3,6,Robertson County              ,7,7,852456,0,0,0,0,0,0,0,0,0,5,5,505000,0,0,0,0,0,0,0,0,0
201303,47,149,3,6,Rutherford County             ,137,137,27216276,0,0,0,0,0,0,0,0,0,121,121,25159384,0,0,0,0,0,0,0,0,0
201303,47,157,3,6,Shelby County                 ,142,142,20972980,2,4,600000,0,0,0,0,0,0,142,142,20972980,2,4,600000,0,0,0,0,0,0
201303,47,159,3,6,Smith County                  ,2,2,395618,0,0,0,0,0,0,0,0,0,2,2,395618,0,0,0,0,0,0,0,0,0
201303,47,165,3,6,Sumner County                 ,65,65,11206820,0,0,0,0,0,0,0,0,0,41,41,6879572,0,0,0,0,0,0,0,0,0
201303,47,167,3,6,Tipton County                 ,6,6,952946,0,0,0,0,0,0,0,0,0,2,2,405180,0,0,0,0,0,0,0,0,0
201303,47,169,3,6,Trousdale County              ,0,0,0,0,0,0,0,0,0,0,0,0,0,0,0,0,0,0,0,0,0,0,0,0
201303,47,179,3,6,Washington County             ,30,30,5204901,0,0,0,6,24,1200000,0,0,0,30,30,5204901,0,0,0,6,24,1200000,0,0,0
201303,47,187,3,6,Williamson County             ,101,101,26178448,0,0,0,0,0,0,0,0,0,96,96,25140685,0,0,0,0,0,0,0,0,0
201303,47,189,3,6,Wilson County                 ,84,84,18239629,0,0,0,0,0,0,13,149,6016667,39,39,8781183,0,0,0,0,0,0,12,144,5380000
201303,48,013,3,7,Atascosa County               ,10,10,1260013,0,0,0,0,0,0,0,0,0,0,0,0,0,0,0,0,0,0,0,0,0
201303,48,015,3,7,Austin County                 ,1,1,129333,0,0,0,0,0,0,0,0,0,0,0,0,0,0,0,0,0,0,0,0,0
201303,48,019,3,7,Bandera County                ,0,0,0,0,0,0,0,0,0,0,0,0,0,0,0,0,0,0,0,0,0,0,0,0
201303,48,021,3,7,Bastrop County                ,8,8,851600,0,0,0,0,0,0,0,0,0,8,8,851600,0,0,0,0,0,0,0,0,0
201303,48,029,3,7,Bexar County                  ,299,299,56172629,0,0,0,1,3,209599,12,321,21953177,62,62,14722239,0,0,0,0,0,0,0,0,0
201303,48,039,3,7,Brazoria County               ,149,149,28567294,0,0,0,0,0,0,0,0,0,148,148,28460918,0,0,0,0,0,0,0,0,0
201303,48,041,3,7,Brazos County                 ,126,126,17310679,2,4,423509,0,0,0,1,24,2053052,126,126,17310679,2,4,423509,0,0,0,1,24,2053052
201303,48,055,3,7,Caldwell County               ,4,4,644000,0,0,0,0,0,0,0,0,0,4,4,644000,0,0,0,0,0,0,0,0,0
201303,48,063,3,7,Camp County                   ,0,0,0,0,0,0,0,0,0,0,0,0,0,0,0,0,0,0,0,0,0,0,0,0
201303,48,071,3,7,Chambers County               ,37,37,6982038,0,0,0,0,0,0,0,0,0,37,37,6982038,0,0,0,0,0,0,0,0,0
201303,48,085,3,7,Collin County                 ,613,613,154037818,1,2,556032,0,0,0,0,0,0,553,553,134822104,1,2,556032,0,0,0,0,0,0
201303,48,091,3,7,Comal County                  ,116,116,17837752,0,0,0,0,0,0,0,0,0,52,52,12743402,0,0,0,0,0,0,0,0,0
201303,48,113,3,7,Dallas County                 ,253,253,72162322,3,6,951290,1,3,350000,2,473,4612500,243,243,65249426,3,6,951290,1,3,350000,2,473,4612500
201303,48,117,3,7,Deaf Smith County             ,0,0,0,0,0,0,0,0,0,0,0,0,0,0,0,0,0,0,0,0,0,0,0,0
201303,48,119,3,7,Delta County                  ,1,1,197809,0,0,0,0,0,0,0,0,0,1,1,197809,0,0,0,0,0,0,0,0,0
201303,48,121,3,7,Denton County                 ,232,232,71958441,0,0,0,0,0,0,7,35,337021,228,228,71208307,0,0,0,0,0,0,7,35,337021
201303,48,133,3,7,Eastland County               ,1,1,114000,0,0,0,0,0,0,0,0,0,0,0,0,0,0,0,0,0,0,0,0,0
201303,48,135,3,7,Ector County                  ,43,43,7700777,0,0,0,0,0,0,2,53,3955224,0,0,0,0,0,0,0,0,0,0,0,0
201303,48,139,3,7,Ellis County                  ,96,96,15498936,0,0,0,0,0,0,0,0,0,94,94,15190936,0,0,0,0,0,0,0,0,0
201303,48,157,3,7,Fort Bend County              ,652,652,126519978,0,0,0,0,0,0,6,379,29826486,52,52,12499182,0,0,0,0,0,0,3,317,24950000
201303,48,167,3,7,Galveston County              ,228,228,46403873,0,0,0,0,0,0,0,0,0,134,134,30543209,0,0,0,0,0,0,0,0,0
201303,48,187,3,7,Guadalupe County              ,70,70,14630321,0,0,0,0,0,0,0,0,0,70,70,14630321,0,0,0,0,0,0,0,0,0
201303,48,201,3,7,Harris County                 ,1388,1388,241214109,4,8,923246,0,0,0,60,1985,151482661,1373,1373,234915311,4,8,923246,0,0,0,60,1985,151482661
201303,48,209,3,7,Hays County                   ,138,138,22011363,1,2,220000,0,0,0,0,0,0,90,90,13513906,1,2,220000,0,0,0,0,0,0
201303,48,215,3,7,Hidalgo County                ,214,214,31733164,6,12,460000,10,39,1830358,0,0,0,187,187,29366520,6,12,460000,10,39,1830358,0,0,0
201303,48,231,3,7,Hunt County                   ,4,4,701717,0,0,0,0,0,0,0,0,0,0,0,0,0,0,0,0,0,0,0,0,0
201303,48,233,3,7,Hutchinson County             ,0,0,0,0,0,0,0,0,0,0,0,0,0,0,0,0,0,0,0,0,0,0,0,0
201303,48,251,3,7,Johnson County                ,73,73,12521640,0,0,0,0,0,0,0,0,0,52,52,9066534,0,0,0,0,0,0,0,0,0
201303,48,257,3,7,Kaufman County                ,13,13,2191850,0,0,0,0,0,0,0,0,0,11,11,1892690,0,0,0,0,0,0,0,0,0
201303,48,259,3,7,Kendall County                ,35,35,7508849,0,0,0,0,0,0,0,0,0,23,23,4941324,0,0,0,0,0,0,0,0,0
201303,48,271,3,7,Kinney County                 ,0,0,0,0,0,0,0,0,0,0,0,0,0,0,0,0,0,0,0,0,0,0,0,0
201303,48,291,3,7,Liberty County                ,21,21,1705629,0,0,0,0,0,0,0,0,0,11,11,1071879,0,0,0,0,0,0,0,0,0
201303,48,307,3,7,McCulloch County              ,0,0,0,0,0,0,0,0,0,0,0,0,0,0,0,0,0,0,0,0,0,0,0,0
201303,48,323,3,7,Maverick County               ,7,7,465434,0,0,0,0,0,0,0,0,0,7,7,465434,0,0,0,0,0,0,0,0,0
201303,48,325,3,7,Medina County                 ,1,1,69995,0,0,0,0,0,0,0,0,0,0,0,0,0,0,0,0,0,0,0,0,0
201303,48,329,3,7,Midland County                ,57,57,10404268,0,0,0,0,0,0,15,290,2800000,57,57,10404268,0,0,0,0,0,0,15,290,2800000
201303,48,339,3,7,Montgomery County             ,461,461,93775657,0,0,0,0,0,0,0,0,0,447,447,89564386,0,0,0,0,0,0,0,0,0
201303,48,353,3,7,Nolan County                  ,0,0,0,0,0,0,0,0,0,0,0,0,0,0,0,0,0,0,0,0,0,0,0,0
201303,48,359,3,7,Oldham County                 ,0,0,0,0,0,0,0,0,0,0,0,0,0,0,0,0,0,0,0,0,0,0,0,0
201303,48,367,3,7,Parker County                 ,34,34,6790519,0,0,0,0,0,0,0,0,0,34,34,6790519,0,0,0,0,0,0,0,0,0
201303,48,375,3,7,Potter County                 ,30,30,8008969,0,0,0,0,0,0,0,0,0,30,30,8008969,0,0,0,0,0,0,0,0,0
201303,48,383,3,7,Reagan County                 ,0,0,0,0,0,0,0,0,0,0,0,0,0,0,0,0,0,0,0,0,0,0,0,0
201303,48,385,3,7,Real County                   ,0,0,0,0,0,0,0,0,0,0,0,0,0,0,0,0,0,0,0,0,0,0,0,0
201303,48,397,3,7,Rockwall County               ,60,60,14279126,0,0,0,0,0,0,0,0,0,51,51,13264156,0,0,0,0,0,0,0,0,0
201303,48,407,3,7,San Jacinto County            ,0,0,0,0,0,0,0,0,0,0,0,0,0,0,0,0,0,0,0,0,0,0,0,0
201303,48,435,3,7,Sutton County                 ,0,0,0,0,0,0,0,0,0,0,0,0,0,0,0,0,0,0,0,0,0,0,0,0
201303,48,437,3,7,Swisher County                ,0,0,0,0,0,0,0,0,0,0,0,0,0,0,0,0,0,0,0,0,0,0,0,0
201303,48,439,3,7,Tarrant County                ,493,493,115398613,0,0,0,0,0,0,0,0,0,449,449,96721250,0,0,0,0,0,0,0,0,0
201303,48,451,3,7,Tom Green County              ,34,34,6295000,0,0,0,0,0,0,0,0,0,34,34,6295000,0,0,0,0,0,0,0,0,0
201303,48,453,3,7,Travis County                 ,394,394,75454419,9,18,1951594,0,0,0,18,373,25325023,371,371,70497436,9,18,1951594,0,0,0,18,373,25325023
201303,48,463,3,7,Uvalde County                 ,2,2,110000,0,0,0,0,0,0,0,0,0,2,2,110000,0,0,0,0,0,0,0,0,0
201303,48,469,3,7,Victoria County               ,14,14,2310500,1,2,135000,0,0,0,0,0,0,14,14,2310500,1,2,135000,0,0,0,0,0,0
201303,48,471,3,7,Walker County                 ,7,7,1215339,0,0,0,0,0,0,0,0,0,7,7,1215339,0,0,0,0,0,0,0,0,0
201303,48,473,3,7,Waller County                 ,0,0,0,0,0,0,0,0,0,1,5,110903,0,0,0,0,0,0,0,0,0,0,0,0
201303,48,479,3,7,Webb County                   ,83,83,12176210,0,0,0,0,0,0,2,37,2601233,0,0,0,0,0,0,0,0,0,0,0,0
201303,48,491,3,7,Williamson County             ,245,245,52607850,0,0,0,0,0,0,0,0,0,217,217,49757591,0,0,0,0,0,0,0,0,0
201303,48,493,3,7,Wilson County                 ,2,2,237165,0,0,0,0,0,0,1,5,240000,0,0,0,0,0,0,0,0,0,0,0,0
201303,48,497,3,7,Wise County                   ,4,4,448845,0,0,0,0,0,0,0,0,0,4,4,448845,0,0,0,0,0,0,0,0,0
201303,49,009,4,8,Daggett County                ,1,1,75013,0,0,0,0,0,0,0,0,0,1,1,75013,0,0,0,0,0,0,0,0,0
201303,49,019,4,8,Grand County                  ,6,6,1452641,0,0,0,0,0,0,2,12,1495267,0,0,0,0,0,0,0,0,0,0,0,0
201303,49,021,4,8,Iron County                   ,7,7,1377873,1,2,208000,0,0,0,0,0,0,5,5,946494,0,0,0,0,0,0,0,0,0
201303,49,033,4,8,Rich County                   ,1,1,152000,0,0,0,0,0,0,0,0,0,1,1,152000,0,0,0,0,0,0,0,0,0
201303,49,035,4,8,Salt Lake County              ,261,261,56026610,1,2,198463,2,7,1087814,6,93,7068173,213,213,46865929,0,0,0,2,7,1087814,1,60,4600000
201303,49,039,4,8,Sanpete County                ,1,1,171916,0,0,0,0,0,0,0,0,0,1,1,171916,0,0,0,0,0,0,0,0,0
201303,49,043,4,8,Summit County                 ,14,14,6885144,1,2,1063069,1,3,998271,0,0,0,3,3,1356738,1,2,1063069,1,3,998271,0,0,0
201303,49,045,4,8,Tooele County                 ,25,25,4857231,0,0,0,0,0,0,0,0,0,25,25,4857231,0,0,0,0,0,0,0,0,0
201303,49,051,4,8,Wasatch County                ,22,22,7809073,0,0,0,0,0,0,1,8,4595399,22,22,7809073,0,0,0,0,0,0,1,8,4595399
201303,51,003,3,5,Albemarle County              ,51,51,12488134,0,0,0,0,0,0,1,38,2331527,0,0,0,0,0,0,0,0,0,0,0,0
201303,51,007,3,5,Amelia County                 ,4,4,666180,0,0,0,0,0,0,0,0,0,4,4,666180,0,0,0,0,0,0,0,0,0
201303,51,013,3,5,Arlington County              ,11,11,5020000,0,0,0,0,0,0,0,0,0,11,11,5020000,0,0,0,0,0,0,0,0,0
201303,51,015,3,5,Augusta County                ,10,10,1484731,0,0,0,0,0,0,0,0,0,10,10,1484731,0,0,0,0,0,0,0,0,0
201303,51,019,3,5,Bedford County                ,14,14,3369000,0,0,0,0,0,0,0,0,0,14,14,3369000,0,0,0,0,0,0,0,0,0
201303,51,023,3,5,Botetourt County              ,3,3,514599,0,0,0,0,0,0,0,0,0,3,3,514599,0,0,0,0,0,0,0,0,0
201303,51,031,3,5,Campbell County               ,5,5,1229000,0,0,0,0,0,0,1,173,15412000,5,5,1229000,0,0,0,0,0,0,1,173,15412000
201303,51,033,3,5,Caroline County               ,5,5,714000,0,0,0,0,0,0,0,0,0,5,5,714000,0,0,0,0,0,0,0,0,0
201303,51,036,3,5,Charles City County           ,3,3,437384,0,0,0,0,0,0,0,0,0,0,0,0,0,0,0,0,0,0,0,0,0
201303,51,037,3,5,Charlotte County              ,2,2,330810,0,0,0,0,0,0,0,0,0,2,2,330810,0,0,0,0,0,0,0,0,0
201303,51,041,3,5,Chesterfield County           ,87,87,17209391,1,2,213150,1,3,600000,1,10,641724,87,87,17209391,1,2,213150,1,3,600000,1,10,641724
201303,51,043,3,5,Clarke County                 ,2,2,515000,0,0,0,0,0,0,0,0,0,2,2,515000,0,0,0,0,0,0,0,0,0
201303,51,047,3,5,Culpeper County               ,15,15,3018773,0,0,0,0,0,0,0,0,0,15,15,3018773,0,0,0,0,0,0,0,0,0
201303,51,049,3,5,Cumberland County             ,4,4,900500,0,0,0,0,0,0,0,0,0,4,4,900500,0,0,0,0,0,0,0,0,0
201303,51,053,3,5,Dinwiddie County              ,8,8,1365272,0,0,0,0,0,0,0,0,0,0,0,0,0,0,0,0,0,0,0,0,0
201303,51,059,3,5,Fairfax County                ,58,58,11472927,0,0,0,0,0,0,2,20,1449560,58,58,11472927,0,0,0,0,0,0,2,20,1449560
201303,51,061,3,5,Fauquier County               ,24,24,4765500,0,0,0,0,0,0,0,0,0,21,21,4290000,0,0,0,0,0,0,0,0,0
201303,51,065,3,5,Fluvanna County               ,6,6,1319250,0,0,0,0,0,0,0,0,0,6,6,1319250,0,0,0,0,0,0,0,0,0
201303,51,067,3,5,Franklin County               ,15,15,3973384,0,0,0,0,0,0,0,0,0,0,0,0,0,0,0,0,0,0,0,0,0
201303,51,069,3,5,Frederick County              ,19,19,4321400,0,0,0,0,0,0,0,0,0,19,19,4321400,0,0,0,0,0,0,0,0,0
201303,51,073,3,5,Gloucester County             ,14,14,2228800,0,0,0,0,0,0,0,0,0,14,14,2228800,0,0,0,0,0,0,0,0,0
201303,51,075,3,5,Goochland County              ,10,10,2566125,0,0,0,0,0,0,0,0,0,10,10,2566125,0,0,0,0,0,0,0,0,0
201303,51,079,3,5,Greene County                 ,3,3,530000,0,0,0,0,0,0,4,70,2747000,3,3,530000,0,0,0,0,0,0,4,70,2747000
201303,51,085,3,5,Hanover County                ,50,50,10812682,0,0,0,0,0,0,0,0,0,50,50,10812682,0,0,0,0,0,0,0,0,0
201303,51,087,3,5,Henrico County                ,62,62,10334679,0,0,0,0,0,0,0,0,0,62,62,10334679,0,0,0,0,0,0,0,0,0
201303,51,093,3,5,Isle of Wight County          ,7,7,1743921,0,0,0,0,0,0,0,0,0,7,7,1743921,0,0,0,0,0,0,0,0,0
201303,51,095,3,5,James City County             ,29,29,8386852,0,0,0,3,10,944763,0,0,0,29,29,8386852,0,0,0,3,10,944763,0,0,0
201303,51,097,3,5,King and Queen County         ,0,0,0,0,0,0,0,0,0,0,0,0,0,0,0,0,0,0,0,0,0,0,0,0
201303,51,099,3,5,King George County            ,5,5,907876,0,0,0,0,0,0,0,0,0,5,5,907876,0,0,0,0,0,0,0,0,0
201303,51,101,3,5,King William County           ,8,8,1466500,0,0,0,0,0,0,0,0,0,8,8,1466500,0,0,0,0,0,0,0,0,0
201303,51,107,3,5,Loudoun County                ,531,531,105036629,0,0,0,0,0,0,0,0,0,531,531,105036629,0,0,0,0,0,0,0,0,0
201303,51,109,3,5,Louisa County                 ,10,10,1922025,0,0,0,0,0,0,0,0,0,10,10,1922025,0,0,0,0,0,0,0,0,0
201303,51,115,3,5,Mathews County                ,2,2,410281,0,0,0,0,0,0,0,0,0,2,2,410281,0,0,0,0,0,0,0,0,0
201303,51,119,3,5,Middlesex County              ,2,2,363000,0,0,0,0,0,0,0,0,0,2,2,363000,0,0,0,0,0,0,0,0,0
201303,51,127,3,5,New Kent County               ,14,14,1800415,0,0,0,0,0,0,0,0,0,14,14,1800415,0,0,0,0,0,0,0,0,0
201303,51,137,3,5,Orange County                 ,2,2,769000,0,0,0,0,0,0,0,0,0,2,2,769000,0,0,0,0,0,0,0,0,0
201303,51,143,3,5,Pittsylvania County           ,16,16,2340532,0,0,0,0,0,0,0,0,0,0,0,0,0,0,0,0,0,0,0,0,0
201303,51,145,3,5,Powhatan County               ,13,13,3605000,0,0,0,0,0,0,0,0,0,13,13,3605000,0,0,0,0,0,0,0,0,0
201303,51,149,3,5,Prince George County          ,3,3,593427,0,0,0,0,0,0,0,0,0,3,3,593427,0,0,0,0,0,0,0,0,0
201303,51,153,3,5,Prince William County         ,155,155,30660410,0,0,0,0,0,0,0,0,0,155,155,30660410,0,0,0,0,0,0,0,0,0
201303,51,157,3,5,Rappahannock County           ,2,2,857100,0,0,0,0,0,0,0,0,0,0,0,0,0,0,0,0,0,0,0,0,0
201303,51,161,3,5,Roanoke County                ,12,12,2743619,0,0,0,0,0,0,0,0,0,12,12,2743619,0,0,0,0,0,0,0,0,0
201303,51,163,3,5,Rockbridge County             ,4,4,654000,0,0,0,0,0,0,0,0,0,4,4,654000,0,0,0,0,0,0,0,0,0
201303,51,165,3,5,Rockingham County             ,13,13,3640000,0,0,0,0,0,0,0,0,0,13,13,3640000,0,0,0,0,0,0,0,0,0
201303,51,169,3,5,Scott County                  ,3,3,288000,0,0,0,0,0,0,0,0,0,0,0,0,0,0,0,0,0,0,0,0,0
201303,51,171,3,5,Shenandoah County             ,2,2,350000,0,0,0,0,0,0,0,0,0,2,2,350000,0,0,0,0,0,0,0,0,0
201303,51,177,3,5,Spotsylvania County           ,32,32,8656094,0,0,0,0,0,0,0,0,0,0,0,0,0,0,0,0,0,0,0,0,0
201303,51,179,3,5,Stafford County               ,59,59,10780445,0,0,0,0,0,0,0,0,0,59,59,10780445,0,0,0,0,0,0,0,0,0
201303,51,181,3,5,Surry County                  ,2,2,238151,0,0,0,0,0,0,0,0,0,0,0,0,0,0,0,0,0,0,0,0,0
201303,51,183,3,5,Sussex County                 ,6,6,483303,0,0,0,0,0,0,0,0,0,6,6,483303,0,0,0,0,0,0,0,0,0
201303,51,187,3,5,Warren County                 ,9,9,1874000,0,0,0,0,0,0,0,0,0,9,9,1874000,0,0,0,0,0,0,0,0,0
201303,51,199,3,5,York County                   ,8,8,4507625,0,0,0,1,4,590000,1,6,720703,8,8,4507625,0,0,0,1,4,590000,1,6,720703
201303,51,510,3,5,Alexandria (Independent City) ,0,0,0,0,0,0,0,0,0,0,0,0,0,0,0,0,0,0,0,0,0,0,0,0
201303,51,530,3,5,Buena Vista (Independent City),0,0,0,0,0,0,0,0,0,0,0,0,0,0,0,0,0,0,0,0,0,0,0,0
201303,51,550,3,5,Chesapeake(Independent City)  ,77,77,23964400,0,0,0,0,0,0,0,0,0,77,77,23964400,0,0,0,0,0,0,0,0,0
201303,51,570,3,5,Colonial Heights (Independent ,0,0,0,0,0,0,0,0,0,0,0,0,0,0,0,0,0,0,0,0,0,0,0,0
201303,51,580,3,5,Covington (Independent City)  ,0,0,0,0,0,0,0,0,0,0,0,0,0,0,0,0,0,0,0,0,0,0,0,0
201303,51,600,3,5,Fairfax (Independent City)    ,5,5,700000,0,0,0,0,0,0,0,0,0,5,5,700000,0,0,0,0,0,0,0,0,0
201303,51,610,3,5,Falls Church (Independent City,2,2,693615,0,0,0,0,0,0,0,0,0,0,0,0,0,0,0,0,0,0,0,0,0
201303,51,630,3,5,Fredericksburg(Independent Cit,1,1,309536,0,0,0,0,0,0,0,0,0,1,1,309536,0,0,0,0,0,0,0,0,0
201303,51,650,3,5,Hampton (Independent City)    ,21,21,3146727,0,0,0,0,0,0,3,35,1212311,0,0,0,0,0,0,0,0,0,0,0,0
201303,51,660,3,5,Harrisonburg (Independent City,2,2,390000,0,0,0,0,0,0,0,0,0,2,2,390000,0,0,0,0,0,0,0,0,0
201303,51,670,3,5,Hopewell (Independent City)   ,2,2,167876,0,0,0,0,0,0,0,0,0,2,2,167876,0,0,0,0,0,0,0,0,0
201303,51,680,3,5,Lynchburg (Independent City)  ,17,17,3600000,0,0,0,0,0,0,0,0,0,17,17,3600000,0,0,0,0,0,0,0,0,0
201303,51,683,3,5,Manassas (Independent City)   ,13,13,1950000,0,0,0,0,0,0,0,0,0,0,0,0,0,0,0,0,0,0,0,0,0
201303,51,685,3,5,Manassas Park (Independent Cit,0,0,0,0,0,0,0,0,0,0,0,0,0,0,0,0,0,0,0,0,0,0,0,0
201303,51,700,3,5,Newport News (Independent City,11,11,845496,0,0,0,0,0,0,0,0,0,11,11,845496,0,0,0,0,0,0,0,0,0
201303,51,710,3,5,Norfolk (Independent City)    ,37,37,6718283,0,0,0,0,0,0,4,154,1280000,37,37,6718283,0,0,0,0,0,0,4,154,1280000
201303,51,730,3,5,Petersburg (Independent City) ,1,1,117913,0,0,0,0,0,0,0,0,0,0,0,0,0,0,0,0,0,0,0,0,0
201303,51,735,3,5,Poquoson (Independent City)   ,1,1,140000,0,0,0,0,0,0,0,0,0,1,1,140000,0,0,0,0,0,0,0,0,0
201303,51,740,3,5,Portsmouth (Independent City) ,9,9,1780282,0,0,0,0,0,0,0,0,0,9,9,1780282,0,0,0,0,0,0,0,0,0
201303,51,760,3,5,Richmond (Independent City)   ,15,15,2366136,0,0,0,0,0,0,0,0,0,15,15,2366136,0,0,0,0,0,0,0,0,0
201303,51,770,3,5,Roanoke (Independent City)    ,8,8,1039278,0,0,0,0,0,0,0,0,0,8,8,1039278,0,0,0,0,0,0,0,0,0
201303,51,800,3,5,Suffolk (Independent City)    ,54,54,10681691,0,0,0,0,0,0,0,0,0,54,54,10681691,0,0,0,0,0,0,0,0,0
201303,51,810,3,5,Virginia Beach (Independent Ci,90,90,15174837,0,0,0,0,0,0,1,24,633440,90,90,15174837,0,0,0,0,0,0,1,24,633440
201303,51,830,3,5,Williamsburg (Independent City,3,3,2027430,0,0,0,0,0,0,0,0,0,3,3,2027430,0,0,0,0,0,0,0,0,0
201303,53,011,4,9,Clark County                  ,146,146,33564078,0,0,0,0,0,0,9,130,9574284,144,144,33219655,0,0,0,0,0,0,9,130,9574284
201303,53,033,4,9,King County                   ,371,371,115767162,8,16,2849421,6,21,3646438,8,161,21754980,288,288,91118118,8,16,2849421,5,18,2851964,4,141,19693346
201303,53,041,4,9,Lewis County                  ,7,7,1203297,0,0,0,0,0,0,0,0,0,7,7,1203297,0,0,0,0,0,0,0,0,0
201303,53,053,4,9,Pierce County                 ,220,220,58256520,0,0,0,0,0,0,2,12,1430224,219,219,57884342,0,0,0,0,0,0,2,12,1430224
201303,53,059,4,9,Skamania County               ,1,1,494216,0,0,0,0,0,0,0,0,0,1,1,494216,0,0,0,0,0,0,0,0,0
201303,53,061,4,9,Snohomish County              ,174,174,44508659,10,20,4564262,0,0,0,10,217,26325699,170,170,43637897,10,20,4564262,0,0,0,10,217,26325699
201303,54,037,3,5,Jefferson County              ,24,24,5710196,0,0,0,0,0,0,0,0,0,13,13,2718000,0,0,0,0,0,0,0,0,0
201303,55,021,2,3,Columbia County               ,3,3,929500,0,0,0,0,0,0,0,0,0,2,2,329500,0,0,0,0,0,0,0,0,0
201303,55,025,2,3,Dane County                   ,73,73,19465662,3,6,680000,1,3,274179,3,110,10668188,47,47,14276190,2,4,500000,0,0,0,1,52,5000000
201303,55,031,2,3,Douglas County                ,5,5,685000,0,0,0,0,0,0,0,0,0,5,5,685000,0,0,0,0,0,0,0,0,0
201303,55,037,2,3,Florence County               ,2,2,305900,0,0,0,0,0,0,0,0,0,0,0,0,0,0,0,0,0,0,0,0,0
201303,55,049,2,3,Iowa County                   ,3,3,276990,0,0,0,0,0,0,0,0,0,3,3,276990,0,0,0,0,0,0,0,0,0
201303,55,059,2,3,Kenosha County                ,11,11,2358050,0,0,0,0,0,0,1,40,2233000,11,11,2358050,0,0,0,0,0,0,1,40,2233000
201303,55,079,2,3,Milwaukee County              ,11,11,2795170,0,0,0,0,0,0,0,0,0,11,11,2795170,0,0,0,0,0,0,0,0,0
201303,55,089,2,3,Ozaukee County                ,11,11,3860877,0,0,0,0,0,0,0,0,0,5,5,1404946,0,0,0,0,0,0,0,0,0
201303,55,093,2,3,Pierce County                 ,2,2,325000,0,0,0,0,0,0,0,0,0,1,1,130000,0,0,0,0,0,0,0,0,0
201303,55,109,2,3,St. Croix County              ,18,18,4390025,0,0,0,0,0,0,0,0,0,18,18,4390025,0,0,0,0,0,0,0,0,0
201303,55,113,2,3,Sawyer County                 ,3,3,325120,0,0,0,0,0,0,0,0,0,3,3,325120,0,0,0,0,0,0,0,0,0
201303,55,131,2,3,Washington County             ,18,18,4402837,2,4,538150,0,0,0,0,0,0,13,13,3012980,2,4,538150,0,0,0,0,0,0
201303,55,133,2,3,Waukesha County               ,56,56,18780114,0,0,0,0,0,0,0,0,0,53,53,17633433,0,0,0,0,0,0,0,0,0
201303,56,019,4,8,Johnson County                ,0,0,0,0,0,0,0,0,0,0,0,0,0,0,0,0,0,0,0,0,0,0,0,0
201303,56,039,4,8,Teton County                  ,7,7,8152375,0,0,0,0,0,0,0,0,0,0,0,0,0,0,0,0,0,0,0,0,0
