Survey,FIPS,FIPS,Region,Division,County,,1-unit,,,2-units,,,3-4 units,,,5+ units,,,1-unit rep,,,2-units rep,,,3-4 units rep,,, 5+units rep
Date,State,County,Code,Code,Name,Bldgs,Units,Value,Bldgs,Units,Value,Bldgs,Units,Value,Bldgs,Units,Value,Bldgs,Units,Value,Bldgs,Units,Value,Bldgs,Units,Value,Bldgs,Units,Value
 
201309,01,001,3,6,Autauga County                ,4,4,650492,0,0,0,0,0,0,0,0,0,4,4,650492,0,0,0,0,0,0,0,0,0
201309,01,007,3,6,Bibb County                   ,1,1,170088,0,0,0,0,0,0,0,0,0,0,0,0,0,0,0,0,0,0,0,0,0
201309,01,009,3,6,Blount County                 ,0,0,0,0,0,0,0,0,0,0,0,0,0,0,0,0,0,0,0,0,0,0,0,0
201309,01,021,3,6,Chilton County                ,2,2,425900,0,0,0,0,0,0,0,0,0,2,2,425900,0,0,0,0,0,0,0,0,0
201309,01,037,3,6,Coosa County                  ,0,0,0,0,0,0,0,0,0,0,0,0,0,0,0,0,0,0,0,0,0,0,0,0
201309,01,073,3,6,Jefferson County              ,104,104,27633344,0,0,0,0,0,0,3,97,7023190,86,86,23115660,0,0,0,0,0,0,0,0,0
201309,01,081,3,6,Lee County                    ,64,64,19334098,0,0,0,0,0,0,0,0,0,64,64,19334098,0,0,0,0,0,0,0,0,0
201309,01,115,3,6,St. Clair County              ,3,3,524000,0,0,0,0,0,0,0,0,0,3,3,524000,0,0,0,0,0,0,0,0,0
201309,01,117,3,6,Shelby County                 ,60,60,12687019,0,0,0,0,0,0,2,25,1396875,16,16,3531763,0,0,0,0,0,0,0,0,0
201309,01,127,3,6,Walker County                 ,2,2,300000,0,0,0,0,0,0,0,0,0,2,2,300000,0,0,0,0,0,0,0,0,0
201309,02,013,4,9,Aleutians East Borough        ,0,0,0,0,0,0,0,0,0,0,0,0,0,0,0,0,0,0,0,0,0,0,0,0
201309,02,016,4,9,Aleutians West Census Area    ,0,0,0,0,0,0,0,0,0,0,0,0,0,0,0,0,0,0,0,0,0,0,0,0
201309,02,020,4,9,Anchorage Borough             ,38,38,11209749,5,10,1611997,7,28,5097249,1,7,2072948,38,38,11209749,5,10,1611997,7,28,5097249,1,7,2072948
201309,02,020,4,9,Anchorage Municipality        ,38,38,11209749,5,10,1611997,7,28,5097249,1,7,2072948,38,38,11209749,5,10,1611997,7,28,5097249,1,7,2072948
201309,02,050,4,9,Bethel Census Area            ,1,1,300000,0,0,0,0,0,0,0,0,0,1,1,300000,0,0,0,0,0,0,0,0,0
201309,02,060,4,9,Bristol Bay Borough           ,0,0,0,0,0,0,0,0,0,0,0,0,0,0,0,0,0,0,0,0,0,0,0,0
201309,02,070,4,9,Dillingham Census Area        ,0,0,0,0,0,0,0,0,0,0,0,0,0,0,0,0,0,0,0,0,0,0,0,0
201309,02,090,4,9,Fairbanks North Star Borough  ,4,4,735204,0,0,0,0,0,0,0,0,0,0,0,0,0,0,0,0,0,0,0,0,0
201309,02,100,4,9,Haines Borough                ,0,0,0,0,0,0,0,0,0,0,0,0,0,0,0,0,0,0,0,0,0,0,0,0
201309,02,105,4,9,Hoonah-Angoon Census Area     ,0,0,0,0,0,0,0,0,0,0,0,0,0,0,0,0,0,0,0,0,0,0,0,0
201309,02,110,4,9,Juneau Borough                ,5,5,954278,1,2,433830,0,0,0,0,0,0,5,5,954278,1,2,433830,0,0,0,0,0,0
201309,02,110,4,9,Juneau City and Borough       ,5,5,954278,1,2,433830,0,0,0,0,0,0,5,5,954278,1,2,433830,0,0,0,0,0,0
201309,02,122,4,9,Kenai Peninsula Borough       ,4,4,767126,0,0,0,0,0,0,0,0,0,2,2,275000,0,0,0,0,0,0,0,0,0
201309,02,130,4,9,Ketchikan Gateway Borough     ,1,1,228998,0,0,0,0,0,0,0,0,0,1,1,228998,0,0,0,0,0,0,0,0,0
201309,02,150,4,9,Kodiak Island Borough         ,0,0,0,0,0,0,0,0,0,0,0,0,0,0,0,0,0,0,0,0,0,0,0,0
201309,02,170,4,9,Matanuska-Susitna Borough     ,4,4,792314,1,2,249093,0,0,0,0,0,0,3,3,608541,1,2,249093,0,0,0,0,0,0
201309,02,180,4,9,Nome Census Area              ,0,0,0,1,2,239786,0,0,0,0,0,0,0,0,0,1,2,239786,0,0,0,0,0,0
201309,02,185,4,9,North Slope Borough           ,3,3,680135,0,0,0,0,0,0,0,0,0,0,0,0,0,0,0,0,0,0,0,0,0
201309,02,188,4,9,Northwest Arctic Borough      ,0,0,0,0,0,0,0,0,0,0,0,0,0,0,0,0,0,0,0,0,0,0,0,0
201309,02,195,4,9,Petersburg Census Area        ,1,1,120000,0,0,0,0,0,0,0,0,0,1,1,120000,0,0,0,0,0,0,0,0,0
201309,02,198,4,9,Prince of Wales-Hyder Census A,1,1,248128,0,0,0,0,0,0,0,0,0,1,1,248128,0,0,0,0,0,0,0,0,0
201309,02,220,4,9,Sitka Borough                 ,2,2,494571,1,2,300000,0,0,0,0,0,0,0,0,0,0,0,0,0,0,0,0,0,0
201309,02,220,4,9,Sitka City and Borough        ,2,2,494571,1,2,300000,0,0,0,0,0,0,0,0,0,0,0,0,0,0,0,0,0,0
201309,02,230,4,9,Skagway Municipality          ,0,0,0,1,2,222000,0,0,0,0,0,0,0,0,0,1,2,222000,0,0,0,0,0,0
201309,02,261,4,9,Valdez-Cordova Census Area    ,0,0,0,0,0,0,0,0,0,0,0,0,0,0,0,0,0,0,0,0,0,0,0,0
201309,02,270,4,9,Wade Hampton Census Area      ,0,0,0,0,0,0,0,0,0,0,0,0,0,0,0,0,0,0,0,0,0,0,0,0
201309,02,275,4,9,Wrangell City and Borough     ,0,0,0,0,0,0,0,0,0,0,0,0,0,0,0,0,0,0,0,0,0,0,0,0
201309,02,282,4,9,Yakutat Borough               ,0,0,0,0,0,0,0,0,0,0,0,0,0,0,0,0,0,0,0,0,0,0,0,0
201309,02,282,4,9,Yakutat City and Borough      ,0,0,0,0,0,0,0,0,0,0,0,0,0,0,0,0,0,0,0,0,0,0,0,0
201309,02,290,4,9,Yukon-Koyukuk Census Area     ,0,0,0,0,0,0,0,0,0,0,0,0,0,0,0,0,0,0,0,0,0,0,0,0
201309,04,013,4,8,Maricopa County               ,800,800,207772787,0,0,0,1,3,644611,3,19,3968535,740,740,194339251,0,0,0,1,3,644611,3,19,3968535
201309,04,019,4,8,Pima County                   ,167,167,42112615,2,4,203220,0,0,0,2,46,5395175,114,114,29349436,0,0,0,0,0,0,0,0,0
201309,04,021,4,8,Pinal County                  ,111,111,16937399,0,0,0,2,8,783331,0,0,0,81,81,11874631,0,0,0,2,8,783331,0,0,0
201309,05,023,3,7,Cleburne County               ,2,2,241000,0,0,0,0,0,0,0,0,0,2,2,241000,0,0,0,0,0,0,0,0,0
201309,05,025,3,7,Cleveland County              ,0,0,0,0,0,0,0,0,0,0,0,0,0,0,0,0,0,0,0,0,0,0,0,0
201309,05,027,3,7,Columbia County               ,2,2,495000,0,0,0,0,0,0,0,0,0,2,2,495000,0,0,0,0,0,0,0,0,0
201309,05,035,3,7,Crittenden County             ,4,4,855000,0,0,0,0,0,0,0,0,0,4,4,855000,0,0,0,0,0,0,0,0,0
201309,05,059,3,7,Hot Spring County             ,0,0,0,0,0,0,0,0,0,0,0,0,0,0,0,0,0,0,0,0,0,0,0,0
201309,05,061,3,7,Howard County                 ,0,0,0,0,0,0,0,0,0,0,0,0,0,0,0,0,0,0,0,0,0,0,0,0
201309,05,091,3,7,Miller County                 ,6,6,512000,0,0,0,0,0,0,0,0,0,6,6,512000,0,0,0,0,0,0,0,0,0
201309,05,099,3,7,Nevada County                 ,0,0,0,0,0,0,0,0,0,0,0,0,0,0,0,0,0,0,0,0,0,0,0,0
201309,06,001,4,9,Alameda County                ,89,89,29647742,4,8,1578565,0,0,0,3,112,24007636,63,63,22521160,0,0,0,0,0,0,2,96,20747701
201309,06,003,4,9,Alpine County                 ,0,0,0,0,0,0,0,0,0,0,0,0,0,0,0,0,0,0,0,0,0,0,0,0
201309,06,009,4,9,Calaveras County              ,3,3,529175,0,0,0,0,0,0,0,0,0,3,3,529175,0,0,0,0,0,0,0,0,0
201309,06,013,4,9,Contra Costa County           ,92,92,22593874,0,0,0,0,0,0,5,67,4396905,36,36,9831229,0,0,0,0,0,0,3,28,3564509
201309,06,017,4,9,El Dorado County              ,9,9,3939998,0,0,0,0,0,0,0,0,0,8,8,3644302,0,0,0,0,0,0,0,0,0
201309,06,037,4,9,Los Angeles County            ,338,338,126884009,23,46,8773931,3,12,1880000,18,334,48374007,307,307,113214000,23,46,8773931,3,12,1880000,15,304,43539177
201309,06,041,4,9,Marin County                  ,9,9,3879440,0,0,0,0,0,0,2,10,985506,0,0,0,0,0,0,0,0,0,0,0,0
201309,06,045,4,9,Mendocino County              ,4,4,839795,0,0,0,0,0,0,0,0,0,4,4,839795,0,0,0,0,0,0,0,0,0
201309,06,049,4,9,Modoc County                  ,1,1,138030,0,0,0,0,0,0,0,0,0,0,0,0,0,0,0,0,0,0,0,0,0
201309,06,051,4,9,Mono County                   ,2,2,517446,0,0,0,0,0,0,0,0,0,1,1,311359,0,0,0,0,0,0,0,0,0
201309,06,059,4,9,Orange County                 ,260,260,80024117,2,4,1045843,9,34,5539743,20,435,52610272,236,236,69256948,1,2,368159,7,28,4217270,19,410,49950507
201309,06,061,4,9,Placer County                 ,63,63,22849034,0,0,0,0,0,0,0,0,0,62,62,22588066,0,0,0,0,0,0,0,0,0
201309,06,063,4,9,Plumas County                 ,3,3,430126,0,0,0,0,0,0,0,0,0,3,3,430126,0,0,0,0,0,0,0,0,0
201309,06,065,4,9,Riverside County              ,302,302,68845105,0,0,0,0,0,0,0,0,0,296,296,67531603,0,0,0,0,0,0,0,0,0
201309,06,067,4,9,Sacramento County             ,155,155,40468782,4,8,1002335,0,0,0,0,0,0,154,154,40225528,4,8,1002335,0,0,0,0,0,0
201309,06,069,4,9,San Benito County             ,31,31,6537751,0,0,0,0,0,0,0,0,0,31,31,6537751,0,0,0,0,0,0,0,0,0
201309,06,071,4,9,San Bernardino County         ,181,181,44855839,0,0,0,5,15,3100210,4,21,1908215,171,171,43661240,0,0,0,5,15,3100210,4,21,1908215
201309,06,073,4,9,San Diego County              ,190,190,67726215,4,8,949982,4,13,2499015,3,21,19258459,185,185,66434994,4,8,949982,4,13,2499015,2,16,18792073
201309,06,075,4,9,San Francisco County          ,2,2,496256,2,4,1809647,0,0,0,0,0,0,2,2,496256,2,4,1809647,0,0,0,0,0,0
201309,06,077,4,9,San Joaquin County            ,41,41,10173446,0,0,0,0,0,0,0,0,0,40,40,9804835,0,0,0,0,0,0,0,0,0
201309,06,081,4,9,San Mateo County              ,28,28,26074080,0,0,0,0,0,0,2,28,4825836,14,14,20265641,0,0,0,0,0,0,0,0,0
201309,06,085,4,9,Santa Clara County            ,84,84,38877643,0,0,0,0,0,0,3,132,18888374,68,68,31361724,0,0,0,0,0,0,1,103,14368334
201309,06,091,4,9,Sierra County                 ,0,0,0,0,0,0,0,0,0,0,0,0,0,0,0,0,0,0,0,0,0,0,0,0
201309,06,113,4,9,Yolo County                   ,27,27,7277628,0,0,0,0,0,0,0,0,0,20,20,5470035,0,0,0,0,0,0,0,0,0
201309,08,001,4,8,Adams County                  ,57,57,22916064,0,0,0,0,0,0,0,0,0,52,52,21941162,0,0,0,0,0,0,0,0,0
201309,08,005,4,8,Arapahoe County               ,58,58,16827637,0,0,0,0,0,0,0,0,0,57,57,15144637,0,0,0,0,0,0,0,0,0
201309,08,014,4,8,Broomfield County             ,26,26,8771751,1,2,399305,0,0,0,0,0,0,26,26,8771751,1,2,399305,0,0,0,0,0,0
201309,08,015,4,8,Chaffee County                ,12,12,2985470,0,0,0,0,0,0,0,0,0,12,12,2985470,0,0,0,0,0,0,0,0,0
201309,08,019,4,8,Clear Creek County            ,0,0,0,0,0,0,0,0,0,0,0,0,0,0,0,0,0,0,0,0,0,0,0,0
201309,08,023,4,8,Costilla County               ,3,3,680691,0,0,0,0,0,0,0,0,0,0,0,0,0,0,0,0,0,0,0,0,0
201309,08,031,4,8,Denver County                 ,135,135,30111546,2,4,734758,1,4,1100000,3,507,75702044,135,135,30111546,2,4,734758,1,4,1100000,3,507,75702044
201309,08,033,4,8,Dolores County                ,0,0,0,0,0,0,0,0,0,0,0,0,0,0,0,0,0,0,0,0,0,0,0,0
201309,08,035,4,8,Douglas County                ,87,87,27054825,0,0,0,0,0,0,0,0,0,87,87,27054825,0,0,0,0,0,0,0,0,0
201309,08,039,4,8,Elbert County                 ,9,9,2825741,0,0,0,0,0,0,0,0,0,9,9,2825741,0,0,0,0,0,0,0,0,0
201309,08,041,4,8,El Paso County                ,173,173,72282642,0,0,0,0,0,0,11,238,26514917,173,173,72282642,0,0,0,0,0,0,11,238,26514917
201309,08,047,4,8,Gilpin County                 ,1,1,250000,0,0,0,0,0,0,0,0,0,1,1,250000,0,0,0,0,0,0,0,0,0
201309,08,049,4,8,Grand County                  ,14,14,3556352,0,0,0,0,0,0,2,13,1773147,2,2,719244,0,0,0,0,0,0,1,8,1221102
201309,08,059,4,8,Jefferson County              ,71,71,20196818,1,2,340606,1,3,357228,1,10,1181818,56,56,15556595,0,0,0,0,0,0,0,0,0
201309,08,069,4,8,Larimer County                ,121,121,33152807,1,2,360242,3,12,1597811,1,8,928578,118,118,32531692,1,2,360242,3,12,1597811,1,8,928578
201309,08,077,4,8,Mesa County                   ,58,58,12854150,0,0,0,0,0,0,0,0,0,58,58,12854150,0,0,0,0,0,0,0,0,0
201309,08,093,4,8,Park County                   ,10,10,1652410,0,0,0,0,0,0,0,0,0,10,10,1652410,0,0,0,0,0,0,0,0,0
201309,08,101,4,8,Pueblo County                 ,6,6,1073754,0,0,0,0,0,0,0,0,0,6,6,1073754,0,0,0,0,0,0,0,0,0
201309,08,107,4,8,Routt County                  ,3,3,998376,0,0,0,0,0,0,0,0,0,3,3,998376,0,0,0,0,0,0,0,0,0
201309,08,119,4,8,Teller County                 ,6,6,1972514,0,0,0,0,0,0,0,0,0,6,6,1972514,0,0,0,0,0,0,0,0,0
201309,08,123,4,8,Weld County                   ,90,90,22148811,0,0,0,0,0,0,0,0,0,61,61,15606880,0,0,0,0,0,0,0,0,0
201309,10,001,3,5,Kent County                   ,66,66,8280210,0,0,0,0,0,0,2,14,734026,66,66,8280210,0,0,0,0,0,0,2,14,734026
201309,10,003,3,5,New Castle County             ,87,87,8478730,0,0,0,0,0,0,1,8,128000,76,76,7622534,0,0,0,0,0,0,0,0,0
201309,10,005,3,5,Sussex County                 ,192,192,28275863,6,12,1729479,5,18,2033032,6,46,6212869,192,192,28275863,6,12,1729479,5,18,2033032,6,46,6212869
201309,11,001,3,5,Washington  DC                ,36,36,7386465,0,0,0,0,0,0,2,442,29791416,36,36,7386465,0,0,0,0,0,0,2,442,29791416
201309,12,003,3,5,Baker County                  ,4,4,477814,0,0,0,0,0,0,0,0,0,4,4,477814,0,0,0,0,0,0,0,0,0
201309,12,009,3,5,Brevard County                ,97,97,30843477,0,0,0,0,0,0,0,0,0,96,96,30419616,0,0,0,0,0,0,0,0,0
201309,12,011,3,5,Broward County                ,121,121,27029103,0,0,0,0,0,0,16,407,21348440,115,115,25128284,0,0,0,0,0,0,14,363,19743750
201309,12,013,3,5,Calhoun County                ,1,1,178000,0,0,0,0,0,0,0,0,0,1,1,178000,0,0,0,0,0,0,0,0,0
201309,12,015,3,5,Charlotte County              ,31,31,6289027,0,0,0,0,0,0,0,0,0,6,6,1748883,0,0,0,0,0,0,0,0,0
201309,12,019,3,5,Clay County                   ,71,71,11990225,2,4,418762,0,0,0,0,0,0,70,70,11707187,1,2,240000,0,0,0,0,0,0
201309,12,021,3,5,Collier County                ,58,58,27326470,0,0,0,2,8,1215000,4,24,7419600,58,58,27326470,0,0,0,2,8,1215000,4,24,7419600
201309,12,023,3,5,Columbia County               ,5,5,589753,0,0,0,0,0,0,0,0,0,1,1,12200,0,0,0,0,0,0,0,0,0
201309,12,031,3,5,Duval County                  ,147,147,31131488,0,0,0,0,0,0,2,44,5600000,145,145,30518374,0,0,0,0,0,0,2,44,5600000
201309,12,033,3,5,Escambia County               ,78,78,16004008,0,0,0,0,0,0,0,0,0,78,78,16004008,0,0,0,0,0,0,0,0,0
201309,12,035,3,5,Flagler County                ,32,32,8777140,0,0,0,9,34,1109900,2,10,1528000,23,23,5619000,0,0,0,9,34,1109900,2,10,1528000
201309,12,037,3,5,Franklin County               ,1,1,275931,0,0,0,0,0,0,0,0,0,0,0,0,0,0,0,0,0,0,0,0,0
201309,12,041,3,5,Gilchrist County              ,1,1,297000,0,0,0,0,0,0,0,0,0,1,1,297000,0,0,0,0,0,0,0,0,0
201309,12,043,3,5,Glades County                 ,1,1,220000,0,0,0,0,0,0,0,0,0,1,1,220000,0,0,0,0,0,0,0,0,0
201309,12,047,3,5,Hamilton County               ,0,0,0,0,0,0,0,0,0,0,0,0,0,0,0,0,0,0,0,0,0,0,0,0
201309,12,049,3,5,Hardee County                 ,1,1,156972,0,0,0,0,0,0,0,0,0,0,0,0,0,0,0,0,0,0,0,0,0
201309,12,053,3,5,Hernando County               ,12,12,2023891,0,0,0,0,0,0,0,0,0,11,11,1833639,0,0,0,0,0,0,0,0,0
201309,12,055,3,5,Highlands County              ,2,2,189200,0,0,0,0,0,0,0,0,0,2,2,189200,0,0,0,0,0,0,0,0,0
201309,12,057,3,5,Hillsborough County           ,307,307,167481851,2,4,1150364,0,0,0,0,0,0,307,307,167481851,2,4,1150364,0,0,0,0,0,0
201309,12,061,3,5,Indian River County           ,23,23,8228108,0,0,0,0,0,0,0,0,0,22,22,7300158,0,0,0,0,0,0,0,0,0
201309,12,063,3,5,Jackson County                ,4,4,499721,0,0,0,0,0,0,0,0,0,0,0,0,0,0,0,0,0,0,0,0,0
201309,12,065,3,5,Jefferson County              ,3,3,388241,0,0,0,0,0,0,0,0,0,3,3,388241,0,0,0,0,0,0,0,0,0
201309,12,067,3,5,Lafayette County              ,1,1,185000,0,0,0,0,0,0,0,0,0,1,1,185000,0,0,0,0,0,0,0,0,0
201309,12,069,3,5,Lake County                   ,134,134,31192059,0,0,0,0,0,0,0,0,0,69,69,11774953,0,0,0,0,0,0,0,0,0
201309,12,071,3,5,Lee County                    ,181,181,39168572,5,10,1081900,3,12,2771690,8,54,10556797,181,181,39168572,5,10,1081900,3,12,2771690,8,54,10556797
201309,12,073,3,5,Leon County                   ,29,29,4858315,0,0,0,0,0,0,2,70,6206144,9,9,1789940,0,0,0,0,0,0,0,0,0
201309,12,077,3,5,Liberty County                ,0,0,0,0,0,0,0,0,0,0,0,0,0,0,0,0,0,0,0,0,0,0,0,0
201309,12,081,3,5,Manatee County                ,159,159,37519464,0,0,0,2,7,954020,4,249,18724640,159,159,37519464,0,0,0,2,7,954020,4,249,18724640
201309,12,083,3,5,Marion County                 ,42,42,8614628,0,0,0,0,0,0,0,0,0,42,42,8614628,0,0,0,0,0,0,0,0,0
201309,12,085,3,5,Martin County                 ,45,45,19799479,0,0,0,0,0,0,0,0,0,45,45,19799479,0,0,0,0,0,0,0,0,0
201309,12,086,3,5,Miami-Dade County             ,155,155,45468663,2,4,239740,2,6,1000000,4,277,45505215,147,147,43178047,2,4,239740,2,6,1000000,3,269,31328000
201309,12,089,3,5,Nassau County                 ,34,34,8363773,0,0,0,0,0,0,0,0,0,11,11,2656433,0,0,0,0,0,0,0,0,0
201309,12,095,3,5,Orange County                 ,396,396,85933720,1,2,420934,1,3,208125,0,0,0,373,373,80626499,1,2,420934,0,0,0,0,0,0
201309,12,097,3,5,Osceola County                ,209,209,50839846,0,0,0,0,0,0,1,10,1710817,209,209,50839846,0,0,0,0,0,0,1,10,1710817
201309,12,099,3,5,Palm Beach County             ,249,249,85789165,3,6,1024327,0,0,0,10,351,32749324,234,234,80283796,2,4,858664,0,0,0,6,275,25154782
201309,12,101,3,5,Pasco County                  ,118,118,24286350,3,6,700117,0,0,0,0,0,0,116,116,23973973,3,6,700117,0,0,0,0,0,0
201309,12,103,3,5,Pinellas County               ,26,26,7616393,0,0,0,0,0,0,2,29,3990098,23,23,6874797,0,0,0,0,0,0,1,17,2733000
201309,12,105,3,5,Polk County                   ,178,178,38368464,0,0,0,0,0,0,0,0,0,176,176,38171069,0,0,0,0,0,0,0,0,0
201309,12,107,3,5,Putnam County                 ,2,2,1221804,0,0,0,0,0,0,0,0,0,1,1,1000000,0,0,0,0,0,0,0,0,0
201309,12,109,3,5,St. Johns County              ,218,218,44943994,0,0,0,0,0,0,0,0,0,218,218,44943994,0,0,0,0,0,0,0,0,0
201309,12,111,3,5,St. Lucie County              ,67,67,10975641,1,2,489998,0,0,0,1,5,734339,67,67,10975641,1,2,489998,0,0,0,0,0,0
201309,12,113,3,5,Santa Rosa County             ,95,95,12282131,0,0,0,0,0,0,0,0,0,95,95,12282131,0,0,0,0,0,0,0,0,0
201309,12,115,3,5,Sarasota County               ,125,125,38120936,0,0,0,0,0,0,1,14,1667501,60,60,17949350,0,0,0,0,0,0,0,0,0
201309,12,117,3,5,Seminole County               ,86,86,20507580,0,0,0,0,0,0,2,200,14732550,41,41,12275714,0,0,0,0,0,0,2,200,14732550
201309,12,119,3,5,Sumter County                 ,359,359,102446995,0,0,0,0,0,0,0,0,0,359,359,102446995,0,0,0,0,0,0,0,0,0
201309,12,123,3,5,Taylor County                 ,0,0,0,0,0,0,0,0,0,0,0,0,0,0,0,0,0,0,0,0,0,0,0,0
201309,12,125,3,5,Union County                  ,0,0,0,0,0,0,0,0,0,0,0,0,0,0,0,0,0,0,0,0,0,0,0,0
201309,12,127,3,5,Volusia County                ,102,102,30717843,0,0,0,0,0,0,0,0,0,80,80,24429990,0,0,0,0,0,0,0,0,0
201309,12,129,3,5,Wakulla County                ,0,0,0,0,0,0,0,0,0,0,0,0,0,0,0,0,0,0,0,0,0,0,0,0
201309,12,131,3,5,Walton County                 ,83,83,27105030,0,0,0,0,0,0,1,25,3115536,0,0,0,0,0,0,0,0,0,0,0,0
201309,12,133,3,5,Washington County             ,2,2,307636,0,0,0,0,0,0,0,0,0,0,0,0,0,0,0,0,0,0,0,0,0
201309,13,005,3,5,Bacon County                  ,0,0,0,0,0,0,0,0,0,0,0,0,0,0,0,0,0,0,0,0,0,0,0,0
201309,13,013,3,5,Barrow County                 ,23,23,2107931,0,0,0,0,0,0,0,0,0,23,23,2107931,0,0,0,0,0,0,0,0,0
201309,13,015,3,5,Bartow County                 ,13,13,2585796,0,0,0,0,0,0,0,0,0,13,13,2585796,0,0,0,0,0,0,0,0,0
201309,13,029,3,5,Bryan County                  ,32,32,4528366,0,0,0,0,0,0,0,0,0,32,32,4528366,0,0,0,0,0,0,0,0,0
201309,13,035,3,5,Butts County                  ,0,0,0,0,0,0,0,0,0,0,0,0,0,0,0,0,0,0,0,0,0,0,0,0
201309,13,045,3,5,Carroll County                ,12,12,641533,0,0,0,0,0,0,8,204,13659408,12,12,641533,0,0,0,0,0,0,8,204,13659408
201309,13,057,3,5,Cherokee County               ,117,117,25836010,0,0,0,0,0,0,0,0,0,117,117,25836010,0,0,0,0,0,0,0,0,0
201309,13,059,3,5,Clarke County                 ,1,1,886129,0,0,0,0,0,0,0,0,0,1,1,886129,0,0,0,0,0,0,0,0,0
201309,13,063,3,5,Clayton County                ,14,14,2872514,0,0,0,0,0,0,0,0,0,14,14,2872514,0,0,0,0,0,0,0,0,0
201309,13,067,3,5,Cobb County                   ,121,121,34784675,1,2,298508,1,4,925266,1,8,1332505,114,114,33360697,1,2,298508,1,4,925266,1,8,1332505
201309,13,077,3,5,Coweta County                 ,70,70,20246479,0,0,0,0,0,0,0,0,0,66,66,19527503,0,0,0,0,0,0,0,0,0
201309,13,085,3,5,Dawson County                 ,4,4,352000,0,0,0,0,0,0,0,0,0,4,4,352000,0,0,0,0,0,0,0,0,0
201309,13,089,3,5,DeKalb County                 ,20,20,6654468,0,0,0,2,8,825104,1,39,4322960,2,2,1119398,0,0,0,0,0,0,0,0,0
201309,13,095,3,5,Dougherty County              ,3,3,329709,1,2,150110,0,0,0,0,0,0,0,0,0,0,0,0,0,0,0,0,0,0
201309,13,097,3,5,Douglas County                ,16,16,2266637,0,0,0,0,0,0,0,0,0,16,16,2266637,0,0,0,0,0,0,0,0,0
201309,13,111,3,5,Fannin County                 ,11,11,2119077,0,0,0,0,0,0,0,0,0,11,11,2119077,0,0,0,0,0,0,0,0,0
201309,13,113,3,5,Fayette County                ,21,21,4881391,0,0,0,0,0,0,0,0,0,20,20,4541266,0,0,0,0,0,0,0,0,0
201309,13,117,3,5,Forsyth County                ,302,302,61964237,0,0,0,0,0,0,0,0,0,302,302,61964237,0,0,0,0,0,0,0,0,0
201309,13,121,3,5,Fulton County                 ,176,176,36106871,0,0,0,0,0,0,6,516,69653957,175,175,35606871,0,0,0,0,0,0,6,516,69653957
201309,13,127,3,5,Glynn County                  ,22,22,5658520,0,0,0,0,0,0,0,0,0,22,22,5658520,0,0,0,0,0,0,0,0,0
201309,13,133,3,5,Greene County                 ,6,6,1312848,0,0,0,0,0,0,0,0,0,6,6,1312848,0,0,0,0,0,0,0,0,0
201309,13,135,3,5,Gwinnett County               ,145,145,21307531,0,0,0,0,0,0,2,60,4464355,26,26,5657470,0,0,0,0,0,0,0,0,0
201309,13,143,3,5,Haralson County               ,2,2,287368,0,0,0,0,0,0,0,0,0,1,1,105000,0,0,0,0,0,0,0,0,0
201309,13,145,3,5,Harris County                 ,11,11,2888795,0,0,0,0,0,0,0,0,0,11,11,2888795,0,0,0,0,0,0,0,0,0
201309,13,149,3,5,Heard County                  ,2,2,268736,0,0,0,0,0,0,0,0,0,0,0,0,0,0,0,0,0,0,0,0,0
201309,13,151,3,5,Henry County                  ,84,84,19565327,0,0,0,0,0,0,0,0,0,84,84,19565327,0,0,0,0,0,0,0,0,0
201309,13,159,3,5,Jasper County                 ,3,3,401942,0,0,0,0,0,0,0,0,0,0,0,0,0,0,0,0,0,0,0,0,0
201309,13,169,3,5,Jones County                  ,1,1,190000,0,0,0,0,0,0,0,0,0,1,1,190000,0,0,0,0,0,0,0,0,0
201309,13,171,3,5,Lamar County                  ,1,1,123202,0,0,0,0,0,0,0,0,0,1,1,123202,0,0,0,0,0,0,0,0,0
201309,13,177,3,5,Lee County                    ,13,13,1485706,0,0,0,0,0,0,0,0,0,0,0,0,0,0,0,0,0,0,0,0,0
201309,13,189,3,5,McDuffie County               ,1,1,160193,0,0,0,0,0,0,0,0,0,0,0,0,0,0,0,0,0,0,0,0,0
201309,13,199,3,5,Meriwether County             ,2,2,410359,0,0,0,0,0,0,0,0,0,2,2,410359,0,0,0,0,0,0,0,0,0
201309,13,211,3,5,Morgan County                 ,2,2,195000,0,0,0,0,0,0,0,0,0,2,2,195000,0,0,0,0,0,0,0,0,0
201309,13,213,3,5,Murray County                 ,5,5,963217,0,0,0,0,0,0,0,0,0,5,5,963217,0,0,0,0,0,0,0,0,0
201309,13,215,3,5,Muscogee County               ,25,25,2646412,0,0,0,1,4,181694,1,19,1441112,0,0,0,0,0,0,0,0,0,0,0,0
201309,13,217,3,5,Newton County                 ,15,15,2113405,0,0,0,0,0,0,0,0,0,10,10,1638000,0,0,0,0,0,0,0,0,0
201309,13,223,3,5,Paulding County               ,31,31,5959669,0,0,0,0,0,0,0,0,0,31,31,5959669,0,0,0,0,0,0,0,0,0
201309,13,227,3,5,Pickens County                ,5,5,1885000,0,0,0,0,0,0,0,0,0,5,5,1885000,0,0,0,0,0,0,0,0,0
201309,13,231,3,5,Pike County                   ,2,2,455000,0,0,0,0,0,0,0,0,0,2,2,455000,0,0,0,0,0,0,0,0,0
201309,13,237,3,5,Putnam County                 ,5,5,3308000,0,0,0,0,0,0,0,0,0,5,5,3308000,0,0,0,0,0,0,0,0,0
201309,13,239,3,5,Quitman County                ,0,0,0,0,0,0,0,0,0,0,0,0,0,0,0,0,0,0,0,0,0,0,0,0
201309,13,247,3,5,Rockdale County               ,7,7,1994584,0,0,0,0,0,0,0,0,0,7,7,1994584,0,0,0,0,0,0,0,0,0
201309,13,255,3,5,Spalding County               ,8,8,927199,0,0,0,0,0,0,0,0,0,8,8,927199,0,0,0,0,0,0,0,0,0
201309,13,291,3,5,Union County                  ,4,4,820718,0,0,0,0,0,0,0,0,0,4,4,820718,0,0,0,0,0,0,0,0,0
201309,13,293,3,5,Upson County                  ,2,2,210000,0,0,0,0,0,0,0,0,0,2,2,210000,0,0,0,0,0,0,0,0,0
201309,13,297,3,5,Walton County                 ,18,18,2308462,0,0,0,0,0,0,0,0,0,16,16,2090000,0,0,0,0,0,0,0,0,0
201309,13,313,3,5,Whitfield County              ,3,3,370582,0,0,0,0,0,0,0,0,0,0,0,0,0,0,0,0,0,0,0,0,0
201309,13,321,3,5,Worth County                  ,0,0,0,0,0,0,0,0,0,0,0,0,0,0,0,0,0,0,0,0,0,0,0,0
201309,15,001,4,9,Hawaii County                 ,60,60,19457050,0,0,0,0,0,0,0,0,0,60,60,19457050,0,0,0,0,0,0,0,0,0
201309,15,003,4,9,Honolulu County               ,86,86,25531220,0,0,0,1,4,548784,4,659,111641250,86,86,25531220,0,0,0,1,4,548784,4,659,111641250
201309,15,007,4,9,Kauai County                  ,14,14,7006325,0,0,0,0,0,0,0,0,0,0,0,0,0,0,0,0,0,0,0,0,0
201309,15,009,4,9,Maui County                   ,36,36,8932615,0,0,0,0,0,0,0,0,0,36,36,8932615,0,0,0,0,0,0,0,0,0
201309,16,001,4,8,Ada County                    ,188,188,46396720,0,0,0,1,3,195729,6,100,6512952,91,91,25568120,0,0,0,0,0,0,5,90,6002000
201309,16,015,4,8,Boise County                  ,3,3,565880,0,0,0,0,0,0,0,0,0,3,3,565880,0,0,0,0,0,0,0,0,0
201309,16,027,4,8,Canyon County                 ,80,80,12900140,0,0,0,0,0,0,1,24,1505522,80,80,12900140,0,0,0,0,0,0,1,24,1505522
201309,16,045,4,8,Gem County                    ,2,2,283203,0,0,0,0,0,0,0,0,0,2,2,283203,0,0,0,0,0,0,0,0,0
201309,16,073,4,8,Owyhee County                 ,2,2,389395,0,0,0,0,0,0,0,0,0,2,2,389395,0,0,0,0,0,0,0,0,0
201309,17,005,2,3,Bond County                   ,1,1,135000,0,0,0,0,0,0,0,0,0,1,1,135000,0,0,0,0,0,0,0,0,0
201309,17,013,2,3,Calhoun County                ,1,1,118250,0,0,0,0,0,0,0,0,0,0,0,0,0,0,0,0,0,0,0,0,0
201309,17,027,2,3,Clinton County                ,7,7,1308850,0,0,0,0,0,0,0,0,0,7,7,1308850,0,0,0,0,0,0,0,0,0
201309,17,031,2,3,Cook County                   ,136,136,43429342,4,8,1799100,9,28,11630849,16,1284,150006180,122,122,38500640,4,8,1799100,9,28,11630849,14,1261,146260000
201309,17,037,2,3,DeKalb County                 ,5,5,1115000,0,0,0,0,0,0,0,0,0,5,5,1115000,0,0,0,0,0,0,0,0,0
201309,17,039,2,3,De Witt County                ,3,3,525000,0,0,0,0,0,0,0,0,0,3,3,525000,0,0,0,0,0,0,0,0,0
201309,17,043,2,3,DuPage County                 ,84,84,37175415,0,0,0,1,4,440560,1,24,4500000,79,79,35424358,0,0,0,1,4,440560,1,24,4500000
201309,17,063,2,3,Grundy County                 ,6,6,1143105,0,0,0,0,0,0,2,15,769230,4,4,822007,0,0,0,0,0,0,0,0,0
201309,17,083,2,3,Jersey County                 ,4,4,548140,0,0,0,0,0,0,1,13,752045,0,0,0,0,0,0,0,0,0,0,0,0
201309,17,089,2,3,Kane County                   ,83,83,14921605,0,0,0,0,0,0,1,6,485368,54,54,9494518,0,0,0,0,0,0,1,6,485368
201309,17,093,2,3,Kendall County                ,15,15,1741475,0,0,0,0,0,0,0,0,0,15,15,1741475,0,0,0,0,0,0,0,0,0
201309,17,097,2,3,Lake County                   ,60,60,17145117,1,2,236880,0,0,0,0,0,0,42,42,11863808,0,0,0,0,0,0,0,0,0
201309,17,111,2,3,McHenry County                ,41,41,6392256,0,0,0,0,0,0,2,46,4688973,28,28,4456930,0,0,0,0,0,0,0,0,0
201309,17,117,2,3,Macoupin County               ,4,4,709284,0,0,0,0,0,0,0,0,0,0,0,0,0,0,0,0,0,0,0,0,0
201309,17,119,2,3,Madison County                ,19,19,5337504,0,0,0,0,0,0,0,0,0,13,13,3843599,0,0,0,0,0,0,0,0,0
201309,17,133,2,3,Monroe County                 ,11,11,2725613,0,0,0,0,0,0,0,0,0,6,6,1651369,0,0,0,0,0,0,0,0,0
201309,17,163,2,3,St. Clair County              ,46,46,9149116,0,0,0,1,3,312450,1,21,2502634,21,21,4039226,0,0,0,0,0,0,0,0,0
201309,17,197,2,3,Will County                   ,92,92,25415607,0,0,0,0,0,0,0,0,0,82,82,23642815,0,0,0,0,0,0,0,0,0
201309,18,001,2,3,Adams County                  ,3,3,375000,0,0,0,0,0,0,1,5,234375,3,3,375000,0,0,0,0,0,0,0,0,0
201309,18,003,2,3,Allen County                  ,82,82,18061050,0,0,0,0,0,0,0,0,0,82,82,18061050,0,0,0,0,0,0,0,0,0
201309,18,011,2,3,Boone County                  ,32,32,10760665,0,0,0,0,0,0,0,0,0,32,32,10760665,0,0,0,0,0,0,0,0,0
201309,18,013,2,3,Brown County                  ,3,3,634240,1,2,205718,0,0,0,0,0,0,0,0,0,0,0,0,0,0,0,0,0,0
201309,18,019,2,3,Clark County                  ,42,42,7822768,0,0,0,0,0,0,1,16,960000,42,42,7822768,0,0,0,0,0,0,1,16,960000
201309,18,029,2,3,Dearborn County               ,4,4,955000,0,0,0,0,0,0,0,0,0,4,4,955000,0,0,0,0,0,0,0,0,0
201309,18,043,2,3,Floyd County                  ,10,10,2586927,0,0,0,0,0,0,0,0,0,6,6,1861500,0,0,0,0,0,0,0,0,0
201309,18,047,2,3,Franklin County               ,1,1,139000,0,0,0,0,0,0,0,0,0,1,1,139000,0,0,0,0,0,0,0,0,0
201309,18,049,2,3,Fulton County                 ,3,3,960000,0,0,0,0,0,0,0,0,0,3,3,960000,0,0,0,0,0,0,0,0,0
201309,18,057,2,3,Hamilton County               ,125,125,33360647,0,0,0,0,0,0,0,0,0,122,122,32979560,0,0,0,0,0,0,0,0,0
201309,18,059,2,3,Hancock County                ,28,28,4706564,0,0,0,0,0,0,0,0,0,28,28,4706564,0,0,0,0,0,0,0,0,0
201309,18,061,2,3,Harrison County               ,5,5,1135000,0,0,0,0,0,0,0,0,0,5,5,1135000,0,0,0,0,0,0,0,0,0
201309,18,063,2,3,Hendricks County              ,48,48,9564393,3,6,687211,0,0,0,0,0,0,33,33,6832931,3,6,687211,0,0,0,0,0,0
201309,18,065,2,3,Henry County                  ,0,0,0,0,0,0,0,0,0,0,0,0,0,0,0,0,0,0,0,0,0,0,0,0
201309,18,069,2,3,Huntington County             ,9,9,1877904,0,0,0,0,0,0,0,0,0,9,9,1877904,0,0,0,0,0,0,0,0,0
201309,18,073,2,3,Jasper County                 ,10,10,2162951,0,0,0,0,0,0,0,0,0,6,6,1318000,0,0,0,0,0,0,0,0,0
201309,18,079,2,3,Jennings County               ,7,7,630060,0,0,0,0,0,0,0,0,0,7,7,630060,0,0,0,0,0,0,0,0,0
201309,18,081,2,3,Johnson County                ,64,64,13197971,1,2,53044,0,0,0,0,0,0,55,55,10934415,1,2,53044,0,0,0,0,0,0
201309,18,087,2,3,Lagrange County               ,12,12,1279000,0,0,0,0,0,0,0,0,0,12,12,1279000,0,0,0,0,0,0,0,0,0
201309,18,089,2,3,Lake County                   ,83,83,21481699,1,2,148590,1,3,249900,10,140,15231680,58,58,15911786,1,2,148590,1,3,249900,10,140,15231680
201309,18,097,2,3,Marion County                 ,58,58,12404468,0,0,0,0,0,0,3,172,14700000,53,53,11673605,0,0,0,0,0,0,3,172,14700000
201309,18,105,2,3,Monroe County                 ,21,21,3850159,2,4,412334,0,0,0,7,66,5157438,21,21,3850159,2,4,412334,0,0,0,7,66,5157438
201309,18,109,2,3,Morgan County                 ,8,8,1680800,0,0,0,0,0,0,0,0,0,8,8,1680800,0,0,0,0,0,0,0,0,0
201309,18,111,2,3,Newton County                 ,5,5,960000,0,0,0,0,0,0,0,0,0,5,5,960000,0,0,0,0,0,0,0,0,0
201309,18,115,2,3,Ohio County                   ,1,1,93000,0,0,0,0,0,0,0,0,0,1,1,93000,0,0,0,0,0,0,0,0,0
201309,18,125,2,3,Pike County                   ,2,2,365000,0,0,0,0,0,0,0,0,0,2,2,365000,0,0,0,0,0,0,0,0,0
201309,18,127,2,3,Porter County                 ,32,32,11119163,1,2,225000,0,0,0,1,12,584000,29,29,9230832,1,2,225000,0,0,0,0,0,0
201309,18,133,2,3,Putnam County                 ,2,2,892800,0,0,0,0,0,0,2,28,1714000,2,2,892800,0,0,0,0,0,0,2,28,1714000
201309,18,145,2,3,Shelby County                 ,5,5,1028873,0,0,0,0,0,0,0,0,0,5,5,1028873,0,0,0,0,0,0,0,0,0
201309,18,155,2,3,Switzerland County            ,6,6,349597,0,0,0,0,0,0,0,0,0,0,0,0,0,0,0,0,0,0,0,0,0
201309,18,157,2,3,Tippecanoe County             ,57,57,10267237,0,0,0,0,0,0,1,5,401921,19,19,2514000,0,0,0,0,0,0,0,0,0
201309,18,163,2,3,Vanderburgh County            ,26,26,3456000,1,2,200000,0,0,0,0,0,0,26,26,3456000,1,2,200000,0,0,0,0,0,0
201309,18,167,2,3,Vigo County                   ,8,8,1771540,0,0,0,0,0,0,0,0,0,8,8,1771540,0,0,0,0,0,0,0,0,0
201309,18,175,2,3,Washington County             ,5,5,833007,0,0,0,0,0,0,0,0,0,0,0,0,0,0,0,0,0,0,0,0,0
201309,18,179,2,3,Wells County                  ,7,7,1541797,0,0,0,0,0,0,0,0,0,7,7,1541797,0,0,0,0,0,0,0,0,0
201309,18,181,2,3,White County                  ,2,2,439667,0,0,0,0,0,0,0,0,0,0,0,0,0,0,0,0,0,0,0,0,0
201309,18,183,2,3,Whitley County                ,5,5,853000,0,0,0,0,0,0,0,0,0,5,5,853000,0,0,0,0,0,0,0,0,0
201309,19,049,2,4,Dallas County                 ,27,27,6908900,0,0,0,0,0,0,0,0,0,27,27,6908900,0,0,0,0,0,0,0,0,0
201309,19,077,2,4,Guthrie County                ,4,4,551760,0,0,0,0,0,0,0,0,0,2,2,238000,0,0,0,0,0,0,0,0,0
201309,19,085,2,4,Harrison County               ,0,0,0,0,0,0,0,0,0,0,0,0,0,0,0,0,0,0,0,0,0,0,0,0
201309,19,121,2,4,Madison County                ,6,6,1325444,0,0,0,0,0,0,0,0,0,1,1,190000,0,0,0,0,0,0,0,0,0
201309,19,129,2,4,Mills County                  ,0,0,0,0,0,0,0,0,0,0,0,0,0,0,0,0,0,0,0,0,0,0,0,0
201309,19,153,2,4,Polk County                   ,239,239,58406229,0,0,0,0,0,0,4,167,18797070,225,225,54049450,0,0,0,0,0,0,3,122,12825161
201309,19,155,2,4,Pottawattamie County          ,10,10,2012365,0,0,0,0,0,0,0,0,0,10,10,2012365,0,0,0,0,0,0,0,0,0
201309,19,181,2,4,Warren County                 ,25,25,7456375,0,0,0,0,0,0,0,0,0,24,24,7185054,0,0,0,0,0,0,0,0,0
201309,20,055,2,4,Finney County                 ,7,7,1695000,0,0,0,0,0,0,0,0,0,7,7,1695000,0,0,0,0,0,0,0,0,0
201309,20,059,2,4,Franklin County               ,4,4,775000,0,0,0,0,0,0,0,0,0,4,4,775000,0,0,0,0,0,0,0,0,0
201309,20,063,2,4,Gove County                   ,0,0,0,0,0,0,0,0,0,0,0,0,0,0,0,0,0,0,0,0,0,0,0,0
201309,20,091,2,4,Johnson County                ,139,139,42320626,1,2,338578,1,3,444326,11,115,19970171,66,66,21890523,0,0,0,0,0,0,10,110,19102274
201309,20,103,2,4,Leavenworth County            ,21,21,3436535,0,0,0,0,0,0,0,0,0,14,14,2543652,0,0,0,0,0,0,0,0,0
201309,20,107,2,4,Linn County                   ,3,3,345575,0,0,0,0,0,0,0,0,0,1,1,50000,0,0,0,0,0,0,0,0,0
201309,20,121,2,4,Miami County                  ,2,2,421687,0,0,0,0,0,0,0,0,0,0,0,0,0,0,0,0,0,0,0,0,0
201309,20,129,2,4,Morton County                 ,0,0,0,0,0,0,0,0,0,0,0,0,0,0,0,0,0,0,0,0,0,0,0,0
201309,20,151,2,4,Pratt County                  ,0,0,0,0,0,0,0,0,0,0,0,0,0,0,0,0,0,0,0,0,0,0,0,0
201309,20,183,2,4,Smith County                  ,1,1,119314,1,2,198498,0,0,0,0,0,0,0,0,0,0,0,0,0,0,0,0,0,0
201309,20,209,2,4,Wyandotte County              ,32,32,4731384,0,0,0,0,0,0,0,0,0,32,32,4731384,0,0,0,0,0,0,0,0,0
201309,21,005,3,6,Anderson County               ,5,5,1092979,0,0,0,0,0,0,0,0,0,5,5,1092979,0,0,0,0,0,0,0,0,0
201309,21,015,3,6,Boone County                  ,35,35,5866573,0,0,0,0,0,0,0,0,0,35,35,5866573,0,0,0,0,0,0,0,0,0
201309,21,021,3,6,Boyle County                  ,0,0,0,0,0,0,0,0,0,0,0,0,0,0,0,0,0,0,0,0,0,0,0,0
201309,21,029,3,6,Bullitt County                ,31,31,5658127,0,0,0,0,0,0,0,0,0,31,31,5658127,0,0,0,0,0,0,0,0,0
201309,21,037,3,6,Campbell County               ,8,8,1135561,0,0,0,0,0,0,1,6,750000,5,5,807127,0,0,0,0,0,0,1,6,750000
201309,21,049,3,6,Clark County                  ,2,2,358500,0,0,0,0,0,0,0,0,0,0,0,0,0,0,0,0,0,0,0,0,0
201309,21,053,3,6,Clinton County                ,0,0,0,0,0,0,0,0,0,0,0,0,0,0,0,0,0,0,0,0,0,0,0,0
201309,21,059,3,6,Daviess County                ,18,18,1711042,5,10,389350,0,0,0,4,52,5900000,18,18,1711042,5,10,389350,0,0,0,4,52,5900000
201309,21,067,3,6,Fayette County                ,71,71,9834236,0,0,0,1,3,452025,3,108,8619355,0,0,0,0,0,0,0,0,0,0,0,0
201309,21,077,3,6,Gallatin County               ,1,1,131162,0,0,0,0,0,0,0,0,0,0,0,0,0,0,0,0,0,0,0,0,0
201309,21,081,3,6,Grant County                  ,1,1,772500,0,0,0,0,0,0,0,0,0,1,1,772500,0,0,0,0,0,0,0,0,0
201309,21,103,3,6,Henry County                  ,2,2,380000,0,0,0,0,0,0,0,0,0,2,2,380000,0,0,0,0,0,0,0,0,0
201309,21,111,3,6,Jefferson County              ,80,80,17380030,1,2,180261,0,0,0,5,119,5546131,0,0,0,0,0,0,0,0,0,0,0,0
201309,21,113,3,6,Jessamine County              ,10,10,2054875,0,0,0,0,0,0,0,0,0,5,5,1411000,0,0,0,0,0,0,0,0,0
201309,21,117,3,6,Kenton County                 ,28,28,3910070,0,0,0,0,0,0,0,0,0,24,24,3138516,0,0,0,0,0,0,0,0,0
201309,21,137,3,6,Lincoln County                ,4,4,770574,0,0,0,0,0,0,0,0,0,4,4,770574,0,0,0,0,0,0,0,0,0
201309,21,151,3,6,Madison County                ,9,9,776107,1,2,109694,0,0,0,1,5,168572,1,1,85000,0,0,0,0,0,0,0,0,0
201309,21,157,3,6,Marshall County               ,1,1,121209,0,0,0,0,0,0,1,9,500000,0,0,0,0,0,0,0,0,0,0,0,0
201309,21,163,3,6,Meade County                  ,8,8,1236853,1,2,230000,0,0,0,0,0,0,6,6,925000,0,0,0,0,0,0,0,0,0
201309,21,167,3,6,Mercer County                 ,3,3,418900,1,2,137500,0,0,0,0,0,0,0,0,0,0,0,0,0,0,0,0,0,0
201309,21,179,3,6,Nelson County                 ,14,14,2225289,0,0,0,0,0,0,0,0,0,14,14,2225289,0,0,0,0,0,0,0,0,0
201309,21,185,3,6,Oldham County                 ,16,16,3321030,0,0,0,0,0,0,0,0,0,0,0,0,0,0,0,0,0,0,0,0,0
201309,21,191,3,6,Pendleton County              ,0,0,0,0,0,0,0,0,0,0,0,0,0,0,0,0,0,0,0,0,0,0,0,0
201309,21,205,3,6,Rowan County                  ,0,0,0,0,0,0,0,0,0,0,0,0,0,0,0,0,0,0,0,0,0,0,0,0
201309,21,209,3,6,Scott County                  ,21,21,3471260,0,0,0,0,0,0,0,0,0,21,21,3471260,0,0,0,0,0,0,0,0,0
201309,21,211,3,6,Shelby County                 ,15,15,3562914,0,0,0,0,0,0,0,0,0,15,15,3562914,0,0,0,0,0,0,0,0,0
201309,21,213,3,6,Simpson County                ,1,1,143802,1,2,159333,0,0,0,0,0,0,0,0,0,0,0,0,0,0,0,0,0,0
201309,21,215,3,6,Spencer County                ,6,6,1231078,0,0,0,0,0,0,0,0,0,6,6,1231078,0,0,0,0,0,0,0,0,0
201309,21,221,3,6,Trigg County                  ,0,0,0,0,0,0,0,0,0,0,0,0,0,0,0,0,0,0,0,0,0,0,0,0
201309,21,239,3,6,Woodford County               ,5,5,909000,0,0,0,0,0,0,0,0,0,5,5,909000,0,0,0,0,0,0,0,0,0
201309,22,009,3,7,Avoyelles Parish              ,6,6,1330000,0,0,0,0,0,0,0,0,0,6,6,1330000,0,0,0,0,0,0,0,0,0
201309,22,017,3,7,Caddo Parish                  ,23,23,5618176,0,0,0,0,0,0,0,0,0,23,23,5618176,0,0,0,0,0,0,0,0,0
201309,22,039,3,7,Evangeline Parish             ,2,2,445000,0,0,0,0,0,0,0,0,0,2,2,445000,0,0,0,0,0,0,0,0,0
201309,22,051,3,7,Jefferson Parish              ,22,22,3639385,0,0,0,0,0,0,0,0,0,21,21,3478215,0,0,0,0,0,0,0,0,0
201309,22,071,3,7,Orleans Parish                ,23,23,4021401,2,4,555600,0,0,0,0,0,0,23,23,4021401,2,4,555600,0,0,0,0,0,0
201309,22,075,3,7,Plaquemines Parish            ,9,9,2359444,6,12,1179965,0,0,0,0,0,0,9,9,2359444,6,12,1179965,0,0,0,0,0,0
201309,22,077,3,7,Pointe Coupee Parish          ,5,5,1479362,0,0,0,0,0,0,0,0,0,5,5,1479362,0,0,0,0,0,0,0,0,0
201309,22,087,3,7,St. Bernard Parish            ,2,2,355000,0,0,0,0,0,0,0,0,0,2,2,355000,0,0,0,0,0,0,0,0,0
201309,22,089,3,7,St. Charles Parish            ,6,6,1200000,0,0,0,0,0,0,0,0,0,6,6,1200000,0,0,0,0,0,0,0,0,0
201309,22,091,3,7,St. Helena Parish             ,0,0,0,0,0,0,0,0,0,0,0,0,0,0,0,0,0,0,0,0,0,0,0,0
201309,22,095,3,7,St. John the Baptist Parish   ,7,7,1195000,0,0,0,0,0,0,0,0,0,7,7,1195000,0,0,0,0,0,0,0,0,0
201309,22,103,3,7,St. Tammany Parish            ,88,88,15625934,0,0,0,0,0,0,0,0,0,4,4,690000,0,0,0,0,0,0,0,0,0
201309,22,105,3,7,Tangipahoa Parish             ,51,51,6919215,1,2,20000,0,0,0,1,5,1286031,0,0,0,0,0,0,0,0,0,0,0,0
201309,22,109,3,7,Terrebonne Parish             ,26,26,7129279,0,0,0,0,0,0,0,0,0,26,26,7129279,0,0,0,0,0,0,0,0,0
201309,22,117,3,7,Washington Parish             ,6,6,1612100,0,0,0,0,0,0,0,0,0,6,6,1612100,0,0,0,0,0,0,0,0,0
201309,23,000,1,1,Maine Unorganized Territory   ,8,8,1062402,0,0,0,0,0,0,0,0,0,0,0,0,0,0,0,0,0,0,0,0,0
201309,24,003,3,5,Anne Arundel County           ,143,143,29114131,0,0,0,0,0,0,0,0,0,137,137,28109604,0,0,0,0,0,0,0,0,0
201309,24,005,3,5,Baltimore County              ,59,59,12105596,0,0,0,0,0,0,1,27,3000000,59,59,12105596,0,0,0,0,0,0,1,27,3000000
201309,24,009,3,5,Calvert County                ,8,8,1641437,0,0,0,0,0,0,0,0,0,8,8,1641437,0,0,0,0,0,0,0,0,0
201309,24,013,3,5,Carroll County                ,29,29,5950208,0,0,0,0,0,0,2,45,5600000,29,29,5950208,0,0,0,0,0,0,2,45,5600000
201309,24,015,3,5,Cecil County                  ,17,17,2521415,0,0,0,0,0,0,0,0,0,17,17,2521415,0,0,0,0,0,0,0,0,0
201309,24,017,3,5,Charles County                ,60,60,16003000,0,0,0,0,0,0,4,357,24900000,60,60,16003000,0,0,0,0,0,0,4,357,24900000
201309,24,021,3,5,Frederick County              ,60,60,13800341,0,0,0,0,0,0,1,11,1823629,60,60,13800341,0,0,0,0,0,0,1,11,1823629
201309,24,023,3,5,Garrett County                ,5,5,2072500,0,0,0,0,0,0,0,0,0,5,5,2072500,0,0,0,0,0,0,0,0,0
201309,24,025,3,5,Harford County                ,34,34,7513649,0,0,0,0,0,0,1,5,345238,34,34,7513649,0,0,0,0,0,0,0,0,0
201309,24,027,3,5,Howard County                 ,99,99,20312780,0,0,0,0,0,0,1,380,53261331,99,99,20312780,0,0,0,0,0,0,1,380,53261331
201309,24,031,3,5,Montgomery County             ,103,103,20864206,3,6,377000,0,0,0,4,581,65114528,2,2,336000,3,6,377000,0,0,0,1,417,50000000
201309,24,033,3,5,Prince George County          ,76,76,15593649,0,0,0,0,0,0,0,0,0,76,76,15593649,0,0,0,0,0,0,0,0,0
201309,24,035,3,5,Queen Anne County             ,19,19,3333953,0,0,0,0,0,0,0,0,0,15,15,2792000,0,0,0,0,0,0,0,0,0
201309,24,510,3,5,Baltimore (Independent City)  ,16,16,2157517,0,0,0,0,0,0,1,58,5576158,0,0,0,0,0,0,0,0,0,0,0,0
201309,25,009,1,1,Essex County                  ,70,70,21199753,7,14,1470000,0,0,0,4,33,5329156,46,46,14336478,7,14,1470000,0,0,0,1,18,3994000
201309,25,017,1,1,Middlesex County              ,123,123,37337183,7,14,1843194,0,0,0,6,77,8361365,84,84,26267979,6,12,1626010,0,0,0,1,8,1950000
201309,25,019,1,1,Nantucket County              ,14,14,10945500,0,0,0,0,0,0,0,0,0,14,14,10945500,0,0,0,0,0,0,0,0,0
201309,25,021,1,1,Norfolk County                ,65,65,21649344,0,0,0,0,0,0,3,15,1369930,44,44,14772230,0,0,0,0,0,0,0,0,0
201309,25,023,1,1,Plymouth County               ,96,96,18564940,0,0,0,0,0,0,1,5,492405,82,82,16234094,0,0,0,0,0,0,0,0,0
201309,25,025,1,1,Suffolk County                ,5,5,1116075,7,14,1577400,3,9,800000,4,361,126378587,4,4,935553,6,12,1400000,3,9,800000,3,337,124100000
201309,26,000,2,3,Michigan Balance of State     ,11,11,1844476,0,0,0,0,0,0,0,0,0,11,11,1844476,0,0,0,0,0,0,0,0,0
201309,26,001,2,3,Alcona County                 ,2,2,200942,0,0,0,0,0,0,0,0,0,0,0,0,0,0,0,0,0,0,0,0,0
201309,26,009,2,3,Antrim County                 ,6,6,1026319,0,0,0,0,0,0,0,0,0,0,0,0,0,0,0,0,0,0,0,0,0
201309,26,015,2,3,Barry County                  ,10,10,1555121,0,0,0,0,0,0,0,0,0,2,2,320000,0,0,0,0,0,0,0,0,0
201309,26,019,2,3,Benzie County                 ,6,6,1485995,0,0,0,0,0,0,0,0,0,0,0,0,0,0,0,0,0,0,0,0,0
201309,26,029,2,3,Charlevoix County             ,7,7,1824681,0,0,0,0,0,0,0,0,0,0,0,0,0,0,0,0,0,0,0,0,0
201309,26,031,2,3,Cheboygan County              ,7,7,2730000,0,0,0,0,0,0,0,0,0,7,7,2730000,0,0,0,0,0,0,0,0,0
201309,26,047,2,3,Emmet County                  ,10,10,4170891,0,0,0,0,0,0,0,0,0,9,9,3968669,0,0,0,0,0,0,0,0,0
201309,26,051,2,3,Gladwin County                ,7,7,1541797,0,0,0,0,0,0,0,0,0,7,7,1541797,0,0,0,0,0,0,0,0,0
201309,26,059,2,3,Hillsdale County              ,4,4,710553,0,0,0,0,0,0,1,5,278125,1,1,150000,0,0,0,0,0,0,0,0,0
201309,26,067,2,3,Ionia County                  ,4,4,882609,0,0,0,0,0,0,0,0,0,1,1,350000,0,0,0,0,0,0,0,0,0
201309,26,079,2,3,Kalkaska County               ,2,2,159320,0,0,0,0,0,0,0,0,0,0,0,0,0,0,0,0,0,0,0,0,0
201309,26,081,2,3,Kent County                   ,106,106,23167036,0,0,0,0,0,0,0,0,0,83,83,18769549,0,0,0,0,0,0,0,0,0
201309,26,085,2,3,Lake County                   ,6,6,172471,0,0,0,0,0,0,0,0,0,0,0,0,0,0,0,0,0,0,0,0,0
201309,26,087,2,3,Lapeer County                 ,8,8,1035257,0,0,0,0,0,0,0,0,0,8,8,1035257,0,0,0,0,0,0,0,0,0
201309,26,089,2,3,Leelanau County               ,9,9,2565110,0,0,0,0,0,0,0,0,0,9,9,2565110,0,0,0,0,0,0,0,0,0
201309,26,093,2,3,Livingston County             ,54,54,14180370,0,0,0,0,0,0,0,0,0,52,52,13976227,0,0,0,0,0,0,0,0,0
201309,26,099,2,3,Macomb County                 ,162,162,42929894,0,0,0,0,0,0,1,8,555918,161,161,42700594,0,0,0,0,0,0,1,8,555918
201309,26,103,2,3,Marquette County              ,15,15,2444700,0,0,0,0,0,0,0,0,0,15,15,2444700,0,0,0,0,0,0,0,0,0
201309,26,113,2,3,Missaukee County              ,2,2,320585,0,0,0,0,0,0,0,0,0,0,0,0,0,0,0,0,0,0,0,0,0
201309,26,123,2,3,Newaygo County                ,4,4,556167,0,0,0,0,0,0,0,0,0,2,2,410000,0,0,0,0,0,0,0,0,0
201309,26,125,2,3,Oakland County                ,216,216,56558784,1,2,400000,6,23,2283941,5,30,3068220,184,184,46493952,1,2,400000,5,20,2045480,5,30,3068220
201309,26,129,2,3,Ogemaw County                 ,14,14,2566773,0,0,0,0,0,0,0,0,0,14,14,2566773,0,0,0,0,0,0,0,0,0
201309,26,133,2,3,Osceola County                ,2,2,24200,0,0,0,0,0,0,0,0,0,2,2,24200,0,0,0,0,0,0,0,0,0
201309,26,137,2,3,Otsego County                 ,3,3,444790,0,0,0,0,0,0,1,5,333333,0,0,0,0,0,0,0,0,0,0,0,0
201309,26,141,2,3,Presque Isle County           ,2,2,550000,0,0,0,0,0,0,0,0,0,2,2,550000,0,0,0,0,0,0,0,0,0
201309,26,147,2,3,St. Clair County              ,10,10,1791528,0,0,0,0,0,0,0,0,0,4,4,941060,0,0,0,0,0,0,0,0,0
201309,26,163,2,3,Wayne County                  ,60,60,14022132,1,2,294970,1,4,425556,2,32,3871726,55,55,12744945,1,2,294970,1,4,425556,1,9,999673
201309,27,003,2,4,Anoka County                  ,64,64,14434866,0,0,0,0,0,0,1,72,8500000,55,55,12358800,0,0,0,0,0,0,1,72,8500000
201309,27,019,2,4,Carver County                 ,48,48,13717234,0,0,0,0,0,0,1,10,999000,48,48,13717234,0,0,0,0,0,0,1,10,999000
201309,27,025,2,4,Chisago County                ,11,11,1972234,0,0,0,0,0,0,0,0,0,8,8,1585500,0,0,0,0,0,0,0,0,0
201309,27,037,2,4,Dakota County                 ,93,93,26349145,0,0,0,0,0,0,0,0,0,66,66,19306714,0,0,0,0,0,0,0,0,0
201309,27,053,2,4,Hennepin County               ,168,168,62050561,0,0,0,0,0,0,6,627,68913034,143,143,52019300,0,0,0,0,0,0,6,627,68913034
201309,27,059,2,4,Isanti County                 ,11,11,2096492,0,0,0,0,0,0,0,0,0,11,11,2096492,0,0,0,0,0,0,0,0,0
201309,27,123,2,4,Ramsey County                 ,24,24,8479857,0,0,0,0,0,0,0,0,0,16,16,6780993,0,0,0,0,0,0,0,0,0
201309,27,139,2,4,Scott County                  ,74,74,18627344,0,0,0,0,0,0,0,0,0,65,65,15621026,0,0,0,0,0,0,0,0,0
201309,27,141,2,4,Sherburne County              ,33,33,6877766,0,0,0,0,0,0,0,0,0,32,32,6749432,0,0,0,0,0,0,0,0,0
201309,27,163,2,4,Washington County             ,77,77,24094268,0,0,0,0,0,0,1,8,1061511,34,34,10506378,0,0,0,0,0,0,0,0,0
201309,27,171,2,4,Wright County                 ,52,52,10444579,0,0,0,0,0,0,0,0,0,33,33,7361029,0,0,0,0,0,0,0,0,0
201309,28,021,3,6,Claiborne County              ,0,0,0,0,0,0,0,0,0,0,0,0,0,0,0,0,0,0,0,0,0,0,0,0
201309,28,033,3,6,DeSoto County                 ,73,73,9517151,0,0,0,0,0,0,0,0,0,52,52,5746880,0,0,0,0,0,0,0,0,0
201309,28,039,3,6,George County                 ,0,0,0,0,0,0,0,0,0,0,0,0,0,0,0,0,0,0,0,0,0,0,0,0
201309,28,071,3,6,Lafayette County              ,21,21,2267080,1,2,246740,0,0,0,0,0,0,21,21,2267080,1,2,246740,0,0,0,0,0,0
201309,28,091,3,6,Marion County                 ,0,0,0,0,0,0,0,0,0,0,0,0,0,0,0,0,0,0,0,0,0,0,0,0
201309,28,093,3,6,Marshall County               ,3,3,343750,0,0,0,0,0,0,0,0,0,2,2,260000,0,0,0,0,0,0,0,0,0
201309,28,137,3,6,Tate County                   ,7,7,687990,0,0,0,0,0,0,0,0,0,1,1,150000,0,0,0,0,0,0,0,0,0
201309,28,143,3,6,Tunica County                 ,1,1,80320,0,0,0,0,0,0,0,0,0,0,0,0,0,0,0,0,0,0,0,0,0
201309,28,153,3,6,Wayne County                  ,1,1,300000,0,0,0,0,0,0,0,0,0,0,0,0,0,0,0,0,0,0,0,0,0
201309,29,001,2,4,Adair County                  ,4,4,860256,0,0,0,0,0,0,0,0,0,4,4,860256,0,0,0,0,0,0,0,0,0
201309,29,013,2,4,Bates County                  ,0,0,0,0,0,0,0,0,0,0,0,0,0,0,0,0,0,0,0,0,0,0,0,0
201309,29,019,2,4,Boone County                  ,97,97,15510948,1,2,197500,0,0,0,1,47,3722126,16,16,4408530,0,0,0,0,0,0,0,0,0
201309,29,025,2,4,Caldwell County               ,2,2,426240,0,0,0,0,0,0,0,0,0,0,0,0,0,0,0,0,0,0,0,0,0
201309,29,037,2,4,Cass County                   ,17,17,4192029,0,0,0,0,0,0,0,0,0,15,15,3765789,0,0,0,0,0,0,0,0,0
201309,29,047,2,4,Clay County                   ,11,11,2719888,0,0,0,0,0,0,0,0,0,7,7,1898100,0,0,0,0,0,0,0,0,0
201309,29,049,2,4,Clinton County                ,2,2,424211,0,0,0,0,0,0,0,0,0,0,0,0,0,0,0,0,0,0,0,0,0
201309,29,051,2,4,Cole County                   ,17,17,3204724,1,2,208615,0,0,0,0,0,0,0,0,0,0,0,0,0,0,0,0,0,0
201309,29,065,2,4,Dent County                   ,0,0,0,0,0,0,0,0,0,0,0,0,0,0,0,0,0,0,0,0,0,0,0,0
201309,29,071,2,4,Franklin County               ,16,16,3080571,0,0,0,0,0,0,0,0,0,6,6,1205238,0,0,0,0,0,0,0,0,0
201309,29,079,2,4,Grundy County                 ,0,0,0,0,0,0,0,0,0,0,0,0,0,0,0,0,0,0,0,0,0,0,0,0
201309,29,095,2,4,Jackson County                ,129,129,24953687,9,18,1721930,0,0,0,5,184,7081876,125,125,24514110,9,18,1721930,0,0,0,2,134,4642900
201309,29,099,2,4,Jefferson County              ,43,43,6138938,1,2,290000,0,0,0,0,0,0,43,43,6138938,1,2,290000,0,0,0,0,0,0
201309,29,105,2,4,Laclede County                ,1,1,344000,0,0,0,0,0,0,0,0,0,1,1,344000,0,0,0,0,0,0,0,0,0
201309,29,107,2,4,Lafayette County              ,2,2,419608,0,0,0,0,0,0,0,0,0,0,0,0,0,0,0,0,0,0,0,0,0
201309,29,113,2,4,Lincoln County                ,4,4,423000,0,0,0,0,0,0,0,0,0,4,4,423000,0,0,0,0,0,0,0,0,0
201309,29,141,2,4,Morgan County                 ,0,0,0,0,0,0,0,0,0,0,0,0,0,0,0,0,0,0,0,0,0,0,0,0
201309,29,161,2,4,Phelps County                 ,1,1,189000,1,2,203085,1,4,254240,0,0,0,1,1,189000,1,2,203085,1,4,254240,0,0,0
201309,29,165,2,4,Platte County                 ,20,20,5554350,2,4,220000,5,20,2200000,0,0,0,19,19,5306658,2,4,220000,5,20,2200000,0,0,0
201309,29,175,2,4,Randolph County               ,3,3,375000,0,0,0,0,0,0,0,0,0,3,3,375000,0,0,0,0,0,0,0,0,0
201309,29,177,2,4,Ray County                    ,2,2,313429,0,0,0,0,0,0,0,0,0,1,1,107000,0,0,0,0,0,0,0,0,0
201309,29,183,2,4,St. Charles County            ,171,171,33612602,0,0,0,3,11,1090000,0,0,0,162,162,32012600,0,0,0,3,11,1090000,0,0,0
201309,29,189,2,4,St. Louis County              ,51,51,18895493,0,0,0,0,0,0,2,24,708850,45,45,15249153,0,0,0,0,0,0,2,24,708850
201309,29,219,2,4,Warren County                 ,4,4,881027,0,0,0,0,0,0,0,0,0,4,4,881027,0,0,0,0,0,0,0,0,0
201309,29,221,2,4,Washington County             ,0,0,0,0,0,0,0,0,0,0,0,0,0,0,0,0,0,0,0,0,0,0,0,0
201309,29,510,2,4,St. Louis (Independent City)  ,8,8,1613350,0,0,0,0,0,0,0,0,0,8,8,1613350,0,0,0,0,0,0,0,0,0
201309,30,017,4,8,Custer County                 ,0,0,0,0,0,0,0,0,0,0,0,0,0,0,0,0,0,0,0,0,0,0,0,0
201309,30,023,4,8,Deer Lodge County             ,0,0,0,0,0,0,0,0,0,0,0,0,0,0,0,0,0,0,0,0,0,0,0,0
201309,30,033,4,8,Garfield County               ,0,0,0,0,0,0,0,0,0,0,0,0,0,0,0,0,0,0,0,0,0,0,0,0
201309,30,063,4,8,Missoula County               ,19,19,3531671,1,2,143809,0,0,0,0,0,0,19,19,3531671,1,2,143809,0,0,0,0,0,0
201309,30,067,4,8,Park County                   ,1,1,198511,0,0,0,0,0,0,0,0,0,0,0,0,0,0,0,0,0,0,0,0,0
201309,30,093,4,8,Silver Bow County             ,6,6,555190,0,0,0,0,0,0,0,0,0,6,6,555190,0,0,0,0,0,0,0,0,0
201309,31,025,2,4,Cass County                   ,5,5,815962,1,2,147843,0,0,0,0,0,0,5,5,815962,1,2,147843,0,0,0,0,0,0
201309,31,033,2,4,Cheyenne County               ,2,2,490000,0,0,0,0,0,0,0,0,0,2,2,490000,0,0,0,0,0,0,0,0,0
201309,31,055,2,4,Douglas County                ,148,148,24560529,0,0,0,0,0,0,2,35,2172258,142,142,23303192,0,0,0,0,0,0,1,30,1797258
201309,31,077,2,4,Greeley County                ,0,0,0,0,0,0,0,0,0,0,0,0,0,0,0,0,0,0,0,0,0,0,0,0
201309,31,105,2,4,Kimball County                ,0,0,0,0,0,0,0,0,0,0,0,0,0,0,0,0,0,0,0,0,0,0,0,0
201309,31,153,2,4,Sarpy County                  ,69,69,16838470,0,0,0,0,0,0,2,26,3357333,42,42,10500919,0,0,0,0,0,0,0,0,0
201309,31,155,2,4,Saunders County               ,15,15,2420502,0,0,0,0,0,0,0,0,0,15,15,2420502,0,0,0,0,0,0,0,0,0
201309,31,177,2,4,Washington County             ,4,4,764958,0,0,0,0,0,0,0,0,0,0,0,0,0,0,0,0,0,0,0,0,0
201309,32,001,4,8,Churchill County              ,2,2,359784,0,0,0,0,0,0,0,0,0,2,2,359784,0,0,0,0,0,0,0,0,0
201309,32,003,4,8,Clark County                  ,518,518,76165593,0,0,0,0,0,0,2,43,2263964,518,518,76165593,0,0,0,0,0,0,2,43,2263964
201309,32,005,4,8,Douglas County                ,10,10,3296911,0,0,0,0,0,0,0,0,0,10,10,3296911,0,0,0,0,0,0,0,0,0
201309,32,007,4,8,Elko County                   ,21,21,3404042,0,0,0,0,0,0,0,0,0,21,21,3404042,0,0,0,0,0,0,0,0,0
201309,32,013,4,8,Humboldt County               ,11,11,1384354,1,2,199342,0,0,0,1,5,357930,0,0,0,0,0,0,0,0,0,0,0,0
201309,32,015,4,8,Lander County                 ,0,0,0,0,0,0,0,0,0,0,0,0,0,0,0,0,0,0,0,0,0,0,0,0
201309,32,017,4,8,Lincoln County                ,1,1,162990,0,0,0,0,0,0,0,0,0,0,0,0,0,0,0,0,0,0,0,0,0
201309,32,019,4,8,Lyon County                   ,11,11,2568051,0,0,0,0,0,0,0,0,0,11,11,2568051,0,0,0,0,0,0,0,0,0
201309,32,021,4,8,Mineral County                ,0,0,0,0,0,0,0,0,0,0,0,0,0,0,0,0,0,0,0,0,0,0,0,0
201309,32,027,4,8,Pershing County               ,1,1,82650,0,0,0,0,0,0,0,0,0,1,1,82650,0,0,0,0,0,0,0,0,0
201309,32,029,4,8,Storey County                 ,1,1,165109,0,0,0,0,0,0,0,0,0,0,0,0,0,0,0,0,0,0,0,0,0
201309,32,031,4,8,Washoe County                 ,102,102,29147075,0,0,0,0,0,0,5,80,9674151,102,102,29147075,0,0,0,0,0,0,5,80,9674151
201309,32,033,4,8,White Pine County             ,1,1,67000,0,0,0,0,0,0,0,0,0,1,1,67000,0,0,0,0,0,0,0,0,0
201309,32,510,4,8,Carson City (Independent City),6,6,2261117,0,0,0,0,0,0,0,0,0,6,6,2261117,0,0,0,0,0,0,0,0,0
201309,33,015,1,1,Rockingham County             ,50,50,11901190,0,0,0,0,0,0,0,0,0,33,33,7193969,0,0,0,0,0,0,0,0,0
201309,33,017,1,1,Strafford County              ,22,22,4339030,0,0,0,0,0,0,0,0,0,17,17,3696042,0,0,0,0,0,0,0,0,0
201309,34,001,1,2,Atlantic County               ,36,36,5860218,0,0,0,0,0,0,1,6,1318022,26,26,4626680,0,0,0,0,0,0,0,0,0
201309,34,003,1,2,Bergen County                 ,82,82,24923576,5,10,1106671,0,0,0,8,76,3980593,44,44,13202258,2,4,547815,0,0,0,0,0,0
201309,34,005,1,2,Burlington County             ,40,40,6514867,0,0,0,0,0,0,4,58,3727159,19,19,3250691,0,0,0,0,0,0,2,48,3012000
201309,34,007,1,2,Camden County                 ,17,17,3980139,1,2,62,0,0,0,32,168,1394063,5,5,2484130,1,2,62,0,0,0,30,150,184500
201309,34,009,1,2,Cape May County               ,46,46,13071685,4,8,1493200,0,0,0,0,0,0,43,43,12446825,4,8,1493200,0,0,0,0,0,0
201309,34,011,1,2,Cumberland County             ,20,20,2153199,0,0,0,0,0,0,0,0,0,3,3,413123,0,0,0,0,0,0,0,0,0
201309,34,013,1,2,Essex County                  ,33,33,7451596,0,0,0,6,19,1563273,3,39,4819911,24,24,6023696,0,0,0,5,15,862000,0,0,0
201309,34,015,1,2,Gloucester County             ,54,54,11581313,0,0,0,0,0,0,0,0,0,45,45,6715199,0,0,0,0,0,0,0,0,0
201309,34,017,1,2,Hudson County                 ,33,33,2531028,1,2,275397,2,7,524626,5,105,10580862,27,27,1688502,0,0,0,2,7,524626,1,10,876000
201309,34,019,1,2,Hunterdon County              ,8,8,1630637,0,0,0,0,0,0,2,10,406790,4,4,816438,0,0,0,0,0,0,0,0,0
201309,34,021,1,2,Mercer County                 ,13,13,4472326,1,2,7700,0,0,0,3,22,1787140,5,5,2046269,1,2,7700,0,0,0,0,0,0
201309,34,023,1,2,Middlesex County              ,68,68,13839374,0,0,0,0,0,0,6,127,3168246,54,54,11882191,0,0,0,0,0,0,4,109,2301500
201309,34,025,1,2,Monmouth County               ,93,93,13666988,1,2,46000,0,0,0,2,50,4602986,79,79,11232782,1,2,46000,0,0,0,1,45,4090000
201309,34,027,1,2,Morris County                 ,50,50,13355112,0,0,0,0,0,0,5,43,3836866,13,13,5491661,0,0,0,0,0,0,1,23,2687000
201309,34,029,1,2,Ocean County                  ,144,144,29975249,8,16,1236100,0,0,0,0,0,0,126,126,26774892,8,16,1236100,0,0,0,0,0,0
201309,34,031,1,2,Passaic County                ,18,18,3417520,0,0,0,1,4,260000,1,11,1440810,10,10,2115000,0,0,0,1,4,260000,0,0,0
201309,34,033,1,2,Salem County                  ,6,6,1005651,0,0,0,0,0,0,0,0,0,3,3,677500,0,0,0,0,0,0,0,0,0
201309,34,035,1,2,Somerset County               ,58,58,8884367,0,0,0,0,0,0,4,27,2024116,52,52,8279955,0,0,0,0,0,0,0,0,0
201309,34,037,1,2,Sussex County                 ,18,18,3572755,0,0,0,0,0,0,1,6,234785,0,0,0,0,0,0,0,0,0,0,0,0
201309,34,039,1,2,Union County                  ,35,35,6471196,3,6,1368399,1,4,138222,3,23,380365,19,19,3844411,1,2,1083645,0,0,0,0,0,0
201309,34,041,1,2,Warren County                 ,11,11,1677312,0,0,0,0,0,0,0,0,0,0,0,235923,0,0,0,0,0,0,0,0,0
201309,35,000,4,8,New Mexico Balance of State   ,49,49,13110460,0,0,0,0,0,0,0,0,0,0,0,0,0,0,0,0,0,0,0,0,0
201309,35,001,4,8,Bernalillo County             ,31,31,7196712,0,0,0,0,0,0,1,15,600000,31,31,7196712,0,0,0,0,0,0,1,15,600000
201309,35,005,4,8,Chaves County                 ,3,3,608383,0,0,0,0,0,0,0,0,0,0,0,0,0,0,0,0,0,0,0,0,0
201309,35,007,4,8,Colfax County                 ,3,3,1070109,0,0,0,0,0,0,0,0,0,3,3,1070109,0,0,0,0,0,0,0,0,0
201309,35,009,4,8,Curry County                  ,16,16,3233900,1,2,221528,1,3,335212,0,0,0,0,0,0,0,0,0,0,0,0,0,0,0
201309,35,013,4,8,Dona Ana County               ,44,44,8715488,0,0,0,0,0,0,1,38,3000000,44,44,8715488,0,0,0,0,0,0,1,38,3000000
201309,35,015,4,8,Eddy County                   ,13,13,1940426,0,0,0,0,0,0,0,0,0,13,13,1940426,0,0,0,0,0,0,0,0,0
201309,35,017,4,8,Grant County                  ,0,0,0,0,0,0,0,0,0,0,0,0,0,0,0,0,0,0,0,0,0,0,0,0
201309,35,025,4,8,Lea County                    ,3,3,608000,0,0,0,0,0,0,0,0,0,3,3,608000,0,0,0,0,0,0,0,0,0
201309,35,027,4,8,Lincoln County                ,5,5,874736,0,0,0,0,0,0,0,0,0,0,0,0,0,0,0,0,0,0,0,0,0
201309,35,028,4,8,Los Alamos County             ,0,0,0,0,0,0,0,0,0,0,0,0,0,0,0,0,0,0,0,0,0,0,0,0
201309,35,029,4,8,Luna County                   ,1,1,220000,0,0,0,0,0,0,0,0,0,1,1,220000,0,0,0,0,0,0,0,0,0
201309,35,031,4,8,McKinley County               ,0,0,0,0,0,0,0,0,0,0,0,0,0,0,0,0,0,0,0,0,0,0,0,0
201309,35,035,4,8,Otero County                  ,0,0,0,0,0,0,0,0,0,0,0,0,0,0,0,0,0,0,0,0,0,0,0,0
201309,35,039,4,8,Rio Arriba County             ,0,0,0,0,0,0,0,0,0,0,0,0,0,0,0,0,0,0,0,0,0,0,0,0
201309,35,041,4,8,Roosevelt County              ,2,2,266000,0,0,0,0,0,0,0,0,0,2,2,266000,0,0,0,0,0,0,0,0,0
201309,35,043,4,8,Sandoval County               ,114,114,22730468,2,4,406271,1,4,335413,0,0,0,60,60,12911150,1,2,123000,0,0,0,0,0,0
201309,35,045,4,8,San Juan County               ,14,14,2577609,0,0,0,0,0,0,0,0,0,4,4,656760,0,0,0,0,0,0,0,0,0
201309,35,047,4,8,San Miguel County             ,0,0,0,0,0,0,0,0,0,0,0,0,0,0,0,0,0,0,0,0,0,0,0,0
201309,35,049,4,8,Santa Fe County               ,11,11,1466939,0,0,0,0,0,0,0,0,0,0,0,0,0,0,0,0,0,0,0,0,0
201309,35,051,4,8,Sierra County                 ,1,1,140000,0,0,0,0,0,0,0,0,0,1,1,140000,0,0,0,0,0,0,0,0,0
201309,35,053,4,8,Socorro County                ,0,0,0,0,0,0,0,0,0,0,0,0,0,0,0,0,0,0,0,0,0,0,0,0
201309,35,055,4,8,Taos County                   ,9,9,1313440,0,0,0,0,0,0,0,0,0,3,3,655505,0,0,0,0,0,0,0,0,0
201309,35,061,4,8,Valencia County               ,5,5,541863,0,0,0,0,0,0,0,0,0,0,0,0,0,0,0,0,0,0,0,0,0
201309,36,005,1,2,Bronx County                  ,0,0,0,18,36,4089305,2,7,668326,3,82,7796150,0,0,0,18,36,4089305,2,7,668326,3,82,7796150
201309,36,047,1,2,Kings County                  ,0,0,0,6,12,1363102,10,33,3150682,12,197,18729775,0,0,0,6,12,1363102,10,33,3150682,12,197,18729775
201309,36,059,1,2,Nassau County                 ,63,63,21228173,0,0,0,0,0,0,0,0,0,56,56,17470410,0,0,0,0,0,0,0,0,0
201309,36,061,1,2,New York County               ,1,1,233888,0,0,0,0,0,0,6,543,51625725,1,1,233888,0,0,0,0,0,0,6,543,51625725
201309,36,079,1,2,Putnam County                 ,3,3,997500,0,0,0,0,0,0,0,0,0,2,2,800000,0,0,0,0,0,0,0,0,0
201309,36,081,1,2,Queens County                 ,19,19,4443876,16,32,3634938,3,11,1050227,2,14,1331050,19,19,4443876,16,32,3634938,3,11,1050227,2,14,1331050
201309,36,085,1,2,Richmond County               ,43,43,10057193,13,26,2953387,0,0,0,2,13,1235975,43,43,10057193,13,26,2953387,0,0,0,2,13,1235975
201309,36,087,1,2,Rockland County               ,8,8,2605720,1,2,223102,1,3,302252,2,12,1168164,7,7,2413500,0,0,0,0,0,0,0,0,0
201309,36,103,1,2,Suffolk County                ,132,132,58454860,0,0,0,0,0,0,4,48,4563600,100,100,47466329,0,0,0,0,0,0,4,48,4563600
201309,36,119,1,2,Westchester County            ,27,27,12561452,1,2,187500,1,4,757500,5,95,7095224,17,17,8848160,1,2,187500,1,4,757500,2,72,3390000
201309,37,003,3,5,Alexander County              ,9,9,2992690,0,0,0,0,0,0,0,0,0,9,9,2992690,0,0,0,0,0,0,0,0,0
201309,37,007,3,5,Anson County                  ,3,3,454715,0,0,0,0,0,0,0,0,0,0,0,0,0,0,0,0,0,0,0,0,0
201309,37,009,3,5,Ashe County                   ,2,2,485000,0,0,0,0,0,0,0,0,0,2,2,485000,0,0,0,0,0,0,0,0,0
201309,37,011,3,5,Avery County                  ,6,6,2630000,0,0,0,0,0,0,0,0,0,6,6,2630000,0,0,0,0,0,0,0,0,0
201309,37,019,3,5,Brunswick County              ,132,132,24925579,0,0,0,0,0,0,0,0,0,90,90,16987714,0,0,0,0,0,0,0,0,0
201309,37,025,3,5,Cabarrus County               ,74,74,10564463,0,0,0,0,0,0,1,66,4659000,74,74,10564463,0,0,0,0,0,0,1,66,4659000
201309,37,027,3,5,Caldwell County               ,7,7,2214000,0,0,0,0,0,0,0,0,0,7,7,2214000,0,0,0,0,0,0,0,0,0
201309,37,037,3,5,Chatham County                ,34,34,9167798,0,0,0,0,0,0,0,0,0,0,0,0,0,0,0,0,0,0,0,0,0
201309,37,039,3,5,Cherokee County               ,7,7,1083459,0,0,0,0,0,0,0,0,0,7,7,1083459,0,0,0,0,0,0,0,0,0
201309,37,049,3,5,Craven County                 ,20,20,2456006,0,0,0,0,0,0,0,0,0,3,3,603300,0,0,0,0,0,0,0,0,0
201309,37,053,3,5,Currituck County              ,19,19,5696182,0,0,0,0,0,0,0,0,0,0,0,0,0,0,0,0,0,0,0,0,0
201309,37,059,3,5,Davie County                  ,10,10,1523714,0,0,0,0,0,0,0,0,0,10,10,1523714,0,0,0,0,0,0,0,0,0
201309,37,063,3,5,Durham County                 ,89,89,17320485,0,0,0,0,0,0,5,176,13539200,0,0,0,0,0,0,0,0,0,0,0,0
201309,37,067,3,5,Forsyth County                ,84,84,15106848,0,0,0,0,0,0,1,12,639700,84,84,15106848,0,0,0,0,0,0,1,12,639700
201309,37,069,3,5,Franklin County               ,28,28,5029919,0,0,0,0,0,0,0,0,0,28,28,5029919,0,0,0,0,0,0,0,0,0
201309,37,071,3,5,Gaston County                 ,21,21,5481591,0,0,0,0,0,0,0,0,0,21,21,5481591,0,0,0,0,0,0,0,0,0
201309,37,081,3,5,Guilford County               ,76,76,18882761,0,0,0,0,0,0,2,57,6690898,76,76,18882761,0,0,0,0,0,0,2,57,6690898
201309,37,089,3,5,Henderson County              ,44,44,5572020,0,0,0,0,0,0,0,0,0,0,0,0,0,0,0,0,0,0,0,0,0
201309,37,093,3,5,Hoke County                   ,32,32,6177126,0,0,0,0,0,0,0,0,0,32,32,6177126,0,0,0,0,0,0,0,0,0
201309,37,097,3,5,Iredell County                ,45,45,14173692,0,0,0,0,0,0,0,0,0,0,0,0,0,0,0,0,0,0,0,0,0
201309,37,099,3,5,Jackson County                ,12,12,4162430,0,0,0,0,0,0,0,0,0,0,0,0,0,0,0,0,0,0,0,0,0
201309,37,101,3,5,Johnston County               ,81,81,14853756,0,0,0,0,0,0,0,0,0,80,80,14683200,0,0,0,0,0,0,0,0,0
201309,37,105,3,5,Lee County                    ,5,5,880525,0,0,0,0,0,0,0,0,0,5,5,880525,0,0,0,0,0,0,0,0,0
201309,37,109,3,5,Lincoln County                ,13,13,2505491,1,2,196925,0,0,0,1,5,320051,0,0,0,0,0,0,0,0,0,0,0,0
201309,37,113,3,5,Macon County                  ,5,5,1751000,0,0,0,0,0,0,0,0,0,5,5,1751000,0,0,0,0,0,0,0,0,0
201309,37,119,3,5,Mecklenburg County            ,189,189,38778943,1,2,700626,0,0,0,11,584,45223434,189,189,38778943,1,2,700626,0,0,0,11,584,45223434
201309,37,127,3,5,Nash County                   ,13,13,2091644,0,0,0,0,0,0,0,0,0,2,2,240000,0,0,0,0,0,0,0,0,0
201309,37,129,3,5,New Hanover County            ,59,59,16029231,1,2,280435,0,0,0,4,96,10834525,5,5,1048500,0,0,0,0,0,0,0,0,0
201309,37,135,3,5,Orange County                 ,26,26,7491454,0,0,0,0,0,0,0,0,0,26,26,7491454,0,0,0,0,0,0,0,0,0
201309,37,137,3,5,Pamlico County                ,4,4,989146,0,0,0,0,0,0,0,0,0,0,0,0,0,0,0,0,0,0,0,0,0
201309,37,141,3,5,Pender County                 ,30,30,5152492,0,0,0,0,0,0,0,0,0,28,28,4843160,0,0,0,0,0,0,0,0,0
201309,37,145,3,5,Person County                 ,4,4,758026,0,0,0,0,0,0,0,0,0,4,4,758026,0,0,0,0,0,0,0,0,0
201309,37,147,3,5,Pitt County                   ,41,41,6049060,1,2,211100,0,0,0,0,0,0,30,30,3906200,1,2,211100,0,0,0,0,0,0
201309,37,149,3,5,Polk County                   ,4,4,949793,0,0,0,0,0,0,0,0,0,0,0,0,0,0,0,0,0,0,0,0,0
201309,37,151,3,5,Randolph County               ,22,22,3881601,0,0,0,0,0,0,0,0,0,22,22,3881601,0,0,0,0,0,0,0,0,0
201309,37,157,3,5,Rockingham County             ,8,8,2034967,0,0,0,0,0,0,0,0,0,8,8,2034967,0,0,0,0,0,0,0,0,0
201309,37,159,3,5,Rowan County                  ,15,15,3845985,0,0,0,0,0,0,0,0,0,15,15,3845985,0,0,0,0,0,0,0,0,0
201309,37,163,3,5,Sampson County                ,7,7,1181000,0,0,0,0,0,0,0,0,0,7,7,1181000,0,0,0,0,0,0,0,0,0
201309,37,167,3,5,Stanly County                 ,8,8,1320000,0,0,0,0,0,0,0,0,0,8,8,1320000,0,0,0,0,0,0,0,0,0
201309,37,171,3,5,Surry County                  ,7,7,1137660,0,0,0,0,0,0,0,0,0,7,7,1137660,0,0,0,0,0,0,0,0,0
201309,37,175,3,5,Transylvania County           ,6,6,2091000,0,0,0,0,0,0,0,0,0,6,6,2091000,0,0,0,0,0,0,0,0,0
201309,37,179,3,5,Union County                  ,153,153,28793892,0,0,0,0,0,0,0,0,0,153,153,28793892,0,0,0,0,0,0,0,0,0
201309,37,181,3,5,Vance County                  ,3,3,420763,0,0,0,0,0,0,0,0,0,0,0,0,0,0,0,0,0,0,0,0,0
201309,37,183,3,5,Wake County                   ,599,599,116685823,0,0,0,0,0,0,2,66,3872470,560,560,109307409,0,0,0,0,0,0,1,28,1454000
201309,37,195,3,5,Wilson County                 ,11,11,2484886,0,0,0,0,0,0,0,0,0,11,11,2484886,0,0,0,0,0,0,0,0,0
201309,39,015,2,3,Brown County                  ,6,6,957102,0,0,0,0,0,0,0,0,0,0,0,0,0,0,0,0,0,0,0,0,0
201309,39,017,2,3,Butler County                 ,51,51,10085420,0,0,0,2,8,522000,0,0,0,51,51,10085420,0,0,0,2,8,522000,0,0,0
201309,39,025,2,3,Clermont County               ,28,28,5051119,0,0,0,0,0,0,0,0,0,28,28,5051119,0,0,0,0,0,0,0,0,0
201309,39,035,2,3,Cuyahoga County               ,53,53,11124102,0,0,0,0,0,0,1,11,1166671,29,29,7343512,0,0,0,0,0,0,0,0,0
201309,39,041,2,3,Delaware County               ,67,67,14495811,4,8,916282,0,0,0,0,0,0,52,52,11700773,4,8,916282,0,0,0,0,0,0
201309,39,045,2,3,Fairfield County              ,19,19,4344714,0,0,0,0,0,0,0,0,0,11,11,2603327,0,0,0,0,0,0,0,0,0
201309,39,049,2,3,Franklin County               ,118,118,33048476,3,6,1357387,3,11,1845098,18,572,39873679,92,92,26033181,2,4,1180720,3,11,1845098,16,553,37459485
201309,39,055,2,3,Geauga County                 ,13,13,2863337,0,0,0,0,0,0,0,0,0,13,13,2863337,0,0,0,0,0,0,0,0,0
201309,39,061,2,3,Hamilton County               ,40,40,8939833,0,0,0,2,7,696512,3,182,2060929,9,9,2870424,0,0,0,0,0,0,2,177,1739500
201309,39,085,2,3,Lake County                   ,24,24,4437004,0,0,0,0,0,0,0,0,0,24,24,4437004,0,0,0,0,0,0,0,0,0
201309,39,089,2,3,Licking County                ,28,28,5653202,0,0,0,0,0,0,0,0,0,0,0,0,0,0,0,0,0,0,0,0,0
201309,39,093,2,3,Lorain County                 ,66,66,12608794,0,0,0,0,0,0,1,8,575000,42,42,6063163,0,0,0,0,0,0,1,8,575000
201309,39,097,2,3,Madison County                ,5,5,854761,0,0,0,0,0,0,0,0,0,3,3,660770,0,0,0,0,0,0,0,0,0
201309,39,103,2,3,Medina County                 ,54,54,14011072,0,0,0,0,0,0,0,0,0,54,54,14011072,0,0,0,0,0,0,0,0,0
201309,39,117,2,3,Morrow County                 ,7,7,1413849,0,0,0,0,0,0,0,0,0,6,6,1321541,0,0,0,0,0,0,0,0,0
201309,39,129,2,3,Pickaway County               ,1,1,200985,0,0,0,0,0,0,0,0,0,0,0,0,0,0,0,0,0,0,0,0,0
201309,39,159,2,3,Union County                  ,23,23,5065904,0,0,0,0,0,0,0,0,0,23,23,5065904,0,0,0,0,0,0,0,0,0
201309,39,165,2,3,Warren County                 ,68,68,18063736,0,0,0,0,0,0,1,8,2372029,65,65,17614386,0,0,0,0,0,0,1,8,2372029
201309,39,169,2,3,Wayne County                  ,15,15,2682492,0,0,0,0,0,0,0,0,0,15,15,2682492,0,0,0,0,0,0,0,0,0
201309,40,017,3,7,Canadian County               ,20,20,5117231,0,0,0,0,0,0,0,0,0,10,10,2716466,0,0,0,0,0,0,0,0,0
201309,40,021,3,7,Cherokee County               ,3,3,377603,0,0,0,0,0,0,0,0,0,0,0,0,0,0,0,0,0,0,0,0,0
201309,40,027,3,7,Cleveland County              ,109,109,18352543,4,8,884610,0,0,0,0,0,0,109,109,18352543,4,8,884610,0,0,0,0,0,0
201309,40,029,3,7,Coal County                   ,0,0,0,0,0,0,0,0,0,0,0,0,0,0,0,0,0,0,0,0,0,0,0,0
201309,40,037,3,7,Creek County                  ,8,8,1719178,0,0,0,0,0,0,0,0,0,8,8,1719178,0,0,0,0,0,0,0,0,0
201309,40,051,3,7,Grady County                  ,7,7,1540000,0,0,0,0,0,0,0,0,0,7,7,1540000,0,0,0,0,0,0,0,0,0
201309,40,081,3,7,Lincoln County                ,0,0,0,0,0,0,0,0,0,0,0,0,0,0,0,0,0,0,0,0,0,0,0,0
201309,40,083,3,7,Logan County                  ,1,1,135000,2,4,160000,0,0,0,0,0,0,1,1,135000,2,4,160000,0,0,0,0,0,0
201309,40,087,3,7,McClain County                ,19,19,3350657,0,0,0,0,0,0,0,0,0,13,13,2459500,0,0,0,0,0,0,0,0,0
201309,40,099,3,7,Murray County                 ,3,3,515000,0,0,0,0,0,0,0,0,0,3,3,515000,0,0,0,0,0,0,0,0,0
201309,40,109,3,7,Oklahoma County               ,389,389,81235223,10,20,1750000,1,4,207583,10,91,5526698,383,383,80064932,10,20,1750000,1,4,207583,10,91,5526698
201309,40,111,3,7,Okmulgee County               ,0,0,0,0,0,0,0,0,0,0,0,0,0,0,0,0,0,0,0,0,0,0,0,0
201309,40,113,3,7,Osage County                  ,7,7,1340539,0,0,0,0,0,0,0,0,0,7,7,1340539,0,0,0,0,0,0,0,0,0
201309,40,117,3,7,Pawnee County                 ,0,0,0,0,0,0,0,0,0,0,0,0,0,0,0,0,0,0,0,0,0,0,0,0
201309,40,131,3,7,Rogers County                 ,41,41,5613078,2,4,210970,0,0,0,0,0,0,41,41,5613078,2,4,210970,0,0,0,0,0,0
201309,40,143,3,7,Tulsa County                  ,186,186,38987646,2,4,300000,0,0,0,0,0,0,185,185,38924646,2,4,300000,0,0,0,0,0,0
201309,40,145,3,7,Wagoner County                ,33,33,5088507,0,0,0,0,0,0,0,0,0,33,33,5088507,0,0,0,0,0,0,0,0,0
201309,41,000,4,9,Oregon Balance of State       ,4,4,653177,0,0,0,0,0,0,0,0,0,4,4,653177,0,0,0,0,0,0,0,0,0
201309,41,001,4,9,Baker County                  ,1,1,344181,0,0,0,0,0,0,0,0,0,1,1,344181,0,0,0,0,0,0,0,0,0
201309,41,005,4,9,Clackamas County              ,96,96,30642051,0,0,0,0,0,0,1,23,2095066,79,79,25843784,0,0,0,0,0,0,0,0,0
201309,41,009,4,9,Columbia County               ,6,6,1616848,0,0,0,0,0,0,0,0,0,3,3,757205,0,0,0,0,0,0,0,0,0
201309,41,017,4,9,Deschutes County              ,113,113,32844857,0,0,0,1,3,822368,0,0,0,111,111,32412276,0,0,0,1,3,822368,0,0,0
201309,41,019,4,9,Douglas County                ,10,10,2260263,0,0,0,0,0,0,0,0,0,10,10,2260263,0,0,0,0,0,0,0,0,0
201309,41,025,4,9,Harney County                 ,0,0,0,0,0,0,0,0,0,0,0,0,0,0,0,0,0,0,0,0,0,0,0,0
201309,41,033,4,9,Josephine County              ,9,9,1535619,0,0,0,0,0,0,0,0,0,5,5,756443,0,0,0,0,0,0,0,0,0
201309,41,035,4,9,Klamath County                ,4,4,1420404,0,0,0,0,0,0,0,0,0,4,4,1420404,0,0,0,0,0,0,0,0,0
201309,41,045,4,9,Malheur County                ,3,3,760132,0,0,0,0,0,0,0,0,0,0,0,0,0,0,0,0,0,0,0,0,0
201309,41,051,4,9,Multnomah County              ,54,54,13239181,1,2,322937,0,0,0,1,22,891663,54,54,13239181,1,2,322937,0,0,0,1,22,891663
201309,41,057,4,9,Tillamook County              ,4,4,503583,0,0,0,0,0,0,0,0,0,4,4,503583,0,0,0,0,0,0,0,0,0
201309,41,059,4,9,Umatilla County               ,5,5,863133,0,0,0,2,8,764144,1,8,764145,2,2,329593,0,0,0,2,8,764144,1,8,764145
201309,41,061,4,9,Union County                  ,4,4,1029428,0,0,0,0,0,0,0,0,0,4,4,1029428,0,0,0,0,0,0,0,0,0
201309,41,063,4,9,Wallowa County                ,0,0,0,0,0,0,0,0,0,0,0,0,0,0,0,0,0,0,0,0,0,0,0,0
201309,41,067,4,9,Washington County             ,147,147,38841005,0,0,0,0,0,0,2,32,2575321,133,133,35193949,0,0,0,0,0,0,2,32,2575321
201309,41,071,4,9,Yamhill County                ,37,37,8692448,0,0,0,0,0,0,0,0,0,36,36,8676164,0,0,0,0,0,0,0,0,0
201309,42,001,1,2,Adams County                  ,14,14,2482981,0,0,0,0,0,0,0,0,0,14,14,2482981,0,0,0,0,0,0,0,0,0
201309,42,003,1,2,Allegheny County              ,111,111,24508739,1,2,240000,2,6,656433,0,0,0,68,68,16290275,1,2,240000,0,0,0,0,0,0
201309,42,005,1,2,Armstrong County              ,5,5,529972,0,0,0,0,0,0,0,0,0,2,2,166000,0,0,0,0,0,0,0,0,0
201309,42,007,1,2,Beaver County                 ,18,18,3439063,1,2,240000,0,0,0,0,0,0,15,15,2875313,1,2,240000,0,0,0,0,0,0
201309,42,017,1,2,Bucks County                  ,93,93,13339060,0,0,0,0,0,0,1,16,756000,83,83,11509842,0,0,0,0,0,0,1,16,756000
201309,42,019,1,2,Butler County                 ,47,47,9232584,0,0,0,0,0,0,0,0,0,45,45,8795945,0,0,0,0,0,0,0,0,0
201309,42,025,1,2,Carbon County                 ,5,5,1022000,0,0,0,0,0,0,0,0,0,4,4,767000,0,0,0,0,0,0,0,0,0
201309,42,029,1,2,Chester County                ,113,113,20471021,0,0,0,0,0,0,0,0,0,77,77,14324459,0,0,0,0,0,0,0,0,0
201309,42,045,1,2,Delaware County               ,19,19,4085101,0,0,0,0,0,0,0,0,0,10,10,1647903,0,0,0,0,0,0,0,0,0
201309,42,051,1,2,Fayette County                ,21,21,4725765,0,0,0,0,0,0,0,0,0,2,2,229626,0,0,0,0,0,0,0,0,0
201309,42,055,1,2,Franklin County               ,15,15,2491363,0,0,0,0,0,0,0,0,0,7,7,1446176,0,0,0,0,0,0,0,0,0
201309,42,065,1,2,Jefferson County              ,7,7,1012500,0,0,0,0,0,0,0,0,0,7,7,1012500,0,0,0,0,0,0,0,0,0
201309,42,077,1,2,Lehigh County                 ,45,45,8078595,0,0,0,1,4,55000,0,0,0,30,30,6429200,0,0,0,1,4,55000,0,0,0
201309,42,091,1,2,Montgomery County             ,55,55,10992780,1,2,222083,1,4,381901,0,0,0,43,43,8851596,0,0,0,1,4,381901,0,0,0
201309,42,095,1,2,Northampton County            ,24,24,4147805,1,2,93000,0,0,0,1,5,575632,7,7,1598438,1,2,93000,0,0,0,0,0,0
201309,42,101,1,2,Philadelphia County           ,47,47,10992746,7,14,2206650,5,16,1285000,4,97,9050000,47,47,10992746,7,14,2206650,5,16,1285000,4,97,9050000
201309,42,103,1,2,Pike County                   ,10,10,1876639,0,0,0,0,0,0,0,0,0,9,9,1640000,0,0,0,0,0,0,0,0,0
201309,42,125,1,2,Washington County             ,32,32,8347563,0,0,0,0,0,0,1,6,540000,19,19,5477685,0,0,0,0,0,0,1,6,540000
201309,42,129,1,2,Westmoreland County           ,28,28,6653072,1,2,300000,1,3,237130,1,5,509230,7,7,1797991,0,0,0,0,0,0,0,0,0
201309,44,001,1,1,Bristol County                ,2,2,1605000,0,0,0,0,0,0,0,0,0,2,2,1605000,0,0,0,0,0,0,0,0,0
201309,44,003,1,1,Kent County                   ,8,8,1193583,1,2,159248,0,0,0,0,0,0,2,2,169540,1,2,159248,0,0,0,0,0,0
201309,44,005,1,1,Newport County                ,9,9,2071158,0,0,0,0,0,0,0,0,0,9,9,2071158,0,0,0,0,0,0,0,0,0
201309,44,007,1,1,Providence County             ,16,16,3168853,0,0,0,1,3,130000,0,0,0,13,13,2749364,0,0,0,0,0,0,0,0,0
201309,44,009,1,1,Washington County             ,16,16,3675110,1,2,205991,0,0,0,0,0,0,5,5,1098545,0,0,0,0,0,0,0,0,0
201309,45,003,3,5,Aiken County                  ,46,46,8934826,0,0,0,0,0,0,0,0,0,37,37,7926682,0,0,0,0,0,0,0,0,0
201309,45,009,3,5,Bamberg County                ,1,1,150000,0,0,0,0,0,0,0,0,0,1,1,150000,0,0,0,0,0,0,0,0,0
201309,45,015,3,5,Berkeley County               ,90,90,23039570,0,0,0,0,0,0,1,9,1555994,82,82,21098637,0,0,0,0,0,0,0,0,0
201309,45,017,3,5,Calhoun County                ,0,0,0,0,0,0,0,0,0,0,0,0,0,0,0,0,0,0,0,0,0,0,0,0
201309,45,019,3,5,Charleston County             ,175,175,44390330,0,0,0,0,0,0,1,35,1753629,129,129,37179941,0,0,0,0,0,0,0,0,0
201309,45,035,3,5,Dorchester County             ,67,67,15093157,0,0,0,0,0,0,0,0,0,33,33,6435000,0,0,0,0,0,0,0,0,0
201309,45,039,3,5,Fairfield County              ,3,3,347993,0,0,0,0,0,0,0,0,0,0,0,0,0,0,0,0,0,0,0,0,0
201309,45,041,3,5,Florence County               ,20,20,3145923,0,0,0,1,4,454667,0,0,0,0,0,0,0,0,0,0,0,0,0,0,0
201309,45,045,3,5,Greenville County             ,172,172,40301415,0,0,0,0,0,0,5,158,11270000,144,144,35680145,0,0,0,0,0,0,5,158,11270000
201309,45,047,3,5,Greenwood County              ,11,11,1513653,0,0,0,0,0,0,0,0,0,11,11,1513653,0,0,0,0,0,0,0,0,0
201309,45,055,3,5,Kershaw County                ,11,11,1577235,0,0,0,0,0,0,0,0,0,11,11,1577235,0,0,0,0,0,0,0,0,0
201309,45,059,3,5,Laurens County                ,3,3,429512,0,0,0,0,0,0,0,0,0,3,3,429512,0,0,0,0,0,0,0,0,0
201309,45,063,3,5,Lexington County              ,144,144,36932562,0,0,0,0,0,0,0,0,0,140,140,36494119,0,0,0,0,0,0,0,0,0
201309,45,077,3,5,Pickens County                ,22,22,7070593,0,0,0,0,0,0,0,0,0,15,15,5987713,0,0,0,0,0,0,0,0,0
201309,45,079,3,5,Richland County               ,103,103,12461117,0,0,0,0,0,0,2,37,2088382,15,15,2401413,0,0,0,0,0,0,0,0,0
201309,45,081,3,5,Saluda County                 ,1,1,107700,0,0,0,0,0,0,0,0,0,1,1,107700,0,0,0,0,0,0,0,0,0
201309,45,085,3,5,Sumter County                 ,23,23,2720380,0,0,0,0,0,0,1,5,563458,0,0,0,0,0,0,0,0,0,0,0,0
201309,45,091,3,5,York County                   ,146,146,47105669,0,0,0,0,0,0,0,0,0,146,146,47105669,0,0,0,0,0,0,0,0,0
201309,46,005,2,4,Beadle County                 ,0,0,0,0,0,0,1,3,509000,0,0,0,0,0,0,0,0,0,1,3,509000,0,0,0
201309,46,069,2,4,Hyde County                   ,0,0,0,0,0,0,0,0,0,0,0,0,0,0,0,0,0,0,0,0,0,0,0,0
201309,46,121,2,4,Todd County                   ,0,0,0,0,0,0,0,0,0,0,0,0,0,0,0,0,0,0,0,0,0,0,0,0
201309,47,011,3,6,Bradley County                ,22,22,2275090,0,0,0,2,8,427487,0,0,0,15,15,1608000,0,0,0,1,4,144000,0,0,0
201309,47,015,3,6,Cannon County                 ,1,1,126327,0,0,0,0,0,0,0,0,0,0,0,0,0,0,0,0,0,0,0,0,0
201309,47,021,3,6,Cheatham County               ,5,5,1331000,0,0,0,0,0,0,0,0,0,5,5,1331000,0,0,0,0,0,0,0,0,0
201309,47,037,3,6,Davidson County               ,136,136,29572706,0,0,0,0,0,0,3,44,3929526,136,136,29572706,0,0,0,0,0,0,3,44,3929526
201309,47,039,3,6,Decatur County                ,0,0,0,0,0,0,0,0,0,0,0,0,0,0,0,0,0,0,0,0,0,0,0,0
201309,47,043,3,6,Dickson County                ,7,7,1621470,0,0,0,0,0,0,0,0,0,7,7,1621470,0,0,0,0,0,0,0,0,0
201309,47,047,3,6,Fayette County                ,20,20,3620000,0,0,0,0,0,0,0,0,0,10,10,1620000,0,0,0,0,0,0,0,0,0
201309,47,063,3,6,Hamblen County                ,5,5,440143,1,2,127500,1,3,140000,0,0,0,2,2,140000,0,0,0,0,0,0,0,0,0
201309,47,071,3,6,Hardin County                 ,0,0,0,0,0,0,0,0,0,0,0,0,0,0,0,0,0,0,0,0,0,0,0,0
201309,47,081,3,6,Hickman County                ,0,0,0,0,0,0,0,0,0,0,0,0,0,0,0,0,0,0,0,0,0,0,0,0
201309,47,091,3,6,Johnson County                ,0,0,0,0,0,0,0,0,0,0,0,0,0,0,0,0,0,0,0,0,0,0,0,0
201309,47,093,3,6,Knox County                   ,122,122,22471044,0,0,0,0,0,0,3,177,15500000,122,122,22471044,0,0,0,0,0,0,3,177,15500000
201309,47,111,3,6,Macon County                  ,0,0,0,3,6,210000,2,6,210000,1,12,275000,0,0,0,3,6,210000,2,6,210000,1,12,275000
201309,47,113,3,6,Madison County                ,13,13,3253000,0,0,0,0,0,0,0,0,0,13,13,3253000,0,0,0,0,0,0,0,0,0
201309,47,125,3,6,Montgomery County             ,81,81,10702970,0,0,0,2,8,400000,3,21,985000,81,81,10702970,0,0,0,2,8,400000,3,21,985000
201309,47,141,3,6,Putnam County                 ,19,19,2078337,0,0,0,0,0,0,0,0,0,12,12,1104000,0,0,0,0,0,0,0,0,0
201309,47,147,3,6,Robertson County              ,14,14,1808626,0,0,0,0,0,0,0,0,0,9,9,1079393,0,0,0,0,0,0,0,0,0
201309,47,149,3,6,Rutherford County             ,112,112,19451830,0,0,0,0,0,0,3,70,4248692,40,40,8334312,0,0,0,0,0,0,0,0,0
201309,47,157,3,6,Shelby County                 ,64,64,15245041,0,0,0,0,0,0,1,197,15126054,64,64,15245041,0,0,0,0,0,0,1,197,15126054
201309,47,159,3,6,Smith County                  ,6,6,1231078,0,0,0,0,0,0,0,0,0,6,6,1231078,0,0,0,0,0,0,0,0,0
201309,47,165,3,6,Sumner County                 ,72,72,12437033,0,0,0,0,0,0,0,0,0,50,50,7778056,0,0,0,0,0,0,0,0,0
201309,47,167,3,6,Tipton County                 ,9,9,1565533,0,0,0,0,0,0,0,0,0,2,2,362000,0,0,0,0,0,0,0,0,0
201309,47,169,3,6,Trousdale County              ,0,0,0,0,0,0,0,0,0,0,0,0,0,0,0,0,0,0,0,0,0,0,0,0
201309,47,179,3,6,Washington County             ,31,31,4984061,0,0,0,0,0,0,0,0,0,31,31,4984061,0,0,0,0,0,0,0,0,0
201309,47,187,3,6,Williamson County             ,114,114,35135086,0,0,0,0,0,0,0,0,0,103,103,31644332,0,0,0,0,0,0,0,0,0
201309,47,189,3,6,Wilson County                 ,97,97,21901947,0,0,0,0,0,0,1,5,715978,60,60,12596463,0,0,0,0,0,0,0,0,0
201309,48,013,3,7,Atascosa County               ,6,6,905635,0,0,0,0,0,0,0,0,0,0,0,0,0,0,0,0,0,0,0,0,0
201309,48,015,3,7,Austin County                 ,1,1,156948,0,0,0,0,0,0,0,0,0,0,0,0,0,0,0,0,0,0,0,0,0
201309,48,019,3,7,Bandera County                ,0,0,0,0,0,0,0,0,0,0,0,0,0,0,0,0,0,0,0,0,0,0,0,0
201309,48,021,3,7,Bastrop County                ,14,14,1776631,0,0,0,0,0,0,0,0,0,14,14,1776631,0,0,0,0,0,0,0,0,0
201309,48,029,3,7,Bexar County                  ,256,256,49855295,2,4,348453,0,0,0,15,282,20818227,31,31,10951348,0,0,0,0,0,0,0,0,0
201309,48,039,3,7,Brazoria County               ,126,126,26482902,0,0,0,0,0,0,1,120,7200000,119,119,25566890,0,0,0,0,0,0,1,120,7200000
201309,48,041,3,7,Brazos County                 ,60,60,10675278,1,2,270000,0,0,0,1,18,1500000,60,60,10675278,1,2,270000,0,0,0,1,18,1500000
201309,48,055,3,7,Caldwell County               ,1,1,68000,0,0,0,0,0,0,0,0,0,1,1,68000,0,0,0,0,0,0,0,0,0
201309,48,063,3,7,Camp County                   ,0,0,0,0,0,0,0,0,0,0,0,0,0,0,0,0,0,0,0,0,0,0,0,0
201309,48,071,3,7,Chambers County               ,34,34,6571130,0,0,0,0,0,0,0,0,0,24,24,4786130,0,0,0,0,0,0,0,0,0
201309,48,085,3,7,Collin County                 ,384,384,120764534,0,0,0,0,0,0,5,263,20000000,332,332,100235849,0,0,0,0,0,0,5,263,20000000
201309,48,091,3,7,Comal County                  ,90,90,19758666,1,2,167632,0,0,0,0,0,0,90,90,19758666,1,2,167632,0,0,0,0,0,0
201309,48,113,3,7,Dallas County                 ,318,318,80392658,1,2,368310,3,10,974806,30,1457,93476321,208,208,53995518,0,0,0,0,0,0,17,818,45797719
201309,48,117,3,7,Deaf Smith County             ,1,1,83000,0,0,0,0,0,0,0,0,0,0,0,0,0,0,0,0,0,0,0,0,0
201309,48,119,3,7,Delta County                  ,0,0,0,0,0,0,0,0,0,0,0,0,0,0,0,0,0,0,0,0,0,0,0,0
201309,48,121,3,7,Denton County                 ,215,215,72190831,0,0,0,0,0,0,1,5,450000,205,205,69839230,0,0,0,0,0,0,1,5,450000
201309,48,133,3,7,Eastland County               ,0,0,0,0,0,0,0,0,0,0,0,0,0,0,0,0,0,0,0,0,0,0,0,0
201309,48,135,3,7,Ector County                  ,92,92,17779640,8,16,960000,0,0,0,0,0,0,92,92,17779640,8,16,960000,0,0,0,0,0,0
201309,48,139,3,7,Ellis County                  ,62,62,10437642,0,0,0,0,0,0,0,0,0,62,62,10437642,0,0,0,0,0,0,0,0,0
201309,48,157,3,7,Fort Bend County              ,583,583,26663497,0,0,0,0,0,0,2,19,1486911,78,78,26303571,0,0,0,0,0,0,0,0,0
201309,48,167,3,7,Galveston County              ,167,167,34857653,0,0,0,0,0,0,1,19,3048454,94,94,20716487,0,0,0,0,0,0,0,0,0
201309,48,187,3,7,Guadalupe County              ,44,44,8752702,0,0,0,0,0,0,0,0,0,37,37,7807085,0,0,0,0,0,0,0,0,0
201309,48,201,3,7,Harris County                 ,1291,1291,229693792,0,0,0,0,0,0,43,973,115732518,1266,1266,224429752,0,0,0,0,0,0,41,911,108983554
201309,48,209,3,7,Hays County                   ,145,145,27187268,0,0,0,0,0,0,16,188,12619986,63,63,12287568,0,0,0,0,0,0,0,0,0
201309,48,215,3,7,Hidalgo County                ,205,205,32744814,1,2,167632,8,32,2444554,0,0,0,197,197,32269415,1,2,167632,8,32,2444554,0,0,0
201309,48,231,3,7,Hunt County                   ,3,3,385157,0,0,0,0,0,0,0,0,0,1,1,65000,0,0,0,0,0,0,0,0,0
201309,48,233,3,7,Hutchinson County             ,1,1,180000,0,0,0,0,0,0,0,0,0,1,1,180000,0,0,0,0,0,0,0,0,0
201309,48,251,3,7,Johnson County                ,48,48,8859872,1,2,18194,0,0,0,0,0,0,26,26,5220828,0,0,0,0,0,0,0,0,0
201309,48,257,3,7,Kaufman County                ,23,23,4078837,0,0,0,0,0,0,0,0,0,23,23,4078837,0,0,0,0,0,0,0,0,0
201309,48,259,3,7,Kendall County                ,29,29,5293097,0,0,0,0,0,0,0,0,0,18,18,2939533,0,0,0,0,0,0,0,0,0
201309,48,271,3,7,Kinney County                 ,0,0,0,0,0,0,0,0,0,0,0,0,0,0,0,0,0,0,0,0,0,0,0,0
201309,48,291,3,7,Liberty County                ,14,14,2626500,0,0,0,0,0,0,0,0,0,14,14,2626500,0,0,0,0,0,0,0,0,0
201309,48,307,3,7,McCulloch County              ,0,0,0,0,0,0,0,0,0,0,0,0,0,0,0,0,0,0,0,0,0,0,0,0
201309,48,323,3,7,Maverick County               ,1,1,590473,0,0,0,0,0,0,0,0,0,1,1,590473,0,0,0,0,0,0,0,0,0
201309,48,325,3,7,Medina County                 ,1,1,12000,0,0,0,0,0,0,0,0,0,0,0,0,0,0,0,0,0,0,0,0,0
201309,48,329,3,7,Midland County                ,61,61,11318857,0,0,0,0,0,0,1,110,8000000,61,61,11318857,0,0,0,0,0,0,1,110,8000000
201309,48,339,3,7,Montgomery County             ,325,325,70797724,0,0,0,0,0,0,14,864,129941312,318,318,68672174,0,0,0,0,0,0,14,864,129941312
201309,48,353,3,7,Nolan County                  ,0,0,0,0,0,0,0,0,0,0,0,0,0,0,0,0,0,0,0,0,0,0,0,0
201309,48,359,3,7,Oldham County                 ,0,0,0,0,0,0,0,0,0,0,0,0,0,0,0,0,0,0,0,0,0,0,0,0
201309,48,367,3,7,Parker County                 ,20,20,4654756,0,0,0,0,0,0,1,8,848958,18,18,4410360,0,0,0,0,0,0,0,0,0
201309,48,375,3,7,Potter County                 ,81,81,15726734,0,0,0,0,0,0,0,0,0,81,81,15726734,0,0,0,0,0,0,0,0,0
201309,48,383,3,7,Reagan County                 ,0,0,0,0,0,0,0,0,0,0,0,0,0,0,0,0,0,0,0,0,0,0,0,0
201309,48,385,3,7,Real County                   ,0,0,0,0,0,0,0,0,0,0,0,0,0,0,0,0,0,0,0,0,0,0,0,0
201309,48,397,3,7,Rockwall County               ,35,35,9649143,0,0,0,0,0,0,0,0,0,35,35,9649143,0,0,0,0,0,0,0,0,0
201309,48,407,3,7,San Jacinto County            ,0,0,0,0,0,0,0,0,0,0,0,0,0,0,0,0,0,0,0,0,0,0,0,0
201309,48,435,3,7,Sutton County                 ,0,0,0,0,0,0,0,0,0,0,0,0,0,0,0,0,0,0,0,0,0,0,0,0
201309,48,437,3,7,Swisher County                ,0,0,0,0,0,0,0,0,0,0,0,0,0,0,0,0,0,0,0,0,0,0,0,0
201309,48,439,3,7,Tarrant County                ,433,433,100720720,2,4,350853,24,96,12999984,2,117,8613029,392,392,88640978,2,4,350853,24,96,12999984,1,95,7294290
201309,48,451,3,7,Tom Green County              ,22,22,4138384,0,0,0,0,0,0,0,0,0,22,22,4138384,0,0,0,0,0,0,0,0,0
201309,48,453,3,7,Travis County                 ,326,326,65915453,11,22,4241900,20,75,10074630,22,375,22571856,306,306,61467795,11,22,4241900,20,75,10074630,22,375,22571856
201309,48,463,3,7,Uvalde County                 ,5,5,335000,0,0,0,0,0,0,0,0,0,5,5,335000,0,0,0,0,0,0,0,0,0
201309,48,469,3,7,Victoria County               ,12,12,2151639,0,0,0,0,0,0,0,0,0,12,12,2151639,0,0,0,0,0,0,0,0,0
201309,48,471,3,7,Walker County                 ,5,5,890094,0,0,0,0,0,0,0,0,0,5,5,890094,0,0,0,0,0,0,0,0,0
201309,48,473,3,7,Waller County                 ,0,0,0,0,0,0,0,0,0,1,6,133083,0,0,0,0,0,0,0,0,0,0,0,0
201309,48,479,3,7,Webb County                   ,71,71,10362534,0,0,0,1,4,188952,1,73,4455663,0,0,0,0,0,0,0,0,0,0,0,0
201309,48,491,3,7,Williamson County             ,188,188,47365151,1,2,250000,0,0,0,9,180,23507087,188,188,47365151,1,2,250000,0,0,0,9,180,23507087
201309,48,493,3,7,Wilson County                 ,4,4,732930,0,0,0,0,0,0,1,5,240000,3,3,577930,0,0,0,0,0,0,0,0,0
201309,48,497,3,7,Wise County                   ,6,6,851000,0,0,0,0,0,0,0,0,0,6,6,851000,0,0,0,0,0,0,0,0,0
201309,49,009,4,8,Daggett County                ,0,0,0,0,0,0,0,0,0,0,0,0,0,0,0,0,0,0,0,0,0,0,0,0
201309,49,019,4,8,Grand County                  ,4,4,931994,0,0,0,0,0,0,0,0,0,2,2,477463,0,0,0,0,0,0,0,0,0
201309,49,021,4,8,Iron County                   ,13,13,2253217,1,2,200000,0,0,0,0,0,0,13,13,2253217,1,2,200000,0,0,0,0,0,0
201309,49,033,4,8,Rich County                   ,2,2,482000,0,0,0,0,0,0,0,0,0,2,2,482000,0,0,0,0,0,0,0,0,0
201309,49,035,4,8,Salt Lake County              ,258,258,60463208,1,2,302689,4,13,1977547,2,12,1078437,242,242,57100099,1,2,302689,4,13,1977547,1,6,659125
201309,49,039,4,8,Sanpete County                ,4,4,486646,0,0,0,0,0,0,0,0,0,4,4,486646,0,0,0,0,0,0,0,0,0
201309,49,043,4,8,Summit County                 ,11,11,5169425,0,0,0,1,3,841530,0,0,0,4,4,1762797,0,0,0,0,0,0,0,0,0
201309,49,045,4,8,Tooele County                 ,35,35,6753721,0,0,0,0,0,0,1,24,1402392,24,24,5150499,0,0,0,0,0,0,1,24,1402392
201309,49,051,4,8,Wasatch County                ,35,35,15499118,0,0,0,0,0,0,0,0,0,34,34,15277060,0,0,0,0,0,0,0,0,0
201309,51,003,3,5,Albemarle County              ,39,39,11284218,0,0,0,0,0,0,0,0,0,39,39,11284218,0,0,0,0,0,0,0,0,0
201309,51,007,3,5,Amelia County                 ,2,2,279360,0,0,0,0,0,0,0,0,0,2,2,279360,0,0,0,0,0,0,0,0,0
201309,51,013,3,5,Arlington County              ,22,22,3429125,0,0,0,0,0,0,1,5,825000,22,22,3429125,0,0,0,0,0,0,1,5,825000
201309,51,015,3,5,Augusta County                ,18,18,2323471,0,0,0,0,0,0,0,0,0,0,0,0,0,0,0,0,0,0,0,0,0
201309,51,019,3,5,Bedford County                ,12,12,2512886,0,0,0,0,0,0,0,0,0,12,12,2512886,0,0,0,0,0,0,0,0,0
201309,51,023,3,5,Botetourt County              ,6,6,922950,0,0,0,0,0,0,0,0,0,6,6,922950,0,0,0,0,0,0,0,0,0
201309,51,031,3,5,Campbell County               ,18,18,3210500,0,0,0,0,0,0,0,0,0,18,18,3210500,0,0,0,0,0,0,0,0,0
201309,51,033,3,5,Caroline County               ,4,4,589000,0,0,0,0,0,0,0,0,0,4,4,589000,0,0,0,0,0,0,0,0,0
201309,51,036,3,5,Charles City County           ,1,1,166132,0,0,0,0,0,0,0,0,0,0,0,0,0,0,0,0,0,0,0,0,0
201309,51,037,3,5,Charlotte County              ,2,2,322700,0,0,0,0,0,0,0,0,0,2,2,322700,0,0,0,0,0,0,0,0,0
201309,51,041,3,5,Chesterfield County           ,77,77,15798829,0,0,0,2,8,960000,17,368,4416000,77,77,15798829,0,0,0,2,8,960000,17,368,4416000
201309,51,043,3,5,Clarke County                 ,4,4,1230000,0,0,0,0,0,0,0,0,0,4,4,1230000,0,0,0,0,0,0,0,0,0
201309,51,047,3,5,Culpeper County               ,22,22,4973854,0,0,0,0,0,0,0,0,0,22,22,4973854,0,0,0,0,0,0,0,0,0
201309,51,049,3,5,Cumberland County             ,0,0,0,0,0,0,0,0,0,0,0,0,0,0,0,0,0,0,0,0,0,0,0,0
201309,51,053,3,5,Dinwiddie County              ,6,6,847442,0,0,0,0,0,0,0,0,0,0,0,0,0,0,0,0,0,0,0,0,0
201309,51,059,3,5,Fairfax County                ,66,66,13020495,0,0,0,0,0,0,1,76,5452548,0,0,0,0,0,0,0,0,0,0,0,0
201309,51,061,3,5,Fauquier County               ,18,18,3549374,0,0,0,0,0,0,0,0,0,16,16,3182500,0,0,0,0,0,0,0,0,0
201309,51,065,3,5,Fluvanna County               ,9,9,1548000,0,0,0,0,0,0,0,0,0,9,9,1548000,0,0,0,0,0,0,0,0,0
201309,51,067,3,5,Franklin County               ,10,10,2568000,0,0,0,0,0,0,0,0,0,10,10,2568000,0,0,0,0,0,0,0,0,0
201309,51,069,3,5,Frederick County              ,27,27,6003500,0,0,0,0,0,0,0,0,0,27,27,6003500,0,0,0,0,0,0,0,0,0
201309,51,073,3,5,Gloucester County             ,11,11,1723604,0,0,0,0,0,0,0,0,0,0,0,0,0,0,0,0,0,0,0,0,0
201309,51,075,3,5,Goochland County              ,12,12,3273015,0,0,0,0,0,0,0,0,0,12,12,3273015,0,0,0,0,0,0,0,0,0
201309,51,079,3,5,Greene County                 ,3,3,582000,0,0,0,0,0,0,0,0,0,3,3,582000,0,0,0,0,0,0,0,0,0
201309,51,085,3,5,Hanover County                ,64,64,13131494,0,0,0,0,0,0,0,0,0,64,64,13131494,0,0,0,0,0,0,0,0,0
201309,51,087,3,5,Henrico County                ,86,86,13711992,0,0,0,0,0,0,0,0,0,86,86,13711992,0,0,0,0,0,0,0,0,0
201309,51,093,3,5,Isle of Wight County          ,8,8,1436466,0,0,0,0,0,0,0,0,0,0,0,0,0,0,0,0,0,0,0,0,0
201309,51,095,3,5,James City County             ,33,33,8598753,0,0,0,0,0,0,1,6,1091201,33,33,8598753,0,0,0,0,0,0,1,6,1091201
201309,51,097,3,5,King and Queen County         ,2,2,576000,0,0,0,0,0,0,0,0,0,2,2,576000,0,0,0,0,0,0,0,0,0
201309,51,099,3,5,King George County            ,9,9,1846616,0,0,0,0,0,0,0,0,0,9,9,1846616,0,0,0,0,0,0,0,0,0
201309,51,101,3,5,King William County           ,7,7,761870,0,0,0,0,0,0,0,0,0,4,4,400000,0,0,0,0,0,0,0,0,0
201309,51,107,3,5,Loudoun County                ,309,309,63400494,0,0,0,0,0,0,0,0,0,309,309,63400494,0,0,0,0,0,0,0,0,0
201309,51,109,3,5,Louisa County                 ,14,14,3274000,0,0,0,0,0,0,0,0,0,14,14,3274000,0,0,0,0,0,0,0,0,0
201309,51,115,3,5,Mathews County                ,3,3,530200,0,0,0,0,0,0,0,0,0,3,3,530200,0,0,0,0,0,0,0,0,0
201309,51,119,3,5,Middlesex County              ,1,1,275000,0,0,0,0,0,0,0,0,0,1,1,275000,0,0,0,0,0,0,0,0,0
201309,51,127,3,5,New Kent County               ,17,17,2677696,0,0,0,0,0,0,0,0,0,17,17,2677696,0,0,0,0,0,0,0,0,0
201309,51,137,3,5,Orange County                 ,4,4,642500,0,0,0,0,0,0,0,0,0,4,4,642500,0,0,0,0,0,0,0,0,0
201309,51,143,3,5,Pittsylvania County           ,10,10,1399604,1,2,60000,0,0,0,1,5,295125,0,0,0,0,0,0,0,0,0,0,0,0
201309,51,145,3,5,Powhatan County               ,14,14,2954000,0,0,0,0,0,0,0,0,0,14,14,2954000,0,0,0,0,0,0,0,0,0
201309,51,149,3,5,Prince George County          ,0,0,0,0,0,0,0,0,0,0,0,0,0,0,0,0,0,0,0,0,0,0,0,0
201309,51,153,3,5,Prince William County         ,116,116,23800833,0,0,0,0,0,0,0,0,0,116,116,23800833,0,0,0,0,0,0,0,0,0
201309,51,157,3,5,Rappahannock County           ,2,2,882001,0,0,0,0,0,0,0,0,0,0,0,0,0,0,0,0,0,0,0,0,0
201309,51,161,3,5,Roanoke County                ,14,14,2700396,0,0,0,0,0,0,0,0,0,0,0,0,0,0,0,0,0,0,0,0,0
201309,51,163,3,5,Rockbridge County             ,5,5,793216,0,0,0,0,0,0,0,0,0,0,0,0,0,0,0,0,0,0,0,0,0
201309,51,165,3,5,Rockingham County             ,19,19,4478250,0,0,0,0,0,0,0,0,0,19,19,4478250,0,0,0,0,0,0,0,0,0
201309,51,169,3,5,Scott County                  ,2,2,175000,0,0,0,0,0,0,0,0,0,2,2,175000,0,0,0,0,0,0,0,0,0
201309,51,171,3,5,Shenandoah County             ,2,2,439754,0,0,0,0,0,0,0,0,0,2,2,439754,0,0,0,0,0,0,0,0,0
201309,51,177,3,5,Spotsylvania County           ,28,28,7040044,0,0,0,0,0,0,0,0,0,0,0,0,0,0,0,0,0,0,0,0,0
201309,51,179,3,5,Stafford County               ,68,68,14856620,0,0,0,0,0,0,0,0,0,68,68,14856620,0,0,0,0,0,0,0,0,0
201309,51,181,3,5,Surry County                  ,1,1,100000,0,0,0,0,0,0,0,0,0,1,1,100000,0,0,0,0,0,0,0,0,0
201309,51,183,3,5,Sussex County                 ,0,0,0,0,0,0,0,0,0,0,0,0,0,0,0,0,0,0,0,0,0,0,0,0
201309,51,187,3,5,Warren County                 ,8,8,1534000,0,0,0,0,0,0,0,0,0,8,8,1534000,0,0,0,0,0,0,0,0,0
201309,51,199,3,5,York County                   ,8,8,1996105,0,0,0,0,0,0,0,0,0,8,8,1996105,0,0,0,0,0,0,0,0,0
201309,51,510,3,5,Alexandria (Independent City) ,2,2,410359,0,0,0,0,0,0,0,0,0,2,2,410359,0,0,0,0,0,0,0,0,0
201309,51,530,3,5,Buena Vista (Independent City),0,0,0,0,0,0,0,0,0,0,0,0,0,0,0,0,0,0,0,0,0,0,0,0
201309,51,550,3,5,Chesapeake(Independent City)  ,59,59,12105596,2,4,445800,0,0,0,0,0,0,59,59,12105596,2,4,445800,0,0,0,0,0,0
201309,51,570,3,5,Colonial Heights (Independent ,0,0,0,0,0,0,0,0,0,0,0,0,0,0,0,0,0,0,0,0,0,0,0,0
201309,51,580,3,5,Covington (Independent City)  ,0,0,0,0,0,0,0,0,0,0,0,0,0,0,0,0,0,0,0,0,0,0,0,0
201309,51,600,3,5,Fairfax (Independent City)    ,5,5,660261,0,0,0,0,0,0,0,0,0,0,0,0,0,0,0,0,0,0,0,0,0
201309,51,610,3,5,Falls Church (Independent City,2,2,586000,0,0,0,0,0,0,0,0,0,2,2,586000,0,0,0,0,0,0,0,0,0
201309,51,630,3,5,Fredericksburg(Independent Cit,1,1,80000,0,0,0,0,0,0,0,0,0,1,1,80000,0,0,0,0,0,0,0,0,0
201309,51,650,3,5,Hampton (Independent City)    ,13,13,1674821,0,0,0,0,0,0,0,0,0,0,0,0,0,0,0,0,0,0,0,0,0
201309,51,660,3,5,Harrisonburg (Independent City,10,10,868000,0,0,0,0,0,0,0,0,0,10,10,868000,0,0,0,0,0,0,0,0,0
201309,51,670,3,5,Hopewell (Independent City)   ,4,4,387234,0,0,0,0,0,0,0,0,0,4,4,387234,0,0,0,0,0,0,0,0,0
201309,51,680,3,5,Lynchburg (Independent City)  ,19,19,2370670,0,0,0,0,0,0,0,0,0,19,19,2370670,0,0,0,0,0,0,0,0,0
201309,51,683,3,5,Manassas (Independent City)   ,9,9,1234047,0,0,0,0,0,0,0,0,0,0,0,0,0,0,0,0,0,0,0,0,0
201309,51,685,3,5,Manassas Park (Independent Cit,0,0,0,0,0,0,0,0,0,0,0,0,0,0,0,0,0,0,0,0,0,0,0,0
201309,51,700,3,5,Newport News (Independent City,4,4,350216,0,0,0,0,0,0,3,123,5468782,4,4,350216,0,0,0,0,0,0,3,123,5468782
201309,51,710,3,5,Norfolk (Independent City)    ,19,19,3898412,0,0,0,0,0,0,2,136,6526739,19,19,3898412,0,0,0,0,0,0,2,136,6526739
201309,51,730,3,5,Petersburg (Independent City) ,1,1,77390,0,0,0,0,0,0,0,0,0,0,0,0,0,0,0,0,0,0,0,0,0
201309,51,735,3,5,Poquoson (Independent City)   ,1,1,250000,0,0,0,0,0,0,0,0,0,1,1,250000,0,0,0,0,0,0,0,0,0
201309,51,740,3,5,Portsmouth (Independent City) ,5,5,964096,0,0,0,0,0,0,1,9,522726,0,0,0,0,0,0,0,0,0,0,0,0
201309,51,760,3,5,Richmond (Independent City)   ,6,6,1594588,0,0,0,0,0,0,2,254,11360385,6,6,1594588,0,0,0,0,0,0,2,254,11360385
201309,51,770,3,5,Roanoke (Independent City)    ,4,4,610162,0,0,0,0,0,0,0,0,0,4,4,610162,0,0,0,0,0,0,0,0,0
201309,51,800,3,5,Suffolk (Independent City)    ,59,59,12105596,0,0,0,0,0,0,0,0,0,59,59,12105596,0,0,0,0,0,0,0,0,0
201309,51,810,3,5,Virginia Beach (Independent Ci,40,40,5779403,0,0,0,0,0,0,2,36,2631700,40,40,5779403,0,0,0,0,0,0,2,36,2631700
201309,51,830,3,5,Williamsburg (Independent City,0,0,0,0,0,0,0,0,0,0,0,0,0,0,0,0,0,0,0,0,0,0,0,0
201309,53,011,4,9,Clark County                  ,128,128,30692798,0,0,0,0,0,0,14,135,9144576,71,71,13312950,0,0,0,0,0,0,12,122,8182306
201309,53,033,4,9,King County                   ,268,268,79314085,5,10,1719365,3,11,2236035,23,991,131363568,184,184,54707287,1,2,330000,0,0,0,16,486,59349991
201309,53,041,4,9,Lewis County                  ,5,5,667999,0,0,0,0,0,0,0,0,0,5,5,667999,0,0,0,0,0,0,0,0,0
201309,53,053,4,9,Pierce County                 ,132,132,37169898,1,2,245997,2,8,1294592,1,8,625764,122,122,34662354,1,2,245997,2,8,1294592,0,0,0
201309,53,059,4,9,Skamania County               ,5,5,1020175,0,0,0,0,0,0,0,0,0,5,5,1020175,0,0,0,0,0,0,0,0,0
201309,53,061,4,9,Snohomish County              ,123,123,33072275,4,8,1519288,0,0,0,9,209,24899767,99,99,27423083,3,6,1158336,0,0,0,9,209,24899767
201309,54,037,3,5,Jefferson County              ,9,9,2128381,0,0,0,0,0,0,0,0,0,4,4,761000,0,0,0,0,0,0,0,0,0
201309,55,021,2,3,Columbia County               ,5,5,982000,0,0,0,0,0,0,0,0,0,5,5,982000,0,0,0,0,0,0,0,0,0
201309,55,025,2,3,Dane County                   ,103,103,29308355,3,6,898080,2,7,868748,5,243,27262198,73,73,22488692,2,4,600000,1,4,650000,1,40,3000000
201309,55,031,2,3,Douglas County                ,9,9,1318340,0,0,0,0,0,0,0,0,0,9,9,1318340,0,0,0,0,0,0,0,0,0
201309,55,037,2,3,Florence County               ,3,3,459331,0,0,0,0,0,0,0,0,0,0,0,0,0,0,0,0,0,0,0,0,0
201309,55,049,2,3,Iowa County                   ,4,4,1299600,0,0,0,0,0,0,0,0,0,4,4,1299600,0,0,0,0,0,0,0,0,0
201309,55,059,2,3,Kenosha County                ,26,26,5997235,0,0,0,0,0,0,0,0,0,24,24,5383008,0,0,0,0,0,0,0,0,0
201309,55,079,2,3,Milwaukee County              ,11,11,2594889,0,0,0,1,4,250000,1,6,375000,8,8,1955000,0,0,0,1,4,250000,1,6,375000
201309,55,089,2,3,Ozaukee County                ,12,12,3856296,1,2,372000,0,0,0,0,0,0,8,8,2415715,0,0,0,0,0,0,0,0,0
201309,55,093,2,3,Pierce County                 ,10,10,1730000,0,0,0,0,0,0,0,0,0,10,10,1730000,0,0,0,0,0,0,0,0,0
201309,55,109,2,3,St. Croix County              ,23,23,4773093,0,0,0,0,0,0,0,0,0,14,14,2488000,0,0,0,0,0,0,0,0,0
201309,55,113,2,3,Sawyer County                 ,11,11,1384257,0,0,0,0,0,0,0,0,0,11,11,1384257,0,0,0,0,0,0,0,0,0
201309,55,131,2,3,Washington County             ,17,17,4353130,1,2,150000,0,0,0,0,0,0,9,9,2201850,1,2,150000,0,0,0,0,0,0
201309,55,133,2,3,Waukesha County               ,51,51,17981257,0,0,0,1,4,635000,2,70,5600000,45,45,15891801,0,0,0,1,4,635000,2,70,5600000
201309,56,019,4,8,Johnson County                ,0,0,0,0,0,0,0,0,0,0,0,0,0,0,0,0,0,0,0,0,0,0,0,0
201309,56,039,4,8,Teton County                  ,10,10,9685711,0,0,0,0,0,0,0,0,0,0,0,0,0,0,0,0,0,0,0,0,0
