Survey,FIPS,FIPS,Region,Division,County,,1-unit,,,2-units,,,3-4 units,,,5+ units,,,1-unit rep,,,2-units rep,,,3-4 units rep,,, 5+units rep
Date,State,County,Code,Code,Name,Bldgs,Units,Value,Bldgs,Units,Value,Bldgs,Units,Value,Bldgs,Units,Value,Bldgs,Units,Value,Bldgs,Units,Value,Bldgs,Units,Value,Bldgs,Units,Value
 
201304,01,001,3,6,Autauga County                ,13,13,3434719,0,0,0,0,0,0,0,0,0,13,13,3434719,0,0,0,0,0,0,0,0,0
201304,01,007,3,6,Bibb County                   ,1,1,170088,0,0,0,0,0,0,0,0,0,0,0,0,0,0,0,0,0,0,0,0,0
201304,01,009,3,6,Blount County                 ,0,0,0,0,0,0,0,0,0,0,0,0,0,0,0,0,0,0,0,0,0,0,0,0
201304,01,021,3,6,Chilton County                ,1,1,132985,0,0,0,0,0,0,0,0,0,0,0,0,0,0,0,0,0,0,0,0,0
201304,01,037,3,6,Coosa County                  ,0,0,0,0,0,0,0,0,0,0,0,0,0,0,0,0,0,0,0,0,0,0,0,0
201304,01,073,3,6,Jefferson County              ,110,110,28314552,0,0,0,2,8,793108,9,57,5148683,104,104,27351276,0,0,0,2,8,793108,8,48,4698683
201304,01,081,3,6,Lee County                    ,67,67,18316499,0,0,0,0,0,0,1,5,510999,24,24,5017747,0,0,0,0,0,0,0,0,0
201304,01,115,3,6,St. Clair County              ,8,8,1513634,0,0,0,0,0,0,0,0,0,7,7,1344001,0,0,0,0,0,0,0,0,0
201304,01,117,3,6,Shelby County                 ,67,67,14431883,0,0,0,0,0,0,2,23,1285125,25,25,4921194,0,0,0,0,0,0,0,0,0
201304,01,127,3,6,Walker County                 ,0,0,0,0,0,0,0,0,0,0,0,0,0,0,0,0,0,0,0,0,0,0,0,0
201304,02,000,4,9,Alaska Balance of State       ,7,7,1722533,0,0,0,0,0,0,0,0,0,0,0,0,0,0,0,0,0,0,0,0,0
201304,02,013,4,9,Aleutians East Borough        ,0,0,0,0,0,0,0,0,0,0,0,0,0,0,0,0,0,0,0,0,0,0,0,0
201304,02,016,4,9,Aleutians West Census Area    ,0,0,0,0,0,0,0,0,0,0,0,0,0,0,0,0,0,0,0,0,0,0,0,0
201304,02,020,4,9,Anchorage Borough             ,64,64,19462204,0,0,0,0,0,0,0,0,0,64,64,19462204,0,0,0,0,0,0,0,0,0
201304,02,020,4,9,Anchorage Municipality        ,64,64,19462204,0,0,0,0,0,0,0,0,0,64,64,19462204,0,0,0,0,0,0,0,0,0
201304,02,050,4,9,Bethel Census Area            ,0,0,0,0,0,0,0,0,0,0,0,0,0,0,0,0,0,0,0,0,0,0,0,0
201304,02,060,4,9,Bristol Bay Borough           ,0,0,0,0,0,0,0,0,0,0,0,0,0,0,0,0,0,0,0,0,0,0,0,0
201304,02,090,4,9,Fairbanks North Star Borough  ,5,5,919005,0,0,0,0,0,0,0,0,0,0,0,0,0,0,0,0,0,0,0,0,0
201304,02,100,4,9,Haines Borough                ,2,2,457996,0,0,0,0,0,0,0,0,0,2,2,457996,0,0,0,0,0,0,0,0,0
201304,02,105,4,9,Hoonah-Angoon Census Area     ,0,0,0,0,0,0,0,0,0,0,0,0,0,0,0,0,0,0,0,0,0,0,0,0
201304,02,110,4,9,Juneau Borough                ,7,7,1503517,0,0,0,1,4,447888,0,0,0,7,7,1503517,0,0,0,1,4,447888,0,0,0
201304,02,110,4,9,Juneau City and Borough       ,7,7,1503517,0,0,0,1,4,447888,0,0,0,7,7,1503517,0,0,0,1,4,447888,0,0,0
201304,02,122,4,9,Kenai Peninsula Borough       ,5,5,1071242,0,0,0,0,0,0,1,6,757132,3,3,579116,0,0,0,0,0,0,1,6,757132
201304,02,130,4,9,Ketchikan Gateway Borough     ,3,3,686993,0,0,0,0,0,0,0,0,0,3,3,686993,0,0,0,0,0,0,0,0,0
201304,02,150,4,9,Kodiak Island Borough         ,1,1,388163,0,0,0,0,0,0,0,0,0,1,1,388163,0,0,0,0,0,0,0,0,0
201304,02,170,4,9,Matanuska-Susitna Borough     ,4,4,834416,0,0,0,0,0,0,0,0,0,1,1,200711,0,0,0,0,0,0,0,0,0
201304,02,180,4,9,Nome Census Area              ,0,0,0,0,0,0,0,0,0,1,5,635848,0,0,0,0,0,0,0,0,0,0,0,0
201304,02,185,4,9,North Slope Borough           ,4,4,906847,1,2,261624,0,0,0,0,0,0,0,0,0,0,0,0,0,0,0,0,0,0
201304,02,188,4,9,Northwest Arctic Borough      ,0,0,0,0,0,0,0,0,0,0,0,0,0,0,0,0,0,0,0,0,0,0,0,0
201304,02,195,4,9,Petersburg Census Area        ,0,0,0,0,0,0,0,0,0,0,0,0,0,0,0,0,0,0,0,0,0,0,0,0
201304,02,198,4,9,Prince of Wales-Hyder Census A,0,0,0,0,0,0,0,0,0,0,0,0,0,0,0,0,0,0,0,0,0,0,0,0
201304,02,220,4,9,Sitka Borough                 ,2,2,494571,0,0,0,0,0,0,0,0,0,0,0,0,0,0,0,0,0,0,0,0,0
201304,02,220,4,9,Sitka City and Borough        ,2,2,494571,0,0,0,0,0,0,0,0,0,0,0,0,0,0,0,0,0,0,0,0,0
201304,02,230,4,9,Skagway Municipality          ,1,1,88000,0,0,0,1,3,225000,0,0,0,1,1,88000,0,0,0,1,3,225000,0,0,0
201304,02,261,4,9,Valdez-Cordova Census Area    ,1,1,221000,0,0,0,0,0,0,0,0,0,1,1,221000,0,0,0,0,0,0,0,0,0
201304,02,275,4,9,Wrangell City and Borough     ,1,1,177000,0,0,0,0,0,0,0,0,0,0,0,0,0,0,0,0,0,0,0,0,0
201304,02,282,4,9,Yakutat Borough               ,0,0,0,0,0,0,0,0,0,0,0,0,0,0,0,0,0,0,0,0,0,0,0,0
201304,02,282,4,9,Yakutat City and Borough      ,0,0,0,0,0,0,0,0,0,0,0,0,0,0,0,0,0,0,0,0,0,0,0,0
201304,02,290,4,9,Yukon-Koyukuk Census Area     ,0,0,0,0,0,0,0,0,0,0,0,0,0,0,0,0,0,0,0,0,0,0,0,0
201304,04,013,4,8,Maricopa County               ,1118,1118,280118009,9,18,4428972,0,0,0,37,562,69936047,1045,1045,270615008,9,18,4428972,0,0,0,37,562,69936047
201304,04,019,4,8,Pima County                   ,235,235,58794578,1,2,101610,0,0,0,4,64,7506331,133,133,34247589,0,0,0,0,0,0,0,0,0
201304,04,021,4,8,Pinal County                  ,187,187,28237728,1,2,271000,0,0,0,0,0,0,143,143,20807875,0,0,0,0,0,0,0,0,0
201304,05,023,3,7,Cleburne County               ,0,0,0,1,2,135000,0,0,0,0,0,0,0,0,0,1,2,135000,0,0,0,0,0,0
201304,05,025,3,7,Cleveland County              ,0,0,0,0,0,0,0,0,0,0,0,0,0,0,0,0,0,0,0,0,0,0,0,0
201304,05,027,3,7,Columbia County               ,1,1,224398,0,0,0,0,0,0,0,0,0,0,0,0,0,0,0,0,0,0,0,0,0
201304,05,035,3,7,Crittenden County             ,12,12,2272643,0,0,0,0,0,0,0,0,0,12,12,2272643,0,0,0,0,0,0,0,0,0
201304,05,059,3,7,Hot Spring County             ,0,0,0,1,2,100000,0,0,0,0,0,0,0,0,0,1,2,100000,0,0,0,0,0,0
201304,05,061,3,7,Howard County                 ,1,1,80000,0,0,0,0,0,0,0,0,0,1,1,80000,0,0,0,0,0,0,0,0,0
201304,05,091,3,7,Miller County                 ,8,8,1350000,0,0,0,0,0,0,0,0,0,8,8,1350000,0,0,0,0,0,0,0,0,0
201304,05,099,3,7,Nevada County                 ,0,0,0,0,0,0,0,0,0,0,0,0,0,0,0,0,0,0,0,0,0,0,0,0
201304,06,001,4,9,Alameda County                ,166,166,62093829,5,10,2103565,2,8,1446801,6,146,23702992,155,155,57669771,1,2,525000,2,8,1446801,5,125,19424327
201304,06,003,4,9,Alpine County                 ,0,0,0,0,0,0,0,0,0,0,0,0,0,0,0,0,0,0,0,0,0,0,0,0
201304,06,009,4,9,Calaveras County              ,2,2,486691,0,0,0,0,0,0,0,0,0,2,2,486691,0,0,0,0,0,0,0,0,0
201304,06,013,4,9,Contra Costa County           ,141,141,37264542,0,0,0,5,20,3777616,2,11,2567302,140,140,37054837,0,0,0,5,20,3777616,2,11,2567302
201304,06,017,4,9,El Dorado County              ,28,28,9907363,0,0,0,0,0,0,0,0,0,28,28,9907363,0,0,0,0,0,0,0,0,0
201304,06,037,4,9,Los Angeles County            ,231,231,82761209,13,26,4471337,2,7,969674,25,1344,240699888,187,187,65382359,13,26,4471337,1,4,500000,17,1240,224700999
201304,06,041,4,9,Marin County                  ,12,12,5854859,0,0,0,0,0,0,2,46,5788405,2,2,1755550,0,0,0,0,0,0,1,38,5000000
201304,06,045,4,9,Mendocino County              ,33,33,2630613,0,0,0,0,0,0,0,0,0,33,33,2630613,0,0,0,0,0,0,0,0,0
201304,06,049,4,9,Modoc County                  ,0,0,0,0,0,0,0,0,0,0,0,0,0,0,0,0,0,0,0,0,0,0,0,0
201304,06,051,4,9,Mono County                   ,1,1,206087,0,0,0,0,0,0,0,0,0,0,0,0,0,0,0,0,0,0,0,0,0
201304,06,059,4,9,Orange County                 ,284,284,90312512,19,38,7873603,4,14,2530384,10,360,45605282,245,245,74060344,17,34,6518235,2,7,1111493,5,203,28087804
201304,06,061,4,9,Placer County                 ,116,116,33537273,0,0,0,0,0,0,0,0,0,115,115,33276305,0,0,0,0,0,0,0,0,0
201304,06,063,4,9,Plumas County                 ,2,2,325415,0,0,0,0,0,0,0,0,0,2,2,325415,0,0,0,0,0,0,0,0,0
201304,06,065,4,9,Riverside County              ,335,335,84802921,0,0,0,0,0,0,33,470,55863861,280,280,74923815,0,0,0,0,0,0,32,461,55336297
201304,06,067,4,9,Sacramento County             ,151,151,42698207,0,0,0,0,0,0,1,106,8998451,150,150,42454953,0,0,0,0,0,0,1,106,8998451
201304,06,069,4,9,San Benito County             ,6,6,1503704,0,0,0,0,0,0,0,0,0,2,2,520000,0,0,0,0,0,0,0,0,0
201304,06,071,4,9,San Bernardino County         ,162,162,34617112,5,10,1371741,13,44,6114075,26,158,15685438,147,147,32280030,5,10,1371741,13,44,6114075,26,158,15685438
201304,06,073,4,9,San Diego County              ,218,218,71960305,5,10,2092872,8,28,3935844,30,426,56550303,217,217,71749003,5,10,2092872,8,28,3935844,30,426,56550303
201304,06,075,4,9,San Francisco County          ,2,2,496256,0,0,0,1,4,1000000,6,383,84789374,2,2,496256,0,0,0,1,4,1000000,6,383,84789374
201304,06,077,4,9,San Joaquin County            ,128,128,32769262,0,0,0,0,0,0,0,0,0,111,111,28630864,0,0,0,0,0,0,0,0,0
201304,06,081,4,9,San Mateo County              ,54,54,29736542,1,2,500000,0,0,0,2,39,6763140,31,31,12463057,0,0,0,0,0,0,0,0,0
201304,06,085,4,9,Santa Clara County            ,137,137,59887300,0,0,0,0,0,0,10,524,111626755,118,118,51212286,0,0,0,0,0,0,9,489,107261726
201304,06,091,4,9,Sierra County                 ,0,0,0,0,0,0,0,0,0,0,0,0,0,0,0,0,0,0,0,0,0,0,0,0
201304,06,113,4,9,Yolo County                   ,20,20,5176406,0,0,0,0,0,0,0,0,0,20,20,5176406,0,0,0,0,0,0,0,0,0
201304,08,001,4,8,Adams County                  ,74,74,16927698,0,0,0,0,0,0,0,0,0,66,66,15376958,0,0,0,0,0,0,0,0,0
201304,08,005,4,8,Arapahoe County               ,102,102,31047731,0,0,0,0,0,0,1,28,2701176,85,85,26113079,0,0,0,0,0,0,0,0,0
201304,08,014,4,8,Broomfield County             ,45,45,11666560,0,0,0,0,0,0,2,53,3544325,45,45,11666560,0,0,0,0,0,0,2,53,3544325
201304,08,015,4,8,Chaffee County                ,11,11,2593308,0,0,0,0,0,0,0,0,0,0,0,0,0,0,0,0,0,0,0,0,0
201304,08,019,4,8,Clear Creek County            ,0,0,0,0,0,0,0,0,0,0,0,0,0,0,0,0,0,0,0,0,0,0,0,0
201304,08,023,4,8,Costilla County               ,2,2,453794,0,0,0,0,0,0,0,0,0,0,0,0,0,0,0,0,0,0,0,0,0
201304,08,031,4,8,Denver County                 ,98,98,17005420,7,14,2415619,0,0,0,2,124,22594431,98,98,17005420,7,14,2415619,0,0,0,2,124,22594431
201304,08,033,4,8,Dolores County                ,0,0,0,0,0,0,0,0,0,0,0,0,0,0,0,0,0,0,0,0,0,0,0,0
201304,08,035,4,8,Douglas County                ,159,159,46625047,0,0,0,0,0,0,1,48,4201341,149,149,44206997,0,0,0,0,0,0,0,0,0
201304,08,039,4,8,Elbert County                 ,6,6,2311113,0,0,0,0,0,0,0,0,0,6,6,2311113,0,0,0,0,0,0,0,0,0
201304,08,041,4,8,El Paso County                ,306,306,110537904,2,4,593425,0,0,0,0,0,0,306,306,110537904,2,4,593425,0,0,0,0,0,0
201304,08,047,4,8,Gilpin County                 ,0,0,0,0,0,0,0,0,0,0,0,0,0,0,0,0,0,0,0,0,0,0,0,0
201304,08,049,4,8,Grand County                  ,14,14,3309960,0,0,0,0,0,0,1,5,552045,0,0,0,0,0,0,0,0,0,0,0,0
201304,08,059,4,8,Jefferson County              ,74,74,19179884,2,4,759447,0,0,0,0,0,0,74,74,19179884,2,4,759447,0,0,0,0,0,0
201304,08,069,4,8,Larimer County                ,115,115,29558308,0,0,0,0,0,0,3,56,4710754,115,115,29558308,0,0,0,0,0,0,3,56,4710754
201304,08,077,4,8,Mesa County                   ,50,50,11305171,0,0,0,0,0,0,0,0,0,50,50,11305171,0,0,0,0,0,0,0,0,0
201304,08,093,4,8,Park County                   ,4,4,687379,0,0,0,0,0,0,0,0,0,4,4,687379,0,0,0,0,0,0,0,0,0
201304,08,101,4,8,Pueblo County                 ,13,13,2144479,0,0,0,0,0,0,0,0,0,13,13,2144479,0,0,0,0,0,0,0,0,0
201304,08,107,4,8,Routt County                  ,3,3,2590085,0,0,0,0,0,0,0,0,0,3,3,2590085,0,0,0,0,0,0,0,0,0
201304,08,119,4,8,Teller County                 ,8,8,2086808,0,0,0,0,0,0,0,0,0,8,8,2086808,0,0,0,0,0,0,0,0,0
201304,08,123,4,8,Weld County                   ,170,170,39428269,0,0,0,0,0,0,0,0,0,151,151,34247537,0,0,0,0,0,0,0,0,0
201304,10,001,3,5,Kent County                   ,81,81,10861613,0,0,0,0,0,0,1,8,400000,81,81,10861613,0,0,0,0,0,0,1,8,400000
201304,10,003,3,5,New Castle County             ,92,92,7920948,0,0,0,0,0,0,2,49,4122186,21,21,1613651,0,0,0,0,0,0,0,0,0
201304,10,005,3,5,Sussex County                 ,182,182,26313853,3,6,454142,1,4,375000,2,23,2816654,182,182,26313853,3,6,454142,1,4,375000,2,23,2816654
201304,11,001,3,5,Washington  DC                ,18,18,3693233,2,4,350853,0,0,0,1,31,2380242,18,18,3693233,2,4,350853,0,0,0,1,31,2380242
201304,12,003,3,5,Baker County                  ,8,8,1317896,0,0,0,0,0,0,0,0,0,8,8,1317896,0,0,0,0,0,0,0,0,0
201304,12,009,3,5,Brevard County                ,112,112,33063904,0,0,0,0,0,0,0,0,0,111,111,32640043,0,0,0,0,0,0,0,0,0
201304,12,011,3,5,Broward County                ,79,79,18566793,0,0,0,3,12,2106718,10,538,37828587,76,76,17643689,0,0,0,3,12,2106718,9,501,36365484
201304,12,013,3,5,Calhoun County                ,3,3,351600,0,0,0,0,0,0,0,0,0,2,2,195000,0,0,0,0,0,0,0,0,0
201304,12,015,3,5,Charlotte County              ,37,37,7305117,0,0,0,0,0,0,0,0,0,6,6,1675339,0,0,0,0,0,0,0,0,0
201304,12,019,3,5,Clay County                   ,102,102,18449021,1,2,178762,0,0,0,0,0,0,102,102,18449021,0,0,0,0,0,0,0,0,0
201304,12,021,3,5,Collier County                ,135,135,35064451,0,0,0,2,8,1263452,2,20,2462525,6,6,3900486,0,0,0,0,0,0,0,0,0
201304,12,023,3,5,Columbia County               ,6,6,866330,0,0,0,0,0,0,0,0,0,0,0,0,0,0,0,0,0,0,0,0,0
201304,12,031,3,5,Duval County                  ,241,241,50923167,0,0,0,0,0,0,3,298,22881036,240,240,50645501,0,0,0,0,0,0,3,298,22881036
201304,12,033,3,5,Escambia County               ,79,79,15944493,0,0,0,0,0,0,0,0,0,79,79,15944493,0,0,0,0,0,0,0,0,0
201304,12,035,3,5,Flagler County                ,30,30,9082727,0,0,0,0,0,0,0,0,0,30,30,9082727,0,0,0,0,0,0,0,0,0
201304,12,037,3,5,Franklin County               ,0,0,0,0,0,0,0,0,0,0,0,0,0,0,0,0,0,0,0,0,0,0,0,0
201304,12,041,3,5,Gilchrist County              ,4,4,357613,0,0,0,0,0,0,0,0,0,0,0,0,0,0,0,0,0,0,0,0,0
201304,12,043,3,5,Glades County                 ,1,1,138700,0,0,0,0,0,0,0,0,0,1,1,138700,0,0,0,0,0,0,0,0,0
201304,12,047,3,5,Hamilton County               ,2,2,195049,0,0,0,0,0,0,0,0,0,0,0,0,0,0,0,0,0,0,0,0,0
201304,12,049,3,5,Hardee County                 ,2,2,313944,0,0,0,0,0,0,0,0,0,0,0,0,0,0,0,0,0,0,0,0,0
201304,12,053,3,5,Hernando County               ,25,25,3520836,0,0,0,0,0,0,0,0,0,24,24,3330584,0,0,0,0,0,0,0,0,0
201304,12,055,3,5,Highlands County              ,6,6,970626,1,2,297792,0,0,0,0,0,0,6,6,970626,1,2,297792,0,0,0,0,0,0
201304,12,057,3,5,Hillsborough County           ,497,497,158869325,1,2,324323,4,12,110906,2,385,27130180,497,497,158869325,1,2,324323,4,12,110906,2,385,27130180
201304,12,061,3,5,Indian River County           ,39,39,15234264,0,0,0,0,0,0,0,0,0,31,31,12972082,0,0,0,0,0,0,0,0,0
201304,12,063,3,5,Jackson County                ,6,6,749581,0,0,0,0,0,0,0,0,0,0,0,0,0,0,0,0,0,0,0,0,0
201304,12,065,3,5,Jefferson County              ,0,0,0,0,0,0,0,0,0,0,0,0,0,0,0,0,0,0,0,0,0,0,0,0
201304,12,067,3,5,Lafayette County              ,1,1,79000,0,0,0,0,0,0,0,0,0,1,1,79000,0,0,0,0,0,0,0,0,0
201304,12,069,3,5,Lake County                   ,113,113,31771878,0,0,0,0,0,0,0,0,0,96,96,28139967,0,0,0,0,0,0,0,0,0
201304,12,071,3,5,Lee County                    ,215,215,48186364,0,0,0,1,4,876291,9,69,9653331,215,215,48186364,0,0,0,1,4,876291,9,69,9653331
201304,12,073,3,5,Leon County                   ,34,34,6179469,0,0,0,1,3,332000,2,64,5674188,9,9,2344000,0,0,0,0,0,0,0,0,0
201304,12,077,3,5,Liberty County                ,1,1,100071,0,0,0,0,0,0,0,0,0,0,0,0,0,0,0,0,0,0,0,0,0
201304,12,081,3,5,Manatee County                ,250,250,48970584,0,0,0,5,16,2379020,6,49,4590716,248,248,48233531,0,0,0,5,16,2379020,5,44,4186304
201304,12,083,3,5,Marion County                 ,27,27,5849205,0,0,0,8,31,1820914,1,5,292128,27,27,5849205,0,0,0,8,31,1820914,1,5,292128
201304,12,085,3,5,Martin County                 ,58,58,25684767,0,0,0,0,0,0,0,0,0,57,57,23790040,0,0,0,0,0,0,0,0,0
201304,12,086,3,5,Miami-Dade County             ,168,168,38460236,2,4,509925,0,0,0,13,1348,123458310,131,131,26292142,2,4,509925,0,0,0,11,1304,110245028
201304,12,089,3,5,Nassau County                 ,41,41,10263584,0,0,0,0,0,0,0,0,0,41,41,10263584,0,0,0,0,0,0,0,0,0
201304,12,095,3,5,Orange County                 ,341,341,74009305,1,2,340000,1,4,739554,31,1127,107150369,341,341,74009305,1,2,340000,1,4,739554,31,1127,107150369
201304,12,097,3,5,Osceola County                ,243,243,66080974,0,0,0,0,0,0,0,0,0,214,214,60374107,0,0,0,0,0,0,0,0,0
201304,12,099,3,5,Palm Beach County             ,259,259,89665914,0,0,0,0,0,0,5,132,12024467,227,227,78795861,0,0,0,0,0,0,3,94,9609231
201304,12,101,3,5,Pasco County                  ,177,177,36448814,1,2,165438,0,0,0,2,16,1675600,175,175,36136437,1,2,165438,0,0,0,2,16,1675600
201304,12,103,3,5,Pinellas County               ,54,54,16743824,0,0,0,0,0,0,1,16,1676131,49,49,15469930,0,0,0,0,0,0,0,0,0
201304,12,105,3,5,Polk County                   ,195,195,38499057,0,0,0,0,0,0,0,0,0,192,192,38180785,0,0,0,0,0,0,0,0,0
201304,12,107,3,5,Putnam County                 ,5,5,711704,0,0,0,0,0,0,0,0,0,4,4,489900,0,0,0,0,0,0,0,0,0
201304,12,109,3,5,St. Johns County              ,265,265,74462790,0,0,0,0,0,0,0,0,0,265,265,74462790,0,0,0,0,0,0,0,0,0
201304,12,111,3,5,St. Lucie County              ,51,51,6498352,2,4,352260,0,0,0,1,5,734339,50,50,6150272,2,4,352260,0,0,0,0,0,0
201304,12,113,3,5,Santa Rosa County             ,92,92,18876523,0,0,0,0,0,0,0,0,0,92,92,18876523,0,0,0,0,0,0,0,0,0
201304,12,115,3,5,Sarasota County               ,130,130,35412879,1,2,397498,0,0,0,1,8,7500000,130,130,35412879,1,2,397498,0,0,0,1,8,7500000
201304,12,117,3,5,Seminole County               ,81,81,21396063,0,0,0,1,4,410465,4,116,12815409,72,72,18871152,0,0,0,1,4,410465,4,116,12815409
201304,12,119,3,5,Sumter County                 ,285,285,86295302,0,0,0,0,0,0,0,0,0,285,285,86295302,0,0,0,0,0,0,0,0,0
201304,12,123,3,5,Taylor County                 ,2,2,130000,0,0,0,0,0,0,0,0,0,2,2,130000,0,0,0,0,0,0,0,0,0
201304,12,125,3,5,Union County                  ,2,2,149545,0,0,0,0,0,0,0,0,0,2,2,149545,0,0,0,0,0,0,0,0,0
201304,12,127,3,5,Volusia County                ,87,87,24237972,0,0,0,0,0,0,0,0,0,74,74,20941064,0,0,0,0,0,0,0,0,0
201304,12,129,3,5,Wakulla County                ,6,6,715000,0,0,0,0,0,0,0,0,0,6,6,715000,0,0,0,0,0,0,0,0,0
201304,12,131,3,5,Walton County                 ,88,88,31653844,0,0,0,0,0,0,0,0,0,88,88,31653844,0,0,0,0,0,0,0,0,0
201304,12,133,3,5,Washington County             ,1,1,155520,0,0,0,0,0,0,0,0,0,1,1,155520,0,0,0,0,0,0,0,0,0
201304,13,005,3,5,Bacon County                  ,0,0,0,0,0,0,0,0,0,0,0,0,0,0,0,0,0,0,0,0,0,0,0,0
201304,13,013,3,5,Barrow County                 ,26,26,2313119,0,0,0,0,0,0,1,5,273440,25,25,2219335,0,0,0,0,0,0,0,0,0
201304,13,015,3,5,Bartow County                 ,8,8,1986257,0,0,0,0,0,0,0,0,0,8,8,1986257,0,0,0,0,0,0,0,0,0
201304,13,029,3,5,Bryan County                  ,22,22,4754371,0,0,0,0,0,0,0,0,0,5,5,1373881,0,0,0,0,0,0,0,0,0
201304,13,035,3,5,Butts County                  ,1,1,183600,0,0,0,0,0,0,0,0,0,0,0,0,0,0,0,0,0,0,0,0,0
201304,13,045,3,5,Carroll County                ,5,5,1031574,0,0,0,0,0,0,0,0,0,5,5,1031574,0,0,0,0,0,0,0,0,0
201304,13,057,3,5,Cherokee County               ,157,157,38896675,0,0,0,0,0,0,0,0,0,157,157,38896675,0,0,0,0,0,0,0,0,0
201304,13,059,3,5,Clarke County                 ,12,12,2412060,0,0,0,0,0,0,0,0,0,12,12,2412060,0,0,0,0,0,0,0,0,0
201304,13,063,3,5,Clayton County                ,0,0,0,0,0,0,0,0,0,0,0,0,0,0,0,0,0,0,0,0,0,0,0,0
201304,13,067,3,5,Cobb County                   ,185,185,45865374,0,0,0,2,8,1396788,1,8,1537278,183,183,45106391,0,0,0,2,8,1396788,1,8,1537278
201304,13,077,3,5,Coweta County                 ,40,40,11854490,0,0,0,0,0,0,0,0,0,34,34,10776026,0,0,0,0,0,0,0,0,0
201304,13,085,3,5,Dawson County                 ,8,8,1136150,0,0,0,0,0,0,1,7,507346,8,8,1136150,0,0,0,0,0,0,0,0,0
201304,13,089,3,5,DeKalb County                 ,23,23,5978312,0,0,0,0,0,0,0,0,0,17,17,3488053,0,0,0,0,0,0,0,0,0
201304,13,095,3,5,Dougherty County              ,4,4,439613,1,2,150110,0,0,0,0,0,0,0,0,0,0,0,0,0,0,0,0,0,0
201304,13,097,3,5,Douglas County                ,10,10,2081923,0,0,0,0,0,0,0,0,0,10,10,2081923,0,0,0,0,0,0,0,0,0
201304,13,111,3,5,Fannin County                 ,18,18,3255460,0,0,0,0,0,0,0,0,0,0,0,0,0,0,0,0,0,0,0,0,0
201304,13,113,3,5,Fayette County                ,45,45,10502055,0,0,0,0,0,0,0,0,0,41,41,9525936,0,0,0,0,0,0,0,0,0
201304,13,117,3,5,Forsyth County                ,231,231,32087395,0,0,0,0,0,0,0,0,0,231,231,32087395,0,0,0,0,0,0,0,0,0
201304,13,121,3,5,Fulton County                 ,225,225,49896785,0,0,0,0,0,0,2,625,61680900,225,225,49896785,0,0,0,0,0,0,2,625,61680900
201304,13,127,3,5,Glynn County                  ,43,43,11056843,0,0,0,0,0,0,0,0,0,0,0,0,0,0,0,0,0,0,0,0,0
201304,13,133,3,5,Greene County                 ,5,5,1999612,0,0,0,0,0,0,0,0,0,5,5,1999612,0,0,0,0,0,0,0,0,0
201304,13,135,3,5,Gwinnett County               ,312,312,62716615,0,0,0,0,0,0,0,0,0,306,306,60749984,0,0,0,0,0,0,0,0,0
201304,13,143,3,5,Haralson County               ,2,2,364737,0,0,0,0,0,0,0,0,0,0,0,0,0,0,0,0,0,0,0,0,0
201304,13,145,3,5,Harris County                 ,11,11,2547415,0,0,0,0,0,0,0,0,0,11,11,2547415,0,0,0,0,0,0,0,0,0
201304,13,149,3,5,Heard County                  ,1,1,134368,0,0,0,0,0,0,0,0,0,0,0,0,0,0,0,0,0,0,0,0,0
201304,13,151,3,5,Henry County                  ,47,47,10928282,0,0,0,0,0,0,0,0,0,45,45,10678771,0,0,0,0,0,0,0,0,0
201304,13,159,3,5,Jasper County                 ,5,5,669903,0,0,0,0,0,0,0,0,0,0,0,0,0,0,0,0,0,0,0,0,0
201304,13,169,3,5,Jones County                  ,1,1,215000,0,0,0,0,0,0,0,0,0,1,1,215000,0,0,0,0,0,0,0,0,0
201304,13,171,3,5,Lamar County                  ,0,0,0,0,0,0,0,0,0,0,0,0,0,0,0,0,0,0,0,0,0,0,0,0
201304,13,177,3,5,Lee County                    ,16,16,1828562,0,0,0,0,0,0,0,0,0,0,0,0,0,0,0,0,0,0,0,0,0
201304,13,189,3,5,McDuffie County               ,2,2,320386,0,0,0,0,0,0,0,0,0,0,0,0,0,0,0,0,0,0,0,0,0
201304,13,199,3,5,Meriwether County             ,3,3,615539,0,0,0,0,0,0,0,0,0,3,3,615539,0,0,0,0,0,0,0,0,0
201304,13,211,3,5,Morgan County                 ,4,4,615000,0,0,0,0,0,0,0,0,0,4,4,615000,0,0,0,0,0,0,0,0,0
201304,13,213,3,5,Murray County                 ,3,3,543591,0,0,0,0,0,0,0,0,0,0,0,0,0,0,0,0,0,0,0,0,0
201304,13,215,3,5,Muscogee County               ,30,30,3175695,0,0,0,1,3,136270,1,20,1516960,0,0,0,0,0,0,0,0,0,0,0,0
201304,13,217,3,5,Newton County                 ,9,9,1075926,0,0,0,0,0,0,0,0,0,2,2,410359,0,0,0,0,0,0,0,0,0
201304,13,223,3,5,Paulding County               ,36,36,4588156,0,0,0,0,0,0,0,0,0,26,26,2880276,0,0,0,0,0,0,0,0,0
201304,13,227,3,5,Pickens County                ,5,5,1023000,0,0,0,0,0,0,0,0,0,5,5,1023000,0,0,0,0,0,0,0,0,0
201304,13,231,3,5,Pike County                   ,1,1,100000,0,0,0,0,0,0,0,0,0,1,1,100000,0,0,0,0,0,0,0,0,0
201304,13,237,3,5,Putnam County                 ,0,0,0,0,0,0,0,0,0,0,0,0,0,0,0,0,0,0,0,0,0,0,0,0
201304,13,239,3,5,Quitman County                ,2,2,207000,0,0,0,0,0,0,0,0,0,2,2,207000,0,0,0,0,0,0,0,0,0
201304,13,247,3,5,Rockdale County               ,3,3,330180,0,0,0,0,0,0,0,0,0,3,3,330180,0,0,0,0,0,0,0,0,0
201304,13,255,3,5,Spalding County               ,7,7,649191,0,0,0,0,0,0,0,0,0,7,7,649191,0,0,0,0,0,0,0,0,0
201304,13,291,3,5,Union County                  ,10,10,2051796,0,0,0,0,0,0,0,0,0,10,10,2051796,0,0,0,0,0,0,0,0,0
201304,13,293,3,5,Upson County                  ,1,1,143000,0,0,0,0,0,0,0,0,0,1,1,143000,0,0,0,0,0,0,0,0,0
201304,13,297,3,5,Walton County                 ,23,23,3327041,0,0,0,0,0,0,0,0,0,23,23,3327041,0,0,0,0,0,0,0,0,0
201304,13,313,3,5,Whitfield County              ,4,4,494110,0,0,0,0,0,0,0,0,0,0,0,0,0,0,0,0,0,0,0,0,0
201304,13,321,3,5,Worth County                  ,2,2,125000,0,0,0,0,0,0,0,0,0,2,2,125000,0,0,0,0,0,0,0,0,0
201304,15,001,4,9,Hawaii County                 ,63,63,15549584,0,0,0,0,0,0,0,0,0,63,63,15549584,0,0,0,0,0,0,0,0,0
201304,15,003,4,9,Honolulu County               ,108,108,32809539,0,0,0,0,0,0,0,0,0,108,108,32809539,0,0,0,0,0,0,0,0,0
201304,15,007,4,9,Kauai County                  ,16,16,7393500,0,0,0,0,0,0,0,0,0,16,16,7393500,0,0,0,0,0,0,0,0,0
201304,15,009,4,9,Maui County                   ,25,25,6203205,0,0,0,0,0,0,1,16,2766000,25,25,6203205,0,0,0,0,0,0,1,16,2766000
201304,16,001,4,8,Ada County                    ,242,242,58690400,0,0,0,0,0,0,0,0,0,242,242,58690400,0,0,0,0,0,0,0,0,0
201304,16,015,4,8,Boise County                  ,2,2,439140,0,0,0,0,0,0,0,0,0,2,2,439140,0,0,0,0,0,0,0,0,0
201304,16,027,4,8,Canyon County                 ,85,85,14844666,0,0,0,0,0,0,1,12,1412233,63,63,12078963,0,0,0,0,0,0,1,12,1412233
201304,16,045,4,8,Gem County                    ,1,1,124404,0,0,0,0,0,0,0,0,0,1,1,124404,0,0,0,0,0,0,0,0,0
201304,16,073,4,8,Owyhee County                 ,3,3,587367,0,0,0,0,0,0,0,0,0,3,3,587367,0,0,0,0,0,0,0,0,0
201304,17,005,2,3,Bond County                   ,2,2,293571,0,0,0,0,0,0,0,0,0,0,0,0,0,0,0,0,0,0,0,0,0
201304,17,013,2,3,Calhoun County                ,1,1,25000,0,0,0,0,0,0,0,0,0,1,1,25000,0,0,0,0,0,0,0,0,0
201304,17,027,2,3,Clinton County                ,12,12,2280181,0,0,0,0,0,0,0,0,0,9,9,1626000,0,0,0,0,0,0,0,0,0
201304,17,031,2,3,Cook County                   ,95,95,33058315,25,50,18840300,8,28,4297500,12,277,49093469,80,80,27047329,25,50,18840300,8,28,4297500,10,257,45824282
201304,17,037,2,3,DeKalb County                 ,8,8,2318600,0,0,0,0,0,0,3,21,1680000,8,8,2318600,0,0,0,0,0,0,3,21,1680000
201304,17,039,2,3,De Witt County                ,7,7,1355000,0,0,0,0,0,0,0,0,0,7,7,1355000,0,0,0,0,0,0,0,0,0
201304,17,043,2,3,DuPage County                 ,77,77,26825728,0,0,0,0,0,0,0,0,0,70,70,23710152,0,0,0,0,0,0,0,0,0
201304,17,063,2,3,Grundy County                 ,7,7,1530854,0,0,0,0,0,0,2,12,615384,6,6,1370305,0,0,0,0,0,0,0,0,0
201304,17,083,2,3,Jersey County                 ,1,1,132128,0,0,0,0,0,0,2,11,636346,0,0,0,0,0,0,0,0,0,0,0,0
201304,17,089,2,3,Kane County                   ,114,114,19840250,2,4,428108,1,4,404263,1,11,1876829,81,81,15076401,0,0,0,0,0,0,0,0,200000
201304,17,093,2,3,Kendall County                ,25,25,2391496,0,0,0,0,0,0,0,0,0,11,11,426333,0,0,0,0,0,0,0,0,0
201304,17,097,2,3,Lake County                   ,53,53,15680422,1,2,236880,0,0,0,0,0,0,33,33,9801405,0,0,0,0,0,0,0,0,0
201304,17,111,2,3,McHenry County                ,47,47,6735844,0,0,0,0,0,0,1,8,988002,32,32,4361537,0,0,0,0,0,0,0,0,0
201304,17,117,2,3,Macoupin County               ,6,6,1339579,0,0,0,0,0,0,0,0,0,1,1,300000,0,0,0,0,0,0,0,0,0
201304,17,119,2,3,Madison County                ,26,26,7863715,0,0,0,1,4,468000,0,0,0,22,22,7084511,0,0,0,1,4,468000,0,0,0
201304,17,133,2,3,Monroe County                 ,13,13,2753235,0,0,0,0,0,0,0,0,0,3,3,696890,0,0,0,0,0,0,0,0,0
201304,17,163,2,3,St. Clair County              ,49,49,9076933,0,0,0,0,0,0,1,18,2145115,18,18,3059000,0,0,0,0,0,0,0,0,0
201304,17,197,2,3,Will County                   ,87,87,21336279,1,2,291800,1,4,400000,0,0,0,74,74,19189998,1,2,291800,1,4,400000,0,0,0
201304,18,001,2,3,Adams County                  ,10,10,2277500,0,0,0,0,0,0,0,0,0,9,9,1940000,0,0,0,0,0,0,0,0,0
201304,18,003,2,3,Allen County                  ,83,83,15790854,0,0,0,1,4,555000,0,0,0,83,83,15790854,0,0,0,1,4,555000,0,0,0
201304,18,011,2,3,Boone County                  ,46,46,9720335,0,0,0,0,0,0,0,0,0,45,45,9653668,0,0,0,0,0,0,0,0,0
201304,18,013,2,3,Brown County                  ,4,4,845653,0,0,0,0,0,0,0,0,0,0,0,0,0,0,0,0,0,0,0,0,0
201304,18,019,2,3,Clark County                  ,41,41,6044280,1,2,200000,0,0,0,2,14,633750,34,34,5739264,1,2,200000,0,0,0,1,8,480000
201304,18,029,2,3,Dearborn County               ,7,7,1975761,0,0,0,0,0,0,0,0,0,7,7,1975761,0,0,0,0,0,0,0,0,0
201304,18,043,2,3,Floyd County                  ,17,17,4452016,1,2,125000,0,0,0,0,0,0,11,11,3363875,0,0,0,0,0,0,0,0,0
201304,18,047,2,3,Franklin County               ,2,2,356000,0,0,0,0,0,0,0,0,0,2,2,356000,0,0,0,0,0,0,0,0,0
201304,18,049,2,3,Fulton County                 ,2,2,425088,0,0,0,0,0,0,0,0,0,0,0,0,0,0,0,0,0,0,0,0,0
201304,18,057,2,3,Hamilton County               ,184,184,49685123,0,0,0,0,0,0,4,62,4600000,182,182,49464661,0,0,0,0,0,0,4,62,4600000
201304,18,059,2,3,Hancock County                ,32,32,5593004,0,0,0,0,0,0,0,0,0,32,32,5593004,0,0,0,0,0,0,0,0,0
201304,18,061,2,3,Harrison County               ,12,12,2998000,0,0,0,0,0,0,0,0,0,12,12,2998000,0,0,0,0,0,0,0,0,0
201304,18,063,2,3,Hendricks County              ,71,71,15690520,0,0,0,2,8,336000,10,66,2755000,68,68,15140972,0,0,0,2,8,336000,10,66,2755000
201304,18,065,2,3,Henry County                  ,1,1,240000,0,0,0,0,0,0,0,0,0,1,1,240000,0,0,0,0,0,0,0,0,0
201304,18,069,2,3,Huntington County             ,2,2,515000,0,0,0,0,0,0,0,0,0,2,2,515000,0,0,0,0,0,0,0,0,0
201304,18,073,2,3,Jasper County                 ,4,4,567000,0,0,0,0,0,0,0,0,0,4,4,567000,0,0,0,0,0,0,0,0,0
201304,18,079,2,3,Jennings County               ,2,2,106500,0,0,0,0,0,0,0,0,0,2,2,106500,0,0,0,0,0,0,0,0,0
201304,18,081,2,3,Johnson County                ,62,62,13317114,0,0,0,0,0,0,0,0,0,59,59,12970407,0,0,0,0,0,0,0,0,0
201304,18,087,2,3,Lagrange County               ,16,16,2901000,0,0,0,0,0,0,0,0,0,16,16,2901000,0,0,0,0,0,0,0,0,0
201304,18,089,2,3,Lake County                   ,75,75,17539882,1,2,164000,0,0,0,0,0,0,71,71,16701059,1,2,164000,0,0,0,0,0,0
201304,18,097,2,3,Marion County                 ,61,61,12825092,0,0,0,0,0,0,0,0,0,61,61,12825092,0,0,0,0,0,0,0,0,0
201304,18,105,2,3,Monroe County                 ,21,21,3598681,1,2,188150,0,0,0,1,30,2594700,0,0,0,0,0,0,0,0,0,0,0,0
201304,18,109,2,3,Morgan County                 ,8,8,1145288,0,0,0,0,0,0,0,0,0,8,8,1145288,0,0,0,0,0,0,0,0,0
201304,18,111,2,3,Newton County                 ,3,3,1067000,0,0,0,0,0,0,0,0,0,3,3,1067000,0,0,0,0,0,0,0,0,0
201304,18,115,2,3,Ohio County                   ,1,1,213120,0,0,0,0,0,0,0,0,0,0,0,0,0,0,0,0,0,0,0,0,0
201304,18,125,2,3,Pike County                   ,5,5,428000,0,0,0,0,0,0,0,0,0,5,5,428000,0,0,0,0,0,0,0,0,0
201304,18,127,2,3,Porter County                 ,36,36,10299253,3,6,717790,0,0,0,1,12,584000,33,33,9793802,3,6,717790,0,0,0,0,0,0
201304,18,133,2,3,Putnam County                 ,7,7,1266000,0,0,0,0,0,0,0,0,0,7,7,1266000,0,0,0,0,0,0,0,0,0
201304,18,145,2,3,Shelby County                 ,5,5,1301000,0,0,0,1,3,0,0,0,0,5,5,1301000,0,0,0,0,0,0,0,0,0
201304,18,155,2,3,Switzerland County            ,5,5,291331,0,0,0,0,0,0,0,0,0,0,0,0,0,0,0,0,0,0,0,0,0
201304,18,157,2,3,Tippecanoe County             ,53,53,10239568,0,0,0,0,0,0,1,5,401921,11,11,1670200,0,0,0,0,0,0,0,0,0
201304,18,163,2,3,Vanderburgh County            ,16,16,2063000,1,2,194000,0,0,0,0,0,0,16,16,2063000,1,2,194000,0,0,0,0,0,0
201304,18,167,2,3,Vigo County                   ,11,11,2145534,0,0,0,1,3,210500,1,5,246822,8,8,1762054,0,0,0,0,0,0,0,0,0
201304,18,175,2,3,Washington County             ,5,5,833007,0,0,0,0,0,0,0,0,0,0,0,0,0,0,0,0,0,0,0,0,0
201304,18,179,2,3,Wells County                  ,5,5,1101284,0,0,0,0,0,0,0,0,0,5,5,1101284,0,0,0,0,0,0,0,0,0
201304,18,181,2,3,White County                  ,2,2,452000,0,0,0,0,0,0,0,0,0,2,2,452000,0,0,0,0,0,0,0,0,0
201304,18,183,2,3,Whitley County                ,11,11,2409800,0,0,0,0,0,0,0,0,0,11,11,2409800,0,0,0,0,0,0,0,0,0
201304,19,049,2,4,Dallas County                 ,33,33,7634218,0,0,0,0,0,0,0,0,0,31,31,7316211,0,0,0,0,0,0,0,0,0
201304,19,077,2,4,Guthrie County                ,2,2,313760,0,0,0,0,0,0,0,0,0,0,0,0,0,0,0,0,0,0,0,0,0
201304,19,085,2,4,Harrison County               ,1,1,225000,0,0,0,0,0,0,0,0,0,1,1,225000,0,0,0,0,0,0,0,0,0
201304,19,121,2,4,Madison County                ,6,6,1324444,0,0,0,0,0,0,0,0,0,1,1,189000,0,0,0,0,0,0,0,0,0
201304,19,129,2,4,Mills County                  ,1,1,70000,0,0,0,0,0,0,0,0,0,1,1,70000,0,0,0,0,0,0,0,0,0
201304,19,153,2,4,Polk County                   ,267,267,63457846,0,0,0,0,0,0,1,49,8000000,266,266,62930545,0,0,0,0,0,0,1,49,8000000
201304,19,155,2,4,Pottawattamie County          ,18,18,3503433,0,0,0,0,0,0,0,0,0,4,4,1043706,0,0,0,0,0,0,0,0,0
201304,19,181,2,4,Warren County                 ,25,25,6200479,4,8,618000,0,0,0,0,0,0,25,25,6200479,4,8,618000,0,0,0,0,0,0
201304,20,055,2,4,Finney County                 ,3,3,609000,0,0,0,0,0,0,0,0,0,3,3,609000,0,0,0,0,0,0,0,0,0
201304,20,059,2,4,Franklin County               ,3,3,1205000,0,0,0,0,0,0,0,0,0,3,3,1205000,0,0,0,0,0,0,0,0,0
201304,20,063,2,4,Gove County                   ,0,0,0,0,0,0,0,0,0,0,0,0,0,0,0,0,0,0,0,0,0,0,0,0
201304,20,091,2,4,Johnson County                ,168,168,50541244,1,2,310000,0,0,0,30,788,58978920,101,101,31855429,0,0,0,0,0,0,30,788,58978920
201304,20,103,2,4,Leavenworth County            ,16,16,2580140,0,0,0,0,0,0,0,0,0,16,16,2580140,0,0,0,0,0,0,0,0,0
201304,20,107,2,4,Linn County                   ,2,2,295575,0,0,0,0,0,0,0,0,0,0,0,0,0,0,0,0,0,0,0,0,0
201304,20,121,2,4,Miami County                  ,6,6,1194469,0,0,0,0,0,0,0,0,0,4,4,772782,0,0,0,0,0,0,0,0,0
201304,20,129,2,4,Morton County                 ,0,0,0,0,0,0,0,0,0,0,0,0,0,0,0,0,0,0,0,0,0,0,0,0
201304,20,151,2,4,Pratt County                  ,0,0,0,0,0,0,0,0,0,0,0,0,0,0,0,0,0,0,0,0,0,0,0,0
201304,20,183,2,4,Smith County                  ,0,0,0,0,0,0,0,0,0,0,0,0,0,0,0,0,0,0,0,0,0,0,0,0
201304,20,209,2,4,Wyandotte County              ,20,20,4034713,0,0,0,0,0,0,6,306,22807943,19,19,3868046,0,0,0,0,0,0,6,306,22807943
201304,21,005,3,6,Anderson County               ,5,5,854140,0,0,0,0,0,0,0,0,0,5,5,854140,0,0,0,0,0,0,0,0,0
201304,21,015,3,6,Boone County                  ,36,36,6005660,0,0,0,0,0,0,0,0,0,36,36,6005660,0,0,0,0,0,0,0,0,0
201304,21,021,3,6,Boyle County                  ,2,2,490000,0,0,0,0,0,0,0,0,0,2,2,490000,0,0,0,0,0,0,0,0,0
201304,21,029,3,6,Bullitt County                ,33,33,6056560,0,0,0,0,0,0,0,0,0,33,33,6056560,0,0,0,0,0,0,0,0,0
201304,21,037,3,6,Campbell County               ,11,11,2263109,0,0,0,0,0,0,1,5,425000,11,11,2263109,0,0,0,0,0,0,0,0,0
201304,21,049,3,6,Clark County                  ,4,4,477000,6,12,2400000,0,0,0,0,0,0,4,4,477000,6,12,2400000,0,0,0,0,0,0
201304,21,053,3,6,Clinton County                ,0,0,0,0,0,0,0,0,0,0,0,0,0,0,0,0,0,0,0,0,0,0,0,0
201304,21,059,3,6,Daviess County                ,25,25,2630965,0,0,0,0,0,0,0,0,0,25,25,2630965,0,0,0,0,0,0,0,0,0
201304,21,067,3,6,Fayette County                ,87,87,12050401,0,0,0,1,3,452025,2,101,8060693,0,0,0,0,0,0,0,0,0,0,0,0
201304,21,077,3,6,Gallatin County               ,1,1,131162,0,0,0,0,0,0,0,0,0,0,0,0,0,0,0,0,0,0,0,0,0
201304,21,081,3,6,Grant County                  ,1,1,175000,0,0,0,0,0,0,0,0,0,1,1,175000,0,0,0,0,0,0,0,0,0
201304,21,103,3,6,Henry County                  ,2,2,414000,1,2,160000,0,0,0,0,0,0,2,2,414000,1,2,160000,0,0,0,0,0,0
201304,21,111,3,6,Jefferson County              ,121,121,28978989,0,0,0,0,0,0,4,72,1795000,121,121,28978989,0,0,0,0,0,0,4,72,1795000
201304,21,113,3,6,Jessamine County              ,20,20,3796805,0,0,0,0,0,0,0,0,0,20,20,3796805,0,0,0,0,0,0,0,0,0
201304,21,117,3,6,Kenton County                 ,18,18,2844298,0,0,0,0,0,0,0,0,0,18,18,2844298,0,0,0,0,0,0,0,0,0
201304,21,137,3,6,Lincoln County                ,6,6,1155860,0,0,0,0,0,0,0,0,0,6,6,1155860,0,0,0,0,0,0,0,0,0
201304,21,151,3,6,Madison County                ,11,11,1028884,1,2,55000,2,8,400000,1,5,168572,1,1,165000,1,2,55000,2,8,400000,0,0,0
201304,21,157,3,6,Marshall County               ,1,1,121209,0,0,0,0,0,0,1,9,500000,0,0,0,0,0,0,0,0,0,0,0,0
201304,21,163,3,6,Meade County                  ,8,8,1184780,0,0,0,0,0,0,0,0,0,5,5,717000,0,0,0,0,0,0,0,0,0
201304,21,167,3,6,Mercer County                 ,4,4,558534,1,2,137500,0,0,0,0,0,0,0,0,0,0,0,0,0,0,0,0,0,0
201304,21,179,3,6,Nelson County                 ,16,16,2330000,0,0,0,0,0,0,0,0,0,16,16,2330000,0,0,0,0,0,0,0,0,0
201304,21,185,3,6,Oldham County                 ,19,19,3943724,0,0,0,0,0,0,0,0,0,0,0,0,0,0,0,0,0,0,0,0,0
201304,21,191,3,6,Pendleton County              ,0,0,0,0,0,0,0,0,0,0,0,0,0,0,0,0,0,0,0,0,0,0,0,0
201304,21,205,3,6,Rowan County                  ,0,0,0,0,0,0,0,0,0,0,0,0,0,0,0,0,0,0,0,0,0,0,0,0
201304,21,209,3,6,Scott County                  ,33,33,3264982,0,0,0,0,0,0,0,0,0,33,33,3264982,0,0,0,0,0,0,0,0,0
201304,21,211,3,6,Shelby County                 ,19,19,3148437,0,0,0,0,0,0,0,0,0,19,19,3148437,0,0,0,0,0,0,0,0,0
201304,21,213,3,6,Simpson County                ,2,2,287604,2,4,318667,0,0,0,0,0,0,0,0,0,0,0,0,0,0,0,0,0,0
201304,21,215,3,6,Spencer County                ,4,4,820718,0,0,0,0,0,0,0,0,0,4,4,820718,0,0,0,0,0,0,0,0,0
201304,21,221,3,6,Trigg County                  ,0,0,0,0,0,0,0,0,0,0,0,0,0,0,0,0,0,0,0,0,0,0,0,0
201304,21,239,3,6,Woodford County               ,16,16,2576000,0,0,0,0,0,0,0,0,0,16,16,2576000,0,0,0,0,0,0,0,0,0
201304,22,009,3,7,Avoyelles Parish              ,3,3,132000,0,0,0,0,0,0,0,0,0,3,3,132000,0,0,0,0,0,0,0,0,0
201304,22,017,3,7,Caddo Parish                  ,36,36,9553439,0,0,0,0,0,0,0,0,0,3,3,615539,0,0,0,0,0,0,0,0,0
201304,22,039,3,7,Evangeline Parish             ,2,2,593000,0,0,0,0,0,0,0,0,0,2,2,593000,0,0,0,0,0,0,0,0,0
201304,22,051,3,7,Jefferson Parish              ,19,19,4530580,0,0,0,0,0,0,0,0,0,17,17,4208240,0,0,0,0,0,0,0,0,0
201304,22,071,3,7,Orleans Parish                ,80,80,16447189,9,18,1734032,0,0,0,0,0,0,0,0,0,0,0,0,0,0,0,0,0,0
201304,22,075,3,7,Plaquemines Parish            ,6,6,1963600,0,0,0,0,0,0,0,0,0,6,6,1963600,0,0,0,0,0,0,0,0,0
201304,22,077,3,7,Pointe Coupee Parish          ,8,8,1405485,0,0,0,0,0,0,0,0,0,8,8,1405485,0,0,0,0,0,0,0,0,0
201304,22,087,3,7,St. Bernard Parish            ,4,4,1035694,0,0,0,0,0,0,0,0,0,4,4,1035694,0,0,0,0,0,0,0,0,0
201304,22,089,3,7,St. Charles Parish            ,11,11,2640000,0,0,0,0,0,0,0,0,0,0,0,0,0,0,0,0,0,0,0,0,0
201304,22,091,3,7,St. Helena Parish             ,0,0,0,0,0,0,0,0,0,0,0,0,0,0,0,0,0,0,0,0,0,0,0,0
201304,22,095,3,7,St. John the Baptist Parish   ,5,5,848370,0,0,0,0,0,0,0,0,0,0,0,0,0,0,0,0,0,0,0,0,0
201304,22,103,3,7,St. Tammany Parish            ,121,121,24070550,0,0,0,0,0,0,0,0,0,105,105,21414410,0,0,0,0,0,0,0,0,0
201304,22,105,3,7,Tangipahoa Parish             ,68,68,10004670,0,0,0,0,0,0,0,0,0,64,64,9584670,0,0,0,0,0,0,0,0,0
201304,22,109,3,7,Terrebonne Parish             ,24,24,7297795,0,0,0,0,0,0,0,0,0,24,24,7297795,0,0,0,0,0,0,0,0,0
201304,22,117,3,7,Washington Parish             ,7,7,2008200,0,0,0,0,0,0,0,0,0,7,7,2008200,0,0,0,0,0,0,0,0,0
201304,23,000,1,1,Maine Unorganized Territory   ,7,7,929601,0,0,0,0,0,0,0,0,0,0,0,0,0,0,0,0,0,0,0,0,0
201304,24,003,3,5,Anne Arundel County           ,151,151,30680051,0,0,0,0,0,0,0,0,0,143,143,29340682,0,0,0,0,0,0,0,0,0
201304,24,005,3,5,Baltimore County              ,64,64,13131494,0,0,0,0,0,0,0,0,0,64,64,13131494,0,0,0,0,0,0,0,0,0
201304,24,009,3,5,Calvert County                ,26,26,5334669,0,0,0,0,0,0,0,0,0,26,26,5334669,0,0,0,0,0,0,0,0,0
201304,24,013,3,5,Carroll County                ,35,35,6960505,0,0,0,0,0,0,0,0,0,0,0,0,0,0,0,0,0,0,0,0,0
201304,24,015,3,5,Cecil County                  ,24,24,4438651,0,0,0,0,0,0,0,0,0,24,24,4438651,0,0,0,0,0,0,0,0,0
201304,24,017,3,5,Charles County                ,96,96,20082275,0,0,0,0,0,0,0,0,0,96,96,20082275,0,0,0,0,0,0,0,0,0
201304,24,021,3,5,Frederick County              ,86,86,19216068,0,0,0,0,0,0,5,232,2885294,25,25,5129490,0,0,0,0,0,0,4,214,1742487
201304,24,023,3,5,Garrett County                ,8,8,2824600,0,0,0,0,0,0,0,0,0,8,8,2824600,0,0,0,0,0,0,0,0,0
201304,24,025,3,5,Harford County                ,30,30,5970029,0,0,0,0,0,0,0,0,0,30,30,5970029,0,0,0,0,0,0,0,0,0
201304,24,027,3,5,Howard County                 ,133,133,27288886,0,0,0,0,0,0,0,0,0,133,133,27288886,0,0,0,0,0,0,0,0,0
201304,24,031,3,5,Montgomery County             ,202,202,42522123,0,0,0,0,0,0,1,263,52737700,202,202,42522123,0,0,0,0,0,0,1,263,52737700
201304,24,033,3,5,Prince George County          ,139,139,28660482,0,0,0,0,0,0,0,0,0,137,137,28109604,0,0,0,0,0,0,0,0,0
201304,24,035,3,5,Queen Anne County             ,25,25,4504460,0,0,0,0,0,0,0,0,0,24,24,4414460,0,0,0,0,0,0,0,0,0
201304,24,510,3,5,Baltimore (Independent City)  ,19,19,2562051,0,0,0,0,0,0,1,55,5287736,0,0,0,0,0,0,0,0,0,0,0,0
201304,25,009,1,1,Essex County                  ,64,64,19491030,2,4,377714,0,0,40000,3,20,1763905,34,34,12165764,1,2,214000,0,0,40000,0,0,0
201304,25,017,1,1,Middlesex County              ,161,161,48397939,5,10,1510684,0,0,0,7,280,30615734,130,130,39401603,3,6,1155000,0,0,0,2,216,20675000
201304,25,019,1,1,Nantucket County              ,6,6,5652890,0,0,0,0,0,0,0,0,0,0,0,0,0,0,0,0,0,0,0,0,0
201304,25,021,1,1,Norfolk County                ,72,72,20016153,0,0,0,0,0,0,3,40,3442925,46,46,11707122,0,0,0,0,0,0,1,27,2326500
201304,25,023,1,1,Plymouth County               ,64,64,14106007,2,4,500000,2,6,625443,2,12,1025971,41,41,8909702,2,4,500000,1,3,330000,0,0,0
201304,25,025,1,1,Suffolk County                ,4,4,935553,3,6,1000000,0,0,0,7,68,7810274,4,4,935553,3,6,1000000,0,0,0,6,54,6947100
201304,26,000,2,3,Michigan Balance of State     ,5,5,882320,0,0,0,0,0,0,0,0,0,5,5,882320,0,0,0,0,0,0,0,0,0
201304,26,001,2,3,Alcona County                 ,2,2,200942,0,0,0,0,0,0,0,0,0,0,0,0,0,0,0,0,0,0,0,0,0
201304,26,009,2,3,Antrim County                 ,5,5,1255606,0,0,0,0,0,0,0,0,0,5,5,1255606,0,0,0,0,0,0,0,0,0
201304,26,015,2,3,Barry County                  ,10,10,1491288,0,0,0,0,0,0,0,0,0,0,0,0,0,0,0,0,0,0,0,0,0
201304,26,019,2,3,Benzie County                 ,6,6,1485995,0,0,0,0,0,0,0,0,0,0,0,0,0,0,0,0,0,0,0,0,0
201304,26,029,2,3,Charlevoix County             ,7,7,1824681,0,0,0,0,0,0,0,0,0,0,0,0,0,0,0,0,0,0,0,0,0
201304,26,031,2,3,Cheboygan County              ,3,3,1005000,0,0,0,0,0,0,0,0,0,3,3,1005000,0,0,0,0,0,0,0,0,0
201304,26,047,2,3,Emmet County                  ,6,6,3069821,0,0,0,0,0,0,0,0,0,4,4,2665377,0,0,0,0,0,0,0,0,0
201304,26,051,2,3,Gladwin County                ,5,5,1101284,0,0,0,0,0,0,0,0,0,5,5,1101284,0,0,0,0,0,0,0,0,0
201304,26,059,2,3,Hillsdale County              ,3,3,560553,0,0,0,0,0,0,1,5,278125,0,0,0,0,0,0,0,0,0,0,0,0
201304,26,067,2,3,Ionia County                  ,3,3,532609,0,0,0,0,0,0,0,0,0,0,0,0,0,0,0,0,0,0,0,0,0
201304,26,079,2,3,Kalkaska County               ,2,2,159320,0,0,0,0,0,0,0,0,0,0,0,0,0,0,0,0,0,0,0,0,0
201304,26,081,2,3,Kent County                   ,108,108,22615273,2,4,333333,0,0,0,1,12,1440000,87,87,18325244,1,2,190000,0,0,0,1,12,1440000
201304,26,085,2,3,Lake County                   ,6,6,172471,0,0,0,0,0,0,0,0,0,0,0,0,0,0,0,0,0,0,0,0,0
201304,26,087,2,3,Lapeer County                 ,8,8,1056000,0,0,0,0,0,0,0,0,0,8,8,1056000,0,0,0,0,0,0,0,0,0
201304,26,089,2,3,Leelanau County               ,8,8,2317443,0,0,0,0,0,0,0,0,0,0,0,0,0,0,0,0,0,0,0,0,0
201304,26,093,2,3,Livingston County             ,61,61,13580129,0,0,0,0,0,0,0,0,0,59,59,13375986,0,0,0,0,0,0,0,0,0
201304,26,099,2,3,Macomb County                 ,127,127,33566049,0,0,0,0,0,0,1,12,804000,126,126,33459524,0,0,0,0,0,0,1,12,804000
201304,26,103,2,3,Marquette County              ,7,7,1295000,0,0,0,0,0,0,0,0,0,7,7,1295000,0,0,0,0,0,0,0,0,0
201304,26,113,2,3,Missaukee County              ,2,2,320585,0,0,0,0,0,0,0,0,0,0,0,0,0,0,0,0,0,0,0,0,0
201304,26,123,2,3,Newaygo County                ,5,5,545667,0,0,0,0,0,0,0,0,0,3,3,405000,0,0,0,0,0,0,0,0,0
201304,26,125,2,3,Oakland County                ,221,221,57764693,0,0,0,4,15,1006461,10,65,4180000,177,177,43567518,0,0,0,3,12,768000,10,65,4180000
201304,26,129,2,3,Ogemaw County                 ,4,4,733364,0,0,0,0,0,0,0,0,0,4,4,733364,0,0,0,0,0,0,0,0,0
201304,26,133,2,3,Osceola County                ,4,4,586000,0,0,0,0,0,0,0,0,0,4,4,586000,0,0,0,0,0,0,0,0,0
201304,26,137,2,3,Otsego County                 ,3,3,444790,0,0,0,0,0,0,1,5,333333,0,0,0,0,0,0,0,0,0,0,0,0
201304,26,141,2,3,Presque Isle County           ,1,1,100000,0,0,0,0,0,0,0,0,0,1,1,100000,0,0,0,0,0,0,0,0,0
201304,26,147,2,3,St. Clair County              ,8,8,1109030,0,0,0,0,0,0,0,0,0,3,3,476231,0,0,0,0,0,0,0,0,0
201304,26,163,2,3,Wayne County                  ,87,87,33041423,0,0,0,1,4,350000,0,0,0,87,87,33041423,0,0,0,1,4,350000,0,0,0
201304,27,003,2,4,Anoka County                  ,76,76,16378325,0,0,0,0,0,0,0,0,0,71,71,15221713,0,0,0,0,0,0,0,0,0
201304,27,019,2,4,Carver County                 ,38,38,10099832,0,0,0,1,3,415663,0,0,0,38,38,10099832,0,0,0,1,3,415663,0,0,0
201304,27,025,2,4,Chisago County                ,14,14,2202593,0,0,0,0,0,0,0,0,0,10,10,1686948,0,0,0,0,0,0,0,0,0
201304,27,037,2,4,Dakota County                 ,99,99,26903263,0,0,0,0,0,0,0,0,0,98,98,26716659,0,0,0,0,0,0,0,0,0
201304,27,053,2,4,Hennepin County               ,140,140,48061394,0,0,0,0,0,0,2,175,48663213,119,119,37786461,0,0,0,0,0,0,2,175,48663213
201304,27,059,2,4,Isanti County                 ,3,3,454059,0,0,0,0,0,0,0,0,0,1,1,132000,0,0,0,0,0,0,0,0,0
201304,27,123,2,4,Ramsey County                 ,24,24,5428691,0,0,0,0,0,0,1,174,1894708,20,20,4149925,0,0,0,0,0,0,1,174,1894708
201304,27,139,2,4,Scott County                  ,61,61,16824888,0,0,0,0,0,0,0,0,0,31,31,7844667,0,0,0,0,0,0,0,0,0
201304,27,141,2,4,Sherburne County              ,15,15,2770620,0,0,0,0,0,0,0,0,0,9,9,1672885,0,0,0,0,0,0,0,0,0
201304,27,163,2,4,Washington County             ,81,81,22801189,0,0,0,0,0,0,1,6,796133,37,37,8974363,0,0,0,0,0,0,0,0,0
201304,27,171,2,4,Wright County                 ,47,47,10420820,0,0,0,0,0,0,0,0,0,43,43,9646431,0,0,0,0,0,0,0,0,0
201304,28,021,3,6,Claiborne County              ,0,0,0,0,0,0,0,0,0,0,0,0,0,0,0,0,0,0,0,0,0,0,0,0
201304,28,033,3,6,DeSoto County                 ,85,85,12132988,0,0,0,0,0,0,0,0,0,46,46,5510280,0,0,0,0,0,0,0,0,0
201304,28,039,3,6,George County                 ,0,0,0,0,0,0,0,0,0,0,0,0,0,0,0,0,0,0,0,0,0,0,0,0
201304,28,071,3,6,Lafayette County              ,11,11,1455000,0,0,0,0,0,0,0,0,0,11,11,1455000,0,0,0,0,0,0,0,0,0
201304,28,091,3,6,Marion County                 ,0,0,0,0,0,0,0,0,0,0,0,0,0,0,0,0,0,0,0,0,0,0,0,0
201304,28,093,3,6,Marshall County               ,4,4,515000,0,0,0,0,0,0,0,0,0,4,4,515000,0,0,0,0,0,0,0,0,0
201304,28,137,3,6,Tate County                   ,8,8,697655,0,0,0,0,0,0,0,0,0,1,1,70000,0,0,0,0,0,0,0,0,0
201304,28,143,3,6,Tunica County                 ,2,2,160640,0,0,0,0,0,0,0,0,0,0,0,0,0,0,0,0,0,0,0,0,0
201304,28,153,3,6,Wayne County                  ,0,0,0,0,0,0,0,0,0,0,0,0,0,0,0,0,0,0,0,0,0,0,0,0
201304,29,001,2,4,Adair County                  ,7,7,821046,0,0,0,0,0,0,0,0,0,7,7,821046,0,0,0,0,0,0,0,0,0
201304,29,013,2,4,Bates County                  ,0,0,0,0,0,0,0,0,0,0,0,0,0,0,0,0,0,0,0,0,0,0,0,0
201304,29,019,2,4,Boone County                  ,106,106,20506078,1,2,321636,0,0,0,0,0,0,106,106,20506078,1,2,321636,0,0,0,0,0,0
201304,29,025,2,4,Caldwell County               ,2,2,426240,0,0,0,0,0,0,0,0,0,0,0,0,0,0,0,0,0,0,0,0,0
201304,29,037,2,4,Cass County                   ,29,29,6542569,0,0,0,0,0,0,0,0,0,20,20,4145100,0,0,0,0,0,0,0,0,0
201304,29,047,2,4,Clay County                   ,31,31,6008672,0,0,0,0,0,0,0,0,0,26,26,4981437,0,0,0,0,0,0,0,0,0
201304,29,049,2,4,Clinton County                ,4,4,673300,0,0,0,0,0,0,0,0,0,4,4,673300,0,0,0,0,0,0,0,0,0
201304,29,051,2,4,Cole County                   ,21,21,3938692,1,2,208615,0,0,0,0,0,0,9,9,1445460,0,0,0,0,0,0,0,0,0
201304,29,065,2,4,Dent County                   ,0,0,0,0,0,0,0,0,0,0,0,0,0,0,0,0,0,0,0,0,0,0,0,0
201304,29,071,2,4,Franklin County               ,18,18,3586792,0,0,0,0,0,0,0,0,0,15,15,2947432,0,0,0,0,0,0,0,0,0
201304,29,079,2,4,Grundy County                 ,0,0,0,0,0,0,0,0,0,0,0,0,0,0,0,0,0,0,0,0,0,0,0,0
201304,29,095,2,4,Jackson County                ,140,140,34307005,3,6,590000,3,12,1067000,1,58,4066200,139,139,33714691,3,6,590000,3,12,1067000,1,58,4066200
201304,29,099,2,4,Jefferson County              ,62,62,9598881,0,0,0,0,0,0,0,0,0,61,61,9503881,0,0,0,0,0,0,0,0,0
201304,29,105,2,4,Laclede County                ,1,1,152873,2,4,281831,0,0,0,0,0,0,0,0,0,0,0,0,0,0,0,0,0,0
201304,29,107,2,4,Lafayette County              ,3,3,660770,0,0,0,0,0,0,0,0,0,3,3,660770,0,0,0,0,0,0,0,0,0
201304,29,113,2,4,Lincoln County                ,9,9,915469,0,0,0,0,0,0,0,0,0,6,6,614765,0,0,0,0,0,0,0,0,0
201304,29,141,2,4,Morgan County                 ,0,0,0,0,0,0,0,0,0,0,0,0,0,0,0,0,0,0,0,0,0,0,0,0
201304,29,161,2,4,Phelps County                 ,3,3,664449,0,0,0,0,0,0,0,0,0,3,3,664449,0,0,0,0,0,0,0,0,0
201304,29,165,2,4,Platte County                 ,24,24,5341654,0,0,0,0,0,0,0,0,0,24,24,5341654,0,0,0,0,0,0,0,0,0
201304,29,175,2,4,Randolph County               ,3,3,295000,0,0,0,0,0,0,0,0,0,3,3,295000,0,0,0,0,0,0,0,0,0
201304,29,177,2,4,Ray County                    ,1,1,206429,0,0,0,0,0,0,0,0,0,0,0,0,0,0,0,0,0,0,0,0,0
201304,29,183,2,4,St. Charles County            ,158,158,30049108,4,8,1383886,0,0,0,0,0,0,158,158,30049108,4,8,1383886,0,0,0,0,0,0
201304,29,189,2,4,St. Louis County              ,70,70,23487274,0,0,0,0,0,0,0,0,0,63,63,20864561,0,0,0,0,0,0,0,0,0
201304,29,219,2,4,Warren County                 ,4,4,760141,0,0,0,0,0,0,0,0,0,4,4,760141,0,0,0,0,0,0,0,0,0
201304,29,221,2,4,Washington County             ,0,0,0,0,0,0,0,0,0,0,0,0,0,0,0,0,0,0,0,0,0,0,0,0
201304,29,510,2,4,St. Louis (Independent City)  ,5,5,1008000,0,0,0,0,0,0,0,0,0,5,5,1008000,0,0,0,0,0,0,0,0,0
201304,30,023,4,8,Deer Lodge County             ,1,1,100000,0,0,0,0,0,0,0,0,0,1,1,100000,0,0,0,0,0,0,0,0,0
201304,30,063,4,8,Missoula County               ,20,20,2887728,1,2,113561,0,0,0,1,12,456201,7,7,1736897,0,0,0,0,0,0,0,0,0
201304,31,025,2,4,Cass County                   ,9,9,1583889,0,0,0,0,0,0,0,0,0,9,9,1583889,0,0,0,0,0,0,0,0,0
201304,31,033,2,4,Cheyenne County               ,2,2,819000,0,0,0,0,0,0,0,0,0,2,2,819000,0,0,0,0,0,0,0,0,0
201304,31,055,2,4,Douglas County                ,152,152,23255564,5,10,1298072,0,0,0,13,337,21299692,147,147,22174087,5,10,1298072,0,0,0,12,332,20924692
201304,31,077,2,4,Greeley County                ,0,0,0,0,0,0,0,0,0,0,0,0,0,0,0,0,0,0,0,0,0,0,0,0
201304,31,105,2,4,Kimball County                ,0,0,0,0,0,0,0,0,0,0,0,0,0,0,0,0,0,0,0,0,0,0,0,0
201304,31,153,2,4,Sarpy County                  ,113,113,27152451,0,0,0,0,0,0,4,95,8509770,86,86,19393690,0,0,0,0,0,0,3,72,6923040
201304,31,155,2,4,Saunders County               ,19,19,5163825,0,0,0,0,0,0,0,0,0,19,19,5163825,0,0,0,0,0,0,0,0,0
201304,31,177,2,4,Washington County             ,6,6,954488,0,0,0,0,0,0,0,0,0,6,6,954488,0,0,0,0,0,0,0,0,0
201304,32,001,4,8,Churchill County              ,1,1,133651,0,0,0,0,0,0,0,0,0,1,1,133651,0,0,0,0,0,0,0,0,0
201304,32,003,4,8,Clark County                  ,687,687,115974046,1,2,113616,2,8,286772,3,206,13263796,687,687,115974046,1,2,113616,2,8,286772,3,206,13263796
201304,32,005,4,8,Douglas County                ,8,8,3282845,0,0,0,0,0,0,1,30,2904248,8,8,3282845,0,0,0,0,0,0,1,30,2904248
201304,32,007,4,8,Elko County                   ,21,21,3710616,2,4,327118,0,0,0,0,0,0,21,21,3710616,2,4,327118,0,0,0,0,0,0
201304,32,013,4,8,Humboldt County               ,11,11,1367207,0,0,0,0,0,0,0,0,0,1,1,81648,0,0,0,0,0,0,0,0,0
201304,32,015,4,8,Lander County                 ,1,1,155088,0,0,0,0,0,0,0,0,0,1,1,155088,0,0,0,0,0,0,0,0,0
201304,32,017,4,8,Lincoln County                ,2,2,388138,0,0,0,0,0,0,0,0,0,0,0,0,0,0,0,0,0,0,0,0,0
201304,32,019,4,8,Lyon County                   ,8,8,1368690,0,0,0,0,0,0,0,0,0,8,8,1368690,0,0,0,0,0,0,0,0,0
201304,32,021,4,8,Mineral County                ,0,0,0,0,0,0,0,0,0,0,0,0,0,0,0,0,0,0,0,0,0,0,0,0
201304,32,027,4,8,Pershing County               ,0,0,0,0,0,0,0,0,0,0,0,0,0,0,0,0,0,0,0,0,0,0,0,0
201304,32,029,4,8,Storey County                 ,1,1,165109,0,0,0,0,0,0,0,0,0,0,0,0,0,0,0,0,0,0,0,0,0
201304,32,031,4,8,Washoe County                 ,120,120,30082019,1,2,192500,0,0,0,1,8,778870,120,120,30082019,1,2,192500,0,0,0,1,8,778870
201304,32,033,4,8,White Pine County             ,2,2,281000,0,0,0,0,0,0,0,0,0,2,2,281000,0,0,0,0,0,0,0,0,0
201304,32,510,4,8,Carson City (Independent City),4,4,894648,1,2,297610,0,0,0,0,0,0,4,4,894648,1,2,297610,0,0,0,0,0,0
201304,33,015,1,1,Rockingham County             ,46,46,11707252,1,2,170000,0,0,0,0,0,0,26,26,6772012,1,2,170000,0,0,0,0,0,0
201304,33,017,1,1,Strafford County              ,21,21,3640434,0,0,0,0,0,0,1,5,741176,16,16,2873441,0,0,0,0,0,0,0,0,0
201304,34,001,1,2,Atlantic County               ,36,36,5853302,0,0,0,0,0,0,1,5,1098352,16,16,3135688,0,0,0,0,0,0,0,0,0
201304,34,003,1,2,Bergen County                 ,74,74,25571658,7,14,1716628,2,6,485000,9,120,11708409,25,25,9075505,3,6,999000,2,6,485000,0,0,0
201304,34,005,1,2,Burlington County             ,44,44,8257858,0,0,0,0,0,0,2,15,799888,11,11,2188615,0,0,0,0,0,0,0,0,0
201304,34,007,1,2,Camden County                 ,38,38,4305359,0,0,0,0,0,0,3,23,1372984,25,25,2778950,0,0,0,0,0,0,0,0,0
201304,34,009,1,2,Cape May County               ,44,44,8881828,4,8,1663200,1,3,450000,0,0,0,40,40,7893615,4,8,1663200,1,3,450000,0,0,0
201304,34,011,1,2,Cumberland County             ,20,20,2202092,0,0,0,0,0,0,0,0,0,9,9,1085500,0,0,0,0,0,0,0,0,0
201304,34,013,1,2,Essex County                  ,85,85,9513318,1,2,167500,1,3,1500000,8,193,12340670,75,75,7948415,1,2,167500,0,0,0,4,137,6605400
201304,34,015,1,2,Gloucester County             ,64,64,8905878,0,0,0,0,0,0,1,20,979850,49,49,7314456,0,0,0,0,0,0,1,20,979850
201304,34,017,1,2,Hudson County                 ,5,5,1441056,3,6,721600,0,0,0,8,283,28559669,3,3,1038500,3,6,721600,0,0,0,7,225,24537443
201304,34,019,1,2,Hunterdon County              ,14,14,4540020,0,0,0,0,0,0,1,5,203395,11,11,3898840,0,0,0,0,0,0,0,0,0
201304,34,021,1,2,Mercer County                 ,11,11,3518884,3,6,91100,0,0,0,1,5,481583,5,5,1436875,3,6,91100,0,0,0,0,0,0
201304,34,023,1,2,Middlesex County              ,84,84,15191092,0,0,0,1,3,424900,9,109,8854777,68,68,13020817,0,0,0,0,0,0,6,86,7461723
201304,34,025,1,2,Monmouth County               ,105,105,18663186,0,0,0,0,0,0,4,21,1143003,87,87,15196340,0,0,0,0,0,0,1,5,151920
201304,34,027,1,2,Morris County                 ,75,75,16662028,0,0,0,0,0,0,2,10,549533,39,39,8759852,0,0,0,0,0,0,0,0,0
201304,34,029,1,2,Ocean County                  ,102,102,19321335,4,8,440600,0,0,0,1,9,782218,50,50,9678869,0,0,0,0,0,0,0,0,0
201304,34,031,1,2,Passaic County                ,15,15,2070583,0,0,0,0,0,0,1,5,96992,8,8,734200,0,0,0,0,0,0,0,0,40000
201304,34,033,1,2,Salem County                  ,3,3,326776,0,0,0,0,0,0,0,0,0,1,1,171000,0,0,0,0,0,0,0,0,0
201304,34,035,1,2,Somerset County               ,51,51,12159669,0,0,0,0,0,0,1,24,1469000,48,48,11243933,0,0,0,0,0,0,1,24,1469000
201304,34,037,1,2,Sussex County                 ,9,9,2721304,0,0,0,0,0,0,2,10,391308,4,4,1685200,0,0,0,0,0,0,0,0,0
201304,34,039,1,2,Union County                  ,20,20,3822600,4,8,421617,0,0,0,3,19,369917,4,4,984800,3,6,235800,0,0,0,0,0,0
201304,34,041,1,2,Warren County                 ,33,33,4738198,0,0,0,0,0,0,1,8,274194,23,23,3531508,0,0,0,0,0,0,0,0,0
201304,35,000,4,8,New Mexico Balance of State   ,48,48,10431005,0,0,0,0,0,0,0,0,0,48,48,10431005,0,0,0,0,0,0,0,0,0
201304,35,001,4,8,Bernalillo County             ,42,42,10030957,0,0,0,0,0,0,0,0,0,42,42,10030957,0,0,0,0,0,0,0,0,0
201304,35,005,4,8,Chaves County                 ,1,1,176315,0,0,0,0,0,0,0,0,0,0,0,0,0,0,0,0,0,0,0,0,0
201304,35,007,4,8,Colfax County                 ,2,2,846448,0,0,0,0,0,0,0,0,0,0,0,0,0,0,0,0,0,0,0,0,0
201304,35,009,4,8,Curry County                  ,11,11,2807430,0,0,0,0,0,0,0,0,0,11,11,2807430,0,0,0,0,0,0,0,0,0
201304,35,013,4,8,Dona Ana County               ,50,50,10781568,0,0,0,0,0,0,3,22,1200000,50,50,10781568,0,0,0,0,0,0,3,22,1200000
201304,35,015,4,8,Eddy County                   ,13,13,2029142,0,0,0,0,0,0,0,0,0,13,13,2029142,0,0,0,0,0,0,0,0,0
201304,35,025,4,8,Lea County                    ,9,9,2218798,0,0,0,0,0,0,0,0,0,9,9,2218798,0,0,0,0,0,0,0,0,0
201304,35,027,4,8,Lincoln County                ,6,6,1049683,0,0,0,0,0,0,0,0,0,0,0,0,0,0,0,0,0,0,0,0,0
201304,35,028,4,8,Los Alamos County             ,0,0,0,0,0,0,0,0,0,0,0,0,0,0,0,0,0,0,0,0,0,0,0,0
201304,35,029,4,8,Luna County                   ,0,0,0,0,0,0,0,0,0,0,0,0,0,0,0,0,0,0,0,0,0,0,0,0
201304,35,031,4,8,McKinley County               ,1,1,220000,0,0,0,0,0,0,0,0,0,1,1,220000,0,0,0,0,0,0,0,0,0
201304,35,035,4,8,Otero County                  ,0,0,0,0,0,0,0,0,0,0,0,0,0,0,0,0,0,0,0,0,0,0,0,0
201304,35,039,4,8,Rio Arriba County             ,0,0,0,0,0,0,0,0,0,0,0,0,0,0,0,0,0,0,0,0,0,0,0,0
201304,35,041,4,8,Roosevelt County              ,4,4,473333,0,0,0,0,0,0,0,0,0,0,0,0,0,0,0,0,0,0,0,0,0
201304,35,043,4,8,Sandoval County               ,69,69,12546906,0,0,0,2,8,670827,0,0,0,0,0,0,0,0,0,0,0,0,0,0,0
201304,35,045,4,8,San Juan County               ,24,24,4931637,0,0,0,0,0,0,0,0,0,24,24,4931637,0,0,0,0,0,0,0,0,0
201304,35,049,4,8,Santa Fe County               ,15,15,2000371,0,0,0,0,0,0,0,0,0,0,0,0,0,0,0,0,0,0,0,0,0
201304,35,051,4,8,Sierra County                 ,0,0,0,0,0,0,0,0,0,0,0,0,0,0,0,0,0,0,0,0,0,0,0,0
201304,35,053,4,8,Socorro County                ,0,0,0,0,0,0,0,0,0,0,0,0,0,0,0,0,0,0,0,0,0,0,0,0
201304,35,055,4,8,Taos County                   ,7,7,838744,0,0,0,0,0,0,0,0,0,0,0,0,0,0,0,0,0,0,0,0,0
201304,35,061,4,8,Valencia County               ,12,12,1576494,0,0,0,0,0,0,0,0,0,0,0,0,0,0,0,0,0,0,0,0,0
201304,36,005,1,2,Bronx County                  ,0,0,0,1,2,227184,0,0,0,4,239,22722925,0,0,0,1,2,227184,0,0,0,4,239,22722925
201304,36,047,1,2,Kings County                  ,0,0,0,4,8,908734,7,22,2100455,5,260,24719500,0,0,0,4,8,908734,7,22,2100455,5,260,24719500
201304,36,059,1,2,Nassau County                 ,41,41,25915095,1,2,292500,0,0,0,0,0,0,26,26,19820619,0,0,0,0,0,0,0,0,0
201304,36,061,1,2,New York County               ,0,0,0,0,0,0,0,0,0,5,520,49439000,0,0,0,0,0,0,0,0,0,5,520,49439000
201304,36,079,1,2,Putnam County                 ,7,7,2000000,0,0,0,0,0,0,0,0,0,7,7,2000000,0,0,0,0,0,0,0,0,0
201304,36,081,1,2,Queens County                 ,10,10,2338882,6,12,1363102,3,9,859277,10,148,14071100,10,10,2338882,6,12,1363102,3,9,859277,10,148,14071100
201304,36,085,1,2,Richmond County               ,29,29,6782758,8,16,1817469,1,3,286426,0,0,0,29,29,6782758,8,16,1817469,1,3,286426,0,0,0
201304,36,087,1,2,Rockland County               ,10,10,2966520,1,2,375000,1,3,302252,1,12,1168164,4,4,611500,0,0,0,0,0,0,0,0,0
201304,36,103,1,2,Suffolk County                ,89,89,33877521,0,0,0,0,0,0,1,5,1041855,33,33,17539694,0,0,0,0,0,0,0,0,0
201304,36,119,1,2,Westchester County            ,29,29,14667161,0,0,0,1,3,600000,1,19,3119403,18,18,8660039,0,0,0,0,0,0,0,0,0
201304,37,003,3,5,Alexander County              ,5,5,1219260,0,0,0,0,0,0,0,0,0,5,5,1219260,0,0,0,0,0,0,0,0,0
201304,37,007,3,5,Anson County                  ,3,3,454715,0,0,0,0,0,0,0,0,0,0,0,0,0,0,0,0,0,0,0,0,0
201304,37,009,3,5,Ashe County                   ,5,5,888000,0,0,0,0,0,0,0,0,0,5,5,888000,0,0,0,0,0,0,0,0,0
201304,37,011,3,5,Avery County                  ,5,5,2645000,0,0,0,0,0,0,0,0,0,5,5,2645000,0,0,0,0,0,0,0,0,0
201304,37,019,3,5,Brunswick County              ,120,120,22422507,0,0,0,0,0,0,0,0,0,75,75,14280440,0,0,0,0,0,0,0,0,0
201304,37,025,3,5,Cabarrus County               ,91,91,18288149,0,0,0,0,0,0,0,0,0,91,91,18288149,0,0,0,0,0,0,0,0,0
201304,37,027,3,5,Caldwell County               ,8,8,1298000,0,0,0,0,0,0,0,0,0,8,8,1298000,0,0,0,0,0,0,0,0,0
201304,37,037,3,5,Chatham County                ,42,42,11324927,0,0,0,0,0,0,0,0,0,0,0,0,0,0,0,0,0,0,0,0,0
201304,37,039,3,5,Cherokee County               ,3,3,487903,0,0,0,0,0,0,0,0,0,3,3,487903,0,0,0,0,0,0,0,0,0
201304,37,049,3,5,Craven County                 ,32,32,3594136,0,0,0,0,0,0,0,0,0,11,11,1305500,0,0,0,0,0,0,0,0,0
201304,37,053,3,5,Currituck County              ,23,23,6895378,0,0,0,0,0,0,0,0,0,0,0,0,0,0,0,0,0,0,0,0,0
201304,37,059,3,5,Davie County                  ,5,5,1754000,0,0,0,0,0,0,0,0,0,5,5,1754000,0,0,0,0,0,0,0,0,0
201304,37,063,3,5,Durham County                 ,110,110,21342686,0,0,0,0,0,0,5,164,12616073,0,0,0,0,0,0,0,0,0,0,0,0
201304,37,067,3,5,Forsyth County                ,56,56,9217176,0,0,0,0,0,0,2,60,1297000,56,56,9217176,0,0,0,0,0,0,2,60,1297000
201304,37,069,3,5,Franklin County               ,33,33,4545480,0,0,0,0,0,0,0,0,0,33,33,4545480,0,0,0,0,0,0,0,0,0
201304,37,071,3,5,Gaston County                 ,30,30,5197684,0,0,0,0,0,0,0,0,0,30,30,5197684,0,0,0,0,0,0,0,0,0
201304,37,081,3,5,Guilford County               ,117,117,28912910,0,0,0,0,0,0,2,48,4444698,117,117,28912910,0,0,0,0,0,0,2,48,4444698
201304,37,089,3,5,Henderson County              ,18,18,3549981,0,0,0,0,0,0,0,0,0,18,18,3549981,0,0,0,0,0,0,0,0,0
201304,37,093,3,5,Hoke County                   ,21,21,4045512,0,0,0,0,0,0,14,240,16912320,21,21,4045512,0,0,0,0,0,0,14,240,16912320
201304,37,097,3,5,Iredell County                ,60,60,19794788,0,0,0,0,0,0,0,0,0,60,60,19794788,0,0,0,0,0,0,0,0,0
201304,37,099,3,5,Jackson County                ,16,16,8674801,0,0,0,0,0,0,0,0,0,16,16,8674801,0,0,0,0,0,0,0,0,0
201304,37,101,3,5,Johnston County               ,77,77,12364861,0,0,0,0,0,0,0,0,0,75,75,12023750,0,0,0,0,0,0,0,0,0
201304,37,105,3,5,Lee County                    ,9,9,1718704,0,0,0,0,0,0,0,0,0,9,9,1718704,0,0,0,0,0,0,0,0,0
201304,37,109,3,5,Lincoln County                ,17,17,3276411,1,2,196925,0,0,0,1,5,320051,0,0,0,0,0,0,0,0,0,0,0,0
201304,37,113,3,5,Macon County                  ,6,6,1560000,0,0,0,0,0,0,0,0,0,6,6,1560000,0,0,0,0,0,0,0,0,0
201304,37,119,3,5,Mecklenburg County            ,393,393,80635580,6,12,1330692,4,16,702371,14,418,32115434,393,393,80635580,6,12,1330692,4,16,702371,14,418,32115434
201304,37,127,3,5,Nash County                   ,15,15,2873000,1,2,308000,0,0,0,0,0,0,15,15,2873000,1,2,308000,0,0,0,0,0,0
201304,37,129,3,5,New Hanover County            ,73,73,19992203,0,0,0,0,0,0,5,91,10270227,6,6,1405000,0,0,0,0,0,0,0,0,0
201304,37,135,3,5,Orange County                 ,26,26,7443005,0,0,0,0,0,0,0,0,0,26,26,7443005,0,0,0,0,0,0,0,0,0
201304,37,137,3,5,Pamlico County                ,5,5,1236432,0,0,0,0,0,0,0,0,0,0,0,0,0,0,0,0,0,0,0,0,0
201304,37,141,3,5,Pender County                 ,25,25,2853077,0,0,0,0,0,0,0,0,0,10,10,767400,0,0,0,0,0,0,0,0,0
201304,37,145,3,5,Person County                 ,0,0,0,1,2,323273,0,0,0,0,0,0,0,0,0,1,2,323273,0,0,0,0,0,0
201304,37,147,3,5,Pitt County                   ,41,41,6747976,0,0,0,0,0,0,6,74,3800000,27,27,4020700,0,0,0,0,0,0,6,74,3800000
201304,37,149,3,5,Polk County                   ,9,9,1915287,0,0,0,0,0,0,0,0,0,9,9,1915287,0,0,0,0,0,0,0,0,0
201304,37,151,3,5,Randolph County               ,22,22,4688637,0,0,0,0,0,0,0,0,0,22,22,4688637,0,0,0,0,0,0,0,0,0
201304,37,157,3,5,Rockingham County             ,7,7,1991636,0,0,0,0,0,0,0,0,0,7,7,1991636,0,0,0,0,0,0,0,0,0
201304,37,159,3,5,Rowan County                  ,21,21,4870320,0,0,0,0,0,0,1,55,5321756,21,21,4870320,0,0,0,0,0,0,1,55,5321756
201304,37,163,3,5,Sampson County                ,9,9,1104956,0,0,0,0,0,0,0,0,0,9,9,1104956,0,0,0,0,0,0,0,0,0
201304,37,167,3,5,Stanly County                 ,10,10,720600,0,0,0,0,0,0,0,0,0,10,10,720600,0,0,0,0,0,0,0,0,0
201304,37,171,3,5,Surry County                  ,9,9,1389022,0,0,0,0,0,0,0,0,0,9,9,1389022,0,0,0,0,0,0,0,0,0
201304,37,175,3,5,Transylvania County           ,9,9,3008415,0,0,0,0,0,0,0,0,0,9,9,3008415,0,0,0,0,0,0,0,0,0
201304,37,179,3,5,Union County                  ,162,162,24985297,0,0,0,0,0,0,1,5,652950,162,162,24985297,0,0,0,0,0,0,1,5,652950
201304,37,181,3,5,Vance County                  ,4,4,561017,0,0,0,0,0,0,0,0,0,0,0,0,0,0,0,0,0,0,0,0,0
201304,37,183,3,5,Wake County                   ,704,704,142440529,0,0,0,0,0,0,1,35,2227538,656,656,133359405,0,0,0,0,0,0,0,0,0
201304,37,195,3,5,Wilson County                 ,8,8,2112271,0,0,0,0,0,0,0,0,0,8,8,2112271,0,0,0,0,0,0,0,0,0
201304,39,015,2,3,Brown County                  ,6,6,957102,0,0,0,0,0,0,0,0,0,0,0,0,0,0,0,0,0,0,0,0,0
201304,39,017,2,3,Butler County                 ,64,64,12199720,2,4,900000,0,0,0,0,0,0,50,50,10271428,2,4,900000,0,0,0,0,0,0
201304,39,025,2,3,Clermont County               ,30,30,4970084,0,0,0,0,0,0,1,39,2000000,30,30,4970084,0,0,0,0,0,0,1,39,2000000
201304,39,035,2,3,Cuyahoga County               ,51,51,12801925,0,0,0,1,3,136408,1,9,954549,28,28,8984128,0,0,0,0,0,0,0,0,0
201304,39,041,2,3,Delaware County               ,110,110,24574553,0,0,0,0,0,0,0,0,0,107,107,24065708,0,0,0,0,0,0,0,0,0
201304,39,045,2,3,Fairfield County              ,30,30,6898828,0,0,0,0,0,0,0,0,0,22,22,5491971,0,0,0,0,0,0,0,0,0
201304,39,049,2,3,Franklin County               ,190,190,42820152,18,36,4316392,0,0,0,27,668,53071710,182,182,40824840,18,36,4316392,0,0,0,27,668,53071710
201304,39,055,2,3,Geauga County                 ,13,13,4554500,0,0,0,0,0,0,0,0,0,13,13,4554500,0,0,0,0,0,0,0,0,0
201304,39,061,2,3,Hamilton County               ,61,61,13739730,1,2,240000,0,0,0,0,0,0,56,56,12482838,1,2,240000,0,0,0,0,0,0
201304,39,085,2,3,Lake County                   ,29,29,6747093,0,0,0,0,0,0,1,18,1120408,25,25,6109036,0,0,0,0,0,0,0,0,0
201304,39,089,2,3,Licking County                ,33,33,6527802,0,0,0,0,0,0,0,0,0,31,31,5896784,0,0,0,0,0,0,0,0,0
201304,39,093,2,3,Lorain County                 ,50,50,10674424,0,0,0,0,0,0,0,0,0,35,35,6963393,0,0,0,0,0,0,0,0,0
201304,39,097,2,3,Madison County                ,8,8,1721797,0,0,0,0,0,0,0,0,0,7,7,1541797,0,0,0,0,0,0,0,0,0
201304,39,103,2,3,Medina County                 ,41,41,8360792,0,0,0,0,0,0,3,26,2955000,41,41,8360792,0,0,0,0,0,0,3,26,2955000
201304,39,117,2,3,Morrow County                 ,6,6,998335,0,0,0,0,0,0,0,0,0,5,5,906027,0,0,0,0,0,0,0,0,0
201304,39,129,2,3,Pickaway County               ,1,1,185000,0,0,0,0,0,0,0,0,0,1,1,185000,0,0,0,0,0,0,0,0,0
201304,39,159,2,3,Union County                  ,34,34,7488728,0,0,0,0,0,0,0,0,0,34,34,7488728,0,0,0,0,0,0,0,0,0
201304,39,165,2,3,Warren County                 ,81,81,21113142,0,0,0,0,0,0,0,0,0,77,77,20514008,0,0,0,0,0,0,0,0,0
201304,39,169,2,3,Wayne County                  ,8,8,1725045,0,0,0,0,0,0,0,0,0,8,8,1725045,0,0,0,0,0,0,0,0,0
201304,40,017,3,7,Canadian County               ,19,19,4617058,0,0,0,0,0,0,0,0,0,14,14,3396135,0,0,0,0,0,0,0,0,0
201304,40,021,3,7,Cherokee County               ,4,4,503471,0,0,0,0,0,0,0,0,0,0,0,0,0,0,0,0,0,0,0,0,0
201304,40,027,3,7,Cleveland County              ,62,62,13468396,1,2,131555,0,0,0,0,0,0,61,61,13288610,1,2,131555,0,0,0,0,0,0
201304,40,029,3,7,Coal County                   ,0,0,0,0,0,0,0,0,0,0,0,0,0,0,0,0,0,0,0,0,0,0,0,0
201304,40,037,3,7,Creek County                  ,12,12,1713946,0,0,0,0,0,0,0,0,0,12,12,1713946,0,0,0,0,0,0,0,0,0
201304,40,051,3,7,Grady County                  ,12,12,1889425,1,2,160000,1,3,192000,1,5,417969,9,9,1616000,0,0,0,0,0,0,0,0,0
201304,40,081,3,7,Lincoln County                ,1,1,150000,0,0,0,0,0,0,0,0,0,1,1,150000,0,0,0,0,0,0,0,0,0
201304,40,083,3,7,Logan County                  ,3,3,540000,0,0,0,0,0,0,0,0,0,3,3,540000,0,0,0,0,0,0,0,0,0
201304,40,087,3,7,McClain County                ,29,29,4621734,0,0,0,0,0,0,0,0,0,28,28,4547500,0,0,0,0,0,0,0,0,0
201304,40,099,3,7,Murray County                 ,2,2,140000,0,0,0,0,0,0,0,0,0,2,2,140000,0,0,0,0,0,0,0,0,0
201304,40,109,3,7,Oklahoma County               ,493,493,101508054,1,2,153143,1,3,320357,0,0,0,107,107,29618394,0,0,0,0,0,0,0,0,0
201304,40,111,3,7,Okmulgee County               ,0,0,0,0,0,0,0,0,0,0,0,0,0,0,0,0,0,0,0,0,0,0,0,0
201304,40,113,3,7,Osage County                  ,6,6,1318500,0,0,0,0,0,0,0,0,0,6,6,1318500,0,0,0,0,0,0,0,0,0
201304,40,117,3,7,Pawnee County                 ,0,0,0,0,0,0,0,0,0,0,0,0,0,0,0,0,0,0,0,0,0,0,0,0
201304,40,131,3,7,Rogers County                 ,40,40,7818527,0,0,0,0,0,0,0,0,0,40,40,7818527,0,0,0,0,0,0,0,0,0
201304,40,143,3,7,Tulsa County                  ,184,184,43307204,0,0,0,0,0,0,0,0,0,184,184,43307204,0,0,0,0,0,0,0,0,0
201304,40,145,3,7,Wagoner County                ,15,15,2543851,0,0,0,0,0,0,0,0,0,15,15,2543851,0,0,0,0,0,0,0,0,0
201304,41,000,4,9,Oregon Balance of State       ,10,10,972573,0,0,0,0,0,0,0,0,0,10,10,972573,0,0,0,0,0,0,0,0,0
201304,41,001,4,9,Baker County                  ,2,2,472341,0,0,0,0,0,0,0,0,0,2,2,472341,0,0,0,0,0,0,0,0,0
201304,41,005,4,9,Clackamas County              ,109,109,30713353,0,0,0,0,0,0,0,0,0,107,107,30330529,0,0,0,0,0,0,0,0,0
201304,41,009,4,9,Columbia County               ,3,3,777679,0,0,0,0,0,0,0,0,0,1,1,261509,0,0,0,0,0,0,0,0,0
201304,41,017,4,9,Deschutes County              ,114,114,28446775,1,2,243452,0,0,0,0,0,0,114,114,28446775,1,2,243452,0,0,0,0,0,0
201304,41,019,4,9,Douglas County                ,13,13,3486367,0,0,0,0,0,0,0,0,0,13,13,3486367,0,0,0,0,0,0,0,0,0
201304,41,025,4,9,Harney County                 ,0,0,0,0,0,0,0,0,0,0,0,0,0,0,0,0,0,0,0,0,0,0,0,0
201304,41,033,4,9,Josephine County              ,11,11,2602966,0,0,0,0,0,0,0,0,0,7,7,1823790,0,0,0,0,0,0,0,0,0
201304,41,035,4,9,Klamath County                ,7,7,1775811,0,0,0,0,0,0,0,0,0,7,7,1775811,0,0,0,0,0,0,0,0,0
201304,41,045,4,9,Malheur County                ,4,4,880993,0,0,0,0,0,0,0,0,0,3,3,769118,0,0,0,0,0,0,0,0,0
201304,41,051,4,9,Multnomah County              ,57,57,14105137,1,2,277855,0,0,0,6,394,35020045,57,57,14105137,1,2,277855,0,0,0,6,394,35020045
201304,41,057,4,9,Tillamook County              ,6,6,1361987,1,2,188608,0,0,0,0,0,0,0,0,0,0,0,0,0,0,0,0,0,0
201304,41,059,4,9,Umatilla County               ,3,3,533540,2,4,478000,0,0,0,0,0,0,0,0,0,2,4,478000,0,0,0,0,0,0
201304,41,061,4,9,Union County                  ,3,3,761111,0,0,0,0,0,0,0,0,0,3,3,761111,0,0,0,0,0,0,0,0,0
201304,41,067,4,9,Washington County             ,139,139,35757284,2,4,470309,0,0,0,3,177,17613217,137,137,35123053,2,4,470309,0,0,0,3,177,17613217
201304,41,071,4,9,Yamhill County                ,20,20,5814565,0,0,0,0,0,0,0,0,0,20,20,5814565,0,0,0,0,0,0,0,0,0
201304,42,001,1,2,Adams County                  ,29,29,6418838,0,0,0,0,0,0,0,0,0,29,29,6418838,0,0,0,0,0,0,0,0,0
201304,42,003,1,2,Allegheny County              ,142,142,33608715,1,2,245000,1,3,225000,1,5,348462,102,102,25189043,0,0,0,0,0,0,0,0,0
201304,42,005,1,2,Armstrong County              ,3,3,358387,0,0,0,0,0,0,0,0,0,0,0,0,0,0,0,0,0,0,0,0,0
201304,42,007,1,2,Beaver County                 ,21,21,3949361,0,0,0,0,0,0,0,0,0,18,18,3491972,0,0,0,0,0,0,0,0,0
201304,42,017,1,2,Bucks County                  ,121,121,20873687,0,0,0,0,0,0,1,20,1700000,108,108,18392102,0,0,0,0,0,0,1,20,1700000
201304,42,019,1,2,Butler County                 ,39,39,9969175,0,0,0,1,4,240000,0,0,0,37,37,9546175,0,0,0,1,4,240000,0,0,0
201304,42,025,1,2,Carbon County                 ,10,10,1808620,0,0,0,0,0,0,1,19,600000,9,9,1652220,0,0,0,0,0,0,1,19,600000
201304,42,029,1,2,Chester County                ,95,95,16688464,0,0,0,0,0,0,0,0,0,77,77,12644173,0,0,0,0,0,0,0,0,0
201304,42,045,1,2,Delaware County               ,14,14,3601239,0,0,0,1,3,200000,0,0,0,4,4,923888,0,0,0,1,3,200000,0,0,0
201304,42,051,1,2,Fayette County                ,22,22,5095425,0,0,0,0,0,0,0,0,0,2,2,362647,0,0,0,0,0,0,0,0,0
201304,42,055,1,2,Franklin County               ,24,24,3163092,1,2,318000,0,0,0,1,6,590000,20,20,2850026,1,2,318000,0,0,0,1,6,590000
201304,42,065,1,2,Jefferson County              ,0,0,0,0,0,0,0,0,0,0,0,0,0,0,0,0,0,0,0,0,0,0,0,0
201304,42,077,1,2,Lehigh County                 ,33,33,6064354,0,0,0,0,0,0,0,0,0,17,17,4305000,0,0,0,0,0,0,0,0,0
201304,42,091,1,2,Montgomery County             ,130,130,22697697,0,0,0,0,0,0,0,0,0,112,112,19618010,0,0,0,0,0,0,0,0,0
201304,42,095,1,2,Northampton County            ,48,48,8526416,0,0,0,0,0,0,2,14,1491461,35,35,6504904,0,0,0,0,0,0,1,6,570450
201304,42,101,1,2,Philadelphia County           ,52,52,12162187,13,26,2084000,16,54,4381700,11,82,7980200,52,52,12162187,13,26,2084000,16,54,4381700,11,82,7980200
201304,42,103,1,2,Pike County                   ,6,6,1177598,0,0,0,0,0,0,0,0,0,5,5,940959,0,0,0,0,0,0,0,0,0
201304,42,125,1,2,Washington County             ,44,44,10260700,0,0,0,0,0,0,0,0,0,27,27,6822449,0,0,0,0,0,0,0,0,0
201304,42,129,1,2,Westmoreland County           ,32,32,8284039,0,0,0,0,0,0,0,0,0,12,12,3682585,0,0,0,0,0,0,0,0,0
201304,44,001,1,1,Bristol County                ,3,3,831780,0,0,0,0,0,0,0,0,0,3,3,831780,0,0,0,0,0,0,0,0,0
201304,44,003,1,1,Kent County                   ,11,11,1776828,0,0,0,1,3,195000,0,0,0,6,6,1040060,0,0,0,0,0,0,0,0,0
201304,44,005,1,1,Newport County                ,11,11,2658057,0,0,0,0,0,0,0,0,0,10,10,1912168,0,0,0,0,0,0,0,0,0
201304,44,007,1,1,Providence County             ,21,21,3191923,1,2,153300,1,3,234864,0,0,0,19,19,2865017,1,2,153300,1,3,234864,0,0,0
201304,44,009,1,1,Washington County             ,28,28,5419220,1,2,205991,0,0,0,0,0,0,7,7,1079050,0,0,0,0,0,0,0,0,0
201304,45,003,3,5,Aiken County                  ,50,50,10819162,1,2,476686,0,0,0,0,0,0,39,39,9586986,1,2,476686,0,0,0,0,0,0
201304,45,009,3,5,Bamberg County                ,2,2,247000,0,0,0,0,0,0,0,0,0,2,2,247000,0,0,0,0,0,0,0,0,0
201304,45,015,3,5,Berkeley County               ,82,82,20976292,0,0,0,0,0,0,0,0,0,11,11,1955397,0,0,0,0,0,0,0,0,0
201304,45,017,3,5,Calhoun County                ,3,3,688000,0,0,0,0,0,0,0,0,0,3,3,688000,0,0,0,0,0,0,0,0,0
201304,45,019,3,5,Charleston County             ,178,178,44763850,5,10,1014720,0,0,0,2,33,1653422,122,122,35060763,5,10,1014720,0,0,0,0,0,0
201304,45,035,3,5,Dorchester County             ,61,61,14834500,0,0,0,0,0,0,0,0,0,60,60,14727000,0,0,0,0,0,0,0,0,0
201304,45,039,3,5,Fairfield County              ,4,4,463991,0,0,0,0,0,0,0,0,0,0,0,0,0,0,0,0,0,0,0,0,0
201304,45,041,3,5,Florence County               ,24,24,3775108,0,0,0,0,0,0,0,0,0,0,0,0,0,0,0,0,0,0,0,0,0
201304,45,045,3,5,Greenville County             ,176,176,43761118,0,0,0,0,0,0,0,0,0,160,160,40949074,0,0,0,0,0,0,0,0,0
201304,45,047,3,5,Greenwood County              ,6,6,956538,0,0,0,0,0,0,0,0,0,6,6,956538,0,0,0,0,0,0,0,0,0
201304,45,055,3,5,Kershaw County                ,23,23,3303571,0,0,0,0,0,0,0,0,0,21,21,3097878,0,0,0,0,0,0,0,0,0
201304,45,059,3,5,Laurens County                ,8,8,1038313,0,0,0,0,0,0,0,0,0,8,8,1038313,0,0,0,0,0,0,0,0,0
201304,45,063,3,5,Lexington County              ,143,143,27369667,0,0,0,0,0,0,1,26,2408297,20,20,2931074,0,0,0,0,0,0,0,0,0
201304,45,077,3,5,Pickens County                ,27,27,5597372,0,0,0,0,0,0,0,0,0,19,19,4359794,0,0,0,0,0,0,0,0,0
201304,45,079,3,5,Richland County               ,135,135,18470949,0,0,0,0,0,0,2,35,1975497,27,27,5905902,0,0,0,0,0,0,0,0,0
201304,45,081,3,5,Saluda County                 ,4,4,487403,0,0,0,0,0,0,0,0,0,4,4,487403,0,0,0,0,0,0,0,0,0
201304,45,085,3,5,Sumter County                 ,23,23,2685240,0,0,0,0,0,0,0,0,0,23,23,2685240,0,0,0,0,0,0,0,0,0
201304,45,091,3,5,York County                   ,113,113,33106022,0,0,0,0,0,0,0,0,0,99,99,28209373,0,0,0,0,0,0,0,0,0
201304,46,005,2,4,Beadle County                 ,3,3,590196,0,0,0,0,0,0,0,0,0,3,3,590196,0,0,0,0,0,0,0,0,0
201304,46,069,2,4,Hyde County                   ,0,0,0,0,0,0,0,0,0,0,0,0,0,0,0,0,0,0,0,0,0,0,0,0
201304,46,121,2,4,Todd County                   ,0,0,0,0,0,0,0,0,0,0,0,0,0,0,0,0,0,0,0,0,0,0,0,0
201304,47,011,3,6,Bradley County                ,25,25,2818593,0,0,0,1,3,212616,0,0,0,16,16,1960906,0,0,0,0,0,0,0,0,0
201304,47,015,3,6,Cannon County                 ,1,1,126327,0,0,0,0,0,0,0,0,0,0,0,0,0,0,0,0,0,0,0,0,0
201304,47,021,3,6,Cheatham County               ,3,3,460000,0,0,0,0,0,0,0,0,0,3,3,460000,0,0,0,0,0,0,0,0,0
201304,47,037,3,6,Davidson County               ,202,202,45374824,5,10,1452011,0,0,0,6,64,6725189,202,202,45374824,5,10,1452011,0,0,0,6,64,6725189
201304,47,039,3,6,Decatur County                ,0,0,0,0,0,0,0,0,0,0,0,0,0,0,0,0,0,0,0,0,0,0,0,0
201304,47,043,3,6,Dickson County                ,10,10,1995373,0,0,0,0,0,0,0,0,0,10,10,1995373,0,0,0,0,0,0,0,0,0
201304,47,047,3,6,Fayette County                ,17,17,5125000,0,0,0,0,0,0,0,0,0,17,17,5125000,0,0,0,0,0,0,0,0,0
201304,47,063,3,6,Hamblen County                ,9,9,1140238,0,0,0,1,3,140000,0,0,0,4,4,640000,0,0,0,0,0,0,0,0,0
201304,47,071,3,6,Hardin County                 ,1,1,72125,0,0,0,0,0,0,1,5,455458,0,0,0,0,0,0,0,0,0,0,0,0
201304,47,081,3,6,Hickman County                ,0,0,0,0,0,0,0,0,0,0,0,0,0,0,0,0,0,0,0,0,0,0,0,0
201304,47,091,3,6,Johnson County                ,0,0,0,0,0,0,0,0,0,0,0,0,0,0,0,0,0,0,0,0,0,0,0,0
201304,47,093,3,6,Knox County                   ,104,104,20148061,0,0,0,0,0,0,1,9,656250,24,24,5341097,0,0,0,0,0,0,0,0,0
201304,47,111,3,6,Macon County                  ,0,0,0,0,0,0,0,0,0,0,0,0,0,0,0,0,0,0,0,0,0,0,0,0
201304,47,113,3,6,Madison County                ,13,13,2230000,0,0,0,0,0,0,0,0,0,13,13,2230000,0,0,0,0,0,0,0,0,0
201304,47,125,3,6,Montgomery County             ,123,123,15836938,10,20,1400000,1,4,165000,1,6,180000,123,123,15836938,10,20,1400000,1,4,165000,1,6,180000
201304,47,141,3,6,Putnam County                 ,20,20,2405404,1,2,184445,0,0,0,0,0,0,20,20,2405404,1,2,184445,0,0,0,0,0,0
201304,47,147,3,6,Robertson County              ,17,17,2958032,0,0,0,0,0,0,0,0,0,14,14,2446699,0,0,0,0,0,0,0,0,0
201304,47,149,3,6,Rutherford County             ,168,168,31860814,0,0,0,0,0,0,5,180,7627000,162,162,30819894,0,0,0,0,0,0,5,180,7627000
201304,47,157,3,6,Shelby County                 ,103,103,22656989,2,4,426194,3,12,1829400,0,0,0,103,103,22656989,2,4,426194,3,12,1829400,0,0,0
201304,47,159,3,6,Smith County                  ,4,4,602859,0,0,0,0,0,0,0,0,0,4,4,602859,0,0,0,0,0,0,0,0,0
201304,47,165,3,6,Sumner County                 ,68,68,13037527,0,0,0,0,0,0,0,0,0,41,41,7348328,0,0,0,0,0,0,0,0,0
201304,47,167,3,6,Tipton County                 ,6,6,986440,0,0,0,0,0,0,0,0,0,2,2,449700,0,0,0,0,0,0,0,0,0
201304,47,169,3,6,Trousdale County              ,2,2,436000,0,0,0,0,0,0,0,0,0,2,2,436000,0,0,0,0,0,0,0,0,0
201304,47,179,3,6,Washington County             ,29,29,4096580,0,0,0,0,0,0,10,248,12422366,29,29,4096580,0,0,0,0,0,0,10,248,12422366
201304,47,187,3,6,Williamson County             ,128,128,37036290,0,0,0,0,0,0,0,0,0,113,113,32276171,0,0,0,0,0,0,0,0,0
201304,47,189,3,6,Wilson County                 ,109,109,23061429,1,2,324000,0,0,0,1,5,715978,65,65,11995448,0,0,0,0,0,0,0,0,0
201304,48,013,3,7,Atascosa County               ,7,7,1053501,0,0,0,0,0,0,0,0,0,0,0,0,0,0,0,0,0,0,0,0,0
201304,48,015,3,7,Austin County                 ,3,3,498305,0,0,0,0,0,0,0,0,0,0,0,0,0,0,0,0,0,0,0,0,0
201304,48,019,3,7,Bandera County                ,0,0,0,0,0,0,0,0,0,0,0,0,0,0,0,0,0,0,0,0,0,0,0,0
201304,48,021,3,7,Bastrop County                ,8,8,1043460,0,0,0,0,0,0,0,0,0,8,8,1043460,0,0,0,0,0,0,0,0,0
201304,48,029,3,7,Bexar County                  ,321,321,58881501,3,6,522680,1,3,209599,15,265,19614699,42,42,10269109,0,0,0,0,0,0,0,0,0
201304,48,039,3,7,Brazoria County               ,214,214,43192515,0,0,0,0,0,0,1,6,298371,210,210,42607377,0,0,0,0,0,0,0,0,0
201304,48,041,3,7,Brazos County                 ,63,63,15213610,2,4,413632,0,0,0,1,13,1370400,63,63,15213610,2,4,413632,0,0,0,1,13,1370400
201304,48,055,3,7,Caldwell County               ,0,0,0,0,0,0,0,0,0,0,0,0,0,0,0,0,0,0,0,0,0,0,0,0
201304,48,063,3,7,Camp County                   ,1,1,50000,0,0,0,0,0,0,0,0,0,1,1,50000,0,0,0,0,0,0,0,0,0
201304,48,071,3,7,Chambers County               ,36,36,6943592,0,0,0,0,0,0,0,0,0,36,36,6943592,0,0,0,0,0,0,0,0,0
201304,48,085,3,7,Collin County                 ,760,760,228147863,2,4,547540,0,0,0,0,0,0,759,759,227975863,2,4,547540,0,0,0,0,0,0
201304,48,091,3,7,Comal County                  ,133,133,24636899,1,2,134538,0,0,0,0,0,0,62,62,17312004,0,0,0,0,0,0,0,0,0
201304,48,113,3,7,Dallas County                 ,313,313,81530509,1,2,655000,0,0,0,4,416,31941312,293,293,73377375,1,2,655000,0,0,0,4,416,31941312
201304,48,117,3,7,Deaf Smith County             ,1,1,100000,0,0,0,0,0,0,0,0,0,1,1,100000,0,0,0,0,0,0,0,0,0
201304,48,119,3,7,Delta County                  ,0,0,0,0,0,0,0,0,0,0,0,0,0,0,0,0,0,0,0,0,0,0,0,0
201304,48,121,3,7,Denton County                 ,218,218,68596707,0,0,0,0,0,0,15,84,6190830,205,205,64680187,0,0,0,0,0,0,13,65,4990830
201304,48,133,3,7,Eastland County               ,0,0,0,0,0,0,0,0,0,0,0,0,0,0,0,0,0,0,0,0,0,0,0,0
201304,48,135,3,7,Ector County                  ,41,41,11705275,0,0,0,0,0,0,12,300,21682685,41,41,11705275,0,0,0,0,0,0,12,300,21682685
201304,48,139,3,7,Ellis County                  ,90,90,15369725,0,0,0,0,0,0,0,0,0,90,90,15369725,0,0,0,0,0,0,0,0,0
201304,48,157,3,7,Fort Bend County              ,745,745,34597351,0,0,0,0,0,0,2,17,1330394,62,62,14533809,0,0,0,0,0,0,0,0,0
201304,48,167,3,7,Galveston County              ,243,243,47856187,0,0,0,0,0,0,0,0,0,224,224,44904612,0,0,0,0,0,0,0,0,0
201304,48,187,3,7,Guadalupe County              ,73,73,15904518,0,0,0,0,0,0,0,0,0,65,65,14823813,0,0,0,0,0,0,0,0,0
201304,48,201,3,7,Harris County                 ,1658,1658,356314177,3,6,600000,0,0,0,15,1087,64428430,1641,1641,349397221,3,6,600000,0,0,0,15,1087,64428430
201304,48,209,3,7,Hays County                   ,147,147,26070417,0,0,0,0,0,0,16,175,11747328,45,45,7462757,0,0,0,0,0,0,0,0,0
201304,48,215,3,7,Hidalgo County                ,300,300,47172973,9,18,797132,6,24,1359744,1,5,350000,280,280,45389035,9,18,797132,6,24,1359744,1,5,350000
201304,48,231,3,7,Hunt County                   ,13,13,2290676,0,0,0,2,7,900000,0,0,0,12,12,2092867,0,0,0,2,7,900000,0,0,0
201304,48,233,3,7,Hutchinson County             ,0,0,0,0,0,0,0,0,0,0,0,0,0,0,0,0,0,0,0,0,0,0,0,0
201304,48,251,3,7,Johnson County                ,64,64,11723557,0,0,0,0,0,0,0,0,0,41,41,7862722,0,0,0,0,0,0,0,0,0
201304,48,257,3,7,Kaufman County                ,44,44,8544850,0,0,0,0,0,0,0,0,0,43,43,8393066,0,0,0,0,0,0,0,0,0
201304,48,259,3,7,Kendall County                ,32,32,6696290,0,0,0,0,0,0,0,0,0,0,0,0,0,0,0,0,0,0,0,0,0
201304,48,271,3,7,Kinney County                 ,0,0,0,0,0,0,0,0,0,0,0,0,0,0,0,0,0,0,0,0,0,0,0,0
201304,48,291,3,7,Liberty County                ,15,15,1522500,0,0,0,0,0,0,0,0,0,13,13,1363000,0,0,0,0,0,0,0,0,0
201304,48,307,3,7,McCulloch County              ,0,0,0,0,0,0,0,0,0,0,0,0,0,0,0,0,0,0,0,0,0,0,0,0
201304,48,323,3,7,Maverick County               ,10,10,759805,0,0,0,0,0,0,1,6,590745,10,10,759805,0,0,0,0,0,0,1,6,590745
201304,48,325,3,7,Medina County                 ,0,0,0,0,0,0,0,0,0,0,0,0,0,0,0,0,0,0,0,0,0,0,0,0
201304,48,329,3,7,Midland County                ,75,75,28864313,0,0,0,0,0,0,0,0,0,75,75,28864313,0,0,0,0,0,0,0,0,0
201304,48,339,3,7,Montgomery County             ,492,492,100745861,0,0,0,0,0,0,0,0,0,482,482,97559309,0,0,0,0,0,0,0,0,0
201304,48,353,3,7,Nolan County                  ,0,0,0,0,0,0,0,0,0,0,0,0,0,0,0,0,0,0,0,0,0,0,0,0
201304,48,359,3,7,Oldham County                 ,0,0,0,0,0,0,0,0,0,0,0,0,0,0,0,0,0,0,0,0,0,0,0,0
201304,48,367,3,7,Parker County                 ,33,33,6193199,5,10,1207598,0,0,0,0,0,0,32,32,6054495,5,10,1207598,0,0,0,0,0,0
201304,48,375,3,7,Potter County                 ,66,66,15137541,3,6,607620,0,0,0,0,0,0,66,66,15137541,3,6,607620,0,0,0,0,0,0
201304,48,383,3,7,Reagan County                 ,0,0,0,0,0,0,0,0,0,0,0,0,0,0,0,0,0,0,0,0,0,0,0,0
201304,48,385,3,7,Real County                   ,0,0,0,0,0,0,0,0,0,0,0,0,0,0,0,0,0,0,0,0,0,0,0,0
201304,48,397,3,7,Rockwall County               ,97,97,23121833,0,0,0,0,0,0,0,0,0,76,76,18924601,0,0,0,0,0,0,0,0,0
201304,48,407,3,7,San Jacinto County            ,0,0,0,0,0,0,0,0,0,0,0,0,0,0,0,0,0,0,0,0,0,0,0,0
201304,48,435,3,7,Sutton County                 ,0,0,0,0,0,0,0,0,0,0,0,0,0,0,0,0,0,0,0,0,0,0,0,0
201304,48,437,3,7,Swisher County                ,0,0,0,0,0,0,0,0,0,0,0,0,0,0,0,0,0,0,0,0,0,0,0,0
201304,48,439,3,7,Tarrant County                ,525,525,117054918,2,4,350853,0,0,0,5,237,16927494,474,474,103696729,2,4,350853,0,0,0,5,237,16927494
201304,48,451,3,7,Tom Green County              ,43,43,6461608,0,0,0,0,0,0,0,0,0,43,43,6461608,0,0,0,0,0,0,0,0,0
201304,48,453,3,7,Travis County                 ,393,393,78505672,13,26,3479000,6,18,2218320,55,1288,82604610,369,369,73465547,13,26,3479000,6,18,2218320,55,1288,82604610
201304,48,463,3,7,Uvalde County                 ,1,1,50000,0,0,0,0,0,0,0,0,0,1,1,50000,0,0,0,0,0,0,0,0,0
201304,48,469,3,7,Victoria County               ,8,8,1346163,0,0,0,0,0,0,0,0,0,8,8,1346163,0,0,0,0,0,0,0,0,0
201304,48,471,3,7,Walker County                 ,3,3,347748,0,0,0,0,0,0,0,0,0,3,3,347748,0,0,0,0,0,0,0,0,0
201304,48,473,3,7,Waller County                 ,1,1,89715,0,0,0,0,0,0,1,6,133083,0,0,0,0,0,0,0,0,0,0,0,0
201304,48,479,3,7,Webb County                   ,87,87,12697753,0,0,0,1,3,141714,1,68,4150481,0,0,0,0,0,0,0,0,0,0,0,0
201304,48,491,3,7,Williamson County             ,279,279,56814942,0,0,0,0,0,0,0,0,0,248,248,53625645,0,0,0,0,0,0,0,0,0
201304,48,493,3,7,Wilson County                 ,6,6,1066194,1,2,131000,0,0,0,1,5,240000,3,3,577930,0,0,0,0,0,0,0,0,0
201304,48,497,3,7,Wise County                   ,4,4,769179,0,0,0,0,0,0,0,0,0,4,4,769179,0,0,0,0,0,0,0,0,0
201304,49,009,4,8,Daggett County                ,0,0,0,0,0,0,0,0,0,0,0,0,0,0,0,0,0,0,0,0,0,0,0,0
201304,49,019,4,8,Grand County                  ,4,4,964286,0,0,0,0,0,0,1,5,623028,0,0,0,0,0,0,0,0,0,0,0,0
201304,49,021,4,8,Iron County                   ,12,12,2081818,0,0,0,0,0,0,0,0,0,7,7,1004146,0,0,0,0,0,0,0,0,0
201304,49,033,4,8,Rich County                   ,4,4,842279,0,0,0,0,0,0,0,0,0,3,3,605479,0,0,0,0,0,0,0,0,0
201304,49,035,4,8,Salt Lake County              ,269,269,59388423,1,2,198463,3,10,1509435,5,31,2201880,194,194,47085774,0,0,0,2,6,935560,0,0,0
201304,49,039,4,8,Sanpete County                ,6,6,761363,0,0,0,0,0,0,0,0,0,6,6,761363,0,0,0,0,0,0,0,0,0
201304,49,043,4,8,Summit County                 ,15,15,7370349,0,0,0,0,0,0,1,13,603862,7,7,2968178,0,0,0,0,0,0,1,13,603862
201304,49,045,4,8,Tooele County                 ,21,21,3824278,0,0,0,0,0,0,0,0,0,14,14,2845120,0,0,0,0,0,0,0,0,0
201304,49,051,4,8,Wasatch County                ,34,34,15220170,0,0,0,0,0,0,0,0,0,34,34,15220170,0,0,0,0,0,0,0,0,0
201304,51,003,3,5,Albemarle County              ,29,29,6778150,0,0,0,0,0,0,0,0,0,29,29,6778150,0,0,0,0,0,0,0,0,0
201304,51,007,3,5,Amelia County                 ,1,1,213750,0,0,0,0,0,0,0,0,0,1,1,213750,0,0,0,0,0,0,0,0,0
201304,51,013,3,5,Arlington County              ,46,46,11515000,0,0,0,0,0,0,0,0,0,46,46,11515000,0,0,0,0,0,0,0,0,0
201304,51,015,3,5,Augusta County                ,18,18,3472624,0,0,0,0,0,0,0,0,0,18,18,3472624,0,0,0,0,0,0,0,0,0
201304,51,019,3,5,Bedford County                ,24,24,6542800,0,0,0,0,0,0,0,0,0,24,24,6542800,0,0,0,0,0,0,0,0,0
201304,51,023,3,5,Botetourt County              ,2,2,653100,0,0,0,0,0,0,0,0,0,2,2,653100,0,0,0,0,0,0,0,0,0
201304,51,031,3,5,Campbell County               ,15,15,2228900,0,0,0,0,0,0,0,0,0,15,15,2228900,0,0,0,0,0,0,0,0,0
201304,51,033,3,5,Caroline County               ,10,10,931339,0,0,0,0,0,0,0,0,0,10,10,931339,0,0,0,0,0,0,0,0,0
201304,51,036,3,5,Charles City County           ,2,2,332265,0,0,0,0,0,0,0,0,0,0,0,0,0,0,0,0,0,0,0,0,0
201304,51,037,3,5,Charlotte County              ,1,1,200000,0,0,0,0,0,0,0,0,0,1,1,200000,0,0,0,0,0,0,0,0,0
201304,51,041,3,5,Chesterfield County           ,92,92,18876523,0,0,0,0,0,0,1,6,1200000,92,92,18876523,0,0,0,0,0,0,1,6,1200000
201304,51,043,3,5,Clarke County                 ,4,4,1238000,0,0,0,0,0,0,0,0,0,4,4,1238000,0,0,0,0,0,0,0,0,0
201304,51,047,3,5,Culpeper County               ,17,17,2947675,0,0,0,0,0,0,0,0,0,17,17,2947675,0,0,0,0,0,0,0,0,0
201304,51,049,3,5,Cumberland County             ,1,1,82000,0,0,0,0,0,0,0,0,0,1,1,82000,0,0,0,0,0,0,0,0,0
201304,51,053,3,5,Dinwiddie County              ,6,6,847442,0,0,0,0,0,0,0,0,0,0,0,0,0,0,0,0,0,0,0,0,0
201304,51,059,3,5,Fairfax County                ,80,80,16414368,0,0,0,0,0,0,1,14,1050000,80,80,16414368,0,0,0,0,0,0,1,14,1050000
201304,51,061,3,5,Fauquier County               ,24,24,12444466,0,0,0,0,0,0,0,0,0,23,23,12261029,0,0,0,0,0,0,0,0,0
201304,51,065,3,5,Fluvanna County               ,9,9,1303393,4,8,1200000,0,0,0,0,0,0,9,9,1303393,4,8,1200000,0,0,0,0,0,0
201304,51,067,3,5,Franklin County               ,10,10,1588000,0,0,0,0,0,0,0,0,0,10,10,1588000,0,0,0,0,0,0,0,0,0
201304,51,069,3,5,Frederick County              ,34,34,7144464,0,0,0,0,0,0,0,0,0,34,34,7144464,0,0,0,0,0,0,0,0,0
201304,51,073,3,5,Gloucester County             ,5,5,614650,0,0,0,0,0,0,0,0,0,5,5,614650,0,0,0,0,0,0,0,0,0
201304,51,075,3,5,Goochland County              ,15,15,4607350,0,0,0,0,0,0,0,0,0,15,15,4607350,0,0,0,0,0,0,0,0,0
201304,51,079,3,5,Greene County                 ,9,9,1380946,0,0,0,0,0,0,0,0,0,0,0,0,0,0,0,0,0,0,0,0,0
201304,51,085,3,5,Hanover County                ,47,47,9643441,0,0,0,0,0,0,0,0,0,47,47,9643441,0,0,0,0,0,0,0,0,0
201304,51,087,3,5,Henrico County                ,58,58,9598673,0,0,0,0,0,0,1,13,761512,58,58,9598673,0,0,0,0,0,0,1,13,761512
201304,51,093,3,5,Isle of Wight County          ,11,11,1975140,0,0,0,0,0,0,0,0,0,0,0,0,0,0,0,0,0,0,0,0,0
201304,51,095,3,5,James City County             ,42,42,10058972,0,0,0,0,0,0,2,11,1189567,42,42,10058972,0,0,0,0,0,0,2,11,1189567
201304,51,097,3,5,King and Queen County         ,2,2,701621,0,0,0,0,0,0,0,0,0,2,2,701621,0,0,0,0,0,0,0,0,0
201304,51,099,3,5,King George County            ,13,13,2504364,0,0,0,0,0,0,0,0,0,13,13,2504364,0,0,0,0,0,0,0,0,0
201304,51,101,3,5,King William County           ,5,5,560000,0,0,0,0,0,0,0,0,0,5,5,560000,0,0,0,0,0,0,0,0,0
201304,51,107,3,5,Loudoun County                ,493,493,101153540,0,0,0,0,0,0,0,0,0,493,493,101153540,0,0,0,0,0,0,0,0,0
201304,51,109,3,5,Louisa County                 ,14,14,2469262,0,0,0,0,0,0,0,0,0,14,14,2469262,0,0,0,0,0,0,0,0,0
201304,51,115,3,5,Mathews County                ,1,1,126500,0,0,0,0,0,0,0,0,0,1,1,126500,0,0,0,0,0,0,0,0,0
201304,51,119,3,5,Middlesex County              ,6,6,956600,0,0,0,0,0,0,0,0,0,6,6,956600,0,0,0,0,0,0,0,0,0
201304,51,127,3,5,New Kent County               ,6,6,1366254,0,0,0,0,0,0,0,0,0,6,6,1366254,0,0,0,0,0,0,0,0,0
201304,51,137,3,5,Orange County                 ,10,10,1745565,0,0,0,0,0,0,0,0,0,10,10,1745565,0,0,0,0,0,0,0,0,0
201304,51,143,3,5,Pittsylvania County           ,12,12,1679524,0,0,0,1,3,60000,1,5,295125,0,0,0,0,0,0,0,0,0,0,0,0
201304,51,145,3,5,Powhatan County               ,23,23,5637165,0,0,0,0,0,0,0,0,0,23,23,5637165,0,0,0,0,0,0,0,0,0
201304,51,149,3,5,Prince George County          ,1,1,205180,0,0,0,0,0,0,0,0,0,1,1,205180,0,0,0,0,0,0,0,0,0
201304,51,153,3,5,Prince William County         ,136,136,27794066,0,0,0,0,0,0,0,0,0,136,136,27794066,0,0,0,0,0,0,0,0,0
201304,51,157,3,5,Rappahannock County           ,2,2,882001,0,0,0,0,0,0,0,0,0,0,0,0,0,0,0,0,0,0,0,0,0
201304,51,161,3,5,Roanoke County                ,14,14,3259522,0,0,0,0,0,0,0,0,0,14,14,3259522,0,0,0,0,0,0,0,0,0
201304,51,163,3,5,Rockbridge County             ,5,5,853453,0,0,0,0,0,0,0,0,0,5,5,853453,0,0,0,0,0,0,0,0,0
201304,51,165,3,5,Rockingham County             ,76,76,6261998,0,0,0,0,0,0,0,0,0,76,76,6261998,0,0,0,0,0,0,0,0,0
201304,51,169,3,5,Scott County                  ,3,3,383276,0,0,0,0,0,0,0,0,0,0,0,0,0,0,0,0,0,0,0,0,0
201304,51,171,3,5,Shenandoah County             ,8,8,1497506,0,0,0,0,0,0,0,0,0,8,8,1497506,0,0,0,0,0,0,0,0,0
201304,51,177,3,5,Spotsylvania County           ,35,35,8800055,0,0,0,0,0,0,0,0,0,0,0,0,0,0,0,0,0,0,0,0,0
201304,51,179,3,5,Stafford County               ,113,113,25509847,0,0,0,0,0,0,0,0,0,113,113,25509847,0,0,0,0,0,0,0,0,0
201304,51,181,3,5,Surry County                  ,3,3,371168,0,0,0,0,0,0,0,0,0,0,0,0,0,0,0,0,0,0,0,0,0
201304,51,183,3,5,Sussex County                 ,3,3,156000,0,0,0,0,0,0,0,0,0,3,3,156000,0,0,0,0,0,0,0,0,0
201304,51,187,3,5,Warren County                 ,6,6,1590000,0,0,0,0,0,0,0,0,0,6,6,1590000,0,0,0,0,0,0,0,0,0
201304,51,199,3,5,York County                   ,7,7,1436257,0,0,0,0,0,0,0,0,0,7,7,1436257,0,0,0,0,0,0,0,0,0
201304,51,510,3,5,Alexandria (Independent City) ,17,17,3188088,0,0,0,0,0,0,1,22,2957266,0,0,0,0,0,0,0,0,0,0,0,0
201304,51,530,3,5,Buena Vista (Independent City),0,0,0,0,0,0,0,0,0,0,0,0,0,0,0,0,0,0,0,0,0,0,0,0
201304,51,550,3,5,Chesapeake(Independent City)  ,105,105,21543857,0,0,0,0,0,0,0,0,0,105,105,21543857,0,0,0,0,0,0,0,0,0
201304,51,570,3,5,Colonial Heights (Independent ,0,0,0,0,0,0,0,0,0,0,0,0,0,0,0,0,0,0,0,0,0,0,0,0
201304,51,580,3,5,Covington (Independent City)  ,1,1,124227,0,0,0,0,0,0,0,0,0,0,0,0,0,0,0,0,0,0,0,0,0
201304,51,600,3,5,Fairfax (Independent City)    ,6,6,750000,0,0,0,0,0,0,0,0,0,6,6,750000,0,0,0,0,0,0,0,0,0
201304,51,610,3,5,Falls Church (Independent City,0,0,0,0,0,0,0,0,0,0,0,0,0,0,0,0,0,0,0,0,0,0,0,0
201304,51,630,3,5,Fredericksburg(Independent Cit,6,6,1452277,0,0,0,0,0,0,0,0,0,6,6,1452277,0,0,0,0,0,0,0,0,0
201304,51,650,3,5,Hampton (Independent City)    ,16,16,2061318,0,0,0,0,0,0,0,0,0,0,0,0,0,0,0,0,0,0,0,0,0
201304,51,660,3,5,Harrisonburg (Independent City,9,9,800000,2,4,660000,0,0,0,0,0,0,9,9,800000,2,4,660000,0,0,0,0,0,0
201304,51,670,3,5,Hopewell (Independent City)   ,5,5,448020,0,0,0,0,0,0,0,0,0,5,5,448020,0,0,0,0,0,0,0,0,0
201304,51,680,3,5,Lynchburg (Independent City)  ,14,14,2424097,0,0,0,0,0,0,0,0,0,14,14,2424097,0,0,0,0,0,0,0,0,0
201304,51,683,3,5,Manassas (Independent City)   ,11,11,1508280,0,0,0,0,0,0,0,0,0,0,0,0,0,0,0,0,0,0,0,0,0
201304,51,685,3,5,Manassas Park (Independent Cit,1,1,250000,0,0,0,0,0,0,0,0,0,0,0,0,0,0,0,0,0,0,0,0,0
201304,51,700,3,5,Newport News (Independent City,5,5,388999,0,0,0,0,0,0,0,0,0,5,5,388999,0,0,0,0,0,0,0,0,0
201304,51,710,3,5,Norfolk (Independent City)    ,29,29,5950208,0,0,0,0,0,0,0,0,0,29,29,5950208,0,0,0,0,0,0,0,0,0
201304,51,730,3,5,Petersburg (Independent City) ,2,2,268000,0,0,0,0,0,0,0,0,0,2,2,268000,0,0,0,0,0,0,0,0,0
201304,51,735,3,5,Poquoson (Independent City)   ,0,0,0,0,0,0,0,0,0,0,0,0,0,0,0,0,0,0,0,0,0,0,0,0
201304,51,740,3,5,Portsmouth (Independent City) ,12,12,2462155,0,0,0,0,0,0,0,0,0,12,12,2462155,0,0,0,0,0,0,0,0,0
201304,51,760,3,5,Richmond (Independent City)   ,8,8,1261805,2,4,474438,0,0,0,2,184,15012575,8,8,1261805,2,4,474438,0,0,0,2,184,15012575
201304,51,770,3,5,Roanoke (Independent City)    ,3,3,555598,0,0,0,0,0,0,1,157,12000000,3,3,555598,0,0,0,0,0,0,1,157,12000000
201304,51,800,3,5,Suffolk (Independent City)    ,73,73,14978110,0,0,0,0,0,0,0,0,0,73,73,14978110,0,0,0,0,0,0,0,0,0
201304,51,810,3,5,Virginia Beach (Independent Ci,76,76,12547905,0,0,0,0,0,0,0,0,1808297,76,76,12547905,0,0,0,0,0,0,0,0,1808297
201304,51,830,3,5,Williamsburg (Independent City,1,1,320000,0,0,0,0,0,0,0,0,0,1,1,320000,0,0,0,0,0,0,0,0,0
201304,53,011,4,9,Clark County                  ,125,125,34884559,0,0,0,0,0,0,10,89,6028983,109,109,30531702,0,0,0,0,0,0,9,84,5713246
201304,53,033,4,9,King County                   ,425,425,128395831,9,18,3600042,10,35,8096926,5,46,5833019,367,367,110302517,9,18,3600042,10,35,8096926,1,5,1038263
201304,53,041,4,9,Lewis County                  ,6,6,864837,0,0,0,0,0,0,0,0,0,6,6,864837,0,0,0,0,0,0,0,0,0
201304,53,053,4,9,Pierce County                 ,292,292,77534567,1,2,271066,0,0,0,0,0,0,291,291,77239560,1,2,271066,0,0,0,0,0,0
201304,53,059,4,9,Skamania County               ,5,5,990745,0,0,0,0,0,0,0,0,0,5,5,990745,0,0,0,0,0,0,0,0,0
201304,53,061,4,9,Snohomish County              ,171,171,41927379,5,10,2049704,4,15,1698789,6,63,6959489,168,168,41322992,5,10,2049704,4,15,1698789,6,63,6959489
201304,54,037,3,5,Jefferson County              ,44,44,10183525,0,0,0,0,0,0,0,0,0,44,44,10183525,0,0,0,0,0,0,0,0,0
201304,55,021,2,3,Columbia County               ,6,6,1627772,0,0,0,0,0,0,0,0,0,6,6,1627772,0,0,0,0,0,0,0,0,0
201304,55,025,2,3,Dane County                   ,108,108,27217754,3,6,1004500,0,0,0,6,185,21687290,76,76,20603726,3,6,1004500,0,0,0,0,0,0
201304,55,031,2,3,Douglas County                ,1,1,220257,0,0,0,0,0,0,0,0,0,1,1,220257,0,0,0,0,0,0,0,0,0
201304,55,037,2,3,Florence County               ,3,3,459331,0,0,0,0,0,0,0,0,0,0,0,0,0,0,0,0,0,0,0,0,0
201304,55,049,2,3,Iowa County                   ,4,4,741708,0,0,0,0,0,0,0,0,0,4,4,741708,0,0,0,0,0,0,0,0,0
201304,55,059,2,3,Kenosha County                ,15,15,3646695,5,10,1445000,0,0,0,0,0,0,13,13,3414000,5,10,1445000,0,0,0,0,0,0
201304,55,079,2,3,Milwaukee County              ,16,16,4457452,0,0,0,0,0,0,2,19,3437381,13,13,2707800,0,0,0,0,0,0,1,8,360000
201304,55,089,2,3,Ozaukee County                ,10,10,3227094,4,8,1341995,0,0,0,0,0,0,5,5,1339990,3,6,969995,0,0,0,0,0,0
201304,55,093,2,3,Pierce County                 ,13,13,2090250,0,0,0,0,0,0,0,0,0,12,12,1898000,0,0,0,0,0,0,0,0,0
201304,55,109,2,3,St. Croix County              ,22,22,4490208,1,2,238000,1,3,251250,3,21,2449000,14,14,3576285,1,2,238000,0,0,0,3,21,2449000
201304,55,113,2,3,Sawyer County                 ,6,6,1950257,0,0,0,0,0,0,0,0,0,6,6,1950257,0,0,0,0,0,0,0,0,0
201304,55,131,2,3,Washington County             ,24,24,6020670,2,4,528400,0,0,0,0,0,0,14,14,3544140,1,2,203400,0,0,0,0,0,0
201304,55,133,2,3,Waukesha County               ,56,56,17187759,2,4,375000,0,0,0,1,98,8246100,48,48,14928839,2,4,375000,0,0,0,1,98,8246100
201304,56,019,4,8,Johnson County                ,0,0,0,0,0,0,0,0,0,0,0,0,0,0,0,0,0,0,0,0,0,0,0,0
201304,56,039,4,8,Teton County                  ,11,11,10978233,0,0,0,0,0,0,1,5,428316,0,0,0,0,0,0,0,0,0,0,0,0
