Survey,FIPS,FIPS,Region,Division,County,,1-unit,,,2-units,,,3-4 units,,,5+ units,,,1-unit rep,,,2-units rep,,,3-4 units rep,,, 5+units rep
Date,State,County,Code,Code,Name,Bldgs,Units,Value,Bldgs,Units,Value,Bldgs,Units,Value,Bldgs,Units,Value,Bldgs,Units,Value,Bldgs,Units,Value,Bldgs,Units,Value,Bldgs,Units,Value
 
201404,01,001,3,6,Autauga County                ,10,10,2599090,0,0,0,0,0,0,0,0,0,10,10,2599090,0,0,0,0,0,0,0,0,0
201404,01,007,3,6,Bibb County                   ,1,1,176748,0,0,0,0,0,0,0,0,0,0,0,0,0,0,0,0,0,0,0,0,0
201404,01,009,3,6,Blount County                 ,0,0,0,0,0,0,0,0,0,0,0,0,0,0,0,0,0,0,0,0,0,0,0,0
201404,01,021,3,6,Chilton County                ,0,0,0,0,0,0,0,0,0,0,0,0,0,0,0,0,0,0,0,0,0,0,0,0
201404,01,037,3,6,Coosa County                  ,0,0,0,0,0,0,0,0,0,0,0,0,0,0,0,0,0,0,0,0,0,0,0,0
201404,01,073,3,6,Jefferson County              ,125,125,32236372,0,0,0,0,0,0,1,6,382105,119,119,31109784,0,0,0,0,0,0,0,0,0
201404,01,081,3,6,Lee County                    ,69,69,19971046,0,0,0,0,0,0,1,5,1539792,31,31,8052731,0,0,0,0,0,0,0,0,0
201404,01,115,3,6,St. Clair County              ,3,3,521980,0,0,0,0,0,0,0,0,0,2,2,360053,0,0,0,0,0,0,0,0,0
201404,01,117,3,6,Shelby County                 ,85,85,18028175,0,0,0,0,0,0,0,0,0,45,45,8531120,0,0,0,0,0,0,0,0,0
201404,01,127,3,6,Walker County                 ,0,0,0,0,0,0,0,0,0,0,0,0,0,0,0,0,0,0,0,0,0,0,0,0
201404,02,013,4,9,Aleutians East Borough        ,0,0,0,0,0,0,0,0,0,0,0,0,0,0,0,0,0,0,0,0,0,0,0,0
201404,02,016,4,9,Aleutians West Census Area    ,0,0,0,0,0,0,0,0,0,0,0,0,0,0,0,0,0,0,0,0,0,0,0,0
201404,02,020,4,9,Anchorage Borough             ,42,42,12845919,0,0,0,0,0,0,0,0,0,0,0,0,0,0,0,0,0,0,0,0,0
201404,02,020,4,9,Anchorage Municipality        ,42,42,12845919,0,0,0,0,0,0,0,0,0,0,0,0,0,0,0,0,0,0,0,0,0
201404,02,050,4,9,Bethel Census Area            ,0,0,0,0,0,0,0,0,0,0,0,0,0,0,0,0,0,0,0,0,0,0,0,0
201404,02,060,4,9,Bristol Bay Borough           ,0,0,0,0,0,0,0,0,0,0,0,0,0,0,0,0,0,0,0,0,0,0,0,0
201404,02,070,4,9,Dillingham Census Area        ,0,0,0,0,0,0,0,0,0,0,0,0,0,0,0,0,0,0,0,0,0,0,0,0
201404,02,090,4,9,Fairbanks North Star Borough  ,5,5,918968,0,0,0,0,0,0,0,0,0,0,0,0,0,0,0,0,0,0,0,0,0
201404,02,100,4,9,Haines Borough                ,0,0,0,0,0,0,0,0,0,0,0,0,0,0,0,0,0,0,0,0,0,0,0,0
201404,02,105,4,9,Hoonah-Angoon Census Area     ,0,0,0,0,0,0,0,0,0,0,0,0,0,0,0,0,0,0,0,0,0,0,0,0
201404,02,110,4,9,Juneau Borough                ,4,4,794359,1,2,374551,0,0,0,4,40,4254879,4,4,794359,1,2,374551,0,0,0,4,40,4254879
201404,02,110,4,9,Juneau City and Borough       ,4,4,794359,1,2,374551,0,0,0,4,40,4254879,4,4,794359,1,2,374551,0,0,0,4,40,4254879
201404,02,122,4,9,Kenai Peninsula Borough       ,9,9,1563136,0,0,0,0,0,0,0,0,0,3,3,386000,0,0,0,0,0,0,0,0,0
201404,02,130,4,9,Ketchikan Gateway Borough     ,1,1,255182,2,4,521668,0,0,0,0,0,0,1,1,255182,2,4,521668,0,0,0,0,0,0
201404,02,150,4,9,Kodiak Island Borough         ,2,2,356779,0,0,0,0,0,0,0,0,0,2,2,356779,0,0,0,0,0,0,0,0,0
201404,02,170,4,9,Matanuska-Susitna Borough     ,12,12,2362498,1,2,249093,0,0,0,0,0,0,11,11,2133500,0,0,0,0,0,0,0,0,0
201404,02,180,4,9,Nome Census Area              ,0,0,0,0,0,0,0,0,0,0,0,0,0,0,0,0,0,0,0,0,0,0,0,0
201404,02,185,4,9,North Slope Borough           ,1,1,242979,0,0,0,0,0,0,0,0,0,0,0,0,0,0,0,0,0,0,0,0,0
201404,02,188,4,9,Northwest Arctic Borough      ,0,0,0,0,0,0,0,0,0,0,0,0,0,0,0,0,0,0,0,0,0,0,0,0
201404,02,195,4,9,Petersburg Census Area        ,0,0,0,0,0,0,0,0,0,0,0,0,0,0,0,0,0,0,0,0,0,0,0,0
201404,02,198,4,9,Prince of Wales-Hyder Census A,0,0,0,0,0,0,0,0,0,0,0,0,0,0,0,0,0,0,0,0,0,0,0,0
201404,02,220,4,9,Sitka Borough                 ,1,1,273451,0,0,0,0,0,0,0,0,0,0,0,0,0,0,0,0,0,0,0,0,0
201404,02,220,4,9,Sitka City and Borough        ,1,1,273451,0,0,0,0,0,0,0,0,0,0,0,0,0,0,0,0,0,0,0,0,0
201404,02,230,4,9,Skagway Municipality          ,0,0,0,0,0,0,0,0,0,0,0,0,0,0,0,0,0,0,0,0,0,0,0,0
201404,02,261,4,9,Valdez-Cordova Census Area    ,0,0,0,0,0,0,0,0,0,0,0,0,0,0,0,0,0,0,0,0,0,0,0,0
201404,02,270,4,9,Wade Hampton Census Area      ,0,0,0,0,0,0,0,0,0,0,0,0,0,0,0,0,0,0,0,0,0,0,0,0
201404,02,275,4,9,Wrangell City and Borough     ,0,0,0,0,0,0,0,0,0,0,0,0,0,0,0,0,0,0,0,0,0,0,0,0
201404,02,282,4,9,Yakutat Borough               ,0,0,0,0,0,0,0,0,0,0,0,0,0,0,0,0,0,0,0,0,0,0,0,0
201404,02,282,4,9,Yakutat City and Borough      ,0,0,0,0,0,0,0,0,0,0,0,0,0,0,0,0,0,0,0,0,0,0,0,0
201404,02,290,4,9,Yukon-Koyukuk Census Area     ,0,0,0,0,0,0,0,0,0,0,0,0,0,0,0,0,0,0,0,0,0,0,0,0
201404,04,013,4,8,Maricopa County               ,956,956,272020667,1,2,518442,0,0,0,21,964,132590952,956,956,272020667,1,2,518442,0,0,0,21,964,132590952
201404,04,019,4,8,Pima County                   ,207,207,51811951,1,2,98398,1,3,298616,5,101,11872290,71,71,21751452,0,0,0,0,0,0,0,0,0
201404,04,021,4,8,Pinal County                  ,161,161,28341444,0,0,0,2,7,427453,0,0,0,147,147,25134798,0,0,0,2,7,427453,0,0,0
201404,05,023,3,7,Cleburne County               ,2,2,300000,0,0,0,0,0,0,0,0,0,2,2,300000,0,0,0,0,0,0,0,0,0
201404,05,025,3,7,Cleveland County              ,0,0,0,0,0,0,0,0,0,0,0,0,0,0,0,0,0,0,0,0,0,0,0,0
201404,05,027,3,7,Columbia County               ,0,0,0,0,0,0,0,0,0,0,0,0,0,0,0,0,0,0,0,0,0,0,0,0
201404,05,035,3,7,Crittenden County             ,4,4,954000,0,0,0,0,0,0,0,0,0,4,4,954000,0,0,0,0,0,0,0,0,0
201404,05,059,3,7,Hot Spring County             ,0,0,0,0,0,0,0,0,0,0,0,0,0,0,0,0,0,0,0,0,0,0,0,0
201404,05,061,3,7,Howard County                 ,0,0,0,0,0,0,0,0,0,0,0,0,0,0,0,0,0,0,0,0,0,0,0,0
201404,05,091,3,7,Miller County                 ,3,3,509840,1,2,90000,0,0,0,0,0,0,0,0,0,0,0,0,0,0,0,0,0,0
201404,05,099,3,7,Nevada County                 ,0,0,0,0,0,0,0,0,0,0,0,0,0,0,0,0,0,0,0,0,0,0,0,0
201404,06,001,4,9,Alameda County                ,77,77,30603392,0,0,0,0,0,0,2,99,8156578,77,77,30603392,0,0,0,0,0,0,1,94,6991300
201404,06,003,4,9,Alpine County                 ,0,0,0,0,0,0,0,0,0,0,0,0,0,0,0,0,0,0,0,0,0,0,0,0
201404,06,009,4,9,Calaveras County              ,8,8,2008379,0,0,0,0,0,0,0,0,0,8,8,2008379,0,0,0,0,0,0,0,0,0
201404,06,013,4,9,Contra Costa County           ,183,183,51619955,0,0,0,0,0,0,1,126,18651438,182,182,51389093,0,0,0,0,0,0,1,126,18651438
201404,06,017,4,9,El Dorado County              ,12,12,5542164,0,0,0,0,0,0,0,0,0,11,11,5358608,0,0,0,0,0,0,0,0,0
201404,06,037,4,9,Los Angeles County            ,452,452,159490846,23,46,7528501,2,6,1114750,34,2391,387884832,438,438,150856689,23,46,7528501,1,3,508000,27,2309,374852334
201404,06,041,4,9,Marin County                  ,29,29,10620813,0,0,0,0,0,0,2,25,3843961,17,17,4825625,0,0,0,0,0,0,1,7,2070050
201404,06,045,4,9,Mendocino County              ,7,7,640749,0,0,0,0,0,0,0,0,0,7,7,640749,0,0,0,0,0,0,0,0,0
201404,06,049,4,9,Modoc County                  ,1,1,186160,0,0,0,0,0,0,0,0,0,0,0,0,0,0,0,0,0,0,0,0,0
201404,06,051,4,9,Mono County                   ,2,2,991176,0,0,0,0,0,0,0,0,0,0,0,0,0,0,0,0,0,0,0,0,0
201404,06,059,4,9,Orange County                 ,271,271,80356417,3,6,1402997,3,12,1999953,40,642,81294753,254,254,70959671,2,4,736318,3,12,1999953,39,608,72246000
201404,06,061,4,9,Placer County                 ,145,145,39116265,0,0,0,0,0,0,2,28,2359964,144,144,38789361,0,0,0,0,0,0,2,28,2359964
201404,06,063,4,9,Plumas County                 ,3,3,324183,0,0,0,0,0,0,0,0,0,3,3,324183,0,0,0,0,0,0,0,0,0
201404,06,065,4,9,Riverside County              ,308,308,71156938,0,0,0,0,0,0,15,108,9278665,226,226,56202668,0,0,0,0,0,0,13,92,7986703
201404,06,067,4,9,Sacramento County             ,92,92,23184635,0,0,0,0,0,0,0,0,0,90,90,22713935,0,0,0,0,0,0,0,0,0
201404,06,069,4,9,San Benito County             ,13,13,3024564,0,0,0,0,0,0,0,0,0,0,0,0,0,0,0,0,0,0,0,0,0
201404,06,071,4,9,San Bernardino County         ,96,96,21772438,4,8,1579000,6,20,4181805,10,329,19765822,77,77,18032617,4,8,1579000,6,20,4181805,7,305,18311414
201404,06,073,4,9,San Diego County              ,185,185,56965577,0,0,0,3,10,2879652,10,469,64657637,182,182,56310977,0,0,0,3,10,2879652,10,469,64657637
201404,06,075,4,9,San Francisco County          ,6,6,1572926,9,18,2965610,0,0,0,7,309,97312457,6,6,1572926,9,18,2965610,0,0,0,7,309,97312457
201404,06,077,4,9,San Joaquin County            ,125,125,33235964,0,0,0,0,0,0,0,0,0,118,118,31203249,0,0,0,0,0,0,0,0,0
201404,06,081,4,9,San Mateo County              ,29,29,18244585,0,0,0,0,0,0,1,7,916387,14,14,10148311,0,0,0,0,0,0,0,0,0
201404,06,085,4,9,Santa Clara County            ,199,199,62565473,0,0,0,3,11,2140968,23,608,75338435,153,153,47608325,0,0,0,2,8,1244946,15,477,47326714
201404,06,091,4,9,Sierra County                 ,0,0,0,0,0,0,0,0,0,0,0,0,0,0,0,0,0,0,0,0,0,0,0,0
201404,06,113,4,9,Yolo County                   ,12,12,4108889,0,0,0,0,0,0,0,0,0,12,12,4108889,0,0,0,0,0,0,0,0,0
201404,08,001,4,8,Adams County                  ,83,83,19441554,0,0,0,0,0,0,0,0,0,77,77,18270425,0,0,0,0,0,0,0,0,0
201404,08,005,4,8,Arapahoe County               ,126,126,30675686,0,0,0,0,0,0,1,39,4144650,124,124,28899309,0,0,0,0,0,0,0,0,0
201404,08,014,4,8,Broomfield County             ,23,23,7985340,0,0,0,0,0,0,0,0,0,23,23,7985340,0,0,0,0,0,0,0,0,0
201404,08,015,4,8,Chaffee County                ,9,9,2451760,0,0,0,0,0,0,0,0,0,0,0,0,0,0,0,0,0,0,0,0,0
201404,08,019,4,8,Clear Creek County            ,1,1,912762,0,0,0,0,0,0,0,0,0,1,1,912762,0,0,0,0,0,0,0,0,0
201404,08,023,4,8,Costilla County               ,3,3,680751,0,0,0,0,0,0,0,0,0,0,0,0,0,0,0,0,0,0,0,0,0
201404,08,031,4,8,Denver County                 ,193,193,41587368,15,30,5788768,0,0,0,0,0,0,193,193,41587368,15,30,5788768,0,0,0,0,0,0
201404,08,033,4,8,Dolores County                ,0,0,0,0,0,0,0,0,0,0,0,0,0,0,0,0,0,0,0,0,0,0,0,0
201404,08,035,4,8,Douglas County                ,283,283,66231529,0,0,0,0,0,0,9,306,34373298,283,283,66231529,0,0,0,0,0,0,9,306,34373298
201404,08,039,4,8,Elbert County                 ,9,9,2544650,0,0,0,0,0,0,0,0,0,9,9,2544650,0,0,0,0,0,0,0,0,0
201404,08,041,4,8,El Paso County                ,266,266,107493853,0,0,0,0,0,0,0,0,0,266,266,107493853,0,0,0,0,0,0,0,0,0
201404,08,047,4,8,Gilpin County                 ,0,0,0,0,0,0,0,0,0,0,0,0,0,0,0,0,0,0,0,0,0,0,0,0
201404,08,049,4,8,Grand County                  ,5,5,1394871,0,0,0,0,0,0,0,0,0,5,5,1394871,0,0,0,0,0,0,0,0,0
201404,08,059,4,8,Jefferson County              ,83,83,22773829,0,0,0,0,0,0,6,232,29702369,82,82,22471850,0,0,0,0,0,0,5,220,28690468
201404,08,069,4,8,Larimer County                ,172,172,44518541,0,0,0,0,0,0,0,0,0,172,172,44518541,0,0,0,0,0,0,0,0,0
201404,08,077,4,8,Mesa County                   ,41,41,9534413,0,0,0,0,0,0,0,0,0,41,41,9534413,0,0,0,0,0,0,0,0,0
201404,08,093,4,8,Park County                   ,4,4,664769,0,0,0,0,0,0,0,0,0,4,4,664769,0,0,0,0,0,0,0,0,0
201404,08,101,4,8,Pueblo County                 ,13,13,2325120,0,0,0,0,0,0,0,0,0,13,13,2325120,0,0,0,0,0,0,0,0,0
201404,08,107,4,8,Routt County                  ,6,6,2976086,0,0,0,0,0,0,0,0,0,6,6,2976086,0,0,0,0,0,0,0,0,0
201404,08,119,4,8,Teller County                 ,5,5,1792314,0,0,0,0,0,0,0,0,0,5,5,1792314,0,0,0,0,0,0,0,0,0
201404,08,123,4,8,Weld County                   ,236,236,54450441,0,0,0,0,0,0,7,41,3691270,201,201,44900042,0,0,0,0,0,0,6,36,2797020
201404,10,001,3,5,Kent County                   ,90,90,12146230,1,2,235790,1,4,317352,0,0,0,90,90,12146230,1,2,235790,1,4,317352,0,0,0
201404,10,003,3,5,New Castle County             ,84,84,7416651,0,0,0,0,0,0,3,33,2694079,8,8,852155,0,0,0,0,0,0,0,0,0
201404,10,005,3,5,Sussex County                 ,144,144,21755406,10,20,1743268,0,0,0,1,5,611269,144,144,21755406,10,20,1743268,0,0,0,1,5,611269
201404,11,001,3,5,Washington  DC                ,31,31,6683420,0,0,0,0,0,0,3,64,5203456,31,31,6683420,0,0,0,0,0,0,3,64,5203456
201404,12,003,3,5,Baker County                  ,5,5,802643,0,0,0,0,0,0,0,0,0,5,5,802643,0,0,0,0,0,0,0,0,0
201404,12,009,3,5,Brevard County                ,106,106,34792369,0,0,0,0,0,0,0,0,0,106,106,34792369,0,0,0,0,0,0,0,0,0
201404,12,011,3,5,Broward County                ,129,129,38107350,3,6,564520,0,0,0,1,30,1186300,123,123,36730300,3,6,564520,0,0,0,0,0,0
201404,12,013,3,5,Calhoun County                ,0,0,0,0,0,0,0,0,0,0,0,0,0,0,0,0,0,0,0,0,0,0,0,0
201404,12,015,3,5,Charlotte County              ,50,50,10549385,0,0,0,0,0,0,0,0,0,6,6,1835174,0,0,0,0,0,0,0,0,0
201404,12,019,3,5,Clay County                   ,86,86,20996354,0,0,0,0,0,0,0,0,0,82,82,19321177,0,0,0,0,0,0,0,0,0
201404,12,021,3,5,Collier County                ,172,172,59627024,0,0,0,3,12,1903800,4,77,6411444,27,27,24532432,0,0,0,0,0,0,0,0,0
201404,12,023,3,5,Columbia County               ,5,5,795610,0,0,0,0,0,0,0,0,0,0,0,0,0,0,0,0,0,0,0,0,0
201404,12,031,3,5,Duval County                  ,178,178,40077281,8,16,1774390,0,0,0,10,300,24391200,178,178,40077281,8,16,1774390,0,0,0,10,300,24391200
201404,12,033,3,5,Escambia County               ,57,57,12000301,0,0,0,0,0,0,2,177,14390808,57,57,12000301,0,0,0,0,0,0,2,177,14390808
201404,12,035,3,5,Flagler County                ,41,41,12160724,0,0,0,0,0,0,0,0,0,41,41,12160724,0,0,0,0,0,0,0,0,0
201404,12,037,3,5,Franklin County               ,1,1,275931,0,0,0,0,0,0,0,0,0,0,0,0,0,0,0,0,0,0,0,0,0
201404,12,041,3,5,Gilchrist County              ,3,3,387240,0,0,0,0,0,0,0,0,0,0,0,0,0,0,0,0,0,0,0,0,0
201404,12,043,3,5,Glades County                 ,1,1,275000,0,0,0,0,0,0,0,0,0,1,1,275000,0,0,0,0,0,0,0,0,0
201404,12,047,3,5,Hamilton County               ,0,0,0,0,0,0,0,0,0,0,0,0,0,0,0,0,0,0,0,0,0,0,0,0
201404,12,049,3,5,Hardee County                 ,1,1,160092,0,0,0,0,0,0,0,0,0,0,0,0,0,0,0,0,0,0,0,0,0
201404,12,053,3,5,Hernando County               ,40,40,6552368,0,0,0,0,0,0,0,0,0,39,39,6355652,0,0,0,0,0,0,0,0,0
201404,12,055,3,5,Highlands County              ,7,7,1624979,0,0,0,0,0,0,0,0,0,7,7,1624979,0,0,0,0,0,0,0,0,0
201404,12,057,3,5,Hillsborough County           ,394,394,135371346,3,6,1858000,2,8,2000000,3,18,1361934,394,394,135371346,3,6,1858000,2,8,2000000,3,18,1361934
201404,12,061,3,5,Indian River County           ,44,44,15510125,0,0,0,0,0,0,0,0,0,26,26,11072600,0,0,0,0,0,0,0,0,0
201404,12,063,3,5,Jackson County                ,3,3,496435,0,0,0,0,0,0,0,0,0,0,0,0,0,0,0,0,0,0,0,0,0
201404,12,065,3,5,Jefferson County              ,2,2,246799,0,0,0,0,0,0,0,0,0,2,2,246799,0,0,0,0,0,0,0,0,0
201404,12,067,3,5,Lafayette County              ,1,1,112035,0,0,0,0,0,0,0,0,0,1,1,112035,0,0,0,0,0,0,0,0,0
201404,12,069,3,5,Lake County                   ,145,145,35332960,0,0,0,0,0,0,0,0,0,102,102,26219698,0,0,0,0,0,0,0,0,0
201404,12,071,3,5,Lee County                    ,294,294,75553840,0,0,0,6,24,3775091,8,115,10015327,294,294,75553840,0,0,0,6,24,3775091,8,115,10015327
201404,12,073,3,5,Leon County                   ,48,48,9163761,0,0,0,0,0,0,1,64,5033894,20,20,4296827,0,0,0,0,0,0,0,0,0
201404,12,077,3,5,Liberty County                ,0,0,0,0,0,0,0,0,0,0,0,0,0,0,0,0,0,0,0,0,0,0,0,0
201404,12,081,3,5,Manatee County                ,181,181,40401845,5,10,2414017,7,26,3140713,1,8,1052800,181,181,40401845,5,10,2414017,7,26,3140713,1,8,1052800
201404,12,083,3,5,Marion County                 ,59,59,15262929,0,0,0,0,0,0,0,0,0,59,59,15262929,0,0,0,0,0,0,0,0,0
201404,12,085,3,5,Martin County                 ,30,30,16311957,0,0,0,0,0,0,0,0,0,29,29,13341870,0,0,0,0,0,0,0,0,0
201404,12,086,3,5,Miami-Dade County             ,151,151,45102732,3,6,715070,1,4,1195780,17,682,101697232,138,138,42307435,2,4,542670,1,4,1195780,13,635,87176234
201404,12,089,3,5,Nassau County                 ,53,53,15881369,0,0,0,0,0,0,1,6,1301829,53,53,15881369,0,0,0,0,0,0,1,6,1301829
201404,12,095,3,5,Orange County                 ,412,412,93407100,1,2,420933,0,0,0,1,30,3254355,405,405,90057269,1,2,420933,0,0,0,1,30,3254355
201404,12,097,3,5,Osceola County                ,217,217,57817902,0,0,0,2,8,912000,1,34,2816007,169,169,51147745,0,0,0,2,8,912000,1,34,2816007
201404,12,099,3,5,Palm Beach County             ,296,296,108452480,0,0,0,2,8,2347202,3,53,7253990,275,275,98745387,0,0,0,2,8,2347202,2,16,2353659
201404,12,101,3,5,Pasco County                  ,157,157,33444143,2,4,230235,1,4,189000,1,13,601421,157,157,33444143,2,4,230235,1,4,189000,0,0,0
201404,12,103,3,5,Pinellas County               ,72,72,21803741,1,2,900000,0,0,0,5,399,58154888,60,60,18955689,1,2,900000,0,0,0,2,365,55325816
201404,12,105,3,5,Polk County                   ,291,291,56798211,0,0,0,0,0,0,0,0,0,289,289,56459163,0,0,0,0,0,0,0,0,0
201404,12,107,3,5,Putnam County                 ,1,1,125000,0,0,0,0,0,0,0,0,0,1,1,125000,0,0,0,0,0,0,0,0,0
201404,12,109,3,5,St. Johns County              ,221,221,60630724,0,0,0,0,0,0,0,0,0,221,221,60630724,0,0,0,0,0,0,0,0,0
201404,12,111,3,5,St. Lucie County              ,80,80,14001467,0,0,0,0,0,0,0,0,0,80,80,14001467,0,0,0,0,0,0,0,0,0
201404,12,113,3,5,Santa Rosa County             ,97,97,20912638,0,0,0,0,0,0,0,0,0,97,97,20912638,0,0,0,0,0,0,0,0,0
201404,12,115,3,5,Sarasota County               ,118,118,37580839,2,4,919257,4,15,3219197,5,52,7139724,118,118,37580839,2,4,919257,4,15,3219197,5,52,7139724
201404,12,117,3,5,Seminole County               ,79,79,24057470,0,0,0,0,0,0,0,0,0,73,73,22387132,0,0,0,0,0,0,0,0,0
201404,12,119,3,5,Sumter County                 ,170,170,41516629,0,0,0,0,0,0,0,0,0,170,170,41516629,0,0,0,0,0,0,0,0,0
201404,12,123,3,5,Taylor County                 ,3,3,268000,0,0,0,0,0,0,0,0,0,3,3,268000,0,0,0,0,0,0,0,0,0
201404,12,125,3,5,Union County                  ,1,1,156880,0,0,0,0,0,0,0,0,0,1,1,156880,0,0,0,0,0,0,0,0,0
201404,12,127,3,5,Volusia County                ,86,86,26344117,1,2,16600,0,0,0,0,0,0,63,63,19094031,1,2,16600,0,0,0,0,0,0
201404,12,129,3,5,Wakulla County                ,5,5,1000000,0,0,0,0,0,0,0,0,0,5,5,1000000,0,0,0,0,0,0,0,0,0
201404,12,131,3,5,Walton County                 ,85,85,40930015,1,2,240063,0,0,0,0,0,0,85,85,40930015,1,2,240063,0,0,0,0,0,0
201404,12,133,3,5,Washington County             ,2,2,375672,0,0,0,0,0,0,0,0,0,2,2,375672,0,0,0,0,0,0,0,0,0
201404,13,005,3,5,Bacon County                  ,0,0,0,0,0,0,0,0,0,0,0,0,0,0,0,0,0,0,0,0,0,0,0,0
201404,13,013,3,5,Barrow County                 ,29,29,3491308,0,0,0,0,0,0,0,0,0,27,27,3290845,0,0,0,0,0,0,0,0,0
201404,13,015,3,5,Bartow County                 ,19,19,4141476,0,0,0,0,0,0,0,0,0,19,19,4141476,0,0,0,0,0,0,0,0,0
201404,13,029,3,5,Bryan County                  ,24,24,4320175,0,0,0,0,0,0,1,5,391292,0,0,0,0,0,0,0,0,0,0,0,0
201404,13,035,3,5,Butts County                  ,1,1,215100,0,0,0,0,0,0,0,0,0,1,1,215100,0,0,0,0,0,0,0,0,0
201404,13,045,3,5,Carroll County                ,8,8,1317635,0,0,0,0,0,0,0,0,0,8,8,1317635,0,0,0,0,0,0,0,0,0
201404,13,057,3,5,Cherokee County               ,130,130,31597416,0,0,0,0,0,0,0,0,0,130,130,31597416,0,0,0,0,0,0,0,0,0
201404,13,059,3,5,Clarke County                 ,19,19,3390051,0,0,0,0,0,0,0,0,0,19,19,3390051,0,0,0,0,0,0,0,0,0
201404,13,063,3,5,Clayton County                ,23,23,5299658,0,0,0,0,0,0,0,0,0,21,21,4527478,0,0,0,0,0,0,0,0,0
201404,13,067,3,5,Cobb County                   ,89,89,22555098,0,0,0,9,36,8022678,2,13,3805763,89,89,22555098,0,0,0,9,36,8022678,2,13,3805763
201404,13,077,3,5,Coweta County                 ,63,63,20923056,0,0,0,0,0,0,0,0,0,54,54,19414497,0,0,0,0,0,0,0,0,0
201404,13,085,3,5,Dawson County                 ,7,7,2712865,0,0,0,0,0,0,0,0,0,7,7,2712865,0,0,0,0,0,0,0,0,0
201404,13,089,3,5,DeKalb County                 ,36,36,9101476,0,0,0,0,0,0,0,0,0,28,28,5897478,0,0,0,0,0,0,0,0,0
201404,13,095,3,5,Dougherty County              ,4,4,441530,1,2,150110,0,0,0,0,0,0,0,0,0,0,0,0,0,0,0,0,0,0
201404,13,097,3,5,Douglas County                ,20,20,4540804,0,0,0,0,0,0,0,0,0,20,20,4540804,0,0,0,0,0,0,0,0,0
201404,13,111,3,5,Fannin County                 ,16,16,3404762,0,0,0,0,0,0,0,0,0,16,16,3404762,0,0,0,0,0,0,0,0,0
201404,13,113,3,5,Fayette County                ,31,31,7434166,0,0,0,0,0,0,0,0,0,30,30,7093787,0,0,0,0,0,0,0,0,0
201404,13,117,3,5,Forsyth County                ,184,184,25575305,0,0,0,0,0,0,0,0,0,184,184,25575305,0,0,0,0,0,0,0,0,0
201404,13,121,3,5,Fulton County                 ,208,208,51429550,0,0,0,0,0,0,2,451,41737000,207,207,50929550,0,0,0,0,0,0,2,451,41737000
201404,13,127,3,5,Glynn County                  ,38,38,10023477,0,0,0,0,0,0,0,0,0,0,0,0,0,0,0,0,0,0,0,0,0
201404,13,133,3,5,Greene County                 ,9,9,3846850,0,0,0,0,0,0,0,0,0,0,0,0,0,0,0,0,0,0,0,0,0
201404,13,135,3,5,Gwinnett County               ,292,292,63592010,0,0,0,0,0,0,0,0,0,277,277,60452756,0,0,0,0,0,0,0,0,0
201404,13,143,3,5,Haralson County               ,3,3,560757,0,0,0,0,0,0,0,0,0,1,1,195000,0,0,0,0,0,0,0,0,0
201404,13,145,3,5,Harris County                 ,11,11,3179465,0,0,0,0,0,0,0,0,0,11,11,3179465,0,0,0,0,0,0,0,0,0
201404,13,149,3,5,Heard County                  ,1,1,134368,0,0,0,0,0,0,0,0,0,0,0,0,0,0,0,0,0,0,0,0,0
201404,13,151,3,5,Henry County                  ,109,109,22737664,0,0,0,0,0,0,0,0,0,104,104,22190609,0,0,0,0,0,0,0,0,0
201404,13,159,3,5,Jasper County                 ,5,5,669870,0,0,0,0,0,0,0,0,0,0,0,0,0,0,0,0,0,0,0,0,0
201404,13,169,3,5,Jones County                  ,7,7,1557000,0,0,0,0,0,0,0,0,0,7,7,1557000,0,0,0,0,0,0,0,0,0
201404,13,171,3,5,Lamar County                  ,0,0,0,0,0,0,0,0,0,0,0,0,0,0,0,0,0,0,0,0,0,0,0,0
201404,13,177,3,5,Lee County                    ,6,6,722665,0,0,0,0,0,0,0,0,0,6,6,722665,0,0,0,0,0,0,0,0,0
201404,13,189,3,5,McDuffie County               ,2,2,473867,0,0,0,0,0,0,0,0,0,0,0,0,0,0,0,0,0,0,0,0,0
201404,13,199,3,5,Meriwether County             ,2,2,431188,0,0,0,0,0,0,0,0,0,2,2,431188,0,0,0,0,0,0,0,0,0
201404,13,211,3,5,Morgan County                 ,3,3,514743,0,0,0,0,0,0,0,0,0,0,0,0,0,0,0,0,0,0,0,0,0
201404,13,213,3,5,Murray County                 ,0,0,0,0,0,0,0,0,0,0,0,0,0,0,0,0,0,0,0,0,0,0,0,0
201404,13,215,3,5,Muscogee County               ,30,30,3175696,0,0,0,1,3,136270,2,22,1668646,0,0,0,0,0,0,0,0,0,0,0,0
201404,13,217,3,5,Newton County                 ,16,16,2341249,0,0,0,0,0,0,0,0,0,14,14,2100000,0,0,0,0,0,0,0,0,0
201404,13,223,3,5,Paulding County               ,66,66,7896215,0,0,0,0,0,0,0,0,0,58,58,6613824,0,0,0,0,0,0,0,0,0
201404,13,227,3,5,Pickens County                ,6,6,1690000,0,0,0,0,0,0,0,0,0,6,6,1690000,0,0,0,0,0,0,0,0,0
201404,13,231,3,5,Pike County                   ,2,2,410000,0,0,0,0,0,0,0,0,0,2,2,410000,0,0,0,0,0,0,0,0,0
201404,13,237,3,5,Putnam County                 ,3,3,560000,0,0,0,0,0,0,0,0,0,3,3,560000,0,0,0,0,0,0,0,0,0
201404,13,239,3,5,Quitman County                ,0,0,0,0,0,0,0,0,0,0,0,0,0,0,0,0,0,0,0,0,0,0,0,0
201404,13,247,3,5,Rockdale County               ,17,17,5505642,0,0,0,0,0,0,0,0,0,17,17,5505642,0,0,0,0,0,0,0,0,0
201404,13,255,3,5,Spalding County               ,16,16,1345339,0,0,0,0,0,0,0,0,0,16,16,1345339,0,0,0,0,0,0,0,0,0
201404,13,291,3,5,Union County                  ,8,8,1724754,0,0,0,0,0,0,0,0,0,8,8,1724754,0,0,0,0,0,0,0,0,0
201404,13,293,3,5,Upson County                  ,1,1,160000,0,0,0,0,0,0,0,0,0,1,1,160000,0,0,0,0,0,0,0,0,0
201404,13,297,3,5,Walton County                 ,27,27,3576350,0,0,0,0,0,0,0,0,0,27,27,3576350,0,0,0,0,0,0,0,0,0
201404,13,313,3,5,Whitfield County              ,5,5,605757,0,0,0,0,0,0,0,0,0,0,0,0,0,0,0,0,0,0,0,0,0
201404,13,321,3,5,Worth County                  ,1,1,250000,0,0,0,0,0,0,0,0,0,1,1,250000,0,0,0,0,0,0,0,0,0
201404,15,001,4,9,Hawaii County                 ,74,74,45459286,5,10,11970000,0,0,0,0,0,0,74,74,45459286,5,10,11970000,0,0,0,0,0,0
201404,15,003,4,9,Honolulu County               ,125,125,34951135,2,4,521668,0,0,0,0,0,0,125,125,34951135,2,4,521668,0,0,0,0,0,0
201404,15,007,4,9,Kauai County                  ,15,15,8117076,0,0,0,0,0,0,0,0,0,0,0,0,0,0,0,0,0,0,0,0,0
201404,15,009,4,9,Maui County                   ,26,26,6634745,1,2,447680,0,0,0,0,0,0,26,26,6634745,1,2,447680,0,0,0,0,0,0
201404,16,001,4,8,Ada County                    ,208,208,55915985,0,0,0,1,4,205000,15,164,13280197,196,196,53112345,0,0,0,1,4,205000,15,164,13280197
201404,16,015,4,8,Boise County                  ,3,3,872786,0,0,0,0,0,0,0,0,0,3,3,872786,0,0,0,0,0,0,0,0,0
201404,16,027,4,8,Canyon County                 ,90,90,14088836,0,0,0,0,0,0,0,0,0,61,61,10271621,0,0,0,0,0,0,0,0,0
201404,16,045,4,8,Gem County                    ,4,4,504143,0,0,0,0,0,0,0,0,0,4,4,504143,0,0,0,0,0,0,0,0,0
201404,16,073,4,8,Owyhee County                 ,3,3,413698,0,0,0,0,0,0,0,0,0,3,3,413698,0,0,0,0,0,0,0,0,0
201404,17,005,2,3,Bond County                   ,1,1,179484,0,0,0,0,0,0,0,0,0,0,0,0,0,0,0,0,0,0,0,0,0
201404,17,013,2,3,Calhoun County                ,2,2,260000,0,0,0,0,0,0,0,0,0,2,2,260000,0,0,0,0,0,0,0,0,0
201404,17,027,2,3,Clinton County                ,8,8,1690365,0,0,0,0,0,0,0,0,0,8,8,1690365,0,0,0,0,0,0,0,0,0
201404,17,031,2,3,Cook County                   ,117,117,38499878,1,2,270000,9,28,4483854,7,953,183002900,101,101,33251289,1,2,270000,8,25,4002800,6,945,181832900
201404,17,037,2,3,DeKalb County                 ,5,5,1041000,0,0,0,0,0,0,0,0,0,5,5,1041000,0,0,0,0,0,0,0,0,0
201404,17,039,2,3,De Witt County                ,4,4,1211000,0,0,0,0,0,0,0,0,0,4,4,1211000,0,0,0,0,0,0,0,0,0
201404,17,043,2,3,DuPage County                 ,87,87,33321785,0,0,0,0,0,0,0,0,0,80,80,31331145,0,0,0,0,0,0,0,0,0
201404,17,063,2,3,Grundy County                 ,7,7,1436413,0,0,0,0,0,0,1,8,410256,6,6,1275864,0,0,0,0,0,0,0,0,0
201404,17,083,2,3,Jersey County                 ,1,1,155609,0,0,0,0,0,0,0,0,0,0,0,0,0,0,0,0,0,0,0,0,0
201404,17,089,2,3,Kane County                   ,86,86,19143959,1,2,360000,0,0,0,1,5,561250,74,74,16675418,1,2,360000,0,0,0,0,0,0
201404,17,093,2,3,Kendall County                ,33,33,5681702,0,0,0,0,0,0,0,0,0,33,33,5681702,0,0,0,0,0,0,0,0,0
201404,17,097,2,3,Lake County                   ,54,54,15505921,0,0,0,0,0,0,2,64,5780000,25,25,5952895,0,0,0,0,0,0,2,64,5780000
201404,17,111,2,3,McHenry County                ,45,45,8428380,0,0,0,0,0,0,0,0,0,40,40,7998867,0,0,0,0,0,0,0,0,0
201404,17,117,2,3,Macoupin County               ,4,4,805750,0,0,0,0,0,0,0,0,0,0,0,0,0,0,0,0,0,0,0,0,0
201404,17,119,2,3,Madison County                ,46,46,10968418,0,0,0,0,0,0,2,26,2770833,41,41,10118641,0,0,0,0,0,0,1,21,2000000
201404,17,133,2,3,Monroe County                 ,11,11,2493557,1,2,251579,0,0,0,0,0,0,11,11,2493557,1,2,251579,0,0,0,0,0,0
201404,17,163,2,3,St. Clair County              ,46,46,8758128,0,0,0,0,0,0,2,25,2669849,17,17,3180700,0,0,0,0,0,0,0,0,0
201404,17,197,2,3,Will County                   ,103,103,28709571,0,0,0,0,0,0,0,0,0,90,90,26008312,0,0,0,0,0,0,0,0,0
201404,18,001,2,3,Adams County                  ,7,7,878131,0,0,0,0,0,0,0,0,0,6,6,732131,0,0,0,0,0,0,0,0,0
201404,18,003,2,3,Allen County                  ,81,81,19389967,12,24,1852360,0,0,0,0,0,0,81,81,19389967,12,24,1852360,0,0,0,0,0,0
201404,18,011,2,3,Boone County                  ,61,61,15858098,0,0,0,0,0,0,0,0,0,61,61,15858098,0,0,0,0,0,0,0,0,0
201404,18,013,2,3,Brown County                  ,4,4,836748,1,2,205718,0,0,0,0,0,0,0,0,0,0,0,0,0,0,0,0,0,0
201404,18,019,2,3,Clark County                  ,25,25,5207448,0,0,0,0,0,0,2,21,1014125,23,23,4954018,0,0,0,0,0,0,1,16,886000
201404,18,029,2,3,Dearborn County               ,8,8,2005220,0,0,0,0,0,0,0,0,0,8,8,2005220,0,0,0,0,0,0,0,0,0
201404,18,043,2,3,Floyd County                  ,8,8,1829124,0,0,0,0,0,0,2,12,950000,5,5,1393000,0,0,0,0,0,0,2,12,950000
201404,18,047,2,3,Franklin County               ,4,4,755000,0,0,0,0,0,0,0,0,0,4,4,755000,0,0,0,0,0,0,0,0,0
201404,18,049,2,3,Fulton County                 ,1,1,70000,0,0,0,0,0,0,0,0,0,1,1,70000,0,0,0,0,0,0,0,0,0
201404,18,057,2,3,Hamilton County               ,216,216,57319078,0,0,0,2,8,900000,2,101,10681365,215,215,57208847,0,0,0,2,8,900000,2,101,10681365
201404,18,059,2,3,Hancock County                ,39,39,7768617,0,0,0,0,0,0,0,0,0,38,38,7561544,0,0,0,0,0,0,0,0,0
201404,18,061,2,3,Harrison County               ,3,3,706096,0,0,0,0,0,0,0,0,0,3,3,706096,0,0,0,0,0,0,0,0,0
201404,18,063,2,3,Hendricks County              ,66,66,16321486,0,0,0,0,0,0,1,29,1634127,46,46,12122513,0,0,0,0,0,0,0,0,0
201404,18,065,2,3,Henry County                  ,1,1,260000,0,0,0,0,0,0,0,0,0,1,1,260000,0,0,0,0,0,0,0,0,0
201404,18,069,2,3,Huntington County             ,4,4,600000,0,0,0,0,0,0,0,0,0,4,4,600000,0,0,0,0,0,0,0,0,0
201404,18,073,2,3,Jasper County                 ,1,1,723580,0,0,0,0,0,0,0,0,0,1,1,723580,0,0,0,0,0,0,0,0,0
201404,18,079,2,3,Jennings County               ,2,2,215000,0,0,0,0,0,0,0,0,0,2,2,215000,0,0,0,0,0,0,0,0,0
201404,18,081,2,3,Johnson County                ,53,53,10981372,0,0,0,0,0,0,0,0,0,51,51,10750234,0,0,0,0,0,0,0,0,0
201404,18,087,2,3,Lagrange County               ,14,14,2973000,0,0,0,0,0,0,0,0,0,14,14,2973000,0,0,0,0,0,0,0,0,0
201404,18,089,2,3,Lake County                   ,86,86,21166201,2,4,320000,0,0,0,0,0,0,81,81,20266094,2,4,320000,0,0,0,0,0,0
201404,18,097,2,3,Marion County                 ,37,37,8328382,0,0,0,0,0,0,0,0,0,30,30,7060959,0,0,0,0,0,0,0,0,0
201404,18,105,2,3,Monroe County                 ,28,28,6590228,0,0,0,0,0,0,0,0,0,28,28,6590228,0,0,0,0,0,0,0,0,0
201404,18,109,2,3,Morgan County                 ,9,9,1351050,0,0,0,0,0,0,0,0,0,9,9,1351050,0,0,0,0,0,0,0,0,0
201404,18,111,2,3,Newton County                 ,2,2,430337,0,0,0,0,0,0,0,0,0,0,0,0,0,0,0,0,0,0,0,0,0
201404,18,115,2,3,Ohio County                   ,3,3,725000,0,0,0,0,0,0,0,0,0,3,3,725000,0,0,0,0,0,0,0,0,0
201404,18,125,2,3,Pike County                   ,3,3,596000,0,0,0,0,0,0,0,0,0,3,3,596000,0,0,0,0,0,0,0,0,0
201404,18,127,2,3,Porter County                 ,36,36,10406059,0,0,0,0,0,0,2,32,3237812,16,16,4187474,0,0,0,0,0,0,2,32,3237812
201404,18,133,2,3,Putnam County                 ,3,3,298000,0,0,0,0,0,0,0,0,0,3,3,298000,0,0,0,0,0,0,0,0,0
201404,18,145,2,3,Shelby County                 ,3,3,1433000,0,0,0,0,0,0,0,0,0,3,3,1433000,0,0,0,0,0,0,0,0,0
201404,18,155,2,3,Switzerland County            ,6,6,349597,0,0,0,0,0,0,0,0,0,0,0,0,0,0,0,0,0,0,0,0,0
201404,18,157,2,3,Tippecanoe County             ,60,60,12196677,0,0,0,0,0,0,5,63,5777121,60,60,12196677,0,0,0,0,0,0,5,63,5777121
201404,18,163,2,3,Vanderburgh County            ,26,26,3708813,1,2,213625,0,0,0,0,0,0,0,0,0,0,0,0,0,0,0,0,0,0
201404,18,167,2,3,Vigo County                   ,2,2,285129,0,0,0,0,0,0,1,5,265623,1,1,150000,0,0,0,0,0,0,0,0,0
201404,18,175,2,3,Washington County             ,5,5,832821,0,0,0,0,0,0,0,0,0,0,0,0,0,0,0,0,0,0,0,0,0
201404,18,179,2,3,Wells County                  ,3,3,706096,0,0,0,0,0,0,0,0,0,3,3,706096,0,0,0,0,0,0,0,0,0
201404,18,181,2,3,White County                  ,2,2,270000,1,2,200000,0,0,0,0,0,0,2,2,270000,1,2,200000,0,0,0,0,0,0
201404,18,183,2,3,Whitley County                ,9,9,1979900,0,0,0,0,0,0,0,0,0,9,9,1979900,0,0,0,0,0,0,0,0,0
201404,19,049,2,4,Dallas County                 ,37,37,8880925,0,0,0,0,0,0,14,260,30234992,34,34,8278646,0,0,0,0,0,0,14,260,30234992
201404,19,077,2,4,Guthrie County                ,1,1,217750,0,0,0,0,0,0,0,0,0,0,0,0,0,0,0,0,0,0,0,0,0
201404,19,085,2,4,Harrison County               ,4,4,850000,0,0,0,0,0,0,0,0,0,4,4,850000,0,0,0,0,0,0,0,0,0
201404,19,121,2,4,Madison County                ,6,6,1617000,0,0,0,0,0,0,0,0,0,6,6,1617000,0,0,0,0,0,0,0,0,0
201404,19,129,2,4,Mills County                  ,0,0,0,0,0,0,0,0,0,0,0,0,0,0,0,0,0,0,0,0,0,0,0,0
201404,19,153,2,4,Polk County                   ,302,302,73165523,1,2,177710,0,0,0,6,225,27933347,302,302,73165523,1,2,177710,0,0,0,6,225,27933347
201404,19,155,2,4,Pottawattamie County          ,22,22,3958930,1,2,250000,0,0,0,0,0,0,22,22,3958930,1,2,250000,0,0,0,0,0,0
201404,19,181,2,4,Warren County                 ,27,27,6016130,0,0,0,1,4,426350,0,0,0,27,27,6016130,0,0,0,1,4,426350,0,0,0
201404,20,055,2,4,Finney County                 ,4,4,641974,1,2,186044,0,0,0,1,7,444792,0,0,0,0,0,0,0,0,0,0,0,0
201404,20,059,2,4,Franklin County               ,2,2,495000,0,0,0,0,0,0,0,0,0,2,2,495000,0,0,0,0,0,0,0,0,0
201404,20,063,2,4,Gove County                   ,0,0,0,0,0,0,0,0,0,0,0,0,0,0,0,0,0,0,0,0,0,0,0,0
201404,20,091,2,4,Johnson County                ,173,173,52748653,0,0,0,2,8,1123418,0,0,0,106,106,33395464,0,0,0,2,8,1123418,0,0,0
201404,20,103,2,4,Leavenworth County            ,20,20,2986063,0,0,0,0,0,0,0,0,0,20,20,2986063,0,0,0,0,0,0,0,0,0
201404,20,107,2,4,Linn County                   ,2,2,330000,0,0,0,0,0,0,0,0,0,2,2,330000,0,0,0,0,0,0,0,0,0
201404,20,121,2,4,Miami County                  ,3,3,755447,0,0,0,0,0,0,0,0,0,0,0,0,0,0,0,0,0,0,0,0,0
201404,20,129,2,4,Morton County                 ,0,0,0,0,0,0,0,0,0,0,0,0,0,0,0,0,0,0,0,0,0,0,0,0
201404,20,151,2,4,Pratt County                  ,1,1,235000,0,0,0,0,0,0,0,0,0,1,1,235000,0,0,0,0,0,0,0,0,0
201404,20,183,2,4,Smith County                  ,1,1,119314,1,2,198498,0,0,0,0,0,0,0,0,0,0,0,0,0,0,0,0,0,0
201404,20,209,2,4,Wyandotte County              ,10,10,1775366,0,0,0,0,0,0,0,0,0,8,8,1402080,0,0,0,0,0,0,0,0,0
201404,21,005,3,6,Anderson County               ,8,8,1633634,0,0,0,0,0,0,0,0,0,8,8,1633634,0,0,0,0,0,0,0,0,0
201404,21,015,3,6,Boone County                  ,34,34,4768223,0,0,0,0,0,0,0,0,0,34,34,4768223,0,0,0,0,0,0,0,0,0
201404,21,021,3,6,Boyle County                  ,2,2,225000,0,0,0,0,0,0,0,0,0,2,2,225000,0,0,0,0,0,0,0,0,0
201404,21,029,3,6,Bullitt County                ,33,33,6485922,0,0,0,0,0,0,0,0,0,33,33,6485922,0,0,0,0,0,0,0,0,0
201404,21,037,3,6,Campbell County               ,17,17,3965840,0,0,0,0,0,0,1,8,846033,17,17,3965840,0,0,0,0,0,0,1,8,846033
201404,21,049,3,6,Clark County                  ,2,2,346176,1,2,400000,0,0,0,0,0,0,0,0,0,0,0,0,0,0,0,0,0,0
201404,21,053,3,6,Clinton County                ,0,0,0,0,0,0,0,0,0,0,0,0,0,0,0,0,0,0,0,0,0,0,0,0
201404,21,059,3,6,Daviess County                ,15,15,1797510,0,0,0,0,0,0,0,0,0,15,15,1797510,0,0,0,0,0,0,0,0,0
201404,21,067,3,6,Fayette County                ,64,64,9708382,0,0,0,0,0,0,1,18,1436559,0,0,0,0,0,0,0,0,0,0,0,0
201404,21,077,3,6,Gallatin County               ,0,0,0,0,0,0,0,0,0,0,0,0,0,0,0,0,0,0,0,0,0,0,0,0
201404,21,081,3,6,Grant County                  ,3,3,600000,0,0,0,0,0,0,0,0,0,3,3,600000,0,0,0,0,0,0,0,0,0
201404,21,103,3,6,Henry County                  ,3,3,420000,0,0,0,0,0,0,0,0,0,3,3,420000,0,0,0,0,0,0,0,0,0
201404,21,111,3,6,Jefferson County              ,92,92,21335163,0,0,0,2,7,689338,7,123,4738714,3,3,834000,0,0,0,0,0,0,0,0,0
201404,21,113,3,6,Jessamine County              ,17,17,4064471,0,0,0,0,0,0,0,0,0,9,9,2994623,0,0,0,0,0,0,0,0,0
201404,21,117,3,6,Kenton County                 ,30,30,5692891,0,0,0,0,0,0,0,0,0,30,30,5692891,0,0,0,0,0,0,0,0,0
201404,21,137,3,6,Lincoln County                ,3,3,638393,0,0,0,0,0,0,0,0,0,3,3,638393,0,0,0,0,0,0,0,0,0
201404,21,151,3,6,Madison County                ,8,8,692521,1,2,112996,0,0,0,1,5,168572,0,0,0,0,0,0,0,0,0,0,0,0
201404,21,157,3,6,Marshall County               ,1,1,121209,0,0,0,0,0,0,2,10,555556,0,0,0,0,0,0,0,0,0,0,0,0
201404,21,163,3,6,Meade County                  ,4,4,1235967,1,2,120000,0,0,0,0,0,0,1,1,770000,1,2,120000,0,0,0,0,0,0
201404,21,167,3,6,Mercer County                 ,3,3,420524,0,0,0,0,0,0,0,0,0,0,0,0,0,0,0,0,0,0,0,0,0
201404,21,179,3,6,Nelson County                 ,29,29,4222725,0,0,0,0,0,0,0,0,0,29,29,4222725,0,0,0,0,0,0,0,0,0
201404,21,185,3,6,Oldham County                 ,20,20,4128748,0,0,0,0,0,0,0,0,0,0,0,0,0,0,0,0,0,0,0,0,0
201404,21,191,3,6,Pendleton County              ,0,0,0,0,0,0,0,0,0,0,0,0,0,0,0,0,0,0,0,0,0,0,0,0
201404,21,205,3,6,Rowan County                  ,0,0,0,0,0,0,0,0,0,0,0,0,0,0,0,0,0,0,0,0,0,0,0,0
201404,21,209,3,6,Scott County                  ,46,46,5960732,0,0,0,0,0,0,0,0,0,46,46,5960732,0,0,0,0,0,0,0,0,0
201404,21,211,3,6,Shelby County                 ,17,17,3317437,0,0,0,0,0,0,0,0,0,17,17,3317437,0,0,0,0,0,0,0,0,0
201404,21,213,3,6,Simpson County                ,2,2,197000,0,0,0,0,0,0,0,0,0,2,2,197000,0,0,0,0,0,0,0,0,0
201404,21,215,3,6,Spencer County                ,9,9,1940348,0,0,0,0,0,0,0,0,0,9,9,1940348,0,0,0,0,0,0,0,0,0
201404,21,221,3,6,Trigg County                  ,0,0,0,0,0,0,0,0,0,0,0,0,0,0,0,0,0,0,0,0,0,0,0,0
201404,21,239,3,6,Woodford County               ,11,11,2267000,0,0,0,0,0,0,0,0,0,11,11,2267000,0,0,0,0,0,0,0,0,0
201404,22,009,3,7,Avoyelles Parish              ,1,1,60000,0,0,0,0,0,0,0,0,0,1,1,60000,0,0,0,0,0,0,0,0,0
201404,22,017,3,7,Caddo Parish                  ,26,26,8495819,0,0,0,0,0,0,0,0,0,26,26,8495819,0,0,0,0,0,0,0,0,0
201404,22,039,3,7,Evangeline Parish             ,6,6,1199000,0,0,0,0,0,0,0,0,0,6,6,1199000,0,0,0,0,0,0,0,0,0
201404,22,051,3,7,Jefferson Parish              ,22,22,3943153,0,0,0,0,0,0,0,0,0,4,4,574348,0,0,0,0,0,0,0,0,0
201404,22,071,3,7,Orleans Parish                ,29,29,6802386,4,8,989554,0,0,0,0,0,0,29,29,6802386,4,8,989554,0,0,0,0,0,0
201404,22,075,3,7,Plaquemines Parish            ,5,5,1277475,1,2,200000,0,0,0,0,0,0,5,5,1277475,1,2,200000,0,0,0,0,0,0
201404,22,077,3,7,Pointe Coupee Parish          ,2,2,502332,0,0,0,0,0,0,0,0,0,2,2,502332,0,0,0,0,0,0,0,0,0
201404,22,087,3,7,St. Bernard Parish            ,3,3,391000,0,0,0,0,0,0,0,0,0,3,3,391000,0,0,0,0,0,0,0,0,0
201404,22,089,3,7,St. Charles Parish            ,10,10,2203922,0,0,0,0,0,0,0,0,0,0,0,0,0,0,0,0,0,0,0,0,0
201404,22,091,3,7,St. Helena Parish             ,0,0,0,0,0,0,0,0,0,0,0,0,0,0,0,0,0,0,0,0,0,0,0,0
201404,22,095,3,7,St. John the Baptist Parish   ,6,6,1262900,0,0,0,0,0,0,0,0,0,6,6,1262900,0,0,0,0,0,0,0,0,0
201404,22,103,3,7,St. Tammany Parish            ,157,157,38303939,0,0,0,0,0,0,0,0,0,155,155,37749373,0,0,0,0,0,0,0,0,0
201404,22,105,3,7,Tangipahoa Parish             ,58,58,7620547,0,0,0,0,0,0,0,0,0,55,55,7160365,0,0,0,0,0,0,0,0,0
201404,22,109,3,7,Terrebonne Parish             ,26,26,5858869,0,0,0,0,0,0,0,0,0,26,26,5858869,0,0,0,0,0,0,0,0,0
201404,22,117,3,7,Washington Parish             ,1,1,60000,0,0,0,0,0,0,0,0,0,1,1,60000,0,0,0,0,0,0,0,0,0
201404,23,000,1,1,Maine Unorganized Territory   ,7,7,929602,0,0,0,0,0,0,0,0,0,0,0,0,0,0,0,0,0,0,0,0,0
201404,24,003,3,5,Anne Arundel County           ,144,144,30814861,0,0,0,0,0,0,0,0,0,139,139,29967594,0,0,0,0,0,0,0,0,0
201404,24,005,3,5,Baltimore County              ,88,88,18972290,0,0,0,0,0,0,0,0,0,88,88,18972290,0,0,0,0,0,0,0,0,0
201404,24,009,3,5,Calvert County                ,25,25,5389855,0,0,0,0,0,0,0,0,0,25,25,5389855,0,0,0,0,0,0,0,0,0
201404,24,013,3,5,Carroll County                ,35,35,7545797,0,0,0,0,0,0,1,10,1000000,35,35,7545797,0,0,0,0,0,0,1,10,1000000
201404,24,015,3,5,Cecil County                  ,12,12,2241979,0,0,0,0,0,0,0,0,0,12,12,2241979,0,0,0,0,0,0,0,0,0
201404,24,017,3,5,Charles County                ,69,69,17058816,0,0,0,0,0,0,0,0,0,65,65,16585000,0,0,0,0,0,0,0,0,0
201404,24,021,3,5,Frederick County              ,52,52,12855446,0,0,0,0,0,0,8,183,4231355,52,52,12855446,0,0,0,0,0,0,8,183,4231355
201404,24,023,3,5,Garrett County                ,11,11,7362613,0,0,0,0,0,0,0,0,0,11,11,7362613,0,0,0,0,0,0,0,0,0
201404,24,025,3,5,Harford County                ,34,34,7764972,0,0,0,0,0,0,0,0,0,34,34,7764972,0,0,0,0,0,0,0,0,0
201404,24,027,3,5,Howard County                 ,89,89,19187884,0,0,0,0,0,0,1,16,1500000,89,89,19187884,0,0,0,0,0,0,1,16,1500000
201404,24,031,3,5,Montgomery County             ,190,190,39854801,2,4,286088,0,0,0,2,15,987398,173,173,37065109,0,0,0,0,0,0,1,8,324959
201404,24,033,3,5,Prince George County          ,117,117,25522615,0,0,0,0,0,0,0,0,0,115,115,24793333,0,0,0,0,0,0,0,0,0
201404,24,035,3,5,Queen Anne County             ,10,10,1877159,0,0,0,0,0,0,0,0,0,10,10,1877159,0,0,0,0,0,0,0,0,0
201404,24,510,3,5,Baltimore (Independent City)  ,21,21,3032686,0,0,0,1,4,523688,1,96,8718219,0,0,0,0,0,0,0,0,0,0,0,0
201404,25,009,1,1,Essex County                  ,66,66,18554264,4,8,1232861,0,0,0,2,11,1414160,38,38,10075572,3,6,991750,0,0,0,0,0,0
201404,25,017,1,1,Middlesex County              ,138,138,38744866,2,4,451880,0,0,0,5,152,15869959,108,108,30097421,1,2,313380,0,0,0,2,60,4833640
201404,25,019,1,1,Nantucket County              ,20,20,15031503,0,0,0,0,0,0,0,0,0,20,20,15031503,0,0,0,0,0,0,0,0,0
201404,25,021,1,1,Norfolk County                ,59,59,21594708,0,0,0,2,6,969381,3,63,7197798,33,33,13010234,0,0,0,0,0,0,1,43,5400000
201404,25,023,1,1,Plymouth County               ,75,75,16762906,0,0,0,3,10,1163924,1,5,492405,63,63,14671016,0,0,0,2,6,770000,0,0,0
201404,25,025,1,1,Suffolk County                ,2,2,482853,3,6,1095000,3,9,1060000,3,45,5346112,2,2,482853,3,6,1095000,3,9,1060000,1,9,1300000
201404,26,000,2,3,Michigan Balance of State     ,6,6,1067123,0,0,0,0,0,0,0,0,0,0,0,0,0,0,0,0,0,0,0,0,0
201404,26,001,2,3,Alcona County                 ,3,3,301412,0,0,0,0,0,0,0,0,0,0,0,0,0,0,0,0,0,0,0,0,0
201404,26,009,2,3,Antrim County                 ,3,3,628600,0,0,0,0,0,0,0,0,0,3,3,628600,0,0,0,0,0,0,0,0,0
201404,26,015,2,3,Barry County                  ,7,7,1047218,0,0,0,0,0,0,0,0,0,0,0,0,0,0,0,0,0,0,0,0,0
201404,26,019,2,3,Benzie County                 ,5,5,1017200,0,0,0,0,0,0,0,0,0,5,5,1017200,0,0,0,0,0,0,0,0,0
201404,26,029,2,3,Charlevoix County             ,7,7,2078265,0,0,0,0,0,0,0,0,0,0,0,0,0,0,0,0,0,0,0,0,0
201404,26,031,2,3,Cheboygan County              ,1,1,362000,0,0,0,0,0,0,0,0,0,1,1,362000,0,0,0,0,0,0,0,0,0
201404,26,047,2,3,Emmet County                  ,2,2,897398,0,0,0,0,0,0,0,0,0,2,2,897398,0,0,0,0,0,0,0,0,0
201404,26,051,2,3,Gladwin County                ,5,5,973724,0,0,0,0,0,0,0,0,0,5,5,973724,0,0,0,0,0,0,0,0,0
201404,26,059,2,3,Hillsdale County              ,4,4,676570,0,0,0,0,0,0,0,0,0,0,0,0,0,0,0,0,0,0,0,0,0
201404,26,067,2,3,Ionia County                  ,4,4,660734,0,0,0,0,0,0,0,0,0,0,0,0,0,0,0,0,0,0,0,0,0
201404,26,079,2,3,Kalkaska County               ,1,1,220000,0,0,0,0,0,0,0,0,0,1,1,220000,0,0,0,0,0,0,0,0,0
201404,26,081,2,3,Kent County                   ,90,90,20191314,1,2,264444,1,3,211842,0,0,0,68,68,15174196,0,0,0,1,3,211842,0,0,0
201404,26,085,2,3,Lake County                   ,5,5,143726,0,0,0,0,0,0,0,0,0,0,0,0,0,0,0,0,0,0,0,0,0
201404,26,087,2,3,Lapeer County                 ,9,9,1360257,0,0,0,0,0,0,0,0,0,8,8,1140000,0,0,0,0,0,0,0,0,0
201404,26,089,2,3,Leelanau County               ,3,3,866990,0,0,0,0,0,0,0,0,0,3,3,866990,0,0,0,0,0,0,0,0,0
201404,26,093,2,3,Livingston County             ,50,50,13203391,1,2,182876,1,4,797235,1,5,485265,48,48,12999248,0,0,0,1,4,797235,0,0,0
201404,26,099,2,3,Macomb County                 ,143,143,38866158,0,0,0,0,0,0,1,5,335000,141,141,38463006,0,0,0,0,0,0,0,0,0
201404,26,103,2,3,Marquette County              ,10,10,2485000,0,0,0,0,0,0,0,0,0,10,10,2485000,0,0,0,0,0,0,0,0,0
201404,26,113,2,3,Missaukee County              ,2,2,320584,0,0,0,0,0,0,0,0,0,0,0,0,0,0,0,0,0,0,0,0,0
201404,26,123,2,3,Newaygo County                ,5,5,637389,0,0,0,0,0,0,0,0,0,2,2,390000,0,0,0,0,0,0,0,0,0
201404,26,125,2,3,Oakland County                ,209,209,58165450,0,0,0,1,3,238461,3,32,3436800,147,147,37975445,0,0,0,0,0,0,0,0,0
201404,26,129,2,3,Ogemaw County                 ,4,4,778979,0,0,0,0,0,0,0,0,0,4,4,778979,0,0,0,0,0,0,0,0,0
201404,26,133,2,3,Osceola County                ,3,3,420000,0,0,0,0,0,0,0,0,0,3,3,420000,0,0,0,0,0,0,0,0,0
201404,26,137,2,3,Otsego County                 ,2,2,162000,0,0,0,0,0,0,0,0,0,0,0,0,0,0,0,0,0,0,0,0,0
201404,26,141,2,3,Presque Isle County           ,0,0,0,0,0,0,0,0,0,0,0,0,0,0,0,0,0,0,0,0,0,0,0,0
201404,26,147,2,3,St. Clair County              ,9,9,1602659,0,0,0,0,0,0,0,0,0,6,6,1279207,0,0,0,0,0,0,0,0,0
201404,26,163,2,3,Wayne County                  ,100,100,21939770,0,0,0,1,4,616042,1,6,1020222,95,95,21102507,0,0,0,1,4,616042,1,6,1020222
201404,27,003,2,4,Anoka County                  ,63,63,19586428,0,0,0,0,0,0,0,0,0,60,60,18925519,0,0,0,0,0,0,0,0,0
201404,27,019,2,4,Carver County                 ,24,24,7834258,0,0,0,1,3,421392,0,0,0,24,24,7834258,0,0,0,1,3,421392,0,0,0
201404,27,025,2,4,Chisago County                ,17,17,2470896,0,0,0,0,0,0,0,0,0,11,11,1599868,0,0,0,0,0,0,0,0,0
201404,27,037,2,4,Dakota County                 ,86,86,26325465,0,0,0,0,0,0,1,66,9149000,63,63,19506536,0,0,0,0,0,0,1,66,9149000
201404,27,053,2,4,Hennepin County               ,141,141,55613135,1,2,370000,1,4,675000,0,0,0,125,125,48522819,1,2,370000,1,4,675000,0,0,0
201404,27,059,2,4,Isanti County                 ,11,11,1714193,0,0,0,0,0,0,0,0,0,11,11,1714193,0,0,0,0,0,0,0,0,0
201404,27,123,2,4,Ramsey County                 ,15,15,4356981,0,0,0,0,0,0,0,0,0,15,15,4356981,0,0,0,0,0,0,0,0,0
201404,27,139,2,4,Scott County                  ,51,51,14418417,0,0,0,0,0,0,0,0,0,47,47,13474614,0,0,0,0,0,0,0,0,0
201404,27,141,2,4,Sherburne County              ,24,24,5222280,0,0,0,0,0,0,0,0,0,22,22,4909280,0,0,0,0,0,0,0,0,0
201404,27,163,2,4,Washington County             ,46,46,14609059,0,0,0,1,3,358000,0,0,0,42,42,12809947,0,0,0,1,3,358000,0,0,0
201404,27,171,2,4,Wright County                 ,51,51,10633653,0,0,0,0,0,0,0,0,0,49,49,10200780,0,0,0,0,0,0,0,0,0
201404,28,021,3,6,Claiborne County              ,0,0,0,0,0,0,0,0,0,0,0,0,0,0,0,0,0,0,0,0,0,0,0,0
201404,28,033,3,6,DeSoto County                 ,130,130,18018311,0,0,0,0,0,0,0,0,0,130,130,18018311,0,0,0,0,0,0,0,0,0
201404,28,039,3,6,George County                 ,0,0,0,0,0,0,0,0,0,0,0,0,0,0,0,0,0,0,0,0,0,0,0,0
201404,28,071,3,6,Lafayette County              ,19,19,2095000,0,0,0,0,0,0,0,0,0,19,19,2095000,0,0,0,0,0,0,0,0,0
201404,28,091,3,6,Marion County                 ,0,0,0,0,0,0,0,0,0,0,0,0,0,0,0,0,0,0,0,0,0,0,0,0
201404,28,093,3,6,Marshall County               ,14,14,2188675,0,0,0,0,0,0,0,0,0,8,8,1611000,0,0,0,0,0,0,0,0,0
201404,28,137,3,6,Tate County                   ,8,8,902655,0,0,0,0,0,0,0,0,0,1,1,275000,0,0,0,0,0,0,0,0,0
201404,28,143,3,6,Tunica County                 ,1,1,80320,0,0,0,0,0,0,0,0,0,0,0,0,0,0,0,0,0,0,0,0,0
201404,28,153,3,6,Wayne County                  ,0,0,0,0,0,0,0,0,0,0,0,0,0,0,0,0,0,0,0,0,0,0,0,0
201404,29,001,2,4,Adair County                  ,4,4,1320535,0,0,0,0,0,0,0,0,0,4,4,1320535,0,0,0,0,0,0,0,0,0
201404,29,013,2,4,Bates County                  ,0,0,0,0,0,0,0,0,0,0,0,0,0,0,0,0,0,0,0,0,0,0,0,0
201404,29,019,2,4,Boone County                  ,72,72,16232963,2,4,260000,0,0,0,7,196,33822643,72,72,16232963,2,4,260000,0,0,0,7,196,33822643
201404,29,025,2,4,Caldwell County               ,2,2,440513,0,0,0,0,0,0,0,0,0,0,0,0,0,0,0,0,0,0,0,0,0
201404,29,037,2,4,Cass County                   ,13,13,4062032,0,0,0,0,0,0,0,0,0,10,10,3444255,0,0,0,0,0,0,0,0,0
201404,29,047,2,4,Clay County                   ,19,19,4383518,0,0,0,0,0,0,0,0,0,19,19,4383518,0,0,0,0,0,0,0,0,0
201404,29,049,2,4,Clinton County                ,2,2,197600,0,0,0,0,0,0,0,0,0,2,2,197600,0,0,0,0,0,0,0,0,0
201404,29,051,2,4,Cole County                   ,16,16,3059219,5,10,776615,0,0,0,0,0,0,5,5,773700,4,8,568000,0,0,0,0,0,0
201404,29,065,2,4,Dent County                   ,0,0,0,0,0,0,0,0,0,0,0,0,0,0,0,0,0,0,0,0,0,0,0,0
201404,29,071,2,4,Franklin County               ,17,17,3722083,1,2,180000,0,0,0,0,0,0,14,14,3061313,1,2,180000,0,0,0,0,0,0
201404,29,079,2,4,Grundy County                 ,0,0,0,0,0,0,0,0,0,0,0,0,0,0,0,0,0,0,0,0,0,0,0,0
201404,29,095,2,4,Jackson County                ,147,147,29278100,0,0,0,1,4,436000,2,24,892368,145,145,29042114,0,0,0,1,4,436000,2,24,892368
201404,29,099,2,4,Jefferson County              ,38,38,5567267,0,0,0,0,0,0,0,0,0,35,35,5209867,0,0,0,0,0,0,0,0,0
201404,29,105,2,4,Laclede County                ,1,1,325835,0,0,0,0,0,0,0,0,0,1,1,325835,0,0,0,0,0,0,0,0,0
201404,29,107,2,4,Lafayette County              ,3,3,706096,0,0,0,0,0,0,0,0,0,3,3,706096,0,0,0,0,0,0,0,0,0
201404,29,113,2,4,Lincoln County                ,5,5,454000,0,0,0,0,0,0,0,0,0,5,5,454000,0,0,0,0,0,0,0,0,0
201404,29,141,2,4,Morgan County                 ,4,4,1207550,0,0,0,0,0,0,0,0,0,4,4,1207550,0,0,0,0,0,0,0,0,0
201404,29,161,2,4,Phelps County                 ,8,8,965657,1,2,247159,0,0,0,0,0,0,0,0,0,0,0,0,0,0,0,0,0,0
201404,29,165,2,4,Platte County                 ,27,27,5183678,0,0,0,0,0,0,0,0,0,27,27,5183678,0,0,0,0,0,0,0,0,0
201404,29,175,2,4,Randolph County               ,3,3,265000,0,0,0,0,0,0,0,0,0,3,3,265000,0,0,0,0,0,0,0,0,0
201404,29,177,2,4,Ray County                    ,2,2,262952,0,0,0,0,0,0,0,0,0,0,0,0,0,0,0,0,0,0,0,0,0
201404,29,183,2,4,St. Charles County            ,145,145,35572610,0,0,0,1,4,288000,24,260,16682534,145,145,35572610,0,0,0,1,4,288000,24,260,16682534
201404,29,189,2,4,St. Louis County              ,69,69,25779647,0,0,0,0,0,0,0,0,0,26,26,8965759,0,0,0,0,0,0,0,0,0
201404,29,219,2,4,Warren County                 ,13,13,3096710,0,0,0,0,0,0,0,0,0,13,13,3096710,0,0,0,0,0,0,0,0,0
201404,29,221,2,4,Washington County             ,0,0,0,0,0,0,0,0,0,0,0,0,0,0,0,0,0,0,0,0,0,0,0,0
201404,29,510,2,4,St. Louis (Independent City)  ,1,1,171000,0,0,0,0,0,0,1,206,14361080,1,1,171000,0,0,0,0,0,0,1,206,14361080
201404,30,017,4,8,Custer County                 ,0,0,0,0,0,0,0,0,0,0,0,0,0,0,0,0,0,0,0,0,0,0,0,0
201404,30,023,4,8,Deer Lodge County             ,0,0,0,0,0,0,0,0,0,0,0,0,0,0,0,0,0,0,0,0,0,0,0,0
201404,30,033,4,8,Garfield County               ,0,0,0,0,0,0,0,0,0,0,0,0,0,0,0,0,0,0,0,0,0,0,0,0
201404,30,063,4,8,Missoula County               ,23,23,3465554,0,0,0,1,4,125023,2,42,1773925,14,14,1479373,0,0,0,1,4,125023,2,42,1773925
201404,30,067,4,8,Park County                   ,1,1,198511,0,0,0,0,0,0,0,0,0,0,0,0,0,0,0,0,0,0,0,0,0
201404,30,093,4,8,Silver Bow County             ,5,5,690228,0,0,0,3,12,541677,0,0,0,5,5,690228,0,0,0,3,12,541677,0,0,0
201404,31,025,2,4,Cass County                   ,5,5,871911,1,2,147843,0,0,0,0,0,0,5,5,871911,1,2,147843,0,0,0,0,0,0
201404,31,033,2,4,Cheyenne County               ,0,0,0,0,0,0,0,0,0,0,0,0,0,0,0,0,0,0,0,0,0,0,0,0
201404,31,055,2,4,Douglas County                ,165,165,25690689,0,0,0,0,0,0,6,238,16260593,160,160,24376046,0,0,0,0,0,0,6,238,16260593
201404,31,077,2,4,Greeley County                ,0,0,0,0,0,0,0,0,0,0,0,0,0,0,0,0,0,0,0,0,0,0,0,0
201404,31,105,2,4,Kimball County                ,0,0,0,0,0,0,0,0,0,0,0,0,0,0,0,0,0,0,0,0,0,0,0,0
201404,31,153,2,4,Sarpy County                  ,84,84,20184537,1,2,392910,0,0,0,1,5,585775,67,67,15617562,0,0,0,0,0,0,0,0,0
201404,31,155,2,4,Saunders County               ,8,8,1598849,0,0,0,0,0,0,0,0,0,7,7,1466849,0,0,0,0,0,0,0,0,0
201404,31,177,2,4,Washington County             ,15,15,2811066,0,0,0,0,0,0,0,0,0,15,15,2811066,0,0,0,0,0,0,0,0,0
201404,32,001,4,8,Churchill County              ,3,3,360177,0,0,0,0,0,0,0,0,0,3,3,360177,0,0,0,0,0,0,0,0,0
201404,32,003,4,8,Clark County                  ,607,607,112101421,0,0,0,1,4,601572,8,298,17732095,607,607,112101421,0,0,0,1,4,601572,8,298,17732095
201404,32,005,4,8,Douglas County                ,13,13,5122154,0,0,0,0,0,0,0,0,0,13,13,5122154,0,0,0,0,0,0,0,0,0
201404,32,007,4,8,Elko County                   ,15,15,2218422,0,0,0,0,0,0,4,60,6050240,15,15,2218422,0,0,0,0,0,0,4,60,6050240
201404,32,013,4,8,Humboldt County               ,5,5,870320,1,2,137801,0,0,0,0,0,0,0,0,0,1,2,137801,0,0,0,0,0,0
201404,32,015,4,8,Lander County                 ,1,1,121280,0,0,0,0,0,0,0,0,0,1,1,121280,0,0,0,0,0,0,0,0,0
201404,32,017,4,8,Lincoln County                ,1,1,262154,0,0,0,0,0,0,0,0,0,1,1,262154,0,0,0,0,0,0,0,0,0
201404,32,019,4,8,Lyon County                   ,10,10,2060686,0,0,0,0,0,0,0,0,0,8,8,1630686,0,0,0,0,0,0,0,0,0
201404,32,021,4,8,Mineral County                ,0,0,0,0,0,0,0,0,0,0,0,0,0,0,0,0,0,0,0,0,0,0,0,0
201404,32,027,4,8,Pershing County               ,0,0,0,0,0,0,0,0,0,0,0,0,0,0,0,0,0,0,0,0,0,0,0,0
201404,32,029,4,8,Storey County                 ,1,1,165055,0,0,0,0,0,0,0,0,0,0,0,0,0,0,0,0,0,0,0,0,0
201404,32,031,4,8,Washoe County                 ,91,91,22970976,0,0,0,0,0,0,9,80,9020232,91,91,22970976,0,0,0,0,0,0,9,80,9020232
201404,32,033,4,8,White Pine County             ,1,1,160000,0,0,0,0,0,0,0,0,0,1,1,160000,0,0,0,0,0,0,0,0,0
201404,32,510,4,8,Carson City (Independent City),2,2,771095,0,0,0,0,0,0,0,0,0,2,2,771095,0,0,0,0,0,0,0,0,0
201404,33,015,1,1,Rockingham County             ,73,73,18526372,1,2,200000,1,4,300000,2,13,5075375,57,57,15028266,1,2,200000,1,4,300000,1,8,4600000
201404,33,017,1,1,Strafford County              ,15,15,2726056,0,0,0,0,0,0,1,10,1092674,12,12,2174146,0,0,0,0,0,0,0,0,0
201404,34,001,1,2,Atlantic County               ,31,31,6417872,0,0,0,0,0,0,1,7,1537692,16,16,4019761,0,0,0,0,0,0,0,0,0
201404,34,003,1,2,Bergen County                 ,88,88,30269972,4,8,1297726,1,3,150,9,73,7926303,39,39,10909953,1,2,665500,1,3,150,0,0,0
201404,34,005,1,2,Burlington County             ,41,41,8807157,0,0,0,0,0,0,3,15,1134430,20,20,5037645,0,0,0,0,0,0,0,0,0
201404,34,007,1,2,Camden County                 ,14,14,2724982,1,2,100,0,0,0,6,47,2012020,5,5,1751437,1,2,100,0,0,0,3,15,472
201404,34,009,1,2,Cape May County               ,24,24,5640165,5,10,2076200,1,3,309750,0,0,0,19,19,4834423,5,10,2076200,0,0,0,0,0,0
201404,34,011,1,2,Cumberland County             ,19,19,2066406,0,0,0,0,0,0,0,0,0,1,1,90000,0,0,0,0,0,0,0,0,0
201404,34,013,1,2,Essex County                  ,23,23,6488511,1,2,130750,4,13,1948658,5,251,26441436,15,15,5401120,1,2,130750,2,6,421000,1,200,22242924
201404,34,015,1,2,Gloucester County             ,56,56,6034493,0,0,0,1,4,685646,1,20,892926,29,29,2940528,0,0,0,0,0,0,0,0,0
201404,34,017,1,2,Hudson County                 ,14,14,1978658,5,10,1561810,2,6,321213,6,216,18707395,4,4,976000,2,4,941000,0,0,0,1,8,2500000
201404,34,019,1,2,Hunterdon County              ,15,15,4377047,0,0,0,0,0,0,1,6,279074,12,12,3119300,0,0,0,0,0,0,0,0,35000
201404,34,021,1,2,Mercer County                 ,18,18,4317960,1,2,107125,1,4,151450,4,65,5744996,2,2,707491,0,0,0,0,0,0,0,0,0
201404,34,023,1,2,Middlesex County              ,73,73,12588729,0,0,0,0,0,0,4,46,1582846,61,61,10658110,0,0,0,0,0,0,1,8,100000
201404,34,025,1,2,Monmouth County               ,95,95,18495097,0,0,0,0,0,0,2,18,416786,44,44,10496000,0,0,0,0,0,0,0,0,0
201404,34,027,1,2,Morris County                 ,54,54,11799304,0,0,0,0,0,0,5,83,5517939,6,6,2581600,0,0,0,0,0,0,0,0,0
201404,34,029,1,2,Ocean County                  ,169,169,31371340,6,12,1137911,0,0,0,0,0,0,82,82,18297588,0,0,0,0,0,0,0,0,0
201404,34,031,1,2,Passaic County                ,15,15,2980561,1,2,160746,0,0,0,2,13,1359897,7,7,1213496,0,0,0,0,0,0,0,0,0
201404,34,033,1,2,Salem County                  ,6,6,835036,0,0,0,0,0,0,0,0,0,4,4,587750,0,0,0,0,0,0,0,0,0
201404,34,035,1,2,Somerset County               ,70,70,8219005,2,4,359558,0,0,0,2,44,2601955,54,54,4905300,1,2,166500,0,0,0,0,0,0
201404,34,037,1,2,Sussex County                 ,14,14,2845714,0,0,0,0,0,0,1,5,551250,2,2,354600,0,0,0,0,0,0,0,0,0
201404,34,039,1,2,Union County                  ,36,36,6497711,3,6,407525,0,0,0,5,51,2180763,18,18,3644766,0,0,0,0,0,0,0,0,0
201404,34,041,1,2,Warren County                 ,25,25,3415334,0,0,0,0,0,0,1,9,388609,16,16,2299535,0,0,0,0,0,0,0,0,0
201404,35,000,4,8,New Mexico Balance of State   ,55,55,14877412,0,0,0,0,0,0,0,0,0,55,55,14877412,0,0,0,0,0,0,0,0,0
201404,35,001,4,8,Bernalillo County             ,69,69,13034724,0,0,0,0,0,0,0,0,0,69,69,13034724,0,0,0,0,0,0,0,0,0
201404,35,005,4,8,Chaves County                 ,6,6,831527,0,0,0,0,0,0,0,0,0,6,6,831527,0,0,0,0,0,0,0,0,0
201404,35,007,4,8,Colfax County                 ,1,1,600000,0,0,0,0,0,0,0,0,0,1,1,600000,0,0,0,0,0,0,0,0,0
201404,35,009,4,8,Curry County                  ,13,13,2950721,0,0,0,0,0,0,0,0,0,13,13,2950721,0,0,0,0,0,0,0,0,0
201404,35,013,4,8,Dona Ana County               ,56,56,11620655,0,0,0,0,0,0,0,0,0,43,43,9246924,0,0,0,0,0,0,0,0,0
201404,35,015,4,8,Eddy County                   ,6,6,1493736,0,0,0,0,0,0,0,0,0,6,6,1493736,0,0,0,0,0,0,0,0,0
201404,35,017,4,8,Grant County                  ,0,0,0,0,0,0,0,0,0,0,0,0,0,0,0,0,0,0,0,0,0,0,0,0
201404,35,025,4,8,Lea County                    ,8,8,1811425,0,0,0,0,0,0,0,0,0,8,8,1811425,0,0,0,0,0,0,0,0,0
201404,35,027,4,8,Lincoln County                ,2,2,905171,0,0,0,0,0,0,0,0,0,2,2,905171,0,0,0,0,0,0,0,0,0
201404,35,028,4,8,Los Alamos County             ,0,0,0,0,0,0,0,0,0,0,0,0,0,0,0,0,0,0,0,0,0,0,0,0
201404,35,029,4,8,Luna County                   ,0,0,0,0,0,0,0,0,0,0,0,0,0,0,0,0,0,0,0,0,0,0,0,0
201404,35,031,4,8,McKinley County               ,0,0,0,0,0,0,0,0,0,0,0,0,0,0,0,0,0,0,0,0,0,0,0,0
201404,35,035,4,8,Otero County                  ,0,0,0,0,0,0,0,0,0,0,0,0,0,0,0,0,0,0,0,0,0,0,0,0
201404,35,039,4,8,Rio Arriba County             ,0,0,0,0,0,0,0,0,0,0,0,0,0,0,0,0,0,0,0,0,0,0,0,0
201404,35,041,4,8,Roosevelt County              ,3,3,481000,0,0,0,0,0,0,0,0,0,3,3,481000,0,0,0,0,0,0,0,0,0
201404,35,043,4,8,Sandoval County               ,72,72,13287994,0,0,0,1,3,251560,0,0,0,0,0,0,0,0,0,0,0,0,0,0,0
201404,35,045,4,8,San Juan County               ,18,18,3945906,0,0,0,0,0,0,0,0,0,10,10,2195630,0,0,0,0,0,0,0,0,0
201404,35,047,4,8,San Miguel County             ,0,0,0,0,0,0,0,0,0,0,0,0,0,0,0,0,0,0,0,0,0,0,0,0
201404,35,049,4,8,Santa Fe County               ,10,10,1951435,0,0,0,0,0,0,0,0,0,10,10,1951435,0,0,0,0,0,0,0,0,0
201404,35,051,4,8,Sierra County                 ,0,0,0,0,0,0,0,0,0,0,0,0,0,0,0,0,0,0,0,0,0,0,0,0
201404,35,053,4,8,Socorro County                ,1,1,134000,0,0,0,0,0,0,0,0,0,0,0,0,0,0,0,0,0,0,0,0,0
201404,35,055,4,8,Taos County                   ,6,6,657935,0,0,0,0,0,0,0,0,0,0,0,0,0,0,0,0,0,0,0,0,0
201404,35,061,4,8,Valencia County               ,7,7,758884,0,0,0,0,0,0,0,0,0,0,0,0,0,0,0,0,0,0,0,0,0
201404,36,005,1,2,Bronx County                  ,0,0,0,0,0,0,2,6,648384,7,305,30109600,0,0,0,0,0,0,2,6,648384,7,305,30109600
201404,36,047,1,2,Kings County                  ,0,0,0,25,50,6150075,11,35,3782240,15,883,87169760,0,0,0,25,50,6150075,11,35,3782240,15,883,87169760
201404,36,059,1,2,Nassau County                 ,47,47,22478935,0,0,0,0,0,0,0,0,0,43,43,21223896,0,0,0,0,0,0,0,0,0
201404,36,061,1,2,New York County               ,0,0,0,0,0,0,0,0,0,5,349,34453280,0,0,0,0,0,0,0,0,0,5,349,34453280
201404,36,079,1,2,Putnam County                 ,2,2,350000,0,0,0,0,0,0,0,0,0,2,2,350000,0,0,0,0,0,0,0,0,0
201404,36,081,1,2,Queens County                 ,26,26,6277087,17,34,4182051,4,15,1620960,6,169,16683680,26,26,6277087,17,34,4182051,4,15,1620960,6,169,16683680
201404,36,085,1,2,Richmond County               ,12,12,2897117,7,14,1722021,0,0,0,0,0,0,12,12,2897117,7,14,1722021,0,0,0,0,0,0
201404,36,087,1,2,Rockland County               ,12,12,3655463,0,0,0,2,7,534139,1,11,1053515,8,8,2526000,0,0,0,1,3,150000,0,0,0
201404,36,103,1,2,Suffolk County                ,75,75,38184442,2,4,678102,0,0,0,1,5,864875,61,61,32077291,0,0,0,0,0,0,0,0,0
201404,36,119,1,2,Westchester County            ,42,42,19028341,0,0,0,0,0,0,2,56,14497500,34,34,15941786,0,0,0,0,0,0,2,56,14497500
201404,37,003,3,5,Alexander County              ,8,8,3044440,0,0,0,0,0,0,0,0,0,8,8,3044440,0,0,0,0,0,0,0,0,0
201404,37,007,3,5,Anson County                  ,3,3,449595,0,0,0,0,0,0,0,0,0,0,0,0,0,0,0,0,0,0,0,0,0
201404,37,009,3,5,Ashe County                   ,6,6,1903000,0,0,0,0,0,0,0,0,0,6,6,1903000,0,0,0,0,0,0,0,0,0
201404,37,011,3,5,Avery County                  ,6,6,2108000,0,0,0,0,0,0,0,0,0,6,6,2108000,0,0,0,0,0,0,0,0,0
201404,37,019,3,5,Brunswick County              ,181,181,36414340,0,0,0,0,0,0,0,0,0,87,87,19521311,0,0,0,0,0,0,0,0,0
201404,37,025,3,5,Cabarrus County               ,107,107,16274031,0,0,0,0,0,0,0,0,0,107,107,16274031,0,0,0,0,0,0,0,0,0
201404,37,027,3,5,Caldwell County               ,7,7,1323290,0,0,0,0,0,0,4,64,3929000,7,7,1323290,0,0,0,0,0,0,4,64,3929000
201404,37,037,3,5,Chatham County                ,46,46,11687466,0,0,0,0,0,0,0,0,0,0,0,0,0,0,0,0,0,0,0,0,0
201404,37,039,3,5,Cherokee County               ,10,10,1646229,0,0,0,0,0,0,0,0,0,10,10,1646229,0,0,0,0,0,0,0,0,0
201404,37,049,3,5,Craven County                 ,27,27,3746668,0,0,0,0,0,0,0,0,0,10,10,1831451,0,0,0,0,0,0,0,0,0
201404,37,053,3,5,Currituck County              ,22,22,6526457,0,0,0,0,0,0,0,0,0,0,0,0,0,0,0,0,0,0,0,0,0
201404,37,059,3,5,Davie County                  ,8,8,1982857,0,0,0,0,0,0,0,0,0,8,8,1982857,0,0,0,0,0,0,0,0,0
201404,37,063,3,5,Durham County                 ,114,114,20686736,0,0,0,0,0,0,0,0,0,114,114,20686736,0,0,0,0,0,0,0,0,0
201404,37,067,3,5,Forsyth County                ,90,90,14078461,0,0,0,0,0,0,1,120,9070500,85,85,13357771,0,0,0,0,0,0,1,120,9070500
201404,37,069,3,5,Franklin County               ,23,23,4631944,0,0,0,0,0,0,0,0,0,23,23,4631944,0,0,0,0,0,0,0,0,0
201404,37,071,3,5,Gaston County                 ,42,42,10035652,0,0,0,0,0,0,0,0,0,42,42,10035652,0,0,0,0,0,0,0,0,0
201404,37,081,3,5,Guilford County               ,96,96,24302700,0,0,0,0,0,0,4,113,16971959,67,67,18307263,0,0,0,0,0,0,4,113,16971959
201404,37,089,3,5,Henderson County              ,49,49,8178888,0,0,0,0,0,0,0,0,0,49,49,8178888,0,0,0,0,0,0,0,0,0
201404,37,093,3,5,Hoke County                   ,27,27,5821043,0,0,0,0,0,0,0,0,0,27,27,5821043,0,0,0,0,0,0,0,0,0
201404,37,097,3,5,Iredell County                ,63,63,20360981,0,0,0,0,0,0,0,0,0,63,63,20360981,0,0,0,0,0,0,0,0,0
201404,37,099,3,5,Jackson County                ,8,8,1625460,0,0,0,0,0,0,0,0,0,8,8,1625460,0,0,0,0,0,0,0,0,0
201404,37,101,3,5,Johnston County               ,107,107,19604304,0,0,0,0,0,0,0,0,0,106,106,19435345,0,0,0,0,0,0,0,0,0
201404,37,105,3,5,Lee County                    ,7,7,1897195,0,0,0,0,0,0,0,0,0,7,7,1897195,0,0,0,0,0,0,0,0,0
201404,37,109,3,5,Lincoln County                ,23,23,4751838,1,2,151000,1,3,320051,0,0,0,0,0,0,0,0,0,0,0,0,0,0,0
201404,37,113,3,5,Macon County                  ,10,10,3761290,0,0,0,0,0,0,0,0,0,10,10,3761290,0,0,0,0,0,0,0,0,0
201404,37,119,3,5,Mecklenburg County            ,378,378,81494609,3,6,658776,0,0,0,9,426,38176774,378,378,81494609,3,6,658776,0,0,0,9,426,38176774
201404,37,127,3,5,Nash County                   ,14,14,2761039,0,0,0,0,0,0,0,0,0,1,1,67000,0,0,0,0,0,0,0,0,0
201404,37,129,3,5,New Hanover County            ,90,90,27450709,0,0,0,1,3,450176,2,89,11476532,5,5,1610024,0,0,0,0,0,0,0,0,0
201404,37,135,3,5,Orange County                 ,14,14,5754310,0,0,0,0,0,0,0,0,0,14,14,5754310,0,0,0,0,0,0,0,0,0
201404,37,137,3,5,Pamlico County                ,5,5,1420000,0,0,0,0,0,0,0,0,0,5,5,1420000,0,0,0,0,0,0,0,0,0
201404,37,141,3,5,Pender County                 ,36,36,4965291,1,2,240000,0,0,0,0,0,0,6,6,693802,1,2,240000,0,0,0,0,0,0
201404,37,145,3,5,Person County                 ,2,2,250000,0,0,0,0,0,0,0,0,0,2,2,250000,0,0,0,0,0,0,0,0,0
201404,37,147,3,5,Pitt County                   ,23,23,3691530,3,6,530000,0,0,0,0,0,0,11,11,1446790,3,6,530000,0,0,0,0,0,0
201404,37,149,3,5,Polk County                   ,7,7,1442983,0,0,0,0,0,0,0,0,0,7,7,1442983,0,0,0,0,0,0,0,0,0
201404,37,151,3,5,Randolph County               ,24,24,5074935,0,0,0,0,0,0,0,0,0,24,24,5074935,0,0,0,0,0,0,0,0,0
201404,37,157,3,5,Rockingham County             ,12,12,2418229,0,0,0,0,0,0,0,0,0,12,12,2418229,0,0,0,0,0,0,0,0,0
201404,37,159,3,5,Rowan County                  ,18,18,6268381,0,0,0,0,0,0,0,0,0,18,18,6268381,0,0,0,0,0,0,0,0,0
201404,37,163,3,5,Sampson County                ,6,6,885000,0,0,0,0,0,0,0,0,0,6,6,885000,0,0,0,0,0,0,0,0,0
201404,37,167,3,5,Stanly County                 ,8,8,1315923,0,0,0,0,0,0,0,0,0,8,8,1315923,0,0,0,0,0,0,0,0,0
201404,37,171,3,5,Surry County                  ,6,6,790592,0,0,0,0,0,0,0,0,0,6,6,790592,0,0,0,0,0,0,0,0,0
201404,37,175,3,5,Transylvania County           ,6,6,1854752,0,0,0,0,0,0,0,0,0,6,6,1854752,0,0,0,0,0,0,0,0,0
201404,37,179,3,5,Union County                  ,144,144,26924288,0,0,0,0,0,0,0,0,0,144,144,26924288,0,0,0,0,0,0,0,0,0
201404,37,181,3,5,Vance County                  ,2,2,366000,0,0,0,0,0,0,0,0,0,2,2,366000,0,0,0,0,0,0,0,0,0
201404,37,183,3,5,Wake County                   ,544,544,122189896,0,0,0,0,0,0,4,300,32152225,504,504,113956602,0,0,0,0,0,0,4,300,32152225
201404,37,195,3,5,Wilson County                 ,18,18,4912712,0,0,0,0,0,0,0,0,0,18,18,4912712,0,0,0,0,0,0,0,0,0
201404,39,015,2,3,Brown County                  ,6,6,955978,0,0,0,0,0,0,0,0,0,0,0,0,0,0,0,0,0,0,0,0,0
201404,39,017,2,3,Butler County                 ,49,49,10276109,0,0,0,0,0,0,2,24,2920000,42,42,9253649,0,0,0,0,0,0,2,24,2920000
201404,39,025,2,3,Clermont County               ,31,31,5939882,0,0,0,0,0,0,1,15,1139519,0,0,0,0,0,0,0,0,0,0,0,0
201404,39,035,2,3,Cuyahoga County               ,64,64,15205314,0,0,0,1,3,136408,2,16,1989198,37,37,10299864,0,0,0,0,0,0,0,0,0
201404,39,041,2,3,Delaware County               ,69,69,14339413,0,0,0,0,0,0,0,0,0,63,63,13135150,0,0,0,0,0,0,0,0,0
201404,39,045,2,3,Fairfield County              ,30,30,7098810,0,0,0,0,0,0,0,0,0,17,17,4016844,0,0,0,0,0,0,0,0,0
201404,39,049,2,3,Franklin County               ,128,128,31814743,0,0,0,8,25,2164000,12,181,19652180,117,117,28675896,0,0,0,8,25,2164000,12,181,19652180
201404,39,055,2,3,Geauga County                 ,21,21,5638321,0,0,0,0,0,0,0,0,0,21,21,5638321,0,0,0,0,0,0,0,0,0
201404,39,061,2,3,Hamilton County               ,49,49,10574981,0,0,0,0,0,0,1,26,15700000,9,9,1660959,0,0,0,0,0,0,1,26,15700000
201404,39,085,2,3,Lake County                   ,25,25,5628037,0,0,0,2,8,1600000,0,0,0,11,11,2198854,0,0,0,2,8,1600000,0,0,0
201404,39,089,2,3,Licking County                ,27,27,5457824,0,0,0,1,4,406523,0,0,0,0,0,0,0,0,0,1,4,406523,0,0,0
201404,39,093,2,3,Lorain County                 ,83,83,21202154,0,0,0,1,3,252000,0,0,0,48,48,16723267,0,0,0,0,0,0,0,0,0
201404,39,097,2,3,Madison County                ,3,3,500303,0,0,0,0,0,0,0,0,0,0,0,0,0,0,0,0,0,0,0,0,0
201404,39,103,2,3,Medina County                 ,42,42,9373399,0,0,0,0,0,0,2,14,875000,42,42,9373399,0,0,0,0,0,0,2,14,875000
201404,39,117,2,3,Morrow County                 ,2,2,438135,0,0,0,0,0,0,0,0,0,0,0,0,0,0,0,0,0,0,0,0,0
201404,39,129,2,3,Pickaway County               ,1,1,188125,0,0,0,0,0,0,0,0,0,0,0,0,0,0,0,0,0,0,0,0,0
201404,39,159,2,3,Union County                  ,44,44,10356073,0,0,0,0,0,0,0,0,0,44,44,10356073,0,0,0,0,0,0,0,0,0
201404,39,165,2,3,Warren County                 ,77,77,20163049,1,2,250000,1,4,1024330,0,0,0,65,65,17092551,1,2,250000,1,4,1024330,0,0,0
201404,39,169,2,3,Wayne County                  ,21,21,4653000,2,4,445000,0,0,0,0,0,0,21,21,4653000,2,4,445000,0,0,0,0,0,0
201404,40,017,3,7,Canadian County               ,21,21,4530315,0,0,0,0,0,0,0,0,0,7,7,1211584,0,0,0,0,0,0,0,0,0
201404,40,021,3,7,Cherokee County               ,3,3,393715,0,0,0,0,0,0,1,5,244048,0,0,0,0,0,0,0,0,0,0,0,0
201404,40,027,3,7,Cleveland County              ,100,100,17927047,0,0,0,0,0,0,6,97,9976069,99,99,17757050,0,0,0,0,0,0,6,97,9976069
201404,40,029,3,7,Coal County                   ,0,0,0,0,0,0,0,0,0,0,0,0,0,0,0,0,0,0,0,0,0,0,0,0
201404,40,037,3,7,Creek County                  ,9,9,1201606,0,0,0,0,0,0,0,0,0,2,2,150000,0,0,0,0,0,0,0,0,0
201404,40,051,3,7,Grady County                  ,7,7,1385727,1,2,200000,0,0,0,0,0,0,0,0,0,0,0,0,0,0,0,0,0,0
201404,40,081,3,7,Lincoln County                ,0,0,0,0,0,0,0,0,0,0,0,0,0,0,0,0,0,0,0,0,0,0,0,0
201404,40,083,3,7,Logan County                  ,0,0,0,0,0,0,0,0,0,0,0,0,0,0,0,0,0,0,0,0,0,0,0,0
201404,40,087,3,7,McClain County                ,29,29,4637161,0,0,0,0,0,0,0,0,0,6,6,179166,0,0,0,0,0,0,0,0,0
201404,40,099,3,7,Murray County                 ,1,1,180000,0,0,0,0,0,0,0,0,0,1,1,180000,0,0,0,0,0,0,0,0,0
201404,40,109,3,7,Oklahoma County               ,391,391,90386541,0,0,0,2,8,800000,3,84,4690000,387,387,89521067,0,0,0,2,8,800000,3,84,4690000
201404,40,111,3,7,Okmulgee County               ,0,0,0,0,0,0,0,0,0,0,0,0,0,0,0,0,0,0,0,0,0,0,0,0
201404,40,113,3,7,Osage County                  ,12,12,2387758,0,0,0,0,0,0,0,0,0,12,12,2387758,0,0,0,0,0,0,0,0,0
201404,40,117,3,7,Pawnee County                 ,0,0,0,0,0,0,0,0,0,0,0,0,0,0,0,0,0,0,0,0,0,0,0,0
201404,40,131,3,7,Rogers County                 ,38,38,6043204,1,2,160000,0,0,0,0,0,0,37,37,5929050,1,2,160000,0,0,0,0,0,0
201404,40,143,3,7,Tulsa County                  ,210,210,48213654,0,0,0,0,0,0,0,0,0,209,209,48150654,0,0,0,0,0,0,0,0,0
201404,40,145,3,7,Wagoner County                ,36,36,5549060,0,0,0,0,0,0,0,0,0,36,36,5549060,0,0,0,0,0,0,0,0,0
201404,41,000,4,9,Oregon Balance of State       ,10,10,2085723,0,0,0,0,0,0,0,0,0,10,10,2085723,0,0,0,0,0,0,0,0,0
201404,41,001,4,9,Baker County                  ,2,2,498647,0,0,0,0,0,0,0,0,0,0,0,0,0,0,0,0,0,0,0,0,0
201404,41,005,4,9,Clackamas County              ,122,122,34910167,1,2,394161,1,4,724603,0,0,0,104,104,31575357,1,2,394161,1,4,724603,0,0,0
201404,41,009,4,9,Columbia County               ,6,6,1610603,0,0,0,0,0,0,0,0,0,2,2,518561,0,0,0,0,0,0,0,0,0
201404,41,017,4,9,Deschutes County              ,115,115,31282957,0,0,0,1,3,822368,2,14,1368271,34,34,11239818,0,0,0,0,0,0,0,0,0
201404,41,019,4,9,Douglas County                ,15,15,3527169,0,0,0,0,0,0,0,0,0,15,15,3527169,0,0,0,0,0,0,0,0,0
201404,41,025,4,9,Harney County                 ,0,0,0,0,0,0,0,0,0,0,0,0,0,0,0,0,0,0,0,0,0,0,0,0
201404,41,033,4,9,Josephine County              ,12,12,3013355,0,0,0,0,0,0,0,0,0,12,12,3013355,0,0,0,0,0,0,0,0,0
201404,41,035,4,9,Klamath County                ,4,4,847615,0,0,0,0,0,0,0,0,0,4,4,847615,0,0,0,0,0,0,0,0,0
201404,41,045,4,9,Malheur County                ,2,2,383529,0,0,0,0,0,0,0,0,0,1,1,273341,0,0,0,0,0,0,0,0,0
201404,41,051,4,9,Multnomah County              ,50,50,13016678,4,8,1218738,0,0,0,5,549,99356446,50,50,13016678,4,8,1218738,0,0,0,5,549,99356446
201404,41,057,4,9,Tillamook County              ,5,5,1553807,0,0,0,0,0,0,0,0,0,5,5,1553807,0,0,0,0,0,0,0,0,0
201404,41,059,4,9,Umatilla County               ,7,7,1283899,0,0,0,0,0,0,0,0,0,3,3,487162,0,0,0,0,0,0,0,0,0
201404,41,061,4,9,Union County                  ,4,4,1109654,0,0,0,0,0,0,0,0,0,4,4,1109654,0,0,0,0,0,0,0,0,0
201404,41,063,4,9,Wallowa County                ,0,0,0,0,0,0,0,0,0,0,0,0,0,0,0,0,0,0,0,0,0,0,0,0
201404,41,067,4,9,Washington County             ,125,125,33258996,2,4,707072,0,0,0,5,87,10345000,122,122,32187714,2,4,707072,0,0,0,5,87,10345000
201404,41,071,4,9,Yamhill County                ,17,17,3523251,0,0,0,0,0,0,0,0,0,8,8,1635332,0,0,0,0,0,0,0,0,0
201404,42,001,1,2,Adams County                  ,16,16,3962839,0,0,0,0,0,0,0,0,0,16,16,3962839,0,0,0,0,0,0,0,0,0
201404,42,003,1,2,Allegheny County              ,131,131,32607220,0,0,0,1,4,600000,4,84,8135527,102,102,27162568,0,0,0,1,4,600000,2,52,6140305
201404,42,005,1,2,Armstrong County              ,4,4,801125,0,0,0,0,0,0,0,0,0,1,1,350000,0,0,0,0,0,0,0,0,0
201404,42,007,1,2,Beaver County                 ,12,12,2931957,0,0,0,0,0,0,0,0,0,10,10,2614416,0,0,0,0,0,0,0,0,0
201404,42,017,1,2,Bucks County                  ,86,86,14847968,0,0,0,0,0,0,0,0,0,70,70,11751496,0,0,0,0,0,0,0,0,0
201404,42,019,1,2,Butler County                 ,53,53,14176587,0,0,0,0,0,0,0,0,0,47,47,12937348,0,0,0,0,0,0,0,0,0
201404,42,025,1,2,Carbon County                 ,9,9,1698763,0,0,0,0,0,0,0,0,0,8,8,1505500,0,0,0,0,0,0,0,0,0
201404,42,029,1,2,Chester County                ,64,64,11725475,0,0,0,0,0,0,1,205,18100000,51,51,9337067,0,0,0,0,0,0,1,205,18100000
201404,42,045,1,2,Delaware County               ,17,17,4011909,0,0,0,0,0,0,1,8,789760,9,9,2323559,0,0,0,0,0,0,1,8,789760
201404,42,051,1,2,Fayette County                ,17,17,3939323,0,0,0,0,0,0,0,0,0,2,2,431000,0,0,0,0,0,0,0,0,0
201404,42,055,1,2,Franklin County               ,44,44,8078278,0,0,0,0,0,0,0,0,0,34,34,6497945,0,0,0,0,0,0,0,0,0
201404,42,065,1,2,Jefferson County              ,4,4,603925,0,0,0,0,0,0,0,0,0,4,4,603925,0,0,0,0,0,0,0,0,0
201404,42,077,1,2,Lehigh County                 ,47,47,8864753,0,0,0,0,0,0,0,0,0,30,30,5284550,0,0,0,0,0,0,0,0,0
201404,42,091,1,2,Montgomery County             ,90,90,17123559,0,0,0,0,0,0,1,8,967742,83,83,15745402,0,0,0,0,0,0,0,0,0
201404,42,095,1,2,Northampton County            ,35,35,6873834,0,0,0,1,3,675000,0,0,0,27,27,5262316,0,0,0,0,0,0,0,0,0
201404,42,101,1,2,Philadelphia County           ,72,72,17382701,13,26,2943900,3,10,671200,10,592,156030001,72,72,17382701,13,26,2943900,3,10,671200,10,592,156030001
201404,42,103,1,2,Pike County                   ,6,6,2227888,0,0,0,0,0,0,0,0,0,5,5,1994000,0,0,0,0,0,0,0,0,0
201404,42,125,1,2,Washington County             ,29,29,6184251,0,0,0,4,12,1278024,1,5,593288,11,11,2342471,0,0,0,1,3,137000,0,0,0
201404,42,129,1,2,Westmoreland County           ,37,37,9094657,2,4,700000,0,0,0,0,0,0,14,14,3647778,1,2,400000,0,0,0,0,0,0
201404,44,001,1,1,Bristol County                ,1,1,350000,0,0,0,0,0,0,0,0,0,1,1,350000,0,0,0,0,0,0,0,0,0
201404,44,003,1,1,Kent County                   ,9,9,1577659,0,0,0,0,0,0,0,0,0,4,4,626840,0,0,0,0,0,0,0,0,0
201404,44,005,1,1,Newport County                ,13,13,2585885,0,0,0,0,0,0,0,0,0,13,13,2585885,0,0,0,0,0,0,0,0,0
201404,44,007,1,1,Providence County             ,30,30,5437883,0,0,0,0,0,0,0,0,0,28,28,4974969,0,0,0,0,0,0,0,0,0
201404,44,009,1,1,Washington County             ,19,19,4654718,2,4,368899,0,0,0,0,0,0,13,13,2646835,0,0,0,0,0,0,0,0,0
201404,45,003,3,5,Aiken County                  ,53,53,11261822,0,0,0,0,0,0,0,0,0,45,45,9760220,0,0,0,0,0,0,0,0,0
201404,45,009,3,5,Bamberg County                ,0,0,0,0,0,0,0,0,0,0,0,0,0,0,0,0,0,0,0,0,0,0,0,0
201404,45,015,3,5,Berkeley County               ,100,100,24194707,0,0,0,0,0,0,1,5,150600,15,15,4096813,0,0,0,0,0,0,0,0,0
201404,45,017,3,5,Calhoun County                ,2,2,368000,0,0,0,0,0,0,0,0,0,2,2,368000,0,0,0,0,0,0,0,0,0
201404,45,019,3,5,Charleston County             ,189,189,44962467,0,0,0,0,0,0,2,72,5677698,59,59,13333213,0,0,0,0,0,0,0,0,0
201404,45,035,3,5,Dorchester County             ,58,58,14313934,0,0,0,0,0,0,0,0,0,57,57,14206434,0,0,0,0,0,0,0,0,0
201404,45,039,3,5,Fairfield County              ,4,4,463991,0,0,0,0,0,0,0,0,0,0,0,0,0,0,0,0,0,0,0,0,0
201404,45,041,3,5,Florence County               ,26,26,3823506,1,2,90292,0,0,0,1,5,300000,0,0,0,0,0,0,0,0,0,0,0,0
201404,45,045,3,5,Greenville County             ,203,203,45213301,0,0,0,0,0,0,8,336,26608650,201,201,45033308,0,0,0,0,0,0,8,336,26608650
201404,45,047,3,5,Greenwood County              ,8,8,1126088,0,0,0,0,0,0,0,0,0,8,8,1126088,0,0,0,0,0,0,0,0,0
201404,45,055,3,5,Kershaw County                ,13,13,1853318,0,0,0,0,0,0,0,0,0,12,12,1740306,0,0,0,0,0,0,0,0,0
201404,45,059,3,5,Laurens County                ,10,10,1218185,0,0,0,0,0,0,0,0,0,10,10,1218185,0,0,0,0,0,0,0,0,0
201404,45,063,3,5,Lexington County              ,140,140,32673624,0,0,0,0,0,0,1,5,463134,24,24,3326890,0,0,0,0,0,0,0,0,0
201404,45,077,3,5,Pickens County                ,45,45,9470396,0,0,0,0,0,0,1,23,1972353,9,9,1538764,0,0,0,0,0,0,0,0,0
201404,45,079,3,5,Richland County               ,131,131,16965957,0,0,0,0,0,0,2,39,2201268,16,16,2615670,0,0,0,0,0,0,0,0,0
201404,45,081,3,5,Saluda County                 ,4,4,907642,0,0,0,0,0,0,0,0,0,4,4,907642,0,0,0,0,0,0,0,0,0
201404,45,085,3,5,Sumter County                 ,16,16,2027703,0,0,0,0,0,0,0,0,0,16,16,2027703,0,0,0,0,0,0,0,0,0
201404,45,091,3,5,York County                   ,148,148,42206117,0,0,0,0,0,0,2,33,3652791,47,47,13849766,0,0,0,0,0,0,1,24,2638108
201404,46,005,2,4,Beadle County                 ,2,2,490582,0,0,0,0,0,0,0,0,0,2,2,490582,0,0,0,0,0,0,0,0,0
201404,46,069,2,4,Hyde County                   ,0,0,0,0,0,0,0,0,0,0,0,0,0,0,0,0,0,0,0,0,0,0,0,0
201404,46,121,2,4,Todd County                   ,0,0,0,0,0,0,0,0,0,0,0,0,0,0,0,0,0,0,0,0,0,0,0,0
201404,47,011,3,6,Bradley County                ,17,17,2026200,0,0,0,2,7,945000,0,0,0,17,17,2026200,0,0,0,2,7,945000,0,0,0
201404,47,015,3,6,Cannon County                 ,1,1,126190,0,0,0,0,0,0,0,0,0,0,0,0,0,0,0,0,0,0,0,0,0
201404,47,021,3,6,Cheatham County               ,6,6,1114888,0,0,0,0,0,0,0,0,0,5,5,904200,0,0,0,0,0,0,0,0,0
201404,47,037,3,6,Davidson County               ,218,218,53450887,6,12,966946,0,0,0,2,262,28516110,218,218,53450887,6,12,966946,0,0,0,2,262,28516110
201404,47,039,3,6,Decatur County                ,0,0,0,0,0,0,0,0,0,0,0,0,0,0,0,0,0,0,0,0,0,0,0,0
201404,47,043,3,6,Dickson County                ,7,7,1608281,0,0,0,0,0,0,8,64,4843098,7,7,1608281,0,0,0,0,0,0,8,64,4843098
201404,47,047,3,6,Fayette County                ,24,24,6675000,0,0,0,0,0,0,0,0,0,24,24,6675000,0,0,0,0,0,0,0,0,0
201404,47,063,3,6,Hamblen County                ,5,5,957787,0,0,0,0,0,0,0,0,0,2,2,400000,0,0,0,0,0,0,0,0,0
201404,47,071,3,6,Hardin County                 ,0,0,0,0,0,0,0,0,0,0,0,0,0,0,0,0,0,0,0,0,0,0,0,0
201404,47,081,3,6,Hickman County                ,0,0,0,0,0,0,0,0,0,0,0,0,0,0,0,0,0,0,0,0,0,0,0,0
201404,47,091,3,6,Johnson County                ,0,0,0,0,0,0,0,0,0,0,0,0,0,0,0,0,0,0,0,0,0,0,0,0
201404,47,093,3,6,Knox County                   ,80,80,14312159,3,6,997000,0,0,0,0,0,0,80,80,14312159,3,6,997000,0,0,0,0,0,0
201404,47,111,3,6,Macon County                  ,0,0,0,0,0,0,0,0,0,0,0,0,0,0,0,0,0,0,0,0,0,0,0,0
201404,47,113,3,6,Madison County                ,22,22,4064744,0,0,0,0,0,0,0,0,0,22,22,4064744,0,0,0,0,0,0,0,0,0
201404,47,125,3,6,Montgomery County             ,99,99,13475109,1,2,115000,0,0,0,0,0,0,99,99,13475109,1,2,115000,0,0,0,0,0,0
201404,47,141,3,6,Putnam County                 ,55,55,6632897,5,10,690000,2,6,486400,2,48,3000000,55,55,6632897,5,10,690000,2,6,486400,2,48,3000000
201404,47,147,3,6,Robertson County              ,21,21,3039689,0,0,0,2,8,480000,0,0,0,19,19,2723298,0,0,0,2,8,480000,0,0,0
201404,47,149,3,6,Rutherford County             ,405,405,69658804,0,0,0,0,0,0,0,0,0,400,400,68772913,0,0,0,0,0,0,0,0,0
201404,47,157,3,6,Shelby County                 ,79,79,19499772,0,0,0,0,0,0,0,0,0,79,79,19499772,0,0,0,0,0,0,0,0,0
201404,47,159,3,6,Smith County                  ,6,6,1293565,0,0,0,0,0,0,0,0,0,6,6,1293565,0,0,0,0,0,0,0,0,0
201404,47,165,3,6,Sumner County                 ,64,64,11013463,0,0,0,0,0,0,0,0,0,30,30,5256296,0,0,0,0,0,0,0,0,0
201404,47,167,3,6,Tipton County                 ,10,10,1831866,0,0,0,0,0,0,0,0,0,5,5,1144550,0,0,0,0,0,0,0,0,0
201404,47,169,3,6,Trousdale County              ,8,8,1018000,0,0,0,0,0,0,0,0,0,8,8,1018000,0,0,0,0,0,0,0,0,0
201404,47,179,3,6,Washington County             ,31,31,6568461,0,0,0,0,0,0,0,0,0,31,31,6568461,0,0,0,0,0,0,0,0,0
201404,47,187,3,6,Williamson County             ,127,127,32557400,0,0,0,0,0,0,0,0,0,108,108,28520534,0,0,0,0,0,0,0,0,0
201404,47,189,3,6,Wilson County                 ,84,84,23621987,0,0,0,0,0,0,0,0,0,84,84,23621987,0,0,0,0,0,0,0,0,0
201404,48,013,3,7,Atascosa County               ,7,7,1278904,1,2,135000,0,0,0,0,0,0,2,2,474254,0,0,0,0,0,0,0,0,0
201404,48,015,3,7,Austin County                 ,2,2,338732,0,0,0,0,0,0,0,0,0,0,0,0,0,0,0,0,0,0,0,0,0
201404,48,019,3,7,Bandera County                ,0,0,0,0,0,0,0,0,0,0,0,0,0,0,0,0,0,0,0,0,0,0,0,0
201404,48,021,3,7,Bastrop County                ,3,3,427620,0,0,0,0,0,0,0,0,0,3,3,427620,0,0,0,0,0,0,0,0,0
201404,48,029,3,7,Bexar County                  ,286,286,61854620,0,0,0,0,0,0,8,43,4352999,235,235,52906602,0,0,0,0,0,0,7,35,2648205
201404,48,039,3,7,Brazoria County               ,195,195,41301137,3,6,540000,0,0,0,0,0,0,188,188,40230198,3,6,540000,0,0,0,0,0,0
201404,48,041,3,7,Brazos County                 ,109,109,16906043,0,0,0,0,0,0,14,298,19790972,109,109,16906043,0,0,0,0,0,0,14,298,19790972
201404,48,055,3,7,Caldwell County               ,3,3,219994,0,0,0,0,0,0,0,0,0,2,2,120000,0,0,0,0,0,0,0,0,0
201404,48,063,3,7,Camp County                   ,1,1,175000,0,0,0,0,0,0,0,0,0,1,1,175000,0,0,0,0,0,0,0,0,0
201404,48,071,3,7,Chambers County               ,29,29,5838755,0,0,0,0,0,0,0,0,0,19,19,3956570,0,0,0,0,0,0,0,0,0
201404,48,085,3,7,Collin County                 ,615,615,186152579,1,2,280840,0,0,0,29,992,83169070,567,567,167258361,1,2,280840,0,0,0,29,992,83169070
201404,48,091,3,7,Comal County                  ,186,186,39953093,0,0,0,0,0,0,0,0,0,186,186,39953093,0,0,0,0,0,0,0,0,0
201404,48,113,3,7,Dallas County                 ,322,322,89387182,2,4,824421,2,7,743425,10,748,46273118,191,191,59027175,0,0,0,2,7,743425,0,0,0
201404,48,117,3,7,Deaf Smith County             ,1,1,88667,0,0,0,0,0,0,0,0,0,0,0,0,0,0,0,0,0,0,0,0,0
201404,48,119,3,7,Delta County                  ,1,1,215594,0,0,0,0,0,0,0,0,0,1,1,215594,0,0,0,0,0,0,0,0,0
201404,48,121,3,7,Denton County                 ,273,273,90104618,0,0,0,0,0,0,5,34,2197874,250,250,85895301,0,0,0,0,0,0,5,34,2197874
201404,48,133,3,7,Eastland County               ,0,0,0,0,0,0,0,0,0,0,0,0,0,0,0,0,0,0,0,0,0,0,0,0
201404,48,135,3,7,Ector County                  ,18,18,5588330,0,0,0,0,0,0,0,0,0,18,18,5588330,0,0,0,0,0,0,0,0,0
201404,48,139,3,7,Ellis County                  ,93,93,14859309,0,0,0,0,0,0,0,0,0,93,93,14859309,0,0,0,0,0,0,0,0,0
201404,48,157,3,7,Fort Bend County              ,746,746,93650465,0,0,0,0,0,0,2,27,1527328,93,93,30849819,0,0,0,0,0,0,0,0,0
201404,48,167,3,7,Galveston County              ,265,265,51995054,0,0,0,0,0,0,0,0,0,257,257,50359792,0,0,0,0,0,0,0,0,0
201404,48,187,3,7,Guadalupe County              ,80,80,19263044,0,0,0,0,0,0,0,0,0,72,72,17895180,0,0,0,0,0,0,0,0,0
201404,48,201,3,7,Harris County                 ,1765,1765,399319087,4,8,658000,0,0,0,67,2400,196272523,1733,1733,390541332,4,8,658000,0,0,0,67,2400,196272523
201404,48,209,3,7,Hays County                   ,141,141,25585037,0,0,0,0,0,0,17,173,11611000,76,76,14015773,0,0,0,0,0,0,0,0,0
201404,48,215,3,7,Hidalgo County                ,264,264,24524672,4,8,360000,8,32,2009000,1,5,250000,257,257,23912692,4,8,360000,8,32,2009000,1,5,250000
201404,48,231,3,7,Hunt County                   ,5,5,836760,0,0,0,1,3,45000,0,0,0,4,4,658160,0,0,0,1,3,45000,0,0,0
201404,48,233,3,7,Hutchinson County             ,0,0,0,0,0,0,0,0,0,0,0,0,0,0,0,0,0,0,0,0,0,0,0,0
201404,48,251,3,7,Johnson County                ,85,85,15879436,0,0,0,0,0,0,0,0,0,62,62,12018505,0,0,0,0,0,0,0,0,0
201404,48,257,3,7,Kaufman County                ,26,26,3873331,0,0,0,0,0,0,0,0,0,25,25,3714352,0,0,0,0,0,0,0,0,0
201404,48,259,3,7,Kendall County                ,37,37,8883555,0,0,0,0,0,0,0,0,0,24,24,6102070,0,0,0,0,0,0,0,0,0
201404,48,271,3,7,Kinney County                 ,0,0,0,0,0,0,0,0,0,0,0,0,0,0,0,0,0,0,0,0,0,0,0,0
201404,48,291,3,7,Liberty County                ,20,20,2613226,0,0,0,0,0,0,0,0,0,5,5,544344,0,0,0,0,0,0,0,0,0
201404,48,307,3,7,McCulloch County              ,0,0,0,0,0,0,0,0,0,0,0,0,0,0,0,0,0,0,0,0,0,0,0,0
201404,48,323,3,7,Maverick County               ,9,9,769458,0,0,0,0,0,0,0,0,0,9,9,769458,0,0,0,0,0,0,0,0,0
201404,48,325,3,7,Medina County                 ,2,2,320000,0,0,0,0,0,0,0,0,0,2,2,320000,0,0,0,0,0,0,0,0,0
201404,48,329,3,7,Midland County                ,76,76,16883900,0,0,0,0,0,0,0,0,0,76,76,16883900,0,0,0,0,0,0,0,0,0
201404,48,339,3,7,Montgomery County             ,505,505,130549472,4,8,1688864,0,0,0,3,57,5136590,447,447,120966664,3,6,1500000,0,0,0,0,0,0
201404,48,353,3,7,Nolan County                  ,0,0,0,0,0,0,0,0,0,0,0,0,0,0,0,0,0,0,0,0,0,0,0,0
201404,48,359,3,7,Oldham County                 ,0,0,0,0,0,0,0,0,0,0,0,0,0,0,0,0,0,0,0,0,0,0,0,0
201404,48,367,3,7,Parker County                 ,34,34,6927466,0,0,0,0,0,0,1,5,530599,31,31,6586774,0,0,0,0,0,0,0,0,0
201404,48,375,3,7,Potter County                 ,56,56,12935698,0,0,0,0,0,0,0,0,0,56,56,12935698,0,0,0,0,0,0,0,0,0
201404,48,383,3,7,Reagan County                 ,1,1,120200,0,0,0,0,0,0,0,0,0,0,0,0,0,0,0,0,0,0,0,0,0
201404,48,385,3,7,Real County                   ,0,0,0,0,0,0,0,0,0,0,0,0,0,0,0,0,0,0,0,0,0,0,0,0
201404,48,397,3,7,Rockwall County               ,101,101,22979315,0,0,0,0,0,0,0,0,0,74,74,14732328,0,0,0,0,0,0,0,0,0
201404,48,407,3,7,San Jacinto County            ,0,0,0,0,0,0,0,0,0,0,0,0,0,0,0,0,0,0,0,0,0,0,0,0
201404,48,435,3,7,Sutton County                 ,0,0,0,0,0,0,0,0,0,0,0,0,0,0,0,0,0,0,0,0,0,0,0,0
201404,48,437,3,7,Swisher County                ,0,0,0,0,0,0,0,0,0,0,0,0,0,0,0,0,0,0,0,0,0,0,0,0
201404,48,439,3,7,Tarrant County                ,496,496,122772606,2,4,443598,5,20,2155000,39,1208,103912316,458,458,110932070,2,4,443598,5,20,2155000,39,1208,103912316
201404,48,451,3,7,Tom Green County              ,8,8,4487500,0,0,0,0,0,0,0,0,0,8,8,4487500,0,0,0,0,0,0,0,0,0
201404,48,453,3,7,Travis County                 ,560,560,114269544,13,26,3080000,0,0,0,22,496,31358124,523,523,105691148,13,26,3080000,0,0,0,20,480,30129612
201404,48,463,3,7,Uvalde County                 ,2,2,99000,0,0,0,0,0,0,0,0,0,2,2,99000,0,0,0,0,0,0,0,0,0
201404,48,469,3,7,Victoria County               ,16,16,2985488,0,0,0,0,0,0,11,264,13906580,16,16,2985488,0,0,0,0,0,0,11,264,13906580
201404,48,471,3,7,Walker County                 ,8,8,1331884,0,0,0,0,0,0,0,0,0,8,8,1331884,0,0,0,0,0,0,0,0,0
201404,48,473,3,7,Waller County                 ,1,1,89715,0,0,0,1,4,600000,1,7,155264,0,0,0,0,0,0,1,4,600000,0,0,0
201404,48,479,3,7,Webb County                   ,87,87,12713730,0,0,0,1,4,191084,2,68,4250373,0,0,0,0,0,0,0,0,0,0,0,0
201404,48,491,3,7,Williamson County             ,321,321,78446753,0,0,0,5,19,1954029,31,828,68163353,321,321,78446753,0,0,0,5,19,1954029,31,828,68163353
201404,48,493,3,7,Wilson County                 ,5,5,1038022,0,0,0,0,0,0,0,0,0,3,3,750595,0,0,0,0,0,0,0,0,0
201404,48,497,3,7,Wise County                   ,7,7,1067552,0,0,0,0,0,0,0,0,0,3,3,360000,0,0,0,0,0,0,0,0,0
201404,49,009,4,8,Daggett County                ,2,2,527951,0,0,0,0,0,0,0,0,0,1,1,262154,0,0,0,0,0,0,0,0,0
201404,49,019,4,8,Grand County                  ,4,4,832530,0,0,0,0,0,0,1,10,548385,4,4,832530,0,0,0,0,0,0,1,10,548385
201404,49,021,4,8,Iron County                   ,25,25,4049989,1,2,173462,0,0,0,1,5,434211,14,14,1938689,0,0,0,0,0,0,0,0,0
201404,49,033,4,8,Rich County                   ,2,2,493821,0,0,0,0,0,0,0,0,0,0,0,0,0,0,0,0,0,0,0,0,0
201404,49,035,4,8,Salt Lake County              ,208,208,53719972,1,2,302689,2,7,1087814,3,65,6491312,151,151,39466691,1,2,302689,2,7,1087814,2,56,5619156
201404,49,039,4,8,Sanpete County                ,4,4,507431,0,0,0,0,0,0,0,0,0,0,0,0,0,0,0,0,0,0,0,0,0
201404,49,043,4,8,Summit County                 ,22,22,12351435,0,0,0,0,0,0,1,5,1326143,11,11,6965386,0,0,0,0,0,0,0,0,0
201404,49,045,4,8,Tooele County                 ,28,28,4623786,0,0,0,0,0,0,0,0,0,8,8,1200101,0,0,0,0,0,0,0,0,0
201404,49,051,4,8,Wasatch County                ,37,37,14235157,0,0,0,0,0,0,0,0,0,24,24,6943364,0,0,0,0,0,0,0,0,0
201404,51,003,3,5,Albemarle County              ,45,45,12328875,0,0,0,0,0,0,0,0,0,45,45,12328875,0,0,0,0,0,0,0,0,0
201404,51,007,3,5,Amelia County                 ,7,7,1302750,0,0,0,0,0,0,0,0,0,7,7,1302750,0,0,0,0,0,0,0,0,0
201404,51,013,3,5,Arlington County              ,20,20,6162610,0,0,0,0,0,0,1,73,7818739,0,0,0,0,0,0,0,0,0,0,0,0
201404,51,015,3,5,Augusta County                ,18,18,2866827,0,0,0,0,0,0,0,0,0,0,0,0,0,0,0,0,0,0,0,0,0
201404,51,019,3,5,Bedford County                ,23,23,5296049,0,0,0,0,0,0,1,28,1500000,23,23,5296049,0,0,0,0,0,0,1,28,1500000
201404,51,023,3,5,Botetourt County              ,6,6,1065000,0,0,0,0,0,0,0,0,0,6,6,1065000,0,0,0,0,0,0,0,0,0
201404,51,031,3,5,Campbell County               ,13,13,1860000,0,0,0,0,0,0,0,0,0,13,13,1860000,0,0,0,0,0,0,0,0,0
201404,51,033,3,5,Caroline County               ,13,13,1457725,0,0,0,0,0,0,0,0,0,13,13,1457725,0,0,0,0,0,0,0,0,0
201404,51,036,3,5,Charles City County           ,2,2,442181,0,0,0,0,0,0,0,0,0,0,0,0,0,0,0,0,0,0,0,0,0
201404,51,037,3,5,Charlotte County              ,1,1,300000,0,0,0,0,0,0,0,0,0,1,1,300000,0,0,0,0,0,0,0,0,0
201404,51,041,3,5,Chesterfield County           ,79,79,17031942,1,2,240000,0,0,0,1,5,419619,79,79,17031942,1,2,240000,0,0,0,1,5,419619
201404,51,043,3,5,Clarke County                 ,3,3,1051285,0,0,0,0,0,0,0,0,0,3,3,1051285,0,0,0,0,0,0,0,0,0
201404,51,047,3,5,Culpeper County               ,17,17,3793556,0,0,0,0,0,0,0,0,0,17,17,3793556,0,0,0,0,0,0,0,0,0
201404,51,049,3,5,Cumberland County             ,1,1,130000,0,0,0,0,0,0,0,0,0,1,1,130000,0,0,0,0,0,0,0,0,0
201404,51,053,3,5,Dinwiddie County              ,5,5,704351,0,0,0,0,0,0,0,0,0,0,0,0,0,0,0,0,0,0,0,0,0
201404,51,059,3,5,Fairfax County                ,66,66,14229217,0,0,0,0,0,0,0,0,0,66,66,14229217,0,0,0,0,0,0,0,0,0
201404,51,061,3,5,Fauquier County               ,15,15,2798954,0,0,0,0,0,0,0,0,0,15,15,2798954,0,0,0,0,0,0,0,0,0
201404,51,065,3,5,Fluvanna County               ,6,6,990650,0,0,0,0,0,0,0,0,0,6,6,990650,0,0,0,0,0,0,0,0,0
201404,51,067,3,5,Franklin County               ,13,13,3660045,0,0,0,0,0,0,0,0,0,13,13,3660045,0,0,0,0,0,0,0,0,0
201404,51,069,3,5,Frederick County              ,33,33,6874923,0,0,0,0,0,0,0,0,0,33,33,6874923,0,0,0,0,0,0,0,0,0
201404,51,073,3,5,Gloucester County             ,17,17,3724700,0,0,0,0,0,0,0,0,0,17,17,3724700,0,0,0,0,0,0,0,0,0
201404,51,075,3,5,Goochland County              ,7,7,2003650,0,0,0,0,0,0,0,0,0,7,7,2003650,0,0,0,0,0,0,0,0,0
201404,51,079,3,5,Greene County                 ,8,8,1471000,0,0,0,0,0,0,0,0,0,8,8,1471000,0,0,0,0,0,0,0,0,0
201404,51,085,3,5,Hanover County                ,39,39,8408174,0,0,0,0,0,0,0,0,0,39,39,8408174,0,0,0,0,0,0,0,0,0
201404,51,087,3,5,Henrico County                ,70,70,12248051,0,0,0,0,0,0,0,0,0,70,70,12248051,0,0,0,0,0,0,0,0,0
201404,51,093,3,5,Isle of Wight County          ,12,12,2897891,0,0,0,0,0,0,0,0,0,0,0,0,0,0,0,0,0,0,0,0,0
201404,51,095,3,5,James City County             ,98,98,13360440,0,0,0,0,0,0,0,0,0,98,98,13360440,0,0,0,0,0,0,0,0,0
201404,51,097,3,5,King and Queen County         ,0,0,0,0,0,0,0,0,0,0,0,0,0,0,0,0,0,0,0,0,0,0,0,0
201404,51,099,3,5,King George County            ,11,11,2441600,0,0,0,0,0,0,0,0,0,11,11,2441600,0,0,0,0,0,0,0,0,0
201404,51,101,3,5,King William County           ,4,4,533475,0,0,0,0,0,0,0,0,0,3,3,433475,0,0,0,0,0,0,0,0,0
201404,51,107,3,5,Loudoun County                ,344,344,74164406,0,0,0,0,0,0,1,20,1626080,344,344,74164406,0,0,0,0,0,0,1,20,1626080
201404,51,109,3,5,Louisa County                 ,13,13,2668327,0,0,0,0,0,0,0,0,0,0,0,0,0,0,0,0,0,0,0,0,0
201404,51,115,3,5,Mathews County                ,1,1,229396,0,0,0,0,0,0,0,0,0,1,1,229396,0,0,0,0,0,0,0,0,0
201404,51,119,3,5,Middlesex County              ,2,2,430000,0,0,0,0,0,0,0,0,0,2,2,430000,0,0,0,0,0,0,0,0,0
201404,51,127,3,5,New Kent County               ,12,12,2587130,0,0,0,0,0,0,0,0,0,12,12,2587130,0,0,0,0,0,0,0,0,0
201404,51,137,3,5,Orange County                 ,9,9,2473000,0,0,0,0,0,0,0,0,0,9,9,2473000,0,0,0,0,0,0,0,0,0
201404,51,143,3,5,Pittsylvania County           ,11,11,1561580,1,2,60000,0,0,0,1,5,295125,0,0,0,0,0,0,0,0,0,0,0,0
201404,51,145,3,5,Powhatan County               ,21,21,4870640,0,0,0,0,0,0,0,0,0,21,21,4870640,0,0,0,0,0,0,0,0,0
201404,51,149,3,5,Prince George County          ,5,5,1077971,0,0,0,0,0,0,0,0,0,5,5,1077971,0,0,0,0,0,0,0,0,0
201404,51,153,3,5,Prince William County         ,125,125,26949275,0,0,0,0,0,0,0,0,0,125,125,26949275,0,0,0,0,0,0,0,0,0
201404,51,157,3,5,Rappahannock County           ,3,3,839618,0,0,0,0,0,0,0,0,0,0,0,0,0,0,0,0,0,0,0,0,0
201404,51,161,3,5,Roanoke County                ,13,13,2512525,0,0,0,0,0,0,0,0,0,13,13,2512525,0,0,0,0,0,0,0,0,0
201404,51,163,3,5,Rockbridge County             ,6,6,1086797,0,0,0,0,0,0,0,0,0,0,0,0,0,0,0,0,0,0,0,0,0
201404,51,165,3,5,Rockingham County             ,24,24,5238662,0,0,0,0,0,0,0,0,0,24,24,5238662,0,0,0,0,0,0,0,0,0
201404,51,169,3,5,Scott County                  ,0,0,0,0,0,0,0,0,0,0,0,0,0,0,0,0,0,0,0,0,0,0,0,0
201404,51,171,3,5,Shenandoah County             ,20,20,1932277,0,0,0,0,0,0,0,0,0,20,20,1932277,0,0,0,0,0,0,0,0,0
201404,51,177,3,5,Spotsylvania County           ,34,34,8702682,0,0,0,0,0,0,0,0,0,0,0,0,0,0,0,0,0,0,0,0,0
201404,51,179,3,5,Stafford County               ,75,75,19395880,0,0,0,0,0,0,0,0,0,75,75,19395880,0,0,0,0,0,0,0,0,0
201404,51,181,3,5,Surry County                  ,1,1,125472,0,0,0,0,0,0,0,0,0,0,0,0,0,0,0,0,0,0,0,0,0
201404,51,183,3,5,Sussex County                 ,3,3,271100,0,0,0,0,0,0,0,0,0,3,3,271100,0,0,0,0,0,0,0,0,0
201404,51,187,3,5,Warren County                 ,12,12,2943500,0,0,0,0,0,0,0,0,0,12,12,2943500,0,0,0,0,0,0,0,0,0
201404,51,199,3,5,York County                   ,7,7,2097750,0,0,0,1,4,495250,1,5,940560,7,7,2097750,0,0,0,1,4,495250,1,5,940560
201404,51,510,3,5,Alexandria (Independent City) ,14,14,3018319,0,0,0,0,0,0,0,0,0,14,14,3018319,0,0,0,0,0,0,0,0,0
201404,51,530,3,5,Buena Vista (Independent City),0,0,0,0,0,0,0,0,0,0,0,0,0,0,0,0,0,0,0,0,0,0,0,0
201404,51,550,3,5,Chesapeake(Independent City)  ,54,54,11642087,0,0,0,0,0,0,0,0,0,54,54,11642087,0,0,0,0,0,0,0,0,0
201404,51,570,3,5,Colonial Heights (Independent ,1,1,215594,0,0,0,0,0,0,0,0,0,1,1,215594,0,0,0,0,0,0,0,0,0
201404,51,580,3,5,Covington (Independent City)  ,1,1,109807,0,0,0,0,0,0,0,0,0,0,0,0,0,0,0,0,0,0,0,0,0
201404,51,600,3,5,Fairfax (Independent City)    ,0,0,0,0,0,0,0,0,0,0,0,0,0,0,0,0,0,0,0,0,0,0,0,0
201404,51,610,3,5,Falls Church (Independent City,2,2,750000,0,0,0,0,0,0,0,0,0,2,2,750000,0,0,0,0,0,0,0,0,0
201404,51,630,3,5,Fredericksburg(Independent Cit,5,5,1086716,0,0,0,0,0,0,0,0,0,5,5,1086716,0,0,0,0,0,0,0,0,0
201404,51,650,3,5,Hampton (Independent City)    ,14,14,1890168,0,0,0,0,0,0,1,10,613391,0,0,0,0,0,0,0,0,0,0,0,0
201404,51,660,3,5,Harrisonburg (Independent City,3,3,249000,0,0,0,0,0,0,0,0,0,3,3,249000,0,0,0,0,0,0,0,0,0
201404,51,670,3,5,Hopewell (Independent City)   ,6,6,663138,0,0,0,0,0,0,0,0,0,0,0,0,0,0,0,0,0,0,0,0,0
201404,51,680,3,5,Lynchburg (Independent City)  ,4,4,4134440,0,0,0,0,0,0,0,0,0,4,4,4134440,0,0,0,0,0,0,0,0,0
201404,51,683,3,5,Manassas (Independent City)   ,11,11,1550316,0,0,0,0,0,0,0,0,0,0,0,0,0,0,0,0,0,0,0,0,0
201404,51,685,3,5,Manassas Park (Independent Cit,1,1,186364,0,0,0,0,0,0,0,0,0,0,0,0,0,0,0,0,0,0,0,0,0
201404,51,700,3,5,Newport News (Independent City,8,8,668430,0,0,0,0,0,0,1,12,533540,0,0,0,0,0,0,0,0,0,0,0,0
201404,51,710,3,5,Norfolk (Independent City)    ,50,50,10779710,0,0,0,0,0,0,1,10,80000,50,50,10779710,0,0,0,0,0,0,1,10,80000
201404,51,730,3,5,Petersburg (Independent City) ,1,1,150212,0,0,0,0,0,0,0,0,0,1,1,150212,0,0,0,0,0,0,0,0,0
201404,51,735,3,5,Poquoson (Independent City)   ,1,1,300000,0,0,0,0,0,0,0,0,0,1,1,300000,0,0,0,0,0,0,0,0,0
201404,51,740,3,5,Portsmouth (Independent City) ,12,12,2587130,0,0,0,0,0,0,0,0,0,12,12,2587130,0,0,0,0,0,0,0,0,0
201404,51,760,3,5,Richmond (Independent City)   ,11,11,1655993,1,2,183009,0,0,0,0,0,0,11,11,1655993,1,2,183009,0,0,0,0,0,0
201404,51,770,3,5,Roanoke (Independent City)    ,3,3,227878,0,0,0,0,0,0,0,0,0,3,3,227878,0,0,0,0,0,0,0,0,0
201404,51,800,3,5,Suffolk (Independent City)    ,51,51,10995304,0,0,0,0,0,0,0,0,0,51,51,10995304,0,0,0,0,0,0,0,0,0
201404,51,810,3,5,Virginia Beach (Independent Ci,62,62,13144361,0,0,0,0,0,0,0,0,0,62,62,13144361,0,0,0,0,0,0,0,0,0
201404,51,830,3,5,Williamsburg (Independent City,0,0,0,0,0,0,0,0,0,3,227,20950000,0,0,0,0,0,0,0,0,0,3,227,20950000
201404,53,011,4,9,Clark County                  ,166,166,43129896,0,0,0,0,0,0,9,145,11874725,51,51,12498183,0,0,0,0,0,0,0,0,0
201404,53,033,4,9,King County                   ,407,407,131034395,8,16,2635459,8,26,5023725,21,1111,144969216,300,300,99044009,8,16,2635459,8,26,5023725,18,1061,140288461
201404,53,041,4,9,Lewis County                  ,7,7,1118174,0,0,0,0,0,0,0,0,0,7,7,1118174,0,0,0,0,0,0,0,0,0
201404,53,053,4,9,Pierce County                 ,211,211,58831193,0,0,0,0,0,0,7,68,10987038,200,200,55907601,0,0,0,0,0,0,4,42,9284657
201404,53,059,4,9,Skamania County               ,2,2,461167,0,0,0,0,0,0,0,0,0,0,0,0,0,0,0,0,0,0,0,0,0
201404,53,061,4,9,Snohomish County              ,151,151,39606643,0,0,0,1,4,831790,14,262,22349296,138,138,35824997,0,0,0,1,4,831790,13,257,21764308
201404,54,037,3,5,Jefferson County              ,25,25,5649624,0,0,0,0,0,0,0,0,0,17,17,3214000,0,0,0,0,0,0,0,0,0
201404,54,043,3,5,Lincoln County                ,0,0,0,0,0,0,0,0,0,0,0,0,0,0,0,0,0,0,0,0,0,0,0,0
201404,55,021,2,3,Columbia County               ,7,7,2324360,1,2,250000,0,0,0,0,0,0,7,7,2324360,1,2,250000,0,0,0,0,0,0
201404,55,025,2,3,Dane County                   ,123,123,31778034,2,4,671486,1,3,416454,5,168,18417270,84,84,23299064,1,2,350000,0,0,0,0,0,0
201404,55,031,2,3,Douglas County                ,8,8,1720365,0,0,0,0,0,0,0,0,0,8,8,1720365,0,0,0,0,0,0,0,0,0
201404,55,037,2,3,Florence County               ,0,0,0,0,0,0,0,0,0,0,0,0,0,0,0,0,0,0,0,0,0,0,0,0
201404,55,049,2,3,Iowa County                   ,2,2,399000,0,0,0,0,0,0,0,0,0,2,2,399000,0,0,0,0,0,0,0,0,0
201404,55,059,2,3,Kenosha County                ,14,14,5118675,0,0,0,0,0,0,3,28,1667000,13,13,4671675,0,0,0,0,0,0,3,28,1667000
201404,55,079,2,3,Milwaukee County              ,19,19,4912571,0,0,0,0,0,0,0,0,0,18,18,4282571,0,0,0,0,0,0,0,0,0
201404,55,089,2,3,Ozaukee County                ,14,14,5275614,0,0,0,0,0,0,0,0,0,5,5,1008842,0,0,0,0,0,0,0,0,0
201404,55,093,2,3,Pierce County                 ,13,13,2232000,0,0,0,0,0,0,0,0,0,12,12,2005000,0,0,0,0,0,0,0,0,0
201404,55,109,2,3,St. Croix County              ,20,20,4599940,0,0,0,0,0,0,0,0,0,18,18,4278280,0,0,0,0,0,0,0,0,0
201404,55,113,2,3,Sawyer County                 ,2,2,446000,0,0,0,0,0,0,0,0,0,2,2,446000,0,0,0,0,0,0,0,0,0
201404,55,131,2,3,Washington County             ,25,25,5794574,4,8,915000,0,0,0,0,0,0,15,15,2892400,3,6,590000,0,0,0,0,0,0
201404,55,133,2,3,Waukesha County               ,62,62,20071142,0,0,0,0,0,0,0,0,0,53,53,17510778,0,0,0,0,0,0,0,0,0
201404,56,019,4,8,Johnson County                ,2,2,495000,0,0,0,1,4,250000,0,0,0,2,2,495000,0,0,0,1,4,250000,0,0,0
201404,56,039,4,8,Teton County                  ,14,14,17293322,0,0,0,0,0,0,0,0,0,0,0,0,0,0,0,0,0,0,0,0,0
