Survey,FIPS,FIPS,Region,Division,County,,1-unit,,,2-units,,,3-4 units,,,5+ units,,,1-unit rep,,,2-units rep,,,3-4 units rep,,, 5+units rep
Date,State,County,Code,Code,Name,Bldgs,Units,Value,Bldgs,Units,Value,Bldgs,Units,Value,Bldgs,Units,Value,Bldgs,Units,Value,Bldgs,Units,Value,Bldgs,Units,Value,Bldgs,Units,Value
 
201407,01,001,3,6,Autauga County                ,12,12,2278732,0,0,0,0,0,0,0,0,0,12,12,2278732,0,0,0,0,0,0,0,0,0
201407,01,007,3,6,Bibb County                   ,2,2,353496,0,0,0,0,0,0,0,0,0,0,0,0,0,0,0,0,0,0,0,0,0
201407,01,009,3,6,Blount County                 ,1,1,215594,0,0,0,0,0,0,0,0,0,1,1,215594,0,0,0,0,0,0,0,0,0
201407,01,021,3,6,Chilton County                ,0,0,0,0,0,0,0,0,0,1,8,368300,0,0,0,0,0,0,0,0,0,1,8,368300
201407,01,037,3,6,Coosa County                  ,0,0,0,0,0,0,0,0,0,0,0,0,0,0,0,0,0,0,0,0,0,0,0,0
201407,01,073,3,6,Jefferson County              ,112,112,30387875,0,0,0,0,0,0,3,48,4636119,101,101,27929289,0,0,0,0,0,0,0,0,0
201407,01,081,3,6,Lee County                    ,67,67,20119263,0,0,0,0,0,0,1,5,1539792,28,28,7887308,0,0,0,0,0,0,0,0,0
201407,01,115,3,6,St. Clair County              ,12,12,1717202,0,0,0,0,0,0,0,0,0,12,12,1717202,0,0,0,0,0,0,0,0,0
201407,01,117,3,6,Shelby County                 ,79,79,17627857,0,0,0,0,0,0,0,0,0,42,42,8590320,0,0,0,0,0,0,0,0,0
201407,01,127,3,6,Walker County                 ,1,1,300000,0,0,0,0,0,0,0,0,0,1,1,300000,0,0,0,0,0,0,0,0,0
201407,02,013,4,9,Aleutians East Borough        ,0,0,0,0,0,0,0,0,0,0,0,0,0,0,0,0,0,0,0,0,0,0,0,0
201407,02,016,4,9,Aleutians West Census Area    ,0,0,0,0,0,0,0,0,0,0,0,0,0,0,0,0,0,0,0,0,0,0,0,0
201407,02,020,4,9,Anchorage Borough             ,44,44,13457630,1,2,322399,1,3,546134,0,0,0,0,0,0,0,0,0,0,0,0,0,0,0
201407,02,020,4,9,Anchorage Municipality        ,44,44,13457630,1,2,322399,1,3,546134,0,0,0,0,0,0,0,0,0,0,0,0,0,0,0
201407,02,050,4,9,Bethel Census Area            ,2,2,600000,0,0,0,0,0,0,0,0,0,2,2,600000,0,0,0,0,0,0,0,0,0
201407,02,060,4,9,Bristol Bay Borough           ,0,0,0,0,0,0,0,0,0,0,0,0,0,0,0,0,0,0,0,0,0,0,0,0
201407,02,070,4,9,Dillingham Census Area        ,0,0,0,0,0,0,0,0,0,0,0,0,0,0,0,0,0,0,0,0,0,0,0,0
201407,02,090,4,9,Fairbanks North Star Borough  ,6,6,1102761,0,0,0,0,0,0,0,0,0,0,0,0,0,0,0,0,0,0,0,0,0
201407,02,100,4,9,Haines Borough                ,2,2,524309,0,0,0,0,0,0,0,0,0,2,2,524309,0,0,0,0,0,0,0,0,0
201407,02,105,4,9,Hoonah-Angoon Census Area     ,0,0,0,0,0,0,0,0,0,0,0,0,0,0,0,0,0,0,0,0,0,0,0,0
201407,02,110,4,9,Juneau Borough                ,7,7,1267184,0,0,0,0,0,0,2,30,3430534,7,7,1267184,0,0,0,0,0,0,2,30,3430534
201407,02,110,4,9,Juneau City and Borough       ,7,7,1267184,0,0,0,0,0,0,2,30,3430534,7,7,1267184,0,0,0,0,0,0,2,30,3430534
201407,02,122,4,9,Kenai Peninsula Borough       ,15,15,2999939,0,0,0,0,0,0,0,0,0,14,14,2805000,0,0,0,0,0,0,0,0,0
201407,02,130,4,9,Ketchikan Gateway Borough     ,1,1,255182,0,0,0,0,0,0,0,0,0,1,1,255182,0,0,0,0,0,0,0,0,0
201407,02,150,4,9,Kodiak Island Borough         ,1,1,166615,0,0,0,0,0,0,0,0,0,1,1,166615,0,0,0,0,0,0,0,0,0
201407,02,170,4,9,Matanuska-Susitna Borough     ,1,1,255182,0,0,0,0,0,0,0,0,0,1,1,255182,0,0,0,0,0,0,0,0,0
201407,02,180,4,9,Nome Census Area              ,1,1,158292,0,0,0,0,0,0,0,0,0,1,1,158292,0,0,0,0,0,0,0,0,0
201407,02,185,4,9,North Slope Borough           ,2,2,485958,0,0,0,0,0,0,0,0,0,0,0,0,0,0,0,0,0,0,0,0,0
201407,02,188,4,9,Northwest Arctic Borough      ,1,1,225000,0,0,0,0,0,0,0,0,0,1,1,225000,0,0,0,0,0,0,0,0,0
201407,02,195,4,9,Petersburg Borough            ,0,0,0,0,0,0,0,0,0,0,0,0,0,0,0,0,0,0,0,0,0,0,0,0
201407,02,195,4,9,Petersburg Census Area        ,0,0,0,0,0,0,0,0,0,0,0,0,0,0,0,0,0,0,0,0,0,0,0,0
201407,02,198,4,9,Prince of Wales-Hyder Census A,0,0,0,0,0,0,0,0,0,0,0,0,0,0,0,0,0,0,0,0,0,0,0,0
201407,02,220,4,9,Sitka Borough                 ,1,1,273451,0,0,0,0,0,0,0,0,0,0,0,0,0,0,0,0,0,0,0,0,0
201407,02,220,4,9,Sitka City and Borough        ,1,1,273451,0,0,0,0,0,0,0,0,0,0,0,0,0,0,0,0,0,0,0,0,0
201407,02,230,4,9,Skagway Municipality          ,1,1,129000,0,0,0,0,0,0,0,0,0,1,1,129000,0,0,0,0,0,0,0,0,0
201407,02,261,4,9,Valdez-Cordova Census Area    ,0,0,0,0,0,0,0,0,0,0,0,0,0,0,0,0,0,0,0,0,0,0,0,0
201407,02,270,4,9,Wade Hampton Census Area      ,0,0,0,0,0,0,0,0,0,0,0,0,0,0,0,0,0,0,0,0,0,0,0,0
201407,02,275,4,9,Wrangell City and Borough     ,2,2,195000,0,0,0,0,0,0,0,0,0,2,2,195000,0,0,0,0,0,0,0,0,0
201407,02,282,4,9,Yakutat Borough               ,0,0,0,0,0,0,0,0,0,0,0,0,0,0,0,0,0,0,0,0,0,0,0,0
201407,02,282,4,9,Yakutat City and Borough      ,0,0,0,0,0,0,0,0,0,0,0,0,0,0,0,0,0,0,0,0,0,0,0,0
201407,02,290,4,9,Yukon-Koyukuk Census Area     ,0,0,0,0,0,0,0,0,0,0,0,0,0,0,0,0,0,0,0,0,0,0,0,0
201407,04,013,4,8,Maricopa County               ,903,903,250467767,0,0,0,0,0,0,9,648,77597268,903,903,250467767,0,0,0,0,0,0,9,648,77597268
201407,04,019,4,8,Pima County                   ,228,228,58334981,1,2,98398,0,0,0,5,79,9286246,63,63,22022440,0,0,0,0,0,0,0,0,0
201407,04,021,4,8,Pinal County                  ,193,193,35654214,0,0,0,0,0,0,0,0,0,137,137,24364538,0,0,0,0,0,0,0,0,0
201407,05,023,3,7,Cleburne County               ,2,2,380000,0,0,0,0,0,0,0,0,0,2,2,380000,0,0,0,0,0,0,0,0,0
201407,05,025,3,7,Cleveland County              ,0,0,0,0,0,0,0,0,0,0,0,0,0,0,0,0,0,0,0,0,0,0,0,0
201407,05,027,3,7,Columbia County               ,1,1,25000,0,0,0,0,0,0,0,0,0,1,1,25000,0,0,0,0,0,0,0,0,0
201407,05,035,3,7,Crittenden County             ,11,11,2074000,0,0,0,0,0,0,1,5,221569,10,10,1890000,0,0,0,0,0,0,0,0,0
201407,05,059,3,7,Hot Spring County             ,0,0,0,0,0,0,0,0,0,0,0,0,0,0,0,0,0,0,0,0,0,0,0,0
201407,05,061,3,7,Howard County                 ,0,0,0,0,0,0,0,0,0,0,0,0,0,0,0,0,0,0,0,0,0,0,0,0
201407,05,091,3,7,Miller County                 ,0,0,0,0,0,0,0,0,0,0,0,0,0,0,0,0,0,0,0,0,0,0,0,0
201407,05,099,3,7,Nevada County                 ,0,0,0,0,0,0,0,0,0,0,0,0,0,0,0,0,0,0,0,0,0,0,0,0
201407,06,001,4,9,Alameda County                ,91,91,30087381,0,0,0,0,0,0,5,399,75539474,75,75,25944980,0,0,0,0,0,0,3,389,73730543
201407,06,003,4,9,Alpine County                 ,0,0,0,0,0,0,0,0,0,0,0,0,0,0,0,0,0,0,0,0,0,0,0,0
201407,06,009,4,9,Calaveras County              ,8,8,2926154,0,0,0,0,0,0,0,0,0,8,8,2926154,0,0,0,0,0,0,0,0,0
201407,06,013,4,9,Contra Costa County           ,162,162,30937883,0,0,0,0,0,0,1,49,8450468,162,162,30937883,0,0,0,0,0,0,1,49,8450468
201407,06,017,4,9,El Dorado County              ,9,9,5560906,0,0,0,0,0,0,0,0,0,9,9,5560906,0,0,0,0,0,0,0,0,0
201407,06,037,4,9,Los Angeles County            ,393,393,143408360,28,56,10581154,1,4,1029665,28,1181,242186188,365,365,128374204,27,54,10316154,1,4,1029665,18,984,216808405
201407,06,041,4,9,Marin County                  ,15,15,7710656,0,0,0,0,0,0,2,15,1478259,5,5,3814915,0,0,0,0,0,0,0,0,0
201407,06,045,4,9,Mendocino County              ,13,13,1164518,0,0,0,0,0,0,0,0,0,13,13,1164518,0,0,0,0,0,0,0,0,0
201407,06,049,4,9,Modoc County                  ,1,1,186160,0,0,0,0,0,0,0,0,0,0,0,0,0,0,0,0,0,0,0,0,0
201407,06,051,4,9,Mono County                   ,2,2,412193,0,0,0,0,0,0,0,0,0,0,0,0,0,0,0,0,0,0,0,0,0
201407,06,059,4,9,Orange County                 ,362,362,99876301,9,18,4048591,8,24,4444210,15,167,30321762,336,336,87160241,7,14,2715234,8,24,4444210,10,61,11835010
201407,06,061,4,9,Placer County                 ,105,105,42771134,0,0,0,0,0,0,0,0,0,103,103,42117325,0,0,0,0,0,0,0,0,0
201407,06,063,4,9,Plumas County                 ,5,5,936530,0,0,0,0,0,0,0,0,0,5,5,936530,0,0,0,0,0,0,0,0,0
201407,06,065,4,9,Riverside County              ,383,383,107604700,0,0,0,0,0,0,4,54,5196549,339,339,96647284,0,0,0,0,0,0,2,41,4138808
201407,06,067,4,9,Sacramento County             ,156,156,43461523,0,0,0,0,0,0,0,0,0,156,156,43461523,0,0,0,0,0,0,0,0,0
201407,06,069,4,9,San Benito County             ,3,3,684365,0,0,0,0,0,0,0,0,0,2,2,509365,0,0,0,0,0,0,0,0,0
201407,06,071,4,9,San Bernardino County         ,259,259,63919758,4,8,1113880,5,16,2510202,7,65,6772482,222,222,55485924,0,0,0,2,6,899297,0,0,0
201407,06,073,4,9,San Diego County              ,182,182,73602374,4,8,2352397,3,12,2154344,38,470,60812302,178,178,72200020,4,8,2352397,3,12,2154344,36,455,59056887
201407,06,075,4,9,San Francisco County          ,4,4,1048617,10,20,6764140,1,3,1500000,4,303,79308000,4,4,1048617,10,20,6764140,1,3,1500000,4,303,79308000
201407,06,077,4,9,San Joaquin County            ,110,110,30912569,0,0,0,0,0,0,0,0,0,110,110,30912569,0,0,0,0,0,0,0,0,0
201407,06,081,4,9,San Mateo County              ,33,33,33113520,0,0,0,0,0,0,2,43,6305923,18,18,24394662,0,0,0,0,0,0,0,0,0
201407,06,085,4,9,Santa Clara County            ,147,147,60818977,1,2,329657,4,14,5323506,6,486,63843375,109,109,50913241,1,2,329657,3,11,4578248,5,444,56267952
201407,06,091,4,9,Sierra County                 ,1,1,404907,0,0,0,0,0,0,0,0,0,1,1,404907,0,0,0,0,0,0,0,0,0
201407,06,113,4,9,Yolo County                   ,23,23,7138073,0,0,0,0,0,0,0,0,0,23,23,7138073,0,0,0,0,0,0,0,0,0
201407,08,001,4,8,Adams County                  ,94,94,21942706,1,2,389760,0,0,0,0,0,0,87,87,20576389,1,2,389760,0,0,0,0,0,0
201407,08,005,4,8,Arapahoe County               ,128,128,34957286,0,0,0,0,0,0,0,0,0,128,128,34957286,0,0,0,0,0,0,0,0,0
201407,08,014,4,8,Broomfield County             ,32,32,11084549,1,2,389475,0,0,0,3,51,3928054,0,0,0,0,0,0,0,0,0,0,0,0
201407,08,015,4,8,Chaffee County                ,10,10,2724178,1,2,260000,0,0,0,0,0,0,0,0,0,0,0,0,0,0,0,0,0,0
201407,08,019,4,8,Clear Creek County            ,0,0,0,0,0,0,0,0,0,0,0,0,0,0,0,0,0,0,0,0,0,0,0,0
201407,08,023,4,8,Costilla County               ,3,3,680751,0,0,0,0,0,0,0,0,0,0,0,0,0,0,0,0,0,0,0,0,0
201407,08,031,4,8,Denver County                 ,126,126,33031443,0,0,0,1,4,711505,6,733,58727792,126,126,33031443,0,0,0,1,4,711505,6,733,58727792
201407,08,033,4,8,Dolores County                ,0,0,0,0,0,0,0,0,0,0,0,0,0,0,0,0,0,0,0,0,0,0,0,0
201407,08,035,4,8,Douglas County                ,212,212,66351289,0,0,0,0,0,0,0,0,0,212,212,66351289,0,0,0,0,0,0,0,0,0
201407,08,039,4,8,Elbert County                 ,8,8,2472074,0,0,0,0,0,0,0,0,0,8,8,2472074,0,0,0,0,0,0,0,0,0
201407,08,041,4,8,El Paso County                ,189,189,82400940,13,26,3878147,0,0,0,17,252,37400540,189,189,82400940,13,26,3878147,0,0,0,17,252,37400540
201407,08,047,4,8,Gilpin County                 ,1,1,300000,0,0,0,0,0,0,0,0,0,1,1,300000,0,0,0,0,0,0,0,0,0
201407,08,049,4,8,Grand County                  ,11,11,3993809,0,0,0,0,0,0,0,0,0,9,9,3337828,0,0,0,0,0,0,0,0,0
201407,08,059,4,8,Jefferson County              ,144,144,41205219,2,4,613804,0,0,0,1,9,758926,142,142,40697840,2,4,613804,0,0,0,0,0,0
201407,08,069,4,8,Larimer County                ,186,186,48801489,2,4,717656,0,0,0,1,54,6000000,184,184,48227039,2,4,717656,0,0,0,1,54,6000000
201407,08,077,4,8,Mesa County                   ,53,53,13910071,1,2,108372,0,0,0,0,0,0,53,53,13910071,1,2,108372,0,0,0,0,0,0
201407,08,093,4,8,Park County                   ,10,10,1439894,0,0,0,0,0,0,0,0,0,10,10,1439894,0,0,0,0,0,0,0,0,0
201407,08,101,4,8,Pueblo County                 ,9,9,1501239,0,0,0,0,0,0,0,0,0,9,9,1501239,0,0,0,0,0,0,0,0,0
201407,08,107,4,8,Routt County                  ,7,7,4283656,1,2,642036,1,4,1444272,0,0,0,7,7,4283656,1,2,642036,1,4,1444272,0,0,0
201407,08,119,4,8,Teller County                 ,8,8,3303838,0,0,0,0,0,0,0,0,0,8,8,3303838,0,0,0,0,0,0,0,0,0
201407,08,123,4,8,Weld County                   ,180,180,45438016,1,2,239122,0,0,0,3,18,1867731,135,135,34052428,1,2,239122,0,0,0,2,10,1297466
201407,10,001,3,5,Kent County                   ,88,88,12052645,0,0,0,1,4,317352,0,0,0,86,86,11734932,0,0,0,1,4,317352,0,0,0
201407,10,003,3,5,New Castle County             ,105,105,9142380,0,0,0,0,0,0,3,43,4137077,20,20,1359819,0,0,0,0,0,0,0,0,0
201407,10,005,3,5,Sussex County                 ,153,153,20755530,2,4,389000,1,4,397000,2,14,1614000,153,153,20755530,2,4,389000,1,4,397000,2,14,1614000
201407,11,001,3,5,Washington  DC                ,6,6,1293565,1,2,221799,1,4,431000,6,910,73986640,6,6,1293565,1,2,221799,1,4,431000,6,910,73986640
201407,12,003,3,5,Baker County                  ,6,6,805975,0,0,0,0,0,0,0,0,0,6,6,805975,0,0,0,0,0,0,0,0,0
201407,12,009,3,5,Brevard County                ,124,124,39833961,0,0,0,0,0,0,0,0,0,122,122,39011860,0,0,0,0,0,0,0,0,0
201407,12,011,3,5,Broward County                ,195,195,65354144,0,0,0,1,3,532611,4,301,5856683,185,185,62697013,0,0,0,0,0,0,2,269,3956122
201407,12,013,3,5,Calhoun County                ,1,1,160000,0,0,0,0,0,0,0,0,0,1,1,160000,0,0,0,0,0,0,0,0,0
201407,12,015,3,5,Charlotte County              ,53,53,11621315,0,0,0,0,0,0,0,0,0,8,8,2709054,0,0,0,0,0,0,0,0,0
201407,12,019,3,5,Clay County                   ,71,71,15108959,0,0,0,0,0,0,0,0,0,71,71,15108959,0,0,0,0,0,0,0,0,0
201407,12,021,3,5,Collier County                ,180,180,70158337,1,2,22650000,3,12,1903800,8,103,22111850,29,29,33611555,1,2,22650000,0,0,0,4,32,16200000
201407,12,023,3,5,Columbia County               ,7,7,1234610,0,0,0,0,0,0,0,0,0,2,2,439000,0,0,0,0,0,0,0,0,0
201407,12,031,3,5,Duval County                  ,253,253,56057237,0,0,0,14,56,6034000,0,0,0,253,253,56057237,0,0,0,14,56,6034000,0,0,0
201407,12,033,3,5,Escambia County               ,60,60,13115384,0,0,0,0,0,0,0,0,0,60,60,13115384,0,0,0,0,0,0,0,0,0
201407,12,035,3,5,Flagler County                ,39,39,13435868,0,0,0,0,0,0,0,0,0,24,24,7448605,0,0,0,0,0,0,0,0,0
201407,12,037,3,5,Franklin County               ,1,1,275931,0,0,0,0,0,0,0,0,0,0,0,0,0,0,0,0,0,0,0,0,0
201407,12,041,3,5,Gilchrist County              ,3,3,387240,0,0,0,0,0,0,0,0,0,0,0,0,0,0,0,0,0,0,0,0,0
201407,12,043,3,5,Glades County                 ,0,0,0,0,0,0,0,0,0,0,0,0,0,0,0,0,0,0,0,0,0,0,0,0
201407,12,047,3,5,Hamilton County               ,0,0,0,0,0,0,0,0,0,0,0,0,0,0,0,0,0,0,0,0,0,0,0,0
201407,12,049,3,5,Hardee County                 ,1,1,160092,0,0,0,0,0,0,0,0,0,0,0,0,0,0,0,0,0,0,0,0,0
201407,12,053,3,5,Hernando County               ,40,40,7137342,0,0,0,0,0,0,0,0,0,39,39,6940626,0,0,0,0,0,0,0,0,0
201407,12,055,3,5,Highlands County              ,5,5,1141598,0,0,0,0,0,0,0,0,0,4,4,1008265,0,0,0,0,0,0,0,0,0
201407,12,057,3,5,Hillsborough County           ,446,446,148818450,2,4,717753,2,8,978078,11,351,47515486,379,379,126089602,0,0,0,0,0,0,9,256,39490155
201407,12,061,3,5,Indian River County           ,46,46,15295594,0,0,0,0,0,0,0,0,0,27,27,10644799,0,0,0,0,0,0,0,0,0
201407,12,063,3,5,Jackson County                ,4,4,661913,0,0,0,0,0,0,0,0,0,0,0,0,0,0,0,0,0,0,0,0,0
201407,12,065,3,5,Jefferson County              ,4,4,547362,0,0,0,0,0,0,0,0,0,4,4,547362,0,0,0,0,0,0,0,0,0
201407,12,067,3,5,Lafayette County              ,1,1,120000,0,0,0,0,0,0,0,0,0,1,1,120000,0,0,0,0,0,0,0,0,0
201407,12,069,3,5,Lake County                   ,214,214,54244817,0,0,0,0,0,0,1,14,1768589,120,120,25776723,0,0,0,0,0,0,0,0,0
201407,12,071,3,5,Lee County                    ,274,274,75098578,6,12,1084622,15,56,11560571,3,30,3965277,274,274,75098578,6,12,1084622,15,56,11560571,3,30,3965277
201407,12,073,3,5,Leon County                   ,50,50,10377973,0,0,0,0,0,0,2,59,4640621,21,21,5337220,0,0,0,0,0,0,0,0,0
201407,12,077,3,5,Liberty County                ,0,0,0,0,0,0,0,0,0,0,0,0,0,0,0,0,0,0,0,0,0,0,0,0
201407,12,081,3,5,Manatee County                ,211,211,43879290,0,0,0,4,13,1979587,9,212,11931749,210,210,43558142,0,0,0,4,13,1979587,9,212,11931749
201407,12,083,3,5,Marion County                 ,56,56,11004624,0,0,0,0,0,0,4,24,5419596,56,56,11004624,0,0,0,0,0,0,4,24,5419596
201407,12,085,3,5,Martin County                 ,27,27,14450413,0,0,0,0,0,0,4,32,6859814,26,26,11480326,0,0,0,0,0,0,4,32,6859814
201407,12,086,3,5,Miami-Dade County             ,237,237,62132479,8,16,2678863,0,0,0,10,248,25884443,232,232,61181641,8,16,2678863,0,0,0,7,213,12236778
201407,12,089,3,5,Nassau County                 ,42,42,11223386,0,0,0,0,0,0,0,0,0,42,42,11223386,0,0,0,0,0,0,0,0,0
201407,12,095,3,5,Orange County                 ,375,375,90813747,6,12,2281670,0,0,0,17,603,74041094,375,375,90813747,6,12,2281670,0,0,0,17,603,74041094
201407,12,097,3,5,Osceola County                ,296,296,71966800,1,2,233000,1,4,300000,1,24,2128891,296,296,71966800,1,2,233000,1,4,300000,1,24,2128891
201407,12,099,3,5,Palm Beach County             ,237,237,88529162,0,0,0,3,12,3250803,2,10,1596100,219,219,81911589,0,0,0,3,12,3250803,1,5,753888
201407,12,101,3,5,Pasco County                  ,209,209,44730533,1,2,240000,1,4,81250,5,42,1059038,209,209,44730533,0,0,0,1,4,81250,4,28,411354
201407,12,103,3,5,Pinellas County               ,61,61,18992552,0,0,0,4,14,1677236,1,27,2146296,58,58,18272703,0,0,0,3,11,1316736,0,0,0
201407,12,105,3,5,Polk County                   ,231,231,45519888,0,0,0,1,3,280500,0,0,0,206,206,41589976,0,0,0,0,0,0,0,0,0
201407,12,107,3,5,Putnam County                 ,1,1,90000,0,0,0,0,0,0,0,0,0,1,1,90000,0,0,0,0,0,0,0,0,0
201407,12,109,3,5,St. Johns County              ,268,268,66257389,0,0,0,2,8,1409532,0,0,0,268,268,66257389,0,0,0,2,8,1409532,0,0,0
201407,12,111,3,5,St. Lucie County              ,56,56,7602173,0,0,0,0,0,0,0,0,0,55,55,7251666,0,0,0,0,0,0,0,0,0
201407,12,113,3,5,Santa Rosa County             ,102,102,14408667,0,0,0,0,0,0,1,22,1319691,0,0,0,0,0,0,0,0,0,0,0,0
201407,12,115,3,5,Sarasota County               ,193,193,62971329,0,0,0,2,8,2975509,0,0,0,193,193,62971329,0,0,0,2,8,2975509,0,0,0
201407,12,117,3,5,Seminole County               ,53,53,16757969,0,0,0,0,0,0,0,0,0,46,46,14809242,0,0,0,0,0,0,0,0,0
201407,12,119,3,5,Sumter County                 ,156,156,45092703,0,0,0,0,0,0,0,0,0,156,156,45092703,0,0,0,0,0,0,0,0,0
201407,12,123,3,5,Taylor County                 ,3,3,549186,0,0,0,0,0,0,0,0,0,3,3,549186,0,0,0,0,0,0,0,0,0
201407,12,125,3,5,Union County                  ,1,1,77680,0,0,0,0,0,0,0,0,0,1,1,77680,0,0,0,0,0,0,0,0,0
201407,12,127,3,5,Volusia County                ,116,116,34332440,0,0,0,0,0,0,0,0,0,113,113,33155801,0,0,0,0,0,0,0,0,0
201407,12,129,3,5,Wakulla County                ,14,14,2490000,0,0,0,0,0,0,0,0,0,14,14,2490000,0,0,0,0,0,0,0,0,0
201407,12,131,3,5,Walton County                 ,91,91,39887658,0,0,0,0,0,0,0,0,0,91,91,39887658,0,0,0,0,0,0,0,0,0
201407,12,133,3,5,Washington County             ,2,2,312354,0,0,0,0,0,0,0,0,0,0,0,0,0,0,0,0,0,0,0,0,0
201407,13,005,3,5,Bacon County                  ,0,0,0,0,0,0,0,0,0,0,0,0,0,0,0,0,0,0,0,0,0,0,0,0
201407,13,013,3,5,Barrow County                 ,32,32,3618698,0,0,0,0,0,0,0,0,0,30,30,3418235,0,0,0,0,0,0,0,0,0
201407,13,015,3,5,Bartow County                 ,9,9,2107971,0,0,0,0,0,0,0,0,0,9,9,2107971,0,0,0,0,0,0,0,0,0
201407,13,029,3,5,Bryan County                  ,24,24,4320175,0,0,0,0,0,0,0,0,0,0,0,0,0,0,0,0,0,0,0,0,0
201407,13,035,3,5,Butts County                  ,0,0,0,0,0,0,0,0,0,0,0,0,0,0,0,0,0,0,0,0,0,0,0,0
201407,13,045,3,5,Carroll County                ,4,4,862377,0,0,0,0,0,0,0,0,0,4,4,862377,0,0,0,0,0,0,0,0,0
201407,13,057,3,5,Cherokee County               ,154,154,37042924,0,0,0,0,0,0,0,0,0,154,154,37042924,0,0,0,0,0,0,0,0,0
201407,13,059,3,5,Clarke County                 ,6,6,1212922,0,0,0,0,0,0,0,0,0,6,6,1212922,0,0,0,0,0,0,0,0,0
201407,13,063,3,5,Clayton County                ,27,27,5821043,0,0,0,0,0,0,1,12,350000,27,27,5821043,0,0,0,0,0,0,1,12,350000
201407,13,067,3,5,Cobb County                   ,126,126,35493663,0,0,0,4,14,2477146,16,284,35713350,119,119,34638163,0,0,0,4,14,2477146,16,284,35713350
201407,13,077,3,5,Coweta County                 ,74,74,25889146,0,0,0,0,0,0,0,0,0,66,66,24476587,0,0,0,0,0,0,0,0,0
201407,13,085,3,5,Dawson County                 ,11,11,2640783,0,0,0,0,0,0,0,0,0,11,11,2640783,0,0,0,0,0,0,0,0,0
201407,13,089,3,5,DeKalb County                 ,56,56,15143033,0,0,0,0,0,0,1,168,17698864,54,54,14818658,0,0,0,0,0,0,1,168,17698864
201407,13,095,3,5,Dougherty County              ,4,4,441530,1,2,150110,0,0,0,0,0,0,0,0,0,0,0,0,0,0,0,0,0,0
201407,13,097,3,5,Douglas County                ,37,37,6742588,0,0,0,0,0,0,0,0,0,37,37,6742588,0,0,0,0,0,0,0,0,0
201407,13,111,3,5,Fannin County                 ,14,14,2979166,0,0,0,0,0,0,0,0,0,14,14,2979166,0,0,0,0,0,0,0,0,0
201407,13,113,3,5,Fayette County                ,29,29,7536396,0,0,0,0,0,0,0,0,0,27,27,6855639,0,0,0,0,0,0,0,0,0
201407,13,117,3,5,Forsyth County                ,329,329,39024255,0,0,0,0,0,0,0,0,0,329,329,39024255,0,0,0,0,0,0,0,0,0
201407,13,121,3,5,Fulton County                 ,182,182,43873684,0,0,0,0,0,0,4,511,66959800,181,181,43618128,0,0,0,0,0,0,4,511,66959800
201407,13,127,3,5,Glynn County                  ,40,40,10551029,0,0,0,0,0,0,0,0,0,0,0,0,0,0,0,0,0,0,0,0,0
201407,13,133,3,5,Greene County                 ,20,20,4345227,0,0,0,0,0,0,0,0,0,20,20,4345227,0,0,0,0,0,0,0,0,0
201407,13,135,3,5,Gwinnett County               ,262,262,39972823,0,0,0,0,0,0,0,0,0,262,262,39972823,0,0,0,0,0,0,0,0,0
201407,13,143,3,5,Haralson County               ,3,3,458257,0,0,0,0,0,0,0,0,0,0,0,0,0,0,0,0,0,0,0,0,0
201407,13,145,3,5,Harris County                 ,10,10,2672670,0,0,0,0,0,0,0,0,0,10,10,2672670,0,0,0,0,0,0,0,0,0
201407,13,149,3,5,Heard County                  ,2,2,234000,0,0,0,0,0,0,0,0,0,2,2,234000,0,0,0,0,0,0,0,0,0
201407,13,151,3,5,Henry County                  ,111,111,22612638,0,0,0,0,0,0,0,0,0,111,111,22612638,0,0,0,0,0,0,0,0,0
201407,13,159,3,5,Jasper County                 ,5,5,669870,0,0,0,0,0,0,0,0,0,0,0,0,0,0,0,0,0,0,0,0,0
201407,13,169,3,5,Jones County                  ,1,1,120000,0,0,0,0,0,0,0,0,0,1,1,120000,0,0,0,0,0,0,0,0,0
201407,13,171,3,5,Lamar County                  ,0,0,0,0,0,0,0,0,0,0,0,0,0,0,0,0,0,0,0,0,0,0,0,0
201407,13,177,3,5,Lee County                    ,6,6,1048630,0,0,0,0,0,0,0,0,0,6,6,1048630,0,0,0,0,0,0,0,0,0
201407,13,189,3,5,McDuffie County               ,1,1,236933,0,0,0,0,0,0,0,0,0,0,0,0,0,0,0,0,0,0,0,0,0
201407,13,199,3,5,Meriwether County             ,4,4,737983,0,0,0,0,0,0,0,0,0,3,3,646783,0,0,0,0,0,0,0,0,0
201407,13,211,3,5,Morgan County                 ,6,6,1294000,0,0,0,0,0,0,0,0,0,6,6,1294000,0,0,0,0,0,0,0,0,0
201407,13,213,3,5,Murray County                 ,3,3,646783,0,0,0,0,0,0,0,0,0,3,3,646783,0,0,0,0,0,0,0,0,0
201407,13,215,3,5,Muscogee County               ,31,31,3281552,0,0,0,1,3,136270,2,20,1516951,0,0,0,0,0,0,0,0,0,0,0,0
201407,13,217,3,5,Newton County                 ,20,20,3079249,0,0,0,0,0,0,1,5,71429,18,18,2838000,0,0,0,0,0,0,0,0,0
201407,13,223,3,5,Paulding County               ,113,113,11436395,0,0,0,0,0,0,0,0,0,105,105,10154004,0,0,0,0,0,0,0,0,0
201407,13,227,3,5,Pickens County                ,3,3,681000,0,0,0,0,0,0,0,0,0,3,3,681000,0,0,0,0,0,0,0,0,0
201407,13,231,3,5,Pike County                   ,3,3,617555,0,0,0,0,0,0,0,0,0,3,3,617555,0,0,0,0,0,0,0,0,0
201407,13,237,3,5,Putnam County                 ,0,0,0,0,0,0,0,0,0,0,0,0,0,0,0,0,0,0,0,0,0,0,0,0
201407,13,239,3,5,Quitman County                ,1,1,120000,0,0,0,0,0,0,0,0,0,1,1,120000,0,0,0,0,0,0,0,0,0
201407,13,247,3,5,Rockdale County               ,11,11,2371536,0,0,0,0,0,0,0,0,0,11,11,2371536,0,0,0,0,0,0,0,0,0
201407,13,255,3,5,Spalding County               ,21,21,2108946,0,0,0,0,0,0,0,0,0,21,21,2108946,0,0,0,0,0,0,0,0,0
201407,13,291,3,5,Union County                  ,8,8,1724754,0,0,0,0,0,0,0,0,0,8,8,1724754,0,0,0,0,0,0,0,0,0
201407,13,293,3,5,Upson County                  ,0,0,0,0,0,0,0,0,0,0,0,0,0,0,0,0,0,0,0,0,0,0,0,0
201407,13,297,3,5,Walton County                 ,19,19,2348500,0,0,0,0,0,0,0,0,0,19,19,2348500,0,0,0,0,0,0,0,0,0
201407,13,313,3,5,Whitfield County              ,5,5,605757,0,0,0,0,0,0,0,0,0,0,0,0,0,0,0,0,0,0,0,0,0
201407,13,321,3,5,Worth County                  ,1,1,112500,0,0,0,0,0,0,0,0,0,0,0,0,0,0,0,0,0,0,0,0,0
201407,15,001,4,9,Hawaii County                 ,114,114,37455215,4,8,7200000,0,0,0,0,0,0,114,114,37455215,4,8,7200000,0,0,0,0,0,0
201407,15,003,4,9,Honolulu County               ,110,110,34696144,0,0,0,0,0,0,0,0,0,110,110,34696144,0,0,0,0,0,0,0,0,0
201407,15,007,4,9,Kauai County                  ,16,16,8658214,0,0,0,0,0,0,0,0,0,0,0,0,0,0,0,0,0,0,0,0,0
201407,15,009,4,9,Maui County                   ,25,25,6379562,3,6,1353230,0,0,0,0,0,0,25,25,6379562,3,6,1353230,0,0,0,0,0,0
201407,16,001,4,8,Ada County                    ,193,193,52899527,0,0,0,1,4,369360,3,40,3007229,193,193,52899527,0,0,0,1,4,369360,3,40,3007229
201407,16,015,4,8,Boise County                  ,4,4,1085204,0,0,0,0,0,0,0,0,0,4,4,1085204,0,0,0,0,0,0,0,0,0
201407,16,027,4,8,Canyon County                 ,90,90,14401529,1,2,107031,0,0,0,0,0,0,90,90,14401529,1,2,107031,0,0,0,0,0,0
201407,16,045,4,8,Gem County                    ,5,5,515350,0,0,0,0,0,0,0,0,0,5,5,515350,0,0,0,0,0,0,0,0,0
201407,16,073,4,8,Owyhee County                 ,0,0,0,0,0,0,0,0,0,0,0,0,0,0,0,0,0,0,0,0,0,0,0,0
201407,17,005,2,3,Bond County                   ,2,2,549484,0,0,0,0,0,0,0,0,0,1,1,370000,0,0,0,0,0,0,0,0,0
201407,17,013,2,3,Calhoun County                ,1,1,129526,0,0,0,0,0,0,0,0,0,0,0,0,0,0,0,0,0,0,0,0,0
201407,17,027,2,3,Clinton County                ,9,9,1714085,0,0,0,0,0,0,0,0,0,7,7,1331328,0,0,0,0,0,0,0,0,0
201407,17,031,2,3,Cook County                   ,154,154,55599913,3,6,1054500,8,27,5117781,12,531,98171194,133,133,49280025,3,6,1054500,8,27,5117781,11,526,97546194
201407,17,037,2,3,DeKalb County                 ,6,6,1397000,0,0,0,0,0,0,0,0,0,6,6,1397000,0,0,0,0,0,0,0,0,0
201407,17,039,2,3,De Witt County                ,5,5,1270000,0,0,0,0,0,0,0,0,0,5,5,1270000,0,0,0,0,0,0,0,0,0
201407,17,043,2,3,DuPage County                 ,89,89,39018953,0,0,0,4,15,1948568,0,0,0,80,80,35875761,0,0,0,4,15,1948568,0,0,0
201407,17,063,2,3,Grundy County                 ,7,7,1703130,0,0,0,0,0,0,3,15,769230,6,6,1542581,0,0,0,0,0,0,0,0,0
201407,17,083,2,3,Jersey County                 ,3,3,411341,0,0,0,0,0,0,0,0,0,0,0,0,0,0,0,0,0,0,0,0,0
201407,17,089,2,3,Kane County                   ,114,114,20564581,0,0,0,0,0,0,0,0,0,106,106,19883244,0,0,0,0,0,0,0,0,0
201407,17,093,2,3,Kendall County                ,27,27,4668027,0,0,0,0,0,0,0,0,0,6,6,1027981,0,0,0,0,0,0,0,0,0
201407,17,097,2,3,Lake County                   ,47,47,14762218,0,0,0,0,0,0,2,253,29753000,24,24,8378596,0,0,0,0,0,0,2,253,29753000
201407,17,111,2,3,McHenry County                ,43,43,7616650,0,0,0,3,12,960000,8,67,8758503,37,37,6965201,0,0,0,3,12,960000,7,56,7400000
201407,17,117,2,3,Macoupin County               ,4,4,805750,0,0,0,0,0,0,0,0,0,0,0,0,0,0,0,0,0,0,0,0,0
201407,17,119,2,3,Madison County                ,35,35,8664383,4,8,1124436,3,10,1720000,7,126,11791206,27,27,7046378,2,4,688000,3,10,1720000,7,126,11791206
201407,17,133,2,3,Monroe County                 ,10,10,2286104,0,0,0,0,0,0,0,0,0,4,4,910731,0,0,0,0,0,0,0,0,0
201407,17,163,2,3,St. Clair County              ,40,40,7974451,0,0,0,0,0,0,3,26,2788296,18,18,3549335,0,0,0,0,0,0,0,0,0
201407,17,197,2,3,Will County                   ,126,126,36098153,1,2,316000,1,4,400000,0,0,0,117,117,34411054,1,2,316000,1,4,400000,0,0,0
201407,18,001,2,3,Adams County                  ,6,6,805214,0,0,0,0,0,0,0,0,0,4,4,489000,0,0,0,0,0,0,0,0,0
201407,18,003,2,3,Allen County                  ,87,87,21813743,2,4,600000,0,0,0,0,0,0,87,87,21813743,2,4,600000,0,0,0,0,0,0
201407,18,011,2,3,Boone County                  ,40,40,9399060,6,12,879628,0,0,0,0,0,0,15,15,2644567,0,0,0,0,0,0,0,0,0
201407,18,013,2,3,Brown County                  ,4,4,836748,0,0,0,0,0,0,0,0,0,0,0,0,0,0,0,0,0,0,0,0,0
201407,18,019,2,3,Clark County                  ,33,33,8022905,0,0,0,0,0,0,1,16,886000,33,33,8022905,0,0,0,0,0,0,1,16,886000
201407,18,029,2,3,Dearborn County               ,7,7,1355000,0,0,0,0,0,0,0,0,0,7,7,1355000,0,0,0,0,0,0,0,0,0
201407,18,043,2,3,Floyd County                  ,13,13,3527949,0,0,0,0,0,0,0,0,0,11,11,3237200,0,0,0,0,0,0,0,0,0
201407,18,047,2,3,Franklin County               ,4,4,875000,0,0,0,0,0,0,0,0,0,4,4,875000,0,0,0,0,0,0,0,0,0
201407,18,049,2,3,Fulton County                 ,2,2,441500,0,0,0,0,0,0,0,0,0,2,2,441500,0,0,0,0,0,0,0,0,0
201407,18,057,2,3,Hamilton County               ,125,125,47859171,0,0,0,0,0,0,19,360,29655923,124,124,47748940,0,0,0,0,0,0,19,360,29655923
201407,18,059,2,3,Hancock County                ,26,26,5235049,0,0,0,0,0,0,0,0,0,26,26,5235049,0,0,0,0,0,0,0,0,0
201407,18,061,2,3,Harrison County               ,3,3,565000,0,0,0,0,0,0,0,0,0,3,3,565000,0,0,0,0,0,0,0,0,0
201407,18,063,2,3,Hendricks County              ,63,63,14928721,0,0,0,2,8,336000,18,148,7836476,43,43,10731179,0,0,0,2,8,336000,16,118,6146000
201407,18,065,2,3,Henry County                  ,4,4,735000,0,0,0,0,0,0,0,0,0,4,4,735000,0,0,0,0,0,0,0,0,0
201407,18,069,2,3,Huntington County             ,12,12,2417973,0,0,0,0,0,0,0,0,0,12,12,2417973,0,0,0,0,0,0,0,0,0
201407,18,073,2,3,Jasper County                 ,7,7,1334461,0,0,0,0,0,0,0,0,0,7,7,1334461,0,0,0,0,0,0,0,0,0
201407,18,079,2,3,Jennings County               ,8,8,876897,0,0,0,0,0,0,0,0,0,8,8,876897,0,0,0,0,0,0,0,0,0
201407,18,081,2,3,Johnson County                ,53,53,12408267,1,2,255000,0,0,0,0,0,0,51,51,12177129,1,2,255000,0,0,0,0,0,0
201407,18,087,2,3,Lagrange County               ,14,14,2369866,0,0,0,0,0,0,0,0,0,14,14,2369866,0,0,0,0,0,0,0,0,0
201407,18,089,2,3,Lake County                   ,78,78,20112305,0,0,0,0,0,0,2,13,1464000,75,75,19583176,0,0,0,0,0,0,2,13,1464000
201407,18,097,2,3,Marion County                 ,83,83,18727097,0,0,0,2,8,505008,19,191,10979771,83,83,18727097,0,0,0,2,8,505008,19,191,10979771
201407,18,105,2,3,Monroe County                 ,16,16,2900487,2,4,409536,0,0,0,5,41,3264511,0,0,0,0,0,0,0,0,0,0,0,0
201407,18,109,2,3,Morgan County                 ,18,18,3441300,0,0,0,0,0,0,0,0,0,18,18,3441300,0,0,0,0,0,0,0,0,0
201407,18,111,2,3,Newton County                 ,2,2,430337,0,0,0,0,0,0,0,0,0,0,0,0,0,0,0,0,0,0,0,0,0
201407,18,115,2,3,Ohio County                   ,1,1,238000,0,0,0,0,0,0,0,0,0,1,1,238000,0,0,0,0,0,0,0,0,0
201407,18,125,2,3,Pike County                   ,1,1,232000,0,0,0,0,0,0,0,0,0,1,1,232000,0,0,0,0,0,0,0,0,0
201407,18,127,2,3,Porter County                 ,42,42,12969798,2,4,375080,0,0,0,0,0,0,40,40,12711498,1,2,235080,0,0,0,0,0,0
201407,18,133,2,3,Putnam County                 ,4,4,797073,0,0,0,0,0,0,0,0,0,0,0,0,0,0,0,0,0,0,0,0,0
201407,18,145,2,3,Shelby County                 ,3,3,509777,0,0,0,0,0,0,0,0,0,3,3,509777,0,0,0,0,0,0,0,0,0
201407,18,155,2,3,Switzerland County            ,7,7,407863,0,0,0,0,0,0,0,0,0,0,0,0,0,0,0,0,0,0,0,0,0
201407,18,157,2,3,Tippecanoe County             ,47,47,9942785,0,0,0,0,0,0,0,0,0,47,47,9942785,0,0,0,0,0,0,0,0,0
201407,18,163,2,3,Vanderburgh County            ,26,26,2445500,2,4,430000,0,0,0,0,0,0,26,26,2445500,2,4,430000,0,0,0,0,0,0
201407,18,167,2,3,Vigo County                   ,3,3,330129,1,2,110000,1,4,276000,1,10,531247,2,2,195000,0,0,0,0,0,0,0,0,0
201407,18,175,2,3,Washington County             ,3,3,407803,0,0,0,0,0,0,0,0,0,0,0,0,0,0,0,0,0,0,0,0,0
201407,18,179,2,3,Wells County                  ,5,5,1176826,0,0,0,0,0,0,0,0,0,5,5,1176826,0,0,0,0,0,0,0,0,0
201407,18,181,2,3,White County                  ,3,3,696000,0,0,0,0,0,0,0,0,0,3,3,696000,0,0,0,0,0,0,0,0,0
201407,18,183,2,3,Whitley County                ,5,5,959000,0,0,0,0,0,0,0,0,0,5,5,959000,0,0,0,0,0,0,0,0,0
201407,19,049,2,4,Dallas County                 ,19,19,5436718,0,0,0,0,0,0,0,0,0,19,19,5436718,0,0,0,0,0,0,0,0,0
201407,19,077,2,4,Guthrie County                ,3,3,1200000,0,0,0,0,0,0,0,0,0,3,3,1200000,0,0,0,0,0,0,0,0,0
201407,19,085,2,4,Harrison County               ,3,3,625000,1,2,229070,0,0,0,0,0,0,3,3,625000,0,0,0,0,0,0,0,0,0
201407,19,121,2,4,Madison County                ,6,6,1290000,0,0,0,0,0,0,0,0,0,6,6,1290000,0,0,0,0,0,0,0,0,0
201407,19,129,2,4,Mills County                  ,0,0,0,0,0,0,0,0,0,0,0,0,0,0,0,0,0,0,0,0,0,0,0,0
201407,19,153,2,4,Polk County                   ,200,200,48561590,0,0,0,0,0,0,1,14,1956182,188,188,44995469,0,0,0,0,0,0,0,0,0
201407,19,155,2,4,Pottawattamie County          ,14,14,2473050,0,0,0,0,0,0,0,0,0,14,14,2473050,0,0,0,0,0,0,0,0,0
201407,19,181,2,4,Warren County                 ,10,10,2973952,0,0,0,0,0,0,0,0,0,10,10,2973952,0,0,0,0,0,0,0,0,0
201407,20,055,2,4,Finney County                 ,5,5,802467,2,4,372089,0,0,0,1,5,317708,0,0,0,0,0,0,0,0,0,0,0,0
201407,20,059,2,4,Franklin County               ,4,4,920000,0,0,0,0,0,0,0,0,0,4,4,920000,0,0,0,0,0,0,0,0,0
201407,20,063,2,4,Gove County                   ,0,0,0,0,0,0,0,0,0,0,0,0,0,0,0,0,0,0,0,0,0,0,0,0
201407,20,091,2,4,Johnson County                ,144,144,45235659,1,2,326000,0,0,0,1,10,900000,84,84,27704059,0,0,0,0,0,0,1,10,900000
201407,20,103,2,4,Leavenworth County            ,18,18,2668650,3,6,240000,0,0,0,0,0,0,18,18,2668650,3,6,240000,0,0,0,0,0,0
201407,20,107,2,4,Linn County                   ,5,5,302000,0,0,0,0,0,0,0,0,0,5,5,302000,0,0,0,0,0,0,0,0,0
201407,20,121,2,4,Miami County                  ,4,4,890983,0,0,0,0,0,0,0,0,0,1,1,135536,0,0,0,0,0,0,0,0,0
201407,20,129,2,4,Morton County                 ,0,0,0,0,0,0,0,0,0,0,0,0,0,0,0,0,0,0,0,0,0,0,0,0
201407,20,151,2,4,Pratt County                  ,0,0,0,0,0,0,0,0,0,0,0,0,0,0,0,0,0,0,0,0,0,0,0,0
201407,20,183,2,4,Smith County                  ,0,0,0,0,0,0,0,0,0,0,0,0,0,0,0,0,0,0,0,0,0,0,0,0
201407,20,209,2,4,Wyandotte County              ,22,22,2638913,0,0,0,0,0,0,0,0,0,22,22,2638913,0,0,0,0,0,0,0,0,0
201407,21,005,3,6,Anderson County               ,3,3,421514,0,0,0,0,0,0,0,0,0,3,3,421514,0,0,0,0,0,0,0,0,0
201407,21,015,3,6,Boone County                  ,50,50,7553919,0,0,0,0,0,0,0,0,0,50,50,7553919,0,0,0,0,0,0,0,0,0
201407,21,021,3,6,Boyle County                  ,2,2,900000,0,0,0,0,0,0,0,0,0,2,2,900000,0,0,0,0,0,0,0,0,0
201407,21,029,3,6,Bullitt County                ,29,29,6580050,0,0,0,0,0,0,0,0,0,29,29,6580050,0,0,0,0,0,0,0,0,0
201407,21,037,3,6,Campbell County               ,14,14,2728671,0,0,0,0,0,0,3,21,1921423,14,14,2728671,0,0,0,0,0,0,3,21,1921423
201407,21,049,3,6,Clark County                  ,3,3,519265,1,2,400000,0,0,0,0,0,0,0,0,0,0,0,0,0,0,0,0,0,0
201407,21,053,3,6,Clinton County                ,0,0,0,0,0,0,0,0,0,0,0,0,0,0,0,0,0,0,0,0,0,0,0,0
201407,21,059,3,6,Daviess County                ,25,25,2861180,0,0,0,0,0,0,0,0,0,25,25,2861180,0,0,0,0,0,0,0,0,0
201407,21,067,3,6,Fayette County                ,66,66,10011769,0,0,0,0,0,0,1,18,1436559,0,0,0,0,0,0,0,0,0,0,0,0
201407,21,077,3,6,Gallatin County               ,2,2,326132,0,0,0,0,0,0,0,0,0,0,0,0,0,0,0,0,0,0,0,0,0
201407,21,081,3,6,Grant County                  ,3,3,650000,0,0,0,0,0,0,0,0,0,3,3,650000,0,0,0,0,0,0,0,0,0
201407,21,103,3,6,Henry County                  ,2,2,393457,0,0,0,0,0,0,0,0,0,2,2,393457,0,0,0,0,0,0,0,0,0
201407,21,111,3,6,Jefferson County              ,93,93,21422563,0,0,0,2,8,787815,6,112,4314927,0,0,0,0,0,0,0,0,0,0,0,0
201407,21,113,3,6,Jessamine County              ,13,13,2544848,0,0,0,0,0,0,0,0,0,5,5,1475000,0,0,0,0,0,0,0,0,0
201407,21,117,3,6,Kenton County                 ,21,21,4450252,0,0,0,0,0,0,0,0,0,21,21,4450252,0,0,0,0,0,0,0,0,0
201407,21,137,3,6,Lincoln County                ,2,2,380178,0,0,0,0,0,0,0,0,0,0,0,0,0,0,0,0,0,0,0,0,0
201407,21,151,3,6,Madison County                ,8,8,692521,2,4,120000,3,12,620000,1,5,168572,0,0,0,2,4,120000,3,12,620000,0,0,0
201407,21,157,3,6,Marshall County               ,1,1,121209,0,0,0,0,0,0,1,9,500000,0,0,0,0,0,0,0,0,0,0,0,0
201407,21,163,3,6,Meade County                  ,8,8,1500967,0,0,0,0,0,0,0,0,0,5,5,1035000,0,0,0,0,0,0,0,0,0
201407,21,167,3,6,Mercer County                 ,4,4,560699,1,2,137500,0,0,0,0,0,0,0,0,0,0,0,0,0,0,0,0,0,0
201407,21,179,3,6,Nelson County                 ,16,16,2486000,0,0,0,0,0,0,0,0,0,16,16,2486000,0,0,0,0,0,0,0,0,0
201407,21,185,3,6,Oldham County                 ,20,20,4128748,0,0,0,0,0,0,0,0,0,0,0,0,0,0,0,0,0,0,0,0,0
201407,21,191,3,6,Pendleton County              ,0,0,0,0,0,0,0,0,0,0,0,0,0,0,0,0,0,0,0,0,0,0,0,0
201407,21,205,3,6,Rowan County                  ,1,1,81900,0,0,0,0,0,0,0,0,0,1,1,81900,0,0,0,0,0,0,0,0,0
201407,21,209,3,6,Scott County                  ,25,25,2875227,0,0,0,0,0,0,0,0,0,25,25,2875227,0,0,0,0,0,0,0,0,0
201407,21,211,3,6,Shelby County                 ,17,17,2738795,0,0,0,0,0,0,0,0,0,17,17,2738795,0,0,0,0,0,0,0,0,0
201407,21,213,3,6,Simpson County                ,0,0,0,0,0,0,0,0,0,0,0,0,0,0,0,0,0,0,0,0,0,0,0,0
201407,21,215,3,6,Spencer County                ,5,5,1077971,0,0,0,0,0,0,0,0,0,5,5,1077971,0,0,0,0,0,0,0,0,0
201407,21,221,3,6,Trigg County                  ,0,0,0,0,0,0,0,0,0,0,0,0,0,0,0,0,0,0,0,0,0,0,0,0
201407,21,239,3,6,Woodford County               ,6,6,1403525,0,0,0,0,0,0,0,0,0,6,6,1403525,0,0,0,0,0,0,0,0,0
201407,22,009,3,7,Avoyelles Parish              ,6,6,1170000,0,0,0,0,0,0,0,0,0,6,6,1170000,0,0,0,0,0,0,0,0,0
201407,22,017,3,7,Caddo Parish                  ,18,18,4611583,0,0,0,0,0,0,0,0,0,18,18,4611583,0,0,0,0,0,0,0,0,0
201407,22,039,3,7,Evangeline Parish             ,7,7,1411190,0,0,0,0,0,0,0,0,0,7,7,1411190,0,0,0,0,0,0,0,0,0
201407,22,051,3,7,Jefferson Parish              ,24,24,6589995,0,0,0,0,0,0,0,0,0,23,23,6430209,0,0,0,0,0,0,0,0,0
201407,22,071,3,7,Orleans Parish                ,67,67,14905774,9,18,2679805,0,0,0,0,0,0,67,67,14905774,9,18,2679805,0,0,0,0,0,0
201407,22,075,3,7,Plaquemines Parish            ,6,6,1667000,0,0,0,0,0,0,0,0,0,6,6,1667000,0,0,0,0,0,0,0,0,0
201407,22,077,3,7,Pointe Coupee Parish          ,7,7,1970378,0,0,0,0,0,0,0,0,0,7,7,1970378,0,0,0,0,0,0,0,0,0
201407,22,087,3,7,St. Bernard Parish            ,3,3,791000,0,0,0,0,0,0,0,0,0,3,3,791000,0,0,0,0,0,0,0,0,0
201407,22,089,3,7,St. Charles Parish            ,10,10,2203922,0,0,0,0,0,0,0,0,0,0,0,0,0,0,0,0,0,0,0,0,0
201407,22,091,3,7,St. Helena Parish             ,0,0,0,0,0,0,0,0,0,0,0,0,0,0,0,0,0,0,0,0,0,0,0,0
201407,22,095,3,7,St. John the Baptist Parish   ,0,0,0,0,0,0,0,0,0,0,0,0,0,0,0,0,0,0,0,0,0,0,0,0
201407,22,103,3,7,St. Tammany Parish            ,115,115,24052571,0,0,0,0,0,0,0,0,0,113,113,23184718,0,0,0,0,0,0,0,0,0
201407,22,105,3,7,Tangipahoa Parish             ,52,52,7354405,0,0,0,0,0,0,0,0,0,49,49,6894223,0,0,0,0,0,0,0,0,0
201407,22,109,3,7,Terrebonne Parish             ,25,25,7226014,0,0,0,0,0,0,0,0,0,0,0,0,0,0,0,0,0,0,0,0,0
201407,22,117,3,7,Washington Parish             ,7,7,1904600,0,0,0,0,0,0,0,0,0,7,7,1904600,0,0,0,0,0,0,0,0,0
201407,23,000,1,1,Maine Unorganized Territory   ,9,9,1195202,0,0,0,0,0,0,0,0,0,0,0,0,0,0,0,0,0,0,0,0,0
201407,24,003,3,5,Anne Arundel County           ,236,236,50603387,0,0,0,0,0,0,4,20,400000,230,230,49586667,0,0,0,0,0,0,4,20,400000
201407,24,005,3,5,Baltimore County              ,63,63,13582435,0,0,0,0,0,0,0,0,0,63,63,13582435,0,0,0,0,0,0,0,0,0
201407,24,009,3,5,Calvert County                ,19,19,4096290,0,0,0,0,0,0,0,0,0,19,19,4096290,0,0,0,0,0,0,0,0,0
201407,24,013,3,5,Carroll County                ,58,58,12504464,0,0,0,0,0,0,0,0,0,58,58,12504464,0,0,0,0,0,0,0,0,0
201407,24,015,3,5,Cecil County                  ,13,13,1747585,0,0,0,0,0,0,8,50,40448976,13,13,1747585,0,0,0,0,0,0,8,50,40448976
201407,24,017,3,5,Charles County                ,79,79,17928280,0,0,0,0,0,0,0,0,0,79,79,17928280,0,0,0,0,0,0,0,0,0
201407,24,021,3,5,Frederick County              ,47,47,10185342,0,0,0,0,0,0,0,0,0,47,47,10185342,0,0,0,0,0,0,0,0,0
201407,24,023,3,5,Garrett County                ,14,14,6619540,0,0,0,0,0,0,0,0,0,14,14,6619540,0,0,0,0,0,0,0,0,0
201407,24,025,3,5,Harford County                ,32,32,6774533,0,0,0,0,0,0,0,0,0,32,32,6774533,0,0,0,0,0,0,0,0,0
201407,24,027,3,5,Howard County                 ,65,65,14013623,0,0,0,0,0,0,1,40,3000000,65,65,14013623,0,0,0,0,0,0,1,40,3000000
201407,24,031,3,5,Montgomery County             ,173,173,31763029,16,32,2400000,0,0,0,10,293,32837129,173,173,31763029,16,32,2400000,0,0,0,10,293,32837129
201407,24,033,3,5,Prince George County          ,117,117,25522615,0,0,0,0,0,0,0,0,0,115,115,24793333,0,0,0,0,0,0,0,0,0
201407,24,035,3,5,Queen Anne County             ,30,30,6372232,0,0,0,0,0,0,0,0,0,30,30,6372232,0,0,0,0,0,0,0,0,0
201407,24,510,3,5,Baltimore (Independent City)  ,22,22,3177100,1,2,354842,1,4,523688,1,88,7991701,0,0,0,0,0,0,0,0,0,0,0,0
201407,25,009,1,1,Essex County                  ,64,64,21369620,3,6,496000,0,0,0,1,5,432987,42,42,13883049,3,6,496000,0,0,0,0,0,0
201407,25,017,1,1,Middlesex County              ,140,140,41677912,2,4,426433,0,0,0,7,315,58152368,101,101,29434483,0,0,0,0,0,0,2,150,28599802
201407,25,019,1,1,Nantucket County              ,6,6,7295000,0,0,0,0,0,0,0,0,0,6,6,7295000,0,0,0,0,0,0,0,0,0
201407,25,021,1,1,Norfolk County                ,71,71,24874923,1,2,335000,0,0,0,4,40,4670818,50,50,17784632,0,0,0,0,0,0,0,0,157000
201407,25,023,1,1,Plymouth County               ,90,90,19831369,1,2,291667,1,3,469233,1,7,689367,68,68,15460458,0,0,0,0,0,0,0,0,0
201407,25,025,1,1,Suffolk County                ,6,6,1352727,4,8,1092000,2,6,527700,6,197,41547073,5,5,1207132,4,8,1092000,2,6,527700,4,148,36150990
201407,26,000,2,3,Michigan Balance of State     ,8,8,1422831,0,0,0,0,0,0,0,0,0,0,0,0,0,0,0,0,0,0,0,0,0
201407,26,001,2,3,Alcona County                 ,3,3,301412,0,0,0,0,0,0,0,0,0,0,0,0,0,0,0,0,0,0,0,0,0
201407,26,009,2,3,Antrim County                 ,10,10,5319953,0,0,0,0,0,0,0,0,0,10,10,5319953,0,0,0,0,0,0,0,0,0
201407,26,015,2,3,Barry County                  ,8,8,1409541,0,0,0,0,0,0,0,0,0,0,0,0,0,0,0,0,0,0,0,0,0
201407,26,019,2,3,Benzie County                 ,6,6,1208590,0,0,0,0,0,0,0,0,0,6,6,1208590,0,0,0,0,0,0,0,0,0
201407,26,029,2,3,Charlevoix County             ,9,9,2672054,0,0,0,0,0,0,0,0,0,0,0,0,0,0,0,0,0,0,0,0,0
201407,26,031,2,3,Cheboygan County              ,12,12,1757000,0,0,0,0,0,0,0,0,0,12,12,1757000,0,0,0,0,0,0,0,0,0
201407,26,047,2,3,Emmet County                  ,13,13,4146613,0,0,0,0,0,0,0,0,0,13,13,4146613,0,0,0,0,0,0,0,0,0
201407,26,051,2,3,Gladwin County                ,2,2,470731,0,0,0,0,0,0,0,0,0,2,2,470731,0,0,0,0,0,0,0,0,0
201407,26,059,2,3,Hillsdale County              ,5,5,680042,0,0,0,0,0,0,0,0,0,1,1,49280,0,0,0,0,0,0,0,0,0
201407,26,067,2,3,Ionia County                  ,6,6,991101,0,0,0,0,0,0,0,0,0,0,0,0,0,0,0,0,0,0,0,0,0
201407,26,079,2,3,Kalkaska County               ,3,3,750000,0,0,0,0,0,0,0,0,0,3,3,750000,0,0,0,0,0,0,0,0,0
201407,26,081,2,3,Kent County                   ,124,124,29790546,1,2,264444,0,0,0,1,10,1297381,105,105,25338043,0,0,0,0,0,0,1,10,1297381
201407,26,085,2,3,Lake County                   ,8,8,229962,0,0,0,0,0,0,0,0,0,0,0,0,0,0,0,0,0,0,0,0,0
201407,26,087,2,3,Lapeer County                 ,16,16,2392052,0,0,0,0,0,0,0,0,0,13,13,1659000,0,0,0,0,0,0,0,0,0
201407,26,089,2,3,Leelanau County               ,16,16,4354213,0,0,0,0,0,0,0,0,0,16,16,4354213,0,0,0,0,0,0,0,0,0
201407,26,093,2,3,Livingston County             ,58,58,14127998,1,2,182876,0,0,0,2,13,1671063,56,56,13923855,0,0,0,0,0,0,1,8,1185798
201407,26,099,2,3,Macomb County                 ,127,127,31151572,0,0,0,0,0,0,15,151,16784795,124,124,30620789,0,0,0,0,0,0,14,146,16449795
201407,26,103,2,3,Marquette County              ,15,15,2445000,0,0,0,0,0,0,1,24,2800000,15,15,2445000,0,0,0,0,0,0,1,24,2800000
201407,26,113,2,3,Missaukee County              ,2,2,320584,0,0,0,0,0,0,0,0,0,0,0,0,0,0,0,0,0,0,0,0,0
201407,26,123,2,3,Newaygo County                ,10,10,1477969,0,0,0,0,0,0,0,0,0,6,6,1120580,0,0,0,0,0,0,0,0,0
201407,26,125,2,3,Oakland County                ,206,206,60791100,0,0,0,2,7,379088,3,149,18588358,183,183,53611495,0,0,0,0,0,0,2,139,17871000
201407,26,129,2,3,Ogemaw County                 ,4,4,778979,0,0,0,0,0,0,0,0,0,4,4,778979,0,0,0,0,0,0,0,0,0
201407,26,133,2,3,Osceola County                ,2,2,230000,0,0,0,0,0,0,0,0,0,2,2,230000,0,0,0,0,0,0,0,0,0
201407,26,137,2,3,Otsego County                 ,2,2,162000,0,0,0,0,0,0,0,0,0,0,0,0,0,0,0,0,0,0,0,0,0
201407,26,141,2,3,Presque Isle County           ,3,3,1050000,0,0,0,0,0,0,0,0,0,3,3,1050000,0,0,0,0,0,0,0,0,0
201407,26,147,2,3,St. Clair County              ,14,14,2635358,0,0,0,0,0,0,0,0,0,10,10,2201961,0,0,0,0,0,0,0,0,0
201407,26,163,2,3,Wayne County                  ,89,89,18850755,0,0,0,14,49,4618679,1,5,498257,83,83,18058449,0,0,0,13,46,4403536,1,5,498257
201407,27,003,2,4,Anoka County                  ,78,78,19965582,0,0,0,0,0,0,0,0,0,66,66,17373540,0,0,0,0,0,0,0,0,0
201407,27,019,2,4,Carver County                 ,72,72,19307515,0,0,0,0,0,0,0,0,0,62,62,16334538,0,0,0,0,0,0,0,0,0
201407,27,025,2,4,Chisago County                ,17,17,2660755,0,0,0,0,0,0,0,0,0,12,12,1980970,0,0,0,0,0,0,0,0,0
201407,27,037,2,4,Dakota County                 ,86,86,24767548,0,0,0,0,0,0,0,0,0,69,69,19872861,0,0,0,0,0,0,0,0,0
201407,27,053,2,4,Hennepin County               ,198,198,70155579,1,2,487305,1,3,625123,4,197,25941755,152,152,51382915,1,2,487305,0,0,0,4,197,25941755
201407,27,059,2,4,Isanti County                 ,6,6,1060899,0,0,0,0,0,0,0,0,0,2,2,376991,0,0,0,0,0,0,0,0,0
201407,27,123,2,4,Ramsey County                 ,26,26,7756658,0,0,0,1,4,845500,0,0,0,26,26,7756658,0,0,0,1,4,845500,0,0,0
201407,27,139,2,4,Scott County                  ,47,47,13339189,0,0,0,0,0,0,0,0,0,43,43,12395386,0,0,0,0,0,0,0,0,0
201407,27,141,2,4,Sherburne County              ,38,38,7332941,0,0,0,0,0,0,0,0,0,34,34,6571309,0,0,0,0,0,0,0,0,0
201407,27,163,2,4,Washington County             ,63,63,22169246,0,0,0,1,4,760000,0,0,0,59,59,20370134,0,0,0,1,4,760000,0,0,0
201407,27,171,2,4,Wright County                 ,57,57,13978338,0,0,0,0,0,0,0,0,0,53,53,13238494,0,0,0,0,0,0,0,0,0
201407,28,021,3,6,Claiborne County              ,0,0,0,0,0,0,0,0,0,0,0,0,0,0,0,0,0,0,0,0,0,0,0,0
201407,28,033,3,6,DeSoto County                 ,110,110,13949024,0,0,0,0,0,0,1,5,509220,73,73,7674160,0,0,0,0,0,0,1,5,509220
201407,28,039,3,6,George County                 ,0,0,0,0,0,0,0,0,0,0,0,0,0,0,0,0,0,0,0,0,0,0,0,0
201407,28,071,3,6,Lafayette County              ,4,4,869494,0,0,0,0,0,0,0,0,0,4,4,869494,0,0,0,0,0,0,0,0,0
201407,28,091,3,6,Marion County                 ,0,0,0,0,0,0,0,0,0,0,0,0,0,0,0,0,0,0,0,0,0,0,0,0
201407,28,093,3,6,Marshall County               ,12,12,1449875,0,0,0,0,0,0,0,0,0,6,6,872200,0,0,0,0,0,0,0,0,0
201407,28,137,3,6,Tate County                   ,4,4,620000,0,0,0,0,0,0,0,0,0,4,4,620000,0,0,0,0,0,0,0,0,0
201407,28,143,3,6,Tunica County                 ,1,1,80320,0,0,0,0,0,0,0,0,0,0,0,0,0,0,0,0,0,0,0,0,0
201407,28,153,3,6,Wayne County                  ,0,0,0,0,0,0,0,0,0,0,0,0,0,0,0,0,0,0,0,0,0,0,0,0
201407,29,001,2,4,Adair County                  ,1,1,304379,0,0,0,0,0,0,1,15,1081944,1,1,304379,0,0,0,0,0,0,1,15,1081944
201407,29,013,2,4,Bates County                  ,0,0,0,0,0,0,0,0,0,0,0,0,0,0,0,0,0,0,0,0,0,0,0,0
201407,29,019,2,4,Boone County                  ,59,59,13222523,0,0,0,0,0,0,0,0,0,59,59,13222523,0,0,0,0,0,0,0,0,0
201407,29,025,2,4,Caldwell County               ,2,2,440513,0,0,0,0,0,0,0,0,0,0,0,0,0,0,0,0,0,0,0,0,0
201407,29,037,2,4,Cass County                   ,23,23,5543029,0,0,0,0,0,0,0,0,0,20,20,4925252,0,0,0,0,0,0,0,0,0
201407,29,047,2,4,Clay County                   ,19,19,3942144,0,0,0,0,0,0,0,0,0,9,9,2091196,0,0,0,0,0,0,0,0,0
201407,29,049,2,4,Clinton County                ,3,3,747500,1,2,378400,0,0,0,0,0,0,3,3,747500,1,2,378400,0,0,0,0,0,0
201407,29,051,2,4,Cole County                   ,18,18,3453657,1,2,208615,0,0,0,0,0,0,0,0,0,0,0,0,0,0,0,0,0,0
201407,29,065,2,4,Dent County                   ,0,0,0,0,0,0,0,0,0,0,0,0,0,0,0,0,0,0,0,0,0,0,0,0
201407,29,071,2,4,Franklin County               ,22,22,3986918,0,0,0,0,0,0,0,0,0,19,19,3326148,0,0,0,0,0,0,0,0,0
201407,29,079,2,4,Grundy County                 ,1,1,94722,0,0,0,0,0,0,0,0,0,0,0,0,0,0,0,0,0,0,0,0,0
201407,29,095,2,4,Jackson County                ,114,114,24297584,1,2,200000,0,0,0,6,154,11658253,112,112,24061598,1,2,200000,0,0,0,6,154,11658253
201407,29,099,2,4,Jefferson County              ,36,36,5344990,1,2,380000,0,0,0,0,0,0,36,36,5344990,1,2,380000,0,0,0,0,0,0
201407,29,105,2,4,Laclede County                ,1,1,294000,0,0,0,0,0,0,0,0,0,1,1,294000,0,0,0,0,0,0,0,0,0
201407,29,107,2,4,Lafayette County              ,4,4,1006096,0,0,0,0,0,0,0,0,0,4,4,1006096,0,0,0,0,0,0,0,0,0
201407,29,113,2,4,Lincoln County                ,7,7,1174096,0,0,0,0,0,0,0,0,0,7,7,1174096,0,0,0,0,0,0,0,0,0
201407,29,141,2,4,Morgan County                 ,0,0,0,0,0,0,0,0,0,0,0,0,0,0,0,0,0,0,0,0,0,0,0,0
201407,29,161,2,4,Phelps County                 ,2,2,444558,0,0,0,0,0,0,0,0,0,2,2,444558,0,0,0,0,0,0,0,0,0
201407,29,165,2,4,Platte County                 ,14,14,3466437,0,0,0,0,0,0,0,0,0,9,9,2040207,0,0,0,0,0,0,0,0,0
201407,29,175,2,4,Randolph County               ,0,0,0,0,0,0,0,0,0,0,0,0,0,0,0,0,0,0,0,0,0,0,0,0
201407,29,177,2,4,Ray County                    ,2,2,262952,0,0,0,0,0,0,0,0,0,0,0,0,0,0,0,0,0,0,0,0,0
201407,29,183,2,4,St. Charles County            ,178,178,42312661,1,2,222908,3,10,1156286,0,0,0,178,178,42312661,1,2,222908,3,10,1156286,0,0,0
201407,29,189,2,4,St. Louis County              ,65,65,26430552,0,0,0,0,0,0,1,5,147677,25,25,10055015,0,0,0,0,0,0,0,0,0
201407,29,219,2,4,Warren County                 ,10,10,2301037,0,0,0,0,0,0,0,0,0,10,10,2301037,0,0,0,0,0,0,0,0,0
201407,29,221,2,4,Washington County             ,0,0,0,0,0,0,0,0,0,0,0,0,0,0,0,0,0,0,0,0,0,0,0,0
201407,29,510,2,4,St. Louis (Independent City)  ,7,7,1423862,0,0,0,0,0,0,2,16,1810000,7,7,1423862,0,0,0,0,0,0,2,16,1810000
201407,30,017,4,8,Custer County                 ,0,0,0,0,0,0,0,0,0,0,0,0,0,0,0,0,0,0,0,0,0,0,0,0
201407,30,023,4,8,Deer Lodge County             ,1,1,133143,0,0,0,0,0,0,0,0,0,0,0,0,0,0,0,0,0,0,0,0,0
201407,30,033,4,8,Garfield County               ,0,0,0,0,0,0,0,0,0,0,0,0,0,0,0,0,0,0,0,0,0,0,0,0
201407,30,063,4,8,Missoula County               ,14,14,1829820,0,0,0,0,0,0,1,6,173439,14,14,1829820,0,0,0,0,0,0,1,6,173439
201407,30,067,4,8,Park County                   ,1,1,198511,1,2,265000,0,0,0,0,0,0,0,0,0,0,0,0,0,0,0,0,0,0
201407,30,093,4,8,Silver Bow County             ,4,4,352243,0,0,0,3,12,476100,0,0,0,4,4,352243,0,0,0,3,12,476100,0,0,0
201407,31,025,2,4,Cass County                   ,4,4,1278656,0,0,0,0,0,0,0,0,0,4,4,1278656,0,0,0,0,0,0,0,0,0
201407,31,033,2,4,Cheyenne County               ,1,1,600000,0,0,0,0,0,0,0,0,0,1,1,600000,0,0,0,0,0,0,0,0,0
201407,31,055,2,4,Douglas County                ,65,65,10750675,0,0,0,0,0,0,0,0,0,60,60,9436032,0,0,0,0,0,0,0,0,0
201407,31,077,2,4,Greeley County                ,0,0,0,0,0,0,0,0,0,0,0,0,0,0,0,0,0,0,0,0,0,0,0,0
201407,31,105,2,4,Kimball County                ,0,0,0,0,0,0,0,0,0,0,0,0,0,0,0,0,0,0,0,0,0,0,0,0
201407,31,153,2,4,Sarpy County                  ,85,85,19711143,0,0,0,0,0,0,2,58,13676000,53,53,12869430,0,0,0,0,0,0,1,50,12906773
201407,31,155,2,4,Saunders County               ,3,3,399972,0,0,0,0,0,0,0,0,0,3,3,399972,0,0,0,0,0,0,0,0,0
201407,31,177,2,4,Washington County             ,3,3,620928,0,0,0,0,0,0,0,0,0,3,3,620928,0,0,0,0,0,0,0,0,0
201407,32,001,4,8,Churchill County              ,0,0,0,0,0,0,0,0,0,0,0,0,0,0,0,0,0,0,0,0,0,0,0,0
201407,32,003,4,8,Clark County                  ,819,819,155392658,7,14,686000,18,71,4131844,21,307,15446000,819,819,155392658,7,14,686000,18,71,4131844,21,307,15446000
201407,32,005,4,8,Douglas County                ,7,7,2788779,0,0,0,0,0,0,0,0,0,7,7,2788779,0,0,0,0,0,0,0,0,0
201407,32,007,4,8,Elko County                   ,14,14,2545527,0,0,0,0,0,0,0,0,0,14,14,2545527,0,0,0,0,0,0,0,0,0
201407,32,013,4,8,Humboldt County               ,2,2,313923,0,0,0,0,0,0,0,0,0,2,2,313923,0,0,0,0,0,0,0,0,0
201407,32,015,4,8,Lander County                 ,0,0,0,0,0,0,0,0,0,0,0,0,0,0,0,0,0,0,0,0,0,0,0,0
201407,32,017,4,8,Lincoln County                ,2,2,457996,0,0,0,0,0,0,0,0,0,0,0,0,0,0,0,0,0,0,0,0,0
201407,32,019,4,8,Lyon County                   ,9,9,1659080,0,0,0,0,0,0,0,0,0,8,8,1444080,0,0,0,0,0,0,0,0,0
201407,32,021,4,8,Mineral County                ,0,0,0,0,0,0,0,0,0,0,0,0,0,0,0,0,0,0,0,0,0,0,0,0
201407,32,027,4,8,Pershing County               ,0,0,0,0,0,0,0,0,0,0,0,0,0,0,0,0,0,0,0,0,0,0,0,0
201407,32,029,4,8,Storey County                 ,0,0,0,0,0,0,0,0,0,0,0,0,0,0,0,0,0,0,0,0,0,0,0,0
201407,32,031,4,8,Washoe County                 ,151,151,39474009,2,4,678508,0,0,0,8,84,10017211,151,151,39474009,2,4,678508,0,0,0,8,84,10017211
201407,32,033,4,8,White Pine County             ,0,0,0,0,0,0,0,0,0,0,0,0,0,0,0,0,0,0,0,0,0,0,0,0
201407,32,510,4,8,Carson City (Independent City),3,3,1693532,0,0,0,0,0,0,0,0,0,3,3,1693532,0,0,0,0,0,0,0,0,0
201407,33,015,1,1,Rockingham County             ,61,61,15967508,0,0,0,3,9,1956969,4,99,10332603,52,52,13816131,0,0,0,3,9,1956969,3,94,9857228
201407,33,017,1,1,Strafford County              ,24,24,4866886,1,2,167847,0,0,0,1,14,1529743,21,21,4314976,1,2,167847,0,0,0,0,0,0
201407,34,001,1,2,Atlantic County               ,39,39,7425450,0,0,0,0,0,0,1,9,1977033,29,29,6290333,0,0,0,0,0,0,0,0,0
201407,34,003,1,2,Bergen County                 ,99,99,30285137,7,14,3051576,0,0,0,14,265,25876512,55,55,14734732,5,10,2653000,0,0,0,4,109,12575000
201407,34,005,1,2,Burlington County             ,55,55,9665901,0,0,0,0,0,0,8,74,5255227,23,23,4293404,0,0,0,0,0,0,5,54,3750662
201407,34,007,1,2,Camden County                 ,20,20,5407265,1,2,250,2,7,3790,11,86,3937433,3,3,3546417,1,2,250,2,7,3790,6,30,651109
201407,34,009,1,2,Cape May County               ,39,39,21694727,4,8,1471600,0,0,0,0,0,0,34,34,20574885,4,8,1471600,0,0,0,0,0,0
201407,34,011,1,2,Cumberland County             ,13,13,1494006,0,0,0,0,0,0,0,0,0,4,4,416200,0,0,0,0,0,0,0,0,0
201407,34,013,1,2,Essex County                  ,22,22,4644727,1,2,7005,0,0,0,7,190,20971469,15,15,3741150,0,0,0,0,0,0,2,110,13855000
201407,34,015,1,2,Gloucester County             ,38,38,5558357,0,0,0,1,4,685646,0,0,0,23,23,3644861,0,0,0,0,0,0,0,0,0
201407,34,017,1,2,Hudson County                 ,0,0,91700,2,4,469211,3,10,1125425,5,951,297671904,0,0,91700,1,2,311000,2,7,881000,2,902,294359736
201407,34,019,1,2,Hunterdon County              ,15,15,3645782,0,0,0,0,0,0,4,71,4325969,12,12,2881000,0,0,0,0,0,0,3,60,3878500
201407,34,021,1,2,Mercer County                 ,10,10,3980630,0,0,0,0,0,0,3,69,6866491,5,5,2012006,0,0,0,0,0,0,0,0,0
201407,34,023,1,2,Middlesex County              ,66,66,12157601,0,0,0,1,3,476643,2,52,2234518,56,56,10825341,0,0,0,0,0,0,0,0,0
201407,34,025,1,2,Monmouth County               ,106,106,23170579,0,0,0,0,0,0,4,38,3038070,77,77,17978813,0,0,0,0,0,0,1,10,1072000
201407,34,027,1,2,Morris County                 ,76,76,15671170,0,0,0,0,0,0,6,116,7582113,42,42,8871560,0,0,0,0,0,0,0,0,0
201407,34,029,1,2,Ocean County                  ,232,232,38394945,2,4,431413,0,0,0,0,0,0,225,225,37218255,2,4,431413,0,0,0,0,0,0
201407,34,031,1,2,Passaic County                ,17,17,2896047,1,2,160746,0,0,0,3,27,3041725,11,11,1828896,0,0,0,0,0,0,1,10,1320000
201407,34,033,1,2,Salem County                  ,4,4,294675,0,0,0,0,0,0,0,0,0,3,3,122300,0,0,0,0,0,0,0,0,0
201407,34,035,1,2,Somerset County               ,59,59,8041637,1,2,193058,1,3,15000,3,67,3906589,39,39,5014350,0,0,0,1,3,15000,0,0,0
201407,34,037,1,2,Sussex County                 ,13,13,3309342,0,0,0,0,0,0,0,0,0,4,4,1556800,0,0,0,0,0,0,0,0,0
201407,34,039,1,2,Union County                  ,26,26,4859324,6,12,1030611,0,0,0,4,59,2401748,9,9,2244700,5,10,824561,0,0,0,0,0,0
201407,34,041,1,2,Warren County                 ,7,7,1180590,0,0,0,0,0,0,1,8,345430,2,2,304500,0,0,0,0,0,0,0,0,0
201407,35,000,4,8,New Mexico Balance of State   ,13,13,3347163,0,0,0,0,0,0,0,0,0,13,13,3347163,0,0,0,0,0,0,0,0,0
201407,35,001,4,8,Bernalillo County             ,50,50,11595209,0,0,0,0,0,0,0,0,0,50,50,11595209,0,0,0,0,0,0,0,0,0
201407,35,005,4,8,Chaves County                 ,3,3,553127,0,0,0,0,0,0,0,0,0,3,3,553127,0,0,0,0,0,0,0,0,0
201407,35,007,4,8,Colfax County                 ,1,1,402782,0,0,0,0,0,0,0,0,0,0,0,0,0,0,0,0,0,0,0,0,0
201407,35,009,4,8,Curry County                  ,6,6,1603166,0,0,0,0,0,0,0,0,0,6,6,1603166,0,0,0,0,0,0,0,0,0
201407,35,013,4,8,Dona Ana County               ,73,73,15017063,0,0,0,0,0,0,0,0,0,73,73,15017063,0,0,0,0,0,0,0,0,0
201407,35,015,4,8,Eddy County                   ,18,18,4001871,0,0,0,0,0,0,0,0,0,18,18,4001871,0,0,0,0,0,0,0,0,0
201407,35,017,4,8,Grant County                  ,0,0,0,0,0,0,0,0,0,0,0,0,0,0,0,0,0,0,0,0,0,0,0,0
201407,35,025,4,8,Lea County                    ,8,8,2777250,0,0,0,0,0,0,0,0,0,8,8,2777250,0,0,0,0,0,0,0,0,0
201407,35,027,4,8,Lincoln County                ,7,7,1564989,0,0,0,0,0,0,0,0,0,0,0,0,0,0,0,0,0,0,0,0,0
201407,35,028,4,8,Los Alamos County             ,0,0,0,0,0,0,0,0,0,0,0,0,0,0,0,0,0,0,0,0,0,0,0,0
201407,35,029,4,8,Luna County                   ,0,0,0,0,0,0,0,0,0,0,0,0,0,0,0,0,0,0,0,0,0,0,0,0
201407,35,031,4,8,McKinley County               ,0,0,0,0,0,0,0,0,0,0,0,0,0,0,0,0,0,0,0,0,0,0,0,0
201407,35,035,4,8,Otero County                  ,0,0,0,0,0,0,0,0,0,0,0,0,0,0,0,0,0,0,0,0,0,0,0,0
201407,35,039,4,8,Rio Arriba County             ,0,0,0,0,0,0,0,0,0,0,0,0,0,0,0,0,0,0,0,0,0,0,0,0
201407,35,041,4,8,Roosevelt County              ,0,0,0,0,0,0,0,0,0,0,0,0,0,0,0,0,0,0,0,0,0,0,0,0
201407,35,043,4,8,Sandoval County               ,77,77,14230136,0,0,0,2,8,670827,1,5,208333,0,0,0,0,0,0,0,0,0,0,0,0
201407,35,045,4,8,San Juan County               ,8,8,1430337,0,0,0,0,0,0,0,0,0,8,8,1430337,0,0,0,0,0,0,0,0,0
201407,35,047,4,8,San Miguel County             ,0,0,0,0,0,0,0,0,0,0,0,0,0,0,0,0,0,0,0,0,0,0,0,0
201407,35,049,4,8,Santa Fe County               ,13,13,6956420,0,0,0,0,0,0,0,0,0,13,13,6956420,0,0,0,0,0,0,0,0,0
201407,35,051,4,8,Sierra County                 ,0,0,0,0,0,0,0,0,0,0,0,0,0,0,0,0,0,0,0,0,0,0,0,0
201407,35,053,4,8,Socorro County                ,0,0,0,0,0,0,0,0,0,0,0,0,0,0,0,0,0,0,0,0,0,0,0,0
201407,35,055,4,8,Taos County                   ,9,9,1177591,2,4,593000,0,0,0,0,0,0,2,2,410000,2,4,593000,0,0,0,0,0,0
201407,35,061,4,8,Valencia County               ,7,7,758884,0,0,0,0,0,0,0,0,0,0,0,0,0,0,0,0,0,0,0,0,0
201407,36,005,1,2,Bronx County                  ,0,0,0,2,4,492006,0,0,0,4,153,15104160,0,0,0,2,4,492006,0,0,0,4,153,15104160
201407,36,047,1,2,Kings County                  ,0,0,0,10,20,2460030,8,27,2917728,20,1052,103853440,0,0,0,10,20,2460030,8,27,2917728,20,1052,103853440
201407,36,059,1,2,Nassau County                 ,52,52,23932320,0,0,0,0,0,0,1,26,5260761,45,45,19125119,0,0,0,0,0,0,1,26,5260761
201407,36,061,1,2,New York County               ,0,0,0,0,0,0,0,0,0,8,713,70387360,0,0,0,0,0,0,0,0,0,8,713,70387360
201407,36,079,1,2,Putnam County                 ,5,5,1252890,0,0,0,0,0,0,1,10,1365500,4,4,1100490,0,0,0,0,0,0,1,10,1365500
201407,36,081,1,2,Queens County                 ,12,12,2897117,16,32,3936048,2,6,648384,6,74,7305280,12,12,2897117,16,32,3936048,2,6,648384,6,74,7305280
201407,36,085,1,2,Richmond County               ,25,25,6035660,2,4,492006,0,0,0,0,0,0,25,25,6035660,2,4,492006,0,0,0,0,0,0
201407,36,087,1,2,Rockland County               ,13,13,3563749,0,0,0,1,4,384139,3,24,2436611,8,8,2280286,0,0,0,0,0,0,1,9,1000000
201407,36,103,1,2,Suffolk County                ,105,105,52763577,0,0,0,0,0,0,0,0,0,88,88,45470789,0,0,0,0,0,0,0,0,0
201407,36,119,1,2,Westchester County            ,23,23,11942777,1,2,200000,0,0,0,1,23,2600000,19,19,10757706,0,0,0,0,0,0,1,23,2600000
201407,37,003,3,5,Alexander County              ,5,5,1396350,0,0,0,0,0,0,0,0,0,5,5,1396350,0,0,0,0,0,0,0,0,0
201407,37,007,3,5,Anson County                  ,3,3,449595,0,0,0,0,0,0,0,0,0,0,0,0,0,0,0,0,0,0,0,0,0
201407,37,009,3,5,Ashe County                   ,5,5,1070875,0,0,0,0,0,0,0,0,0,5,5,1070875,0,0,0,0,0,0,0,0,0
201407,37,011,3,5,Avery County                  ,7,7,3460000,0,0,0,0,0,0,0,0,0,7,7,3460000,0,0,0,0,0,0,0,0,0
201407,37,019,3,5,Brunswick County              ,207,207,41321692,0,0,0,0,0,0,0,0,0,109,109,23211280,0,0,0,0,0,0,0,0,0
201407,37,025,3,5,Cabarrus County               ,122,122,15003745,0,0,0,0,0,0,0,0,0,122,122,15003745,0,0,0,0,0,0,0,0,0
201407,37,027,3,5,Caldwell County               ,7,7,1470500,0,0,0,0,0,0,0,0,0,7,7,1470500,0,0,0,0,0,0,0,0,0
201407,37,037,3,5,Chatham County                ,52,52,16882981,0,0,0,0,0,0,0,0,0,52,52,16882981,0,0,0,0,0,0,0,0,0
201407,37,039,3,5,Cherokee County               ,6,6,816861,0,0,0,0,0,0,0,0,0,6,6,816861,0,0,0,0,0,0,0,0,0
201407,37,049,3,5,Craven County                 ,26,26,3615347,0,0,0,0,0,0,0,0,0,8,8,1596380,0,0,0,0,0,0,0,0,0
201407,37,053,3,5,Currituck County              ,23,23,6823114,0,0,0,0,0,0,0,0,0,0,0,0,0,0,0,0,0,0,0,0,0
201407,37,059,3,5,Davie County                  ,6,6,1256900,0,0,0,0,0,0,0,0,0,6,6,1256900,0,0,0,0,0,0,0,0,0
201407,37,063,3,5,Durham County                 ,112,112,22389453,0,0,0,0,0,0,0,0,0,112,112,22389453,0,0,0,0,0,0,0,0,0
201407,37,067,3,5,Forsyth County                ,94,94,15863502,0,0,0,0,0,0,4,30,2100000,94,94,15863502,0,0,0,0,0,0,4,30,2100000
201407,37,069,3,5,Franklin County               ,16,16,2328000,0,0,0,0,0,0,0,0,0,16,16,2328000,0,0,0,0,0,0,0,0,0
201407,37,071,3,5,Gaston County                 ,58,58,13502489,0,0,0,1,3,365117,1,5,608535,58,58,13502489,0,0,0,1,3,365117,1,5,608535
201407,37,081,3,5,Guilford County               ,117,117,33280723,0,0,0,0,0,0,2,103,10495450,87,87,27078546,0,0,0,0,0,0,2,103,10495450
201407,37,089,3,5,Henderson County              ,30,30,8463495,0,0,0,0,0,0,0,0,0,30,30,8463495,0,0,0,0,0,0,0,0,0
201407,37,093,3,5,Hoke County                   ,17,17,3665101,0,0,0,0,0,0,0,0,0,17,17,3665101,0,0,0,0,0,0,0,0,0
201407,37,097,3,5,Iredell County                ,73,73,24126894,0,0,0,0,0,0,0,0,0,73,73,24126894,0,0,0,0,0,0,0,0,0
201407,37,099,3,5,Jackson County                ,27,27,11765900,0,0,0,0,0,0,0,0,0,27,27,11765900,0,0,0,0,0,0,0,0,0
201407,37,101,3,5,Johnston County               ,125,125,19925928,0,0,0,0,0,0,0,0,0,123,123,19588010,0,0,0,0,0,0,0,0,0
201407,37,105,3,5,Lee County                    ,4,4,830870,0,0,0,0,0,0,0,0,0,4,4,830870,0,0,0,0,0,0,0,0,0
201407,37,109,3,5,Lincoln County                ,23,23,4751838,1,2,151000,0,0,0,0,0,0,0,0,0,0,0,0,0,0,0,0,0,0
201407,37,113,3,5,Macon County                  ,10,10,4277000,0,0,0,0,0,0,0,0,0,10,10,4277000,0,0,0,0,0,0,0,0,0
201407,37,119,3,5,Mecklenburg County            ,431,431,92921102,1,2,161000,0,0,0,9,607,55404705,431,431,92921102,1,2,161000,0,0,0,9,607,55404705
201407,37,127,3,5,Nash County                   ,14,14,2901272,0,0,0,0,0,0,0,0,0,0,0,0,0,0,0,0,0,0,0,0,0
201407,37,129,3,5,New Hanover County            ,92,92,27925073,0,0,0,0,0,0,2,81,10444934,4,4,1173024,0,0,0,0,0,0,0,0,0
201407,37,135,3,5,Orange County                 ,29,29,9855624,0,0,0,0,0,0,0,0,0,29,29,9855624,0,0,0,0,0,0,0,0,0
201407,37,137,3,5,Pamlico County                ,5,5,1096824,0,0,0,0,0,0,0,0,0,0,0,0,0,0,0,0,0,0,0,0,0
201407,37,141,3,5,Pender County                 ,36,36,4985650,0,0,0,0,0,0,0,0,0,5,5,571400,0,0,0,0,0,0,0,0,0
201407,37,145,3,5,Person County                 ,4,4,1775775,0,0,0,0,0,0,0,0,0,4,4,1775775,0,0,0,0,0,0,0,0,0
201407,37,147,3,5,Pitt County                   ,20,20,3671510,1,2,180000,0,0,0,1,8,873290,20,20,3671510,1,2,180000,0,0,0,1,8,873290
201407,37,149,3,5,Polk County                   ,1,1,719880,0,0,0,0,0,0,0,0,0,1,1,719880,0,0,0,0,0,0,0,0,0
201407,37,151,3,5,Randolph County               ,16,16,4021381,0,0,0,0,0,0,0,0,0,16,16,4021381,0,0,0,0,0,0,0,0,0
201407,37,157,3,5,Rockingham County             ,12,12,3264221,0,0,0,0,0,0,0,0,0,12,12,3264221,0,0,0,0,0,0,0,0,0
201407,37,159,3,5,Rowan County                  ,13,13,4035277,0,0,0,0,0,0,3,80,10936459,13,13,4035277,0,0,0,0,0,0,3,80,10936459
201407,37,163,3,5,Sampson County                ,6,6,686900,0,0,0,0,0,0,0,0,0,6,6,686900,0,0,0,0,0,0,0,0,0
201407,37,167,3,5,Stanly County                 ,7,7,686251,0,0,0,0,0,0,0,0,0,7,7,686251,0,0,0,0,0,0,0,0,0
201407,37,171,3,5,Surry County                  ,5,5,1262850,0,0,0,0,0,0,0,0,0,5,5,1262850,0,0,0,0,0,0,0,0,0
201407,37,175,3,5,Transylvania County           ,3,3,1776000,0,0,0,0,0,0,0,0,0,3,3,1776000,0,0,0,0,0,0,0,0,0
201407,37,179,3,5,Union County                  ,117,117,23572548,0,0,0,0,0,0,0,0,0,117,117,23572548,0,0,0,0,0,0,0,0,0
201407,37,181,3,5,Vance County                  ,2,2,297334,0,0,0,0,0,0,0,0,0,0,0,0,0,0,0,0,0,0,0,0,0
201407,37,183,3,5,Wake County                   ,578,578,125796961,0,0,0,0,0,0,15,334,32501102,536,536,117152002,0,0,0,0,0,0,15,334,32501102
201407,37,195,3,5,Wilson County                 ,15,15,3233913,0,0,0,0,0,0,0,0,0,15,15,3233913,0,0,0,0,0,0,0,0,0
201407,39,015,2,3,Brown County                  ,6,6,955978,0,0,0,0,0,0,0,0,0,0,0,0,0,0,0,0,0,0,0,0,0
201407,39,017,2,3,Butler County                 ,65,65,14003474,0,0,0,0,0,0,0,0,0,58,58,12981014,0,0,0,0,0,0,0,0,0
201407,39,025,2,3,Clermont County               ,43,43,8712764,0,0,0,0,0,0,0,0,0,43,43,8712764,0,0,0,0,0,0,0,0,0
201407,39,035,2,3,Cuyahoga County               ,63,63,18741000,7,14,70770,1,3,617350,0,0,0,27,27,14736959,0,0,0,0,0,0,0,0,0
201407,39,041,2,3,Delaware County               ,69,69,16197675,0,0,0,0,0,0,0,0,0,63,63,14993412,0,0,0,0,0,0,0,0,0
201407,39,045,2,3,Fairfield County              ,41,41,8842288,0,0,0,0,0,0,0,0,0,33,33,7294229,0,0,0,0,0,0,0,0,0
201407,39,049,2,3,Franklin County               ,153,153,42239489,16,32,4025261,18,72,8405455,40,640,59043955,139,139,37328706,16,32,4025261,16,64,7523910,40,640,59043955
201407,39,055,2,3,Geauga County                 ,15,15,4472026,0,0,0,0,0,0,0,0,0,15,15,4472026,0,0,0,0,0,0,0,0,0
201407,39,061,2,3,Hamilton County               ,59,59,14453760,0,0,0,3,9,236816,4,52,2295004,44,44,11225527,0,0,0,3,9,236816,2,24,1777250
201407,39,085,2,3,Lake County                   ,35,35,8231211,0,0,0,0,0,0,3,60,3502000,23,23,5143240,0,0,0,0,0,0,3,60,3502000
201407,39,089,2,3,Licking County                ,25,25,4974848,1,2,369352,0,0,0,0,0,0,0,0,0,0,0,0,0,0,0,0,0,0
201407,39,093,2,3,Lorain County                 ,49,49,10186460,0,0,0,1,4,400000,0,0,0,44,44,9423526,0,0,0,1,4,400000,0,0,0
201407,39,097,2,3,Madison County                ,4,4,732677,0,0,0,0,0,0,0,0,0,1,1,235365,0,0,0,0,0,0,0,0,0
201407,39,103,2,3,Medina County                 ,34,34,10313814,0,0,0,0,0,0,0,0,0,34,34,10313814,0,0,0,0,0,0,0,0,0
201407,39,117,2,3,Morrow County                 ,2,2,454432,0,0,0,0,0,0,0,0,0,1,1,235365,0,0,0,0,0,0,0,0,0
201407,39,129,2,3,Pickaway County               ,3,3,527725,0,0,0,0,0,0,0,0,0,3,3,527725,0,0,0,0,0,0,0,0,0
201407,39,159,2,3,Union County                  ,25,25,5884132,0,0,0,0,0,0,0,0,0,25,25,5884132,0,0,0,0,0,0,0,0,0
201407,39,165,2,3,Warren County                 ,83,83,21625236,0,0,0,0,0,0,3,123,16527755,72,72,18703243,0,0,0,0,0,0,3,123,16527755
201407,39,169,2,3,Wayne County                  ,16,16,3687000,0,0,0,0,0,0,0,0,0,16,16,3687000,0,0,0,0,0,0,0,0,0
201407,40,017,3,7,Canadian County               ,23,23,6186671,0,0,0,0,0,0,0,0,0,12,12,3330100,0,0,0,0,0,0,0,0,0
201407,40,021,3,7,Cherokee County               ,3,3,393715,1,2,130000,0,0,0,0,0,0,0,0,0,0,0,0,0,0,0,0,0,0
201407,40,027,3,7,Cleveland County              ,73,73,14350865,0,0,0,3,10,842000,0,0,0,73,73,14350865,0,0,0,3,10,842000,0,0,0
201407,40,029,3,7,Coal County                   ,0,0,0,0,0,0,0,0,0,0,0,0,0,0,0,0,0,0,0,0,0,0,0,0
201407,40,037,3,7,Creek County                  ,4,4,630000,0,0,0,0,0,0,0,0,0,4,4,630000,0,0,0,0,0,0,0,0,0
201407,40,051,3,7,Grady County                  ,9,9,1440467,0,0,0,0,0,0,0,0,0,2,2,54740,0,0,0,0,0,0,0,0,0
201407,40,081,3,7,Lincoln County                ,1,1,100000,0,0,0,0,0,0,0,0,0,1,1,100000,0,0,0,0,0,0,0,0,0
201407,40,083,3,7,Logan County                  ,3,3,400000,0,0,0,0,0,0,0,0,0,3,3,400000,0,0,0,0,0,0,0,0,0
201407,40,087,3,7,McClain County                ,30,30,5831070,0,0,0,0,0,0,0,0,0,9,9,1613253,0,0,0,0,0,0,0,0,0
201407,40,099,3,7,Murray County                 ,0,0,0,0,0,0,0,0,0,0,0,0,0,0,0,0,0,0,0,0,0,0,0,0
201407,40,109,3,7,Oklahoma County               ,380,380,84088074,3,6,600000,0,0,0,0,0,0,363,363,81200599,3,6,600000,0,0,0,0,0,0
201407,40,111,3,7,Okmulgee County               ,0,0,0,0,0,0,0,0,0,0,0,0,0,0,0,0,0,0,0,0,0,0,0,0
201407,40,113,3,7,Osage County                  ,16,16,3283536,0,0,0,0,0,0,0,0,0,16,16,3283536,0,0,0,0,0,0,0,0,0
201407,40,117,3,7,Pawnee County                 ,1,1,160000,0,0,0,0,0,0,0,0,0,1,1,160000,0,0,0,0,0,0,0,0,0
201407,40,131,3,7,Rogers County                 ,43,43,7803761,0,0,0,0,0,0,0,0,0,42,42,7700428,0,0,0,0,0,0,0,0,0
201407,40,143,3,7,Tulsa County                  ,165,165,38625145,2,4,639040,0,0,0,2,56,4130560,164,164,38562145,2,4,639040,0,0,0,2,56,4130560
201407,40,145,3,7,Wagoner County                ,45,45,8454532,0,0,0,0,0,0,0,0,0,45,45,8454532,0,0,0,0,0,0,0,0,0
201407,41,000,4,9,Oregon Balance of State       ,10,10,1673442,0,0,0,0,0,0,0,0,0,10,10,1673442,0,0,0,0,0,0,0,0,0
201407,41,001,4,9,Baker County                  ,2,2,498647,0,0,0,0,0,0,0,0,0,0,0,0,0,0,0,0,0,0,0,0,0
201407,41,005,4,9,Clackamas County              ,122,122,33484757,1,2,370406,0,0,0,0,0,0,115,115,30210935,1,2,370406,0,0,0,0,0,0
201407,41,009,4,9,Columbia County               ,7,7,1787282,0,0,0,0,0,0,0,0,0,2,2,455144,0,0,0,0,0,0,0,0,0
201407,41,017,4,9,Deschutes County              ,126,126,31051138,2,4,651802,0,0,0,0,0,0,115,115,28951443,2,4,651802,0,0,0,0,0,0
201407,41,019,4,9,Douglas County                ,15,15,3936357,0,0,0,0,0,0,0,0,0,15,15,3936357,0,0,0,0,0,0,0,0,0
201407,41,025,4,9,Harney County                 ,1,1,191446,0,0,0,0,0,0,0,0,0,0,0,0,0,0,0,0,0,0,0,0,0
201407,41,033,4,9,Josephine County              ,18,18,3960089,0,0,0,0,0,0,0,0,0,11,11,2553839,0,0,0,0,0,0,0,0,0
201407,41,035,4,9,Klamath County                ,15,15,2785541,0,0,0,0,0,0,0,0,0,15,15,2785541,0,0,0,0,0,0,0,0,0
201407,41,045,4,9,Malheur County                ,2,2,434488,0,0,0,0,0,0,0,0,0,1,1,324300,0,0,0,0,0,0,0,0,0
201407,41,051,4,9,Multnomah County              ,66,66,17683988,11,22,3067904,0,0,0,6,284,68726132,66,66,17683988,11,22,3067904,0,0,0,6,284,68726132
201407,41,057,4,9,Tillamook County              ,12,12,2947367,0,0,0,0,0,0,0,0,0,12,12,2947367,0,0,0,0,0,0,0,0,0
201407,41,059,4,9,Umatilla County               ,27,27,3978662,1,2,210334,0,0,0,0,0,0,24,24,3381109,0,0,0,0,0,0,0,0,0
201407,41,061,4,9,Union County                  ,2,2,497788,0,0,0,0,0,0,3,22,2818113,2,2,497788,0,0,0,0,0,0,3,22,2818113
201407,41,063,4,9,Wallowa County                ,1,1,185298,0,0,0,0,0,0,0,0,0,0,0,0,0,0,0,0,0,0,0,0,0
201407,41,067,4,9,Washington County             ,115,115,33974319,0,0,0,0,0,0,1,16,1497412,113,113,33260131,0,0,0,0,0,0,1,16,1497412
201407,41,071,4,9,Yamhill County                ,27,27,6056638,0,0,0,0,0,0,7,75,6256434,21,21,4725539,0,0,0,0,0,0,7,75,6256434
201407,42,001,1,2,Adams County                  ,17,17,5855233,0,0,0,0,0,0,0,0,0,17,17,5855233,0,0,0,0,0,0,0,0,0
201407,42,003,1,2,Allegheny County              ,129,129,30158036,1,2,152800,1,4,452000,5,139,9291128,94,94,22590712,1,2,152800,1,4,452000,3,100,6650000
201407,42,005,1,2,Armstrong County              ,2,2,291125,0,0,0,0,0,0,0,0,0,0,0,0,0,0,0,0,0,0,0,0,0
201407,42,007,1,2,Beaver County                 ,15,15,2794296,0,0,0,0,0,0,0,0,0,14,14,2612108,0,0,0,0,0,0,0,0,0
201407,42,017,1,2,Bucks County                  ,61,61,10262908,0,0,0,1,3,525000,0,0,0,46,46,7327878,0,0,0,1,3,525000,0,0,0
201407,42,019,1,2,Butler County                 ,38,38,8457115,0,0,0,0,0,0,2,60,7061788,32,32,7286922,0,0,0,0,0,0,2,60,7061788
201407,42,025,1,2,Carbon County                 ,5,5,866875,0,0,0,0,0,0,0,0,0,4,4,710475,0,0,0,0,0,0,0,0,0
201407,42,029,1,2,Chester County                ,79,79,15386274,0,0,0,1,4,196000,1,10,1569444,64,64,12166571,0,0,0,1,4,196000,0,0,0
201407,42,045,1,2,Delaware County               ,21,21,1876350,0,0,0,0,0,0,0,0,0,16,16,816266,0,0,0,0,0,0,0,0,0
201407,42,051,1,2,Fayette County                ,17,17,3813211,0,0,0,0,0,0,0,0,0,1,1,71000,0,0,0,0,0,0,0,0,0
201407,42,055,1,2,Franklin County               ,22,22,4392810,5,10,1505933,0,0,0,0,0,0,12,12,2782853,4,8,1200000,0,0,0,0,0,0
201407,42,065,1,2,Jefferson County              ,14,14,2089656,0,0,0,0,0,0,0,0,0,14,14,2089656,0,0,0,0,0,0,0,0,0
201407,42,077,1,2,Lehigh County                 ,39,39,8651871,0,0,0,0,0,0,0,0,0,10,10,1907915,0,0,0,0,0,0,0,0,0
201407,42,091,1,2,Montgomery County             ,82,82,16491221,0,0,0,0,0,0,2,69,6130205,75,75,15428752,0,0,0,0,0,0,1,61,5162463
201407,42,095,1,2,Northampton County            ,43,43,9407502,0,0,0,0,0,0,0,0,0,28,28,6516817,0,0,0,0,0,0,0,0,0
201407,42,101,1,2,Philadelphia County           ,57,57,13761305,7,14,1402620,5,16,2346000,7,252,27485000,57,57,13761305,7,14,1402620,5,16,2346000,7,252,27485000
201407,42,103,1,2,Pike County                   ,9,9,2003169,0,0,0,0,0,0,0,0,0,7,7,1552178,0,0,0,0,0,0,0,0,0
201407,42,125,1,2,Washington County             ,45,45,12323445,0,0,0,1,3,355394,1,7,830603,23,23,7659235,0,0,0,0,0,0,0,0,0
201407,42,129,1,2,Westmoreland County           ,35,35,8953091,0,0,0,2,7,415130,0,0,0,13,13,3780983,0,0,0,1,4,178000,0,0,0
201407,44,001,1,1,Bristol County                ,4,4,614360,0,0,0,0,0,0,0,0,0,4,4,614360,0,0,0,0,0,0,0,0,0
201407,44,003,1,1,Kent County                   ,15,15,2441579,2,4,427600,0,0,0,0,0,0,10,10,1490760,2,4,427600,0,0,0,0,0,0
201407,44,005,1,1,Newport County                ,10,10,2182299,2,4,467000,0,0,0,0,0,0,10,10,2182299,2,4,467000,0,0,0,0,0,0
201407,44,007,1,1,Providence County             ,40,40,6760048,0,0,0,0,0,0,0,0,0,38,38,6416206,0,0,0,0,0,0,0,0,0
201407,44,009,1,1,Washington County             ,23,23,6339724,1,2,184450,0,0,0,0,0,0,12,12,3259820,0,0,0,0,0,0,0,0,0
201407,45,003,3,5,Aiken County                  ,48,48,9471620,0,0,0,0,0,0,0,0,0,39,39,7782318,0,0,0,0,0,0,0,0,0
201407,45,009,3,5,Bamberg County                ,1,1,90000,0,0,0,0,0,0,0,0,0,1,1,90000,0,0,0,0,0,0,0,0,0
201407,45,015,3,5,Berkeley County               ,118,118,31612141,0,0,0,0,0,0,0,0,0,95,95,26846670,0,0,0,0,0,0,0,0,0
201407,45,017,3,5,Calhoun County                ,3,3,581000,0,0,0,1,3,135000,0,0,0,3,3,581000,0,0,0,1,3,135000,0,0,0
201407,45,019,3,5,Charleston County             ,203,203,48203069,0,0,0,0,0,0,1,33,1653422,146,146,39149812,0,0,0,0,0,0,0,0,0
201407,45,035,3,5,Dorchester County             ,75,75,17993000,0,0,0,0,0,0,0,0,0,75,75,17993000,0,0,0,0,0,0,0,0,0
201407,45,039,3,5,Fairfield County              ,4,4,463991,0,0,0,0,0,0,0,0,0,0,0,0,0,0,0,0,0,0,0,0,0
201407,45,041,3,5,Florence County               ,24,24,4023104,0,0,0,0,0,0,0,0,0,0,0,0,0,0,0,0,0,0,0,0,0
201407,45,045,3,5,Greenville County             ,215,215,50288793,0,0,0,0,0,0,0,0,0,213,213,50108800,0,0,0,0,0,0,0,0,0
201407,45,047,3,5,Greenwood County              ,7,7,920855,0,0,0,0,0,0,0,0,0,0,0,0,0,0,0,0,0,0,0,0,0
201407,45,055,3,5,Kershaw County                ,19,19,2720461,0,0,0,0,0,0,0,0,0,19,19,2720461,0,0,0,0,0,0,0,0,0
201407,45,059,3,5,Laurens County                ,6,6,1205838,0,0,0,0,0,0,0,0,0,5,5,951488,0,0,0,0,0,0,0,0,0
201407,45,063,3,5,Lexington County              ,141,141,37044561,0,0,0,0,0,0,0,0,0,141,141,37044561,0,0,0,0,0,0,0,0,0
201407,45,077,3,5,Pickens County                ,46,46,10874352,0,0,0,0,0,0,1,20,1715090,24,24,8338000,0,0,0,0,0,0,0,0,0
201407,45,079,3,5,Richland County               ,146,146,20917024,0,0,0,0,0,0,2,35,1975497,33,33,7700951,0,0,0,0,0,0,0,0,0
201407,45,081,3,5,Saluda County                 ,0,0,0,0,0,0,0,0,0,0,0,0,0,0,0,0,0,0,0,0,0,0,0,0
201407,45,085,3,5,Sumter County                 ,29,29,3840246,0,0,0,0,0,0,0,0,0,29,29,3840246,0,0,0,0,0,0,0,0,0
201407,45,091,3,5,York County                   ,174,174,51629644,0,0,0,0,0,0,3,56,6178156,92,92,30886720,0,0,0,0,0,0,2,48,5276216
201407,46,005,2,4,Beadle County                 ,5,5,1104303,0,0,0,0,0,0,0,0,0,5,5,1104303,0,0,0,0,0,0,0,0,0
201407,46,069,2,4,Hyde County                   ,0,0,0,0,0,0,0,0,0,0,0,0,0,0,0,0,0,0,0,0,0,0,0,0
201407,46,121,2,4,Todd County                   ,0,0,0,0,0,0,0,0,0,0,0,0,0,0,0,0,0,0,0,0,0,0,0,0
201407,47,011,3,6,Bradley County                ,33,33,4706963,0,0,0,1,4,293783,0,0,0,22,22,3485778,0,0,0,0,0,0,0,0,0
201407,47,015,3,6,Cannon County                 ,1,1,126190,0,0,0,0,0,0,0,0,0,0,0,0,0,0,0,0,0,0,0,0,0
201407,47,021,3,6,Cheatham County               ,17,17,3230000,0,0,0,0,0,0,0,0,0,17,17,3230000,0,0,0,0,0,0,0,0,0
201407,47,037,3,6,Davidson County               ,233,233,58485389,1,2,493486,0,0,0,2,61,6494839,233,233,58485389,1,2,493486,0,0,0,2,61,6494839
201407,47,039,3,6,Decatur County                ,0,0,0,0,0,0,0,0,0,0,0,0,0,0,0,0,0,0,0,0,0,0,0,0
201407,47,043,3,6,Dickson County                ,17,17,3146677,0,0,0,0,0,0,0,0,0,17,17,3146677,0,0,0,0,0,0,0,0,0
201407,47,047,3,6,Fayette County                ,19,19,5402400,0,0,0,0,0,0,0,0,0,19,19,5402400,0,0,0,0,0,0,0,0,0
201407,47,063,3,6,Hamblen County                ,6,6,1141858,0,0,0,0,0,0,0,0,0,4,4,770000,0,0,0,0,0,0,0,0,0
201407,47,071,3,6,Hardin County                 ,2,2,160000,0,0,0,0,0,0,0,0,0,2,2,160000,0,0,0,0,0,0,0,0,0
201407,47,081,3,6,Hickman County                ,0,0,0,0,0,0,0,0,0,0,0,0,0,0,0,0,0,0,0,0,0,0,0,0
201407,47,091,3,6,Johnson County                ,0,0,0,0,0,0,0,0,0,0,0,0,0,0,0,0,0,0,0,0,0,0,0,0
201407,47,093,3,6,Knox County                   ,116,116,24994874,0,0,0,0,0,0,0,0,0,116,116,24994874,0,0,0,0,0,0,0,0,0
201407,47,111,3,6,Macon County                  ,0,0,0,0,0,0,0,0,0,0,0,0,0,0,0,0,0,0,0,0,0,0,0,0
201407,47,113,3,6,Madison County                ,18,18,3378025,0,0,0,0,0,0,0,0,0,18,18,3378025,0,0,0,0,0,0,0,0,0
201407,47,125,3,6,Montgomery County             ,102,102,13239885,0,0,0,1,4,200000,1,8,520000,102,102,13239885,0,0,0,1,4,200000,1,8,520000
201407,47,141,3,6,Putnam County                 ,25,25,4297686,0,0,0,0,0,0,2,48,5250080,25,25,4297686,0,0,0,0,0,0,2,48,5250080
201407,47,147,3,6,Robertson County              ,19,19,3873256,0,0,0,0,0,0,0,0,0,19,19,3873256,0,0,0,0,0,0,0,0,0
201407,47,149,3,6,Rutherford County             ,127,127,23949180,1,2,112548,0,0,0,3,62,3628835,102,102,20670203,0,0,0,0,0,0,0,0,0
201407,47,157,3,6,Shelby County                 ,99,99,24309663,0,0,0,0,0,0,0,0,0,99,99,24309663,0,0,0,0,0,0,0,0,0
201407,47,159,3,6,Smith County                  ,3,3,646783,0,0,0,0,0,0,0,0,0,3,3,646783,0,0,0,0,0,0,0,0,0
201407,47,165,3,6,Sumner County                 ,79,79,14063137,0,0,0,0,0,0,0,0,0,44,44,8132312,0,0,0,0,0,0,0,0,0
201407,47,167,3,6,Tipton County                 ,11,11,1525492,0,0,0,0,0,0,0,0,0,6,6,851635,0,0,0,0,0,0,0,0,0
201407,47,169,3,6,Trousdale County              ,5,5,720000,0,0,0,0,0,0,0,0,0,5,5,720000,0,0,0,0,0,0,0,0,0
201407,47,179,3,6,Washington County             ,66,66,6958120,0,0,0,0,0,0,1,20,765000,66,66,6958120,0,0,0,0,0,0,1,20,765000
201407,47,187,3,6,Williamson County             ,126,126,33529200,0,0,0,0,0,0,0,0,0,105,105,28964618,0,0,0,0,0,0,0,0,0
201407,47,189,3,6,Wilson County                 ,92,92,22244523,0,0,0,0,0,0,0,0,0,56,56,11269732,0,0,0,0,0,0,0,0,0
201407,48,013,3,7,Atascosa County               ,5,5,735818,0,0,0,0,0,0,0,0,0,0,0,0,0,0,0,0,0,0,0,0,0
201407,48,015,3,7,Austin County                 ,1,1,154324,0,0,0,0,0,0,0,0,0,0,0,0,0,0,0,0,0,0,0,0,0
201407,48,019,3,7,Bandera County                ,0,0,0,0,0,0,0,0,0,0,0,0,0,0,0,0,0,0,0,0,0,0,0,0
201407,48,021,3,7,Bastrop County                ,13,13,1388100,0,0,0,0,0,0,0,0,0,13,13,1388100,0,0,0,0,0,0,0,0,0
201407,48,029,3,7,Bexar County                  ,271,271,60672559,0,0,0,1,4,393376,33,424,32905729,233,233,54641462,0,0,0,1,4,393376,32,418,31627134
201407,48,039,3,7,Brazoria County               ,271,271,56961367,0,0,0,0,0,0,0,0,0,266,266,56309867,0,0,0,0,0,0,0,0,0
201407,48,041,3,7,Brazos County                 ,52,52,12059024,1,2,320000,0,0,0,4,102,14317825,52,52,12059024,1,2,320000,0,0,0,4,102,14317825
201407,48,055,3,7,Caldwell County               ,2,2,227661,0,0,0,0,0,0,0,0,0,0,0,0,0,0,0,0,0,0,0,0,0
201407,48,063,3,7,Camp County                   ,1,1,70000,0,0,0,0,0,0,0,0,0,1,1,70000,0,0,0,0,0,0,0,0,0
201407,48,071,3,7,Chambers County               ,32,32,6249507,0,0,0,0,0,0,0,0,0,32,32,6249507,0,0,0,0,0,0,0,0,0
201407,48,085,3,7,Collin County                 ,687,687,193983868,1,2,284200,0,0,0,0,0,0,685,685,193580468,1,2,284200,0,0,0,0,0,0
201407,48,091,3,7,Comal County                  ,165,165,35473975,30,60,5473120,0,0,0,0,0,0,165,165,35473975,30,60,5473120,0,0,0,0,0,0
201407,48,113,3,7,Dallas County                 ,418,418,121210948,1,2,307536,0,0,0,7,370,23491240,399,399,113772504,1,2,307536,0,0,0,7,370,23491240
201407,48,117,3,7,Deaf Smith County             ,1,1,88667,0,0,0,0,0,0,0,0,0,0,0,0,0,0,0,0,0,0,0,0,0
201407,48,119,3,7,Delta County                  ,0,0,0,0,0,0,0,0,0,0,0,0,0,0,0,0,0,0,0,0,0,0,0,0
201407,48,121,3,7,Denton County                 ,284,284,96355256,0,0,0,0,0,0,0,0,0,248,248,88507627,0,0,0,0,0,0,0,0,0
201407,48,133,3,7,Eastland County               ,0,0,0,0,0,0,0,0,0,0,0,0,0,0,0,0,0,0,0,0,0,0,0,0
201407,48,135,3,7,Ector County                  ,70,70,13459027,1,2,120000,0,0,0,2,51,4126110,0,0,0,0,0,0,0,0,0,0,0,0
201407,48,139,3,7,Ellis County                  ,78,78,12891463,0,0,0,0,0,0,0,0,0,76,76,12399025,0,0,0,0,0,0,0,0,0
201407,48,157,3,7,Fort Bend County              ,896,896,112543418,0,0,0,3,9,1350000,1,10,782585,238,238,51384397,0,0,0,3,9,1350000,0,0,0
201407,48,167,3,7,Galveston County              ,251,251,51338270,0,0,0,0,0,0,0,0,0,125,125,26656696,0,0,0,0,0,0,0,0,0
201407,48,187,3,7,Guadalupe County              ,70,70,16674399,0,0,0,0,0,0,0,0,0,62,62,15306535,0,0,0,0,0,0,0,0,0
201407,48,201,3,7,Harris County                 ,1695,1695,316764681,1,2,454060,11,44,4125000,49,1645,134693594,1671,1671,309253067,1,2,454060,11,44,4125000,49,1645,134693594
201407,48,209,3,7,Hays County                   ,182,182,34892349,0,0,0,0,0,0,24,404,33604266,114,114,22787884,0,0,0,0,0,0,8,246,23000000
201407,48,215,3,7,Hidalgo County                ,261,261,27503298,8,16,861130,6,24,1568000,3,156,8313470,252,252,26638182,8,16,861130,6,24,1568000,3,156,8313470
201407,48,231,3,7,Hunt County                   ,5,5,587890,0,0,0,0,0,0,0,0,0,4,4,409290,0,0,0,0,0,0,0,0,0
201407,48,233,3,7,Hutchinson County             ,0,0,0,0,0,0,0,0,0,0,0,0,0,0,0,0,0,0,0,0,0,0,0,0
201407,48,251,3,7,Johnson County                ,87,87,13785825,3,6,300000,0,0,0,0,0,0,64,64,9924894,3,6,300000,0,0,0,0,0,0
201407,48,257,3,7,Kaufman County                ,13,13,2407951,0,0,0,0,0,0,0,0,0,8,8,1905658,0,0,0,0,0,0,0,0,0
201407,48,259,3,7,Kendall County                ,37,37,8750528,0,0,0,0,0,0,0,0,0,24,24,5969043,0,0,0,0,0,0,0,0,0
201407,48,271,3,7,Kinney County                 ,1,1,215594,0,0,0,0,0,0,0,0,0,1,1,215594,0,0,0,0,0,0,0,0,0
201407,48,291,3,7,Liberty County                ,36,36,4598899,0,0,0,0,0,0,0,0,0,35,35,4458703,0,0,0,0,0,0,0,0,0
201407,48,307,3,7,McCulloch County              ,0,0,0,0,0,0,0,0,0,0,0,0,0,0,0,0,0,0,0,0,0,0,0,0
201407,48,323,3,7,Maverick County               ,5,5,407496,0,0,0,0,0,0,0,0,0,5,5,407496,0,0,0,0,0,0,0,0,0
201407,48,325,3,7,Medina County                 ,1,1,200000,0,0,0,0,0,0,0,0,0,1,1,200000,0,0,0,0,0,0,0,0,0
201407,48,329,3,7,Midland County                ,131,131,25941641,0,0,0,0,0,0,0,0,0,131,131,25941641,0,0,0,0,0,0,0,0,0
201407,48,339,3,7,Montgomery County             ,457,457,93010890,0,0,0,0,0,0,8,216,17864740,451,451,90790401,0,0,0,0,0,0,8,216,17864740
201407,48,353,3,7,Nolan County                  ,0,0,0,0,0,0,0,0,0,0,0,0,0,0,0,0,0,0,0,0,0,0,0,0
201407,48,359,3,7,Oldham County                 ,0,0,0,0,0,0,0,0,0,0,0,0,0,0,0,0,0,0,0,0,0,0,0,0
201407,48,367,3,7,Parker County                 ,37,37,8239811,0,0,0,0,0,0,1,5,530599,34,34,7899119,0,0,0,0,0,0,0,0,0
201407,48,375,3,7,Potter County                 ,36,36,9151066,0,0,0,0,0,0,0,0,0,36,36,9151066,0,0,0,0,0,0,0,0,0
201407,48,383,3,7,Reagan County                 ,1,1,120200,0,0,0,0,0,0,0,0,0,0,0,0,0,0,0,0,0,0,0,0,0
201407,48,385,3,7,Real County                   ,0,0,0,0,0,0,0,0,0,0,0,0,0,0,0,0,0,0,0,0,0,0,0,0
201407,48,397,3,7,Rockwall County               ,104,104,27694773,0,0,0,0,0,0,0,0,0,97,97,24203200,0,0,0,0,0,0,0,0,0
201407,48,407,3,7,San Jacinto County            ,0,0,0,0,0,0,0,0,0,0,0,0,0,0,0,0,0,0,0,0,0,0,0,0
201407,48,435,3,7,Sutton County                 ,0,0,0,0,0,0,0,0,0,0,0,0,0,0,0,0,0,0,0,0,0,0,0,0
201407,48,437,3,7,Swisher County                ,0,0,0,0,0,0,0,0,0,0,0,0,0,0,0,0,0,0,0,0,0,0,0,0
201407,48,439,3,7,Tarrant County                ,548,548,124828402,4,8,743316,1,4,290286,7,203,14906926,188,188,57448587,0,0,0,0,0,0,0,0,0
201407,48,451,3,7,Tom Green County              ,21,21,4527478,0,0,0,0,0,0,0,0,0,21,21,4527478,0,0,0,0,0,0,0,0,0
201407,48,453,3,7,Travis County                 ,507,507,113863647,7,14,1890000,4,16,496334,28,620,35465545,469,469,104796660,7,14,1890000,4,16,496334,26,605,34313815
201407,48,463,3,7,Uvalde County                 ,1,1,87000,0,0,0,0,0,0,0,0,0,1,1,87000,0,0,0,0,0,0,0,0,0
201407,48,469,3,7,Victoria County               ,23,23,3684109,0,0,0,0,0,0,0,0,0,23,23,3684109,0,0,0,0,0,0,0,0,0
201407,48,471,3,7,Walker County                 ,2,2,589148,0,0,0,0,0,0,0,0,0,2,2,589148,0,0,0,0,0,0,0,0,0
201407,48,473,3,7,Waller County                 ,2,2,375000,0,0,0,0,0,0,1,7,155264,2,2,375000,0,0,0,0,0,0,0,0,0
201407,48,479,3,7,Webb County                   ,90,90,13152135,0,0,0,1,4,191084,1,62,3875340,0,0,0,0,0,0,0,0,0,0,0,0
201407,48,491,3,7,Williamson County             ,365,365,91413507,0,0,0,0,0,0,0,0,0,365,365,91413507,0,0,0,0,0,0,0,0,0
201407,48,493,3,7,Wilson County                 ,4,4,748196,0,0,0,0,0,0,0,0,0,0,0,0,0,0,0,0,0,0,0,0,0
201407,48,497,3,7,Wise County                   ,10,10,1589946,0,0,0,0,0,0,0,0,0,6,6,882394,0,0,0,0,0,0,0,0,0
201407,49,009,4,8,Daggett County                ,0,0,0,0,0,0,0,0,0,0,0,0,0,0,0,0,0,0,0,0,0,0,0,0
201407,49,019,4,8,Grand County                  ,6,6,1567355,0,0,0,0,0,0,0,0,0,0,0,0,0,0,0,0,0,0,0,0,0
201407,49,021,4,8,Iron County                   ,20,20,3617595,1,2,173462,0,0,0,0,0,0,3,3,572954,0,0,0,0,0,0,0,0,0
201407,49,033,4,8,Rich County                   ,3,3,739821,0,0,0,0,0,0,0,0,0,0,0,0,0,0,0,0,0,0,0,0,0
201407,49,035,4,8,Salt Lake County              ,237,237,58915142,1,2,290000,4,14,2274875,5,97,12995101,183,183,45542949,1,2,290000,3,11,1724468,4,92,12372384
201407,49,039,4,8,Sanpete County                ,6,6,548200,0,0,0,0,0,0,0,0,0,6,6,548200,0,0,0,0,0,0,0,0,0
201407,49,043,4,8,Summit County                 ,17,17,10616563,1,2,649406,0,0,0,1,5,1326143,8,8,5799150,0,0,0,0,0,0,0,0,0
201407,49,045,4,8,Tooele County                 ,27,27,4962510,0,0,0,0,0,0,1,5,292165,8,8,1756800,0,0,0,0,0,0,0,0,0
201407,49,051,4,8,Wasatch County                ,28,28,12815460,0,0,0,0,0,0,0,0,0,14,14,4962759,0,0,0,0,0,0,0,0,0
201407,51,003,3,5,Albemarle County              ,40,40,9533254,0,0,0,0,0,0,0,0,0,0,0,0,0,0,0,0,0,0,0,0,0
201407,51,007,3,5,Amelia County                 ,3,3,551700,0,0,0,0,0,0,0,0,0,3,3,551700,0,0,0,0,0,0,0,0,0
201407,51,013,3,5,Arlington County              ,12,12,4246000,0,0,0,0,0,0,1,198,16098192,12,12,4246000,0,0,0,0,0,0,1,198,16098192
201407,51,015,3,5,Augusta County                ,17,17,3076000,0,0,0,0,0,0,9,204,13134000,17,17,3076000,0,0,0,0,0,0,9,204,13134000
201407,51,019,3,5,Bedford County                ,24,24,6000125,0,0,0,0,0,0,1,28,1500000,24,24,6000125,0,0,0,0,0,0,1,28,1500000
201407,51,023,3,5,Botetourt County              ,10,10,2400279,0,0,0,0,0,0,0,0,0,10,10,2400279,0,0,0,0,0,0,0,0,0
201407,51,031,3,5,Campbell County               ,8,8,2140900,0,0,0,0,0,0,5,168,13860000,8,8,2140900,0,0,0,0,0,0,5,168,13860000
201407,51,033,3,5,Caroline County               ,9,9,1257886,0,0,0,0,0,0,0,0,0,0,0,0,0,0,0,0,0,0,0,0,0
201407,51,036,3,5,Charles City County           ,2,2,442181,0,0,0,0,0,0,0,0,0,0,0,0,0,0,0,0,0,0,0,0,0
201407,51,037,3,5,Charlotte County              ,1,1,120000,0,0,0,0,0,0,0,0,0,1,1,120000,0,0,0,0,0,0,0,0,0
201407,51,041,3,5,Chesterfield County           ,80,80,17247536,0,0,0,3,11,1060000,0,0,0,80,80,17247536,0,0,0,3,11,1060000,0,0,0
201407,51,043,3,5,Clarke County                 ,2,2,484571,0,0,0,0,0,0,0,0,0,0,0,0,0,0,0,0,0,0,0,0,0
201407,51,047,3,5,Culpeper County               ,19,19,4226628,0,0,0,0,0,0,0,0,0,0,0,0,0,0,0,0,0,0,0,0,0
201407,51,049,3,5,Cumberland County             ,3,3,476161,0,0,0,0,0,0,0,0,0,3,3,476161,0,0,0,0,0,0,0,0,0
201407,51,053,3,5,Dinwiddie County              ,6,6,845221,0,0,0,0,0,0,0,0,0,0,0,0,0,0,0,0,0,0,0,0,0
201407,51,059,3,5,Fairfax County                ,68,68,14657923,0,0,0,0,0,0,0,0,0,67,67,14444812,0,0,0,0,0,0,0,0,0
201407,51,061,3,5,Fauquier County               ,31,31,7918803,0,0,0,0,0,0,0,0,0,31,31,7918803,0,0,0,0,0,0,0,0,0
201407,51,065,3,5,Fluvanna County               ,5,5,1460500,0,0,0,0,0,0,0,0,0,5,5,1460500,0,0,0,0,0,0,0,0,0
201407,51,067,3,5,Franklin County               ,14,14,3337000,0,0,0,0,0,0,0,0,0,14,14,3337000,0,0,0,0,0,0,0,0,0
201407,51,069,3,5,Frederick County              ,41,41,7981120,0,0,0,0,0,0,0,0,0,41,41,7981120,0,0,0,0,0,0,0,0,0
201407,51,073,3,5,Gloucester County             ,12,12,2397000,0,0,0,0,0,0,0,0,0,12,12,2397000,0,0,0,0,0,0,0,0,0
201407,51,075,3,5,Goochland County              ,6,6,1366662,0,0,0,0,0,0,0,0,0,6,6,1366662,0,0,0,0,0,0,0,0,0
201407,51,079,3,5,Greene County                 ,4,4,745000,0,0,0,0,0,0,0,0,0,4,4,745000,0,0,0,0,0,0,0,0,0
201407,51,085,3,5,Hanover County                ,78,78,17067923,0,0,0,0,0,0,0,0,0,78,78,17067923,0,0,0,0,0,0,0,0,0
201407,51,087,3,5,Henrico County                ,49,49,7382439,0,0,0,0,0,0,0,0,0,49,49,7382439,0,0,0,0,0,0,0,0,0
201407,51,093,3,5,Isle of Wight County          ,9,9,1734822,0,0,0,0,0,0,0,0,0,9,9,1734822,0,0,0,0,0,0,0,0,0
201407,51,095,3,5,James City County             ,43,43,11338427,0,0,0,1,4,580286,3,16,2624280,43,43,11338427,0,0,0,1,4,580286,3,16,2624280
201407,51,097,3,5,King and Queen County         ,3,3,529000,0,0,0,0,0,0,0,0,0,3,3,529000,0,0,0,0,0,0,0,0,0
201407,51,099,3,5,King George County            ,9,9,1940348,0,0,0,0,0,0,0,0,0,9,9,1940348,0,0,0,0,0,0,0,0,0
201407,51,101,3,5,King William County           ,5,5,776000,0,0,0,0,0,0,0,0,0,4,4,676000,0,0,0,0,0,0,0,0,0
201407,51,107,3,5,Loudoun County                ,248,248,53467362,0,0,0,0,0,0,3,51,4146504,248,248,53467362,0,0,0,0,0,0,3,51,4146504
201407,51,109,3,5,Louisa County                 ,11,11,1882000,0,0,0,0,0,0,0,0,0,11,11,1882000,0,0,0,0,0,0,0,0,0
201407,51,115,3,5,Mathews County                ,4,4,865000,0,0,0,0,0,0,0,0,0,4,4,865000,0,0,0,0,0,0,0,0,0
201407,51,119,3,5,Middlesex County              ,4,4,812269,0,0,0,0,0,0,0,0,0,4,4,812269,0,0,0,0,0,0,0,0,0
201407,51,127,3,5,New Kent County               ,10,10,2155942,0,0,0,0,0,0,0,0,0,10,10,2155942,0,0,0,0,0,0,0,0,0
201407,51,137,3,5,Orange County                 ,8,8,1535748,0,0,0,0,0,0,0,0,0,8,8,1535748,0,0,0,0,0,0,0,0,0
201407,51,143,3,5,Pittsylvania County           ,12,12,1703542,0,0,0,0,0,0,1,5,295125,0,0,0,0,0,0,0,0,0,0,0,0
201407,51,145,3,5,Powhatan County               ,19,19,4562000,0,0,0,0,0,0,0,0,0,19,19,4562000,0,0,0,0,0,0,0,0,0
201407,51,149,3,5,Prince George County          ,6,6,1020866,0,0,0,0,0,0,0,0,0,6,6,1020866,0,0,0,0,0,0,0,0,0
201407,51,153,3,5,Prince William County         ,146,146,25619528,0,0,0,0,0,0,5,74,6471420,2,2,400000,0,0,0,0,0,0,0,0,0
201407,51,157,3,5,Rappahannock County           ,3,3,839618,0,0,0,0,0,0,0,0,0,0,0,0,0,0,0,0,0,0,0,0,0
201407,51,161,3,5,Roanoke County                ,15,15,2620982,0,0,0,0,0,0,0,0,0,15,15,2620982,0,0,0,0,0,0,0,0,0
201407,51,163,3,5,Rockbridge County             ,4,4,991000,0,0,0,0,0,0,0,0,0,4,4,991000,0,0,0,0,0,0,0,0,0
201407,51,165,3,5,Rockingham County             ,25,25,5306279,0,0,0,0,0,0,0,0,0,25,25,5306279,0,0,0,0,0,0,0,0,0
201407,51,169,3,5,Scott County                  ,3,3,314690,0,0,0,0,0,0,0,0,0,0,0,0,0,0,0,0,0,0,0,0,0
201407,51,171,3,5,Shenandoah County             ,5,5,1048000,0,0,0,0,0,0,0,0,0,5,5,1048000,0,0,0,0,0,0,0,0,0
201407,51,177,3,5,Spotsylvania County           ,36,36,9214605,0,0,0,0,0,0,0,0,0,0,0,0,0,0,0,0,0,0,0,0,0
201407,51,179,3,5,Stafford County               ,44,44,9875191,0,0,0,0,0,0,0,0,0,44,44,9875191,0,0,0,0,0,0,0,0,0
201407,51,181,3,5,Surry County                  ,1,1,125472,0,0,0,0,0,0,0,0,0,0,0,0,0,0,0,0,0,0,0,0,0
201407,51,183,3,5,Sussex County                 ,2,2,139980,0,0,0,0,0,0,0,0,0,2,2,139980,0,0,0,0,0,0,0,0,0
201407,51,187,3,5,Warren County                 ,8,8,2092650,0,0,0,0,0,0,0,0,0,8,8,2092650,0,0,0,0,0,0,0,0,0
201407,51,199,3,5,York County                   ,8,8,1572107,0,0,0,1,4,561900,0,0,0,8,8,1572107,0,0,0,1,4,561900,0,0,0
201407,51,510,3,5,Alexandria (Independent City) ,21,21,4271294,0,0,0,0,0,0,2,149,15040303,0,0,0,0,0,0,0,0,0,0,0,0
201407,51,530,3,5,Buena Vista (Independent City),1,1,75000,0,0,0,0,0,0,0,0,0,0,0,0,0,0,0,0,0,0,0,0,0
201407,51,550,3,5,Chesapeake(Independent City)  ,81,81,17463130,0,0,0,0,0,0,0,0,0,81,81,17463130,0,0,0,0,0,0,0,0,0
201407,51,570,3,5,Colonial Heights (Independent ,0,0,0,0,0,0,0,0,0,0,0,0,0,0,0,0,0,0,0,0,0,0,0,0
201407,51,580,3,5,Covington (Independent City)  ,0,0,0,0,0,0,0,0,0,0,0,0,0,0,0,0,0,0,0,0,0,0,0,0
201407,51,600,3,5,Fairfax (Independent City)    ,6,6,1050000,0,0,0,0,0,0,0,0,0,6,6,1050000,0,0,0,0,0,0,0,0,0
201407,51,610,3,5,Falls Church (Independent City,3,3,1250000,0,0,0,0,0,0,0,0,0,3,3,1250000,0,0,0,0,0,0,0,0,0
201407,51,630,3,5,Fredericksburg(Independent Cit,2,2,1200000,0,0,0,0,0,0,0,0,0,2,2,1200000,0,0,0,0,0,0,0,0,0
201407,51,650,3,5,Hampton (Independent City)    ,14,14,1890168,0,0,0,0,0,0,1,10,613391,0,0,0,0,0,0,0,0,0,0,0,0
201407,51,660,3,5,Harrisonburg (Independent City,10,10,730000,0,0,0,0,0,0,0,0,0,10,10,730000,0,0,0,0,0,0,0,0,0
201407,51,670,3,5,Hopewell (Independent City)   ,6,6,663138,0,0,0,0,0,0,0,0,0,0,0,0,0,0,0,0,0,0,0,0,0
201407,51,680,3,5,Lynchburg (Independent City)  ,11,11,1528000,0,0,0,0,0,0,0,0,0,11,11,1528000,0,0,0,0,0,0,0,0,0
201407,51,683,3,5,Manassas (Independent City)   ,12,12,1691253,0,0,0,0,0,0,0,0,0,0,0,0,0,0,0,0,0,0,0,0,0
201407,51,685,3,5,Manassas Park (Independent Cit,1,1,186364,0,0,0,0,0,0,0,0,0,0,0,0,0,0,0,0,0,0,0,0,0
201407,51,700,3,5,Newport News (Independent City,4,4,481326,0,0,0,0,0,0,0,0,0,4,4,481326,0,0,0,0,0,0,0,0,0
201407,51,710,3,5,Norfolk (Independent City)    ,35,35,4429820,0,0,0,0,0,0,0,0,0,35,35,4429820,0,0,0,0,0,0,0,0,0
201407,51,730,3,5,Petersburg (Independent City) ,1,1,111000,0,0,0,0,0,0,0,0,0,1,1,111000,0,0,0,0,0,0,0,0,0
201407,51,735,3,5,Poquoson (Independent City)   ,1,1,192800,0,0,0,0,0,0,0,0,0,1,1,192800,0,0,0,0,0,0,0,0,0
201407,51,740,3,5,Portsmouth (Independent City) ,6,6,1293565,0,0,0,0,0,0,0,0,0,6,6,1293565,0,0,0,0,0,0,0,0,0
201407,51,760,3,5,Richmond (Independent City)   ,12,12,2057067,0,0,0,0,0,0,0,0,0,12,12,2057067,0,0,0,0,0,0,0,0,0
201407,51,770,3,5,Roanoke (Independent City)    ,8,8,978545,1,2,120000,0,0,0,0,0,0,8,8,978545,1,2,120000,0,0,0,0,0,0
201407,51,800,3,5,Suffolk (Independent City)    ,30,30,6467826,0,0,0,0,0,0,1,5,143570,30,30,6467826,0,0,0,0,0,0,1,5,143570
201407,51,810,3,5,Virginia Beach (Independent Ci,119,119,25655710,0,0,0,0,0,0,0,0,0,119,119,25655710,0,0,0,0,0,0,0,0,0
201407,51,830,3,5,Williamsburg (Independent City,1,1,210000,0,0,0,0,0,0,0,0,0,1,1,210000,0,0,0,0,0,0,0,0,0
201407,53,011,4,9,Clark County                  ,143,143,39679821,0,0,0,3,11,844454,10,95,8321091,47,47,10037745,0,0,0,3,11,844454,6,37,2811121
201407,53,033,4,9,King County                   ,402,402,141877286,32,64,12563467,6,18,3420747,13,787,97265735,351,351,122444172,32,64,12563467,6,18,3420747,10,743,93142161
201407,53,041,4,9,Lewis County                  ,24,24,4120449,0,0,0,0,0,0,0,0,0,24,24,4120449,0,0,0,0,0,0,0,0,0
201407,53,053,4,9,Pierce County                 ,259,259,73688775,1,2,368631,2,8,1206002,11,266,24320584,249,249,71077913,1,2,368631,2,8,1206002,9,250,23321514
201407,53,059,4,9,Skamania County               ,6,6,1307182,0,0,0,0,0,0,0,0,0,6,6,1307182,0,0,0,0,0,0,0,0,0
201407,53,061,4,9,Snohomish County              ,218,218,59079020,1,2,473367,0,0,0,5,70,8905275,212,212,57110416,1,2,473367,0,0,0,4,65,8320287
201407,54,037,3,5,Jefferson County              ,15,15,3959077,0,0,0,0,0,0,0,0,0,6,6,1219000,0,0,0,0,0,0,0,0,0
201407,54,043,3,5,Lincoln County                ,1,1,128250,0,0,0,0,0,0,0,0,0,0,0,0,0,0,0,0,0,0,0,0,0
201407,55,021,2,3,Columbia County               ,4,4,1266615,1,2,220000,0,0,0,0,0,0,4,4,1266615,1,2,220000,0,0,0,0,0,0
201407,55,025,2,3,Dane County                   ,103,103,29031479,3,6,934721,2,6,828954,6,199,21825826,59,59,19305764,0,0,0,0,0,0,0,0,0
201407,55,031,2,3,Douglas County                ,4,4,539956,0,0,0,0,0,0,0,0,0,4,4,539956,0,0,0,0,0,0,0,0,0
201407,55,037,2,3,Florence County               ,5,5,765468,0,0,0,0,0,0,0,0,0,0,0,0,0,0,0,0,0,0,0,0,0
201407,55,049,2,3,Iowa County                   ,7,7,980200,0,0,0,0,0,0,0,0,0,7,7,980200,0,0,0,0,0,0,0,0,0
201407,55,059,2,3,Kenosha County                ,17,17,4868737,0,0,0,0,0,0,0,0,0,13,13,3974812,0,0,0,0,0,0,0,0,0
201407,55,079,2,3,Milwaukee County              ,9,9,1860915,1,2,220000,0,0,0,1,36,1000000,9,9,1860915,1,2,220000,0,0,0,1,36,1000000
201407,55,089,2,3,Ozaukee County                ,19,19,6502923,0,0,0,0,0,0,0,0,0,10,10,2236151,0,0,0,0,0,0,0,0,0
201407,55,093,2,3,Pierce County                 ,16,16,3107836,0,0,0,0,0,0,0,0,0,16,16,3107836,0,0,0,0,0,0,0,0,0
201407,55,109,2,3,St. Croix County              ,19,19,4914490,1,2,250000,1,4,716000,0,0,0,19,19,4914490,1,2,250000,1,4,716000,0,0,0
201407,55,113,2,3,Sawyer County                 ,8,8,1967365,0,0,0,0,0,0,0,0,0,8,8,1967365,0,0,0,0,0,0,0,0,0
201407,55,131,2,3,Washington County             ,32,32,7953026,1,2,325000,0,0,0,0,0,0,24,24,5655090,0,0,0,0,0,0,0,0,0
201407,55,133,2,3,Waukesha County               ,71,71,25722888,1,2,500000,2,8,742705,1,8,595992,59,59,21931368,1,2,500000,2,8,742705,1,8,595992
201407,56,019,4,8,Johnson County                ,1,1,293000,0,0,0,0,0,0,0,0,0,1,1,293000,0,0,0,0,0,0,0,0,0
201407,56,039,4,8,Teton County                  ,13,13,17080087,0,0,0,0,0,0,1,5,428316,0,0,0,0,0,0,0,0,0,0,0,0
