Survey,FIPS,FIPS,Region,Division,County,,1-unit,,,2-units,,,3-4 units,,,5+ units,,,1-unit rep,,,2-units rep,,,3-4 units rep,,, 5+units rep
Date,State,County,Code,Code,Name,Bldgs,Units,Value,Bldgs,Units,Value,Bldgs,Units,Value,Bldgs,Units,Value,Bldgs,Units,Value,Bldgs,Units,Value,Bldgs,Units,Value,Bldgs,Units,Value
 
201508,01,001,3,6,Autauga County                ,8,8,1976458,0,0,0,0,0,0,0,0,0,8,8,1976458,0,0,0,0,0,0,0,0,0
201508,01,007,3,6,Bibb County                   ,2,2,604000,0,0,0,0,0,0,0,0,0,2,2,604000,0,0,0,0,0,0,0,0,0
201508,01,009,3,6,Blount County                 ,1,1,225668,0,0,0,0,0,0,0,0,0,1,1,225668,0,0,0,0,0,0,0,0,0
201508,01,021,3,6,Chilton County                ,6,6,500000,0,0,0,0,0,0,0,0,0,6,6,500000,0,0,0,0,0,0,0,0,0
201508,01,073,3,6,Jefferson County              ,116,116,27470407,0,0,0,0,0,2346506,11,572,57188146,91,91,22384895,0,0,0,0,0,2346506,10,567,57022257
201508,01,083,3,6,Limestone County              ,8,8,1889150,0,0,0,0,0,0,0,0,0,8,8,1889150,0,0,0,0,0,0,0,0,0
201508,01,089,3,6,Madison County                ,167,167,21058736,0,0,0,0,0,0,4,96,4125060,166,166,20932421,0,0,0,0,0,0,4,96,4125060
201508,01,113,3,6,Russell County                ,19,19,3779892,0,0,0,0,0,0,8,312,22036000,19,19,3779892,0,0,0,0,0,0,8,312,22036000
201508,01,115,3,6,St. Clair County              ,11,11,1552810,0,0,0,0,0,0,0,0,0,9,9,1272810,0,0,0,0,0,0,0,0,0
201508,01,117,3,6,Shelby County                 ,72,72,15983724,0,0,0,0,0,0,0,0,0,28,28,5533469,0,0,0,0,0,0,0,0,0
201508,01,127,3,6,Walker County                 ,0,0,0,0,0,0,0,0,0,0,0,0,0,0,0,0,0,0,0,0,0,0,0,0
201508,02,013,4,9,Aleutians East Borough        ,0,0,0,0,0,0,0,0,0,0,0,0,0,0,0,0,0,0,0,0,0,0,0,0
201508,02,016,4,9,Aleutians West Census Area    ,0,0,0,0,0,0,0,0,0,0,0,0,0,0,0,0,0,0,0,0,0,0,0,0
201508,02,020,4,9,Anchorage Borough             ,59,59,18557877,0,0,0,1,3,514864,2,16,2529529,0,0,0,0,0,0,0,0,0,0,0,0
201508,02,020,4,9,Anchorage Municipality        ,59,59,18557877,0,0,0,1,3,514864,2,16,2529529,0,0,0,0,0,0,0,0,0,0,0,0
201508,02,050,4,9,Bethel Census Area            ,1,1,350000,0,0,0,0,0,0,0,0,0,1,1,350000,0,0,0,0,0,0,0,0,0
201508,02,060,4,9,Bristol Bay Borough           ,2,2,272000,0,0,0,0,0,0,0,0,0,2,2,272000,0,0,0,0,0,0,0,0,0
201508,02,070,4,9,Dillingham Census Area        ,1,1,240312,0,0,0,0,0,0,0,0,0,0,0,0,0,0,0,0,0,0,0,0,0
201508,02,090,4,9,Fairbanks North Star Borough  ,1,1,390000,0,0,0,0,0,0,0,0,0,1,1,390000,0,0,0,0,0,0,0,0,0
201508,02,100,4,9,Haines Borough                ,1,1,267225,0,0,0,0,0,0,0,0,0,1,1,267225,0,0,0,0,0,0,0,0,0
201508,02,105,4,9,Hoonah-Angoon Census Area     ,0,0,0,0,0,0,0,0,0,0,0,0,0,0,0,0,0,0,0,0,0,0,0,0
201508,02,110,4,9,Juneau Borough                ,5,5,969276,0,0,0,0,0,0,0,0,0,5,5,969276,0,0,0,0,0,0,0,0,0
201508,02,110,4,9,Juneau City and Borough       ,5,5,969276,0,0,0,0,0,0,0,0,0,5,5,969276,0,0,0,0,0,0,0,0,0
201508,02,122,4,9,Kenai Peninsula Borough       ,11,11,2346619,1,2,337792,0,0,0,0,0,0,0,0,0,0,0,0,0,0,0,0,0,0
201508,02,130,4,9,Ketchikan Gateway Borough     ,2,2,583174,1,2,293438,0,0,0,0,0,0,2,2,583174,1,2,293438,0,0,0,0,0,0
201508,02,150,4,9,Kodiak Island Borough         ,1,1,128047,0,0,0,0,0,0,0,0,0,1,1,128047,0,0,0,0,0,0,0,0,0
201508,02,170,4,9,Matanuska-Susitna Borough     ,3,3,777197,2,4,487838,0,0,0,0,0,0,3,3,777197,2,4,487838,0,0,0,0,0,0
201508,02,180,4,9,Nome Census Area              ,0,0,0,0,0,0,0,0,0,0,0,0,0,0,0,0,0,0,0,0,0,0,0,0
201508,02,185,4,9,North Slope Borough           ,2,2,514958,0,0,0,0,0,0,0,0,0,0,0,0,0,0,0,0,0,0,0,0,0
201508,02,188,4,9,Northwest Arctic Borough      ,1,1,455182,0,0,0,0,0,0,0,0,0,0,0,0,0,0,0,0,0,0,0,0,0
201508,02,195,4,9,Petersburg Borough            ,0,0,0,0,0,0,0,0,0,0,0,0,0,0,0,0,0,0,0,0,0,0,0,0
201508,02,195,4,9,Petersburg Census Area        ,0,0,0,0,0,0,0,0,0,0,0,0,0,0,0,0,0,0,0,0,0,0,0,0
201508,02,198,4,9,Prince of Wales-Hyder Census A,0,0,0,0,0,0,0,0,0,0,0,0,0,0,0,0,0,0,0,0,0,0,0,0
201508,02,220,4,9,Sitka Borough                 ,2,2,534556,0,0,0,0,0,0,0,0,0,0,0,0,0,0,0,0,0,0,0,0,0
201508,02,220,4,9,Sitka City and Borough        ,2,2,534556,0,0,0,0,0,0,0,0,0,0,0,0,0,0,0,0,0,0,0,0,0
201508,02,230,4,9,Skagway Municipality          ,1,1,40000,0,0,0,0,0,0,0,0,0,1,1,40000,0,0,0,0,0,0,0,0,0
201508,02,261,4,9,Valdez-Cordova Census Area    ,0,0,0,0,0,0,0,0,0,0,0,0,0,0,0,0,0,0,0,0,0,0,0,0
201508,02,270,4,9,Wade Hampton Census Area      ,0,0,0,0,0,0,0,0,0,0,0,0,0,0,0,0,0,0,0,0,0,0,0,0
201508,02,275,4,9,Wrangell City and Borough     ,2,2,300000,0,0,0,0,0,0,0,0,0,2,2,300000,0,0,0,0,0,0,0,0,0
201508,02,282,4,9,Yakutat Borough               ,0,0,0,0,0,0,0,0,0,0,0,0,0,0,0,0,0,0,0,0,0,0,0,0
201508,02,282,4,9,Yakutat City and Borough      ,0,0,0,0,0,0,0,0,0,0,0,0,0,0,0,0,0,0,0,0,0,0,0,0
201508,02,290,4,9,Yukon-Koyukuk Census Area     ,0,0,0,0,0,0,0,0,0,0,0,0,0,0,0,0,0,0,0,0,0,0,0,0
201508,04,013,4,8,Maricopa County               ,1338,1338,366847149,2,4,847803,1,3,605782,38,926,124074579,1332,1332,365508020,2,4,847803,1,3,605782,34,741,102592253
201508,04,019,4,8,Pima County                   ,239,239,62599316,2,4,196796,0,0,0,4,82,9638889,23,23,6896450,0,0,0,0,0,0,0,0,0
201508,04,021,4,8,Pinal County                  ,204,204,36355085,10,20,1531710,0,0,0,0,0,0,164,164,27561706,10,20,1531710,0,0,0,0,0,0
201508,05,013,3,7,Calhoun County                ,0,0,0,0,0,0,0,0,0,0,0,0,0,0,0,0,0,0,0,0,0,0,0,0
201508,05,035,3,7,Crittenden County             ,9,9,1820668,0,0,0,0,0,0,0,0,0,9,9,1820668,0,0,0,0,0,0,0,0,0
201508,05,045,3,7,Faulkner County               ,14,14,2048925,1,2,60000,0,0,0,0,0,0,13,13,1840165,1,2,60000,0,0,0,0,0,0
201508,05,053,3,7,Grant County                  ,1,1,115833,0,0,0,0,0,0,0,0,0,0,0,0,0,0,0,0,0,0,0,0,0
201508,05,085,3,7,Lonoke County                 ,20,20,1654594,0,0,0,0,0,0,0,0,0,2,2,145550,0,0,0,0,0,0,0,0,0
201508,05,087,3,7,Madison County                ,0,0,0,0,0,0,0,0,0,0,0,0,0,0,0,0,0,0,0,0,0,0,0,0
201508,05,091,3,7,Miller County                 ,3,3,476076,0,0,0,0,0,0,0,0,0,0,0,0,0,0,0,0,0,0,0,0,0
201508,05,105,3,7,Perry County                  ,0,0,0,0,0,0,0,0,0,0,0,0,0,0,0,0,0,0,0,0,0,0,0,0
201508,05,119,3,7,Pulaski County                ,44,44,9578676,0,0,0,0,0,0,0,0,0,30,30,7364307,0,0,0,0,0,0,0,0,0
201508,05,129,3,7,Searcy County                 ,0,0,0,0,0,0,0,0,0,0,0,0,0,0,0,0,0,0,0,0,0,0,0,0
201508,05,143,3,7,Washington County             ,67,67,16071344,0,0,0,0,0,0,0,0,0,58,58,14416081,0,0,0,0,0,0,0,0,0
201508,06,001,4,9,Alameda County                ,167,167,53594505,3,6,1559755,1,3,1514664,6,402,74310996,164,164,52420627,3,6,1559755,1,3,1514664,4,386,71620995
201508,06,013,4,9,Contra Costa County           ,142,142,50573614,0,0,0,0,0,0,2,10,1442269,130,130,47162706,0,0,0,0,0,0,0,0,0
201508,06,017,4,9,El Dorado County              ,45,45,20765960,0,0,0,0,0,0,0,0,0,42,42,19479304,0,0,0,0,0,0,0,0,0
201508,06,019,4,9,Fresno County                 ,165,165,45213694,1,2,263101,1,3,188830,3,22,1727520,71,71,20368898,1,2,263101,0,0,0,0,0,0
201508,06,037,4,9,Los Angeles County            ,425,425,174381299,29,58,10347030,7,22,4911965,33,1327,222917012,357,357,151616523,28,56,9959430,7,22,4911965,29,1289,218568079
201508,06,041,4,9,Marin County                  ,15,15,7335947,0,0,0,0,0,0,2,15,1478259,4,4,2796400,0,0,0,0,0,0,0,0,0
201508,06,059,4,9,Orange County                 ,284,284,99019781,8,16,3605621,5,15,3567394,9,218,26590381,208,208,74256378,7,14,2938942,4,12,2505996,2,109,13303451
201508,06,061,4,9,Placer County                 ,153,153,51627850,0,0,0,0,0,0,0,0,0,152,152,51300946,0,0,0,0,0,0,0,0,0
201508,06,063,4,9,Plumas County                 ,3,3,529341,0,0,0,0,0,0,0,0,0,3,3,529341,0,0,0,0,0,0,0,0,0
201508,06,067,4,9,Sacramento County             ,198,198,55587099,1,2,269234,0,0,0,0,0,0,197,197,55351749,1,2,269234,0,0,0,0,0,0
201508,06,069,4,9,San Benito County             ,22,22,7279326,0,0,0,0,0,0,0,0,0,13,13,5015335,0,0,0,0,0,0,0,0,0
201508,06,071,4,9,San Bernardino County         ,208,208,52306608,0,0,0,0,0,0,9,61,7247781,193,193,49403683,0,0,0,0,0,0,7,51,6493902
201508,06,073,4,9,San Diego County              ,259,259,86693095,0,0,0,2,6,993741,5,101,13990379,241,241,81504658,0,0,0,2,6,993741,5,101,13990379
201508,06,075,4,9,San Francisco County          ,0,0,0,1,2,355385,0,0,0,3,422,162000000,0,0,0,1,2,355385,0,0,0,3,422,162000000
201508,06,081,4,9,San Mateo County              ,34,34,23443353,0,0,0,0,0,0,2,24,8835650,18,18,17334804,0,0,0,0,0,0,2,24,8835650
201508,06,085,4,9,Santa Clara County            ,100,100,40896808,0,0,0,3,11,2287748,16,292,59927364,46,46,25640073,0,0,0,2,8,1744248,13,98,25097081
201508,06,091,4,9,Sierra County                 ,0,0,0,0,0,0,0,0,0,0,0,0,0,0,0,0,0,0,0,0,0,0,0,0
201508,06,113,4,9,Yolo County                   ,11,11,2972565,0,0,0,0,0,0,0,0,0,11,11,2972565,0,0,0,0,0,0,0,0,0
201508,08,001,4,8,Adams County                  ,109,109,27015628,0,0,0,0,0,0,0,0,0,99,99,25077550,0,0,0,0,0,0,0,0,0
201508,08,005,4,8,Arapahoe County               ,173,173,44481395,0,0,0,0,0,0,7,250,34645124,87,87,22294133,0,0,0,0,0,0,5,232,32759994
201508,08,014,4,8,Broomfield County             ,45,45,15680312,0,0,0,1,3,394488,2,33,3246134,0,0,0,0,0,0,0,0,0,0,0,0
201508,08,015,4,8,Chaffee County                ,11,11,2898305,0,0,0,1,3,549700,0,0,0,0,0,0,0,0,0,0,0,0,0,0,0
201508,08,019,4,8,Clear Creek County            ,4,4,1237778,0,0,0,0,0,0,0,0,0,4,4,1237778,0,0,0,0,0,0,0,0,0
201508,08,031,4,8,Denver County                 ,149,149,39816478,0,0,0,0,0,0,1,12,1147000,149,149,39816478,0,0,0,0,0,0,1,12,1147000
201508,08,035,4,8,Douglas County                ,179,179,51389869,0,0,0,0,0,0,0,0,0,171,171,48798442,0,0,0,0,0,0,0,0,0
201508,08,039,4,8,Elbert County                 ,9,9,1576581,0,0,0,0,0,0,0,0,0,9,9,1576581,0,0,0,0,0,0,0,0,0
201508,08,041,4,8,El Paso County                ,297,297,114964636,0,0,0,0,0,0,1,152,9337978,297,297,114964636,0,0,0,0,0,0,1,152,9337978
201508,08,047,4,8,Gilpin County                 ,3,3,1500000,0,0,0,0,0,0,0,0,0,3,3,1500000,0,0,0,0,0,0,0,0,0
201508,08,069,4,8,Larimer County                ,138,138,36952492,3,6,880314,1,3,490675,3,26,2276640,136,136,36523989,3,6,880314,1,3,490675,3,26,2276640
201508,08,077,4,8,Mesa County                   ,46,46,11166442,0,0,0,0,0,0,1,5,335747,0,0,0,0,0,0,0,0,0,0,0,0
201508,08,093,4,8,Park County                   ,16,16,3139961,0,0,0,0,0,0,0,0,0,16,16,3139961,0,0,0,0,0,0,0,0,0
201508,08,101,4,8,Pueblo County                 ,12,12,1778988,0,0,0,0,0,0,0,0,0,12,12,1778988,0,0,0,0,0,0,0,0,0
201508,08,119,4,8,Teller County                 ,12,12,3273208,0,0,0,0,0,0,0,0,0,12,12,3273208,0,0,0,0,0,0,0,0,0
201508,09,001,1,1,Fairfield County              ,70,70,46640822,0,0,0,0,0,0,1,20,3872250,41,41,23073937,0,0,0,0,0,0,1,20,3872250
201508,09,003,1,1,Hartford County               ,42,42,8401912,1,2,127351,2,7,529021,1,6,292117,29,29,6709828,0,0,0,0,0,0,0,0,0
201508,09,007,1,1,Middlesex County              ,15,15,3583749,0,0,0,0,0,0,0,0,0,9,9,2103775,0,0,0,0,0,0,0,0,0
201508,09,013,1,1,Tolland County                ,14,14,3108029,0,0,0,0,0,0,1,5,613650,7,7,1352613,0,0,0,0,0,0,0,0,0
201508,10,001,3,5,Kent County                   ,49,49,7920792,0,0,0,0,0,0,1,24,3091735,47,47,7738358,0,0,0,0,0,0,1,24,3091735
201508,10,003,3,5,New Castle County             ,136,136,12837256,0,0,0,1,4,253842,11,290,25481047,129,129,11986784,0,0,0,0,0,0,10,269,24000590
201508,10,005,3,5,Sussex County                 ,221,221,31051732,2,4,394000,3,10,1945172,2,11,1432500,221,221,31051732,2,4,394000,3,10,1945172,2,11,1432500
201508,11,001,3,5,Washington  DC                ,46,46,10380737,0,0,0,0,0,0,2,232,21979499,46,46,10380737,0,0,0,0,0,0,2,232,21979499
201508,12,003,3,5,Baker County                  ,2,2,371165,0,0,0,0,0,0,0,0,0,2,2,371165,0,0,0,0,0,0,0,0,0
201508,12,019,3,5,Clay County                   ,57,57,10215155,0,0,0,0,0,0,0,0,0,56,56,10022655,0,0,0,0,0,0,0,0,0
201508,12,031,3,5,Duval County                  ,145,145,34776872,2,4,439896,0,0,0,16,368,34864032,143,143,33920153,2,4,439896,0,0,0,16,368,34864032
201508,12,033,3,5,Escambia County               ,94,94,21289509,0,0,0,0,0,0,0,0,0,94,94,21289509,0,0,0,0,0,0,0,0,0
201508,12,053,3,5,Hernando County               ,58,58,9937811,0,0,0,0,0,0,0,0,0,57,57,9741095,0,0,0,0,0,0,0,0,0
201508,12,057,3,5,Hillsborough County           ,324,324,104413462,0,0,0,1,4,120000,1,274,26000000,324,324,104413462,0,0,0,1,4,120000,1,274,26000000
201508,12,067,3,5,Lafayette County              ,1,1,74855,0,0,0,0,0,0,0,0,0,1,1,74855,0,0,0,0,0,0,0,0,0
201508,12,071,3,5,Lee County                    ,326,326,94539436,1,2,180000,6,24,5387690,5,142,12136383,326,326,94539436,1,2,180000,6,24,5387690,5,142,12136383
201508,12,073,3,5,Leon County                   ,46,46,8962774,0,0,0,1,3,390000,2,53,5416190,21,21,4555999,0,0,0,0,0,0,0,0,0
201508,12,081,3,5,Manatee County                ,231,231,58085272,0,0,0,2,8,1419020,0,0,0,230,230,57797383,0,0,0,2,8,1419020,0,0,0
201508,12,086,3,5,Miami-Dade County             ,309,309,65949746,3,6,937000,0,0,0,9,96,17327649,291,291,59500136,2,4,816000,0,0,0,8,91,16494316
201508,12,089,3,5,Nassau County                 ,48,48,12956360,0,0,0,0,0,0,1,5,587708,5,5,1492864,0,0,0,0,0,0,0,0,0
201508,12,091,3,5,Okaloosa County               ,42,42,11647249,0,0,0,0,0,0,0,0,0,42,42,11647249,0,0,0,0,0,0,0,0,0
201508,12,095,3,5,Orange County                 ,399,399,103879342,4,8,1370639,4,12,590662,0,0,0,356,356,94418781,4,8,1370639,4,12,590662,0,0,0
201508,12,097,3,5,Osceola County                ,292,292,82915692,0,0,0,1,4,644948,0,0,0,292,292,82915692,0,0,0,1,4,644948,0,0,0
201508,12,101,3,5,Pasco County                  ,116,116,25839197,1,2,189900,1,3,81250,4,30,725685,115,115,25719197,1,2,189900,1,3,81250,4,30,725685
201508,12,103,3,5,Pinellas County               ,72,72,19425309,0,0,0,1,3,178500,2,53,3493391,63,63,16666625,0,0,0,1,3,178500,0,0,0
201508,12,109,3,5,St. Johns County              ,377,377,99611859,0,0,0,0,0,0,0,0,0,371,371,98401283,0,0,0,0,0,0,0,0,0
201508,12,113,3,5,Santa Rosa County             ,96,96,21664148,0,0,0,0,0,0,0,0,0,96,96,21664148,0,0,0,0,0,0,0,0,0
201508,12,115,3,5,Sarasota County               ,206,206,64779077,1,2,365600,1,4,1148677,0,0,0,206,206,64779077,1,2,365600,1,4,1148677,0,0,0
201508,12,117,3,5,Seminole County               ,109,109,39879304,0,0,0,0,0,0,1,24,1992376,101,101,37978696,0,0,0,0,0,0,0,0,0
201508,12,129,3,5,Wakulla County                ,9,9,1314000,0,0,0,0,0,0,0,0,0,9,9,1314000,0,0,0,0,0,0,0,0,0
201508,12,131,3,5,Walton County                 ,77,77,27560701,0,0,0,0,0,0,0,0,0,77,77,27560701,0,0,0,0,0,0,0,0,0
201508,12,133,3,5,Washington County             ,2,2,317657,0,0,0,0,0,0,0,0,0,0,0,0,0,0,0,0,0,0,0,0,0
201508,13,007,3,5,Baker County                  ,0,0,0,0,0,0,0,0,0,0,0,0,0,0,0,0,0,0,0,0,0,0,0,0
201508,13,013,3,5,Barrow County                 ,43,43,6323845,0,0,0,0,0,0,0,0,0,39,39,5914080,0,0,0,0,0,0,0,0,0
201508,13,015,3,5,Bartow County                 ,36,36,6527876,0,0,0,0,0,0,0,0,0,35,35,6285798,0,0,0,0,0,0,0,0,0
201508,13,021,3,5,Bibb County                   ,7,7,1357800,0,0,0,0,0,0,0,0,0,7,7,1357800,0,0,0,0,0,0,0,0,0
201508,13,029,3,5,Bryan County                  ,43,43,8032462,0,0,0,0,0,0,1,7,350000,29,29,5856576,0,0,0,0,0,0,0,0,0
201508,13,033,3,5,Burke County                  ,4,4,660034,0,0,0,0,0,0,0,0,0,0,0,0,0,0,0,0,0,0,0,0,0
201508,13,035,3,5,Butts County                  ,1,1,192951,0,0,0,0,0,0,0,0,0,0,0,0,0,0,0,0,0,0,0,0,0
201508,13,045,3,5,Carroll County                ,7,7,1544904,0,0,0,0,0,0,0,0,0,7,7,1544904,0,0,0,0,0,0,0,0,0
201508,13,051,3,5,Chatham County                ,70,70,17072604,0,0,0,0,0,0,1,5,412357,50,50,14514086,0,0,0,0,0,0,0,0,0
201508,13,057,3,5,Cherokee County               ,123,123,29506959,0,0,0,0,0,0,0,0,0,123,123,29506959,0,0,0,0,0,0,0,0,0
201508,13,059,3,5,Clarke County                 ,6,6,1333752,0,0,0,0,0,0,0,0,0,6,6,1333752,0,0,0,0,0,0,0,0,0
201508,13,063,3,5,Clayton County                ,51,51,11756747,0,0,0,0,0,0,0,0,0,48,48,10832074,0,0,0,0,0,0,0,0,0
201508,13,067,3,5,Cobb County                   ,129,129,39337081,0,0,0,5,20,4717657,3,18,4507039,124,124,37781790,0,0,0,5,20,4717657,3,18,4507039
201508,13,073,3,5,Columbia County               ,112,112,19209644,0,0,0,0,0,0,0,0,0,1,1,122440,0,0,0,0,0,0,0,0,0
201508,13,077,3,5,Coweta County                 ,68,68,21976803,0,0,0,0,0,0,0,0,0,35,35,12467091,0,0,0,0,0,0,0,0,0
201508,13,085,3,5,Dawson County                 ,16,16,2885760,0,0,0,0,0,0,0,0,0,16,16,2885760,0,0,0,0,0,0,0,0,0
201508,13,095,3,5,Dougherty County              ,5,5,551913,1,2,150110,0,0,0,1,5,187500,0,0,0,0,0,0,0,0,0,0,0,0
201508,13,097,3,5,Douglas County                ,16,16,1129923,0,0,0,0,0,0,0,0,0,16,16,1129923,0,0,0,0,0,0,0,0,0
201508,13,111,3,5,Fannin County                 ,18,18,3513013,0,0,0,0,0,0,0,0,0,18,18,3513013,0,0,0,0,0,0,0,0,0
201508,13,113,3,5,Fayette County                ,27,27,5477189,0,0,0,0,0,0,0,0,0,22,22,3903774,0,0,0,0,0,0,0,0,0
201508,13,117,3,5,Forsyth County                ,290,290,44266982,0,0,0,0,0,0,0,0,0,290,290,44266982,0,0,0,0,0,0,0,0,0
201508,13,121,3,5,Fulton County                 ,203,203,58914148,1,2,475000,0,0,0,2,125,13749971,195,195,57397098,1,2,475000,0,0,0,1,111,12884000
201508,13,127,3,5,Glynn County                  ,40,40,10551029,0,0,0,0,0,0,0,0,0,0,0,0,0,0,0,0,0,0,0,0,0
201508,13,135,3,5,Gwinnett County               ,306,306,45973509,0,0,0,0,0,0,0,0,0,293,293,43826827,0,0,0,0,0,0,0,0,0
201508,13,143,3,5,Haralson County               ,2,2,365757,0,0,0,0,0,0,0,0,0,0,0,0,0,0,0,0,0,0,0,0,0
201508,13,145,3,5,Harris County                 ,7,7,1629810,0,0,0,0,0,0,0,0,0,7,7,1629810,0,0,0,0,0,0,0,0,0
201508,13,149,3,5,Heard County                  ,1,1,121712,0,0,0,0,0,0,0,0,0,0,0,0,0,0,0,0,0,0,0,0,0
201508,13,151,3,5,Henry County                  ,111,111,23318148,0,0,0,0,0,0,0,0,0,111,111,23318148,0,0,0,0,0,0,0,0,0
201508,13,159,3,5,Jasper County                 ,5,5,669870,0,0,0,0,0,0,0,0,0,0,0,0,0,0,0,0,0,0,0,0,0
201508,13,171,3,5,Lamar County                  ,4,4,550924,0,0,0,0,0,0,0,0,0,4,4,550924,0,0,0,0,0,0,0,0,0
201508,13,177,3,5,Lee County                    ,9,9,859305,0,0,0,0,0,0,0,0,0,9,9,859305,0,0,0,0,0,0,0,0,0
201508,13,179,3,5,Liberty County                ,14,14,3794864,1,2,139965,1,4,361478,0,0,0,14,14,3794864,1,2,139965,1,4,361478,0,0,0
201508,13,189,3,5,McDuffie County               ,2,2,350526,0,0,0,0,0,0,0,0,0,0,0,0,0,0,0,0,0,0,0,0,0
201508,13,199,3,5,Meriwether County             ,2,2,428348,0,0,0,0,0,0,0,0,0,0,0,0,0,0,0,0,0,0,0,0,0
201508,13,201,3,5,Miller County                 ,1,1,321058,0,0,0,0,0,0,0,0,0,1,1,321058,0,0,0,0,0,0,0,0,0
201508,13,207,3,5,Monroe County                 ,6,6,1144000,0,0,0,0,0,0,0,0,0,6,6,1144000,0,0,0,0,0,0,0,0,0
201508,13,215,3,5,Muscogee County               ,31,31,3281552,0,0,0,0,0,0,1,18,1365256,0,0,0,0,0,0,0,0,0,0,0,0
201508,13,217,3,5,Newton County                 ,42,42,9494396,0,0,0,0,0,0,0,0,0,42,42,9494396,0,0,0,0,0,0,0,0,0
201508,13,227,3,5,Pickens County                ,6,6,1711883,0,0,0,0,0,0,0,0,0,1,1,350000,0,0,0,0,0,0,0,0,0
201508,13,231,3,5,Pike County                   ,6,6,896000,0,0,0,0,0,0,0,0,0,6,6,896000,0,0,0,0,0,0,0,0,0
201508,13,235,3,5,Pulaski County                ,1,1,78292,0,0,0,0,0,0,0,0,0,0,0,0,0,0,0,0,0,0,0,0,0
201508,13,245,3,5,Richmond County               ,34,34,6631683,0,0,0,0,0,0,1,31,905000,1,1,223000,0,0,0,0,0,0,0,0,0
201508,13,247,3,5,Rockdale County               ,12,12,2708018,0,0,0,0,0,0,0,0,0,12,12,2708018,0,0,0,0,0,0,0,0,0
201508,13,255,3,5,Spalding County               ,17,17,2160478,0,0,0,0,0,0,0,0,0,17,17,2160478,0,0,0,0,0,0,0,0,0
201508,13,275,3,5,Thomas County                 ,8,8,1723965,0,0,0,0,0,0,0,0,0,5,5,1215243,0,0,0,0,0,0,0,0,0
201508,13,291,3,5,Union County                  ,9,9,2427983,0,0,0,0,0,0,0,0,0,9,9,2427983,0,0,0,0,0,0,0,0,0
201508,15,001,4,9,Hawaii County                 ,57,57,21451286,2,4,5146000,0,0,0,4,24,2900000,57,57,21451286,2,4,5146000,0,0,0,4,24,2900000
201508,15,003,4,9,Honolulu County               ,37,37,16346411,0,0,0,0,0,0,33,630,109211960,37,37,16346411,0,0,0,0,0,0,33,630,109211960
201508,15,007,4,9,Kauai County                  ,20,20,6636204,0,0,0,0,0,0,0,0,0,20,20,6636204,0,0,0,0,0,0,0,0,0
201508,15,009,4,9,Maui County                   ,29,29,8456018,1,2,500000,0,0,0,0,0,0,29,29,8456018,1,2,500000,0,0,0,0,0,0
201508,16,001,4,8,Ada County                    ,330,330,82400893,0,0,0,0,0,0,2,42,6819460,293,293,74915510,0,0,0,0,0,0,1,26,5571024
201508,16,015,4,8,Boise County                  ,4,4,1027695,0,0,0,0,0,0,0,0,0,4,4,1027695,0,0,0,0,0,0,0,0,0
201508,16,027,4,8,Canyon County                 ,102,102,16540523,0,0,0,0,0,0,0,0,0,69,69,9914178,0,0,0,0,0,0,0,0,0
201508,16,045,4,8,Gem County                    ,2,2,214238,0,0,0,0,0,0,0,0,0,0,0,0,0,0,0,0,0,0,0,0,0
201508,16,073,4,8,Owyhee County                 ,1,1,194280,0,0,0,0,0,0,0,0,0,1,1,194280,0,0,0,0,0,0,0,0,0
201508,17,005,2,3,Bond County                   ,2,2,276208,0,0,0,0,0,0,0,0,0,1,1,100000,0,0,0,0,0,0,0,0,0
201508,17,013,2,3,Calhoun County                ,1,1,197083,0,0,0,0,0,0,0,0,0,0,0,0,0,0,0,0,0,0,0,0,0
201508,17,031,2,3,Cook County                   ,110,110,35766714,4,8,1229288,8,25,4344286,6,519,43753299,90,90,27736019,4,8,1229288,7,22,3830000,5,496,37534780
201508,17,037,2,3,DeKalb County                 ,18,18,3539800,0,0,0,0,0,0,0,0,0,18,18,3539800,0,0,0,0,0,0,0,0,0
201508,17,039,2,3,De Witt County                ,4,4,813956,0,0,0,1,3,185000,0,0,0,4,4,813956,0,0,0,1,3,185000,0,0,0
201508,17,043,2,3,DuPage County                 ,92,92,33433500,0,0,0,0,0,0,1,192,55000000,76,76,26828509,0,0,0,0,0,0,1,192,55000000
201508,17,063,2,3,Grundy County                 ,4,4,1060549,0,0,0,0,0,0,2,10,512820,3,3,900000,0,0,0,0,0,0,0,0,0
201508,17,083,2,3,Jersey County                 ,3,3,459564,0,0,0,0,0,0,0,0,0,0,0,0,0,0,0,0,0,0,0,0,0
201508,17,093,2,3,Kendall County                ,19,19,3363803,0,0,0,0,0,0,1,6,1142857,8,8,1661984,0,0,0,0,0,0,0,0,0
201508,17,097,2,3,Lake County                   ,53,53,25009360,1,2,236880,0,0,0,3,29,3683064,29,29,17883785,0,0,0,0,0,0,2,12,1332000
201508,17,111,2,3,McHenry County                ,43,43,7437970,1,2,245468,3,12,1240000,0,0,0,38,38,7002644,1,2,245468,3,12,1240000,0,0,0
201508,17,119,2,3,Madison County                ,43,43,10332121,0,0,0,0,0,0,0,0,0,36,36,8603793,0,0,0,0,0,0,0,0,0
201508,17,133,2,3,Monroe County                 ,10,10,2257061,0,0,0,0,0,0,0,0,0,3,3,715000,0,0,0,0,0,0,0,0,0
201508,17,197,2,3,Will County                   ,109,109,28845386,1,2,330000,0,0,0,0,0,0,88,88,23764239,1,2,330000,0,0,0,0,0,0
201508,18,003,2,3,Allen County                  ,83,83,21806735,0,0,0,2,7,519640,6,42,3165942,83,83,21806735,0,0,0,2,7,519640,6,42,3165942
201508,18,011,2,3,Boone County                  ,28,28,7021840,0,0,0,0,0,0,0,0,0,28,28,7021840,0,0,0,0,0,0,0,0,0
201508,18,013,2,3,Brown County                  ,3,3,627561,0,0,0,0,0,0,0,0,0,0,0,0,0,0,0,0,0,0,0,0,0
201508,18,019,2,3,Clark County                  ,18,18,3645953,1,2,245468,0,0,0,0,0,0,16,16,3338188,1,2,245468,0,0,0,0,0,0
201508,18,047,2,3,Franklin County               ,3,3,550000,0,0,0,0,0,0,0,0,0,3,3,550000,0,0,0,0,0,0,0,0,0
201508,18,057,2,3,Hamilton County               ,159,159,43313533,0,0,0,1,3,561000,27,242,18303468,159,159,43313533,0,0,0,1,3,561000,27,242,18303468
201508,18,059,2,3,Hancock County                ,40,40,7127218,0,0,0,0,0,0,0,0,0,37,37,6460280,0,0,0,0,0,0,0,0,0
201508,18,061,2,3,Harrison County               ,15,15,2576000,0,0,0,0,0,0,0,0,0,15,15,2576000,0,0,0,0,0,0,0,0,0
201508,18,063,2,3,Hendricks County              ,59,59,12052626,1,2,160000,0,0,0,15,240,22950000,56,56,11356102,1,2,160000,0,0,0,15,240,22950000
201508,18,069,2,3,Huntington County             ,9,9,1543916,0,0,0,0,0,0,0,0,0,9,9,1543916,0,0,0,0,0,0,0,0,0
201508,18,073,2,3,Jasper County                 ,10,10,2242658,0,0,0,0,0,0,0,0,0,10,10,2242658,0,0,0,0,0,0,0,0,0
201508,18,081,2,3,Johnson County                ,57,57,10532567,1,2,385000,0,0,0,0,0,0,54,54,10185860,1,2,385000,0,0,0,0,0,0
201508,18,087,2,3,Lagrange County               ,11,11,1793000,0,0,0,0,0,0,0,0,0,11,11,1793000,0,0,0,0,0,0,0,0,0
201508,18,089,2,3,Lake County                   ,74,74,18579270,1,2,183557,0,0,0,1,8,1244145,66,66,16371376,0,0,0,0,0,0,1,8,1244145
201508,18,097,2,3,Marion County                 ,71,71,15172334,3,6,891362,1,3,185644,3,44,2795883,16,16,2731199,0,0,0,0,0,0,0,0,0
201508,18,105,2,3,Monroe County                 ,17,17,4183598,0,0,0,0,0,0,0,0,0,17,17,4183598,0,0,0,0,0,0,0,0,0
201508,18,109,2,3,Morgan County                 ,14,14,2277000,1,2,160000,0,0,0,0,0,0,14,14,2277000,1,2,160000,0,0,0,0,0,0
201508,18,111,2,3,Newton County                 ,2,2,453568,0,0,0,0,0,0,0,0,0,0,0,0,0,0,0,0,0,0,0,0,0
201508,18,115,2,3,Ohio County                   ,0,0,0,0,0,0,0,0,0,0,0,0,0,0,0,0,0,0,0,0,0,0,0,0
201508,18,119,2,3,Owen County                   ,6,6,959500,0,0,0,0,0,0,0,0,0,6,6,959500,0,0,0,0,0,0,0,0,0
201508,18,127,2,3,Porter County                 ,27,27,6960158,1,2,195000,0,0,0,2,33,4275183,23,23,6071512,1,2,195000,0,0,0,2,33,4275183
201508,18,133,2,3,Putnam County                 ,2,2,492188,0,0,0,0,0,0,0,0,0,2,2,492188,0,0,0,0,0,0,0,0,0
201508,18,145,2,3,Shelby County                 ,9,9,2523656,0,0,0,0,0,0,1,40,4000000,9,9,2523656,0,0,0,0,0,0,1,40,4000000
201508,18,151,2,3,Steuben County                ,12,12,3377719,0,0,0,0,0,0,0,0,0,12,12,3377719,0,0,0,0,0,0,0,0,0
201508,18,157,2,3,Tippecanoe County             ,16,16,2021263,0,0,0,0,0,0,1,7,528319,8,8,1067000,0,0,0,0,0,0,0,0,0
201508,18,163,2,3,Vanderburgh County            ,28,28,4460500,2,4,160000,0,0,0,0,0,0,28,28,4460500,2,4,160000,0,0,0,0,0,0
201508,18,167,2,3,Vigo County                   ,11,11,2611504,2,4,225571,0,0,0,1,14,1315714,10,10,2460940,0,0,0,0,0,0,0,0,0
201508,18,175,2,3,Washington County             ,3,3,431868,0,0,0,0,0,0,0,0,0,0,0,0,0,0,0,0,0,0,0,0,0
201508,18,183,2,3,Whitley County                ,9,9,1706500,0,0,0,0,0,0,0,0,0,9,9,1706500,0,0,0,0,0,0,0,0,0
201508,19,049,2,4,Dallas County                 ,91,91,23119661,0,0,0,0,0,0,0,0,0,91,91,23119661,0,0,0,0,0,0,0,0,0
201508,19,085,2,4,Harrison County               ,6,6,1002188,0,0,0,0,0,0,0,0,0,6,6,1002188,0,0,0,0,0,0,0,0,0
201508,19,129,2,4,Mills County                  ,0,0,0,0,0,0,0,0,0,0,0,0,0,0,0,0,0,0,0,0,0,0,0,0
201508,19,153,2,4,Polk County                   ,227,227,55371234,0,0,0,0,0,0,5,164,14352419,213,213,51379164,0,0,0,0,0,0,4,158,13569669
201508,19,181,2,4,Warren County                 ,11,11,3670411,0,0,0,0,0,0,0,0,0,11,11,3670411,0,0,0,0,0,0,0,0,0
201508,20,091,2,4,Johnson County                ,140,140,44431654,1,2,338578,2,7,1033247,0,0,0,66,66,23721463,0,0,0,0,0,0,0,0,0
201508,20,103,2,4,Leavenworth County            ,26,26,5027274,0,0,0,0,0,0,0,0,0,26,26,5027274,0,0,0,0,0,0,0,0,0
201508,20,107,2,4,Linn County                   ,5,5,336645,0,0,0,0,0,0,0,0,0,2,2,62000,0,0,0,0,0,0,0,0,0
201508,20,121,2,4,Miami County                  ,5,5,991013,0,0,0,0,0,0,0,0,0,1,1,115000,0,0,0,0,0,0,0,0,0
201508,20,209,2,4,Wyandotte County              ,8,8,1369823,5,10,872500,0,0,0,0,0,0,8,8,1369823,5,10,872500,0,0,0,0,0,0
201508,21,005,3,6,Anderson County               ,5,5,1023145,0,0,0,0,0,0,0,0,0,5,5,1023145,0,0,0,0,0,0,0,0,0
201508,21,015,3,6,Boone County                  ,29,29,4212666,0,0,0,0,0,0,0,0,0,29,29,4212666,0,0,0,0,0,0,0,0,0
201508,21,017,3,6,Bourbon County                ,3,3,891257,0,0,0,0,0,0,0,0,0,1,1,300000,0,0,0,0,0,0,0,0,0
201508,21,021,3,6,Boyle County                  ,1,1,130000,0,0,0,0,0,0,0,0,0,1,1,130000,0,0,0,0,0,0,0,0,0
201508,21,029,3,6,Bullitt County                ,26,26,4838663,0,0,0,0,0,0,0,0,0,26,26,4838663,0,0,0,0,0,0,0,0,0
201508,21,035,3,6,Calloway County               ,0,0,0,1,2,129000,4,14,580500,0,0,0,0,0,0,1,2,129000,4,14,580500,0,0,0
201508,21,037,3,6,Campbell County               ,12,12,2382671,0,0,0,0,0,0,0,0,0,10,10,1970921,0,0,0,0,0,0,0,0,0
201508,21,045,3,6,Casey County                  ,0,0,0,0,0,0,0,0,0,0,0,0,0,0,0,0,0,0,0,0,0,0,0,0
201508,21,047,3,6,Christian County              ,3,3,502400,0,0,0,0,0,0,0,0,0,1,1,360000,0,0,0,0,0,0,0,0,0
201508,21,049,3,6,Clark County                  ,2,2,346176,1,2,400000,0,0,0,0,0,0,0,0,0,0,0,0,0,0,0,0,0,0
201508,21,067,3,6,Fayette County                ,64,64,9416238,0,0,0,1,3,300000,2,43,2564656,0,0,0,0,0,0,0,0,0,0,0,0
201508,21,069,3,6,Fleming County                ,0,0,0,0,0,0,0,0,0,0,0,0,0,0,0,0,0,0,0,0,0,0,0,0
201508,21,077,3,6,Gallatin County               ,2,2,110000,0,0,0,0,0,0,0,0,0,2,2,110000,0,0,0,0,0,0,0,0,0
201508,21,081,3,6,Grant County                  ,3,3,611613,0,0,0,0,0,0,1,5,313750,0,0,0,0,0,0,0,0,0,0,0,0
201508,21,091,3,6,Hancock County                ,0,0,0,0,0,0,0,0,0,0,0,0,0,0,0,0,0,0,0,0,0,0,0,0
201508,21,099,3,6,Hart County                   ,3,3,291750,0,0,0,0,0,0,1,5,567738,0,0,0,0,0,0,0,0,0,0,0,0
201508,21,101,3,6,Henderson County              ,3,3,873225,0,0,0,0,0,0,1,8,400000,3,3,873225,0,0,0,0,0,0,1,8,400000
201508,21,103,3,6,Henry County                  ,0,0,0,0,0,0,0,0,0,0,0,0,0,0,0,0,0,0,0,0,0,0,0,0
201508,21,111,3,6,Jefferson County              ,92,92,18902287,3,6,365040,0,0,0,14,122,7512730,2,2,241200,0,0,0,0,0,0,0,0,0
201508,21,113,3,6,Jessamine County              ,13,13,3133579,0,0,0,0,0,0,0,0,0,4,4,1930000,0,0,0,0,0,0,0,0,0
201508,21,115,3,6,Johnson County                ,0,0,0,0,0,0,0,0,0,0,0,0,0,0,0,0,0,0,0,0,0,0,0,0
201508,21,117,3,6,Kenton County                 ,18,18,3892188,0,0,0,0,0,0,0,0,0,18,18,3892188,0,0,0,0,0,0,0,0,0
201508,21,121,3,6,Knox County                   ,0,0,0,0,0,0,0,0,0,0,0,0,0,0,0,0,0,0,0,0,0,0,0,0
201508,21,123,3,6,Larue County                  ,3,3,677005,0,0,0,0,0,0,0,0,0,3,3,677005,0,0,0,0,0,0,0,0,0
201508,21,137,3,6,Lincoln County                ,5,5,975837,0,0,0,0,0,0,0,0,0,5,5,975837,0,0,0,0,0,0,0,0,0
201508,21,145,3,6,McCracken County              ,29,29,4482324,0,0,0,0,0,0,0,0,0,29,29,4482324,0,0,0,0,0,0,0,0,0
201508,21,151,3,6,Madison County                ,12,12,1079087,2,4,177996,3,12,585000,1,5,168572,3,3,300000,1,2,65000,3,12,585000,0,0,0
201508,21,161,3,6,Mason County                  ,8,8,1500000,0,0,0,0,0,0,0,0,0,8,8,1500000,0,0,0,0,0,0,0,0,0
201508,21,163,3,6,Meade County                  ,2,2,309504,0,0,0,0,0,0,0,0,0,0,0,0,0,0,0,0,0,0,0,0,0
201508,21,167,3,6,Mercer County                 ,4,4,560699,1,2,137500,0,0,0,0,0,0,0,0,0,0,0,0,0,0,0,0,0,0
201508,21,175,3,6,Morgan County                 ,1,1,75000,0,0,0,0,0,0,0,0,0,0,0,0,0,0,0,0,0,0,0,0,0
201508,21,179,3,6,Nelson County                 ,23,23,2936000,0,0,0,0,0,0,0,0,0,23,23,2936000,0,0,0,0,0,0,0,0,0
201508,21,185,3,6,Oldham County                 ,20,20,5382954,0,0,0,0,0,0,0,0,0,0,0,0,0,0,0,0,0,0,0,0,0
201508,21,191,3,6,Pendleton County              ,0,0,0,0,0,0,0,0,0,0,0,0,0,0,0,0,0,0,0,0,0,0,0,0
201508,21,209,3,6,Scott County                  ,29,29,4571650,0,0,0,0,0,0,0,0,0,29,29,4571650,0,0,0,0,0,0,0,0,0
201508,21,211,3,6,Shelby County                 ,20,20,3811490,0,0,0,0,0,0,0,0,0,20,20,3811490,0,0,0,0,0,0,0,0,0
201508,21,213,3,6,Simpson County                ,5,5,745000,0,0,0,0,0,0,0,0,0,5,5,745000,0,0,0,0,0,0,0,0,0
201508,21,215,3,6,Spencer County                ,6,6,1354009,0,0,0,0,0,0,0,0,0,6,6,1354009,0,0,0,0,0,0,0,0,0
201508,21,221,3,6,Trigg County                  ,0,0,0,0,0,0,0,0,0,0,0,0,0,0,0,0,0,0,0,0,0,0,0,0
201508,21,225,3,6,Union County                  ,1,1,195167,0,0,0,0,0,0,0,0,0,1,1,195167,0,0,0,0,0,0,0,0,0
201508,21,239,3,6,Woodford County               ,15,15,3870500,0,0,0,0,0,0,0,0,0,15,15,3870500,0,0,0,0,0,0,0,0,0
201508,22,005,3,7,Ascension Parish              ,35,35,6147434,0,0,0,0,0,0,0,0,0,35,35,6147434,0,0,0,0,0,0,0,0,0
201508,22,015,3,7,Bossier Parish                ,54,54,9096514,0,0,0,0,0,0,0,0,0,54,54,9096514,0,0,0,0,0,0,0,0,0
201508,22,017,3,7,Caddo Parish                  ,29,29,6300008,0,0,0,0,0,0,0,0,0,29,29,6300008,0,0,0,0,0,0,0,0,0
201508,22,031,3,7,De Soto Parish                ,10,10,2479677,0,0,0,0,0,0,0,0,0,10,10,2479677,0,0,0,0,0,0,0,0,0
201508,22,033,3,7,East Baton Rouge Parish       ,136,136,28515533,0,0,0,0,0,0,0,0,0,123,123,25468197,0,0,0,0,0,0,0,0,0
201508,22,037,3,7,East Feliciana Parish         ,4,4,780670,0,0,0,0,0,0,0,0,0,4,4,780670,0,0,0,0,0,0,0,0,0
201508,22,047,3,7,Iberville Parish              ,8,8,1421503,0,0,0,0,0,0,0,0,0,0,0,0,0,0,0,0,0,0,0,0,0
201508,22,051,3,7,Jefferson Parish              ,32,32,6502832,0,0,0,0,0,0,0,0,0,4,4,1518550,0,0,0,0,0,0,0,0,0
201508,22,055,3,7,Lafayette Parish              ,158,158,32602876,0,0,0,0,0,0,0,0,0,125,125,27329037,0,0,0,0,0,0,0,0,0
201508,22,063,3,7,Livingston Parish             ,65,65,13556602,0,0,0,0,0,0,0,0,0,2,2,360000,0,0,0,0,0,0,0,0,0
201508,22,071,3,7,Orleans Parish                ,7,7,1700336,4,8,832007,0,0,0,0,0,0,7,7,1700336,4,8,832007,0,0,0,0,0,0
201508,22,075,3,7,Plaquemines Parish            ,3,3,667920,0,0,0,0,0,0,0,0,0,3,3,667920,0,0,0,0,0,0,0,0,0
201508,22,077,3,7,Pointe Coupee Parish          ,4,4,930872,0,0,0,0,0,0,0,0,0,4,4,930872,0,0,0,0,0,0,0,0,0
201508,22,087,3,7,St. Bernard Parish            ,5,5,650600,0,0,0,0,0,0,0,0,0,5,5,650600,0,0,0,0,0,0,0,0,0
201508,22,089,3,7,St. Charles Parish            ,10,10,2232018,0,0,0,0,0,0,0,0,0,0,0,0,0,0,0,0,0,0,0,0,0
201508,22,091,3,7,St. Helena Parish             ,0,0,0,0,0,0,0,0,0,0,0,0,0,0,0,0,0,0,0,0,0,0,0,0
201508,22,095,3,7,St. John the Baptist Parish   ,3,3,509493,0,0,0,0,0,0,0,0,0,0,0,0,0,0,0,0,0,0,0,0,0
201508,22,099,3,7,St. Martin Parish             ,17,17,3195168,0,0,0,0,0,0,0,0,0,16,16,3010168,0,0,0,0,0,0,0,0,0
201508,22,103,3,7,St. Tammany Parish            ,71,71,16987061,0,0,0,0,0,0,0,0,0,69,69,16214666,0,0,0,0,0,0,0,0,0
201508,22,109,3,7,Terrebonne Parish             ,18,18,4734047,0,0,0,0,0,0,0,0,0,18,18,4734047,0,0,0,0,0,0,0,0,0
201508,22,121,3,7,West Baton Rouge Parish       ,30,30,4758182,0,0,0,0,0,0,0,0,0,19,19,3189135,0,0,0,0,0,0,0,0,0
201508,22,125,3,7,West Feliciana Parish         ,4,4,1396933,0,0,0,0,0,0,0,0,0,4,4,1396933,0,0,0,0,0,0,0,0,0
201508,23,000,1,1,Maine Unorganized Territory   ,7,7,929602,0,0,0,0,0,0,0,0,0,0,0,0,0,0,0,0,0,0,0,0,0
201508,24,003,3,5,Anne Arundel County           ,794,794,178530997,1,2,261329,0,0,0,1,17,1913418,779,779,175795530,0,0,0,0,0,0,0,0,0
201508,24,005,3,5,Baltimore County              ,82,82,18504793,0,0,0,0,0,0,0,0,0,82,82,18504793,0,0,0,0,0,0,0,0,0
201508,24,009,3,5,Calvert County                ,20,20,4254152,0,0,0,0,0,0,0,0,0,0,0,0,0,0,0,0,0,0,0,0,0
201508,24,013,3,5,Carroll County                ,23,23,5190369,0,0,0,0,0,0,0,0,0,23,23,5190369,0,0,0,0,0,0,0,0,0
201508,24,015,3,5,Cecil County                  ,13,13,2623000,0,0,0,0,0,0,0,0,0,13,13,2623000,0,0,0,0,0,0,0,0,0
201508,24,017,3,5,Charles County                ,70,70,13457924,0,0,0,0,0,0,0,0,0,64,64,12352500,0,0,0,0,0,0,0,0,0
201508,24,021,3,5,Frederick County              ,102,102,25404629,0,0,0,0,0,0,2,11,1042131,102,102,25404629,0,0,0,0,0,0,2,11,1042131
201508,24,023,3,5,Garrett County                ,3,3,686000,0,0,0,0,0,0,0,0,0,3,3,686000,0,0,0,0,0,0,0,0,0
201508,24,025,3,5,Harford County                ,39,39,9636078,0,0,0,0,0,0,0,0,0,39,39,9636078,0,0,0,0,0,0,0,0,0
201508,24,027,3,5,Howard County                 ,85,85,19181797,0,0,0,0,0,0,0,0,0,85,85,19181797,0,0,0,0,0,0,0,0,0
201508,24,031,3,5,Montgomery County             ,128,128,27523852,4,8,661959,0,0,0,0,0,0,114,114,25726175,0,0,0,0,0,0,0,0,0
201508,24,033,3,5,Prince George County          ,97,97,21889816,0,0,0,0,0,0,0,0,0,97,97,21889816,0,0,0,0,0,0,0,0,0
201508,24,035,3,5,Queen Anne County             ,10,10,1926341,0,0,0,0,0,0,0,0,0,10,10,1926341,0,0,0,0,0,0,0,0,0
201508,24,037,3,5,St. Mary's County             ,24,24,5877780,0,0,0,0,0,0,0,0,0,20,20,4513364,0,0,0,0,0,0,0,0,0
201508,24,037,3,5,St. Marys County              ,24,24,5877780,0,0,0,0,0,0,0,0,0,20,20,4513364,0,0,0,0,0,0,0,0,0
201508,24,039,3,5,Somerset County               ,3,3,460850,0,0,0,0,0,0,0,0,0,3,3,460850,0,0,0,0,0,0,0,0,0
201508,24,045,3,5,Wicomico County               ,6,6,975606,0,0,0,0,0,0,1,5,450000,5,5,857565,0,0,0,0,0,0,0,0,0
201508,24,510,3,5,Baltimore (Independent City)  ,23,23,3585570,0,0,0,0,0,0,1,51,4952061,0,0,0,0,0,0,0,0,0,0,0,0
201508,25,005,1,1,Bristol County                ,57,57,13725806,0,0,0,0,0,0,2,41,1506759,38,38,10243927,0,0,0,0,0,0,1,36,1149000
201508,25,009,1,1,Essex County                  ,68,68,19473845,2,4,512000,0,0,0,1,84,11868526,35,35,9464852,2,4,512000,0,0,0,1,84,11868526
201508,25,017,1,1,Middlesex County              ,123,123,32393903,4,8,1082000,0,0,0,5,60,8953700,69,69,17372774,1,2,330000,0,0,0,0,0,0
201508,25,021,1,1,Norfolk County                ,78,78,31397917,1,2,348518,0,0,0,5,139,17009368,68,68,28660875,0,0,0,0,0,0,2,114,15450000
201508,25,023,1,1,Plymouth County               ,73,73,18758776,0,0,0,2,6,767743,1,5,492405,47,47,13398098,0,0,0,0,0,0,0,0,0
201508,25,025,1,1,Suffolk County                ,1,1,257201,2,4,1050000,5,15,2750000,7,162,30143340,1,1,257201,2,4,1050000,5,15,2750000,6,136,27719297
201508,26,000,2,3,Michigan Balance of State     ,7,7,1373374,0,0,0,0,0,0,0,0,0,7,7,1373374,0,0,0,0,0,0,0,0,0
201508,26,019,2,3,Benzie County                 ,10,10,2063350,0,0,0,0,0,0,0,0,0,10,10,2063350,0,0,0,0,0,0,0,0,0
201508,26,029,2,3,Charlevoix County             ,6,6,1856078,0,0,0,0,0,0,0,0,0,0,0,0,0,0,0,0,0,0,0,0,0
201508,26,089,2,3,Leelanau County               ,11,11,2657016,0,0,0,0,0,0,0,0,0,0,0,0,0,0,0,0,0,0,0,0,0
201508,26,093,2,3,Livingston County             ,67,67,17708269,0,0,0,0,0,0,0,0,0,65,65,17504126,0,0,0,0,0,0,0,0,0
201508,26,095,2,3,Luce County                   ,2,2,232308,0,0,0,0,0,0,0,0,0,0,0,0,0,0,0,0,0,0,0,0,0
201508,26,099,2,3,Macomb County                 ,75,75,21039640,4,8,1735361,0,0,0,3,24,3970708,75,75,21039640,4,8,1735361,0,0,0,3,24,3970708
201508,26,103,2,3,Marquette County              ,9,9,1264969,3,6,758000,0,0,0,0,0,0,9,9,1264969,3,6,758000,0,0,0,0,0,0
201508,26,137,2,3,Otsego County                 ,2,2,162000,0,0,0,0,0,0,0,0,0,0,0,0,0,0,0,0,0,0,0,0,0
201508,26,147,2,3,St. Clair County              ,15,15,3233046,0,0,0,0,0,0,0,0,0,12,12,2721486,0,0,0,0,0,0,0,0,0
201508,26,163,2,3,Wayne County                  ,74,74,19541245,1,2,291538,3,11,1484808,4,30,3997697,66,66,18414705,1,2,291538,3,11,1484808,4,30,3997697
201508,27,003,2,4,Anoka County                  ,76,76,20604246,0,0,0,0,0,0,0,0,0,74,74,20145351,0,0,0,0,0,0,0,0,0
201508,27,019,2,4,Carver County                 ,52,52,16339832,0,0,0,0,0,0,0,0,0,50,50,15974135,0,0,0,0,0,0,0,0,0
201508,27,025,2,4,Chisago County                ,12,12,2097139,0,0,0,0,0,0,0,0,0,9,9,1699639,0,0,0,0,0,0,0,0,0
201508,27,027,2,4,Clay County                   ,27,27,5981200,0,0,0,0,0,0,0,0,0,26,26,5709400,0,0,0,0,0,0,0,0,0
201508,27,037,2,4,Dakota County                 ,95,95,25585089,0,0,0,1,4,680000,15,340,29136224,77,77,20830432,0,0,0,1,4,680000,15,340,29136224
201508,27,053,2,4,Hennepin County               ,141,141,61529867,0,0,0,1,3,687198,3,154,44955203,119,119,50622103,0,0,0,0,0,0,1,113,38746656
201508,27,059,2,4,Isanti County                 ,15,15,2419834,0,0,0,0,0,0,0,0,0,15,15,2419834,0,0,0,0,0,0,0,0,0
201508,27,123,2,4,Ramsey County                 ,34,34,9609701,1,2,300000,0,0,0,2,51,8353126,34,34,9609701,1,2,300000,0,0,0,2,51,8353126
201508,27,139,2,4,Scott County                  ,42,42,12696792,0,0,0,0,0,0,0,0,0,30,30,9084264,0,0,0,0,0,0,0,0,0
201508,27,141,2,4,Sherburne County              ,36,36,6934461,0,0,0,0,0,0,1,29,2600000,27,27,5468240,0,0,0,0,0,0,1,29,2600000
201508,27,163,2,4,Washington County             ,58,58,20170106,0,0,0,0,0,0,0,0,0,54,54,18329303,0,0,0,0,0,0,0,0,0
201508,27,171,2,4,Wright County                 ,52,52,13063680,0,0,0,0,0,0,0,0,0,46,46,12055949,0,0,0,0,0,0,0,0,0
201508,28,033,3,6,DeSoto County                 ,111,111,16741271,0,0,0,0,0,0,0,0,0,111,111,16741271,0,0,0,0,0,0,0,0,0
201508,28,041,3,6,Greene County                 ,0,0,0,0,0,0,0,0,0,0,0,0,0,0,0,0,0,0,0,0,0,0,0,0
201508,28,045,3,6,Hancock County                ,29,29,4473507,1,2,185179,1,4,401445,1,11,931290,1,1,177000,0,0,0,0,0,0,0,0,0
201508,28,047,3,6,Harrison County               ,52,52,8156178,0,0,0,0,0,0,0,0,0,42,42,7020168,0,0,0,0,0,0,0,0,0
201508,28,067,3,6,Jones County                  ,1,1,126790,0,0,0,0,0,0,0,0,0,0,0,0,0,0,0,0,0,0,0,0,0
201508,28,137,3,6,Tate County                   ,4,4,862377,0,0,0,0,0,0,0,0,0,0,0,0,0,0,0,0,0,0,0,0,0
201508,28,143,3,6,Tunica County                 ,2,2,326320,0,0,0,0,0,0,0,0,0,1,1,246000,0,0,0,0,0,0,0,0,0
201508,28,145,3,6,Union County                  ,0,0,0,0,0,0,0,0,0,0,0,0,0,0,0,0,0,0,0,0,0,0,0,0
201508,28,149,3,6,Warren County                 ,0,0,0,0,0,0,0,0,0,0,0,0,0,0,0,0,0,0,0,0,0,0,0,0
201508,29,013,2,4,Bates County                  ,0,0,0,0,0,0,0,0,0,0,0,0,0,0,0,0,0,0,0,0,0,0,0,0
201508,29,019,2,4,Boone County                  ,68,68,16267087,0,0,0,0,0,0,0,0,0,68,68,16267087,0,0,0,0,0,0,0,0,0
201508,29,049,2,4,Clinton County                ,2,2,353294,0,0,0,0,0,0,0,0,0,0,0,0,0,0,0,0,0,0,0,0,0
201508,29,065,2,4,Dent County                   ,0,0,0,0,0,0,0,0,0,0,0,0,0,0,0,0,0,0,0,0,0,0,0,0
201508,29,071,2,4,Franklin County               ,29,29,4930803,0,0,0,0,0,0,2,26,1197292,29,29,4930803,0,0,0,0,0,0,1,21,700000
201508,29,095,2,4,Jackson County                ,107,107,23196017,0,0,0,10,39,3844302,2,33,3339900,105,105,22717238,0,0,0,10,39,3844302,2,33,3339900
201508,29,099,2,4,Jefferson County              ,47,47,7489779,0,0,0,0,0,0,0,0,0,43,43,7021808,0,0,0,0,0,0,0,0,0
201508,29,105,2,4,Laclede County                ,2,2,300000,0,0,0,0,0,0,0,0,0,2,2,300000,0,0,0,0,0,0,0,0,0
201508,29,107,2,4,Lafayette County              ,2,2,465475,0,0,0,0,0,0,0,0,0,0,0,0,0,0,0,0,0,0,0,0,0
201508,29,113,2,4,Lincoln County                ,5,5,764094,0,0,0,0,0,0,0,0,0,5,5,764094,0,0,0,0,0,0,0,0,0
201508,29,165,2,4,Platte County                 ,17,17,4924832,0,0,0,0,0,0,0,0,0,14,14,4175164,0,0,0,0,0,0,0,0,0
201508,29,185,2,4,St. Clair County              ,0,0,0,0,0,0,0,0,0,0,0,0,0,0,0,0,0,0,0,0,0,0,0,0
201508,29,189,2,4,St. Louis County              ,67,67,26063663,0,0,0,0,0,0,4,194,18957676,19,19,7194692,0,0,0,0,0,0,2,180,16450000
201508,29,219,2,4,Warren County                 ,14,14,2664280,0,0,0,0,0,0,0,0,0,14,14,2664280,0,0,0,0,0,0,0,0,0
201508,29,221,2,4,Washington County             ,0,0,0,0,0,0,0,0,0,0,0,0,0,0,0,0,0,0,0,0,0,0,0,0
201508,29,510,2,4,St. Louis (Independent City)  ,7,7,830000,0,0,0,0,0,0,1,217,42279578,7,7,830000,0,0,0,0,0,0,1,217,42279578
201508,30,033,4,8,Garfield County               ,0,0,0,0,0,0,0,0,0,0,0,0,0,0,0,0,0,0,0,0,0,0,0,0
201508,30,063,4,8,Missoula County               ,37,37,6613443,1,2,219570,1,3,81851,0,0,0,37,37,6613443,1,2,219570,1,3,81851,0,0,0
201508,30,093,4,8,Silver Bow County             ,2,2,179708,0,0,0,0,0,0,0,0,0,2,2,179708,0,0,0,0,0,0,0,0,0
201508,31,001,2,4,Adams County                  ,6,6,1205237,1,2,193932,0,0,0,0,0,0,1,1,241376,0,0,0,0,0,0,0,0,0
201508,31,025,2,4,Cass County                   ,5,5,947960,0,0,0,0,0,0,0,0,0,5,5,947960,0,0,0,0,0,0,0,0,0
201508,31,033,2,4,Cheyenne County               ,1,1,160000,0,0,0,0,0,0,0,0,0,1,1,160000,0,0,0,0,0,0,0,0,0
201508,31,055,2,4,Douglas County                ,146,146,21711068,1,2,140000,0,0,0,1,153,12321447,138,138,19921376,0,0,0,0,0,0,1,153,12321447
201508,31,105,2,4,Kimball County                ,0,0,0,0,0,0,0,0,0,0,0,0,0,0,0,0,0,0,0,0,0,0,0,0
201508,31,153,2,4,Sarpy County                  ,81,81,20117456,1,2,326229,0,0,0,0,0,0,81,81,20117456,1,2,326229,0,0,0,0,0,0
201508,31,165,2,4,Sioux County                  ,0,0,0,0,0,0,0,0,0,0,0,0,0,0,0,0,0,0,0,0,0,0,0,0
201508,31,177,2,4,Washington County             ,15,15,4789570,0,0,0,0,0,0,0,0,0,15,15,4789570,0,0,0,0,0,0,0,0,0
201508,32,001,4,8,Churchill County              ,3,3,733566,0,0,0,0,0,0,0,0,0,3,3,733566,0,0,0,0,0,0,0,0,0
201508,32,003,4,8,Clark County                  ,642,642,126915999,0,0,0,1,4,596676,21,174,22365241,642,642,126915999,0,0,0,1,4,596676,21,174,22365241
201508,32,005,4,8,Douglas County                ,10,10,3631031,0,0,0,0,0,0,0,0,0,10,10,3631031,0,0,0,0,0,0,0,0,0
201508,32,007,4,8,Elko County                   ,10,10,1371446,0,0,0,0,0,0,0,0,0,10,10,1371446,0,0,0,0,0,0,0,0,0
201508,32,013,4,8,Humboldt County               ,2,2,422030,0,0,0,0,0,0,0,0,0,2,2,422030,0,0,0,0,0,0,0,0,0
201508,32,015,4,8,Lander County                 ,1,1,134417,0,0,0,0,0,0,0,0,0,1,1,134417,0,0,0,0,0,0,0,0,0
201508,32,017,4,8,Lincoln County                ,1,1,257054,0,0,0,0,0,0,0,0,0,0,0,0,0,0,0,0,0,0,0,0,0
201508,32,019,4,8,Lyon County                   ,16,16,3209923,0,0,0,0,0,0,0,0,0,0,0,0,0,0,0,0,0,0,0,0,0
201508,32,021,4,8,Mineral County                ,0,0,0,0,0,0,0,0,0,0,0,0,0,0,0,0,0,0,0,0,0,0,0,0
201508,32,027,4,8,Pershing County               ,0,0,0,0,0,0,0,0,0,0,0,0,0,0,0,0,0,0,0,0,0,0,0,0
201508,32,029,4,8,Storey County                 ,0,0,0,0,0,0,0,0,0,0,0,0,0,0,0,0,0,0,0,0,0,0,0,0
201508,32,031,4,8,Washoe County                 ,159,159,39686792,0,0,0,0,0,0,0,0,0,159,159,39686792,0,0,0,0,0,0,0,0,0
201508,32,033,4,8,White Pine County             ,0,0,0,0,0,0,0,0,0,0,0,0,0,0,0,0,0,0,0,0,0,0,0,0
201508,32,510,4,8,Carson City (Independent City),4,4,775000,0,0,0,0,0,0,0,0,0,4,4,775000,0,0,0,0,0,0,0,0,0
201508,33,015,1,1,Rockingham County             ,58,58,14805520,2,4,595000,3,10,724000,1,20,4072356,41,41,9846609,2,4,595000,3,10,724000,1,20,4072356
201508,33,017,1,1,Strafford County              ,40,40,5433840,1,2,234390,0,0,0,1,11,2097776,38,38,5008000,1,2,234390,0,0,0,0,0,0
201508,34,001,1,2,Atlantic County               ,23,23,3577487,1,2,289712,0,0,0,2,19,2740154,12,12,2295504,0,0,0,0,0,0,0,0,0
201508,34,003,1,2,Bergen County                 ,87,87,29254106,8,16,1959356,0,0,0,10,63,4448313,44,44,16211897,5,10,1468000,0,0,0,2,10,352000
201508,34,005,1,2,Burlington County             ,49,49,9204556,0,0,0,0,0,0,1,8,68000,22,22,4885776,0,0,0,0,0,0,0,0,0
201508,34,007,1,2,Camden County                 ,45,45,8194005,1,2,850,0,0,0,4,30,2036305,32,32,6233722,1,2,850,0,0,0,0,0,0
201508,34,009,1,2,Cape May County               ,31,31,11871744,1,2,559000,0,0,0,0,0,0,28,28,10573921,1,2,559000,0,0,0,0,0,0
201508,34,011,1,2,Cumberland County             ,19,19,2149562,0,0,0,0,0,0,1,5,666180,7,7,704000,0,0,0,0,0,0,0,0,0
201508,34,013,1,2,Essex County                  ,22,22,5338411,0,0,0,4,12,1742701,6,83,5013816,8,8,3178565,0,0,0,3,9,897000,1,16,1187900
201508,34,015,1,2,Gloucester County             ,25,25,3233342,1,2,158300,0,0,0,2,10,37000,13,13,1708270,0,0,0,0,0,0,2,10,37000
201508,34,017,1,2,Hudson County                 ,22,22,2388739,2,4,1223000,2,6,1391241,7,861,102877491,16,16,1595901,1,2,1200000,1,3,975355,1,743,92889860
201508,34,019,1,2,Hunterdon County              ,14,14,3079611,0,0,0,0,0,0,2,12,607961,12,12,2914182,0,0,0,0,0,0,0,0,0
201508,34,021,1,2,Mercer County                 ,89,89,12382431,1,2,401300,0,0,0,1,5,385328,74,74,10817166,0,0,0,0,0,0,0,0,0
201508,34,023,1,2,Middlesex County              ,75,75,14513559,0,0,0,1,3,2502700,2,30,1433311,72,72,13977625,0,0,0,1,3,2502700,1,16,773120
201508,34,025,1,2,Monmouth County               ,82,82,23635179,1,2,159500,0,0,0,3,26,786214,38,38,12717143,0,0,0,0,0,0,1,5,45000
201508,34,027,1,2,Morris County                 ,62,62,15827093,0,0,0,0,0,0,6,48,2943040,38,38,10965365,0,0,0,0,0,0,0,0,0
201508,34,029,1,2,Ocean County                  ,149,149,29254453,0,0,0,0,0,0,3,40,3153005,123,123,22790589,0,0,0,0,0,0,2,35,2966500
201508,34,031,1,2,Passaic County                ,6,6,985750,0,0,0,0,0,0,3,45,3473574,2,2,329800,0,0,0,0,0,0,1,30,1881000
201508,34,033,1,2,Salem County                  ,3,3,438751,0,0,0,0,0,0,0,0,0,1,1,292000,0,0,0,0,0,0,0,0,0
201508,34,035,1,2,Somerset County               ,29,29,11519076,0,0,0,0,0,0,5,90,3783629,12,12,9257901,0,0,0,0,0,0,2,56,1784978
201508,34,037,1,2,Sussex County                 ,11,11,2224953,0,0,0,0,0,0,1,5,551250,1,1,32500,0,0,0,0,0,0,0,0,0
201508,34,039,1,2,Union County                  ,32,32,6291018,3,6,233800,1,3,152925,6,67,3348645,2,2,1019851,3,6,233800,0,0,0,0,0,0
201508,34,041,1,2,Warren County                 ,17,17,2551711,0,0,0,0,0,0,1,6,259072,5,5,705832,0,0,0,0,0,0,0,0,0
201508,35,000,4,8,New Mexico Balance of State   ,33,33,8525866,0,0,0,0,0,0,0,0,0,0,0,0,0,0,0,0,0,0,0,0,0
201508,35,001,4,8,Bernalillo County             ,117,117,26026840,0,0,0,0,0,0,0,0,0,117,117,26026840,0,0,0,0,0,0,0,0,0
201508,35,005,4,8,Chaves County                 ,10,10,1894967,0,0,0,0,0,0,0,0,0,8,8,1248054,0,0,0,0,0,0,0,0,0
201508,35,007,4,8,Colfax County                 ,2,2,867659,0,0,0,0,0,0,0,0,0,0,0,0,0,0,0,0,0,0,0,0,0
201508,35,009,4,8,Curry County                  ,3,3,868174,0,0,0,0,0,0,0,0,0,3,3,868174,0,0,0,0,0,0,0,0,0
201508,35,013,4,8,Dona Ana County               ,57,57,11411653,0,0,0,0,0,0,0,0,0,57,57,11411653,0,0,0,0,0,0,0,0,0
201508,35,015,4,8,Eddy County                   ,16,16,2929853,0,0,0,0,0,0,0,0,0,11,11,1886487,0,0,0,0,0,0,0,0,0
201508,35,017,4,8,Grant County                  ,1,1,232084,0,0,0,0,0,0,0,0,0,0,0,0,0,0,0,0,0,0,0,0,0
201508,35,025,4,8,Lea County                    ,15,15,2723519,0,0,0,0,0,0,0,0,0,15,15,2723519,0,0,0,0,0,0,0,0,0
201508,35,027,4,8,Lincoln County                ,6,6,1550454,0,0,0,0,0,0,0,0,0,0,0,0,0,0,0,0,0,0,0,0,0
201508,35,028,4,8,Los Alamos County             ,1,1,109760,0,0,0,0,0,0,0,0,0,1,1,109760,0,0,0,0,0,0,0,0,0
201508,35,029,4,8,Luna County                   ,0,0,0,0,0,0,0,0,0,0,0,0,0,0,0,0,0,0,0,0,0,0,0,0
201508,35,031,4,8,McKinley County               ,0,0,0,0,0,0,0,0,0,0,0,0,0,0,0,0,0,0,0,0,0,0,0,0
201508,35,035,4,8,Otero County                  ,0,0,0,0,0,0,0,0,0,0,0,0,0,0,0,0,0,0,0,0,0,0,0,0
201508,35,039,4,8,Rio Arriba County             ,0,0,0,0,0,0,0,0,0,0,0,0,0,0,0,0,0,0,0,0,0,0,0,0
201508,35,041,4,8,Roosevelt County              ,2,2,319935,0,0,0,0,0,0,0,0,0,0,0,0,0,0,0,0,0,0,0,0,0
201508,35,043,4,8,Sandoval County               ,44,44,9982475,0,0,0,0,0,0,1,5,208333,37,37,8477571,0,0,0,0,0,0,0,0,0
201508,35,045,4,8,San Juan County               ,15,15,3252303,0,0,0,0,0,0,0,0,0,4,4,1072909,0,0,0,0,0,0,0,0,0
201508,35,047,4,8,San Miguel County             ,0,0,0,0,0,0,0,0,0,0,0,0,0,0,0,0,0,0,0,0,0,0,0,0
201508,35,049,4,8,Santa Fe County               ,10,10,2658800,0,0,0,0,0,0,0,0,0,10,10,2658800,0,0,0,0,0,0,0,0,0
201508,35,051,4,8,Sierra County                 ,0,0,0,0,0,0,0,0,0,0,0,0,0,0,0,0,0,0,0,0,0,0,0,0
201508,35,053,4,8,Socorro County                ,0,0,0,0,0,0,0,0,0,0,0,0,0,0,0,0,0,0,0,0,0,0,0,0
201508,35,055,4,8,Taos County                   ,7,7,767591,0,0,0,0,0,0,0,0,0,0,0,0,0,0,0,0,0,0,0,0,0
201508,35,061,4,8,Valencia County               ,7,7,758884,0,0,0,0,0,0,0,0,0,0,0,0,0,0,0,0,0,0,0,0,0
201508,36,001,1,2,Albany County                 ,28,28,6791201,1,2,90000,1,4,364000,0,0,0,27,27,6589928,0,0,0,1,4,364000,0,0,0
201508,36,005,1,2,Bronx County                  ,0,0,0,1,2,258601,3,9,988144,12,668,83513360,0,0,0,1,2,258601,3,9,988144,12,668,83513360
201508,36,029,1,2,Erie County                   ,91,91,24131100,0,0,0,1,3,389835,3,31,2551888,71,71,18807409,0,0,0,0,0,0,1,8,398372
201508,36,047,1,2,Kings County                  ,1,1,257201,7,14,1810210,6,21,2305670,19,254,31755080,1,1,257201,7,14,1810210,6,21,2305670,19,254,31755080
201508,36,051,1,2,Livingston County             ,3,3,660440,0,0,0,0,0,0,0,0,0,1,1,250000,0,0,0,0,0,0,0,0,0
201508,36,055,1,2,Monroe County                 ,77,77,18170106,3,6,708880,7,28,3058000,3,155,2657000,61,61,13740025,3,6,708880,7,28,3058000,3,155,2657000
201508,36,059,1,2,Nassau County                 ,62,62,39418887,0,0,0,0,0,0,3,92,10250000,18,18,26536675,0,0,0,0,0,0,3,92,10250000
201508,36,061,1,2,New York County               ,0,0,0,0,0,0,2,8,878350,2,47,5875940,0,0,0,0,0,0,2,8,878350,2,47,5875940
201508,36,063,1,2,Niagara County                ,18,18,4136929,0,0,0,0,0,0,0,0,0,17,17,3936929,0,0,0,0,0,0,0,0,0
201508,36,069,1,2,Ontario County                ,65,65,13531406,0,0,0,0,0,0,0,0,0,58,58,11896350,0,0,0,0,0,0,0,0,0
201508,36,073,1,2,Orleans County                ,0,0,0,0,0,0,0,0,0,0,0,0,0,0,0,0,0,0,0,0,0,0,0,0
201508,36,079,1,2,Putnam County                 ,9,9,4114247,0,0,0,1,3,885606,1,5,455633,6,6,3445000,0,0,0,0,0,0,0,0,0
201508,36,081,1,2,Queens County                 ,18,18,4629611,15,30,3879021,0,0,0,4,33,4125660,18,18,4629611,15,30,3879021,0,0,0,4,33,4125660
201508,36,083,1,2,Rensselaer County             ,13,13,2377960,0,0,0,1,3,600000,1,6,286364,4,4,768000,0,0,0,0,0,0,0,0,0
201508,36,085,1,2,Richmond County               ,17,17,4372410,12,24,3103217,0,0,0,0,0,0,17,17,4372410,12,24,3103217,0,0,0,0,0,0
201508,36,087,1,2,Rockland County               ,5,5,1283880,4,8,1034406,0,0,0,1,5,859135,2,2,512201,4,8,1034406,0,0,0,0,0,0
201508,36,091,1,2,Saratoga County               ,85,85,20393801,3,6,767203,4,13,1538144,17,199,20117604,74,74,17535736,3,6,767203,4,13,1538144,15,189,19098440
201508,36,093,1,2,Schenectady County            ,0,0,0,6,12,1000000,0,0,0,0,0,0,0,0,0,6,12,1000000,0,0,0,0,0,0
201508,36,095,1,2,Schoharie County              ,0,0,0,0,0,0,0,0,0,0,0,0,0,0,0,0,0,0,0,0,0,0,0,0
201508,36,099,1,2,Seneca County                 ,1,1,90000,0,0,0,0,0,0,0,0,0,1,1,90000,0,0,0,0,0,0,0,0,0
201508,36,117,1,2,Wayne County                  ,5,5,937928,0,0,0,0,0,0,0,0,0,3,3,646201,0,0,0,0,0,0,0,0,0
201508,36,119,1,2,Westchester County            ,35,35,15280716,1,2,200000,0,0,0,0,0,0,27,27,12014360,0,0,0,0,0,0,0,0,0
201508,37,007,3,5,Anson County                  ,3,3,449595,0,0,0,0,0,0,0,0,0,0,0,0,0,0,0,0,0,0,0,0,0
201508,37,011,3,5,Avery County                  ,4,4,4402179,0,0,0,0,0,0,0,0,0,4,4,4402179,0,0,0,0,0,0,0,0,0
201508,37,015,3,5,Bertie County                 ,1,1,201600,0,0,0,0,0,0,0,0,0,1,1,201600,0,0,0,0,0,0,0,0,0
201508,37,025,3,5,Cabarrus County               ,120,120,17901946,1,2,100000,0,0,0,0,0,0,120,120,17901946,1,2,100000,0,0,0,0,0,0
201508,37,033,3,5,Caswell County                ,7,7,1246520,0,0,0,0,0,0,0,0,0,7,7,1246520,0,0,0,0,0,0,0,0,0
201508,37,037,3,5,Chatham County                ,54,54,14250636,0,0,0,0,0,0,0,0,0,54,54,14250636,0,0,0,0,0,0,0,0,0
201508,37,051,3,5,Cumberland County             ,44,44,7283436,0,0,0,0,0,0,8,188,46390000,44,44,7283436,0,0,0,0,0,0,8,188,46390000
201508,37,053,3,5,Currituck County              ,24,24,9386718,0,0,0,0,0,0,0,0,0,24,24,9386718,0,0,0,0,0,0,0,0,0
201508,37,059,3,5,Davie County                  ,11,11,2239700,0,0,0,0,0,0,0,0,0,11,11,2239700,0,0,0,0,0,0,0,0,0
201508,37,063,3,5,Durham County                 ,236,236,32603747,0,0,0,0,0,0,1,12,851712,236,236,32603747,0,0,0,0,0,0,1,12,851712
201508,37,069,3,5,Franklin County               ,32,32,5999970,0,0,0,0,0,0,0,0,0,32,32,5999970,0,0,0,0,0,0,0,0,0
201508,37,071,3,5,Gaston County                 ,64,64,19251612,0,0,0,1,3,390879,0,0,0,64,64,19251612,0,0,0,1,3,390879,0,0,0
201508,37,081,3,5,Guilford County               ,126,126,33401055,0,0,0,0,0,0,2,37,3693171,102,102,28261777,0,0,0,0,0,0,1,6,680840
201508,37,089,3,5,Henderson County              ,24,24,6965998,0,0,0,0,0,0,2,48,3750000,24,24,6965998,0,0,0,0,0,0,2,48,3750000
201508,37,093,3,5,Hoke County                   ,25,25,5641705,0,0,0,0,0,0,0,0,0,25,25,5641705,0,0,0,0,0,0,0,0,0
201508,37,097,3,5,Iredell County                ,113,113,34176853,0,0,0,0,0,0,0,0,0,113,113,34176853,0,0,0,0,0,0,0,0,0
201508,37,101,3,5,Johnston County               ,152,152,27911541,0,0,0,0,0,0,0,0,0,149,149,27377113,0,0,0,0,0,0,0,0,0
201508,37,119,3,5,Mecklenburg County            ,383,383,86430922,0,0,0,4,16,732082,3,233,26516785,383,383,86430922,0,0,0,4,16,732082,3,233,26516785
201508,37,133,3,5,Onslow County                 ,127,127,12493973,2,4,240000,0,0,0,1,6,472080,127,127,12493973,2,4,240000,0,0,0,1,6,472080
201508,37,135,3,5,Orange County                 ,46,46,14887740,0,0,0,0,0,0,0,0,0,41,41,13135788,0,0,0,0,0,0,0,0,0
201508,37,145,3,5,Person County                 ,3,3,695000,0,0,0,0,0,0,0,0,0,3,3,695000,0,0,0,0,0,0,0,0,0
201508,37,151,3,5,Randolph County               ,15,15,3609606,0,0,0,0,0,0,0,0,0,0,0,0,0,0,0,0,0,0,0,0,0
201508,37,157,3,5,Rockingham County             ,14,14,3484664,0,0,0,0,0,0,0,0,0,14,14,3484664,0,0,0,0,0,0,0,0,0
201508,37,179,3,5,Union County                  ,120,120,25171530,0,0,0,0,0,0,0,0,0,120,120,25171530,0,0,0,0,0,0,0,0,0
201508,37,181,3,5,Vance County                  ,54,54,3888858,0,0,0,0,0,0,0,0,0,54,54,3888858,0,0,0,0,0,0,0,0,0
201508,37,183,3,5,Wake County                   ,569,569,126805398,0,0,0,0,0,0,1,207,24528253,485,485,108273437,0,0,0,0,0,0,1,207,24528253
201508,37,195,3,5,Wilson County                 ,15,15,5050687,0,0,0,0,0,0,0,0,0,15,15,5050687,0,0,0,0,0,0,0,0,0
201508,39,007,2,3,Ashtabula County              ,7,7,1300604,1,2,167000,0,0,0,0,0,0,0,0,0,0,0,0,0,0,0,0,0,0
201508,39,015,2,3,Brown County                  ,6,6,955978,0,0,0,0,0,0,0,0,0,0,0,0,0,0,0,0,0,0,0,0,0
201508,39,017,2,3,Butler County                 ,49,49,10157127,0,0,0,0,0,0,0,0,0,49,49,10157127,0,0,0,0,0,0,0,0,0
201508,39,025,2,3,Clermont County               ,32,32,6193575,0,0,0,0,0,0,2,13,1308670,32,32,6193575,0,0,0,0,0,0,2,13,1308670
201508,39,041,2,3,Delaware County               ,67,67,16422202,1,2,245468,0,0,0,0,0,0,67,67,16422202,1,2,245468,0,0,0,0,0,0
201508,39,049,2,3,Franklin County               ,151,151,37475266,19,38,4718420,18,67,7805044,9,431,45494459,150,150,37369766,19,38,4718420,18,67,7805044,9,431,45494459
201508,39,055,2,3,Geauga County                 ,13,13,3783500,0,0,0,0,0,0,0,0,0,13,13,3783500,0,0,0,0,0,0,0,0,0
201508,39,085,2,3,Lake County                   ,37,37,8216963,0,0,0,0,0,0,0,0,0,35,35,7874706,0,0,0,0,0,0,0,0,0
201508,39,089,2,3,Licking County                ,28,28,8510352,0,0,0,1,4,479050,0,0,0,28,28,8510352,0,0,0,1,4,479050,0,0,0
201508,39,093,2,3,Lorain County                 ,70,70,15112851,0,0,0,0,0,0,1,5,203913,31,31,6190458,0,0,0,0,0,0,0,0,0
201508,39,097,2,3,Madison County                ,7,7,1722658,0,0,0,0,0,0,0,0,0,7,7,1722658,0,0,0,0,0,0,0,0,0
201508,39,103,2,3,Medina County                 ,51,51,11978307,0,0,0,0,0,0,0,0,0,51,51,11978307,0,0,0,0,0,0,0,0,0
201508,39,117,2,3,Morrow County                 ,2,2,396391,0,0,0,0,0,0,0,0,0,0,0,0,0,0,0,0,0,0,0,0,0
201508,39,159,2,3,Union County                  ,22,22,5414068,0,0,0,0,0,0,0,0,0,22,22,5414068,0,0,0,0,0,0,0,0,0
201508,39,165,2,3,Warren County                 ,91,91,23083676,0,0,0,2,8,1623027,2,22,1182630,75,75,19475721,0,0,0,1,4,1176713,0,0,0
201508,40,001,3,7,Adair County                  ,0,0,0,0,0,0,0,0,0,0,0,0,0,0,0,0,0,0,0,0,0,0,0,0
201508,40,017,3,7,Canadian County               ,28,28,8541112,0,0,0,0,0,0,0,0,0,28,28,8541112,0,0,0,0,0,0,0,0,0
201508,40,021,3,7,Cherokee County               ,4,4,524953,0,0,0,0,0,0,0,0,0,0,0,0,0,0,0,0,0,0,0,0,0
201508,40,027,3,7,Cleveland County              ,75,75,15951112,1,2,135000,0,0,0,0,0,0,74,74,15781115,0,0,0,0,0,0,0,0,0
201508,40,029,3,7,Coal County                   ,0,0,0,0,0,0,0,0,0,0,0,0,0,0,0,0,0,0,0,0,0,0,0,0
201508,40,037,3,7,Creek County                  ,5,5,1016000,0,0,0,0,0,0,0,0,0,5,5,1016000,0,0,0,0,0,0,0,0,0
201508,40,051,3,7,Grady County                  ,12,12,2403450,0,0,0,0,0,0,0,0,0,4,4,736500,0,0,0,0,0,0,0,0,0
201508,40,055,3,7,Greer County                  ,0,0,0,0,0,0,0,0,0,0,0,0,0,0,0,0,0,0,0,0,0,0,0,0
201508,40,081,3,7,Lincoln County                ,0,0,0,0,0,0,0,0,0,0,0,0,0,0,0,0,0,0,0,0,0,0,0,0
201508,40,083,3,7,Logan County                  ,3,3,650000,0,0,0,0,0,0,0,0,0,3,3,650000,0,0,0,0,0,0,0,0,0
201508,40,087,3,7,McClain County                ,18,18,3727500,0,0,0,0,0,0,0,0,0,17,17,3653266,0,0,0,0,0,0,0,0,0
201508,40,109,3,7,Oklahoma County               ,358,358,83089589,7,14,1446600,0,0,0,0,0,0,345,345,80846140,7,14,1446600,0,0,0,0,0,0
201508,40,111,3,7,Okmulgee County               ,0,0,0,0,0,0,0,0,0,0,0,0,0,0,0,0,0,0,0,0,0,0,0,0
201508,40,113,3,7,Osage County                  ,8,8,1447700,0,0,0,0,0,0,0,0,0,8,8,1447700,0,0,0,0,0,0,0,0,0
201508,40,117,3,7,Pawnee County                 ,0,0,0,0,0,0,0,0,0,0,0,0,0,0,0,0,0,0,0,0,0,0,0,0
201508,40,131,3,7,Rogers County                 ,46,46,11992913,0,0,0,0,0,0,0,0,0,45,45,11907913,0,0,0,0,0,0,0,0,0
201508,40,143,3,7,Tulsa County                  ,165,165,38083695,8,16,2047100,0,0,0,12,259,16000940,158,158,36826964,8,16,2047100,0,0,0,12,259,16000940
201508,40,145,3,7,Wagoner County                ,23,23,4617641,0,0,0,0,0,0,0,0,0,23,23,4617641,0,0,0,0,0,0,0,0,0
201508,41,000,4,9,Oregon Balance of State       ,11,11,1746686,0,0,0,0,0,0,0,0,0,0,0,0,0,0,0,0,0,0,0,0,0
201508,41,005,4,9,Clackamas County              ,136,136,35446650,1,2,426318,0,0,0,1,60,5289622,99,99,25061791,0,0,0,0,0,0,1,60,5289622
201508,41,019,4,9,Douglas County                ,23,23,5805073,0,0,0,0,0,0,0,0,0,23,23,5805073,0,0,0,0,0,0,0,0,0
201508,41,025,4,9,Harney County                 ,0,0,0,0,0,0,0,0,0,0,0,0,0,0,0,0,0,0,0,0,0,0,0,0
201508,41,035,4,9,Klamath County                ,9,9,1881813,0,0,0,0,0,0,0,0,0,9,9,1881813,0,0,0,0,0,0,0,0,0
201508,41,051,4,9,Multnomah County              ,81,81,21972202,9,18,2737969,2,8,3200000,6,290,36697296,81,81,21972202,9,18,2737969,2,8,3200000,6,290,36697296
201508,41,067,4,9,Washington County             ,130,130,18954528,0,0,0,0,0,0,7,115,12214479,130,130,18954528,0,0,0,0,0,0,7,115,12214479
201508,41,071,4,9,Yamhill County                ,31,31,8950976,0,0,0,0,0,0,0,0,0,25,25,7875728,0,0,0,0,0,0,0,0,0
201508,42,001,1,2,Adams County                  ,21,21,5136822,0,0,0,0,0,0,1,5,600000,0,0,0,0,0,0,0,0,0,0,0,0
201508,42,017,1,2,Bucks County                  ,57,57,13640361,0,0,0,1,3,528000,2,12,1205400,35,35,10150766,0,0,0,1,3,528000,2,12,1205400
201508,42,029,1,2,Chester County                ,47,47,13824345,2,4,775400,1,4,773474,3,24,3141686,29,29,8426163,2,4,775400,1,4,773474,1,5,245000
201508,42,037,1,2,Columbia County               ,12,12,1766852,0,0,0,0,0,0,0,0,0,9,9,979000,0,0,0,0,0,0,0,0,0
201508,42,041,1,2,Cumberland County             ,62,62,12040986,0,0,0,0,0,0,5,26,791253,58,58,11423774,0,0,0,0,0,0,4,21,575000
201508,42,043,1,2,Dauphin County                ,40,40,8427405,0,0,0,0,0,0,2,13,847711,15,15,2845206,0,0,0,0,0,0,0,0,0
201508,42,045,1,2,Delaware County               ,52,52,12669207,0,0,0,0,0,0,0,0,0,35,35,8444844,0,0,0,0,0,0,0,0,0
201508,42,055,1,2,Franklin County               ,20,20,3545760,0,0,0,1,3,324192,0,0,0,13,13,2732778,0,0,0,0,0,0,0,0,0
201508,42,091,1,2,Montgomery County             ,78,78,15251991,0,0,0,1,4,560708,1,13,1170000,64,64,12104304,0,0,0,0,0,0,0,0,0
201508,42,093,1,2,Montour County                ,1,1,185896,0,0,0,0,0,0,0,0,0,0,0,0,0,0,0,0,0,0,0,0,0
201508,42,099,1,2,Perry County                  ,7,7,1649225,0,0,0,0,0,0,0,0,0,0,0,0,0,0,0,0,0,0,0,0,0
201508,42,101,1,2,Philadelphia County           ,67,67,17232440,8,16,1640000,4,12,1070000,6,144,18002880,67,67,17232440,8,16,1640000,4,12,1070000,6,144,18002880
201508,42,103,1,2,Pike County                   ,4,4,999599,0,0,0,0,0,0,0,0,0,1,1,80000,0,0,0,0,0,0,0,0,0
201508,44,001,1,1,Bristol County                ,4,4,1018104,0,0,0,0,0,0,0,0,0,3,3,742280,0,0,0,0,0,0,0,0,0
201508,44,003,1,1,Kent County                   ,9,9,1610546,0,0,0,0,0,0,0,0,0,4,4,637240,0,0,0,0,0,0,0,0,0
201508,44,005,1,1,Newport County                ,12,12,2699972,0,0,0,0,0,0,0,0,0,11,11,2437280,0,0,0,0,0,0,0,0,0
201508,44,007,1,1,Providence County             ,31,31,5051615,0,0,0,0,0,0,0,0,0,27,27,4710132,0,0,0,0,0,0,0,0,0
201508,44,009,1,1,Washington County             ,27,27,7094291,0,0,0,0,0,0,0,0,0,21,21,5039400,0,0,0,0,0,0,0,0,0
201508,45,003,3,5,Aiken County                  ,52,52,11048728,0,0,0,1,4,396539,0,0,0,40,40,9108196,0,0,0,0,0,0,0,0,0
201508,45,009,3,5,Bamberg County                ,0,0,0,0,0,0,0,0,0,0,0,0,0,0,0,0,0,0,0,0,0,0,0,0
201508,45,015,3,5,Berkeley County               ,89,89,24776513,0,0,0,0,0,0,1,57,1344748,81,81,22184307,0,0,0,0,0,0,0,0,0
201508,45,017,3,5,Calhoun County                ,1,1,95000,0,0,0,0,0,0,0,0,0,1,1,95000,0,0,0,0,0,0,0,0,0
201508,45,019,3,5,Charleston County             ,220,220,61887940,0,0,0,0,0,0,4,202,15111443,134,134,42471886,0,0,0,0,0,0,3,166,13307710
201508,45,035,3,5,Dorchester County             ,60,60,16543387,0,0,0,0,0,0,0,0,0,59,59,16435887,0,0,0,0,0,0,0,0,0
201508,45,037,3,5,Edgefield County              ,4,4,677227,0,0,0,0,0,0,0,0,0,4,4,677227,0,0,0,0,0,0,0,0,0
201508,45,039,3,5,Fairfield County              ,6,6,834296,0,0,0,0,0,0,0,0,0,0,0,0,0,0,0,0,0,0,0,0,0
201508,45,045,3,5,Greenville County             ,189,189,45359781,0,0,0,0,0,0,1,201,21540594,168,168,42134529,0,0,0,0,0,0,1,201,21540594
201508,45,051,3,5,Horry County                  ,299,299,50770891,4,8,385938,0,0,0,1,12,360000,272,272,44317007,4,8,385938,0,0,0,1,12,360000
201508,45,055,3,5,Kershaw County                ,24,24,3652675,0,0,0,0,0,0,0,0,0,24,24,3652675,0,0,0,0,0,0,0,0,0
201508,45,059,3,5,Laurens County                ,11,11,1997381,0,0,0,0,0,0,0,0,0,11,11,1997381,0,0,0,0,0,0,0,0,0
201508,45,063,3,5,Lexington County              ,143,143,37866249,0,0,0,0,0,0,0,0,0,29,29,6218456,0,0,0,0,0,0,0,0,0
201508,45,077,3,5,Pickens County                ,29,29,8574244,0,0,0,1,3,240000,1,10,484219,7,7,1058084,0,0,0,0,0,0,0,0,0
201508,45,079,3,5,Richland County               ,141,141,17830363,0,0,0,0,0,0,2,39,2201268,18,18,2084212,0,0,0,0,0,0,0,0,0
201508,45,081,3,5,Saluda County                 ,4,4,709120,0,0,0,0,0,0,0,0,0,4,4,709120,0,0,0,0,0,0,0,0,0
201508,45,085,3,5,Sumter County                 ,10,10,1042933,0,0,0,0,0,0,0,0,0,10,10,1042933,0,0,0,0,0,0,0,0,0
201508,45,091,3,5,York County                   ,196,196,64757261,0,0,0,0,0,0,1,37,3666492,178,178,57708216,0,0,0,0,0,0,1,37,3666492
201508,46,007,2,4,Bennett County                ,0,0,0,0,0,0,0,0,0,0,0,0,0,0,0,0,0,0,0,0,0,0,0,0
201508,46,055,2,4,Haakon County                 ,0,0,0,0,0,0,0,0,0,0,0,0,0,0,0,0,0,0,0,0,0,0,0,0
201508,46,071,2,4,Jackson County                ,0,0,0,0,0,0,0,0,0,0,0,0,0,0,0,0,0,0,0,0,0,0,0,0
201508,46,111,2,4,Sanborn County                ,0,0,0,0,0,0,0,0,0,0,0,0,0,0,0,0,0,0,0,0,0,0,0,0
201508,47,001,3,6,Anderson County               ,11,11,1918700,0,0,0,0,0,0,0,0,0,9,9,1647847,0,0,0,0,0,0,0,0,0
201508,47,015,3,6,Cannon County                 ,1,1,126190,0,0,0,0,0,0,0,0,0,0,0,0,0,0,0,0,0,0,0,0,0
201508,47,021,3,6,Cheatham County               ,13,13,1747000,0,0,0,0,0,0,0,0,0,13,13,1747000,0,0,0,0,0,0,0,0,0
201508,47,037,3,6,Davidson County               ,353,353,85154455,0,0,0,0,0,0,5,705,23918699,352,352,84346443,0,0,0,0,0,0,5,705,23918699
201508,47,043,3,6,Dickson County                ,19,19,4461484,0,0,0,0,0,0,0,0,0,19,19,4461484,0,0,0,0,0,0,0,0,0
201508,47,049,3,6,Fentress County               ,0,0,0,0,0,0,0,0,0,0,0,0,0,0,0,0,0,0,0,0,0,0,0,0
201508,47,081,3,6,Hickman County                ,11,11,1438800,0,0,0,0,0,0,0,0,0,11,11,1438800,0,0,0,0,0,0,0,0,0
201508,47,093,3,6,Knox County                   ,104,104,18073965,0,0,0,0,0,0,0,0,0,104,104,18073965,0,0,0,0,0,0,0,0,0
201508,47,105,3,6,Loudon County                 ,24,24,6031660,0,0,0,0,0,0,0,0,0,20,20,5315500,0,0,0,0,0,0,0,0,0
201508,47,125,3,6,Montgomery County             ,123,123,17205057,0,0,0,0,0,0,1,14,500000,123,123,17205057,0,0,0,0,0,0,1,14,500000
201508,47,139,3,6,Polk County                   ,13,13,2341613,0,0,0,0,0,0,0,0,0,0,0,0,0,0,0,0,0,0,0,0,0
201508,47,149,3,6,Rutherford County             ,159,159,31453084,0,0,0,1,3,171261,14,155,16717705,131,131,27994244,0,0,0,0,0,0,13,149,16414205
201508,47,153,3,6,Sequatchie County             ,0,0,0,0,0,0,0,0,0,0,0,0,0,0,0,0,0,0,0,0,0,0,0,0
201508,47,157,3,6,Shelby County                 ,99,99,22704917,0,0,0,0,0,0,0,0,0,99,99,22704917,0,0,0,0,0,0,0,0,0
201508,47,159,3,6,Smith County                  ,4,4,840000,0,0,0,0,0,0,0,0,0,4,4,840000,0,0,0,0,0,0,0,0,0
201508,47,161,3,6,Stewart County                ,0,0,0,0,0,0,0,0,0,0,0,0,0,0,0,0,0,0,0,0,0,0,0,0
201508,47,165,3,6,Sumner County                 ,100,100,19942024,0,0,0,0,0,0,0,0,0,96,96,19172951,0,0,0,0,0,0,0,0,0
201508,47,167,3,6,Tipton County                 ,8,8,1204086,0,0,0,0,0,0,0,0,0,4,4,665000,0,0,0,0,0,0,0,0,0
201508,47,169,3,6,Trousdale County              ,1,1,183000,0,0,0,1,4,186000,0,0,0,1,1,183000,0,0,0,1,4,186000,0,0,0
201508,47,173,3,6,Union County                  ,3,3,640000,0,0,0,0,0,0,0,0,0,3,3,640000,0,0,0,0,0,0,0,0,0
201508,47,175,3,6,Van Buren County              ,0,0,0,0,0,0,0,0,0,0,0,0,0,0,0,0,0,0,0,0,0,0,0,0
201508,47,189,3,6,Wilson County                 ,66,66,14901490,0,0,0,0,0,0,0,0,0,66,66,14901490,0,0,0,0,0,0,0,0,0
201508,48,013,3,7,Atascosa County               ,3,3,462598,0,0,0,0,0,0,0,0,0,1,1,154770,0,0,0,0,0,0,0,0,0
201508,48,015,3,7,Austin County                 ,1,1,184408,0,0,0,0,0,0,0,0,0,0,0,0,0,0,0,0,0,0,0,0,0
201508,48,019,3,7,Bandera County                ,1,1,120000,0,0,0,0,0,0,0,0,0,0,0,0,0,0,0,0,0,0,0,0,0
201508,48,021,3,7,Bastrop County                ,2,2,290000,0,0,0,0,0,0,0,0,0,2,2,290000,0,0,0,0,0,0,0,0,0
201508,48,025,3,7,Bee County                    ,1,1,109397,0,0,0,0,0,0,0,0,0,0,0,0,0,0,0,0,0,0,0,0,0
201508,48,027,3,7,Bell County                   ,154,154,26404547,6,12,839840,0,0,0,0,0,0,140,140,23093715,5,10,709840,0,0,0,0,0,0
201508,48,029,3,7,Bexar County                  ,207,207,42313823,1,2,202580,1,4,393367,18,107,8852720,155,155,30701406,1,2,202580,1,4,393367,16,86,6348777
201508,48,051,3,7,Burleson County               ,1,1,220000,0,0,0,0,0,0,0,0,0,1,1,220000,0,0,0,0,0,0,0,0,0
201508,48,055,3,7,Caldwell County               ,25,25,4202994,0,0,0,0,0,0,0,0,0,0,0,0,0,0,0,0,0,0,0,0,0
201508,48,085,3,7,Collin County                 ,735,735,206956393,2,4,701472,0,0,0,28,872,58045641,713,713,199073882,2,4,701472,0,0,0,28,872,58045641
201508,48,091,3,7,Comal County                  ,158,158,35823286,20,40,4398960,0,0,0,0,0,0,158,158,35823286,20,40,4398960,0,0,0,0,0,0
201508,48,099,3,7,Coryell County                ,11,11,1454555,0,0,0,0,0,0,0,0,0,2,2,205000,0,0,0,0,0,0,0,0,0
201508,48,107,3,7,Crosby County                 ,0,0,0,0,0,0,0,0,0,0,0,0,0,0,0,0,0,0,0,0,0,0,0,0
201508,48,113,3,7,Dallas County                 ,384,384,111806328,5,10,1099740,3,11,1330627,15,2098,197977119,361,361,103611788,5,10,1099740,3,11,1330627,14,2093,196637304
201508,48,119,3,7,Delta County                  ,1,1,225668,0,0,0,0,0,0,0,0,0,1,1,225668,0,0,0,0,0,0,0,0,0
201508,48,135,3,7,Ector County                  ,48,48,11418654,0,0,0,0,0,0,0,0,0,48,48,11418654,0,0,0,0,0,0,0,0,0
201508,48,139,3,7,Ellis County                  ,113,113,21345400,0,0,0,0,0,0,0,0,0,106,106,19588999,0,0,0,0,0,0,0,0,0
201508,48,141,3,7,El Paso County                ,199,199,39706974,2,4,441279,0,0,0,2,13,981863,198,198,39681974,2,4,441279,0,0,0,2,13,981863
201508,48,157,3,7,Fort Bend County              ,766,766,84391594,1,2,300000,1,3,450000,1,11,860843,113,113,23688800,1,2,300000,1,3,450000,0,0,0
201508,48,167,3,7,Galveston County              ,221,221,47898360,0,0,0,0,0,0,1,33,1816744,80,80,19081809,0,0,0,0,0,0,0,0,0
201508,48,185,3,7,Grimes County                 ,5,5,466459,0,0,0,0,0,0,0,0,0,5,5,466459,0,0,0,0,0,0,0,0,0
201508,48,187,3,7,Guadalupe County              ,96,96,22123180,0,0,0,0,0,0,0,0,0,88,88,20777557,0,0,0,0,0,0,0,0,0
201508,48,193,3,7,Hamilton County               ,0,0,0,0,0,0,0,0,0,0,0,0,0,0,0,0,0,0,0,0,0,0,0,0
201508,48,195,3,7,Hansford County               ,2,2,359048,0,0,0,0,0,0,0,0,0,0,0,0,0,0,0,0,0,0,0,0,0
201508,48,201,3,7,Harris County                 ,1239,1239,304400669,4,8,550658,0,0,0,10,810,132190750,1209,1209,292626541,3,6,480658,0,0,0,10,810,132190750
201508,48,211,3,7,Hemphill County               ,0,0,0,0,0,0,0,0,0,0,0,0,0,0,0,0,0,0,0,0,0,0,0,0
201508,48,215,3,7,Hidalgo County                ,278,278,48329432,12,24,1015000,2,7,250000,5,98,4335000,266,266,47006160,12,24,1015000,2,7,250000,5,98,4335000
201508,48,233,3,7,Hutchinson County             ,0,0,0,0,0,0,0,0,0,0,0,0,0,0,0,0,0,0,0,0,0,0,0,0
201508,48,251,3,7,Johnson County                ,50,50,10289689,2,4,300000,0,0,0,0,0,0,49,49,10184800,2,4,300000,0,0,0,0,0,0
201508,48,257,3,7,Kaufman County                ,25,25,4556409,0,0,0,0,0,0,0,0,0,17,17,3331395,0,0,0,0,0,0,0,0,0
201508,48,259,3,7,Kendall County                ,13,13,3045039,0,0,0,0,0,0,0,0,0,13,13,3045039,0,0,0,0,0,0,0,0,0
201508,48,271,3,7,Kinney County                 ,0,0,0,0,0,0,0,0,0,0,0,0,0,0,0,0,0,0,0,0,0,0,0,0
201508,48,281,3,7,Lampasas County               ,1,1,73000,0,0,0,0,0,0,0,0,0,1,1,73000,0,0,0,0,0,0,0,0,0
201508,48,291,3,7,Liberty County                ,29,29,3936583,0,0,0,0,0,0,0,0,0,28,28,3720989,0,0,0,0,0,0,0,0,0
201508,48,303,3,7,Lubbock County                ,92,92,21165123,2,4,415183,0,0,0,6,96,5550852,7,7,1590000,0,0,0,0,0,0,0,0,0
201508,48,323,3,7,Maverick County               ,9,9,901055,0,0,0,0,0,0,0,0,0,9,9,901055,0,0,0,0,0,0,0,0,0
201508,48,325,3,7,Medina County                 ,1,1,150000,0,0,0,0,0,0,0,0,0,1,1,150000,0,0,0,0,0,0,0,0,0
201508,48,329,3,7,Midland County                ,37,37,8153810,0,0,0,0,0,0,0,0,0,37,37,8153810,0,0,0,0,0,0,0,0,0
201508,48,339,3,7,Montgomery County             ,416,416,90431638,0,0,0,0,0,0,10,222,21032107,402,402,86266320,0,0,0,0,0,0,10,222,21032107
201508,48,367,3,7,Parker County                 ,31,31,7031305,0,0,0,0,0,0,0,0,0,31,31,7031305,0,0,0,0,0,0,0,0,0
201508,48,375,3,7,Potter County                 ,19,19,4559615,0,0,0,0,0,0,0,0,0,19,19,4559615,0,0,0,0,0,0,0,0,0
201508,48,383,3,7,Reagan County                 ,0,0,0,1,2,150000,0,0,0,0,0,0,0,0,0,0,0,0,0,0,0,0,0,0
201508,48,385,3,7,Real County                   ,0,0,0,0,0,0,0,0,0,0,0,0,0,0,0,0,0,0,0,0,0,0,0,0
201508,48,395,3,7,Robertson County              ,6,6,1123757,0,0,0,0,0,0,0,0,0,5,5,975837,0,0,0,0,0,0,0,0,0
201508,48,397,3,7,Rockwall County               ,78,78,23923983,0,0,0,0,0,0,0,0,0,78,78,23923983,0,0,0,0,0,0,0,0,0
201508,48,407,3,7,San Jacinto County            ,29,29,5659855,0,0,0,0,0,0,0,0,0,29,29,5659855,0,0,0,0,0,0,0,0,0
201508,48,411,3,7,San Saba County               ,0,0,0,0,0,0,0,0,0,0,0,0,0,0,0,0,0,0,0,0,0,0,0,0
201508,48,451,3,7,Tom Green County              ,19,19,3876528,0,0,0,0,0,0,0,0,0,19,19,3876528,0,0,0,0,0,0,0,0,0
201508,48,453,3,7,Travis County                 ,358,358,83561973,12,24,3100000,0,0,0,24,964,82510814,331,331,74203516,12,24,3100000,0,0,0,24,964,82510814
201508,48,473,3,7,Waller County                 ,1,1,218669,0,0,0,0,0,0,1,5,110903,1,1,218669,0,0,0,0,0,0,0,0,0
201508,48,491,3,7,Williamson County             ,259,259,68116019,2,4,720766,0,0,0,3,136,12884534,242,242,64747885,2,4,720766,0,0,0,3,136,12884534
201508,48,493,3,7,Wilson County                 ,1,1,143713,0,0,0,0,0,0,0,0,0,0,0,0,0,0,0,0,0,0,0,0,0
201508,48,497,3,7,Wise County                   ,4,4,691407,1,2,265850,0,0,0,0,0,0,3,3,536000,1,2,265850,0,0,0,0,0,0
201508,49,011,4,8,Davis County                  ,120,120,30513240,0,0,0,0,0,0,3,46,5645857,95,95,23815130,0,0,0,0,0,0,3,46,5645857
201508,49,023,4,8,Juab County                   ,2,2,658163,0,0,0,0,0,0,0,0,0,1,1,416037,0,0,0,0,0,0,0,0,0
201508,49,029,4,8,Morgan County                 ,8,8,2458152,0,0,0,0,0,0,0,0,0,0,0,0,0,0,0,0,0,0,0,0,0
201508,49,035,4,8,Salt Lake County              ,308,308,72941829,2,4,588768,5,17,2807848,4,91,11007883,235,235,50609751,1,2,285993,4,14,2334199,1,68,9000000
201508,49,039,4,8,Sanpete County                ,6,6,931004,0,0,0,0,0,0,0,0,0,6,6,931004,0,0,0,0,0,0,0,0,0
201508,49,043,4,8,Summit County                 ,15,15,7621556,0,0,0,0,0,0,1,5,854284,5,5,2483987,0,0,0,0,0,0,0,0,0
201508,49,057,4,8,Weber County                  ,68,68,13033912,1,2,418528,1,4,650325,1,5,799603,38,38,6047401,0,0,0,0,0,0,0,0,0
201508,51,003,3,5,Albemarle County              ,38,38,10592203,0,0,0,0,0,0,0,0,0,0,0,0,0,0,0,0,0,0,0,0,0
201508,51,007,3,5,Amelia County                 ,1,1,119340,0,0,0,0,0,0,0,0,0,1,1,119340,0,0,0,0,0,0,0,0,0
201508,51,009,3,5,Amherst County                ,9,9,1604802,0,0,0,0,0,0,0,0,0,9,9,1604802,0,0,0,0,0,0,0,0,0
201508,51,013,3,5,Arlington County              ,21,21,7547228,0,0,0,0,0,0,1,172,11978081,0,0,0,0,0,0,0,0,0,0,0,0
201508,51,015,3,5,Augusta County                ,13,13,2939000,0,0,0,0,0,0,0,0,0,13,13,2939000,0,0,0,0,0,0,0,0,0
201508,51,019,3,5,Bedford County                ,23,23,5899000,0,0,0,0,0,0,0,0,0,23,23,5899000,0,0,0,0,0,0,0,0,0
201508,51,033,3,5,Caroline County               ,6,6,1392558,0,0,0,0,0,0,0,0,0,6,6,1392558,0,0,0,0,0,0,0,0,0
201508,51,036,3,5,Charles City County           ,4,4,1193300,0,0,0,0,0,0,0,0,0,4,4,1193300,0,0,0,0,0,0,0,0,0
201508,51,037,3,5,Charlotte County              ,2,2,306000,0,0,0,0,0,0,0,0,0,2,2,306000,0,0,0,0,0,0,0,0,0
201508,51,041,3,5,Chesterfield County           ,94,94,18345736,0,0,0,2,7,1134109,0,0,0,94,94,18345736,0,0,0,2,7,1134109,0,0,0
201508,51,043,3,5,Clarke County                 ,6,6,2104342,0,0,0,0,0,0,0,0,0,6,6,2104342,0,0,0,0,0,0,0,0,0
201508,51,049,3,5,Cumberland County             ,1,1,80000,0,0,0,0,0,0,0,0,0,1,1,80000,0,0,0,0,0,0,0,0,0
201508,51,051,3,5,Dickenson County              ,0,0,0,0,0,0,0,0,0,0,0,0,0,0,0,0,0,0,0,0,0,0,0,0
201508,51,053,3,5,Dinwiddie County              ,4,4,632868,0,0,0,0,0,0,0,0,0,0,0,0,0,0,0,0,0,0,0,0,0
201508,51,059,3,5,Fairfax County                ,69,69,15407101,1,2,595000,1,3,362898,1,400,5000000,69,69,15407101,1,2,595000,1,3,362898,1,400,5000000
201508,51,061,3,5,Fauquier County               ,7,7,1861275,0,0,0,0,0,0,0,0,0,7,7,1861275,0,0,0,0,0,0,0,0,0
201508,51,069,3,5,Frederick County              ,34,34,7328186,0,0,0,0,0,0,0,0,0,34,34,7328186,0,0,0,0,0,0,0,0,0
201508,51,073,3,5,Gloucester County             ,3,3,435725,0,0,0,0,0,0,0,0,0,3,3,435725,0,0,0,0,0,0,0,0,0
201508,51,075,3,5,Goochland County              ,15,15,5402362,0,0,0,0,0,0,0,0,0,15,15,5402362,0,0,0,0,0,0,0,0,0
201508,51,085,3,5,Hanover County                ,63,63,12319820,0,0,0,0,0,0,0,0,0,63,63,12319820,0,0,0,0,0,0,0,0,0
201508,51,087,3,5,Henrico County                ,70,70,12882644,0,0,0,0,0,0,0,0,0,70,70,12882644,0,0,0,0,0,0,0,0,0
201508,51,093,3,5,Isle of Wight County          ,10,10,2455969,0,0,0,0,0,0,0,0,0,10,10,2455969,0,0,0,0,0,0,0,0,0
201508,51,095,3,5,James City County             ,37,37,9750161,0,0,0,0,0,0,0,0,0,37,37,9750161,0,0,0,0,0,0,0,0,0
201508,51,097,3,5,King and Queen County         ,0,0,0,0,0,0,0,0,0,0,0,0,0,0,0,0,0,0,0,0,0,0,0,0
201508,51,099,3,5,King George County            ,6,6,1170880,0,0,0,0,0,0,0,0,0,6,6,1170880,0,0,0,0,0,0,0,0,0
201508,51,107,3,5,Loudoun County                ,220,220,49647005,0,0,0,0,0,0,2,29,486175,220,220,49647005,0,0,0,0,0,0,2,29,486175
201508,51,109,3,5,Louisa County                 ,15,15,3198229,0,0,0,0,0,0,0,0,0,0,0,0,0,0,0,0,0,0,0,0,0
201508,51,115,3,5,Mathews County                ,1,1,183650,0,0,0,0,0,0,0,0,0,1,1,183650,0,0,0,0,0,0,0,0,0
201508,51,127,3,5,New Kent County               ,18,18,4062028,0,0,0,0,0,0,0,0,0,18,18,4062028,0,0,0,0,0,0,0,0,0
201508,51,139,3,5,Page County                   ,3,3,356389,0,0,0,0,0,0,0,0,0,0,0,0,0,0,0,0,0,0,0,0,0
201508,51,145,3,5,Powhatan County               ,14,14,3047000,0,0,0,0,0,0,0,0,0,14,14,3047000,0,0,0,0,0,0,0,0,0
201508,51,149,3,5,Prince George County          ,5,5,751250,0,0,0,0,0,0,0,0,0,5,5,751250,0,0,0,0,0,0,0,0,0
201508,51,153,3,5,Prince William County         ,113,113,21138274,0,0,0,0,0,0,0,0,0,0,0,0,0,0,0,0,0,0,0,0,0
201508,51,165,3,5,Rockingham County             ,19,19,3803740,0,0,0,0,0,0,0,0,0,19,19,3803740,0,0,0,0,0,0,0,0,0
201508,51,175,3,5,Southampton County            ,4,4,590385,0,0,0,0,0,0,0,0,0,4,4,590385,0,0,0,0,0,0,0,0,0
201508,51,177,3,5,Spotsylvania County           ,36,36,9214605,0,0,0,0,0,0,0,0,0,0,0,0,0,0,0,0,0,0,0,0,0
201508,51,179,3,5,Stafford County               ,72,72,17908858,0,0,0,0,0,0,0,0,0,0,0,0,0,0,0,0,0,0,0,0,0
201508,51,181,3,5,Surry County                  ,2,2,333024,0,0,0,0,0,0,0,0,0,0,0,0,0,0,0,0,0,0,0,0,0
201508,51,183,3,5,Sussex County                 ,1,1,48000,0,0,0,0,0,0,0,0,0,1,1,48000,0,0,0,0,0,0,0,0,0
201508,51,187,3,5,Warren County                 ,6,6,1481000,0,0,0,0,0,0,0,0,0,6,6,1481000,0,0,0,0,0,0,0,0,0
201508,51,199,3,5,York County                   ,8,8,2006720,1,2,309760,0,0,0,0,0,0,8,8,2006720,1,2,309760,0,0,0,0,0,0
201508,51,510,3,5,Alexandria (Independent City) ,26,26,6918600,0,0,0,0,0,0,0,0,0,26,26,6918600,0,0,0,0,0,0,0,0,0
201508,51,540,3,5,Charlottesville (Independent C,5,5,1135054,1,2,189250,0,0,0,1,9,1337446,0,0,0,0,0,0,0,0,0,0,0,0
201508,51,550,3,5,Chesapeake(Independent City)  ,74,74,16699447,3,6,666900,0,0,0,0,0,0,74,74,16699447,3,6,666900,0,0,0,0,0,0
201508,51,570,3,5,Colonial Heights (Independent ,0,0,0,0,0,0,0,0,0,0,0,0,0,0,0,0,0,0,0,0,0,0,0,0
201508,51,580,3,5,Covington (Independent City)  ,0,0,0,0,0,0,0,0,0,0,0,0,0,0,0,0,0,0,0,0,0,0,0,0
201508,51,600,3,5,Fairfax (Independent City)    ,2,2,393000,0,0,0,0,0,0,0,0,0,2,2,393000,0,0,0,0,0,0,0,0,0
201508,51,610,3,5,Falls Church (Independent City,3,3,1520000,0,0,0,0,0,0,0,0,0,3,3,1520000,0,0,0,0,0,0,0,0,0
201508,51,630,3,5,Fredericksburg(Independent Cit,0,0,0,0,0,0,0,0,0,0,0,0,0,0,0,0,0,0,0,0,0,0,0,0
201508,51,650,3,5,Hampton (Independent City)    ,15,15,664430,0,0,0,0,0,0,0,0,0,0,0,0,0,0,0,0,0,0,0,0,0
201508,51,660,3,5,Harrisonburg (Independent City,3,3,643267,0,0,0,0,0,0,0,0,0,3,3,643267,0,0,0,0,0,0,0,0,0
201508,51,670,3,5,Hopewell (Independent City)   ,2,2,81600,0,0,0,0,0,0,0,0,0,2,2,81600,0,0,0,0,0,0,0,0,0
201508,51,680,3,5,Lynchburg (Independent City)  ,8,8,1411716,0,0,0,0,0,0,0,0,0,8,8,1411716,0,0,0,0,0,0,0,0,0
201508,51,683,3,5,Manassas (Independent City)   ,12,12,1691254,0,0,0,0,0,0,0,0,0,0,0,0,0,0,0,0,0,0,0,0,0
201508,51,685,3,5,Manassas Park (Independent Cit,1,1,186364,0,0,0,0,0,0,0,0,0,0,0,0,0,0,0,0,0,0,0,0,0
201508,51,700,3,5,Newport News (Independent City,11,11,827950,0,0,0,0,0,0,9,292,10660537,11,11,827950,0,0,0,0,0,0,9,292,10660537
201508,51,710,3,5,Norfolk (Independent City)    ,19,19,4287696,0,0,0,0,0,0,0,0,0,19,19,4287696,0,0,0,0,0,0,0,0,0
201508,51,730,3,5,Petersburg (Independent City) ,0,0,0,0,0,0,0,0,0,0,0,0,0,0,0,0,0,0,0,0,0,0,0,0
201508,51,735,3,5,Poquoson (Independent City)   ,3,3,610000,0,0,0,0,0,0,0,0,0,3,3,610000,0,0,0,0,0,0,0,0,0
201508,51,740,3,5,Portsmouth (Independent City) ,14,14,1418000,0,0,0,0,0,0,0,0,0,14,14,1418000,0,0,0,0,0,0,0,0,0
201508,51,760,3,5,Richmond (Independent City)   ,30,30,4469541,1,2,167012,0,0,0,1,87,5000000,30,30,4469541,1,2,167012,0,0,0,1,87,5000000
201508,51,800,3,5,Suffolk (Independent City)    ,18,18,4062028,0,0,0,0,0,0,0,0,0,18,18,4062028,0,0,0,0,0,0,0,0,0
201508,51,810,3,5,Virginia Beach (Independent Ci,34,34,6515750,0,0,0,0,0,0,3,150,13190198,34,34,6515750,0,0,0,0,0,0,3,150,13190198
201508,51,830,3,5,Williamsburg (Independent City,2,2,322500,0,0,0,0,0,0,0,0,0,2,2,322500,0,0,0,0,0,0,0,0,0
201508,53,005,4,9,Benton County                 ,85,85,25152198,0,0,0,0,0,0,1,9,698675,15,15,4458682,0,0,0,0,0,0,0,0,0
201508,53,011,4,9,Clark County                  ,176,176,48168025,0,0,0,1,3,433178,2,18,1583515,63,63,11421725,0,0,0,0,0,0,2,18,1583515
201508,53,021,4,9,Franklin County               ,30,30,8059155,1,2,186243,0,0,0,0,0,0,2,2,423353,0,0,0,0,0,0,0,0,0
201508,53,031,4,9,Jefferson County              ,12,12,3034635,0,0,0,0,0,0,0,0,0,12,12,3034635,0,0,0,0,0,0,0,0,0
201508,53,033,4,9,King County                   ,371,371,132252630,13,26,4726034,8,27,4625148,23,2063,338679075,301,301,103520866,13,26,4726034,8,27,4625148,18,1971,328360946
201508,53,035,4,9,Kitsap County                 ,65,65,19753791,0,0,0,0,0,0,0,0,0,65,65,19753791,0,0,0,0,0,0,0,0,0
201508,53,053,4,9,Pierce County                 ,238,238,72243667,3,6,1119417,0,0,0,2,24,2764162,223,223,68207315,1,2,416079,0,0,0,2,24,2764162
201508,53,055,4,9,San Juan County               ,10,10,2361730,0,0,0,0,0,0,0,0,0,0,0,0,0,0,0,0,0,0,0,0,0
201508,53,059,4,9,Skamania County               ,6,6,1603348,0,0,0,0,0,0,0,0,0,6,6,1603348,0,0,0,0,0,0,0,0,0
201508,53,061,4,9,Snohomish County              ,186,186,51080604,1,2,333876,0,0,0,9,123,13093522,167,167,46267014,1,2,333876,0,0,0,8,111,12652070
201508,54,011,3,5,Cabell County                 ,5,5,420950,0,0,0,0,0,0,0,0,0,4,4,376000,0,0,0,0,0,0,0,0,0
201508,54,015,3,5,Clay County                   ,1,1,25000,0,0,0,0,0,0,0,0,0,1,1,25000,0,0,0,0,0,0,0,0,0
201508,54,019,3,5,Fayette County                ,5,5,1011361,0,0,0,0,0,0,0,0,0,2,2,688000,0,0,0,0,0,0,0,0,0
201508,54,037,3,5,Jefferson County              ,12,12,2982419,0,0,0,0,0,0,0,0,0,4,4,520000,0,0,0,0,0,0,0,0,0
201508,54,081,3,5,Raleigh County                ,5,5,992275,0,0,0,0,0,0,0,0,0,4,4,708550,0,0,0,0,0,0,0,0,0
201508,55,025,2,3,Dane County                   ,102,102,29853742,1,2,265000,1,3,304851,3,106,9978988,83,83,24821705,1,2,265000,0,0,0,1,76,7500000
201508,55,031,2,3,Douglas County                ,8,8,706094,1,2,374000,0,0,0,0,0,0,8,8,706094,1,2,374000,0,0,0,0,0,0
201508,55,037,2,3,Florence County               ,3,3,447826,0,0,0,0,0,0,0,0,0,0,0,0,0,0,0,0,0,0,0,0,0
201508,55,049,2,3,Iowa County                   ,7,7,1322000,0,0,0,0,0,0,0,0,0,7,7,1322000,0,0,0,0,0,0,0,0,0
201508,55,059,2,3,Kenosha County                ,17,17,5277325,0,0,0,0,0,0,1,5,297679,15,15,4822412,0,0,0,0,0,0,0,0,0
201508,55,079,2,3,Milwaukee County              ,13,13,4497239,1,2,170753,0,0,0,2,12,1271185,11,11,4007863,1,2,170753,0,0,0,0,0,0
201508,55,089,2,3,Ozaukee County                ,20,20,6838133,0,0,0,0,0,0,1,6,938739,11,11,2587461,0,0,0,0,0,0,0,0,0
201508,55,093,2,3,Pierce County                 ,11,11,1741500,0,0,0,0,0,0,0,0,0,11,11,1741500,0,0,0,0,0,0,0,0,0
201508,55,109,2,3,St. Croix County              ,39,39,8005240,1,2,240000,0,0,0,0,0,0,36,36,7310415,1,2,240000,0,0,0,0,0,0
201508,55,131,2,3,Washington County             ,37,37,7793725,0,0,0,0,0,0,0,0,0,31,31,6115945,0,0,0,0,0,0,0,0,0
201508,56,029,4,8,Park County                   ,10,10,2562441,0,0,0,1,3,187000,0,0,0,8,8,2141108,0,0,0,0,0,0,0,0,0
201508,56,039,4,8,Teton County                  ,13,13,15194680,0,0,0,0,0,0,0,0,0,9,9,13113000,0,0,0,0,0,0,0,0,0
