Survey,FIPS,FIPS,Region,Division,County,,1-unit,,,2-units,,,3-4 units,,,5+ units,,,1-unit rep,,,2-units rep,,,3-4 units rep,,, 5+units rep
Date,State,County,Code,Code,Name,Bldgs,Units,Value,Bldgs,Units,Value,Bldgs,Units,Value,Bldgs,Units,Value,Bldgs,Units,Value,Bldgs,Units,Value,Bldgs,Units,Value,Bldgs,Units,Value
 
201502,01,001,3,6,Autauga County                ,18,18,4974648,0,0,0,0,0,0,0,0,0,18,18,4974648,0,0,0,0,0,0,0,0,0
201502,01,007,3,6,Bibb County                   ,1,1,176748,0,0,0,0,0,0,0,0,0,0,0,0,0,0,0,0,0,0,0,0,0
201502,01,009,3,6,Blount County                 ,0,0,0,0,0,0,0,0,0,2,40,3831302,0,0,0,0,0,0,0,0,0,2,40,3831302
201502,01,021,3,6,Chilton County                ,2,2,300000,0,0,0,0,0,0,0,0,0,2,2,300000,0,0,0,0,0,0,0,0,0
201502,01,073,3,6,Jefferson County              ,102,102,26236711,0,0,0,0,0,0,2,62,5531105,98,98,25460943,0,0,0,0,0,0,1,56,5149000
201502,01,083,3,6,Limestone County              ,4,4,1046830,0,0,0,0,0,0,0,0,0,4,4,1046830,0,0,0,0,0,0,0,0,0
201502,01,089,3,6,Madison County                ,93,93,9859346,0,0,0,0,0,0,3,32,1560160,93,93,9859346,0,0,0,0,0,0,3,32,1560160
201502,01,113,3,6,Russell County                ,12,12,1799194,0,0,0,0,0,0,0,0,0,12,12,1799194,0,0,0,0,0,0,0,0,0
201502,01,115,3,6,St. Clair County              ,15,15,2399934,0,0,0,1,4,446589,1,5,372157,11,11,1646288,0,0,0,0,0,0,0,0,0
201502,01,117,3,6,Shelby County                 ,76,76,21582669,0,0,0,0,0,0,0,0,0,45,45,13474474,0,0,0,0,0,0,0,0,0
201502,01,127,3,6,Walker County                 ,1,1,150000,0,0,0,0,0,0,0,0,0,1,1,150000,0,0,0,0,0,0,0,0,0
201502,02,013,4,9,Aleutians East Borough        ,0,0,0,0,0,0,0,0,0,0,0,0,0,0,0,0,0,0,0,0,0,0,0,0
201502,02,016,4,9,Aleutians West Census Area    ,0,0,0,0,0,0,0,0,0,0,0,0,0,0,0,0,0,0,0,0,0,0,0,0
201502,02,020,4,9,Anchorage Borough             ,37,37,11316643,0,0,0,1,3,546134,0,0,0,0,0,0,0,0,0,0,0,0,0,0,0
201502,02,020,4,9,Anchorage Municipality        ,37,37,11316643,0,0,0,1,3,546134,0,0,0,0,0,0,0,0,0,0,0,0,0,0,0
201502,02,050,4,9,Bethel Census Area            ,0,0,0,0,0,0,0,0,0,0,0,0,0,0,0,0,0,0,0,0,0,0,0,0
201502,02,060,4,9,Bristol Bay Borough           ,0,0,0,0,0,0,0,0,0,0,0,0,0,0,0,0,0,0,0,0,0,0,0,0
201502,02,070,4,9,Dillingham Census Area        ,0,0,0,0,0,0,0,0,0,0,0,0,0,0,0,0,0,0,0,0,0,0,0,0
201502,02,090,4,9,Fairbanks North Star Borough  ,0,0,0,0,0,0,0,0,0,0,0,0,0,0,0,0,0,0,0,0,0,0,0,0
201502,02,100,4,9,Haines Borough                ,0,0,0,0,0,0,0,0,0,0,0,0,0,0,0,0,0,0,0,0,0,0,0,0
201502,02,105,4,9,Hoonah-Angoon Census Area     ,0,0,0,0,0,0,0,0,0,0,0,0,0,0,0,0,0,0,0,0,0,0,0,0
201502,02,110,4,9,Juneau Borough                ,5,5,943364,0,0,0,0,0,0,0,0,0,5,5,943364,0,0,0,0,0,0,0,0,0
201502,02,110,4,9,Juneau City and Borough       ,5,5,943364,0,0,0,0,0,0,0,0,0,5,5,943364,0,0,0,0,0,0,0,0,0
201502,02,122,4,9,Kenai Peninsula Borough       ,4,4,720324,0,0,0,0,0,0,0,0,0,1,1,150000,0,0,0,0,0,0,0,0,0
201502,02,130,4,9,Ketchikan Gateway Borough     ,0,0,0,0,0,0,0,0,0,0,0,0,0,0,0,0,0,0,0,0,0,0,0,0
201502,02,150,4,9,Kodiak Island Borough         ,1,1,56795,0,0,0,0,0,0,0,0,0,1,1,56795,0,0,0,0,0,0,0,0,0
201502,02,170,4,9,Matanuska-Susitna Borough     ,4,4,741471,1,2,260834,0,0,0,0,0,0,3,3,563108,1,2,260834,0,0,0,0,0,0
201502,02,180,4,9,Nome Census Area              ,0,0,0,0,0,0,0,0,0,0,0,0,0,0,0,0,0,0,0,0,0,0,0,0
201502,02,185,4,9,North Slope Borough           ,1,1,242979,0,0,0,0,0,0,0,0,0,0,0,0,0,0,0,0,0,0,0,0,0
201502,02,188,4,9,Northwest Arctic Borough      ,0,0,0,0,0,0,0,0,0,0,0,0,0,0,0,0,0,0,0,0,0,0,0,0
201502,02,195,4,9,Petersburg Borough            ,1,1,100000,0,0,0,0,0,0,0,0,0,1,1,100000,0,0,0,0,0,0,0,0,0
201502,02,195,4,9,Petersburg Census Area        ,1,1,100000,0,0,0,0,0,0,0,0,0,1,1,100000,0,0,0,0,0,0,0,0,0
201502,02,198,4,9,Prince of Wales-Hyder Census A,0,0,0,0,0,0,0,0,0,0,0,0,0,0,0,0,0,0,0,0,0,0,0,0
201502,02,220,4,9,Sitka Borough                 ,1,1,273451,1,2,311182,0,0,0,0,0,0,0,0,0,0,0,0,0,0,0,0,0,0
201502,02,220,4,9,Sitka City and Borough        ,1,1,273451,1,2,311182,0,0,0,0,0,0,0,0,0,0,0,0,0,0,0,0,0,0
201502,02,230,4,9,Skagway Municipality          ,0,0,0,0,0,0,0,0,0,0,0,0,0,0,0,0,0,0,0,0,0,0,0,0
201502,02,261,4,9,Valdez-Cordova Census Area    ,0,0,0,0,0,0,0,0,0,0,0,0,0,0,0,0,0,0,0,0,0,0,0,0
201502,02,270,4,9,Wade Hampton Census Area      ,0,0,0,0,0,0,0,0,0,0,0,0,0,0,0,0,0,0,0,0,0,0,0,0
201502,02,275,4,9,Wrangell City and Borough     ,0,0,0,0,0,0,0,0,0,0,0,0,0,0,0,0,0,0,0,0,0,0,0,0
201502,02,282,4,9,Yakutat Borough               ,0,0,0,0,0,0,0,0,0,0,0,0,0,0,0,0,0,0,0,0,0,0,0,0
201502,02,282,4,9,Yakutat City and Borough      ,0,0,0,0,0,0,0,0,0,0,0,0,0,0,0,0,0,0,0,0,0,0,0,0
201502,02,290,4,9,Yukon-Koyukuk Census Area     ,0,0,0,0,0,0,0,0,0,0,0,0,0,0,0,0,0,0,0,0,0,0,0,0
201502,04,013,4,8,Maricopa County               ,913,913,244033555,3,6,1386191,2,7,1277061,37,546,60391950,913,913,244033555,3,6,1386191,2,7,1277061,37,546,60391950
201502,04,019,4,8,Pima County                   ,202,202,51186276,2,4,196796,0,0,0,4,85,9991531,28,28,8891086,0,0,0,0,0,0,0,0,0
201502,04,021,4,8,Pinal County                  ,116,116,21131137,0,0,0,0,0,0,0,0,0,81,81,14395279,0,0,0,0,0,0,0,0,0
201502,05,013,3,7,Calhoun County                ,0,0,0,0,0,0,0,0,0,0,0,0,0,0,0,0,0,0,0,0,0,0,0,0
201502,05,035,3,7,Crittenden County             ,2,2,382000,0,0,0,0,0,0,0,0,0,2,2,382000,0,0,0,0,0,0,0,0,0
201502,05,045,3,7,Faulkner County               ,16,16,3566656,0,0,0,0,0,0,0,0,0,15,15,3357896,0,0,0,0,0,0,0,0,0
201502,05,053,3,7,Grant County                  ,0,0,0,0,0,0,0,0,0,0,0,0,0,0,0,0,0,0,0,0,0,0,0,0
201502,05,085,3,7,Lonoke County                 ,22,22,1997232,3,6,354050,0,0,0,0,0,0,7,7,801725,3,6,354050,0,0,0,0,0,0
201502,05,087,3,7,Madison County                ,0,0,0,0,0,0,0,0,0,0,0,0,0,0,0,0,0,0,0,0,0,0,0,0
201502,05,091,3,7,Miller County                 ,2,2,330000,0,0,0,0,0,0,0,0,0,2,2,330000,0,0,0,0,0,0,0,0,0
201502,05,105,3,7,Perry County                  ,0,0,0,0,0,0,0,0,0,0,0,0,0,0,0,0,0,0,0,0,0,0,0,0
201502,05,119,3,7,Pulaski County                ,53,53,11251591,0,0,0,0,0,0,0,0,0,53,53,11251591,0,0,0,0,0,0,0,0,0
201502,05,129,3,7,Searcy County                 ,0,0,0,0,0,0,0,0,0,0,0,0,0,0,0,0,0,0,0,0,0,0,0,0
201502,05,143,3,7,Washington County             ,88,88,17692713,0,0,0,0,0,0,0,0,0,81,81,15387309,0,0,0,0,0,0,0,0,0
201502,06,001,4,9,Alameda County                ,103,103,36195110,0,0,0,3,9,1282446,2,49,4531578,103,103,36195110,0,0,0,3,9,1282446,1,44,3366300
201502,06,013,4,9,Contra Costa County           ,122,122,39005468,0,0,0,0,0,0,1,12,1518927,122,122,39005468,0,0,0,0,0,0,1,12,1518927
201502,06,017,4,9,El Dorado County              ,11,11,7375420,0,0,0,0,0,0,0,0,0,11,11,7375420,0,0,0,0,0,0,0,0,0
201502,06,019,4,9,Fresno County                 ,147,147,41111832,0,0,0,0,0,0,0,0,0,134,134,39005720,0,0,0,0,0,0,0,0,0
201502,06,037,4,9,Los Angeles County            ,322,322,157111070,29,58,9602109,0,0,0,23,1678,338712440,290,290,141567450,29,58,9602109,0,0,0,15,1471,316913262
201502,06,041,4,9,Marin County                  ,11,11,3842015,0,0,0,0,0,0,1,16,1576810,3,3,972000,0,0,0,0,0,0,0,0,0
201502,06,059,4,9,Orange County                 ,212,212,81200601,3,6,1706029,3,11,2535881,11,1048,138655073,189,189,70787634,1,2,372672,0,0,0,8,933,124246368
201502,06,061,4,9,Placer County                 ,95,95,28808476,0,0,0,0,0,0,0,0,0,94,94,28481572,0,0,0,0,0,0,0,0,0
201502,06,063,4,9,Plumas County                 ,1,1,114717,0,0,0,0,0,0,0,0,0,1,1,114717,0,0,0,0,0,0,0,0,0
201502,06,067,4,9,Sacramento County             ,86,86,21996958,0,0,0,0,0,0,0,0,0,84,84,21526258,0,0,0,0,0,0,0,0,0
201502,06,069,4,9,San Benito County             ,11,11,3057837,0,0,0,0,0,0,0,0,0,10,10,2882837,0,0,0,0,0,0,0,0,0
201502,06,071,4,9,San Bernardino County         ,197,197,48164531,3,6,835410,2,7,1127634,21,209,17574034,159,159,39356795,0,0,0,0,0,0,15,128,9679311
201502,06,073,4,9,San Diego County              ,288,288,113156564,0,0,0,1,4,701790,17,329,47793125,282,282,111469262,0,0,0,1,4,701790,16,318,46697698
201502,06,075,4,9,San Francisco County          ,4,4,1048617,0,0,0,0,0,0,4,258,67086010,4,4,1048617,0,0,0,0,0,0,4,258,67086010
201502,06,081,4,9,San Mateo County              ,25,25,18154033,0,0,0,0,0,0,2,46,6735238,14,14,12067761,0,0,0,0,0,0,0,0,0
201502,06,085,4,9,Santa Clara County            ,118,118,45688812,0,0,0,5,17,4280673,14,236,53104950,90,90,36183260,0,0,0,3,11,2488629,7,122,28596594
201502,06,091,4,9,Sierra County                 ,0,0,0,0,0,0,0,0,0,0,0,0,0,0,0,0,0,0,0,0,0,0,0,0
201502,06,113,4,9,Yolo County                   ,32,32,8889156,1,2,336106,0,0,0,0,0,0,28,28,8010389,0,0,0,0,0,0,0,0,0
201502,08,001,4,8,Adams County                  ,90,90,21608290,0,0,0,4,15,2939927,0,0,0,85,85,20632349,0,0,0,4,15,2939927,0,0,0
201502,08,005,4,8,Arapahoe County               ,103,103,26203654,0,0,0,0,0,0,1,28,4600000,102,102,24520654,0,0,0,0,0,0,1,28,4600000
201502,08,014,4,8,Broomfield County             ,27,27,9352588,0,0,0,0,0,0,2,55,4236137,0,0,0,0,0,0,0,0,0,0,0,0
201502,08,015,4,8,Chaffee County                ,6,6,1634507,0,0,0,0,0,0,0,0,0,0,0,0,0,0,0,0,0,0,0,0,0
201502,08,019,4,8,Clear Creek County            ,0,0,0,0,0,0,0,0,0,0,0,0,0,0,0,0,0,0,0,0,0,0,0,0
201502,08,031,4,8,Denver County                 ,138,138,36177295,0,0,0,0,0,0,3,408,81612419,138,138,36177295,0,0,0,0,0,0,3,408,81612419
201502,08,035,4,8,Douglas County                ,176,176,55119608,0,0,0,0,0,0,1,5,110239,170,170,53171590,0,0,0,0,0,0,1,5,110239
201502,08,039,4,8,Elbert County                 ,7,7,2681891,0,0,0,0,0,0,0,0,0,7,7,2681891,0,0,0,0,0,0,0,0,0
201502,08,041,4,8,El Paso County                ,201,201,74393501,0,0,0,0,0,0,0,0,0,201,201,74393501,0,0,0,0,0,0,0,0,0
201502,08,047,4,8,Gilpin County                 ,0,0,0,0,0,0,0,0,0,0,0,0,0,0,0,0,0,0,0,0,0,0,0,0
201502,08,069,4,8,Larimer County                ,119,119,32821018,2,4,814358,0,0,0,2,14,1703186,119,119,32821018,2,4,814358,0,0,0,2,14,1703186
201502,08,077,4,8,Mesa County                   ,26,26,6598406,0,0,0,0,0,0,0,0,0,26,26,6598406,0,0,0,0,0,0,0,0,0
201502,08,093,4,8,Park County                   ,6,6,708479,0,0,0,0,0,0,0,0,0,6,6,708479,0,0,0,0,0,0,0,0,0
201502,08,101,4,8,Pueblo County                 ,12,12,2193880,0,0,0,0,0,0,0,0,0,0,0,0,0,0,0,0,0,0,0,0,0
201502,08,119,4,8,Teller County                 ,3,3,389691,0,0,0,0,0,0,0,0,0,3,3,389691,0,0,0,0,0,0,0,0,0
201502,09,001,1,1,Fairfield County              ,43,43,21376710,0,0,0,0,0,0,2,13,947700,33,33,12912557,0,0,0,0,0,0,2,13,947700
201502,09,003,1,1,Hartford County               ,10,10,1774338,2,4,225351,1,3,265515,1,5,243431,7,7,1367137,1,2,98000,0,0,0,0,0,0
201502,09,007,1,1,Middlesex County              ,7,7,2060308,0,0,0,0,0,0,0,0,0,3,3,1009000,0,0,0,0,0,0,0,0,0
201502,09,013,1,1,Tolland County                ,4,4,979000,0,0,0,0,0,0,0,0,0,1,1,160000,0,0,0,0,0,0,0,0,0
201502,10,001,3,5,Kent County                   ,91,91,11966665,0,0,0,0,0,0,0,0,0,91,91,11966665,0,0,0,0,0,0,0,0,0
201502,10,003,3,5,New Castle County             ,84,84,8267640,0,0,0,0,0,0,5,53,5074015,5,5,1077971,0,0,0,0,0,0,0,0,0
201502,10,005,3,5,Sussex County                 ,125,125,18510497,6,12,1274582,1,4,444354,0,0,0,125,125,18510497,6,12,1274582,1,4,444354,0,0,0
201502,11,001,3,5,Washington  DC                ,18,18,3880696,0,0,0,0,0,0,4,326,26505104,18,18,3880696,0,0,0,0,0,0,4,326,26505104
201502,12,003,3,5,Baker County                  ,0,0,0,0,0,0,0,0,0,0,0,0,0,0,0,0,0,0,0,0,0,0,0,0
201502,12,019,3,5,Clay County                   ,76,76,16452911,0,0,0,0,0,0,0,0,0,76,76,16452911,0,0,0,0,0,0,0,0,0
201502,12,031,3,5,Duval County                  ,151,151,35075126,1,2,221799,0,0,0,9,224,18212096,151,151,35075126,1,2,221799,0,0,0,9,224,18212096
201502,12,033,3,5,Escambia County               ,71,71,15407063,0,0,0,0,0,0,13,304,24716416,71,71,15407063,0,0,0,0,0,0,13,304,24716416
201502,12,053,3,5,Hernando County               ,16,16,3143869,0,0,0,0,0,0,0,0,0,16,16,3143869,0,0,0,0,0,0,0,0,0
201502,12,057,3,5,Hillsborough County           ,402,402,133601580,2,4,866048,0,0,0,6,248,32590270,402,402,133601580,2,4,866048,0,0,0,6,248,32590270
201502,12,067,3,5,Lafayette County              ,1,1,184000,0,0,0,0,0,0,0,0,0,1,1,184000,0,0,0,0,0,0,0,0,0
201502,12,071,3,5,Lee County                    ,285,285,68388829,0,0,0,3,12,3466260,9,200,17164216,285,285,68388829,0,0,0,3,12,3466260,9,200,17164216
201502,12,073,3,5,Leon County                   ,40,40,9150658,1,2,150000,0,0,0,2,69,5427167,16,16,4979000,0,0,0,0,0,0,0,0,0
201502,12,081,3,5,Manatee County                ,191,191,40372802,2,4,1287071,2,8,1093463,3,105,6479385,20,20,4865518,2,4,1287071,1,4,614239,0,0,0
201502,12,086,3,5,Miami-Dade County             ,191,191,50192242,3,6,1252726,9,35,12433748,48,924,203865144,186,186,49082251,3,6,1252726,9,35,12433748,45,883,187922376
201502,12,089,3,5,Nassau County                 ,71,71,20316477,0,0,0,0,0,0,0,0,0,71,71,20316477,0,0,0,0,0,0,0,0,0
201502,12,091,3,5,Okaloosa County               ,56,56,14583165,3,6,690511,0,0,0,0,0,0,56,56,14583165,3,6,690511,0,0,0,0,0,0
201502,12,095,3,5,Orange County                 ,417,417,112530479,3,6,1129613,0,0,0,1,227,13531054,411,411,109659195,3,6,1129613,0,0,0,1,227,13531054
201502,12,097,3,5,Osceola County                ,159,159,41388784,0,0,0,1,4,644948,19,498,55373255,159,159,41388784,0,0,0,1,4,644948,19,498,55373255
201502,12,101,3,5,Pasco County                  ,146,146,31536614,3,6,461665,1,4,174655,20,351,23879787,146,146,31536614,3,6,461665,1,4,174655,19,334,23093313
201502,12,103,3,5,Pinellas County               ,62,62,13979478,0,0,0,1,4,1600000,2,356,38914998,56,56,12577501,0,0,0,1,4,1600000,2,356,38914998
201502,12,109,3,5,St. Johns County              ,160,160,44589520,0,0,0,0,0,0,0,0,0,160,160,44589520,0,0,0,0,0,0,0,0,0
201502,12,113,3,5,Santa Rosa County             ,95,95,20481449,0,0,0,0,0,0,0,0,0,95,95,20481449,0,0,0,0,0,0,0,0,0
201502,12,115,3,5,Sarasota County               ,178,178,53516163,0,0,0,1,4,850462,1,6,2066924,178,178,53516163,0,0,0,1,4,850462,1,6,2066924
201502,12,117,3,5,Seminole County               ,97,97,31387813,0,0,0,0,0,0,2,208,12018307,97,97,31387813,0,0,0,0,0,0,2,208,12018307
201502,12,129,3,5,Wakulla County                ,13,13,1467000,0,0,0,0,0,0,0,0,0,13,13,1467000,0,0,0,0,0,0,0,0,0
201502,12,131,3,5,Walton County                 ,90,90,35967701,0,0,0,0,0,0,0,0,0,90,90,35967701,0,0,0,0,0,0,0,0,0
201502,12,133,3,5,Washington County             ,2,2,312354,0,0,0,0,0,0,0,0,0,0,0,0,0,0,0,0,0,0,0,0,0
201502,13,007,3,5,Baker County                  ,0,0,0,0,0,0,0,0,0,0,0,0,0,0,0,0,0,0,0,0,0,0,0,0
201502,13,013,3,5,Barrow County                 ,40,40,5556223,0,0,0,0,0,0,0,0,0,38,38,5355760,0,0,0,0,0,0,0,0,0
201502,13,015,3,5,Bartow County                 ,24,24,4354358,0,0,0,0,0,0,0,0,0,24,24,4354358,0,0,0,0,0,0,0,0,0
201502,13,021,3,5,Bibb County                   ,0,0,0,0,0,0,0,0,0,0,0,0,0,0,0,0,0,0,0,0,0,0,0,0
201502,13,029,3,5,Bryan County                  ,28,28,6187260,0,0,0,0,0,0,0,0,0,19,19,4696067,0,0,0,0,0,0,0,0,0
201502,13,033,3,5,Burke County                  ,3,3,512288,0,0,0,0,0,0,0,0,0,0,0,0,0,0,0,0,0,0,0,0,0
201502,13,035,3,5,Butts County                  ,2,2,480000,0,0,0,0,0,0,0,0,0,2,2,480000,0,0,0,0,0,0,0,0,0
201502,13,045,3,5,Carroll County                ,6,6,1153331,0,0,0,0,0,0,0,0,0,6,6,1153331,0,0,0,0,0,0,0,0,0
201502,13,051,3,5,Chatham County                ,64,64,11215659,0,0,0,0,0,0,0,0,0,48,48,9455826,0,0,0,0,0,0,0,0,0
201502,13,057,3,5,Cherokee County               ,119,119,30920820,0,0,0,0,0,0,0,0,0,119,119,30920820,0,0,0,0,0,0,0,0,0
201502,13,059,3,5,Clarke County                 ,9,9,1564762,0,0,0,0,0,0,0,0,0,9,9,1564762,0,0,0,0,0,0,0,0,0
201502,13,063,3,5,Clayton County                ,55,55,12263032,0,0,0,0,0,0,0,0,0,55,55,12263032,0,0,0,0,0,0,0,0,0
201502,13,067,3,5,Cobb County                   ,120,120,33718849,0,0,0,4,16,2644767,1,5,1147856,120,120,33718849,0,0,0,4,16,2644767,1,5,1147856
201502,13,073,3,5,Columbia County               ,101,101,16569138,0,0,0,0,0,0,0,0,0,1,1,101000,0,0,0,0,0,0,0,0,0
201502,13,077,3,5,Coweta County                 ,77,77,24905803,0,0,0,0,0,0,0,0,0,71,71,23846383,0,0,0,0,0,0,0,0,0
201502,13,085,3,5,Dawson County                 ,13,13,2826458,0,0,0,0,0,0,0,0,0,13,13,2826458,0,0,0,0,0,0,0,0,0
201502,13,095,3,5,Dougherty County              ,4,4,441530,1,2,150110,0,0,0,0,0,0,0,0,0,0,0,0,0,0,0,0,0,0
201502,13,097,3,5,Douglas County                ,13,13,1070030,0,0,0,0,0,0,0,0,0,13,13,1070030,0,0,0,0,0,0,0,0,0
201502,13,111,3,5,Fannin County                 ,14,14,2979166,0,0,0,0,0,0,0,0,0,14,14,2979166,0,0,0,0,0,0,0,0,0
201502,13,113,3,5,Fayette County                ,18,18,4161560,0,0,0,0,0,0,0,0,0,15,15,3298065,0,0,0,0,0,0,0,0,0
201502,13,117,3,5,Forsyth County                ,183,183,26469860,0,0,0,0,0,0,0,0,0,183,183,26469860,0,0,0,0,0,0,0,0,0
201502,13,121,3,5,Fulton County                 ,205,205,49043326,0,0,0,0,0,0,2,390,73819180,202,202,48526948,0,0,0,0,0,0,2,390,73819180
201502,13,127,3,5,Glynn County                  ,33,33,8704599,0,0,0,0,0,0,0,0,0,0,0,0,0,0,0,0,0,0,0,0,0
201502,13,135,3,5,Gwinnett County               ,262,262,56897901,0,0,0,0,0,0,0,0,0,255,255,54761451,0,0,0,0,0,0,0,0,0
201502,13,143,3,5,Haralson County               ,3,3,447424,0,0,0,0,0,0,0,0,0,0,0,0,0,0,0,0,0,0,0,0,0
201502,13,145,3,5,Harris County                 ,13,13,3279965,0,0,0,0,0,0,0,0,0,13,13,3279965,0,0,0,0,0,0,0,0,0
201502,13,149,3,5,Heard County                  ,1,1,134368,0,0,0,0,0,0,0,0,0,0,0,0,0,0,0,0,0,0,0,0,0
201502,13,151,3,5,Henry County                  ,152,152,29167570,0,0,0,0,0,0,0,0,0,152,152,29167570,0,0,0,0,0,0,0,0,0
201502,13,159,3,5,Jasper County                 ,4,4,535896,0,0,0,0,0,0,0,0,0,0,0,0,0,0,0,0,0,0,0,0,0
201502,13,171,3,5,Lamar County                  ,1,1,156800,0,0,0,0,0,0,0,0,0,1,1,156800,0,0,0,0,0,0,0,0,0
201502,13,177,3,5,Lee County                    ,9,9,1069125,0,0,0,0,0,0,0,0,0,9,9,1069125,0,0,0,0,0,0,0,0,0
201502,13,179,3,5,Liberty County                ,15,15,3397677,0,0,0,0,0,0,0,0,0,15,15,3397677,0,0,0,0,0,0,0,0,0
201502,13,189,3,5,McDuffie County               ,1,1,236933,0,0,0,0,0,0,0,0,0,0,0,0,0,0,0,0,0,0,0,0,0
201502,13,199,3,5,Meriwether County             ,4,4,737983,0,0,0,0,0,0,0,0,0,3,3,646783,0,0,0,0,0,0,0,0,0
201502,13,201,3,5,Miller County                 ,0,0,0,0,0,0,0,0,0,0,0,0,0,0,0,0,0,0,0,0,0,0,0,0
201502,13,207,3,5,Monroe County                 ,11,11,2612348,0,0,0,0,0,0,0,0,0,11,11,2612348,0,0,0,0,0,0,0,0,0
201502,13,215,3,5,Muscogee County               ,26,26,2752270,0,0,0,1,3,136270,2,22,1668646,0,0,0,0,0,0,0,0,0,0,0,0
201502,13,217,3,5,Newton County                 ,10,10,1207349,0,0,0,0,0,0,1,5,71429,8,8,966100,0,0,0,0,0,0,0,0,0
201502,13,227,3,5,Pickens County                ,8,8,1876400,0,0,0,0,0,0,0,0,0,8,8,1876400,0,0,0,0,0,0,0,0,0
201502,13,231,3,5,Pike County                   ,1,1,50000,0,0,0,0,0,0,0,0,0,1,1,50000,0,0,0,0,0,0,0,0,0
201502,13,235,3,5,Pulaski County                ,2,2,156583,0,0,0,0,0,0,0,0,0,0,0,0,0,0,0,0,0,0,0,0,0
201502,13,245,3,5,Richmond County               ,36,36,6424345,1,2,180000,0,0,0,0,0,0,1,1,275000,0,0,0,0,0,0,0,0,0
201502,13,247,3,5,Rockdale County               ,9,9,2053606,0,0,0,0,0,0,0,0,0,9,9,2053606,0,0,0,0,0,0,0,0,0
201502,13,255,3,5,Spalding County               ,20,20,2420377,0,0,0,0,0,0,0,0,0,20,20,2420377,0,0,0,0,0,0,0,0,0
201502,13,275,3,5,Thomas County                 ,6,6,12007121,0,0,0,0,0,0,0,0,0,6,6,12007121,0,0,0,0,0,0,0,0,0
201502,13,291,3,5,Union County                  ,9,9,1940348,0,0,0,0,0,0,0,0,0,9,9,1940348,0,0,0,0,0,0,0,0,0
201502,15,001,4,9,Hawaii County                 ,59,59,20444931,0,0,0,0,0,0,0,0,0,59,59,20444931,0,0,0,0,0,0,0,0,0
201502,15,003,4,9,Honolulu County               ,93,93,33973495,0,0,0,0,0,0,3,291,68460000,93,93,33973495,0,0,0,0,0,0,3,291,68460000
201502,15,007,4,9,Kauai County                  ,9,9,4870245,0,0,0,0,0,0,0,0,0,0,0,0,0,0,0,0,0,0,0,0,0
201502,15,009,4,9,Maui County                   ,50,50,13107716,1,2,440000,0,0,0,0,0,0,50,50,13107716,1,2,440000,0,0,0,0,0,0
201502,16,001,4,8,Ada County                    ,206,206,54127881,0,0,0,17,68,4649600,0,0,0,195,195,51557878,0,0,0,17,68,4649600,0,0,0
201502,16,015,4,8,Boise County                  ,3,3,369226,0,0,0,0,0,0,0,0,0,3,3,369226,0,0,0,0,0,0,0,0,0
201502,16,027,4,8,Canyon County                 ,66,66,10273585,0,0,0,0,0,0,0,0,0,53,53,7563426,0,0,0,0,0,0,0,0,0
201502,16,045,4,8,Gem County                    ,1,1,238049,0,0,0,0,0,0,0,0,0,1,1,238049,0,0,0,0,0,0,0,0,0
201502,16,073,4,8,Owyhee County                 ,2,2,305482,0,0,0,0,0,0,0,0,0,2,2,305482,0,0,0,0,0,0,0,0,0
201502,17,005,2,3,Bond County                   ,0,0,0,0,0,0,0,0,0,0,0,0,0,0,0,0,0,0,0,0,0,0,0,0
201502,17,013,2,3,Calhoun County                ,0,0,0,0,0,0,0,0,0,0,0,0,0,0,0,0,0,0,0,0,0,0,0,0
201502,17,031,2,3,Cook County                   ,88,88,25469497,1,2,200000,3,9,1216730,8,1155,109000368,80,80,22194360,1,2,200000,3,9,1216730,8,1155,109000368
201502,17,037,2,3,DeKalb County                 ,2,2,365000,0,0,0,0,0,0,0,0,0,2,2,365000,0,0,0,0,0,0,0,0,0
201502,17,039,2,3,De Witt County                ,0,0,0,0,0,0,0,0,0,0,0,0,0,0,0,0,0,0,0,0,0,0,0,0
201502,17,043,2,3,DuPage County                 ,52,52,22365758,0,0,0,0,0,0,0,0,0,48,48,21087957,0,0,0,0,0,0,0,0,0
201502,17,063,2,3,Grundy County                 ,1,1,217500,0,0,0,0,0,0,1,5,256410,0,0,0,0,0,0,0,0,0,0,0,0
201502,17,083,2,3,Jersey County                 ,4,4,531873,0,0,0,0,0,0,0,0,0,3,3,376264,0,0,0,0,0,0,0,0,0
201502,17,093,2,3,Kendall County                ,3,3,730500,0,0,0,0,0,0,0,0,0,3,3,730500,0,0,0,0,0,0,0,0,0
201502,17,097,2,3,Lake County                   ,24,24,7228459,0,0,0,0,0,0,0,0,0,16,16,5801723,0,0,0,0,0,0,0,0,0
201502,17,111,2,3,McHenry County                ,13,13,2280317,0,0,0,0,0,0,1,5,617501,10,10,1954593,0,0,0,0,0,0,0,0,0
201502,17,119,2,3,Madison County                ,20,20,5400692,0,0,0,0,0,0,0,0,0,18,18,5117582,0,0,0,0,0,0,0,0,0
201502,17,133,2,3,Monroe County                 ,5,5,1098052,0,0,0,0,0,0,0,0,0,1,1,235365,0,0,0,0,0,0,0,0,0
201502,17,197,2,3,Will County                   ,39,39,10053385,0,0,0,0,0,0,0,0,0,26,26,6934982,0,0,0,0,0,0,0,0,0
201502,18,003,2,3,Allen County                  ,24,24,6044176,0,0,0,0,0,0,0,0,0,24,24,6044176,0,0,0,0,0,0,0,0,0
201502,18,011,2,3,Boone County                  ,33,33,9946431,0,0,0,0,0,0,0,0,0,33,33,9946431,0,0,0,0,0,0,0,0,0
201502,18,013,2,3,Brown County                  ,2,2,470731,0,0,0,0,0,0,0,0,0,2,2,470731,0,0,0,0,0,0,0,0,0
201502,18,019,2,3,Clark County                  ,31,31,6823161,0,0,0,0,0,0,0,0,0,30,30,6696446,0,0,0,0,0,0,0,0,0
201502,18,047,2,3,Franklin County               ,3,3,383700,0,0,0,0,0,0,0,0,0,3,3,383700,0,0,0,0,0,0,0,0,0
201502,18,057,2,3,Hamilton County               ,144,144,39313638,4,8,1006315,0,0,0,0,0,0,144,144,39313638,4,8,1006315,0,0,0,0,0,0
201502,18,059,2,3,Hancock County                ,22,22,3217835,0,0,0,0,0,0,0,0,0,22,22,3217835,0,0,0,0,0,0,0,0,0
201502,18,061,2,3,Harrison County               ,2,2,500000,0,0,0,0,0,0,0,0,0,2,2,500000,0,0,0,0,0,0,0,0,0
201502,18,063,2,3,Hendricks County              ,36,36,7850864,0,0,0,0,0,0,1,17,957937,25,25,5542073,0,0,0,0,0,0,0,0,0
201502,18,069,2,3,Huntington County             ,4,4,546905,0,0,0,0,0,0,0,0,0,4,4,546905,0,0,0,0,0,0,0,0,0
201502,18,073,2,3,Jasper County                 ,0,0,0,0,0,0,0,0,0,0,0,0,0,0,0,0,0,0,0,0,0,0,0,0
201502,18,081,2,3,Johnson County                ,36,36,6792249,0,0,0,0,0,0,0,0,0,35,35,6676680,0,0,0,0,0,0,0,0,0
201502,18,087,2,3,Lagrange County               ,3,3,600000,0,0,0,0,0,0,0,0,0,3,3,600000,0,0,0,0,0,0,0,0,0
201502,18,089,2,3,Lake County                   ,13,13,3293368,0,0,0,0,0,0,0,0,0,11,11,2891120,0,0,0,0,0,0,0,0,0
201502,18,097,2,3,Marion County                 ,90,90,20775146,0,0,0,0,0,0,0,0,0,90,90,20775146,0,0,0,0,0,0,0,0,0
201502,18,105,2,3,Monroe County                 ,16,16,3765845,0,0,0,0,0,0,0,0,0,16,16,3765845,0,0,0,0,0,0,0,0,0
201502,18,109,2,3,Morgan County                 ,4,4,760000,0,0,0,0,0,0,0,0,0,4,4,760000,0,0,0,0,0,0,0,0,0
201502,18,111,2,3,Newton County                 ,0,0,0,0,0,0,0,0,0,0,0,0,0,0,0,0,0,0,0,0,0,0,0,0
201502,18,115,2,3,Ohio County                   ,0,0,0,0,0,0,0,0,0,0,0,0,0,0,0,0,0,0,0,0,0,0,0,0
201502,18,119,2,3,Owen County                   ,0,0,0,0,0,0,0,0,0,0,0,0,0,0,0,0,0,0,0,0,0,0,0,0
201502,18,127,2,3,Porter County                 ,2,2,276000,0,0,0,0,0,0,0,0,0,2,2,276000,0,0,0,0,0,0,0,0,0
201502,18,133,2,3,Putnam County                 ,1,1,60000,0,0,0,0,0,0,0,0,0,1,1,60000,0,0,0,0,0,0,0,0,0
201502,18,145,2,3,Shelby County                 ,1,1,155000,0,0,0,0,0,0,0,0,0,1,1,155000,0,0,0,0,0,0,0,0,0
201502,18,151,2,3,Steuben County                ,2,2,776129,0,0,0,0,0,0,0,0,0,2,2,776129,0,0,0,0,0,0,0,0,0
201502,18,157,2,3,Tippecanoe County             ,18,18,3943573,0,0,0,0,0,0,1,7,626045,0,0,0,0,0,0,0,0,0,0,0,0
201502,18,163,2,3,Vanderburgh County            ,20,20,2792000,0,0,0,0,0,0,0,0,0,20,20,2792000,0,0,0,0,0,0,0,0,0
201502,18,167,2,3,Vigo County                   ,4,4,841225,0,0,0,0,0,0,1,5,265623,3,3,706096,0,0,0,0,0,0,0,0,0
201502,18,175,2,3,Washington County             ,1,1,135934,0,0,0,0,0,0,0,0,0,0,0,0,0,0,0,0,0,0,0,0,0
201502,18,183,2,3,Whitley County                ,3,3,495000,0,0,0,0,0,0,0,0,0,3,3,495000,0,0,0,0,0,0,0,0,0
201502,19,049,2,4,Dallas County                 ,46,46,11168480,0,0,0,0,0,0,0,0,0,46,46,11168480,0,0,0,0,0,0,0,0,0
201502,19,085,2,4,Harrison County               ,1,1,220257,0,0,0,0,0,0,0,0,0,0,0,0,0,0,0,0,0,0,0,0,0
201502,19,129,2,4,Mills County                  ,0,0,0,0,0,0,0,0,0,0,0,0,0,0,0,0,0,0,0,0,0,0,0,0
201502,19,153,2,4,Polk County                   ,115,115,27464191,0,0,0,0,0,0,1,54,9700000,110,110,26624734,0,0,0,0,0,0,1,54,9700000
201502,19,181,2,4,Warren County                 ,10,10,3296537,0,0,0,0,0,0,0,0,0,9,9,2997108,0,0,0,0,0,0,0,0,0
201502,20,091,2,4,Johnson County                ,88,88,27950090,1,2,291731,0,0,0,4,56,8266804,55,55,18375731,1,2,291731,0,0,0,4,56,8266804
201502,20,103,2,4,Leavenworth County            ,24,24,3676288,0,0,0,0,0,0,0,0,0,24,24,3676288,0,0,0,0,0,0,0,0,0
201502,20,107,2,4,Linn County                   ,1,1,120374,0,0,0,0,0,0,0,0,0,0,0,0,0,0,0,0,0,0,0,0,0
201502,20,121,2,4,Miami County                  ,1,1,251816,0,0,0,0,0,0,0,0,0,0,0,0,0,0,0,0,0,0,0,0,0
201502,20,209,2,4,Wyandotte County              ,1,1,101823,0,0,0,0,0,0,0,0,0,1,1,101823,0,0,0,0,0,0,0,0,0
201502,21,005,3,6,Anderson County               ,2,2,564720,0,0,0,0,0,0,0,0,0,2,2,564720,0,0,0,0,0,0,0,0,0
201502,21,015,3,6,Boone County                  ,27,27,3695024,0,0,0,0,0,0,0,0,0,27,27,3695024,0,0,0,0,0,0,0,0,0
201502,21,017,3,6,Bourbon County                ,1,1,318143,0,0,0,0,0,0,0,0,0,0,0,0,0,0,0,0,0,0,0,0,0
201502,21,021,3,6,Boyle County                  ,3,3,1186000,0,0,0,0,0,0,0,0,0,3,3,1186000,0,0,0,0,0,0,0,0,0
201502,21,029,3,6,Bullitt County                ,10,10,1417088,0,0,0,0,0,0,0,0,0,10,10,1417088,0,0,0,0,0,0,0,0,0
201502,21,035,3,6,Calloway County               ,0,0,0,0,0,0,1,4,275000,0,0,0,0,0,0,0,0,0,1,4,275000,0,0,0
201502,21,037,3,6,Campbell County               ,8,8,1495305,0,0,0,0,0,0,0,0,0,8,8,1495305,0,0,0,0,0,0,0,0,0
201502,21,045,3,6,Casey County                  ,0,0,0,0,0,0,0,0,0,0,0,0,0,0,0,0,0,0,0,0,0,0,0,0
201502,21,047,3,6,Christian County              ,1,1,71200,0,0,0,0,0,0,0,0,0,0,0,0,0,0,0,0,0,0,0,0,0
201502,21,049,3,6,Clark County                  ,3,3,519265,1,2,400000,0,0,0,0,0,0,0,0,0,0,0,0,0,0,0,0,0,0
201502,21,067,3,6,Fayette County                ,55,55,8343141,1,2,134400,1,4,516008,1,18,1436559,0,0,0,0,0,0,0,0,0,0,0,0
201502,21,069,3,6,Fleming County                ,0,0,0,0,0,0,0,0,0,0,0,0,0,0,0,0,0,0,0,0,0,0,0,0
201502,21,077,3,6,Gallatin County               ,1,1,163066,0,0,0,0,0,0,0,0,0,0,0,0,0,0,0,0,0,0,0,0,0
201502,21,081,3,6,Grant County                  ,2,2,70000,0,0,0,0,0,0,0,0,0,2,2,70000,0,0,0,0,0,0,0,0,0
201502,21,091,3,6,Hancock County                ,0,0,0,0,0,0,0,0,0,0,0,0,0,0,0,0,0,0,0,0,0,0,0,0
201502,21,099,3,6,Hart County                   ,3,3,291750,0,0,0,0,0,0,1,5,567738,0,0,0,0,0,0,0,0,0,0,0,0
201502,21,101,3,6,Henderson County              ,1,1,206000,0,0,0,0,0,0,0,0,0,1,1,206000,0,0,0,0,0,0,0,0,0
201502,21,103,3,6,Henry County                  ,1,1,170000,0,0,0,0,0,0,0,0,0,1,1,170000,0,0,0,0,0,0,0,0,0
201502,21,111,3,6,Jefferson County              ,80,80,18005961,0,0,0,2,7,689338,6,131,5046923,3,3,269000,0,0,0,0,0,0,0,0,0
201502,21,113,3,6,Jessamine County              ,7,7,936117,0,0,0,0,0,0,0,0,0,0,0,0,0,0,0,0,0,0,0,0,0
201502,21,115,3,6,Johnson County                ,0,0,0,0,0,0,0,0,0,0,0,0,0,0,0,0,0,0,0,0,0,0,0,0
201502,21,117,3,6,Kenton County                 ,15,15,3262228,0,0,0,0,0,0,0,0,0,15,15,3262228,0,0,0,0,0,0,0,0,0
201502,21,121,3,6,Knox County                   ,0,0,0,0,0,0,0,0,0,0,0,0,0,0,0,0,0,0,0,0,0,0,0,0
201502,21,123,3,6,Larue County                  ,3,3,593427,0,0,0,0,0,0,0,0,0,0,0,0,0,0,0,0,0,0,0,0,0
201502,21,137,3,6,Lincoln County                ,0,0,0,0,0,0,0,0,0,0,0,0,0,0,0,0,0,0,0,0,0,0,0,0
201502,21,145,3,6,McCracken County              ,0,0,0,0,0,0,0,0,0,1,5,810657,0,0,0,0,0,0,0,0,0,1,5,810657
201502,21,151,3,6,Madison County                ,7,7,605956,0,0,0,0,0,0,1,5,168572,0,0,0,0,0,0,0,0,0,0,0,0
201502,21,161,3,6,Mason County                  ,0,0,0,0,0,0,0,0,0,0,0,0,0,0,0,0,0,0,0,0,0,0,0,0
201502,21,163,3,6,Meade County                  ,6,6,710645,1,2,120000,0,0,0,0,0,0,4,4,400000,1,2,120000,0,0,0,0,0,0
201502,21,167,3,6,Mercer County                 ,2,2,280350,1,2,137500,0,0,0,0,0,0,0,0,0,0,0,0,0,0,0,0,0,0
201502,21,175,3,6,Morgan County                 ,1,1,75000,0,0,0,0,0,0,0,0,0,0,0,0,0,0,0,0,0,0,0,0,0
201502,21,179,3,6,Nelson County                 ,4,4,825000,0,0,0,0,0,0,0,0,0,4,4,825000,0,0,0,0,0,0,0,0,0
201502,21,185,3,6,Oldham County                 ,17,17,3509436,0,0,0,0,0,0,0,0,0,0,0,0,0,0,0,0,0,0,0,0,0
201502,21,191,3,6,Pendleton County              ,0,0,0,0,0,0,0,0,0,0,0,0,0,0,0,0,0,0,0,0,0,0,0,0
201502,21,209,3,6,Scott County                  ,12,12,1520054,0,0,0,0,0,0,0,0,0,12,12,1520054,0,0,0,0,0,0,0,0,0
201502,21,211,3,6,Shelby County                 ,6,6,1854000,0,0,0,0,0,0,0,0,0,6,6,1854000,0,0,0,0,0,0,0,0,0
201502,21,213,3,6,Simpson County                ,0,0,0,5,10,720000,0,0,0,0,0,0,0,0,0,5,10,720000,0,0,0,0,0,0
201502,21,215,3,6,Spencer County                ,3,3,646783,0,0,0,0,0,0,0,0,0,3,3,646783,0,0,0,0,0,0,0,0,0
201502,21,221,3,6,Trigg County                  ,0,0,0,0,0,0,0,0,0,0,0,0,0,0,0,0,0,0,0,0,0,0,0,0
201502,21,225,3,6,Union County                  ,0,0,0,0,0,0,0,0,0,0,0,0,0,0,0,0,0,0,0,0,0,0,0,0
201502,21,239,3,6,Woodford County               ,7,7,1081000,0,0,0,0,0,0,0,0,0,7,7,1081000,0,0,0,0,0,0,0,0,0
201502,22,005,3,7,Ascension Parish              ,88,88,13458305,0,0,0,0,0,0,0,0,0,83,83,12096525,0,0,0,0,0,0,0,0,0
201502,22,015,3,7,Bossier Parish                ,64,64,8446040,0,0,0,0,0,0,2,44,2679034,18,18,2812775,0,0,0,0,0,0,0,0,0
201502,22,017,3,7,Caddo Parish                  ,17,17,5242149,0,0,0,0,0,0,0,0,0,17,17,5242149,0,0,0,0,0,0,0,0,0
201502,22,031,3,7,De Soto Parish                ,5,5,1447809,0,0,0,0,0,0,0,0,0,4,4,1250000,0,0,0,0,0,0,0,0,0
201502,22,033,3,7,East Baton Rouge Parish       ,94,94,23533126,0,0,0,0,0,0,0,0,0,94,94,23533126,0,0,0,0,0,0,0,0,0
201502,22,037,3,7,East Feliciana Parish         ,10,10,2127976,0,0,0,0,0,0,0,0,0,10,10,2127976,0,0,0,0,0,0,0,0,0
201502,22,047,3,7,Iberville Parish              ,8,8,1407308,0,0,0,0,0,0,0,0,0,0,0,0,0,0,0,0,0,0,0,0,0
201502,22,051,3,7,Jefferson Parish              ,21,21,4158539,0,0,0,0,0,0,0,0,0,4,4,775860,0,0,0,0,0,0,0,0,0
201502,22,055,3,7,Lafayette Parish              ,89,89,14241176,1,2,200000,0,0,0,2,15,732939,24,24,5238460,1,2,200000,0,0,0,0,0,0
201502,22,063,3,7,Livingston Parish             ,57,57,11147597,0,0,0,0,0,0,0,0,0,4,4,450000,0,0,0,0,0,0,0,0,0
201502,22,071,3,7,Orleans Parish                ,60,60,11858667,7,14,1329635,0,0,0,0,0,0,0,0,0,0,0,0,0,0,0,0,0,0
201502,22,075,3,7,Plaquemines Parish            ,3,3,835000,0,0,0,0,0,0,0,0,0,3,3,835000,0,0,0,0,0,0,0,0,0
201502,22,077,3,7,Pointe Coupee Parish          ,4,4,978998,0,0,0,0,0,0,0,0,0,4,4,978998,0,0,0,0,0,0,0,0,0
201502,22,087,3,7,St. Bernard Parish            ,6,6,730000,0,0,0,0,0,0,0,0,0,6,6,730000,0,0,0,0,0,0,0,0,0
201502,22,089,3,7,St. Charles Parish            ,8,8,1763137,0,0,0,0,0,0,0,0,0,0,0,0,0,0,0,0,0,0,0,0,0
201502,22,091,3,7,St. Helena Parish             ,0,0,0,0,0,0,0,0,0,0,0,0,0,0,0,0,0,0,0,0,0,0,0,0
201502,22,095,3,7,St. John the Baptist Parish   ,4,4,668671,0,0,0,0,0,0,0,0,0,0,0,0,0,0,0,0,0,0,0,0,0
201502,22,099,3,7,St. Martin Parish             ,17,17,3861489,0,0,0,0,0,0,0,0,0,17,17,3861489,0,0,0,0,0,0,0,0,0
201502,22,103,3,7,St. Tammany Parish            ,121,121,30505546,0,0,0,0,0,0,0,0,0,119,119,29881787,0,0,0,0,0,0,0,0,0
201502,22,109,3,7,Terrebonne Parish             ,18,18,5410419,0,0,0,0,0,0,0,0,0,18,18,5410419,0,0,0,0,0,0,0,0,0
201502,22,121,3,7,West Baton Rouge Parish       ,17,17,2565243,0,0,0,0,0,0,0,0,0,16,16,2474181,0,0,0,0,0,0,0,0,0
201502,22,125,3,7,West Feliciana Parish         ,6,6,1020000,0,0,0,0,0,0,0,0,0,6,6,1020000,0,0,0,0,0,0,0,0,0
201502,23,000,1,1,Maine Unorganized Territory   ,1,1,132800,0,0,0,0,0,0,0,0,0,0,0,0,0,0,0,0,0,0,0,0,0
201502,24,003,3,5,Anne Arundel County           ,89,89,18957180,0,0,0,0,0,0,0,0,0,84,84,18109913,0,0,0,0,0,0,0,0,0
201502,24,005,3,5,Baltimore County              ,47,47,10132928,0,0,0,0,0,0,0,0,0,47,47,10132928,0,0,0,0,0,0,0,0,0
201502,24,009,3,5,Calvert County                ,11,11,2371536,0,0,0,0,0,0,0,0,0,11,11,2371536,0,0,0,0,0,0,0,0,0
201502,24,013,3,5,Carroll County                ,9,9,1940348,0,0,0,0,0,0,0,0,0,9,9,1940348,0,0,0,0,0,0,0,0,0
201502,24,015,3,5,Cecil County                  ,3,3,559308,0,0,0,0,0,0,0,0,0,3,3,559308,0,0,0,0,0,0,0,0,0
201502,24,017,3,5,Charles County                ,80,80,15763362,0,0,0,0,0,0,0,0,0,77,77,15408000,0,0,0,0,0,0,0,0,0
201502,24,021,3,5,Frederick County              ,44,44,10256766,0,0,0,0,0,0,0,0,0,44,44,10256766,0,0,0,0,0,0,0,0,0
201502,24,023,3,5,Garrett County                ,2,2,282000,0,0,0,0,0,0,0,0,0,2,2,282000,0,0,0,0,0,0,0,0,0
201502,24,025,3,5,Harford County                ,16,16,5148249,0,0,0,0,0,0,7,84,7525436,16,16,5148249,0,0,0,0,0,0,7,84,7525436
201502,24,027,3,5,Howard County                 ,68,68,14660406,0,0,0,0,0,0,0,0,0,68,68,14660406,0,0,0,0,0,0,0,0,0
201502,24,031,3,5,Montgomery County             ,76,76,15404108,0,0,0,0,0,0,1,21,203461,76,76,15404108,0,0,0,0,0,0,1,21,203461
201502,24,033,3,5,Prince George County          ,82,82,17976818,0,0,0,0,0,0,0,0,0,80,80,17247536,0,0,0,0,0,0,0,0,0
201502,24,035,3,5,Queen Anne County             ,17,17,3380725,0,0,0,0,0,0,0,0,0,17,17,3380725,0,0,0,0,0,0,0,0,0
201502,24,037,3,5,St. Mary's County             ,54,54,11655399,0,0,0,0,0,0,0,0,0,54,54,11655399,0,0,0,0,0,0,0,0,0
201502,24,037,3,5,St. Marys County              ,54,54,11655399,0,0,0,0,0,0,0,0,0,54,54,11655399,0,0,0,0,0,0,0,0,0
201502,24,039,3,5,Somerset County               ,0,0,0,0,0,0,0,0,0,0,0,0,0,0,0,0,0,0,0,0,0,0,0,0
201502,24,045,3,5,Wicomico County               ,5,5,1268420,0,0,0,0,0,0,0,0,0,5,5,1268420,0,0,0,0,0,0,0,0,0
201502,24,510,3,5,Baltimore (Independent City)  ,18,18,2599446,1,2,354842,1,4,523688,1,106,9626367,0,0,0,0,0,0,0,0,0,0,0,0
201502,25,005,1,1,Bristol County                ,15,15,2539657,0,0,0,0,0,0,1,36,1515000,9,9,1717117,0,0,0,0,0,0,1,36,1515000
201502,25,009,1,1,Essex County                  ,23,23,7265289,1,2,182222,0,0,0,2,23,1855694,14,14,4456700,0,0,0,0,0,0,1,18,746250
201502,25,017,1,1,Middlesex County              ,68,68,17036090,8,16,1838652,0,0,0,1,26,2739011,53,53,13523319,8,16,1838652,0,0,0,0,0,0
201502,25,021,1,1,Norfolk County                ,20,20,9072328,1,2,260000,0,0,0,3,18,1587455,13,13,6535040,1,2,260000,0,0,0,0,0,0
201502,25,023,1,1,Plymouth County               ,30,30,7848943,0,0,0,0,0,0,1,5,500000,22,22,6188200,0,0,0,0,0,0,0,0,0
201502,25,025,1,1,Suffolk County                ,0,0,0,1,2,400000,1,3,200000,6,284,65994648,0,0,0,1,2,400000,1,3,200000,5,264,64130000
201502,26,000,2,3,Michigan Balance of State     ,0,0,0,0,0,0,0,0,0,0,0,0,0,0,0,0,0,0,0,0,0,0,0,0
201502,26,019,2,3,Benzie County                 ,1,1,185000,0,0,0,0,0,0,0,0,0,1,1,185000,0,0,0,0,0,0,0,0,0
201502,26,029,2,3,Charlevoix County             ,1,1,296895,0,0,0,0,0,0,0,0,0,0,0,0,0,0,0,0,0,0,0,0,0
201502,26,089,2,3,Leelanau County               ,1,1,179800,0,0,0,0,0,0,0,0,0,1,1,179800,0,0,0,0,0,0,0,0,0
201502,26,093,2,3,Livingston County             ,22,22,5660629,0,0,0,0,0,0,0,0,0,20,20,5456486,0,0,0,0,0,0,0,0,0
201502,26,095,2,3,Luce County                   ,1,1,300000,0,0,0,0,0,0,0,0,0,1,1,300000,0,0,0,0,0,0,0,0,0
201502,26,099,2,3,Macomb County                 ,49,49,12064265,0,0,0,0,0,0,0,0,0,49,49,12064265,0,0,0,0,0,0,0,0,0
201502,26,103,2,3,Marquette County              ,0,0,0,0,0,0,0,0,0,0,0,0,0,0,0,0,0,0,0,0,0,0,0,0
201502,26,137,2,3,Otsego County                 ,1,1,81000,0,0,0,0,0,0,0,0,0,0,0,0,0,0,0,0,0,0,0,0,0
201502,26,147,2,3,St. Clair County              ,2,2,265949,0,0,0,0,0,0,0,0,0,1,1,125000,0,0,0,0,0,0,0,0,0
201502,26,163,2,3,Wayne County                  ,34,34,7632950,0,0,0,0,0,0,2,40,1934980,31,31,7228034,0,0,0,0,0,0,2,40,1934980
201502,27,003,2,4,Anoka County                  ,61,61,16968676,0,0,0,0,0,0,0,0,0,59,59,16525727,0,0,0,0,0,0,0,0,0
201502,27,019,2,4,Carver County                 ,38,38,12980023,0,0,0,0,0,0,0,0,0,32,32,11244060,0,0,0,0,0,0,0,0,0
201502,27,025,2,4,Chisago County                ,10,10,1656249,0,0,0,0,0,0,0,0,0,9,9,1465007,0,0,0,0,0,0,0,0,0
201502,27,027,2,4,Clay County                   ,1,1,173333,0,0,0,0,0,0,0,0,0,0,0,0,0,0,0,0,0,0,0,0,0
201502,27,037,2,4,Dakota County                 ,55,55,18087319,0,0,0,0,0,0,0,0,0,46,46,15496014,0,0,0,0,0,0,0,0,0
201502,27,053,2,4,Hennepin County               ,108,108,44607072,1,2,305000,0,0,0,0,0,0,103,103,41783926,1,2,305000,0,0,0,0,0,0
201502,27,059,2,4,Isanti County                 ,4,4,785693,0,0,0,0,0,0,0,0,0,3,3,600000,0,0,0,0,0,0,0,0,0
201502,27,123,2,4,Ramsey County                 ,11,11,3665737,0,0,0,0,0,0,1,136,21300000,8,8,2210619,0,0,0,0,0,0,1,136,21300000
201502,27,139,2,4,Scott County                  ,18,18,5610185,0,0,0,0,0,0,0,0,0,14,14,4263851,0,0,0,0,0,0,0,0,0
201502,27,141,2,4,Sherburne County              ,7,7,1985949,0,0,0,0,0,0,0,0,0,7,7,1985949,0,0,0,0,0,0,0,0,0
201502,27,163,2,4,Washington County             ,39,39,13582508,0,0,0,0,0,0,0,0,0,37,37,12682952,0,0,0,0,0,0,0,0,0
201502,27,171,2,4,Wright County                 ,25,25,7120101,0,0,0,0,0,0,0,0,0,25,25,7120101,0,0,0,0,0,0,0,0,0
201502,28,033,3,6,DeSoto County                 ,65,65,9775635,0,0,0,0,0,0,0,0,0,36,36,4865430,0,0,0,0,0,0,0,0,0
201502,28,041,3,6,Greene County                 ,0,0,0,0,0,0,0,0,0,0,0,0,0,0,0,0,0,0,0,0,0,0,0,0
201502,28,045,3,6,Hancock County                ,24,24,3713196,1,2,185179,1,3,301084,1,13,1100615,0,0,0,0,0,0,0,0,0,0,0,0
201502,28,047,3,6,Harrison County               ,57,57,9036998,1,2,245000,0,0,0,0,0,0,49,49,8128190,0,0,0,0,0,0,0,0,0
201502,28,067,3,6,Jones County                  ,1,1,168000,0,0,0,0,0,0,0,0,0,1,1,168000,0,0,0,0,0,0,0,0,0
201502,28,137,3,6,Tate County                   ,3,3,750000,0,0,0,0,0,0,0,0,0,3,3,750000,0,0,0,0,0,0,0,0,0
201502,28,143,3,6,Tunica County                 ,1,1,80320,0,0,0,0,0,0,0,0,0,0,0,0,0,0,0,0,0,0,0,0,0
201502,28,145,3,6,Union County                  ,0,0,0,0,0,0,0,0,0,0,0,0,0,0,0,0,0,0,0,0,0,0,0,0
201502,28,149,3,6,Warren County                 ,0,0,0,0,0,0,0,0,0,0,0,0,0,0,0,0,0,0,0,0,0,0,0,0
201502,29,013,2,4,Bates County                  ,0,0,0,0,0,0,0,0,0,0,0,0,0,0,0,0,0,0,0,0,0,0,0,0
201502,29,019,2,4,Boone County                  ,40,40,8079066,0,0,0,0,0,0,0,0,0,40,40,8079066,0,0,0,0,0,0,0,0,0
201502,29,049,2,4,Clinton County                ,1,1,218380,0,0,0,0,0,0,0,0,0,0,0,0,0,0,0,0,0,0,0,0,0
201502,29,065,2,4,Dent County                   ,0,0,0,0,0,0,0,0,0,0,0,0,0,0,0,0,0,0,0,0,0,0,0,0
201502,29,071,2,4,Franklin County               ,25,25,3123306,0,0,0,0,0,0,0,0,0,24,24,2903049,0,0,0,0,0,0,0,0,0
201502,29,095,2,4,Jackson County                ,88,88,17606155,2,4,392000,2,8,733456,1,46,3706828,86,86,17236688,2,4,392000,2,8,733456,1,46,3706828
201502,29,099,2,4,Jefferson County              ,38,38,4745754,0,0,0,0,0,0,0,0,0,37,37,4604030,0,0,0,0,0,0,0,0,0
201502,29,105,2,4,Laclede County                ,3,3,455000,0,0,0,0,0,0,0,0,0,3,3,455000,0,0,0,0,0,0,0,0,0
201502,29,107,2,4,Lafayette County              ,2,2,440513,0,0,0,0,0,0,0,0,0,0,0,0,0,0,0,0,0,0,0,0,0
201502,29,113,2,4,Lincoln County                ,8,8,671000,0,0,0,4,16,1752000,4,26,2847000,8,8,671000,0,0,0,4,16,1752000,4,26,2847000
201502,29,165,2,4,Platte County                 ,16,16,4840041,0,0,0,1,3,330000,0,0,0,16,16,4840041,0,0,0,1,3,330000,0,0,0
201502,29,185,2,4,St. Clair County              ,0,0,0,0,0,0,0,0,0,0,0,0,0,0,0,0,0,0,0,0,0,0,0,0
201502,29,189,2,4,St. Louis County              ,47,47,21769746,0,0,0,0,0,0,0,0,0,26,26,13514266,0,0,0,0,0,0,0,0,0
201502,29,219,2,4,Warren County                 ,5,5,1146000,0,0,0,0,0,0,0,0,0,5,5,1146000,0,0,0,0,0,0,0,0,0
201502,29,221,2,4,Washington County             ,0,0,0,0,0,0,0,0,0,0,0,0,0,0,0,0,0,0,0,0,0,0,0,0
201502,29,510,2,4,St. Louis (Independent City)  ,2,2,466000,0,0,0,0,0,0,0,0,0,2,2,466000,0,0,0,0,0,0,0,0,0
201502,30,033,4,8,Garfield County               ,1,1,150000,0,0,0,0,0,0,0,0,0,1,1,150000,0,0,0,0,0,0,0,0,0
201502,30,063,4,8,Missoula County               ,13,13,2484082,0,0,0,0,0,0,4,97,3637372,13,13,2484082,0,0,0,0,0,0,4,97,3637372
201502,30,093,4,8,Silver Bow County             ,0,0,0,1,2,99406,1,4,158700,0,0,0,0,0,0,1,2,99406,1,4,158700,0,0,0
201502,31,001,2,4,Adams County                  ,2,2,431071,0,0,0,0,0,0,0,0,0,0,0,0,0,0,0,0,0,0,0,0,0
201502,31,025,2,4,Cass County                   ,7,7,1153222,0,0,0,0,0,0,0,0,0,7,7,1153222,0,0,0,0,0,0,0,0,0
201502,31,033,2,4,Cheyenne County               ,1,1,125000,0,0,0,0,0,0,0,0,0,1,1,125000,0,0,0,0,0,0,0,0,0
201502,31,055,2,4,Douglas County                ,100,100,13694706,0,0,0,0,0,0,2,91,7307761,97,97,12905920,0,0,0,0,0,0,2,91,7307761
201502,31,105,2,4,Kimball County                ,0,0,0,0,0,0,0,0,0,0,0,0,0,0,0,0,0,0,0,0,0,0,0,0
201502,31,153,2,4,Sarpy County                  ,73,73,21366080,0,0,0,0,0,0,0,0,0,73,73,21366080,0,0,0,0,0,0,0,0,0
201502,31,165,2,4,Sioux County                  ,0,0,0,0,0,0,0,0,0,0,0,0,0,0,0,0,0,0,0,0,0,0,0,0
201502,31,177,2,4,Washington County             ,0,0,0,0,0,0,0,0,0,0,0,0,0,0,0,0,0,0,0,0,0,0,0,0
201502,32,001,4,8,Churchill County              ,1,1,203355,0,0,0,0,0,0,0,0,0,1,1,203355,0,0,0,0,0,0,0,0,0
201502,32,003,4,8,Clark County                  ,698,698,135052626,0,0,0,0,0,0,39,588,31966667,698,698,135052626,0,0,0,0,0,0,39,588,31966667
201502,32,005,4,8,Douglas County                ,7,7,2504897,0,0,0,0,0,0,0,0,0,7,7,2504897,0,0,0,0,0,0,0,0,0
201502,32,007,4,8,Elko County                   ,22,22,2863422,0,0,0,0,0,0,0,0,0,22,22,2863422,0,0,0,0,0,0,0,0,0
201502,32,013,4,8,Humboldt County               ,0,0,0,0,0,0,0,0,0,0,0,0,0,0,0,0,0,0,0,0,0,0,0,0
201502,32,015,4,8,Lander County                 ,0,0,0,0,0,0,0,0,0,0,0,0,0,0,0,0,0,0,0,0,0,0,0,0
201502,32,017,4,8,Lincoln County                ,1,1,262154,0,0,0,0,0,0,0,0,0,1,1,262154,0,0,0,0,0,0,0,0,0
201502,32,019,4,8,Lyon County                   ,12,12,2133766,0,0,0,0,0,0,0,0,0,12,12,2133766,0,0,0,0,0,0,0,0,0
201502,32,021,4,8,Mineral County                ,0,0,0,0,0,0,0,0,0,0,0,0,0,0,0,0,0,0,0,0,0,0,0,0
201502,32,027,4,8,Pershing County               ,0,0,0,0,0,0,0,0,0,0,0,0,0,0,0,0,0,0,0,0,0,0,0,0
201502,32,029,4,8,Storey County                 ,0,0,0,0,0,0,0,0,0,0,0,0,0,0,0,0,0,0,0,0,0,0,0,0
201502,32,031,4,8,Washoe County                 ,111,111,26807627,0,0,0,0,0,0,1,43,6178964,57,57,13393796,0,0,0,0,0,0,0,0,0
201502,32,033,4,8,White Pine County             ,1,1,253785,0,0,0,0,0,0,0,0,0,1,1,253785,0,0,0,0,0,0,0,0,0
201502,32,510,4,8,Carson City (Independent City),1,1,322874,0,0,0,0,0,0,0,0,0,1,1,322874,0,0,0,0,0,0,0,0,0
201502,33,015,1,1,Rockingham County             ,21,21,5003628,1,2,250000,0,0,0,0,0,0,16,16,3928340,0,0,0,0,0,0,0,0,0
201502,33,017,1,1,Strafford County              ,8,8,1275207,0,0,0,0,0,0,2,17,1728407,5,5,746000,0,0,0,0,0,0,1,8,745000
201502,34,001,1,2,Atlantic County               ,23,23,5905161,0,0,0,0,0,0,1,5,1098352,16,16,4975226,0,0,0,0,0,0,0,0,0
201502,34,003,1,2,Bergen County                 ,29,29,10140033,6,12,2509872,0,0,0,11,86,6032923,10,10,4264822,5,10,2179500,0,0,0,1,5,54000
201502,34,005,1,2,Burlington County             ,34,34,6487598,0,0,0,0,0,0,1,5,249032,24,24,4889951,0,0,0,0,0,0,0,0,0
201502,34,007,1,2,Camden County                 ,26,26,4410593,1,2,3500,0,0,0,3,22,1378949,17,17,3491361,1,2,3500,0,0,0,0,0,0
201502,34,009,1,2,Cape May County               ,39,39,16973858,7,14,2329750,0,0,0,0,0,0,39,39,16973858,7,14,2329750,0,0,0,0,0,0
201502,34,011,1,2,Cumberland County             ,9,9,977518,0,0,0,0,0,0,0,0,0,0,0,0,0,0,0,0,0,0,0,0,0
201502,34,013,1,2,Essex County                  ,11,11,2401849,0,0,0,0,0,0,7,85,11991022,2,2,948100,0,0,0,0,0,0,3,60,10374446
201502,34,015,1,2,Gloucester County             ,25,25,2707085,0,0,0,0,0,0,0,0,0,21,21,2350270,0,0,0,0,0,0,0,0,0
201502,34,017,1,2,Hudson County                 ,6,6,641731,1,2,790000,4,13,1530697,3,61,5148804,4,4,424500,1,2,790000,2,7,1074192,0,0,0
201502,34,019,1,2,Hunterdon County              ,10,10,1709526,0,0,0,0,0,0,1,5,203395,10,10,1709526,0,0,0,0,0,0,0,0,0
201502,34,021,1,2,Mercer County                 ,7,7,2582485,0,0,0,0,0,0,2,19,1665461,5,5,2174088,0,0,0,0,0,0,1,11,1101600
201502,34,023,1,2,Middlesex County              ,36,36,6360262,0,0,0,0,0,0,2,25,1077356,30,30,5559530,0,0,0,0,0,0,0,0,0
201502,34,025,1,2,Monmouth County               ,54,54,11004105,0,0,0,0,0,0,2,13,1114283,37,37,8181438,0,0,0,0,0,0,0,0,0
201502,34,027,1,2,Morris County                 ,55,55,6781174,0,0,0,0,0,0,4,49,3117178,39,39,3705310,0,0,0,0,0,0,0,0,0
201502,34,029,1,2,Ocean County                  ,126,126,24940017,2,4,379304,0,0,0,6,72,12275313,110,110,22743912,0,0,0,0,0,0,6,72,12275313
201502,34,031,1,2,Passaic County                ,5,5,773924,1,2,160746,0,0,0,2,13,1193377,2,2,258824,0,0,0,0,0,0,0,0,0
201502,34,033,1,2,Salem County                  ,0,0,0,0,0,0,0,0,0,0,0,0,0,0,0,0,0,0,0,0,0,0,0,0
201502,34,035,1,2,Somerset County               ,28,28,5654467,0,0,0,0,0,0,2,28,1664700,25,25,5413264,0,0,0,0,0,0,0,0,0
201502,34,037,1,2,Sussex County                 ,6,6,1233409,0,0,0,0,0,0,1,5,181892,3,3,590200,0,0,0,0,0,0,0,0,0
201502,34,039,1,2,Union County                  ,22,22,6164744,4,8,551502,0,0,0,7,66,2562824,8,8,4311200,4,8,551502,0,0,0,2,30,1276077
201502,34,041,1,2,Warren County                 ,5,5,629700,0,0,0,0,0,0,1,5,215894,0,0,0,0,0,0,0,0,0,0,0,0
201502,35,000,4,8,New Mexico Balance of State   ,17,17,3962304,0,0,0,0,0,0,0,0,0,17,17,3962304,0,0,0,0,0,0,0,0,0
201502,35,001,4,8,Bernalillo County             ,57,57,14634309,0,0,0,0,0,0,0,0,0,57,57,14634309,0,0,0,0,0,0,0,0,0
201502,35,005,4,8,Chaves County                 ,4,4,902710,0,0,0,0,0,0,0,0,0,4,4,902710,0,0,0,0,0,0,0,0,0
201502,35,007,4,8,Colfax County                 ,1,1,402782,0,0,0,0,0,0,0,0,0,0,0,0,0,0,0,0,0,0,0,0,0
201502,35,009,4,8,Curry County                  ,7,7,1633760,0,0,0,0,0,0,0,0,0,7,7,1633760,0,0,0,0,0,0,0,0,0
201502,35,013,4,8,Dona Ana County               ,40,40,7574000,0,0,0,1,4,550000,0,0,0,40,40,7574000,0,0,0,1,4,550000,0,0,0
201502,35,015,4,8,Eddy County                   ,9,9,1357122,0,0,0,0,0,0,0,0,0,9,9,1357122,0,0,0,0,0,0,0,0,0
201502,35,017,4,8,Grant County                  ,1,1,126000,0,0,0,0,0,0,0,0,0,1,1,126000,0,0,0,0,0,0,0,0,0
201502,35,025,4,8,Lea County                    ,11,11,2290866,0,0,0,0,0,0,0,0,0,11,11,2290866,0,0,0,0,0,0,0,0,0
201502,35,027,4,8,Lincoln County                ,4,4,894279,0,0,0,0,0,0,0,0,0,0,0,0,0,0,0,0,0,0,0,0,0
201502,35,028,4,8,Los Alamos County             ,0,0,0,1,2,400000,0,0,0,0,0,0,0,0,0,0,0,0,0,0,0,0,0,0
201502,35,029,4,8,Luna County                   ,0,0,0,0,0,0,0,0,0,0,0,0,0,0,0,0,0,0,0,0,0,0,0,0
201502,35,031,4,8,McKinley County               ,0,0,0,0,0,0,0,0,0,0,0,0,0,0,0,0,0,0,0,0,0,0,0,0
201502,35,035,4,8,Otero County                  ,0,0,0,0,0,0,0,0,0,0,0,0,0,0,0,0,0,0,0,0,0,0,0,0
201502,35,039,4,8,Rio Arriba County             ,0,0,0,0,0,0,0,0,0,0,0,0,0,0,0,0,0,0,0,0,0,0,0,0
201502,35,041,4,8,Roosevelt County              ,1,1,156000,0,0,0,0,0,0,0,0,0,1,1,156000,0,0,0,0,0,0,0,0,0
201502,35,043,4,8,Sandoval County               ,64,64,11833682,1,2,283271,1,4,335413,1,5,208333,0,0,0,0,0,0,0,0,0,0,0,0
201502,35,045,4,8,San Juan County               ,6,6,1523595,0,0,0,0,0,0,0,0,0,6,6,1523595,0,0,0,0,0,0,0,0,0
201502,35,047,4,8,San Miguel County             ,0,0,0,0,0,0,0,0,0,0,0,0,0,0,0,0,0,0,0,0,0,0,0,0
201502,35,049,4,8,Santa Fe County               ,11,11,2630273,0,0,0,0,0,0,0,0,0,11,11,2630273,0,0,0,0,0,0,0,0,0
201502,35,051,4,8,Sierra County                 ,0,0,0,0,0,0,0,0,0,0,0,0,0,0,0,0,0,0,0,0,0,0,0,0
201502,35,053,4,8,Socorro County                ,0,0,0,0,0,0,0,0,0,0,0,0,0,0,0,0,0,0,0,0,0,0,0,0
201502,35,055,4,8,Taos County                   ,3,3,328968,0,0,0,0,0,0,0,0,0,0,0,0,0,0,0,0,0,0,0,0,0
201502,35,061,4,8,Valencia County               ,6,6,650472,0,0,0,0,0,0,0,0,0,0,0,0,0,0,0,0,0,0,0,0,0
201502,36,001,1,2,Albany County                 ,13,13,3359230,0,0,0,0,0,0,1,50,11880000,12,12,3190063,0,0,0,0,0,0,1,50,11880000
201502,36,005,1,2,Bronx County                  ,0,0,0,0,0,0,0,0,0,2,69,6811680,0,0,0,0,0,0,0,0,0,2,69,6811680
201502,36,029,1,2,Erie County                   ,45,45,11396641,1,2,173400,0,0,0,2,107,8288000,36,36,8424040,0,0,0,0,0,0,1,101,8000000
201502,36,047,1,2,Kings County                  ,0,0,0,0,0,0,0,0,0,14,365,36032800,0,0,0,0,0,0,0,0,0,14,365,36032800
201502,36,051,1,2,Livingston County             ,1,1,53000,0,0,0,0,0,0,0,0,0,1,1,53000,0,0,0,0,0,0,0,0,0
201502,36,055,1,2,Monroe County                 ,23,23,5522115,0,0,0,0,0,0,0,0,0,20,20,4611959,0,0,0,0,0,0,0,0,0
201502,36,059,1,2,Nassau County                 ,23,23,10276644,0,0,0,0,0,0,0,0,0,9,9,7164887,0,0,0,0,0,0,0,0,0
201502,36,061,1,2,New York County               ,0,0,0,0,0,0,0,0,0,3,231,22804320,0,0,0,0,0,0,0,0,0,3,231,22804320
201502,36,063,1,2,Niagara County                ,6,6,2139000,0,0,0,0,0,0,0,0,0,6,6,2139000,0,0,0,0,0,0,0,0,0
201502,36,069,1,2,Ontario County                ,8,8,1918888,0,0,0,0,0,0,0,0,0,6,6,1560000,0,0,0,0,0,0,0,0,0
201502,36,073,1,2,Orleans County                ,0,0,0,0,0,0,0,0,0,0,0,0,0,0,0,0,0,0,0,0,0,0,0,0
201502,36,079,1,2,Putnam County                 ,0,0,0,0,0,0,0,0,0,1,5,611046,0,0,0,0,0,0,0,0,0,0,0,0
201502,36,081,1,2,Queens County                 ,6,6,1448558,9,18,2214027,8,25,2701600,7,158,15597760,6,6,1448558,9,18,2214027,8,25,2701600,7,158,15597760
201502,36,083,1,2,Rensselaer County             ,4,4,661434,0,0,0,0,0,0,1,5,385417,0,0,0,0,0,0,0,0,0,0,0,0
201502,36,085,1,2,Richmond County               ,2,2,482853,9,18,2214027,0,0,0,0,0,0,2,2,482853,9,18,2214027,0,0,0,0,0,0
201502,36,087,1,2,Rockland County               ,2,2,559888,1,2,226164,1,3,288104,2,18,1766193,1,1,326000,0,0,0,0,0,0,1,10,1000000
201502,36,091,1,2,Saratoga County               ,21,21,5583160,0,0,0,0,0,0,2,62,1125000,15,15,4388307,0,0,0,0,0,0,1,57,750000
201502,36,093,1,2,Schenectady County            ,2,2,343865,0,0,0,0,0,0,0,0,0,1,1,211300,0,0,0,0,0,0,0,0,0
201502,36,095,1,2,Schoharie County              ,0,0,0,0,0,0,0,0,0,0,0,0,0,0,0,0,0,0,0,0,0,0,0,0
201502,36,099,1,2,Seneca County                 ,1,1,250000,0,0,0,0,0,0,0,0,0,1,1,250000,0,0,0,0,0,0,0,0,0
201502,36,117,1,2,Wayne County                  ,4,4,753750,0,0,0,0,0,0,0,0,0,3,3,584000,0,0,0,0,0,0,0,0,0
201502,36,119,1,2,Westchester County            ,10,10,5148247,0,0,0,0,0,0,0,0,0,7,7,3943000,0,0,0,0,0,0,0,0,0
201502,37,007,3,5,Anson County                  ,2,2,299730,0,0,0,0,0,0,0,0,0,0,0,0,0,0,0,0,0,0,0,0,0
201502,37,011,3,5,Avery County                  ,0,0,0,0,0,0,0,0,0,0,0,0,0,0,0,0,0,0,0,0,0,0,0,0
201502,37,015,3,5,Bertie County                 ,4,4,736800,0,0,0,0,0,0,0,0,0,4,4,736800,0,0,0,0,0,0,0,0,0
201502,37,025,3,5,Cabarrus County               ,73,73,10073569,0,0,0,0,0,0,0,0,0,73,73,10073569,0,0,0,0,0,0,0,0,0
201502,37,033,3,5,Caswell County                ,2,2,414425,0,0,0,0,0,0,0,0,0,2,2,414425,0,0,0,0,0,0,0,0,0
201502,37,037,3,5,Chatham County                ,38,38,8901100,0,0,0,0,0,0,0,0,0,38,38,8901100,0,0,0,0,0,0,0,0,0
201502,37,051,3,5,Cumberland County             ,43,43,8018484,0,0,0,0,0,0,0,0,0,43,43,8018484,0,0,0,0,0,0,0,0,0
201502,37,053,3,5,Currituck County              ,21,21,5997216,0,0,0,0,0,0,0,0,0,21,21,5997216,0,0,0,0,0,0,0,0,0
201502,37,059,3,5,Davie County                  ,2,2,600000,0,0,0,0,0,0,0,0,0,2,2,600000,0,0,0,0,0,0,0,0,0
201502,37,063,3,5,Durham County                 ,97,97,17780915,0,0,0,0,0,0,4,280,15940640,0,0,0,0,0,0,0,0,0,0,0,0
201502,37,069,3,5,Franklin County               ,16,16,3110594,0,0,0,0,0,0,0,0,0,16,16,3110594,0,0,0,0,0,0,0,0,0
201502,37,071,3,5,Gaston County                 ,79,79,19339592,0,0,0,0,0,0,3,15,2067154,79,79,19339592,0,0,0,0,0,0,3,15,2067154
201502,37,081,3,5,Guilford County               ,89,89,24280566,0,0,0,0,0,0,0,0,0,89,89,24280566,0,0,0,0,0,0,0,0,0
201502,37,089,3,5,Henderson County              ,23,23,6619440,0,0,0,0,0,0,0,0,0,23,23,6619440,0,0,0,0,0,0,0,0,0
201502,37,093,3,5,Hoke County                   ,11,11,2371536,0,0,0,0,0,0,0,0,0,11,11,2371536,0,0,0,0,0,0,0,0,0
201502,37,097,3,5,Iredell County                ,91,91,27160889,0,0,0,0,0,0,0,0,0,91,91,27160889,0,0,0,0,0,0,0,0,0
201502,37,101,3,5,Johnston County               ,102,102,16604132,0,0,0,0,0,0,0,0,0,101,101,16435173,0,0,0,0,0,0,0,0,0
201502,37,119,3,5,Mecklenburg County            ,320,320,68990145,10,20,5717510,0,0,0,37,841,61947555,320,320,68990145,10,20,5717510,0,0,0,37,841,61947555
201502,37,133,3,5,Onslow County                 ,50,50,6261337,0,0,0,1,4,314720,0,0,0,50,50,6261337,0,0,0,1,4,314720,0,0,0
201502,37,135,3,5,Orange County                 ,20,20,6135290,0,0,0,0,0,0,1,9,1979322,17,17,5335463,0,0,0,0,0,0,0,0,0
201502,37,145,3,5,Person County                 ,2,2,140000,0,0,0,0,0,0,0,0,0,2,2,140000,0,0,0,0,0,0,0,0,0
201502,37,151,3,5,Randolph County               ,13,13,3191812,0,0,0,0,0,0,0,0,0,13,13,3191812,0,0,0,0,0,0,0,0,0
201502,37,157,3,5,Rockingham County             ,7,7,1339294,0,0,0,0,0,0,0,0,0,7,7,1339294,0,0,0,0,0,0,0,0,0
201502,37,179,3,5,Union County                  ,105,105,18607341,0,0,0,0,0,0,0,0,0,105,105,18607341,0,0,0,0,0,0,0,0,0
201502,37,181,3,5,Vance County                  ,2,2,297334,0,0,0,0,0,0,0,0,0,0,0,0,0,0,0,0,0,0,0,0,0
201502,37,183,3,5,Wake County                   ,416,416,97806232,7,14,1318171,0,0,0,9,427,37742457,339,339,81680376,7,14,1318171,0,0,0,8,422,37451328
201502,37,195,3,5,Wilson County                 ,8,8,2136894,0,0,0,0,0,0,0,0,0,8,8,2136894,0,0,0,0,0,0,0,0,0
201502,39,007,2,3,Ashtabula County              ,1,1,159188,0,0,0,0,0,0,0,0,0,0,0,0,0,0,0,0,0,0,0,0,0
201502,39,015,2,3,Brown County                  ,4,4,637319,0,0,0,0,0,0,0,0,0,0,0,0,0,0,0,0,0,0,0,0,0
201502,39,017,2,3,Butler County                 ,35,35,8660019,0,0,0,0,0,0,0,0,0,32,32,8221822,0,0,0,0,0,0,0,0,0
201502,39,025,2,3,Clermont County               ,16,16,3023962,0,0,0,0,0,0,0,0,0,16,16,3023962,0,0,0,0,0,0,0,0,0
201502,39,041,2,3,Delaware County               ,54,54,12531690,0,0,0,0,0,0,0,0,0,54,54,12531690,0,0,0,0,0,0,0,0,0
201502,39,049,2,3,Franklin County               ,84,84,23945595,0,0,0,0,0,0,3,60,5073949,74,74,21569135,0,0,0,0,0,0,2,48,4428297
201502,39,055,2,3,Geauga County                 ,5,5,1327505,0,0,0,0,0,0,0,0,0,5,5,1327505,0,0,0,0,0,0,0,0,0
201502,39,085,2,3,Lake County                   ,8,8,1813531,0,0,0,0,0,0,0,0,0,7,7,1500388,0,0,0,0,0,0,0,0,0
201502,39,089,2,3,Licking County                ,14,14,2785915,0,0,0,0,0,0,0,0,0,0,0,0,0,0,0,0,0,0,0,0,0
201502,39,093,2,3,Lorain County                 ,33,33,6876151,0,0,0,0,0,0,3,28,1176000,31,31,6496434,0,0,0,0,0,0,3,28,1176000
201502,39,097,2,3,Madison County                ,4,4,801637,0,0,0,0,0,0,0,0,0,2,2,470731,0,0,0,0,0,0,0,0,0
201502,39,103,2,3,Medina County                 ,17,17,4266012,0,0,0,0,0,0,0,0,0,17,17,4266012,0,0,0,0,0,0,0,0,0
201502,39,117,2,3,Morrow County                 ,0,0,0,0,0,0,0,0,0,0,0,0,0,0,0,0,0,0,0,0,0,0,0,0
201502,39,159,2,3,Union County                  ,22,22,5178037,0,0,0,0,0,0,0,0,0,22,22,5178037,0,0,0,0,0,0,0,0,0
201502,39,165,2,3,Warren County                 ,52,52,13495666,0,0,0,2,6,564797,0,0,0,51,51,13347161,0,0,0,2,6,564797,0,0,0
201502,40,001,3,7,Adair County                  ,0,0,0,0,0,0,0,0,0,0,0,0,0,0,0,0,0,0,0,0,0,0,0,0
201502,40,017,3,7,Canadian County               ,20,20,4985248,0,0,0,0,0,0,0,0,0,15,15,3622000,0,0,0,0,0,0,0,0,0
201502,40,021,3,7,Cherokee County               ,3,3,393715,0,0,0,0,0,0,0,0,0,0,0,0,0,0,0,0,0,0,0,0,0
201502,40,027,3,7,Cleveland County              ,137,137,19071196,0,0,0,0,0,0,2,57,3538816,137,137,19071196,0,0,0,0,0,0,2,57,3538816
201502,40,029,3,7,Coal County                   ,0,0,0,0,0,0,0,0,0,0,0,0,0,0,0,0,0,0,0,0,0,0,0,0
201502,40,037,3,7,Creek County                  ,10,10,1125805,0,0,0,0,0,0,0,0,0,9,9,1064000,0,0,0,0,0,0,0,0,0
201502,40,051,3,7,Grady County                  ,6,6,1139805,0,0,0,0,0,0,0,0,0,1,1,150000,0,0,0,0,0,0,0,0,0
201502,40,055,3,7,Greer County                  ,0,0,0,0,0,0,0,0,0,0,0,0,0,0,0,0,0,0,0,0,0,0,0,0
201502,40,081,3,7,Lincoln County                ,3,3,646783,0,0,0,0,0,0,0,0,0,3,3,646783,0,0,0,0,0,0,0,0,0
201502,40,083,3,7,Logan County                  ,1,1,213000,0,0,0,0,0,0,0,0,0,1,1,213000,0,0,0,0,0,0,0,0,0
201502,40,087,3,7,McClain County                ,24,24,4711328,0,0,0,0,0,0,0,0,0,2,2,577594,0,0,0,0,0,0,0,0,0
201502,40,109,3,7,Oklahoma County               ,313,313,65151038,0,0,0,0,0,0,3,60,3308328,303,303,63507993,0,0,0,0,0,0,3,60,3308328
201502,40,111,3,7,Okmulgee County               ,0,0,0,1,2,100000,0,0,0,0,0,0,0,0,0,1,2,100000,0,0,0,0,0,0
201502,40,113,3,7,Osage County                  ,1,1,144616,0,0,0,0,0,0,0,0,0,1,1,144616,0,0,0,0,0,0,0,0,0
201502,40,117,3,7,Pawnee County                 ,1,1,75000,0,0,0,0,0,0,0,0,0,1,1,75000,0,0,0,0,0,0,0,0,0
201502,40,131,3,7,Rogers County                 ,41,41,6176496,2,4,207000,0,0,0,0,0,0,40,40,6073163,2,4,207000,0,0,0,0,0,0
201502,40,143,3,7,Tulsa County                  ,155,155,33145454,0,0,0,2,8,600000,6,36,2680169,154,154,33082454,0,0,0,2,8,600000,6,36,2680169
201502,40,145,3,7,Wagoner County                ,33,33,5496663,0,0,0,0,0,0,0,0,0,33,33,5496663,0,0,0,0,0,0,0,0,0
201502,41,000,4,9,Oregon Balance of State       ,7,7,999005,0,0,0,0,0,0,0,0,0,0,0,0,0,0,0,0,0,0,0,0,0
201502,41,005,4,9,Clackamas County              ,98,98,29046733,0,0,0,0,0,0,0,0,0,79,79,24817912,0,0,0,0,0,0,0,0,0
201502,41,019,4,9,Douglas County                ,12,12,2869679,0,0,0,0,0,0,0,0,0,12,12,2869679,0,0,0,0,0,0,0,0,0
201502,41,025,4,9,Harney County                 ,1,1,191446,0,0,0,0,0,0,0,0,0,0,0,0,0,0,0,0,0,0,0,0,0
201502,41,035,4,9,Klamath County                ,5,5,1490666,0,0,0,0,0,0,0,0,0,5,5,1490666,0,0,0,0,0,0,0,0,0
201502,41,051,4,9,Multnomah County              ,78,78,21071157,5,10,1277189,0,0,0,7,328,42025454,78,78,21071157,5,10,1277189,0,0,0,7,328,42025454
201502,41,067,4,9,Washington County             ,95,95,29064537,3,6,954807,0,0,0,2,246,34656716,95,95,29064537,3,6,954807,0,0,0,2,246,34656716
201502,41,071,4,9,Yamhill County                ,17,17,4582922,0,0,0,0,0,0,0,0,0,14,14,3838893,0,0,0,0,0,0,0,0,0
201502,42,001,1,2,Adams County                  ,8,8,1543653,0,0,0,0,0,0,0,0,0,0,0,0,0,0,0,0,0,0,0,0,0
201502,42,017,1,2,Bucks County                  ,55,55,9855391,0,0,0,0,0,0,0,0,0,50,50,8943311,0,0,0,0,0,0,0,0,0
201502,42,029,1,2,Chester County                ,53,53,8878243,0,0,0,0,0,0,0,0,18900,40,40,6525162,0,0,0,0,0,0,0,0,18900
201502,42,037,1,2,Columbia County               ,5,5,840992,0,0,0,0,0,0,0,0,0,3,3,493500,0,0,0,0,0,0,0,0,0
201502,42,041,1,2,Cumberland County             ,54,54,10620502,0,0,0,0,0,0,1,8,818950,53,53,10442456,0,0,0,0,0,0,0,0,0
201502,42,043,1,2,Dauphin County                ,16,16,3387902,0,0,0,0,0,0,1,5,580995,3,3,1004524,0,0,0,0,0,0,0,0,0
201502,42,045,1,2,Delaware County               ,7,7,1670181,0,0,0,0,0,0,0,0,0,1,1,241426,0,0,0,0,0,0,0,0,0
201502,42,055,1,2,Franklin County               ,13,13,2332338,0,0,0,0,0,0,0,0,0,9,9,1789279,0,0,0,0,0,0,0,0,0
201502,42,091,1,2,Montgomery County             ,60,60,10148649,0,0,0,0,0,0,1,5,604839,56,56,9417848,0,0,0,0,0,0,0,0,0
201502,42,093,1,2,Montour County                ,1,1,200000,0,0,0,0,0,0,0,0,0,1,1,200000,0,0,0,0,0,0,0,0,0
201502,42,099,1,2,Perry County                  ,3,3,651276,0,0,0,0,0,0,0,0,0,0,0,0,0,0,0,0,0,0,0,0,0
201502,42,101,1,2,Philadelphia County           ,75,75,18106980,1,2,200000,5,16,1218140,5,61,6825000,75,75,18106980,1,2,200000,5,16,1218140,5,61,6825000
201502,42,103,1,2,Pike County                   ,1,1,295000,0,0,0,0,0,0,0,0,0,1,1,295000,0,0,0,0,0,0,0,0,0
201502,44,001,1,1,Bristol County                ,1,1,307000,0,0,0,0,0,0,0,0,0,1,1,307000,0,0,0,0,0,0,0,0,0
201502,44,003,1,1,Kent County                   ,6,6,1369076,0,0,0,0,0,0,0,0,0,3,3,662820,0,0,0,0,0,0,0,0,0
201502,44,005,1,1,Newport County                ,3,3,1256600,0,0,0,0,0,0,0,0,0,3,3,1256600,0,0,0,0,0,0,0,0,0
201502,44,007,1,1,Providence County             ,1,1,91000,0,0,0,0,0,0,0,0,0,1,1,91000,0,0,0,0,0,0,0,0,0
201502,44,009,1,1,Washington County             ,6,6,1441787,0,0,0,0,0,0,0,0,0,2,2,347800,0,0,0,0,0,0,0,0,0
201502,45,003,3,5,Aiken County                  ,55,55,12675435,0,0,0,0,0,0,1,5,225833,23,23,5385767,0,0,0,0,0,0,0,0,0
201502,45,009,3,5,Bamberg County                ,1,1,315000,0,0,0,0,0,0,0,0,0,1,1,315000,0,0,0,0,0,0,0,0,0
201502,45,015,3,5,Berkeley County               ,105,105,29115768,0,0,0,0,0,0,0,0,0,93,93,27421462,0,0,0,0,0,0,0,0,0
201502,45,017,3,5,Calhoun County                ,0,0,0,0,0,0,0,0,0,0,0,0,0,0,0,0,0,0,0,0,0,0,0,0
201502,45,019,3,5,Charleston County             ,158,158,35067304,0,0,0,0,0,0,2,89,26753629,91,91,18626249,0,0,0,0,0,0,1,54,25000000
201502,45,035,3,5,Dorchester County             ,49,49,10731001,0,0,0,0,0,0,0,0,0,49,49,10731001,0,0,0,0,0,0,0,0,0
201502,45,037,3,5,Edgefield County              ,9,9,1716675,0,0,0,0,0,0,0,0,0,9,9,1716675,0,0,0,0,0,0,0,0,0
201502,45,039,3,5,Fairfield County              ,4,4,537993,0,0,0,0,0,0,0,0,0,1,1,190000,0,0,0,0,0,0,0,0,0
201502,45,045,3,5,Greenville County             ,165,165,44564089,0,0,0,0,0,0,9,582,55098184,165,165,44564089,0,0,0,0,0,0,9,582,55098184
201502,45,051,3,5,Horry County                  ,268,268,44692805,5,10,1349965,0,0,0,0,0,0,268,268,44692805,5,10,1349965,0,0,0,0,0,0
201502,45,055,3,5,Kershaw County                ,27,27,3844770,0,0,0,0,0,0,0,0,0,27,27,3844770,0,0,0,0,0,0,0,0,0
201502,45,059,3,5,Laurens County                ,5,5,408905,0,0,0,0,0,0,0,0,0,5,5,408905,0,0,0,0,0,0,0,0,0
201502,45,063,3,5,Lexington County              ,123,123,28420737,0,0,0,0,0,0,1,9,833641,24,24,3268079,0,0,0,0,0,0,0,0,0
201502,45,077,3,5,Pickens County                ,34,34,6395384,0,0,0,0,0,0,5,50,5209798,16,16,4320187,0,0,0,0,0,0,4,27,3237445
201502,45,079,3,5,Richland County               ,117,117,16319457,0,0,0,0,0,0,2,41,2314153,24,24,5389680,0,0,0,0,0,0,0,0,0
201502,45,081,3,5,Saluda County                 ,2,2,446696,0,0,0,0,0,0,0,0,0,2,2,446696,0,0,0,0,0,0,0,0,0
201502,45,085,3,5,Sumter County                 ,23,23,2544740,0,0,0,0,0,0,0,0,0,23,23,2544740,0,0,0,0,0,0,0,0,0
201502,45,091,3,5,York County                   ,139,139,41179287,0,0,0,0,0,0,1,10,1127425,51,51,16477597,0,0,0,0,0,0,0,0,0
201502,46,007,2,4,Bennett County                ,0,0,0,0,0,0,0,0,0,0,0,0,0,0,0,0,0,0,0,0,0,0,0,0
201502,46,055,2,4,Haakon County                 ,0,0,0,0,0,0,0,0,0,0,0,0,0,0,0,0,0,0,0,0,0,0,0,0
201502,46,071,2,4,Jackson County                ,0,0,0,0,0,0,0,0,0,0,0,0,0,0,0,0,0,0,0,0,0,0,0,0
201502,46,111,2,4,Sanborn County                ,0,0,0,0,0,0,0,0,0,0,0,0,0,0,0,0,0,0,0,0,0,0,0,0
201502,47,001,3,6,Anderson County               ,4,4,890379,0,0,0,0,0,0,0,0,0,4,4,890379,0,0,0,0,0,0,0,0,0
201502,47,015,3,6,Cannon County                 ,0,0,0,0,0,0,0,0,0,0,0,0,0,0,0,0,0,0,0,0,0,0,0,0
201502,47,021,3,6,Cheatham County               ,3,3,840000,0,0,0,0,0,0,0,0,0,3,3,840000,0,0,0,0,0,0,0,0,0
201502,47,037,3,6,Davidson County               ,275,275,58839354,0,0,0,0,0,0,1,142,11411889,275,275,58839354,0,0,0,0,0,0,1,142,11411889
201502,47,043,3,6,Dickson County                ,6,6,1371564,0,0,0,0,0,0,0,0,0,0,0,0,0,0,0,0,0,0,0,0,0
201502,47,049,3,6,Fentress County               ,0,0,0,0,0,0,0,0,0,0,0,0,0,0,0,0,0,0,0,0,0,0,0,0
201502,47,081,3,6,Hickman County                ,2,2,355120,0,0,0,0,0,0,0,0,0,0,0,0,0,0,0,0,0,0,0,0,0
201502,47,093,3,6,Knox County                   ,92,92,15886046,0,0,0,0,0,0,0,0,0,92,92,15886046,0,0,0,0,0,0,0,0,0
201502,47,105,3,6,Loudon County                 ,13,13,3302544,0,0,0,0,0,0,0,0,0,12,12,3192850,0,0,0,0,0,0,0,0,0
201502,47,125,3,6,Montgomery County             ,56,56,8240310,1,2,110000,0,0,0,1,5,441900,56,56,8240310,1,2,110000,0,0,0,1,5,441900
201502,47,139,3,6,Polk County                   ,11,11,1981365,0,0,0,0,0,0,0,0,0,0,0,0,0,0,0,0,0,0,0,0,0
201502,47,149,3,6,Rutherford County             ,144,144,27696692,0,0,0,0,0,0,3,36,3700000,139,139,26810801,0,0,0,0,0,0,3,36,3700000
201502,47,153,3,6,Sequatchie County             ,1,1,98750,0,0,0,0,0,0,0,0,0,0,0,0,0,0,0,0,0,0,0,0,0
201502,47,157,3,6,Shelby County                 ,78,78,17784568,0,0,0,0,0,0,1,12,790184,78,78,17784568,0,0,0,0,0,0,1,12,790184
201502,47,159,3,6,Smith County                  ,2,2,311529,0,0,0,0,0,0,0,0,0,2,2,311529,0,0,0,0,0,0,0,0,0
201502,47,161,3,6,Stewart County                ,0,0,0,0,0,0,0,0,0,0,0,0,0,0,0,0,0,0,0,0,0,0,0,0
201502,47,165,3,6,Sumner County                 ,61,61,10985155,0,0,0,0,0,0,0,0,0,35,35,6520712,0,0,0,0,0,0,0,0,0
201502,47,167,3,6,Tipton County                 ,7,7,1154986,0,0,0,0,0,0,0,0,0,3,3,615900,0,0,0,0,0,0,0,0,0
201502,47,169,3,6,Trousdale County              ,2,2,192000,0,0,0,1,3,220000,0,0,0,2,2,192000,0,0,0,1,3,220000,0,0,0
201502,47,173,3,6,Union County                  ,2,2,280000,0,0,0,0,0,0,0,0,0,2,2,280000,0,0,0,0,0,0,0,0,0
201502,47,175,3,6,Van Buren County              ,0,0,0,0,0,0,0,0,0,0,0,0,0,0,0,0,0,0,0,0,0,0,0,0
201502,47,189,3,6,Wilson County                 ,61,61,14508377,0,0,0,0,0,0,1,16,1213000,61,61,14508377,0,0,0,0,0,0,1,16,1213000
201502,48,013,3,7,Atascosa County               ,5,5,735818,0,0,0,0,0,0,0,0,0,0,0,0,0,0,0,0,0,0,0,0,0
201502,48,015,3,7,Austin County                 ,2,2,308649,0,0,0,0,0,0,0,0,0,0,0,0,0,0,0,0,0,0,0,0,0
201502,48,019,3,7,Bandera County                ,0,0,0,0,0,0,0,0,0,0,0,0,0,0,0,0,0,0,0,0,0,0,0,0
201502,48,021,3,7,Bastrop County                ,4,4,376615,2,4,360000,0,0,0,0,0,0,4,4,376615,2,4,360000,0,0,0,0,0,0
201502,48,025,3,7,Bee County                    ,0,0,0,0,0,0,0,0,0,0,0,0,0,0,0,0,0,0,0,0,0,0,0,0
201502,48,027,3,7,Bell County                   ,126,126,20751490,10,20,1547800,0,0,0,0,0,0,79,79,12411237,10,20,1547800,0,0,0,0,0,0
201502,48,029,3,7,Bexar County                  ,282,282,60878840,1,2,161200,0,0,0,20,101,9002475,245,245,54780725,1,2,161200,0,0,0,19,95,7723880
201502,48,051,3,7,Burleson County               ,1,1,114200,0,0,0,0,0,0,0,0,0,0,0,0,0,0,0,0,0,0,0,0,0
201502,48,055,3,7,Caldwell County               ,1,1,65000,0,0,0,0,0,0,0,0,0,1,1,65000,0,0,0,0,0,0,0,0,0
201502,48,085,3,7,Collin County                 ,552,552,174158416,0,0,0,0,0,0,4,245,21000000,543,543,170390176,0,0,0,0,0,0,4,245,21000000
201502,48,091,3,7,Comal County                  ,91,91,19613479,4,8,887195,0,0,0,0,0,0,91,91,19613479,4,8,887195,0,0,0,0,0,0
201502,48,099,3,7,Coryell County                ,5,5,675257,0,0,0,0,0,0,0,0,0,0,0,0,0,0,0,0,0,0,0,0,0
201502,48,107,3,7,Crosby County                 ,1,1,67000,0,0,0,0,0,0,0,0,0,0,0,0,0,0,0,0,0,0,0,0,0
201502,48,113,3,7,Dallas County                 ,358,358,98908120,7,14,3530056,10,38,1768000,50,2091,97530201,341,341,94816218,7,14,3530056,10,38,1768000,46,2050,92719410
201502,48,119,3,7,Delta County                  ,0,0,0,0,0,0,0,0,0,0,0,0,0,0,0,0,0,0,0,0,0,0,0,0
201502,48,135,3,7,Ector County                  ,30,30,5632535,0,0,0,0,0,0,0,0,0,30,30,5632535,0,0,0,0,0,0,0,0,0
201502,48,139,3,7,Ellis County                  ,67,67,13157306,0,0,0,0,0,0,0,0,0,67,67,13157306,0,0,0,0,0,0,0,0,0
201502,48,141,3,7,El Paso County                ,145,145,22795962,2,4,385971,0,0,0,1,7,89878,130,130,21184949,2,4,385971,0,0,0,1,7,89878
201502,48,157,3,7,Fort Bend County              ,648,648,80088178,1,2,184162,0,0,0,14,150,12847259,84,84,25321246,0,0,0,0,0,0,12,120,11158362
201502,48,167,3,7,Galveston County              ,188,188,39203295,0,0,0,0,0,0,0,0,0,156,156,33070494,0,0,0,0,0,0,0,0,0
201502,48,185,3,7,Grimes County                 ,0,0,0,0,0,0,0,0,0,0,0,0,0,0,0,0,0,0,0,0,0,0,0,0
201502,48,187,3,7,Guadalupe County              ,59,59,14194334,0,0,0,0,0,0,0,0,0,53,53,13168436,0,0,0,0,0,0,0,0,0
201502,48,193,3,7,Hamilton County               ,0,0,0,0,0,0,0,0,0,0,0,0,0,0,0,0,0,0,0,0,0,0,0,0
201502,48,195,3,7,Hansford County               ,0,0,0,0,0,0,0,0,0,0,0,0,0,0,0,0,0,0,0,0,0,0,0,0
201502,48,201,3,7,Harris County                 ,1305,1305,242618908,6,12,1306858,0,0,0,27,1439,239061708,1286,1286,233241603,6,12,1306858,0,0,0,27,1439,239061708
201502,48,211,3,7,Hemphill County               ,0,0,0,0,0,0,0,0,0,0,0,0,0,0,0,0,0,0,0,0,0,0,0,0
201502,48,215,3,7,Hidalgo County                ,203,203,33135892,0,0,0,1,4,250000,2,11,604160,194,194,32293962,0,0,0,1,4,250000,2,11,604160
201502,48,233,3,7,Hutchinson County             ,0,0,0,0,0,0,0,0,0,0,0,0,0,0,0,0,0,0,0,0,0,0,0,0
201502,48,251,3,7,Johnson County                ,38,38,6933729,0,0,0,0,0,0,0,0,0,9,9,1351000,0,0,0,0,0,0,0,0,0
201502,48,257,3,7,Kaufman County                ,7,7,1037666,0,0,0,0,0,0,0,0,0,5,5,854940,0,0,0,0,0,0,0,0,0
201502,48,259,3,7,Kendall County                ,11,11,2714033,0,0,0,0,0,0,0,0,0,11,11,2714033,0,0,0,0,0,0,0,0,0
201502,48,271,3,7,Kinney County                 ,0,0,0,0,0,0,0,0,0,0,0,0,0,0,0,0,0,0,0,0,0,0,0,0
201502,48,281,3,7,Lampasas County               ,14,14,138586,1,2,167632,0,0,0,1,7,493562,0,0,0,0,0,0,0,0,0,0,0,0
201502,48,291,3,7,Liberty County                ,20,20,1689000,0,0,0,0,0,0,0,0,0,20,20,1689000,0,0,0,0,0,0,0,0,0
201502,48,303,3,7,Lubbock County                ,81,81,18025703,3,6,656113,0,0,0,8,106,6478123,0,0,0,0,0,0,0,0,0,0,0,0
201502,48,323,3,7,Maverick County               ,5,5,563010,0,0,0,0,0,0,0,0,0,5,5,563010,0,0,0,0,0,0,0,0,0
201502,48,325,3,7,Medina County                 ,1,1,169758,0,0,0,0,0,0,0,0,0,0,0,0,0,0,0,0,0,0,0,0,0
201502,48,329,3,7,Midland County                ,79,79,15939121,0,0,0,0,0,0,0,0,0,79,79,15939121,0,0,0,0,0,0,0,0,0
201502,48,339,3,7,Montgomery County             ,482,482,102258818,0,0,0,0,0,0,2,310,37072972,476,476,100492712,0,0,0,0,0,0,2,310,37072972
201502,48,367,3,7,Parker County                 ,30,30,7456739,0,0,0,0,0,0,1,5,530599,27,27,7116047,0,0,0,0,0,0,0,0,0
201502,48,375,3,7,Potter County                 ,53,53,13192412,0,0,0,0,0,0,0,0,0,53,53,13192412,0,0,0,0,0,0,0,0,0
201502,48,383,3,7,Reagan County                 ,0,0,0,0,0,0,0,0,0,0,0,0,0,0,0,0,0,0,0,0,0,0,0,0
201502,48,385,3,7,Real County                   ,0,0,0,0,0,0,0,0,0,0,0,0,0,0,0,0,0,0,0,0,0,0,0,0
201502,48,395,3,7,Robertson County              ,7,7,1339265,0,0,0,0,0,0,0,0,0,5,5,1077971,0,0,0,0,0,0,0,0,0
201502,48,397,3,7,Rockwall County               ,78,78,24058246,0,0,0,0,0,0,0,0,0,78,78,24058246,0,0,0,0,0,0,0,0,0
201502,48,407,3,7,San Jacinto County            ,0,0,0,0,0,0,0,0,0,0,0,0,0,0,0,0,0,0,0,0,0,0,0,0
201502,48,411,3,7,San Saba County               ,0,0,0,0,0,0,0,0,0,0,0,0,0,0,0,0,0,0,0,0,0,0,0,0
201502,48,451,3,7,Tom Green County              ,9,9,1940348,0,0,0,0,0,0,0,0,0,9,9,1940348,0,0,0,0,0,0,0,0,0
201502,48,453,3,7,Travis County                 ,438,438,93432681,11,22,2554590,0,0,0,21,802,49786467,403,403,85257250,11,22,2554590,0,0,0,20,785,48481173
201502,48,473,3,7,Waller County                 ,0,0,0,0,0,0,0,0,0,1,7,155264,0,0,0,0,0,0,0,0,0,0,0,0
201502,48,491,3,7,Williamson County             ,377,377,110249249,3,6,602840,0,0,0,0,0,0,374,374,109877197,3,6,602840,0,0,0,0,0,0
201502,48,493,3,7,Wilson County                 ,2,2,438713,0,0,0,0,0,0,0,0,0,1,1,295000,0,0,0,0,0,0,0,0,0
201502,48,497,3,7,Wise County                   ,5,5,841815,0,0,0,0,0,0,0,0,0,5,5,841815,0,0,0,0,0,0,0,0,0
201502,49,011,4,8,Davis County                  ,116,116,29648007,0,0,0,2,6,1017214,1,6,820000,112,112,28178498,0,0,0,1,3,471000,1,6,820000
201502,49,023,4,8,Juab County                   ,3,3,673585,0,0,0,0,0,0,0,0,0,2,2,627585,0,0,0,0,0,0,0,0,0
201502,49,029,4,8,Morgan County                 ,7,7,2479023,0,0,0,0,0,0,0,0,0,0,0,0,0,0,0,0,0,0,0,0,0
201502,49,035,4,8,Salt Lake County              ,177,177,44540620,0,0,0,10,35,5712178,4,53,4915080,132,132,35751764,0,0,0,9,32,5301596,0,0,0
201502,49,039,4,8,Sanpete County                ,3,3,608849,0,0,0,0,0,0,0,0,0,3,3,608849,0,0,0,0,0,0,0,0,0
201502,49,043,4,8,Summit County                 ,3,3,989000,0,0,0,0,0,0,0,0,0,3,3,989000,0,0,0,0,0,0,0,0,0
201502,49,057,4,8,Weber County                  ,51,51,11060143,0,0,0,0,0,0,0,0,0,30,30,6305816,0,0,0,0,0,0,0,0,0
201502,51,003,3,5,Albemarle County              ,34,34,6967600,0,0,0,0,0,0,0,0,0,34,34,6967600,0,0,0,0,0,0,0,0,0
201502,51,007,3,5,Amelia County                 ,0,0,0,0,0,0,0,0,0,0,0,0,0,0,0,0,0,0,0,0,0,0,0,0
201502,51,009,3,5,Amherst County                ,0,0,0,0,0,0,0,0,0,0,0,0,0,0,0,0,0,0,0,0,0,0,0,0
201502,51,013,3,5,Arlington County              ,16,16,4930088,0,0,0,0,0,0,1,79,8461375,0,0,0,0,0,0,0,0,0,0,0,0
201502,51,015,3,5,Augusta County                ,8,8,1400000,0,0,0,0,0,0,0,0,0,8,8,1400000,0,0,0,0,0,0,0,0,0
201502,51,019,3,5,Bedford County                ,13,13,3029730,0,0,0,0,0,0,0,0,0,13,13,3029730,0,0,0,0,0,0,0,0,0
201502,51,033,3,5,Caroline County               ,5,5,1010000,0,0,0,0,0,0,0,0,0,5,5,1010000,0,0,0,0,0,0,0,0,0
201502,51,036,3,5,Charles City County           ,2,2,442181,0,0,0,0,0,0,0,0,0,0,0,0,0,0,0,0,0,0,0,0,0
201502,51,037,3,5,Charlotte County              ,1,1,241400,0,0,0,0,0,0,0,0,0,1,1,241400,0,0,0,0,0,0,0,0,0
201502,51,041,3,5,Chesterfield County           ,73,73,15534224,0,0,0,0,0,0,2,12,2295072,73,73,15534224,0,0,0,0,0,0,2,12,2295072
201502,51,043,3,5,Clarke County                 ,2,2,484571,0,0,0,0,0,0,0,0,0,0,0,0,0,0,0,0,0,0,0,0,0
201502,51,049,3,5,Cumberland County             ,1,1,85000,0,0,0,0,0,0,0,0,0,1,1,85000,0,0,0,0,0,0,0,0,0
201502,51,051,3,5,Dickenson County              ,0,0,0,0,0,0,0,0,0,0,0,0,0,0,0,0,0,0,0,0,0,0,0,0
201502,51,053,3,5,Dinwiddie County              ,5,5,704351,0,0,0,0,0,0,0,0,0,0,0,0,0,0,0,0,0,0,0,0,0
201502,51,059,3,5,Fairfax County                ,39,39,8416580,0,0,0,0,0,0,0,0,0,39,39,8416580,0,0,0,0,0,0,0,0,0
201502,51,061,3,5,Fauquier County               ,9,9,2714411,0,0,0,0,0,0,0,0,0,9,9,2714411,0,0,0,0,0,0,0,0,0
201502,51,073,3,5,Gloucester County             ,6,6,1323345,0,0,0,0,0,0,0,0,0,6,6,1323345,0,0,0,0,0,0,0,0,0
201502,51,075,3,5,Goochland County              ,6,6,2025207,0,0,0,0,0,0,0,0,0,6,6,2025207,0,0,0,0,0,0,0,0,0
201502,51,085,3,5,Hanover County                ,40,40,8623768,0,0,0,0,0,0,0,0,0,40,40,8623768,0,0,0,0,0,0,0,0,0
201502,51,087,3,5,Henrico County                ,38,38,7852987,0,0,0,0,0,0,0,0,0,38,38,7852987,0,0,0,0,0,0,0,0,0
201502,51,093,3,5,Isle of Wight County          ,10,10,2414910,0,0,0,0,0,0,0,0,0,0,0,0,0,0,0,0,0,0,0,0,0
201502,51,095,3,5,James City County             ,26,26,7654031,0,0,0,0,0,0,0,0,0,26,26,7654031,0,0,0,0,0,0,0,0,0
201502,51,097,3,5,King and Queen County         ,0,0,0,0,0,0,0,0,0,0,0,0,0,0,0,0,0,0,0,0,0,0,0,0
201502,51,099,3,5,King George County            ,6,6,1754600,0,0,0,0,0,0,0,0,0,6,6,1754600,0,0,0,0,0,0,0,0,0
201502,51,107,3,5,Loudoun County                ,169,169,36435420,3,6,480000,0,0,0,2,33,150000,169,169,36435420,3,6,480000,0,0,0,2,33,150000
201502,51,109,3,5,Louisa County                 ,13,13,2087535,0,0,0,0,0,0,0,0,0,13,13,2087535,0,0,0,0,0,0,0,0,0
201502,51,115,3,5,Mathews County                ,1,1,271000,0,0,0,0,0,0,0,0,0,1,1,271000,0,0,0,0,0,0,0,0,0
201502,51,127,3,5,New Kent County               ,14,14,3018319,0,0,0,0,0,0,0,0,0,14,14,3018319,0,0,0,0,0,0,0,0,0
201502,51,139,3,5,Page County                   ,2,2,390000,0,0,0,0,0,0,0,0,0,2,2,390000,0,0,0,0,0,0,0,0,0
201502,51,145,3,5,Powhatan County               ,8,8,1724754,0,0,0,0,0,0,0,0,0,8,8,1724754,0,0,0,0,0,0,0,0,0
201502,51,149,3,5,Prince George County          ,4,4,695000,0,0,0,0,0,0,0,0,0,4,4,695000,0,0,0,0,0,0,0,0,0
201502,51,153,3,5,Prince William County         ,31,31,6683420,0,0,0,0,0,0,0,0,0,31,31,6683420,0,0,0,0,0,0,0,0,0
201502,51,165,3,5,Rockingham County             ,18,18,3300000,0,0,0,0,0,0,0,0,0,18,18,3300000,0,0,0,0,0,0,0,0,0
201502,51,175,3,5,Southampton County            ,2,2,390473,0,0,0,0,0,0,0,0,0,0,0,0,0,0,0,0,0,0,0,0,0
201502,51,177,3,5,Spotsylvania County           ,30,30,7678838,0,0,0,0,0,0,0,0,0,0,0,0,0,0,0,0,0,0,0,0,0
201502,51,179,3,5,Stafford County               ,60,60,10963360,0,0,0,0,0,0,0,0,0,60,60,10963360,0,0,0,0,0,0,0,0,0
201502,51,181,3,5,Surry County                  ,1,1,125472,0,0,0,0,0,0,0,0,0,0,0,0,0,0,0,0,0,0,0,0,0
201502,51,183,3,5,Sussex County                 ,0,0,0,0,0,0,0,0,0,0,0,0,0,0,0,0,0,0,0,0,0,0,0,0
201502,51,187,3,5,Warren County                 ,5,5,734000,0,0,0,0,0,0,0,0,0,5,5,734000,0,0,0,0,0,0,0,0,0
201502,51,199,3,5,York County                   ,5,5,2424000,0,0,0,0,0,0,0,0,0,5,5,2424000,0,0,0,0,0,0,0,0,0
201502,51,510,3,5,Alexandria (Independent City) ,5,5,1077971,0,0,0,0,0,0,0,0,0,5,5,1077971,0,0,0,0,0,0,0,0,0
201502,51,540,3,5,Charlottesville (Independent C,5,5,950357,1,2,193750,0,0,0,1,28,4110071,0,0,0,0,0,0,0,0,0,0,0,0
201502,51,550,3,5,Chesapeake(Independent City)  ,128,128,27596058,0,0,0,0,0,0,0,0,0,128,128,27596058,0,0,0,0,0,0,0,0,0
201502,51,570,3,5,Colonial Heights (Independent ,0,0,0,0,0,0,0,0,0,0,0,0,0,0,0,0,0,0,0,0,0,0,0,0
201502,51,580,3,5,Covington (Independent City)  ,0,0,0,0,0,0,0,0,0,0,0,0,0,0,0,0,0,0,0,0,0,0,0,0
201502,51,600,3,5,Fairfax (Independent City)    ,3,3,878000,0,0,0,0,0,0,0,0,0,3,3,878000,0,0,0,0,0,0,0,0,0
201502,51,610,3,5,Falls Church (Independent City,4,4,1380000,0,0,0,0,0,0,0,0,0,4,4,1380000,0,0,0,0,0,0,0,0,0
201502,51,630,3,5,Fredericksburg(Independent Cit,1,1,400000,0,0,0,0,0,0,0,0,0,1,1,400000,0,0,0,0,0,0,0,0,0
201502,51,650,3,5,Hampton (Independent City)    ,12,12,1620144,0,0,0,0,0,0,1,11,674730,0,0,0,0,0,0,0,0,0,0,0,0
201502,51,660,3,5,Harrisonburg (Independent City,4,4,496616,1,2,282500,0,0,0,0,0,0,0,0,0,0,0,0,0,0,0,0,0,0
201502,51,670,3,5,Hopewell (Independent City)   ,4,4,451238,0,0,0,0,0,0,0,0,0,4,4,451238,0,0,0,0,0,0,0,0,0
201502,51,680,3,5,Lynchburg (Independent City)  ,10,10,1605740,0,0,0,0,0,0,0,0,0,10,10,1605740,0,0,0,0,0,0,0,0,0
201502,51,683,3,5,Manassas (Independent City)   ,9,9,1268440,0,0,0,0,0,0,0,0,0,0,0,0,0,0,0,0,0,0,0,0,0
201502,51,685,3,5,Manassas Park (Independent Cit,1,1,186364,0,0,0,0,0,0,0,0,0,0,0,0,0,0,0,0,0,0,0,0,0
201502,51,700,3,5,Newport News (Independent City,8,8,668430,0,0,0,0,0,0,1,13,578001,0,0,0,0,0,0,0,0,0,0,0,0
201502,51,710,3,5,Norfolk (Independent City)    ,14,14,3018319,0,0,0,0,0,0,0,0,0,14,14,3018319,0,0,0,0,0,0,0,0,0
201502,51,730,3,5,Petersburg (Independent City) ,0,0,0,0,0,0,0,0,0,0,0,0,0,0,0,0,0,0,0,0,0,0,0,0
201502,51,735,3,5,Poquoson (Independent City)   ,0,0,0,0,0,0,0,0,0,0,0,0,0,0,0,0,0,0,0,0,0,0,0,0
201502,51,740,3,5,Portsmouth (Independent City) ,2,2,181000,0,0,0,0,0,0,0,0,0,2,2,181000,0,0,0,0,0,0,0,0,0
201502,51,760,3,5,Richmond (Independent City)   ,28,28,3206878,0,0,0,0,0,0,0,0,0,28,28,3206878,0,0,0,0,0,0,0,0,0
201502,51,800,3,5,Suffolk (Independent City)    ,17,17,3665101,0,0,0,0,0,0,0,0,0,17,17,3665101,0,0,0,0,0,0,0,0,0
201502,51,810,3,5,Virginia Beach (Independent Ci,30,30,5676376,0,0,0,1,4,800000,0,0,0,30,30,5676376,0,0,0,1,4,800000,0,0,0
201502,51,830,3,5,Williamsburg (Independent City,0,0,0,0,0,0,0,0,0,0,0,0,0,0,0,0,0,0,0,0,0,0,0,0
201502,53,005,4,9,Benton County                 ,71,71,19877498,1,2,289468,0,0,0,1,7,819370,27,27,8370225,0,0,0,0,0,0,0,0,0
201502,53,011,4,9,Clark County                  ,179,179,45243987,0,0,0,1,3,212089,12,228,16797157,171,171,43190486,0,0,0,1,3,212089,11,216,15744303
201502,53,021,4,9,Franklin County               ,18,18,4653279,5,10,1013555,0,0,0,0,0,0,0,0,0,0,0,0,0,0,0,0,0,0
201502,53,031,4,9,Jefferson County              ,7,7,1193424,0,0,0,0,0,0,0,0,0,3,3,278500,0,0,0,0,0,0,0,0,0
201502,53,033,4,9,King County                   ,293,293,100407800,18,36,6927972,10,35,8642902,27,1663,234916563,249,249,84317414,18,36,6927972,10,35,8642902,24,1617,230607262
201502,53,035,4,9,Kitsap County                 ,45,45,13251803,0,0,0,0,0,0,0,0,0,45,45,13251803,0,0,0,0,0,0,0,0,0
201502,53,053,4,9,Pierce County                 ,141,141,39260833,0,0,0,2,8,1218670,2,23,1515055,130,130,36293543,0,0,0,2,8,1218670,0,0,0
201502,53,055,4,9,San Juan County               ,6,6,1508179,0,0,0,0,0,0,0,0,0,0,0,0,0,0,0,0,0,0,0,0,0
201502,53,059,4,9,Skamania County               ,1,1,230583,0,0,0,0,0,0,0,0,0,0,0,0,0,0,0,0,0,0,0,0,0
201502,53,061,4,9,Snohomish County              ,168,168,43076451,4,8,1664688,1,4,1129684,2,314,40025113,168,168,43076451,4,8,1664688,1,4,1129684,2,314,40025113
201502,54,011,3,5,Cabell County                 ,1,1,340000,0,0,0,2,6,238932,0,0,0,1,1,340000,0,0,0,0,0,0,0,0,0
201502,54,015,3,5,Clay County                   ,0,0,0,0,0,0,0,0,0,0,0,0,0,0,0,0,0,0,0,0,0,0,0,0
201502,54,019,3,5,Fayette County                ,2,2,308678,0,0,0,0,0,0,0,0,0,0,0,0,0,0,0,0,0,0,0,0,0
201502,54,037,3,5,Jefferson County              ,12,12,2958301,0,0,0,1,4,800000,0,0,0,12,12,2958301,0,0,0,1,4,800000,0,0,0
201502,54,081,3,5,Raleigh County                ,4,4,1538760,0,0,0,0,0,0,0,0,0,4,4,1538760,0,0,0,0,0,0,0,0,0
201502,55,025,2,3,Dane County                   ,63,63,18738938,0,0,0,3,10,1327000,4,101,11078867,30,30,10217055,0,0,0,1,4,580000,0,0,0
201502,55,031,2,3,Douglas County                ,4,4,675730,0,0,0,0,0,0,0,0,0,4,4,675730,0,0,0,0,0,0,0,0,0
201502,55,037,2,3,Florence County               ,1,1,153094,0,0,0,0,0,0,0,0,0,0,0,0,0,0,0,0,0,0,0,0,0
201502,55,049,2,3,Iowa County                   ,0,0,0,0,0,0,0,0,0,0,0,0,0,0,0,0,0,0,0,0,0,0,0,0
201502,55,059,2,3,Kenosha County                ,7,7,2157900,0,0,0,0,0,0,0,0,0,7,7,2157900,0,0,0,0,0,0,0,0,0
201502,55,079,2,3,Milwaukee County              ,15,15,3530578,0,0,0,0,0,0,1,168,34000000,15,15,3530578,0,0,0,0,0,0,1,168,34000000
201502,55,089,2,3,Ozaukee County                ,7,7,2980770,0,0,0,0,0,0,0,0,0,2,2,490861,0,0,0,0,0,0,0,0,0
201502,55,093,2,3,Pierce County                 ,1,1,294000,0,0,0,0,0,0,0,0,0,1,1,294000,0,0,0,0,0,0,0,0,0
201502,55,109,2,3,St. Croix County              ,9,9,1910078,3,6,600000,0,0,0,0,0,0,7,7,1488330,3,6,600000,0,0,0,0,0,0
201502,55,131,2,3,Washington County             ,14,14,3551202,1,2,325000,0,0,0,0,0,0,11,11,2690000,0,0,0,0,0,0,0,0,0
201502,56,029,4,8,Park County                   ,13,13,3174456,0,0,0,0,0,0,0,0,0,11,11,2716460,0,0,0,0,0,0,0,0,0
201502,56,039,4,8,Teton County                  ,8,8,10290699,0,0,0,0,0,0,0,0,0,0,0,0,0,0,0,0,0,0,0,0,0
