Survey,FIPS,FIPS,Region,Division,County,,1-unit,,,2-units,,,3-4 units,,,5+ units,,,1-unit rep,,,2-units rep,,,3-4 units rep,,, 5+units rep
Date,State,County,Code,Code,Name,Bldgs,Units,Value,Bldgs,Units,Value,Bldgs,Units,Value,Bldgs,Units,Value,Bldgs,Units,Value,Bldgs,Units,Value,Bldgs,Units,Value,Bldgs,Units,Value
 
201506,01,001,3,6,Autauga County                ,19,19,4187455,0,0,0,0,0,0,0,0,0,19,19,4187455,0,0,0,0,0,0,0,0,0
201506,01,007,3,6,Bibb County                   ,2,2,353496,0,0,0,0,0,0,0,0,0,0,0,0,0,0,0,0,0,0,0,0,0
201506,01,009,3,6,Blount County                 ,0,0,0,0,0,0,0,0,0,0,0,0,0,0,0,0,0,0,0,0,0,0,0,0
201506,01,021,3,6,Chilton County                ,1,1,85000,0,0,0,0,0,0,0,0,0,1,1,85000,0,0,0,0,0,0,0,0,0
201506,01,073,3,6,Jefferson County              ,119,119,32657939,0,0,0,0,0,0,2,20,7691067,109,109,31109595,0,0,0,0,0,0,1,14,7492000
201506,01,083,3,6,Limestone County              ,9,9,2505194,0,0,0,0,0,0,0,0,0,9,9,2505194,0,0,0,0,0,0,0,0,0
201506,01,089,3,6,Madison County                ,261,261,41374680,0,0,0,0,0,0,4,126,9324372,260,260,41248365,0,0,0,0,0,0,4,126,9324372
201506,01,113,3,6,Russell County                ,10,10,1325955,0,0,0,0,0,0,0,0,0,10,10,1325955,0,0,0,0,0,0,0,0,0
201506,01,115,3,6,St. Clair County              ,16,16,2421290,0,0,0,0,0,0,0,0,0,10,10,1410671,0,0,0,0,0,0,0,0,0
201506,01,117,3,6,Shelby County                 ,88,88,19075073,0,0,0,0,0,0,0,0,0,38,38,7202667,0,0,0,0,0,0,0,0,0
201506,01,127,3,6,Walker County                 ,1,1,500000,0,0,0,0,0,0,0,0,0,1,1,500000,0,0,0,0,0,0,0,0,0
201506,02,013,4,9,Aleutians East Borough        ,0,0,0,0,0,0,0,0,0,0,0,0,0,0,0,0,0,0,0,0,0,0,0,0
201506,02,016,4,9,Aleutians West Census Area    ,1,1,98118,0,0,0,0,0,0,0,0,0,0,0,0,0,0,0,0,0,0,0,0,0
201506,02,020,4,9,Anchorage Borough             ,72,72,22646900,0,0,0,1,3,514864,2,22,3478102,0,0,0,0,0,0,0,0,0,0,0,0
201506,02,020,4,9,Anchorage Municipality        ,72,72,22646900,0,0,0,1,3,514864,2,22,3478102,0,0,0,0,0,0,0,0,0,0,0,0
201506,02,050,4,9,Bethel Census Area            ,0,0,0,2,4,700000,0,0,0,0,0,0,0,0,0,2,4,700000,0,0,0,0,0,0
201506,02,060,4,9,Bristol Bay Borough           ,0,0,0,0,0,0,0,0,0,0,0,0,0,0,0,0,0,0,0,0,0,0,0,0
201506,02,070,4,9,Dillingham Census Area        ,0,0,0,0,0,0,0,0,0,0,0,0,0,0,0,0,0,0,0,0,0,0,0,0
201506,02,090,4,9,Fairbanks North Star Borough  ,2,2,496000,0,0,0,0,0,0,0,0,0,2,2,496000,0,0,0,0,0,0,0,0,0
201506,02,100,4,9,Haines Borough                ,1,1,291587,0,0,0,0,0,0,0,0,0,1,1,291587,0,0,0,0,0,0,0,0,0
201506,02,105,4,9,Hoonah-Angoon Census Area     ,1,1,255182,0,0,0,0,0,0,0,0,0,0,0,0,0,0,0,0,0,0,0,0,0
201506,02,110,4,9,Juneau Borough                ,6,6,1465588,0,0,0,0,0,0,0,0,0,6,6,1465588,0,0,0,0,0,0,0,0,0
201506,02,110,4,9,Juneau City and Borough       ,6,6,1465588,0,0,0,0,0,0,0,0,0,6,6,1465588,0,0,0,0,0,0,0,0,0
201506,02,122,4,9,Kenai Peninsula Borough       ,19,19,4399808,1,2,190000,0,0,0,0,0,0,15,15,3535000,1,2,190000,0,0,0,0,0,0
201506,02,130,4,9,Ketchikan Gateway Borough     ,3,3,874760,0,0,0,0,0,0,0,0,0,3,3,874760,0,0,0,0,0,0,0,0,0
201506,02,150,4,9,Kodiak Island Borough         ,2,2,740777,0,0,0,0,0,0,0,0,0,2,2,740777,0,0,0,0,0,0,0,0,0
201506,02,170,4,9,Matanuska-Susitna Borough     ,12,12,1787613,1,2,257899,0,0,0,0,0,0,3,3,552006,0,0,0,0,0,0,0,0,0
201506,02,180,4,9,Nome Census Area              ,0,0,0,0,0,0,0,0,0,0,0,0,0,0,0,0,0,0,0,0,0,0,0,0
201506,02,185,4,9,North Slope Borough           ,2,2,514958,0,0,0,0,0,0,0,0,0,0,0,0,0,0,0,0,0,0,0,0,0
201506,02,188,4,9,Northwest Arctic Borough      ,0,0,0,0,0,0,0,0,0,0,0,0,0,0,0,0,0,0,0,0,0,0,0,0
201506,02,195,4,9,Petersburg Borough            ,1,1,134229,0,0,0,0,0,0,0,0,0,0,0,0,0,0,0,0,0,0,0,0,0
201506,02,195,4,9,Petersburg Census Area        ,1,1,134229,0,0,0,0,0,0,0,0,0,0,0,0,0,0,0,0,0,0,0,0,0
201506,02,198,4,9,Prince of Wales-Hyder Census A,0,0,0,0,0,0,0,0,0,0,0,0,0,0,0,0,0,0,0,0,0,0,0,0
201506,02,220,4,9,Sitka Borough                 ,1,1,267278,0,0,0,0,0,0,0,0,0,0,0,0,0,0,0,0,0,0,0,0,0
201506,02,220,4,9,Sitka City and Borough        ,1,1,267278,0,0,0,0,0,0,0,0,0,0,0,0,0,0,0,0,0,0,0,0,0
201506,02,230,4,9,Skagway Municipality          ,1,1,359438,0,0,0,0,0,0,0,0,0,0,0,0,0,0,0,0,0,0,0,0,0
201506,02,261,4,9,Valdez-Cordova Census Area    ,2,2,125000,0,0,0,0,0,0,0,0,0,2,2,125000,0,0,0,0,0,0,0,0,0
201506,02,270,4,9,Wade Hampton Census Area      ,0,0,0,0,0,0,0,0,0,0,0,0,0,0,0,0,0,0,0,0,0,0,0,0
201506,02,275,4,9,Wrangell City and Borough     ,1,1,256000,0,0,0,0,0,0,0,0,0,1,1,256000,0,0,0,0,0,0,0,0,0
201506,02,282,4,9,Yakutat Borough               ,0,0,0,0,0,0,0,0,0,0,0,0,0,0,0,0,0,0,0,0,0,0,0,0
201506,02,282,4,9,Yakutat City and Borough      ,0,0,0,0,0,0,0,0,0,0,0,0,0,0,0,0,0,0,0,0,0,0,0,0
201506,02,290,4,9,Yukon-Koyukuk Census Area     ,0,0,0,0,0,0,0,0,0,0,0,0,0,0,0,0,0,0,0,0,0,0,0,0
201506,04,013,4,8,Maricopa County               ,1432,1432,402998412,4,8,1890064,2,8,1628384,10,640,75664794,1425,1425,401436095,4,8,1890064,2,8,1628384,6,386,46170141
201506,04,019,4,8,Pima County                   ,287,287,75097169,3,6,295194,0,0,0,4,114,13400406,100,100,27986836,0,0,0,0,0,0,0,0,0
201506,04,021,4,8,Pinal County                  ,231,231,39714429,1,2,106000,0,0,0,0,0,0,183,183,29163930,1,2,106000,0,0,0,0,0,0
201506,05,013,3,7,Calhoun County                ,0,0,0,0,0,0,0,0,0,0,0,0,0,0,0,0,0,0,0,0,0,0,0,0
201506,05,035,3,7,Crittenden County             ,6,6,1020000,0,0,0,0,0,0,0,0,0,6,6,1020000,0,0,0,0,0,0,0,0,0
201506,05,045,3,7,Faulkner County               ,21,21,3827693,2,4,160000,0,0,0,0,0,0,20,20,3618933,2,4,160000,0,0,0,0,0,0
201506,05,053,3,7,Grant County                  ,1,1,115833,0,0,0,0,0,0,0,0,0,0,0,0,0,0,0,0,0,0,0,0,0
201506,05,085,3,7,Lonoke County                 ,32,32,3598444,0,0,0,3,9,487875,0,0,0,13,13,2003850,0,0,0,3,9,487875,0,0,0
201506,05,087,3,7,Madison County                ,0,0,0,0,0,0,0,0,0,0,0,0,0,0,0,0,0,0,0,0,0,0,0,0
201506,05,091,3,7,Miller County                 ,5,5,595000,0,0,0,0,0,0,0,0,0,5,5,595000,0,0,0,0,0,0,0,0,0
201506,05,105,3,7,Perry County                  ,0,0,0,0,0,0,0,0,0,0,0,0,0,0,0,0,0,0,0,0,0,0,0,0
201506,05,119,3,7,Pulaski County                ,63,63,15244332,3,6,1334886,0,0,0,5,217,10000000,63,63,15244332,3,6,1334886,0,0,0,5,217,10000000
201506,05,129,3,7,Searcy County                 ,0,0,0,0,0,0,0,0,0,0,0,0,0,0,0,0,0,0,0,0,0,0,0,0
201506,05,143,3,7,Washington County             ,108,108,23994732,0,0,0,0,0,0,1,5,500000,98,98,21994594,0,0,0,0,0,0,0,0,0
201506,06,001,4,9,Alameda County                ,201,201,70908368,1,2,492992,2,8,1600000,5,165,25231199,188,188,64894132,1,2,492992,2,8,1600000,3,118,17042284
201506,06,013,4,9,Contra Costa County           ,231,231,66499799,0,0,0,0,0,0,3,84,17983023,227,227,65499702,0,0,0,0,0,0,1,69,15766670
201506,06,017,4,9,El Dorado County              ,57,57,23937181,0,0,0,0,0,0,0,0,0,57,57,23937181,0,0,0,0,0,0,0,0,0
201506,06,019,4,9,Fresno County                 ,271,271,72945569,0,0,0,0,0,0,0,0,0,236,236,64240724,0,0,0,0,0,0,0,0,0
201506,06,037,4,9,Los Angeles County            ,509,509,200566889,43,86,14561958,0,0,0,33,2369,371546103,442,442,175014935,42,84,14174358,0,0,0,28,2278,356460992
201506,06,041,4,9,Marin County                  ,20,20,10714309,0,0,0,0,0,0,2,20,1971012,7,7,5560000,0,0,0,0,0,0,0,0,0
201506,06,059,4,9,Orange County                 ,484,484,151338208,2,4,1333357,5,17,2720694,22,1227,186048269,398,398,123267373,0,0,0,4,14,2264100,15,1062,168950931
201506,06,061,4,9,Placer County                 ,220,220,77934231,0,0,0,0,0,0,0,0,0,219,219,77607327,0,0,0,0,0,0,0,0,0
201506,06,063,4,9,Plumas County                 ,6,6,1015816,0,0,0,0,0,0,0,0,0,6,6,1015816,0,0,0,0,0,0,0,0,0
201506,06,067,4,9,Sacramento County             ,322,322,86559316,1,2,290187,0,0,0,0,0,0,320,320,86088616,1,2,290187,0,0,0,0,0,0
201506,06,069,4,9,San Benito County             ,21,21,5633958,0,0,0,0,0,0,0,0,0,17,17,4668120,0,0,0,0,0,0,0,0,0
201506,06,071,4,9,San Bernardino County         ,286,286,72224138,0,0,0,1,4,427255,3,25,2277723,260,260,66649277,0,0,0,1,4,427255,0,0,0
201506,06,073,4,9,San Diego County              ,303,303,102218763,7,14,2025628,30,93,14342014,23,605,147883114,302,302,101861763,7,14,2025628,30,93,14342014,22,586,145835656
201506,06,075,4,9,San Francisco County          ,5,5,1336123,1,2,355385,4,12,3780000,6,323,111903228,5,5,1336123,1,2,355385,4,12,3780000,6,323,111903228
201506,06,081,4,9,San Mateo County              ,39,39,32211441,0,0,0,1,3,468794,4,326,62617851,9,9,17106322,0,0,0,0,0,0,1,220,40884022
201506,06,085,4,9,Santa Clara County            ,256,256,96543160,2,4,1059300,3,12,2700237,11,236,45342421,183,183,73933922,2,4,1059300,2,8,1706560,5,35,7011629
201506,06,091,4,9,Sierra County                 ,1,1,190093,0,0,0,0,0,0,0,0,0,1,1,190093,0,0,0,0,0,0,0,0,0
201506,06,113,4,9,Yolo County                   ,65,65,16998234,0,0,0,0,0,0,0,0,0,65,65,16998234,0,0,0,0,0,0,0,0,0
201506,08,001,4,8,Adams County                  ,147,147,39169828,0,0,0,0,0,0,0,0,0,135,135,36844134,0,0,0,0,0,0,0,0,0
201506,08,005,4,8,Arapahoe County               ,151,151,44705729,0,0,0,0,0,0,0,0,0,149,149,42932672,0,0,0,0,0,0,0,0,0
201506,08,014,4,8,Broomfield County             ,56,56,19513277,0,0,0,1,3,394488,2,46,4524914,0,0,0,0,0,0,0,0,0,0,0,0
201506,08,015,4,8,Chaffee County                ,10,10,2634823,1,2,323962,1,3,549700,0,0,0,0,0,0,0,0,0,0,0,0,0,0,0
201506,08,019,4,8,Clear Creek County            ,0,0,0,0,0,0,0,0,0,0,0,0,0,0,0,0,0,0,0,0,0,0,0,0
201506,08,031,4,8,Denver County                 ,215,215,48166070,22,44,9096475,0,0,0,4,489,45549510,0,0,0,0,0,0,0,0,0,0,0,0
201506,08,035,4,8,Douglas County                ,240,240,65481686,0,0,0,0,0,0,0,0,0,229,229,61918474,0,0,0,0,0,0,0,0,0
201506,08,039,4,8,Elbert County                 ,9,9,2619254,0,0,0,0,0,0,0,0,0,9,9,2619254,0,0,0,0,0,0,0,0,0
201506,08,041,4,8,El Paso County                ,297,297,122695663,0,0,0,2,8,1459934,2,82,10045605,297,297,122695663,0,0,0,2,8,1459934,2,82,10045605
201506,08,047,4,8,Gilpin County                 ,2,2,800000,0,0,0,0,0,0,0,0,0,2,2,800000,0,0,0,0,0,0,0,0,0
201506,08,069,4,8,Larimer County                ,214,214,55829883,1,2,276626,0,0,0,6,380,43184162,211,211,55187129,1,2,276626,0,0,0,6,380,43184162
201506,08,077,4,8,Mesa County                   ,73,73,19507402,0,0,0,0,0,0,0,0,0,73,73,19507402,0,0,0,0,0,0,0,0,0
201506,08,093,4,8,Park County                   ,12,12,1510096,0,0,0,0,0,0,0,0,0,12,12,1510096,0,0,0,0,0,0,0,0,0
201506,08,101,4,8,Pueblo County                 ,20,20,3576243,0,0,0,0,0,0,0,0,0,0,0,0,0,0,0,0,0,0,0,0,0
201506,08,119,4,8,Teller County                 ,7,7,2191558,0,0,0,0,0,0,0,0,0,1,1,404762,0,0,0,0,0,0,0,0,0
201506,09,001,1,1,Fairfield County              ,76,76,43429750,0,0,0,0,0,0,3,149,15977505,54,54,20435138,0,0,0,0,0,0,2,142,15242505
201506,09,003,1,1,Hartford County               ,49,49,9749848,2,4,254702,3,11,883041,4,47,3131401,34,34,7364732,0,0,0,0,0,0,1,24,2031300
201506,09,007,1,1,Middlesex County              ,17,17,4184867,1,2,305995,0,0,0,1,5,562789,13,13,2924760,0,0,0,0,0,0,0,0,0
201506,09,013,1,1,Tolland County                ,16,16,3422946,0,0,0,0,0,0,1,19,2331870,8,8,1298000,0,0,0,0,0,0,0,0,0
201506,10,001,3,5,Kent County                   ,79,79,12053449,0,0,0,0,0,0,2,24,1200000,76,76,11779798,0,0,0,0,0,0,2,24,1200000
201506,10,003,3,5,New Castle County             ,93,93,8791849,0,0,0,2,6,380763,4,36,1720457,83,83,7766210,0,0,0,0,0,0,0,0,0
201506,10,005,3,5,Sussex County                 ,185,185,27705439,2,4,559938,1,3,435000,2,10,1206160,185,185,27705439,2,4,559938,1,3,435000,2,10,1206160
201506,11,001,3,5,Washington  DC                ,49,49,11057742,13,26,2859324,0,0,0,7,714,67643802,49,49,11057742,13,26,2859324,0,0,0,7,714,67643802
201506,12,003,3,5,Baker County                  ,4,4,737161,0,0,0,0,0,0,0,0,0,4,4,737161,0,0,0,0,0,0,0,0,0
201506,12,019,3,5,Clay County                   ,79,79,16145409,0,0,0,0,0,0,0,0,0,79,79,16145409,0,0,0,0,0,0,0,0,0
201506,12,031,3,5,Duval County                  ,338,338,77620760,0,0,0,0,0,0,5,330,31263942,338,338,77620760,0,0,0,0,0,0,5,330,31263942
201506,12,033,3,5,Escambia County               ,86,86,19428404,0,0,0,0,0,0,0,0,0,86,86,19428404,0,0,0,0,0,0,0,0,0
201506,12,053,3,5,Hernando County               ,35,35,6142782,0,0,0,0,0,0,0,0,0,35,35,6142782,0,0,0,0,0,0,0,0,0
201506,12,057,3,5,Hillsborough County           ,666,666,225382540,0,0,0,0,0,0,1,300,44414002,651,651,223246386,0,0,0,0,0,0,1,300,44414002
201506,12,067,3,5,Lafayette County              ,0,0,0,0,0,0,0,0,0,0,0,0,0,0,0,0,0,0,0,0,0,0,0,0
201506,12,071,3,5,Lee County                    ,468,468,119425721,0,0,0,5,20,5035961,14,304,16995469,468,468,119425721,0,0,0,5,20,5035961,14,304,16995469
201506,12,073,3,5,Leon County                   ,47,47,9754471,1,2,250000,0,0,0,4,67,6846882,18,18,4642612,0,0,0,0,0,0,0,0,0
201506,12,081,3,5,Manatee County                ,213,213,50693161,1,2,408502,5,20,3547011,18,304,16822220,210,210,49492948,0,0,0,5,20,3547011,18,304,16822220
201506,12,086,3,5,Miami-Dade County             ,237,237,69397164,0,0,0,3,12,1451593,12,595,189901540,195,195,61106282,0,0,0,3,12,1451593,10,563,174996477
201506,12,089,3,5,Nassau County                 ,87,87,24475712,0,0,0,0,0,0,0,0,0,87,87,24475712,0,0,0,0,0,0,0,0,0
201506,12,091,3,5,Okaloosa County               ,59,59,17605980,0,0,0,0,0,0,0,0,0,20,20,4567991,0,0,0,0,0,0,0,0,0
201506,12,095,3,5,Orange County                 ,498,498,137062544,2,4,767852,0,0,0,7,248,25332335,498,498,137062544,2,4,767852,0,0,0,7,248,25332335
201506,12,097,3,5,Osceola County                ,287,287,74414664,0,0,0,1,4,644948,0,0,0,287,287,74414664,0,0,0,1,4,644948,0,0,0
201506,12,101,3,5,Pasco County                  ,178,178,39182470,1,2,121550,1,4,81250,1,5,372526,171,171,38263066,1,2,121550,1,4,81250,0,0,0
201506,12,103,3,5,Pinellas County               ,90,90,22600941,0,0,0,0,0,0,9,221,14804107,81,81,19842257,0,0,0,0,0,0,6,156,10516573
201506,12,109,3,5,St. Johns County              ,342,342,89767860,0,0,0,0,0,0,1,12,1600000,336,336,88557284,0,0,0,0,0,0,1,12,1600000
201506,12,113,3,5,Santa Rosa County             ,94,94,21212811,0,0,0,0,0,0,0,0,0,94,94,21212811,0,0,0,0,0,0,0,0,0
201506,12,115,3,5,Sarasota County               ,220,220,63292990,2,4,1195815,0,0,0,2,229,25702693,220,220,63292990,2,4,1195815,0,0,0,2,229,25702693
201506,12,117,3,5,Seminole County               ,72,72,25446744,0,0,0,0,0,0,2,29,2185800,63,63,23292533,0,0,0,0,0,0,0,0,0
201506,12,129,3,5,Wakulla County                ,11,11,1252000,0,0,0,0,0,0,0,0,0,11,11,1252000,0,0,0,0,0,0,0,0,0
201506,12,131,3,5,Walton County                 ,117,117,45673078,0,0,0,18,54,9046979,0,0,0,117,117,45673078,0,0,0,18,54,9046979,0,0,0
201506,12,133,3,5,Washington County             ,2,2,317657,0,0,0,0,0,0,0,0,0,0,0,0,0,0,0,0,0,0,0,0,0
201506,13,007,3,5,Baker County                  ,0,0,0,0,0,0,0,0,0,0,0,0,0,0,0,0,0,0,0,0,0,0,0,0
201506,13,013,3,5,Barrow County                 ,30,30,3872282,0,0,0,0,0,0,0,0,0,24,24,3257635,0,0,0,0,0,0,0,0,0
201506,13,015,3,5,Bartow County                 ,45,45,9131973,0,0,0,0,0,0,0,0,0,42,42,8518616,0,0,0,0,0,0,0,0,0
201506,13,021,3,5,Bibb County                   ,17,17,3656123,0,0,0,0,0,0,0,0,0,17,17,3656123,0,0,0,0,0,0,0,0,0
201506,13,029,3,5,Bryan County                  ,40,40,8352466,0,0,0,0,0,0,1,9,450000,24,24,5865739,0,0,0,0,0,0,0,0,0
201506,13,033,3,5,Burke County                  ,4,4,660034,0,0,0,0,0,0,0,0,0,0,0,0,0,0,0,0,0,0,0,0,0
201506,13,035,3,5,Butts County                  ,3,3,338975,0,0,0,0,0,0,0,0,0,3,3,338975,0,0,0,0,0,0,0,0,0
201506,13,045,3,5,Carroll County                ,12,12,1567769,0,0,0,0,0,0,0,0,0,12,12,1567769,0,0,0,0,0,0,0,0,0
201506,13,051,3,5,Chatham County                ,117,117,34529798,0,0,0,0,0,0,1,5,412357,95,95,31770043,0,0,0,0,0,0,0,0,0
201506,13,057,3,5,Cherokee County               ,183,183,44863176,0,0,0,0,0,0,0,0,0,165,165,39450280,0,0,0,0,0,0,0,0,0
201506,13,059,3,5,Clarke County                 ,10,10,1912182,0,0,0,0,0,0,3,397,37444132,10,10,1912182,0,0,0,0,0,0,3,397,37444132
201506,13,063,3,5,Clayton County                ,40,40,9175778,0,0,0,0,0,0,0,0,0,39,39,9076648,0,0,0,0,0,0,0,0,0
201506,13,067,3,5,Cobb County                   ,129,129,34513180,1,2,1087971,2,8,1941143,4,25,6923754,124,124,32957889,1,2,1087971,2,8,1941143,4,25,6923754
201506,13,073,3,5,Columbia County               ,134,134,22844685,0,0,0,0,0,0,0,0,0,1,1,108000,0,0,0,0,0,0,0,0,0
201506,13,077,3,5,Coweta County                 ,89,89,29740616,0,0,0,0,0,0,0,0,0,84,84,28617012,0,0,0,0,0,0,0,0,0
201506,13,085,3,5,Dawson County                 ,14,14,2860168,0,0,0,0,0,0,0,0,0,14,14,2860168,0,0,0,0,0,0,0,0,0
201506,13,095,3,5,Dougherty County              ,5,5,551913,1,2,150110,1,3,152768,0,0,0,0,0,0,0,0,0,0,0,0,0,0,0
201506,13,097,3,5,Douglas County                ,8,8,596880,0,0,0,0,0,0,0,0,0,8,8,596880,0,0,0,0,0,0,0,0,0
201506,13,111,3,5,Fannin County                 ,16,16,3122678,0,0,0,0,0,0,0,0,0,16,16,3122678,0,0,0,0,0,0,0,0,0
201506,13,113,3,5,Fayette County                ,38,38,8385284,0,0,0,0,0,0,0,0,0,37,37,8044905,0,0,0,0,0,0,0,0,0
201506,13,117,3,5,Forsyth County                ,266,266,39669709,0,0,0,0,0,0,6,184,6467860,266,266,39669709,0,0,0,0,0,0,6,184,6467860
201506,13,121,3,5,Fulton County                 ,260,260,71163136,0,0,0,0,0,0,9,864,100488599,253,253,69240436,0,0,0,0,0,0,8,848,99498918
201506,13,127,3,5,Glynn County                  ,45,45,11869907,0,0,0,0,0,0,0,0,0,0,0,0,0,0,0,0,0,0,0,0,0
201506,13,135,3,5,Gwinnett County               ,354,354,79584537,0,0,0,9,27,612623,0,0,0,339,339,77167543,0,0,0,9,27,612623,0,0,0
201506,13,143,3,5,Haralson County               ,2,2,365757,0,0,0,0,0,0,0,0,0,0,0,0,0,0,0,0,0,0,0,0,0
201506,13,145,3,5,Harris County                 ,12,12,4968160,0,0,0,0,0,0,0,0,0,12,12,4968160,0,0,0,0,0,0,0,0,0
201506,13,149,3,5,Heard County                  ,2,2,243424,0,0,0,0,0,0,0,0,0,0,0,0,0,0,0,0,0,0,0,0,0
201506,13,151,3,5,Henry County                  ,117,117,23988013,0,0,0,0,0,0,0,0,0,105,105,22486488,0,0,0,0,0,0,0,0,0
201506,13,159,3,5,Jasper County                 ,5,5,669870,0,0,0,0,0,0,0,0,0,0,0,0,0,0,0,0,0,0,0,0,0
201506,13,171,3,5,Lamar County                  ,4,4,482353,0,0,0,0,0,0,0,0,0,4,4,482353,0,0,0,0,0,0,0,0,0
201506,13,177,3,5,Lee County                    ,18,18,2141830,0,0,0,0,0,0,0,0,0,0,0,0,0,0,0,0,0,0,0,0,0
201506,13,179,3,5,Liberty County                ,18,18,4374607,0,0,0,0,0,0,5,72,7463310,18,18,4374607,0,0,0,0,0,0,5,72,7463310
201506,13,189,3,5,McDuffie County               ,2,2,425000,0,0,0,0,0,0,0,0,0,2,2,425000,0,0,0,0,0,0,0,0,0
201506,13,199,3,5,Meriwether County             ,4,4,742005,0,0,0,0,0,0,0,0,0,3,3,677005,0,0,0,0,0,0,0,0,0
201506,13,201,3,5,Miller County                 ,1,1,147981,0,0,0,0,0,0,0,0,0,0,0,0,0,0,0,0,0,0,0,0,0
201506,13,207,3,5,Monroe County                 ,5,5,1048000,0,0,0,0,0,0,0,0,0,5,5,1048000,0,0,0,0,0,0,0,0,0
201506,13,215,3,5,Muscogee County               ,35,35,3704978,0,0,0,1,3,136270,2,22,1668646,0,0,0,0,0,0,0,0,0,0,0,0
201506,13,217,3,5,Newton County                 ,30,30,6734378,0,0,0,0,0,0,0,0,0,30,30,6734378,0,0,0,0,0,0,0,0,0
201506,13,227,3,5,Pickens County                ,5,5,1039250,0,0,0,0,0,0,0,0,0,4,4,933000,0,0,0,0,0,0,0,0,0
201506,13,231,3,5,Pike County                   ,5,5,725000,0,0,0,0,0,0,0,0,0,5,5,725000,0,0,0,0,0,0,0,0,0
201506,13,235,3,5,Pulaski County                ,2,2,156583,0,0,0,0,0,0,0,0,0,0,0,0,0,0,0,0,0,0,0,0,0
201506,13,245,3,5,Richmond County               ,40,40,7879291,0,0,0,0,0,0,2,38,1109355,4,4,888000,0,0,0,0,0,0,0,0,0
201506,13,247,3,5,Rockdale County               ,18,18,4062028,0,0,0,0,0,0,0,0,0,18,18,4062028,0,0,0,0,0,0,0,0,0
201506,13,255,3,5,Spalding County               ,16,16,2549932,0,0,0,0,0,0,0,0,0,16,16,2549932,0,0,0,0,0,0,0,0,0
201506,13,275,3,5,Thomas County                 ,6,6,1426174,0,0,0,0,0,0,0,0,0,6,6,1426174,0,0,0,0,0,0,0,0,0
201506,13,291,3,5,Union County                  ,11,11,2482350,0,0,0,0,0,0,0,0,0,11,11,2482350,0,0,0,0,0,0,0,0,0
201506,15,001,4,9,Hawaii County                 ,77,77,44940744,4,8,14933147,1,3,5525682,0,0,0,77,77,44940744,4,8,14933147,1,3,5525682,0,0,0
201506,15,003,4,9,Honolulu County               ,125,125,45864004,0,0,0,0,0,0,19,132,23796960,125,125,45864004,0,0,0,0,0,0,19,132,23796960
201506,15,007,4,9,Kauai County                  ,20,20,10915324,0,0,0,0,0,0,0,0,0,0,0,0,0,0,0,0,0,0,0,0,0
201506,15,009,4,9,Maui County                   ,14,14,3741146,0,0,0,0,0,0,0,0,0,14,14,3741146,0,0,0,0,0,0,0,0,0
201506,16,001,4,8,Ada County                    ,281,281,77621311,1,2,262407,3,12,714000,3,41,3500606,281,281,77621311,1,2,262407,3,12,714000,3,41,3500606
201506,16,015,4,8,Boise County                  ,6,6,1360806,0,0,0,0,0,0,0,0,0,6,6,1360806,0,0,0,0,0,0,0,0,0
201506,16,027,4,8,Canyon County                 ,108,108,17940078,0,0,0,0,0,0,0,0,0,91,91,14892911,0,0,0,0,0,0,0,0,0
201506,16,045,4,8,Gem County                    ,4,4,550737,0,0,0,0,0,0,0,0,0,4,4,550737,0,0,0,0,0,0,0,0,0
201506,16,073,4,8,Owyhee County                 ,2,2,567468,0,0,0,0,0,0,0,0,0,2,2,567468,0,0,0,0,0,0,0,0,0
201506,17,005,2,3,Bond County                   ,2,2,471875,0,0,0,0,0,0,0,0,0,0,0,0,0,0,0,0,0,0,0,0,0
201506,17,013,2,3,Calhoun County                ,0,0,0,0,0,0,0,0,0,0,0,0,0,0,0,0,0,0,0,0,0,0,0,0
201506,17,031,2,3,Cook County                   ,136,136,49529758,3,6,867000,6,20,3218300,15,465,82501585,113,113,40842969,2,4,450000,6,20,3218300,13,435,75044000
201506,17,037,2,3,DeKalb County                 ,15,15,3483015,0,0,0,0,0,0,0,0,0,15,15,3483015,0,0,0,0,0,0,0,0,0
201506,17,039,2,3,De Witt County                ,2,2,445000,0,0,0,0,0,0,0,0,0,2,2,445000,0,0,0,0,0,0,0,0,0
201506,17,043,2,3,DuPage County                 ,104,104,44617146,0,0,0,0,0,0,0,0,0,83,83,34751288,0,0,0,0,0,0,0,0,0
201506,17,063,2,3,Grundy County                 ,8,8,1840021,0,0,0,0,0,0,2,11,564102,7,7,1679472,0,0,0,0,0,0,0,0,0
201506,17,083,2,3,Jersey County                 ,3,3,459564,0,0,0,0,0,0,0,0,0,0,0,0,0,0,0,0,0,0,0,0,0
201506,17,093,2,3,Kendall County                ,22,22,3740259,0,0,0,0,0,0,1,6,1142857,9,9,1729018,0,0,0,0,0,0,0,0,0
201506,17,097,2,3,Lake County                   ,73,73,26261064,2,4,686880,0,0,0,1,18,2489362,50,50,20419548,1,2,450000,0,0,0,0,0,0
201506,17,111,2,3,McHenry County                ,29,29,5766305,0,0,0,1,3,240000,1,186,19359363,22,22,5003269,0,0,0,0,0,0,1,186,19359363
201506,17,119,2,3,Madison County                ,42,42,9471861,0,0,0,0,0,0,0,0,0,37,37,8479827,0,0,0,0,0,0,0,0,0
201506,17,133,2,3,Monroe County                 ,16,16,3884516,0,0,0,0,0,0,0,0,0,11,11,2826970,0,0,0,0,0,0,0,0,0
201506,17,197,2,3,Will County                   ,104,104,29549104,1,2,350000,0,0,0,0,0,0,93,93,27489929,1,2,350000,0,0,0,0,0,0
201506,18,003,2,3,Allen County                  ,94,94,23254254,1,2,315000,0,0,0,0,0,0,94,94,23254254,1,2,315000,0,0,0,0,0,0
201506,18,011,2,3,Boone County                  ,34,34,9931954,2,4,492000,0,0,0,0,0,0,32,32,9419073,2,4,492000,0,0,0,0,0,0
201506,18,013,2,3,Brown County                  ,4,4,836748,0,0,0,0,0,0,0,0,0,0,0,0,0,0,0,0,0,0,0,0,0
201506,18,019,2,3,Clark County                  ,34,34,7593879,0,0,0,0,0,0,0,0,0,31,31,7032090,0,0,0,0,0,0,0,0,0
201506,18,047,2,3,Franklin County               ,4,4,963714,0,0,0,0,0,0,0,0,0,0,0,0,0,0,0,0,0,0,0,0,0
201506,18,057,2,3,Hamilton County               ,188,188,49059764,2,4,440000,0,0,0,13,184,14993718,188,188,49059764,2,4,440000,0,0,0,13,184,14993718
201506,18,059,2,3,Hancock County                ,62,62,9539215,0,0,0,0,0,0,0,0,0,62,62,9539215,0,0,0,0,0,0,0,0,0
201506,18,061,2,3,Harrison County               ,15,15,3691410,0,0,0,0,0,0,0,0,0,15,15,3691410,0,0,0,0,0,0,0,0,0
201506,18,063,2,3,Hendricks County              ,59,59,13444485,0,0,0,0,0,0,0,0,0,55,55,12525200,0,0,0,0,0,0,0,0,0
201506,18,069,2,3,Huntington County             ,6,6,1241385,0,0,0,0,0,0,0,0,0,6,6,1241385,0,0,0,0,0,0,0,0,0
201506,18,073,2,3,Jasper County                 ,4,4,1054207,0,0,0,0,0,0,0,0,0,1,1,350000,0,0,0,0,0,0,0,0,0
201506,18,081,2,3,Johnson County                ,60,60,12291696,0,0,0,0,0,0,0,0,0,57,57,11944989,0,0,0,0,0,0,0,0,0
201506,18,087,2,3,Lagrange County               ,12,12,1933000,0,0,0,0,0,0,0,0,0,12,12,1933000,0,0,0,0,0,0,0,0,0
201506,18,089,2,3,Lake County                   ,93,93,21312007,0,0,0,0,0,0,0,0,0,89,89,20465776,0,0,0,0,0,0,0,0,0
201506,18,097,2,3,Marion County                 ,77,77,18650956,0,0,0,0,0,0,3,46,11300000,77,77,18650956,0,0,0,0,0,0,3,46,11300000
201506,18,105,2,3,Monroe County                 ,16,16,3937504,0,0,0,0,0,0,0,0,0,16,16,3937504,0,0,0,0,0,0,0,0,0
201506,18,109,2,3,Morgan County                 ,10,10,1636900,0,0,0,0,0,0,0,0,0,10,10,1636900,0,0,0,0,0,0,0,0,0
201506,18,111,2,3,Newton County                 ,2,2,453568,0,0,0,0,0,0,0,0,0,0,0,0,0,0,0,0,0,0,0,0,0
201506,18,115,2,3,Ohio County                   ,3,3,368000,0,0,0,0,0,0,0,0,0,3,3,368000,0,0,0,0,0,0,0,0,0
201506,18,119,2,3,Owen County                   ,3,3,436000,0,0,0,0,0,0,0,0,0,3,3,436000,0,0,0,0,0,0,0,0,0
201506,18,127,2,3,Porter County                 ,44,44,11443102,1,2,260000,0,0,0,2,24,2450194,40,40,10924908,1,2,260000,0,0,0,2,24,2450194
201506,18,133,2,3,Putnam County                 ,5,5,1230470,0,0,0,0,0,0,0,0,0,5,5,1230470,0,0,0,0,0,0,0,0,0
201506,18,145,2,3,Shelby County                 ,5,5,770000,0,0,0,0,0,0,0,0,0,5,5,770000,0,0,0,0,0,0,0,0,0
201506,18,151,2,3,Steuben County                ,7,7,1971300,0,0,0,0,0,0,0,0,0,7,7,1971300,0,0,0,0,0,0,0,0,0
201506,18,157,2,3,Tippecanoe County             ,52,52,10786216,0,0,0,0,0,0,2,20,1677303,4,4,619250,0,0,0,0,0,0,0,0,0
201506,18,163,2,3,Vanderburgh County            ,27,27,5114050,2,4,380000,0,0,0,0,0,0,27,27,5114050,2,4,380000,0,0,0,0,0,0
201506,18,167,2,3,Vigo County                   ,4,4,150564,5,10,112786,0,0,0,1,14,1315714,3,3,0,4,8,0,0,0,0,0,0,0
201506,18,175,2,3,Washington County             ,3,3,407803,0,0,0,0,0,0,0,0,0,0,0,0,0,0,0,0,0,0,0,0,0
201506,18,183,2,3,Whitley County                ,10,10,2694000,0,0,0,0,0,0,0,0,0,10,10,2694000,0,0,0,0,0,0,0,0,0
201506,19,049,2,4,Dallas County                 ,72,72,18787483,0,0,0,0,0,0,0,0,0,71,71,18607483,0,0,0,0,0,0,0,0,0
201506,19,085,2,4,Harrison County               ,2,2,210000,0,0,0,0,0,0,0,0,0,2,2,210000,0,0,0,0,0,0,0,0,0
201506,19,129,2,4,Mills County                  ,0,0,0,0,0,0,0,0,0,0,0,0,0,0,0,0,0,0,0,0,0,0,0,0
201506,19,153,2,4,Polk County                   ,249,249,61587099,0,0,0,0,0,0,9,168,28345513,234,234,57305006,0,0,0,0,0,0,8,163,27693221
201506,19,181,2,4,Warren County                 ,42,42,10542218,0,0,0,1,4,426350,0,0,0,39,39,9381506,0,0,0,1,4,426350,0,0,0
201506,20,091,2,4,Johnson County                ,160,160,50049797,1,2,301583,2,6,885641,4,40,4800000,86,86,28323375,0,0,0,0,0,0,4,40,4800000
201506,20,103,2,4,Leavenworth County            ,25,25,4706727,0,0,0,0,0,0,0,0,0,25,25,4706727,0,0,0,0,0,0,0,0,0
201506,20,107,2,4,Linn County                   ,4,4,366194,0,0,0,0,0,0,0,0,0,0,0,0,0,0,0,0,0,0,0,0,0
201506,20,121,2,4,Miami County                  ,4,4,876013,0,0,0,0,0,0,0,0,0,0,0,0,0,0,0,0,0,0,0,0,0
201506,20,209,2,4,Wyandotte County              ,20,20,3731745,0,0,0,0,0,0,0,0,0,20,20,3731745,0,0,0,0,0,0,0,0,0
201506,21,005,3,6,Anderson County               ,6,6,1042096,0,0,0,0,0,0,0,0,0,6,6,1042096,0,0,0,0,0,0,0,0,0
201506,21,015,3,6,Boone County                  ,29,29,4734968,0,0,0,0,0,0,8,96,4949600,29,29,4734968,0,0,0,0,0,0,8,96,4949600
201506,21,017,3,6,Bourbon County                ,2,2,591257,0,0,0,0,0,0,0,0,0,0,0,0,0,0,0,0,0,0,0,0,0
201506,21,021,3,6,Boyle County                  ,6,6,1395000,0,0,0,0,0,0,0,0,0,6,6,1395000,0,0,0,0,0,0,0,0,0
201506,21,029,3,6,Bullitt County                ,30,30,5818481,0,0,0,0,0,0,0,0,0,30,30,5818481,0,0,0,0,0,0,0,0,0
201506,21,035,3,6,Calloway County               ,3,3,520950,0,0,0,1,3,145000,0,0,0,3,3,520950,0,0,0,1,3,145000,0,0,0
201506,21,037,3,6,Campbell County               ,23,23,8176128,0,0,0,1,4,500800,0,0,0,23,23,8176128,0,0,0,1,4,500800,0,0,0
201506,21,045,3,6,Casey County                  ,0,0,0,0,0,0,0,0,0,0,0,0,0,0,0,0,0,0,0,0,0,0,0,0
201506,21,047,3,6,Christian County              ,4,4,692400,0,0,0,0,0,0,0,0,0,2,2,550000,0,0,0,0,0,0,0,0,0
201506,21,049,3,6,Clark County                  ,3,3,519265,1,2,400000,0,0,0,0,0,0,0,0,0,0,0,0,0,0,0,0,0,0
201506,21,067,3,6,Fayette County                ,72,72,10593268,1,2,204333,0,0,0,3,52,3101445,0,0,0,0,0,0,0,0,0,0,0,0
201506,21,069,3,6,Fleming County                ,0,0,0,0,0,0,0,0,0,0,0,0,0,0,0,0,0,0,0,0,0,0,0,0
201506,21,077,3,6,Gallatin County               ,1,1,325500,0,0,0,0,0,0,0,0,0,1,1,325500,0,0,0,0,0,0,0,0,0
201506,21,081,3,6,Grant County                  ,3,3,611613,0,0,0,0,0,0,1,5,313750,0,0,0,0,0,0,0,0,0,0,0,0
201506,21,091,3,6,Hancock County                ,0,0,0,0,0,0,0,0,0,0,0,0,0,0,0,0,0,0,0,0,0,0,0,0
201506,21,099,3,6,Hart County                   ,4,4,389000,0,0,0,0,0,0,1,5,567738,0,0,0,0,0,0,0,0,0,0,0,0
201506,21,101,3,6,Henderson County              ,8,8,2145800,0,0,0,0,0,0,0,0,0,8,8,2145800,0,0,0,0,0,0,0,0,0
201506,21,103,3,6,Henry County                  ,3,3,480000,0,0,0,0,0,0,0,0,0,3,3,480000,0,0,0,0,0,0,0,0,0
201506,21,111,3,6,Jefferson County              ,107,107,21830886,4,8,486720,0,0,0,24,147,9052224,6,6,889000,0,0,0,0,0,0,0,0,0
201506,21,113,3,6,Jessamine County              ,21,21,6112310,0,0,0,1,3,378214,0,0,0,11,11,4775000,0,0,0,0,0,0,0,0,0
201506,21,115,3,6,Johnson County                ,0,0,0,0,0,0,0,0,0,0,0,0,0,0,0,0,0,0,0,0,0,0,0,0
201506,21,117,3,6,Kenton County                 ,31,31,5752513,0,0,0,0,0,0,0,0,0,31,31,5752513,0,0,0,0,0,0,0,0,0
201506,21,121,3,6,Knox County                   ,0,0,0,0,0,0,0,0,0,0,0,0,0,0,0,0,0,0,0,0,0,0,0,0
201506,21,123,3,6,Larue County                  ,6,6,1354009,0,0,0,0,0,0,0,0,0,6,6,1354009,0,0,0,0,0,0,0,0,0
201506,21,137,3,6,Lincoln County                ,8,8,1561339,0,0,0,0,0,0,0,0,0,8,8,1561339,0,0,0,0,0,0,0,0,0
201506,21,145,3,6,McCracken County              ,14,14,3549114,0,0,0,0,0,0,0,0,0,14,14,3549114,0,0,0,0,0,0,0,0,0
201506,21,151,3,6,Madison County                ,14,14,1415652,1,2,112996,0,0,0,2,10,337144,4,4,550000,0,0,0,0,0,0,0,0,0
201506,21,161,3,6,Mason County                  ,1,1,125000,0,0,0,0,0,0,0,0,0,1,1,125000,0,0,0,0,0,0,0,0,0
201506,21,163,3,6,Meade County                  ,11,11,1871257,0,0,0,0,0,0,0,0,0,8,8,1407000,0,0,0,0,0,0,0,0,0
201506,21,167,3,6,Mercer County                 ,5,5,700874,1,2,137500,0,0,0,0,0,0,0,0,0,0,0,0,0,0,0,0,0,0
201506,21,175,3,6,Morgan County                 ,2,2,150000,0,0,0,0,0,0,0,0,0,0,0,0,0,0,0,0,0,0,0,0,0
201506,21,179,3,6,Nelson County                 ,20,20,3124000,0,0,0,0,0,0,0,0,0,20,20,3124000,0,0,0,0,0,0,0,0,0
201506,21,185,3,6,Oldham County                 ,23,23,6190398,0,0,0,0,0,0,0,0,0,0,0,0,0,0,0,0,0,0,0,0,0
201506,21,191,3,6,Pendleton County              ,0,0,0,0,0,0,0,0,0,0,0,0,0,0,0,0,0,0,0,0,0,0,0,0
201506,21,209,3,6,Scott County                  ,44,44,5481700,0,0,0,0,0,0,0,0,0,44,44,5481700,0,0,0,0,0,0,0,0,0
201506,21,211,3,6,Shelby County                 ,18,18,3989480,0,0,0,0,0,0,0,0,0,18,18,3989480,0,0,0,0,0,0,0,0,0
201506,21,213,3,6,Simpson County                ,5,5,555000,0,0,0,0,0,0,0,0,0,5,5,555000,0,0,0,0,0,0,0,0,0
201506,21,215,3,6,Spencer County                ,4,4,902673,0,0,0,0,0,0,0,0,0,4,4,902673,0,0,0,0,0,0,0,0,0
201506,21,221,3,6,Trigg County                  ,0,0,0,0,0,0,0,0,0,0,0,0,0,0,0,0,0,0,0,0,0,0,0,0
201506,21,225,3,6,Union County                  ,0,0,0,0,0,0,0,0,0,0,0,0,0,0,0,0,0,0,0,0,0,0,0,0
201506,21,239,3,6,Woodford County               ,11,11,1837500,0,0,0,0,0,0,0,0,0,11,11,1837500,0,0,0,0,0,0,0,0,0
201506,22,005,3,7,Ascension Parish              ,67,67,12682540,0,0,0,0,0,0,0,0,0,67,67,12682540,0,0,0,0,0,0,0,0,0
201506,22,015,3,7,Bossier Parish                ,83,83,11242124,0,0,0,0,0,0,2,44,2679034,22,22,3771925,0,0,0,0,0,0,0,0,0
201506,22,017,3,7,Caddo Parish                  ,36,36,7680975,0,0,0,0,0,0,0,0,0,36,36,7680975,0,0,0,0,0,0,0,0,0
201506,22,031,3,7,De Soto Parish                ,14,14,3531014,0,0,0,0,0,0,0,0,0,14,14,3531014,0,0,0,0,0,0,0,0,0
201506,22,033,3,7,East Baton Rouge Parish       ,140,140,34411539,0,0,0,0,0,0,0,0,0,140,140,34411539,0,0,0,0,0,0,0,0,0
201506,22,037,3,7,East Feliciana Parish         ,4,4,780670,0,0,0,0,0,0,0,0,0,4,4,780670,0,0,0,0,0,0,0,0,0
201506,22,047,3,7,Iberville Parish              ,11,11,1974711,0,0,0,0,0,0,0,0,0,2,2,368800,0,0,0,0,0,0,0,0,0
201506,22,051,3,7,Jefferson Parish              ,35,35,6249808,1,2,128333,0,0,0,0,0,0,4,4,800000,0,0,0,0,0,0,0,0,0
201506,22,055,3,7,Lafayette Parish              ,139,139,29958826,0,0,0,0,0,0,0,0,0,98,98,23442339,0,0,0,0,0,0,0,0,0
201506,22,063,3,7,Livingston Parish             ,76,76,15475687,0,0,0,0,0,0,0,0,0,4,4,420000,0,0,0,0,0,0,0,0,0
201506,22,071,3,7,Orleans Parish                ,60,60,13708694,6,12,1092307,2,8,765016,1,28,5541038,0,0,0,0,0,0,0,0,0,0,0,0
201506,22,075,3,7,Plaquemines Parish            ,3,3,1237000,2,4,520000,0,0,0,0,0,0,3,3,1237000,2,4,520000,0,0,0,0,0,0
201506,22,077,3,7,Pointe Coupee Parish          ,1,1,109798,0,0,0,0,0,0,0,0,0,1,1,109798,0,0,0,0,0,0,0,0,0
201506,22,087,3,7,St. Bernard Parish            ,4,4,647534,0,0,0,0,0,0,0,0,0,0,0,0,0,0,0,0,0,0,0,0,0
201506,22,089,3,7,St. Charles Parish            ,9,9,1861377,0,0,0,0,0,0,0,0,0,9,9,1861377,0,0,0,0,0,0,0,0,0
201506,22,091,3,7,St. Helena Parish             ,0,0,0,0,0,0,0,0,0,0,0,0,0,0,0,0,0,0,0,0,0,0,0,0
201506,22,095,3,7,St. John the Baptist Parish   ,4,4,679324,0,0,0,0,0,0,0,0,0,0,0,0,0,0,0,0,0,0,0,0,0
201506,22,099,3,7,St. Martin Parish             ,14,14,3099320,0,0,0,0,0,0,0,0,0,14,14,3099320,0,0,0,0,0,0,0,0,0
201506,22,103,3,7,St. Tammany Parish            ,119,119,28897170,0,0,0,0,0,0,0,0,0,115,115,27510577,0,0,0,0,0,0,0,0,0
201506,22,109,3,7,Terrebonne Parish             ,12,12,2711231,0,0,0,0,0,0,0,0,0,12,12,2711231,0,0,0,0,0,0,0,0,0
201506,22,121,3,7,West Baton Rouge Parish       ,14,14,2135031,0,0,0,0,0,0,0,0,0,2,2,418185,0,0,0,0,0,0,0,0,0
201506,22,125,3,7,West Feliciana Parish         ,3,3,937685,0,0,0,0,0,0,0,0,0,3,3,937685,0,0,0,0,0,0,0,0,0
201506,23,000,1,1,Maine Unorganized Territory   ,8,8,1062402,0,0,0,0,0,0,0,0,0,0,0,0,0,0,0,0,0,0,0,0,0
201506,24,003,3,5,Anne Arundel County           ,263,263,58614574,1,2,261329,0,0,0,1,23,2588742,246,246,55514378,0,0,0,0,0,0,0,0,0
201506,24,005,3,5,Baltimore County              ,85,85,16113101,2,4,740000,0,0,0,1,16,1756689,0,0,0,0,0,0,0,0,0,0,0,0
201506,24,009,3,5,Calvert County                ,75,75,16925115,0,0,0,0,0,0,0,0,0,75,75,16925115,0,0,0,0,0,0,0,0,0
201506,24,013,3,5,Carroll County                ,32,32,6959195,0,0,0,1,3,557419,1,5,500000,0,0,0,0,0,0,0,0,0,0,0,0
201506,24,015,3,5,Cecil County                  ,9,9,2575000,0,0,0,0,0,0,0,0,0,9,9,2575000,0,0,0,0,0,0,0,0,0
201506,24,017,3,5,Charles County                ,72,72,16236000,0,0,0,0,0,0,0,0,0,72,72,16236000,0,0,0,0,0,0,0,0,0
201506,24,021,3,5,Frederick County              ,49,49,10592011,0,0,0,7,28,3387051,16,100,9521269,49,49,10592011,0,0,0,7,28,3387051,16,100,9521269
201506,24,023,3,5,Garrett County                ,112,112,32166409,0,0,0,0,0,0,0,0,0,112,112,32166409,0,0,0,0,0,0,0,0,0
201506,24,025,3,5,Harford County                ,47,47,10533992,0,0,0,0,0,0,11,326,31200000,46,46,10371492,0,0,0,0,0,0,11,326,31200000
201506,24,027,3,5,Howard County                 ,90,90,20310138,0,0,0,0,0,0,0,0,0,90,90,20310138,0,0,0,0,0,0,0,0,0
201506,24,031,3,5,Montgomery County             ,116,116,24668831,0,0,0,0,0,0,1,46,27000000,116,116,24668831,0,0,0,0,0,0,1,46,27000000
201506,24,033,3,5,Prince George County          ,107,107,24146498,0,0,0,0,0,0,0,0,0,107,107,24146498,0,0,0,0,0,0,0,0,0
201506,24,035,3,5,Queen Anne County             ,11,11,2197346,0,0,0,0,0,0,0,0,0,11,11,2197346,0,0,0,0,0,0,0,0,0
201506,24,037,3,5,St. Mary's County             ,52,52,12051696,0,0,0,0,0,0,1,5,905000,10,10,3205250,0,0,0,0,0,0,1,5,905000
201506,24,037,3,5,St. Marys County              ,52,52,12051696,0,0,0,0,0,0,1,5,905000,10,10,3205250,0,0,0,0,0,0,1,5,905000
201506,24,039,3,5,Somerset County               ,4,4,672178,0,0,0,0,0,0,4,82,9950533,0,0,0,0,0,0,0,0,0,3,75,9265000
201506,24,045,3,5,Wicomico County               ,13,13,1474900,2,4,378400,0,0,0,0,0,0,13,13,1474900,2,4,378400,0,0,0,0,0,0
201506,24,510,3,5,Baltimore (Independent City)  ,25,25,3897358,0,0,0,0,0,0,1,61,5923053,0,0,0,0,0,0,0,0,0,0,0,0
201506,25,005,1,1,Bristol County                ,60,60,12029522,1,2,266000,1,3,282000,1,12,858621,31,31,6313600,0,0,0,0,0,0,0,0,0
201506,25,009,1,1,Essex County                  ,58,58,18577321,2,4,552909,1,3,585318,3,32,3931833,26,26,7883787,0,0,0,0,0,0,0,0,0
201506,25,017,1,1,Middlesex County              ,180,180,50036449,8,16,3682515,3,9,1939938,10,282,36243009,121,121,33846782,6,12,3177156,3,9,1939938,1,20,6211190
201506,25,021,1,1,Norfolk County                ,64,64,22418089,2,4,622518,9,27,6228000,9,137,9516816,41,41,14596068,1,2,274000,9,27,6228000,0,0,0
201506,25,023,1,1,Plymouth County               ,89,89,18877035,4,8,1572617,2,7,866224,5,38,3877885,65,65,14459322,3,6,1321700,0,0,0,0,0,0
201506,25,025,1,1,Suffolk County                ,5,5,1286003,5,10,1271004,0,0,0,8,388,46024904,5,5,1286003,4,8,1050000,0,0,0,3,197,24628940
201506,26,000,2,3,Michigan Balance of State     ,5,5,1341715,0,0,0,0,0,0,0,0,0,5,5,1341715,0,0,0,0,0,0,0,0,0
201506,26,019,2,3,Benzie County                 ,6,6,995163,0,0,0,0,0,0,0,0,0,6,6,995163,0,0,0,0,0,0,0,0,0
201506,26,029,2,3,Charlevoix County             ,9,9,2784116,0,0,0,0,0,0,0,0,0,0,0,0,0,0,0,0,0,0,0,0,0
201506,26,089,2,3,Leelanau County               ,15,15,3623204,0,0,0,0,0,0,0,0,0,0,0,0,0,0,0,0,0,0,0,0,0
201506,26,093,2,3,Livingston County             ,70,70,20724886,0,0,0,2,7,1116338,0,0,0,68,68,20520743,0,0,0,2,7,1116338,0,0,0
201506,26,095,2,3,Luce County                   ,1,1,115700,0,0,0,0,0,0,0,0,0,1,1,115700,0,0,0,0,0,0,0,0,0
201506,26,099,2,3,Macomb County                 ,147,147,40488011,0,0,0,0,0,0,4,151,5800000,147,147,40488011,0,0,0,0,0,0,3,144,5100000
201506,26,103,2,3,Marquette County              ,16,16,3405000,0,0,0,0,0,0,0,0,0,16,16,3405000,0,0,0,0,0,0,0,0,0
201506,26,137,2,3,Otsego County                 ,2,2,162000,0,0,0,0,0,0,0,0,0,0,0,0,0,0,0,0,0,0,0,0,0
201506,26,147,2,3,St. Clair County              ,20,20,4194781,0,0,0,0,0,0,0,0,0,18,18,3941855,0,0,0,0,0,0,0,0,0
201506,26,163,2,3,Wayne County                  ,80,80,22807331,0,0,0,1,4,744444,9,65,8933533,75,75,22116331,0,0,0,1,4,744444,9,65,8933533
201506,27,003,2,4,Anoka County                  ,69,69,18261762,0,0,0,0,0,0,0,0,0,67,67,17802867,0,0,0,0,0,0,0,0,0
201506,27,019,2,4,Carver County                 ,61,61,20136016,0,0,0,0,0,0,0,0,0,59,59,19770319,0,0,0,0,0,0,0,0,0
201506,27,025,2,4,Chisago County                ,16,16,2607667,0,0,0,0,0,0,0,0,0,12,12,2077667,0,0,0,0,0,0,0,0,0
201506,27,027,2,4,Clay County                   ,32,32,7377000,0,0,0,0,0,0,3,153,12000000,32,32,7377000,0,0,0,0,0,0,3,153,12000000
201506,27,037,2,4,Dakota County                 ,118,118,35332936,0,0,0,1,4,760000,0,0,0,95,95,28886764,0,0,0,1,4,760000,0,0,0
201506,27,053,2,4,Hennepin County               ,186,186,64711033,0,0,0,0,0,0,3,156,22472540,166,166,54659442,0,0,0,0,0,0,2,145,20535000
201506,27,059,2,4,Isanti County                 ,17,17,3333000,0,0,0,0,0,0,0,0,0,17,17,3333000,0,0,0,0,0,0,0,0,0
201506,27,123,2,4,Ramsey County                 ,21,21,6405704,0,0,0,0,0,0,2,274,39573368,20,20,6085221,0,0,0,0,0,0,2,274,39573368
201506,27,139,2,4,Scott County                  ,51,51,15823944,0,0,0,0,0,0,0,0,0,35,35,11128793,0,0,0,0,0,0,0,0,0
201506,27,141,2,4,Sherburne County              ,29,29,6146428,0,0,0,0,0,0,0,0,0,27,27,5833428,0,0,0,0,0,0,0,0,0
201506,27,163,2,4,Washington County             ,81,81,27703534,0,0,0,0,0,0,0,0,0,77,77,25862731,0,0,0,0,0,0,0,0,0
201506,27,171,2,4,Wright County                 ,60,60,14595756,0,0,0,0,0,0,0,0,0,51,51,13020617,0,0,0,0,0,0,0,0,0
201506,28,033,3,6,DeSoto County                 ,100,100,14234474,0,0,0,0,0,0,0,0,0,70,70,8241260,0,0,0,0,0,0,0,0,0
201506,28,041,3,6,Greene County                 ,0,0,0,0,0,0,0,0,0,0,0,0,0,0,0,0,0,0,0,0,0,0,0,0
201506,28,045,3,6,Hancock County                ,35,35,5759582,1,2,185179,1,4,401445,2,14,1185278,4,4,1020247,0,0,0,0,0,0,0,0,0
201506,28,047,3,6,Harrison County               ,69,69,11807361,0,0,0,0,0,0,0,0,0,59,59,10671351,0,0,0,0,0,0,0,0,0
201506,28,067,3,6,Jones County                  ,2,2,253581,0,0,0,0,0,0,0,0,0,0,0,0,0,0,0,0,0,0,0,0,0
201506,28,137,3,6,Tate County                   ,3,3,677005,0,0,0,0,0,0,0,0,0,3,3,677005,0,0,0,0,0,0,0,0,0
201506,28,143,3,6,Tunica County                 ,1,1,80320,0,0,0,0,0,0,0,0,0,0,0,0,0,0,0,0,0,0,0,0,0
201506,28,145,3,6,Union County                  ,0,0,0,0,0,0,0,0,0,0,0,0,0,0,0,0,0,0,0,0,0,0,0,0
201506,28,149,3,6,Warren County                 ,1,1,200000,0,0,0,0,0,0,0,0,0,1,1,200000,0,0,0,0,0,0,0,0,0
201506,29,013,2,4,Bates County                  ,0,0,0,0,0,0,0,0,0,0,0,0,0,0,0,0,0,0,0,0,0,0,0,0
201506,29,019,2,4,Boone County                  ,73,73,18519967,2,4,408600,3,9,605931,1,20,3000000,73,73,18519967,2,4,408600,3,9,605931,1,20,3000000
201506,29,049,2,4,Clinton County                ,1,1,250000,0,0,0,0,0,0,0,0,0,1,1,250000,0,0,0,0,0,0,0,0,0
201506,29,065,2,4,Dent County                   ,0,0,0,0,0,0,0,0,0,0,0,0,0,0,0,0,0,0,0,0,0,0,0,0
201506,29,071,2,4,Franklin County               ,84,84,10289193,1,2,220000,0,0,0,0,0,0,81,81,9584716,1,2,220000,0,0,0,0,0,0
201506,29,095,2,4,Jackson County                ,172,172,38164039,8,16,1558460,1,4,297456,1,80,15840000,172,172,38164039,8,16,1558460,1,4,297456,1,80,15840000
201506,29,099,2,4,Jefferson County              ,36,36,5418490,1,2,125000,0,0,0,1,5,567387,26,26,3560811,1,2,125000,0,0,0,0,0,0
201506,29,105,2,4,Laclede County                ,0,0,0,0,0,0,0,0,0,0,0,0,0,0,0,0,0,0,0,0,0,0,0,0
201506,29,107,2,4,Lafayette County              ,2,2,465475,0,0,0,0,0,0,0,0,0,0,0,0,0,0,0,0,0,0,0,0,0
201506,29,113,2,4,Lincoln County                ,12,12,1430994,0,0,0,0,0,0,0,0,0,12,12,1430994,0,0,0,0,0,0,0,0,0
201506,29,165,2,4,Platte County                 ,27,27,7055226,0,0,0,0,0,0,0,0,0,27,27,7055226,0,0,0,0,0,0,0,0,0
201506,29,185,2,4,St. Clair County              ,0,0,0,0,0,0,0,0,0,0,0,0,0,0,0,0,0,0,0,0,0,0,0,0
201506,29,189,2,4,St. Louis County              ,76,76,32069897,0,0,0,0,0,0,3,107,11227752,29,29,12807812,0,0,0,0,0,0,2,97,9190800
201506,29,219,2,4,Warren County                 ,9,9,2214846,0,0,0,0,0,0,0,0,0,9,9,2214846,0,0,0,0,0,0,0,0,0
201506,29,221,2,4,Washington County             ,0,0,0,0,0,0,0,0,0,0,0,0,0,0,0,0,0,0,0,0,0,0,0,0
201506,29,510,2,4,St. Louis (Independent City)  ,3,3,660000,0,0,0,1,4,650000,0,0,0,3,3,660000,0,0,0,1,4,650000,0,0,0
201506,30,033,4,8,Garfield County               ,0,0,0,0,0,0,0,0,0,0,0,0,0,0,0,0,0,0,0,0,0,0,0,0
201506,30,063,4,8,Missoula County               ,30,30,4771976,1,2,102564,1,4,121186,1,20,1747770,21,21,2488773,1,2,102564,0,0,0,1,20,1747770
201506,30,093,4,8,Silver Bow County             ,4,4,461475,0,0,0,0,0,0,0,0,0,4,4,461475,0,0,0,0,0,0,0,0,0
201506,31,001,2,4,Adams County                  ,12,12,2372306,1,2,193932,0,0,0,0,0,0,0,0,0,0,0,0,0,0,0,0,0,0
201506,31,025,2,4,Cass County                   ,9,9,1314596,0,0,0,0,0,0,0,0,0,5,5,617407,0,0,0,0,0,0,0,0,0
201506,31,033,2,4,Cheyenne County               ,4,4,957329,0,0,0,0,0,0,0,0,0,3,3,727000,0,0,0,0,0,0,0,0,0
201506,31,055,2,4,Douglas County                ,134,134,21733520,0,0,0,0,0,0,5,138,8497088,126,126,19818444,0,0,0,0,0,0,5,138,8497088
201506,31,105,2,4,Kimball County                ,0,0,0,1,2,145000,0,0,0,0,0,0,0,0,0,1,2,145000,0,0,0,0,0,0
201506,31,153,2,4,Sarpy County                  ,76,76,18620105,0,0,0,0,0,0,0,0,0,76,76,18620105,0,0,0,0,0,0,0,0,0
201506,31,165,2,4,Sioux County                  ,1,1,250000,0,0,0,0,0,0,0,0,0,1,1,250000,0,0,0,0,0,0,0,0,0
201506,31,177,2,4,Washington County             ,4,4,1133810,0,0,0,0,0,0,0,0,0,4,4,1133810,0,0,0,0,0,0,0,0,0
201506,32,001,4,8,Churchill County              ,0,0,0,0,0,0,0,0,0,0,0,0,0,0,0,0,0,0,0,0,0,0,0,0
201506,32,003,4,8,Clark County                  ,855,855,143526218,0,0,0,0,0,0,13,185,10879361,855,855,143526218,0,0,0,0,0,0,13,185,10879361
201506,32,005,4,8,Douglas County                ,10,10,2754785,0,0,0,0,0,0,0,0,0,10,10,2754785,0,0,0,0,0,0,0,0,0
201506,32,007,4,8,Elko County                   ,19,19,2695504,0,0,0,0,0,0,0,0,0,19,19,2695504,0,0,0,0,0,0,0,0,0
201506,32,013,4,8,Humboldt County               ,4,4,615891,0,0,0,0,0,0,0,0,0,4,4,615891,0,0,0,0,0,0,0,0,0
201506,32,015,4,8,Lander County                 ,0,0,0,0,0,0,0,0,0,0,0,0,0,0,0,0,0,0,0,0,0,0,0,0
201506,32,017,4,8,Lincoln County                ,1,1,257054,0,0,0,0,0,0,0,0,0,0,0,0,0,0,0,0,0,0,0,0,0
201506,32,019,4,8,Lyon County                   ,21,21,4274906,0,0,0,0,0,0,0,0,0,21,21,4274906,0,0,0,0,0,0,0,0,0
201506,32,021,4,8,Mineral County                ,0,0,0,0,0,0,0,0,0,0,0,0,0,0,0,0,0,0,0,0,0,0,0,0
201506,32,027,4,8,Pershing County               ,0,0,0,0,0,0,0,0,0,0,0,0,0,0,0,0,0,0,0,0,0,0,0,0
201506,32,029,4,8,Storey County                 ,1,1,145746,0,0,0,0,0,0,0,0,0,1,1,145746,0,0,0,0,0,0,0,0,0
201506,32,031,4,8,Washoe County                 ,181,181,46721365,3,6,1012094,0,0,0,3,180,29788100,134,134,35895452,3,6,1012094,0,0,0,3,180,29788100
201506,32,033,4,8,White Pine County             ,0,0,0,0,0,0,0,0,0,0,0,0,0,0,0,0,0,0,0,0,0,0,0,0
201506,32,510,4,8,Carson City (Independent City),1,1,535000,0,0,0,0,0,0,0,0,0,1,1,535000,0,0,0,0,0,0,0,0,0
201506,33,015,1,1,Rockingham County             ,68,68,15705887,1,2,273002,0,0,0,3,23,3088000,52,52,11081892,0,0,0,0,0,0,3,23,3088000
201506,33,017,1,1,Strafford County              ,24,24,4389892,0,0,0,0,0,0,1,78,14875140,21,21,3801719,0,0,0,0,0,0,0,0,0
201506,34,001,1,2,Atlantic County               ,30,30,6602553,1,2,289712,0,0,0,4,113,16317078,18,18,5085151,0,0,0,0,0,0,0,0,0
201506,34,003,1,2,Bergen County                 ,125,125,74516539,12,24,3854905,1,3,563000,20,327,26616301,73,73,56828122,6,12,2376375,0,0,210000,1,6,600000
201506,34,005,1,2,Burlington County             ,72,72,12249836,0,0,0,0,0,0,3,32,1671099,50,50,9326000,0,0,0,0,0,0,1,18,671250
201506,34,007,1,2,Camden County                 ,28,28,3193121,2,4,800,1,4,52471,6,92,4808038,24,24,2751213,2,4,800,0,0,0,0,0,0
201506,34,009,1,2,Cape May County               ,26,26,8462473,2,4,659000,0,0,0,0,0,0,24,24,7910520,2,4,659000,0,0,0,0,0,0
201506,34,011,1,2,Cumberland County             ,16,16,1700399,0,0,0,0,0,0,1,12,1598832,1,1,25010,0,0,0,0,0,0,0,0,0
201506,34,013,1,2,Essex County                  ,18,18,5682398,5,10,836000,11,37,9532701,8,568,57157820,9,9,4175590,5,10,836000,10,34,8687000,1,160,23670000
201506,34,015,1,2,Gloucester County             ,35,35,4657433,0,0,0,0,0,0,4,96,4060400,23,23,3440150,0,0,0,0,0,0,4,96,4060400
201506,34,017,1,2,Hudson County                 ,33,33,2474435,2,4,401260,3,9,1548665,10,906,110634336,31,31,2028700,0,0,0,1,3,454500,1,40,2020000
201506,34,019,1,2,Hunterdon County              ,10,10,2648739,0,0,0,0,0,0,6,83,4331176,7,7,2279100,0,0,0,0,0,0,1,12,843900
201506,34,021,1,2,Mercer County                 ,18,18,7046794,0,0,18200,0,0,0,2,38,3024747,13,13,5941412,0,0,18200,0,0,0,0,0,0
201506,34,023,1,2,Middlesex County              ,76,76,14085396,0,0,0,0,0,0,7,412,62363054,64,64,12305154,0,0,0,0,0,0,0,0,0
201506,34,025,1,2,Monmouth County               ,118,118,28166768,0,0,0,1,3,318686,5,49,3975321,78,78,21178467,0,0,0,0,0,0,2,10,440000
201506,34,027,1,2,Morris County                 ,77,77,19955387,0,0,0,0,0,0,14,406,21918209,51,51,13933691,0,0,0,0,0,0,3,90,4673200
201506,34,029,1,2,Ocean County                  ,200,200,39262712,3,6,841000,0,0,0,1,5,1824,190,190,35677314,3,6,841000,0,0,0,0,0,0
201506,34,031,1,2,Passaic County                ,14,14,2383039,1,2,140767,1,3,33750,3,80,5694814,1,1,16000,0,0,0,0,0,0,0,0,0
201506,34,033,1,2,Salem County                  ,3,3,344800,0,0,0,0,0,0,0,0,0,3,3,344800,0,0,0,0,0,0,0,0,0
201506,34,035,1,2,Somerset County               ,33,33,6478191,0,0,0,0,0,0,5,129,6450664,27,27,5699701,0,0,0,0,0,0,1,5,3000
201506,34,037,1,2,Sussex County                 ,15,15,2975413,0,0,0,0,0,0,2,25,1352688,4,4,786100,0,0,0,0,0,0,0,0,0
201506,34,039,1,2,Union County                  ,44,44,9098429,4,8,462000,0,0,0,7,248,8881148,27,27,6909401,3,6,287000,0,0,0,1,6,15000
201506,34,041,1,2,Warren County                 ,25,25,3435899,0,0,0,0,0,0,3,32,1381720,15,15,1914904,0,0,0,0,0,0,0,0,0
201506,35,000,4,8,New Mexico Balance of State   ,28,28,10347104,0,0,0,0,0,0,0,0,0,28,28,10347104,0,0,0,0,0,0,0,0,0
201506,35,001,4,8,Bernalillo County             ,100,100,21509098,0,0,0,0,0,0,0,0,0,100,100,21509098,0,0,0,0,0,0,0,0,0
201506,35,005,4,8,Chaves County                 ,8,8,1655591,0,0,0,0,0,0,0,0,0,6,6,1008678,0,0,0,0,0,0,0,0,0
201506,35,007,4,8,Colfax County                 ,1,1,433829,0,0,0,0,0,0,0,0,0,0,0,0,0,0,0,0,0,0,0,0,0
201506,35,009,4,8,Curry County                  ,1,1,308770,0,0,0,0,0,0,0,0,0,1,1,308770,0,0,0,0,0,0,0,0,0
201506,35,013,4,8,Dona Ana County               ,72,72,14742140,0,0,0,0,0,0,0,0,0,13,13,2970420,0,0,0,0,0,0,0,0,0
201506,35,015,4,8,Eddy County                   ,17,17,2942140,0,0,0,0,0,0,0,0,0,17,17,2942140,0,0,0,0,0,0,0,0,0
201506,35,017,4,8,Grant County                  ,4,4,861357,0,0,0,0,0,0,0,0,0,4,4,861357,0,0,0,0,0,0,0,0,0
201506,35,025,4,8,Lea County                    ,26,26,5972425,0,0,0,0,0,0,0,0,0,26,26,5972425,0,0,0,0,0,0,0,0,0
201506,35,027,4,8,Lincoln County                ,6,6,1550454,0,0,0,0,0,0,0,0,0,0,0,0,0,0,0,0,0,0,0,0,0
201506,35,028,4,8,Los Alamos County             ,1,1,350000,0,0,0,0,0,0,0,0,0,1,1,350000,0,0,0,0,0,0,0,0,0
201506,35,029,4,8,Luna County                   ,4,4,701000,0,0,0,0,0,0,0,0,0,4,4,701000,0,0,0,0,0,0,0,0,0
201506,35,031,4,8,McKinley County               ,1,1,475827,0,0,0,0,0,0,0,0,0,1,1,475827,0,0,0,0,0,0,0,0,0
201506,35,035,4,8,Otero County                  ,0,0,0,0,0,0,0,0,0,0,0,0,0,0,0,0,0,0,0,0,0,0,0,0
201506,35,039,4,8,Rio Arriba County             ,0,0,0,0,0,0,0,0,0,0,0,0,0,0,0,0,0,0,0,0,0,0,0,0
201506,35,041,4,8,Roosevelt County              ,0,0,0,0,0,0,0,0,0,0,0,0,0,0,0,0,0,0,0,0,0,0,0,0
201506,35,043,4,8,Sandoval County               ,104,104,19818998,1,2,283271,3,11,922386,1,5,208333,0,0,0,0,0,0,0,0,0,0,0,0
201506,35,045,4,8,San Juan County               ,17,17,4053855,0,0,0,0,0,0,0,0,0,17,17,4053855,0,0,0,0,0,0,0,0,0
201506,35,047,4,8,San Miguel County             ,0,0,0,0,0,0,0,0,0,0,0,0,0,0,0,0,0,0,0,0,0,0,0,0
201506,35,049,4,8,Santa Fe County               ,20,20,4607675,0,0,0,0,0,0,0,0,0,0,0,0,0,0,0,0,0,0,0,0,0
201506,35,051,4,8,Sierra County                 ,0,0,0,0,0,0,0,0,0,0,0,0,0,0,0,0,0,0,0,0,0,0,0,0
201506,35,053,4,8,Socorro County                ,0,0,0,0,0,0,0,0,0,0,0,0,0,0,0,0,0,0,0,0,0,0,0,0
201506,35,055,4,8,Taos County                   ,7,7,767591,0,0,0,0,0,0,0,0,0,0,0,0,0,0,0,0,0,0,0,0,0
201506,35,061,4,8,Valencia County               ,10,10,1084120,0,0,0,0,0,0,0,0,0,0,0,0,0,0,0,0,0,0,0,0,0
201506,36,001,1,2,Albany County                 ,23,23,6031520,0,0,0,4,16,2124000,3,128,13893778,22,22,5830247,0,0,0,4,16,2124000,3,128,13893778
201506,36,005,1,2,Bronx County                  ,0,0,0,2,4,517203,4,15,1646907,11,740,92514800,0,0,0,2,4,517203,4,15,1646907,11,740,92514800
201506,36,029,1,2,Erie County                   ,84,84,22523656,1,2,357041,0,0,0,5,90,12761731,74,74,20491273,0,0,0,0,0,0,3,72,10111667
201506,36,047,1,2,Kings County                  ,10,10,2572006,11,22,2844615,28,95,10430411,194,8372,1046667440,10,10,2572006,11,22,2844615,28,95,10430411,194,8372,1046667440
201506,36,051,1,2,Livingston County             ,9,9,1809721,0,0,0,0,0,0,0,0,0,5,5,995000,0,0,0,0,0,0,0,0,0
201506,36,055,1,2,Monroe County                 ,104,104,19569873,2,4,400000,0,0,0,4,89,12615589,89,89,17349401,2,4,400000,0,0,0,3,25,3566700
201506,36,059,1,2,Nassau County                 ,55,55,25167993,0,0,0,0,0,0,5,112,19374594,9,9,7203000,0,0,0,0,0,0,1,20,6000000
201506,36,061,1,2,New York County               ,0,0,0,0,0,0,0,0,0,34,4649,581217980,0,0,0,0,0,0,0,0,0,34,4649,581217980
201506,36,063,1,2,Niagara County                ,14,14,3849462,0,0,0,0,0,0,0,0,0,13,13,3700402,0,0,0,0,0,0,0,0,0
201506,36,069,1,2,Ontario County                ,26,26,6856250,0,0,0,0,0,0,0,0,0,24,24,6453000,0,0,0,0,0,0,0,0,0
201506,36,073,1,2,Orleans County                ,0,0,0,0,0,0,0,0,0,0,0,0,0,0,0,0,0,0,0,0,0,0,0,0
201506,36,079,1,2,Putnam County                 ,6,6,2079247,0,0,0,1,3,885606,1,6,546760,3,3,1410000,0,0,0,0,0,0,0,0,0
201506,36,081,1,2,Queens County                 ,15,15,3858009,7,14,1810210,9,32,3513402,40,3781,472700620,15,15,3858009,7,14,1810210,9,32,3513402,40,3781,472700620
201506,36,083,1,2,Rensselaer County             ,11,11,2263260,1,2,550000,0,0,0,2,37,1765909,1,1,250000,0,0,0,0,0,0,0,0,0
201506,36,085,1,2,Richmond County               ,27,27,6944416,14,28,3620420,0,0,0,0,0,0,27,27,6944416,14,28,3620420,0,0,0,0,0,0
201506,36,087,1,2,Rockland County               ,8,8,1367525,1,2,358750,1,4,548267,5,48,7230552,5,5,743000,0,0,0,0,0,0,4,26,3450360
201506,36,091,1,2,Saratoga County               ,54,54,13016301,2,4,358601,2,6,658763,7,65,5357727,39,39,9669090,1,2,258601,2,6,658763,3,30,2250000
201506,36,093,1,2,Schenectady County            ,8,8,1386250,0,0,0,0,0,0,1,20,1245833,6,6,990000,0,0,0,0,0,0,0,0,0
201506,36,095,1,2,Schoharie County              ,3,3,500000,0,0,0,0,0,0,0,0,0,2,2,370000,0,0,0,0,0,0,0,0,0
201506,36,099,1,2,Seneca County                 ,3,3,304500,0,0,0,0,0,0,0,0,0,3,3,304500,0,0,0,0,0,0,0,0,0
201506,36,117,1,2,Wayne County                  ,7,7,1143727,0,0,0,0,0,0,0,0,0,4,4,660000,0,0,0,0,0,0,0,0,0
201506,36,119,1,2,Westchester County            ,24,24,10929844,0,0,0,0,0,0,1,5,2333333,16,16,7886140,0,0,0,0,0,0,0,0,0
201506,37,007,3,5,Anson County                  ,3,3,449595,0,0,0,0,0,0,0,0,0,0,0,0,0,0,0,0,0,0,0,0,0
201506,37,011,3,5,Avery County                  ,5,5,2326250,0,0,0,0,0,0,0,0,0,0,0,0,0,0,0,0,0,0,0,0,0
201506,37,015,3,5,Bertie County                 ,0,0,0,0,0,0,0,0,0,0,0,0,0,0,0,0,0,0,0,0,0,0,0,0
201506,37,025,3,5,Cabarrus County               ,126,126,19094658,1,2,140000,0,0,0,0,0,0,126,126,19094658,1,2,140000,0,0,0,0,0,0
201506,37,033,3,5,Caswell County                ,3,3,473000,0,0,0,0,0,0,0,0,0,3,3,473000,0,0,0,0,0,0,0,0,0
201506,37,037,3,5,Chatham County                ,50,50,13548456,0,0,0,0,0,0,0,0,0,50,50,13548456,0,0,0,0,0,0,0,0,0
201506,37,051,3,5,Cumberland County             ,51,51,8362625,0,0,0,0,0,0,0,0,0,49,49,7754895,0,0,0,0,0,0,0,0,0
201506,37,053,3,5,Currituck County              ,22,22,7717018,0,0,0,0,0,0,0,0,0,22,22,7717018,0,0,0,0,0,0,0,0,0
201506,37,059,3,5,Davie County                  ,7,7,1354700,0,0,0,0,0,0,0,0,0,7,7,1354700,0,0,0,0,0,0,0,0,0
201506,37,063,3,5,Durham County                 ,145,145,24079869,0,0,0,0,0,0,0,0,0,145,145,24079869,0,0,0,0,0,0,0,0,0
201506,37,069,3,5,Franklin County               ,31,31,5740560,0,0,0,0,0,0,0,0,0,31,31,5740560,0,0,0,0,0,0,0,0,0
201506,37,071,3,5,Gaston County                 ,113,113,24206375,0,0,0,0,0,0,1,128,5926437,113,113,24206375,0,0,0,0,0,0,1,128,5926437
201506,37,081,3,5,Guilford County               ,138,138,36102221,0,0,0,0,0,0,1,12,1704312,138,138,36102221,0,0,0,0,0,0,1,12,1704312
201506,37,089,3,5,Henderson County              ,136,136,14244402,0,0,0,0,0,0,0,0,0,136,136,14244402,0,0,0,0,0,0,0,0,0
201506,37,093,3,5,Hoke County                   ,32,32,7221382,0,0,0,0,0,0,0,0,0,32,32,7221382,0,0,0,0,0,0,0,0,0
201506,37,097,3,5,Iredell County                ,93,93,26470715,0,0,0,0,0,0,4,80,6719575,93,93,26470715,0,0,0,0,0,0,4,80,6719575
201506,37,101,3,5,Johnston County               ,158,158,27968487,0,0,0,0,0,0,0,0,0,127,127,23341585,0,0,0,0,0,0,0,0,0
201506,37,119,3,5,Mecklenburg County            ,384,384,86656590,2,4,464125,8,32,1316583,4,167,14766341,384,384,86656590,2,4,464125,8,32,1316583,4,167,14766341
201506,37,133,3,5,Onslow County                 ,77,77,10504160,0,0,0,0,0,0,0,0,0,77,77,10504160,0,0,0,0,0,0,0,0,0
201506,37,135,3,5,Orange County                 ,37,37,12640919,0,0,0,0,0,0,0,0,0,32,32,10888967,0,0,0,0,0,0,0,0,0
201506,37,145,3,5,Person County                 ,5,5,705000,0,0,0,0,0,0,0,0,0,5,5,705000,0,0,0,0,0,0,0,0,0
201506,37,151,3,5,Randolph County               ,23,23,4607711,0,0,0,0,0,0,0,0,0,23,23,4607711,0,0,0,0,0,0,0,0,0
201506,37,157,3,5,Rockingham County             ,11,11,2168445,0,0,0,0,0,0,0,0,0,11,11,2168445,0,0,0,0,0,0,0,0,0
201506,37,179,3,5,Union County                  ,115,115,24890779,0,0,0,0,0,0,0,0,0,115,115,24890779,0,0,0,0,0,0,0,0,0
201506,37,181,3,5,Vance County                  ,3,3,498115,0,0,0,0,0,0,0,0,0,0,0,0,0,0,0,0,0,0,0,0,0
201506,37,183,3,5,Wake County                   ,632,632,141412932,1,2,200000,1,4,76000,10,444,50818821,537,537,120454686,1,2,200000,1,4,76000,10,444,50818821
201506,37,195,3,5,Wilson County                 ,17,17,3836359,0,0,0,0,0,0,0,0,0,17,17,3836359,0,0,0,0,0,0,0,0,0
201506,39,007,2,3,Ashtabula County              ,10,10,1858006,1,2,167000,0,0,0,0,0,0,0,0,0,0,0,0,0,0,0,0,0,0
201506,39,015,2,3,Brown County                  ,7,7,1115308,0,0,0,0,0,0,0,0,0,0,0,0,0,0,0,0,0,0,0,0,0
201506,39,017,2,3,Butler County                 ,57,57,13258390,0,0,0,0,0,0,1,24,1872480,52,52,12545275,0,0,0,0,0,0,1,24,1872480
201506,39,025,2,3,Clermont County               ,25,25,5579589,0,0,0,0,0,0,1,14,968388,25,25,5579589,0,0,0,0,0,0,1,14,968388
201506,39,041,2,3,Delaware County               ,88,88,23185712,0,0,0,1,4,105000,0,0,0,88,88,23185712,0,0,0,1,4,105000,0,0,0
201506,39,049,2,3,Franklin County               ,81,81,26803744,0,0,0,0,0,0,2,52,3800000,80,80,26698244,0,0,0,0,0,0,2,52,3800000
201506,39,055,2,3,Geauga County                 ,13,13,4421640,0,0,0,0,0,0,0,0,0,13,13,4421640,0,0,0,0,0,0,0,0,0
201506,39,085,2,3,Lake County                   ,30,30,6652971,0,0,0,0,0,0,0,0,0,29,29,6488398,0,0,0,0,0,0,0,0,0
201506,39,089,2,3,Licking County                ,24,24,5176490,0,0,0,0,0,0,0,0,0,0,0,0,0,0,0,0,0,0,0,0,0
201506,39,093,2,3,Lorain County                 ,80,80,18724106,0,0,0,0,0,0,2,11,491520,38,38,10523239,0,0,0,0,0,0,0,0,0
201506,39,097,2,3,Madison County                ,2,2,492188,0,0,0,0,0,0,0,0,0,2,2,492188,0,0,0,0,0,0,0,0,0
201506,39,103,2,3,Medina County                 ,56,56,13056484,0,0,0,0,0,0,6,38,1716649,56,56,13056484,0,0,0,0,0,0,6,38,1716649
201506,39,117,2,3,Morrow County                 ,2,2,396391,0,0,0,0,0,0,0,0,0,0,0,0,0,0,0,0,0,0,0,0,0
201506,39,159,2,3,Union County                  ,45,45,11074230,0,0,0,0,0,0,0,0,0,45,45,11074230,0,0,0,0,0,0,0,0,0
201506,39,165,2,3,Warren County                 ,92,92,25122624,0,0,0,1,4,1341564,0,0,0,89,89,24677109,0,0,0,1,4,1341564,0,0,0
201506,40,001,3,7,Adair County                  ,0,0,0,0,0,0,0,0,0,0,0,0,0,0,0,0,0,0,0,0,0,0,0,0
201506,40,017,3,7,Canadian County               ,15,15,4320100,0,0,0,0,0,0,0,0,0,15,15,4320100,0,0,0,0,0,0,0,0,0
201506,40,021,3,7,Cherokee County               ,4,4,524953,1,2,130000,0,0,0,1,5,244048,0,0,0,0,0,0,0,0,0,0,0,0
201506,40,027,3,7,Cleveland County              ,69,69,18617972,2,4,270000,0,0,0,0,0,0,69,69,18617972,0,0,0,0,0,0,0,0,0
201506,40,029,3,7,Coal County                   ,0,0,0,0,0,0,0,0,0,0,0,0,0,0,0,0,0,0,0,0,0,0,0,0
201506,40,037,3,7,Creek County                  ,6,6,1284000,0,0,0,0,0,0,0,0,0,6,6,1284000,0,0,0,0,0,0,0,0,0
201506,40,051,3,7,Grady County                  ,10,10,1944950,1,2,150000,0,0,0,0,0,0,2,2,278000,1,2,150000,0,0,0,0,0,0
201506,40,055,3,7,Greer County                  ,0,0,0,0,0,0,0,0,0,0,0,0,0,0,0,0,0,0,0,0,0,0,0,0
201506,40,081,3,7,Lincoln County                ,0,0,0,0,0,0,0,0,0,0,0,0,0,0,0,0,0,0,0,0,0,0,0,0
201506,40,083,3,7,Logan County                  ,1,1,554887,0,0,0,0,0,0,0,0,0,1,1,554887,0,0,0,0,0,0,0,0,0
201506,40,087,3,7,McClain County                ,23,23,4955342,0,0,0,0,0,0,0,0,0,14,14,3609514,0,0,0,0,0,0,0,0,0
201506,40,109,3,7,Oklahoma County               ,363,363,75878438,2,4,390000,0,0,0,0,0,0,349,349,73495392,2,4,390000,0,0,0,0,0,0
201506,40,111,3,7,Okmulgee County               ,0,0,0,0,0,0,0,0,0,0,0,0,0,0,0,0,0,0,0,0,0,0,0,0
201506,40,113,3,7,Osage County                  ,6,6,1001000,0,0,0,0,0,0,0,0,0,6,6,1001000,0,0,0,0,0,0,0,0,0
201506,40,117,3,7,Pawnee County                 ,0,0,0,0,0,0,0,0,0,0,0,0,0,0,0,0,0,0,0,0,0,0,0,0
201506,40,131,3,7,Rogers County                 ,27,27,3757671,0,0,0,0,0,0,1,5,197917,25,25,3569338,0,0,0,0,0,0,0,0,0
201506,40,143,3,7,Tulsa County                  ,146,146,35997995,0,0,0,2,8,1668723,1,6,410000,94,94,25791125,0,0,0,0,0,0,0,0,0
201506,40,145,3,7,Wagoner County                ,21,21,3190385,0,0,0,0,0,0,0,0,0,21,21,3190385,0,0,0,0,0,0,0,0,0
201506,41,000,4,9,Oregon Balance of State       ,11,11,1746686,0,0,0,0,0,0,0,0,0,0,0,0,0,0,0,0,0,0,0,0,0
201506,41,005,4,9,Clackamas County              ,164,164,42800768,0,0,0,0,0,0,0,0,0,160,160,41427359,0,0,0,0,0,0,0,0,0
201506,41,019,4,9,Douglas County                ,24,24,6895088,0,0,0,0,0,0,0,0,0,24,24,6895088,0,0,0,0,0,0,0,0,0
201506,41,025,4,9,Harney County                 ,0,0,0,0,0,0,0,0,0,0,0,0,0,0,0,0,0,0,0,0,0,0,0,0
201506,41,035,4,9,Klamath County                ,12,12,3085140,0,0,0,0,0,0,0,0,0,12,12,3085140,0,0,0,0,0,0,0,0,0
201506,41,051,4,9,Multnomah County              ,115,115,31433464,7,14,2633368,0,0,0,10,350,27512789,115,115,31433464,7,14,2633368,0,0,0,10,350,27512789
201506,41,067,4,9,Washington County             ,188,188,52127282,0,0,0,0,0,0,11,256,31432083,180,180,49682402,0,0,0,0,0,0,11,256,31432083
201506,41,071,4,9,Yamhill County                ,43,43,10804318,1,2,321553,0,0,0,0,0,0,43,43,10804318,1,2,321553,0,0,0,0,0,0
201506,42,001,1,2,Adams County                  ,19,19,4714614,0,0,0,0,0,0,0,0,0,19,19,4714614,0,0,0,0,0,0,0,0,0
201506,42,017,1,2,Bucks County                  ,79,79,12369659,0,0,0,1,4,408000,1,33,3720160,45,45,7394331,0,0,0,1,4,408000,1,33,3720160
201506,42,029,1,2,Chester County                ,84,84,18838251,0,0,0,2,7,768905,1,5,534286,69,69,14858238,0,0,0,2,7,768905,0,0,0
201506,42,037,1,2,Columbia County               ,9,9,1926627,0,0,0,0,0,0,0,0,0,6,6,1199701,0,0,0,0,0,0,0,0,0
201506,42,041,1,2,Cumberland County             ,58,58,10088830,0,0,0,0,0,0,1,27,1167766,54,54,9424088,0,0,0,0,0,0,0,0,0
201506,42,043,1,2,Dauphin County                ,40,40,8352373,0,0,0,0,0,0,3,52,4772970,14,14,2545174,0,0,0,0,0,0,0,0,0
201506,42,045,1,2,Delaware County               ,27,27,6610576,1,2,258601,0,0,0,1,13,4435294,7,7,1641976,1,2,258601,0,0,0,0,0,0
201506,42,055,1,2,Franklin County               ,33,33,6136740,0,0,0,1,4,432256,2,10,563600,26,26,5235386,0,0,0,0,0,0,0,0,0
201506,42,091,1,2,Montgomery County             ,118,118,27316984,0,0,0,1,4,560708,1,83,7470000,100,100,23203234,0,0,0,0,0,0,0,0,0
201506,42,093,1,2,Montour County                ,3,3,684523,1,2,130000,0,0,0,0,0,0,1,1,257201,0,0,0,0,0,0,0,0,0
201506,42,099,1,2,Perry County                  ,7,7,1622558,0,0,0,0,0,0,0,0,0,0,0,0,0,0,0,0,0,0,0,0,0
201506,42,101,1,2,Philadelphia County           ,63,63,16203637,2,4,425000,19,61,14240000,11,438,98502700,63,63,16203637,2,4,425000,19,61,14240000,11,438,98502700
201506,42,103,1,2,Pike County                   ,9,9,2140178,0,0,0,0,0,0,0,0,0,8,8,1898752,0,0,0,0,0,0,0,0,0
201506,44,001,1,1,Bristol County                ,6,6,1557000,0,0,0,0,0,0,0,0,0,6,6,1557000,0,0,0,0,0,0,0,0,0
201506,44,003,1,1,Kent County                   ,30,30,4165696,0,0,0,0,0,0,0,0,0,25,25,3192390,0,0,0,0,0,0,0,0,0
201506,44,005,1,1,Newport County                ,8,8,1676491,0,0,0,1,3,225000,0,0,0,5,5,1095000,0,0,0,0,0,0,0,0,0
201506,44,007,1,1,Providence County             ,41,41,8575384,1,2,163000,0,0,0,0,0,0,34,34,7854901,0,0,0,0,0,0,0,0,0
201506,44,009,1,1,Washington County             ,18,18,4816062,1,2,500000,0,0,0,0,0,0,11,11,2633825,1,2,500000,0,0,0,0,0,0
201506,45,003,3,5,Aiken County                  ,54,54,11357418,0,0,0,1,4,396539,0,0,0,40,40,9093464,0,0,0,0,0,0,0,0,0
201506,45,009,3,5,Bamberg County                ,0,0,0,0,0,0,0,0,0,0,0,0,0,0,0,0,0,0,0,0,0,0,0,0
201506,45,015,3,5,Berkeley County               ,190,190,53134524,0,0,0,0,0,0,1,69,1627853,181,181,50218293,0,0,0,0,0,0,0,0,0
201506,45,017,3,5,Calhoun County                ,0,0,0,0,0,0,0,0,0,0,0,0,0,0,0,0,0,0,0,0,0,0,0,0
201506,45,019,3,5,Charleston County             ,225,225,52100178,0,0,0,0,0,0,2,36,1803733,128,128,29525723,0,0,0,0,0,0,0,0,0
201506,45,035,3,5,Dorchester County             ,88,88,21234500,0,0,0,0,0,0,0,0,0,87,87,21127000,0,0,0,0,0,0,0,0,0
201506,45,037,3,5,Edgefield County              ,7,7,1083960,0,0,0,0,0,0,0,0,0,7,7,1083960,0,0,0,0,0,0,0,0,0
201506,45,039,3,5,Fairfield County              ,7,7,973346,0,0,0,0,0,0,0,0,0,0,0,0,0,0,0,0,0,0,0,0,0
201506,45,045,3,5,Greenville County             ,281,281,63727349,0,0,0,0,0,0,1,55,4890360,279,279,63547356,0,0,0,0,0,0,1,55,4890360
201506,45,051,3,5,Horry County                  ,310,310,54446295,1,2,218278,1,4,420000,4,53,4687162,278,278,46917549,1,2,218278,1,4,420000,3,48,4437162
201506,45,055,3,5,Kershaw County                ,20,20,2572033,0,0,0,0,0,0,0,0,0,20,20,2572033,0,0,0,0,0,0,0,0,0
201506,45,059,3,5,Laurens County                ,13,13,2000355,0,0,0,0,0,0,0,0,0,12,12,1848080,0,0,0,0,0,0,0,0,0
201506,45,063,3,5,Lexington County              ,160,160,42419797,0,0,0,0,0,0,0,0,0,32,32,6885433,0,0,0,0,0,0,0,0,0
201506,45,077,3,5,Pickens County                ,24,24,7387024,0,0,0,1,3,240000,1,12,581062,21,21,6646244,0,0,0,0,0,0,0,0,0
201506,45,079,3,5,Richland County               ,143,143,18384480,0,0,0,0,0,0,3,46,2596367,6,6,909590,0,0,0,0,0,0,0,0,0
201506,45,081,3,5,Saluda County                 ,3,3,802400,0,0,0,0,0,0,0,0,0,3,3,802400,0,0,0,0,0,0,0,0,0
201506,45,085,3,5,Sumter County                 ,28,28,3728799,0,0,0,0,0,0,0,0,0,0,0,0,0,0,0,0,0,0,0,0,0
201506,45,091,3,5,York County                   ,208,208,65605270,0,0,0,0,0,0,0,0,0,187,187,57381384,0,0,0,0,0,0,0,0,0
201506,46,007,2,4,Bennett County                ,0,0,0,0,0,0,0,0,0,0,0,0,0,0,0,0,0,0,0,0,0,0,0,0
201506,46,055,2,4,Haakon County                 ,0,0,0,0,0,0,0,0,0,0,0,0,0,0,0,0,0,0,0,0,0,0,0,0
201506,46,071,2,4,Jackson County                ,0,0,0,0,0,0,0,0,0,0,0,0,0,0,0,0,0,0,0,0,0,0,0,0
201506,46,111,2,4,Sanborn County                ,0,0,0,0,0,0,0,0,0,0,0,0,0,0,0,0,0,0,0,0,0,0,0,0
201506,47,001,3,6,Anderson County               ,7,7,1400437,0,0,0,0,0,0,1,8,766303,4,4,933470,0,0,0,0,0,0,0,0,0
201506,47,015,3,6,Cannon County                 ,1,1,126190,0,0,0,0,0,0,0,0,0,0,0,0,0,0,0,0,0,0,0,0,0
201506,47,021,3,6,Cheatham County               ,13,13,2572000,0,0,0,0,0,0,0,0,0,13,13,2572000,0,0,0,0,0,0,0,0,0
201506,47,037,3,6,Davidson County               ,333,333,79181801,0,0,0,0,0,0,0,0,0,332,332,78373789,0,0,0,0,0,0,0,0,0
201506,47,043,3,6,Dickson County                ,23,23,4373133,0,0,0,0,0,0,0,0,0,21,21,3944395,0,0,0,0,0,0,0,0,0
201506,47,049,3,6,Fentress County               ,0,0,0,0,0,0,0,0,0,0,0,0,0,0,0,0,0,0,0,0,0,0,0,0
201506,47,081,3,6,Hickman County                ,5,5,1010255,0,0,0,0,0,0,0,0,0,0,0,0,0,0,0,0,0,0,0,0,0
201506,47,093,3,6,Knox County                   ,188,188,37675370,0,0,0,0,0,0,0,0,0,188,188,37675370,0,0,0,0,0,0,0,0,0
201506,47,105,3,6,Loudon County                 ,13,13,2724160,0,0,0,0,0,0,0,0,0,12,12,2530000,0,0,0,0,0,0,0,0,0
201506,47,125,3,6,Montgomery County             ,94,94,13582460,0,0,0,0,0,0,0,0,0,94,94,13582460,0,0,0,0,0,0,0,0,0
201506,47,139,3,6,Polk County                   ,15,15,2701861,0,0,0,0,0,0,0,0,0,0,0,0,0,0,0,0,0,0,0,0,0
201506,47,149,3,6,Rutherford County             ,218,218,41310770,0,0,0,0,0,0,3,56,5803500,187,187,37451018,0,0,0,0,0,0,2,50,5500000
201506,47,153,3,6,Sequatchie County             ,0,0,0,0,0,0,0,0,0,0,0,0,0,0,0,0,0,0,0,0,0,0,0,0
201506,47,157,3,6,Shelby County                 ,66,66,16793155,0,0,0,0,0,0,1,100,3570000,66,66,16793155,0,0,0,0,0,0,1,100,3570000
201506,47,159,3,6,Smith County                  ,5,5,956140,0,0,0,0,0,0,0,0,0,5,5,956140,0,0,0,0,0,0,0,0,0
201506,47,161,3,6,Stewart County                ,0,0,0,0,0,0,0,0,0,0,0,0,0,0,0,0,0,0,0,0,0,0,0,0
201506,47,165,3,6,Sumner County                 ,107,107,20103248,0,0,0,0,0,0,0,0,0,102,102,19141907,0,0,0,0,0,0,0,0,0
201506,47,167,3,6,Tipton County                 ,13,13,2119502,0,0,0,0,0,0,0,0,0,8,8,1445645,0,0,0,0,0,0,0,0,0
201506,47,169,3,6,Trousdale County              ,4,4,631000,0,0,0,0,0,0,0,0,0,4,4,631000,0,0,0,0,0,0,0,0,0
201506,47,173,3,6,Union County                  ,13,13,2195000,0,0,0,0,0,0,0,0,0,13,13,2195000,0,0,0,0,0,0,0,0,0
201506,47,175,3,6,Van Buren County              ,0,0,0,0,0,0,0,0,0,0,0,0,0,0,0,0,0,0,0,0,0,0,0,0
201506,47,189,3,6,Wilson County                 ,99,99,25283811,0,0,0,0,0,0,1,54,6544000,99,99,25283811,0,0,0,0,0,0,1,54,6544000
201506,48,013,3,7,Atascosa County               ,4,4,618818,0,0,0,0,0,0,0,0,0,2,2,310990,0,0,0,0,0,0,0,0,0
201506,48,015,3,7,Austin County                 ,2,2,338732,0,0,0,0,0,0,0,0,0,0,0,0,0,0,0,0,0,0,0,0,0
201506,48,019,3,7,Bandera County                ,0,0,0,0,0,0,0,0,0,0,0,0,0,0,0,0,0,0,0,0,0,0,0,0
201506,48,021,3,7,Bastrop County                ,13,13,1402637,2,4,361000,0,0,0,0,0,0,13,13,1402637,2,4,361000,0,0,0,0,0,0
201506,48,025,3,7,Bee County                    ,1,1,109397,0,0,0,0,0,0,0,0,0,0,0,0,0,0,0,0,0,0,0,0,0
201506,48,027,3,7,Bell County                   ,142,142,25494675,14,28,1850288,0,0,0,0,0,0,131,131,23194135,14,28,1850288,0,0,0,0,0,0
201506,48,029,3,7,Bexar County                  ,305,305,63772480,1,2,150000,3,11,786734,2,25,2962112,261,261,57908147,1,2,150000,2,8,786734,0,0,0
201506,48,051,3,7,Burleson County               ,1,1,136600,0,0,0,0,0,0,0,0,0,0,0,0,0,0,0,0,0,0,0,0,0
201506,48,055,3,7,Caldwell County               ,18,18,3561462,0,0,0,0,0,0,0,0,0,0,0,0,0,0,0,0,0,0,0,0,0
201506,48,085,3,7,Collin County                 ,814,814,258833617,2,4,527600,0,0,0,36,584,53438652,757,757,245962563,2,4,527600,0,0,0,36,584,53438652
201506,48,091,3,7,Comal County                  ,162,162,36617079,1,2,219948,0,0,0,0,0,0,162,162,36617079,1,2,219948,0,0,0,0,0,0
201506,48,099,3,7,Coryell County                ,15,15,1849734,1,2,151388,0,0,0,0,0,0,4,4,322500,0,0,0,0,0,0,0,0,0
201506,48,107,3,7,Crosby County                 ,0,0,0,0,0,0,0,0,0,0,0,0,0,0,0,0,0,0,0,0,0,0,0,0
201506,48,113,3,7,Dallas County                 ,497,497,154699369,3,6,1045345,2,8,1042858,30,1395,106509151,348,348,123571699,0,0,0,1,4,550000,17,693,49500000
201506,48,119,3,7,Delta County                  ,1,1,225668,0,0,0,0,0,0,0,0,0,1,1,225668,0,0,0,0,0,0,0,0,0
201506,48,135,3,7,Ector County                  ,35,35,7484375,0,0,0,0,0,0,0,0,0,35,35,7484375,0,0,0,0,0,0,0,0,0
201506,48,139,3,7,Ellis County                  ,164,164,28225214,1,2,262114,0,0,0,0,0,0,163,163,27891754,1,2,262114,0,0,0,0,0,0
201506,48,141,3,7,El Paso County                ,184,184,30152645,1,2,168766,1,4,243291,1,5,819418,184,184,30152645,1,2,168766,1,4,243291,1,5,819418
201506,48,157,3,7,Fort Bend County              ,943,943,121798985,0,0,0,0,0,0,3,23,1433913,185,185,46601822,0,0,0,0,0,0,0,0,0
201506,48,167,3,7,Galveston County              ,211,211,46770737,0,0,0,0,0,0,1,39,2147061,56,56,15102091,0,0,0,0,0,0,0,0,0
201506,48,185,3,7,Grimes County                 ,5,5,459034,0,0,0,0,0,0,0,0,0,5,5,459034,0,0,0,0,0,0,0,0,0
201506,48,187,3,7,Guadalupe County              ,88,88,20906846,0,0,0,0,0,0,0,0,0,79,79,19393020,0,0,0,0,0,0,0,0,0
201506,48,193,3,7,Hamilton County               ,0,0,0,0,0,0,0,0,0,0,0,0,0,0,0,0,0,0,0,0,0,0,0,0
201506,48,195,3,7,Hansford County               ,2,2,359048,0,0,0,0,0,0,0,0,0,0,0,0,0,0,0,0,0,0,0,0,0
201506,48,201,3,7,Harris County                 ,1726,1726,324429726,4,8,773834,12,36,1920000,110,2780,215387412,1694,1694,313077243,4,8,773834,12,36,1920000,110,2780,215387412
201506,48,211,3,7,Hemphill County               ,0,0,0,0,0,0,0,0,0,0,0,0,0,0,0,0,0,0,0,0,0,0,0,0
201506,48,215,3,7,Hidalgo County                ,280,280,35797937,23,46,1612025,1,3,90000,0,0,0,160,160,23620954,22,44,1558000,1,3,90000,0,0,0
201506,48,233,3,7,Hutchinson County             ,0,0,0,0,0,0,0,0,0,0,0,0,0,0,0,0,0,0,0,0,0,0,0,0
201506,48,251,3,7,Johnson County                ,66,66,12236374,0,0,0,0,0,0,0,0,0,66,66,12236374,0,0,0,0,0,0,0,0,0
201506,48,257,3,7,Kaufman County                ,17,17,3096613,0,0,0,0,0,0,0,0,0,13,13,2238686,0,0,0,0,0,0,0,0,0
201506,48,259,3,7,Kendall County                ,22,22,6210437,0,0,0,0,0,0,0,0,0,22,22,6210437,0,0,0,0,0,0,0,0,0
201506,48,271,3,7,Kinney County                 ,0,0,0,0,0,0,0,0,0,0,0,0,0,0,0,0,0,0,0,0,0,0,0,0
201506,48,281,3,7,Lampasas County               ,0,0,0,0,0,0,0,0,0,0,0,0,0,0,0,0,0,0,0,0,0,0,0,0
201506,48,291,3,7,Liberty County                ,21,21,2417201,0,0,0,0,0,0,0,0,0,19,19,2186600,0,0,0,0,0,0,0,0,0
201506,48,303,3,7,Lubbock County                ,100,100,23211659,5,10,1099366,0,0,0,12,116,6707280,6,6,1540500,1,2,269000,0,0,0,0,0,0
201506,48,323,3,7,Maverick County               ,8,8,814406,1,2,161322,0,0,0,0,0,0,0,0,0,0,0,0,0,0,0,0,0,0
201506,48,325,3,7,Medina County                 ,4,4,780429,0,0,0,0,0,0,0,0,0,3,3,647829,0,0,0,0,0,0,0,0,0
201506,48,329,3,7,Midland County                ,121,121,49865934,0,0,0,0,0,0,0,0,0,121,121,49865934,0,0,0,0,0,0,0,0,0
201506,48,339,3,7,Montgomery County             ,431,431,103981743,0,0,0,0,0,0,45,402,38085166,424,424,101103441,0,0,0,0,0,0,45,402,38085166
201506,48,367,3,7,Parker County                 ,52,52,11765300,0,0,0,0,0,0,0,0,0,48,48,11235678,0,0,0,0,0,0,0,0,0
201506,48,375,3,7,Potter County                 ,25,25,7395832,1,2,186020,0,0,0,0,0,0,25,25,7395832,1,2,186020,0,0,0,0,0,0
201506,48,383,3,7,Reagan County                 ,0,0,0,0,0,0,0,0,0,0,0,0,0,0,0,0,0,0,0,0,0,0,0,0
201506,48,385,3,7,Real County                   ,0,0,0,0,0,0,0,0,0,0,0,0,0,0,0,0,0,0,0,0,0,0,0,0
201506,48,395,3,7,Robertson County              ,6,6,1354009,0,0,0,0,0,0,0,0,0,6,6,1354009,0,0,0,0,0,0,0,0,0
201506,48,397,3,7,Rockwall County               ,137,137,36016926,0,0,0,0,0,0,0,0,0,137,137,36016926,0,0,0,0,0,0,0,0,0
201506,48,407,3,7,San Jacinto County            ,16,16,3122678,0,0,0,0,0,0,0,0,0,16,16,3122678,0,0,0,0,0,0,0,0,0
201506,48,411,3,7,San Saba County               ,0,0,0,0,0,0,0,0,0,0,0,0,0,0,0,0,0,0,0,0,0,0,0,0
201506,48,451,3,7,Tom Green County              ,21,21,4739032,0,0,0,0,0,0,3,24,1061100,21,21,4739032,0,0,0,0,0,0,3,24,1061100
201506,48,453,3,7,Travis County                 ,576,576,123283854,16,32,4511000,0,0,0,51,910,62592406,532,532,110428182,16,32,4511000,0,0,0,51,910,62592406
201506,48,473,3,7,Waller County                 ,0,0,0,0,0,0,0,0,0,1,6,133083,0,0,0,0,0,0,0,0,0,0,0,0
201506,48,491,3,7,Williamson County             ,350,350,101352685,0,0,0,0,0,0,0,0,0,331,331,97642097,0,0,0,0,0,0,0,0,0
201506,48,493,3,7,Wilson County                 ,4,4,745185,0,0,0,0,0,0,0,0,0,1,1,250000,0,0,0,0,0,0,0,0,0
201506,48,497,3,7,Wise County                   ,11,11,2728089,0,0,0,0,0,0,0,0,0,9,9,2143182,0,0,0,0,0,0,0,0,0
201506,49,011,4,8,Davis County                  ,133,133,50276765,0,0,0,0,0,0,1,6,629658,122,122,46772062,0,0,0,0,0,0,1,6,629658
201506,49,023,4,8,Juab County                   ,8,8,1645176,0,0,0,0,0,0,0,0,0,7,7,1357543,0,0,0,0,0,0,0,0,0
201506,49,029,4,8,Morgan County                 ,11,11,3398291,0,0,0,0,0,0,0,0,0,0,0,0,0,0,0,0,0,0,0,0,0
201506,49,035,4,8,Salt Lake County              ,292,292,74466860,2,4,631555,5,18,2639918,10,939,106437039,193,193,49061157,1,2,290756,3,11,1792510,3,808,93625000
201506,49,039,4,8,Sanpete County                ,8,8,1188908,0,0,0,0,0,0,0,0,0,8,8,1188908,0,0,0,0,0,0,0,0,0
201506,49,043,4,8,Summit County                 ,22,22,7782885,0,0,0,0,0,0,1,8,1366854,13,13,3159073,0,0,0,0,0,0,0,0,0
201506,49,057,4,8,Weber County                  ,75,75,15321564,1,2,418528,3,12,2025460,0,0,0,42,42,7615904,0,0,0,2,8,1375135,0,0,0
201506,51,003,3,5,Albemarle County              ,42,42,11707172,0,0,0,0,0,0,0,0,0,0,0,0,0,0,0,0,0,0,0,0,0
201506,51,007,3,5,Amelia County                 ,3,3,659700,0,0,0,0,0,0,0,0,0,3,3,659700,0,0,0,0,0,0,0,0,0
201506,51,009,3,5,Amherst County                ,6,6,1066114,0,0,0,0,0,0,0,0,0,6,6,1066114,0,0,0,0,0,0,0,0,0
201506,51,013,3,5,Arlington County              ,24,24,8625404,0,0,0,0,0,0,1,206,14345842,0,0,0,0,0,0,0,0,0,0,0,0
201506,51,015,3,5,Augusta County                ,15,15,3802000,0,0,0,0,0,0,0,0,0,15,15,3802000,0,0,0,0,0,0,0,0,0
201506,51,019,3,5,Bedford County                ,19,19,5024670,0,0,0,0,0,0,0,0,0,19,19,5024670,0,0,0,0,0,0,0,0,0
201506,51,033,3,5,Caroline County               ,5,5,835000,0,0,0,0,0,0,0,0,0,5,5,835000,0,0,0,0,0,0,0,0,0
201506,51,036,3,5,Charles City County           ,3,3,489100,0,0,0,0,0,0,0,0,0,3,3,489100,0,0,0,0,0,0,0,0,0
201506,51,037,3,5,Charlotte County              ,0,0,0,0,0,0,0,0,0,0,0,0,0,0,0,0,0,0,0,0,0,0,0,0
201506,51,041,3,5,Chesterfield County           ,78,78,17602120,0,0,0,1,4,100000,1,6,2080000,78,78,17602120,0,0,0,1,4,100000,1,6,2080000
201506,51,043,3,5,Clarke County                 ,4,4,1304832,0,0,0,0,0,0,0,0,0,4,4,1304832,0,0,0,0,0,0,0,0,0
201506,51,049,3,5,Cumberland County             ,0,0,0,0,0,0,0,0,0,0,0,0,0,0,0,0,0,0,0,0,0,0,0,0
201506,51,051,3,5,Dickenson County              ,2,2,150000,0,0,0,0,0,0,0,0,0,2,2,150000,0,0,0,0,0,0,0,0,0
201506,51,053,3,5,Dinwiddie County              ,5,5,791085,0,0,0,0,0,0,0,0,0,0,0,0,0,0,0,0,0,0,0,0,0
201506,51,059,3,5,Fairfax County                ,93,93,20728606,0,0,0,0,0,0,0,0,0,93,93,20728606,0,0,0,0,0,0,0,0,0
201506,51,061,3,5,Fauquier County               ,28,28,5574477,0,0,0,0,0,0,0,0,0,0,0,0,0,0,0,0,0,0,0,0,0
201506,51,069,3,5,Frederick County              ,58,58,12477953,0,0,0,0,0,0,4,57,2550000,58,58,12477953,0,0,0,0,0,0,4,57,2550000
201506,51,073,3,5,Gloucester County             ,8,8,1654000,0,0,0,0,0,0,0,0,0,8,8,1654000,0,0,0,0,0,0,0,0,0
201506,51,075,3,5,Goochland County              ,17,17,4667993,0,0,0,0,0,0,0,0,0,17,17,4667993,0,0,0,0,0,0,0,0,0
201506,51,085,3,5,Hanover County                ,90,90,15143982,0,0,0,0,0,0,0,0,0,90,90,15143982,0,0,0,0,0,0,0,0,0
201506,51,087,3,5,Henrico County                ,72,72,11980309,0,0,0,0,0,0,0,0,0,72,72,11980309,0,0,0,0,0,0,0,0,0
201506,51,093,3,5,Isle of Wight County          ,14,14,3146185,0,0,0,0,0,0,0,0,0,0,0,0,0,0,0,0,0,0,0,0,0
201506,51,095,3,5,James City County             ,19,19,5237482,0,0,0,2,8,1153658,3,17,2890000,19,19,5237482,0,0,0,2,8,1153658,3,17,2890000
201506,51,097,3,5,King and Queen County         ,3,3,444000,0,0,0,0,0,0,0,0,0,3,3,444000,0,0,0,0,0,0,0,0,0
201506,51,099,3,5,King George County            ,7,7,2107882,0,0,0,0,0,0,0,0,0,7,7,2107882,0,0,0,0,0,0,0,0,0
201506,51,107,3,5,Loudoun County                ,307,307,69280138,2,4,340000,0,0,0,2,41,224172,307,307,69280138,2,4,340000,0,0,0,2,41,224172
201506,51,109,3,5,Louisa County                 ,18,18,3837875,0,0,0,0,0,0,0,0,0,0,0,0,0,0,0,0,0,0,0,0,0
201506,51,115,3,5,Mathews County                ,0,0,0,0,0,0,0,0,0,0,0,0,0,0,0,0,0,0,0,0,0,0,0,0
201506,51,127,3,5,New Kent County               ,15,15,3385023,0,0,0,0,0,0,0,0,0,15,15,3385023,0,0,0,0,0,0,0,0,0
201506,51,139,3,5,Page County                   ,4,4,475185,0,0,0,0,0,0,0,0,0,0,0,0,0,0,0,0,0,0,0,0,0
201506,51,145,3,5,Powhatan County               ,24,24,5232175,0,0,0,0,0,0,0,0,0,24,24,5232175,0,0,0,0,0,0,0,0,0
201506,51,149,3,5,Prince George County          ,8,8,1805346,0,0,0,0,0,0,0,0,0,8,8,1805346,0,0,0,0,0,0,0,0,0
201506,51,153,3,5,Prince William County         ,266,266,60027742,0,0,0,0,0,0,0,0,0,266,266,60027742,0,0,0,0,0,0,0,0,0
201506,51,165,3,5,Rockingham County             ,35,35,7218800,0,0,0,0,0,0,0,0,0,35,35,7218800,0,0,0,0,0,0,0,0,0
201506,51,175,3,5,Southampton County            ,3,3,435454,0,0,0,0,0,0,0,0,0,0,0,0,0,0,0,0,0,0,0,0,0
201506,51,177,3,5,Spotsylvania County           ,39,39,9982489,0,0,0,0,0,0,0,0,0,0,0,0,0,0,0,0,0,0,0,0,0
201506,51,179,3,5,Stafford County               ,73,73,17145248,0,0,0,0,0,0,0,0,0,73,73,17145248,0,0,0,0,0,0,0,0,0
201506,51,181,3,5,Surry County                  ,2,2,333024,0,0,0,0,0,0,0,0,0,0,0,0,0,0,0,0,0,0,0,0,0
201506,51,183,3,5,Sussex County                 ,3,3,386000,0,0,0,0,0,0,0,0,0,3,3,386000,0,0,0,0,0,0,0,0,0
201506,51,187,3,5,Warren County                 ,17,17,4462000,0,0,0,0,0,0,0,0,0,17,17,4462000,0,0,0,0,0,0,0,0,0
201506,51,199,3,5,York County                   ,18,18,5096595,0,0,0,0,0,0,0,0,0,18,18,5096595,0,0,0,0,0,0,0,0,0
201506,51,510,3,5,Alexandria (Independent City) ,18,18,3521726,0,0,0,0,0,0,1,122,14481751,0,0,0,0,0,0,0,0,0,0,0,0
201506,51,540,3,5,Charlottesville (Independent C,7,7,1589076,1,2,189250,0,0,0,1,11,1634656,0,0,0,0,0,0,0,0,0,0,0,0
201506,51,550,3,5,Chesapeake(Independent City)  ,146,146,32947558,0,0,0,0,0,0,0,0,0,146,146,32947558,0,0,0,0,0,0,0,0,0
201506,51,570,3,5,Colonial Heights (Independent ,0,0,0,0,0,0,0,0,0,0,0,0,0,0,0,0,0,0,0,0,0,0,0,0
201506,51,580,3,5,Covington (Independent City)  ,0,0,0,0,0,0,0,0,0,0,0,0,0,0,0,0,0,0,0,0,0,0,0,0
201506,51,600,3,5,Fairfax (Independent City)    ,5,5,750000,0,0,0,0,0,0,0,0,0,5,5,750000,0,0,0,0,0,0,0,0,0
201506,51,610,3,5,Falls Church (Independent City,2,2,635000,0,0,0,0,0,0,0,0,0,2,2,635000,0,0,0,0,0,0,0,0,0
201506,51,630,3,5,Fredericksburg(Independent Cit,7,7,1829180,0,0,0,0,0,0,0,0,0,7,7,1829180,0,0,0,0,0,0,0,0,0
201506,51,650,3,5,Hampton (Independent City)    ,16,16,708726,0,0,0,0,0,0,0,0,0,0,0,0,0,0,0,0,0,0,0,0,0
201506,51,660,3,5,Harrisonburg (Independent City,8,8,966514,1,2,274525,0,0,0,1,6,263583,0,0,0,0,0,0,0,0,0,0,0,0
201506,51,670,3,5,Hopewell (Independent City)   ,2,2,170000,0,0,0,0,0,0,0,0,0,2,2,170000,0,0,0,0,0,0,0,0,0
201506,51,680,3,5,Lynchburg (Independent City)  ,1,1,110000,0,0,0,1,3,575000,1,9,1021680,1,1,110000,0,0,0,1,3,575000,1,9,1021680
201506,51,683,3,5,Manassas (Independent City)   ,13,13,1832191,0,0,0,0,0,0,0,0,0,0,0,0,0,0,0,0,0,0,0,0,0
201506,51,685,3,5,Manassas Park (Independent Cit,1,1,186364,0,0,0,0,0,0,0,0,0,0,0,0,0,0,0,0,0,0,0,0,0
201506,51,700,3,5,Newport News (Independent City,9,9,775771,0,0,0,0,0,0,0,0,0,9,9,775771,0,0,0,0,0,0,0,0,0
201506,51,710,3,5,Norfolk (Independent City)    ,0,0,0,0,0,0,0,0,0,0,0,0,0,0,0,0,0,0,0,0,0,0,0,0
201506,51,730,3,5,Petersburg (Independent City) ,1,1,143070,0,0,0,0,0,0,0,0,0,0,0,0,0,0,0,0,0,0,0,0,0
201506,51,735,3,5,Poquoson (Independent City)   ,6,6,1190000,0,0,0,0,0,0,0,0,0,6,6,1190000,0,0,0,0,0,0,0,0,0
201506,51,740,3,5,Portsmouth (Independent City) ,13,13,2174031,0,0,0,0,0,0,0,0,0,13,13,2174031,0,0,0,0,0,0,0,0,0
201506,51,760,3,5,Richmond (Independent City)   ,28,28,3715385,2,4,403622,0,0,0,0,0,0,28,28,3715385,2,4,403622,0,0,0,0,0,0
201506,51,800,3,5,Suffolk (Independent City)    ,54,54,12186083,0,0,0,0,0,0,6,228,14688432,54,54,12186083,0,0,0,0,0,0,6,228,14688432
201506,51,810,3,5,Virginia Beach (Independent Ci,74,74,12728768,0,0,0,0,0,0,28,344,12438700,74,74,12728768,0,0,0,0,0,0,28,344,12438700
201506,51,830,3,5,Williamsburg (Independent City,0,0,0,0,0,0,0,0,0,0,0,0,0,0,0,0,0,0,0,0,0,0,0,0
201506,53,005,4,9,Benton County                 ,97,97,28247969,0,0,0,1,3,356552,1,13,1009197,68,68,18747091,0,0,0,0,0,0,0,0,0
201506,53,011,4,9,Clark County                  ,210,210,58303023,0,0,0,0,0,0,1,50,3363182,69,69,12571174,0,0,0,0,0,0,1,50,3363182
201506,53,021,4,9,Franklin County               ,35,35,9482580,3,6,558729,0,0,0,0,0,0,0,0,0,0,0,0,0,0,0,0,0,0
201506,53,031,4,9,Jefferson County              ,15,15,2363910,0,0,0,0,0,0,0,0,0,15,15,2363910,0,0,0,0,0,0,0,0,0
201506,53,033,4,9,King County                   ,346,346,137143055,16,32,7219139,14,44,8878599,19,1117,140142483,292,292,112245515,16,32,7219139,14,44,8878599,16,1032,132777248
201506,53,035,4,9,Kitsap County                 ,88,88,26691721,0,0,0,1,4,766976,1,73,9238500,88,88,26691721,0,0,0,1,4,766976,1,73,9238500
201506,53,053,4,9,Pierce County                 ,264,264,77745695,4,8,968260,6,24,4131123,0,0,0,263,263,77375095,4,8,968260,6,24,4131123,0,0,0
201506,53,055,4,9,San Juan County               ,10,10,2361730,0,0,0,0,0,0,0,0,0,0,0,0,0,0,0,0,0,0,0,0,0
201506,53,059,4,9,Skamania County               ,8,8,1730658,0,0,0,0,0,0,0,0,0,8,8,1730658,0,0,0,0,0,0,0,0,0
201506,53,061,4,9,Snohomish County              ,178,178,48633136,6,12,1956693,0,0,0,0,0,0,177,177,48367045,6,12,1956693,0,0,0,0,0,0
201506,54,011,3,5,Cabell County                 ,16,16,4860280,0,0,0,0,0,0,0,0,0,16,16,4860280,0,0,0,0,0,0,0,0,0
201506,54,015,3,5,Clay County                   ,3,3,75000,0,0,0,0,0,0,0,0,0,3,3,75000,0,0,0,0,0,0,0,0,0
201506,54,019,3,5,Fayette County                ,5,5,487000,0,0,0,0,0,0,0,0,0,5,5,487000,0,0,0,0,0,0,0,0,0
201506,54,037,3,5,Jefferson County              ,21,21,5078024,0,0,0,0,0,0,3,96,5300000,11,11,2000000,0,0,0,0,0,0,3,96,5300000
201506,54,081,3,5,Raleigh County                ,10,10,1965494,0,0,0,0,0,0,0,0,0,1,1,66000,0,0,0,0,0,0,0,0,0
201506,55,025,2,3,Dane County                   ,121,121,35106856,1,2,229280,0,0,0,4,108,11021943,100,100,28944193,0,0,0,0,0,0,2,69,7100000
201506,55,031,2,3,Douglas County                ,9,9,1829598,3,6,571400,0,0,0,0,0,0,9,9,1829598,3,6,571400,0,0,0,0,0,0
201506,55,037,2,3,Florence County               ,3,3,447826,0,0,0,0,0,0,0,0,0,0,0,0,0,0,0,0,0,0,0,0,0
201506,55,049,2,3,Iowa County                   ,6,6,1092800,0,0,0,0,0,0,0,0,0,6,6,1092800,0,0,0,0,0,0,0,0,0
201506,55,059,2,3,Kenosha County                ,15,15,4283006,0,0,0,0,0,0,0,0,0,15,15,4283006,0,0,0,0,0,0,0,0,0
201506,55,079,2,3,Milwaukee County              ,10,10,3253203,0,0,0,0,0,0,2,16,1475790,9,9,2623203,0,0,0,0,0,0,2,16,1475790
201506,55,089,2,3,Ozaukee County                ,15,15,5888472,0,0,0,0,0,0,1,9,1408108,5,5,1292586,0,0,0,0,0,0,0,0,0
201506,55,093,2,3,Pierce County                 ,16,16,3676851,0,0,0,0,0,0,0,0,0,9,9,2583500,0,0,0,0,0,0,0,0,0
201506,55,109,2,3,St. Croix County              ,33,33,8318236,0,0,0,1,4,768000,1,5,384615,27,27,6492905,0,0,0,1,4,768000,0,0,0
201506,55,131,2,3,Washington County             ,30,30,8620562,0,0,0,0,0,0,0,0,0,21,21,5668602,0,0,0,0,0,0,0,0,0
201506,56,029,4,8,Park County                   ,12,12,3032441,0,0,0,1,3,187000,0,0,0,10,10,2611108,0,0,0,0,0,0,0,0,0
201506,56,039,4,8,Teton County                  ,14,14,13276475,1,2,500000,0,0,0,0,0,0,0,0,0,0,0,0,0,0,0,0,0,0
