Survey,FIPS,FIPS,Region,Division,County,,1-unit,,,2-units,,,3-4 units,,,5+ units,,,1-unit rep,,,2-units rep,,,3-4 units rep,,, 5+units rep
Date,State,County,Code,Code,Name,Bldgs,Units,Value,Bldgs,Units,Value,Bldgs,Units,Value,Bldgs,Units,Value,Bldgs,Units,Value,Bldgs,Units,Value,Bldgs,Units,Value,Bldgs,Units,Value
 
201610,01,001,3,6,Autauga County                ,11,11,2660799,0,0,0,0,0,0,0,0,0,11,11,2660799,0,0,0,0,0,0,0,0,0
201610,01,007,3,6,Bibb County                   ,1,1,323863,0,0,0,0,0,0,0,0,0,0,0,0,0,0,0,0,0,0,0,0,0
201610,01,009,3,6,Blount County                 ,1,1,227857,0,0,0,0,0,0,0,0,0,1,1,227857,0,0,0,0,0,0,0,0,0
201610,01,021,3,6,Chilton County                ,1,1,190000,0,0,0,0,0,0,0,0,0,1,1,190000,0,0,0,0,0,0,0,0,0
201610,01,073,3,6,Jefferson County              ,81,81,21263157,0,0,0,0,0,0,1,55,5271740,66,66,18503360,0,0,0,0,0,0,0,0,0
201610,01,083,3,6,Limestone County              ,14,14,2190495,0,0,0,0,0,0,0,0,0,14,14,2190495,0,0,0,0,0,0,0,0,0
201610,01,089,3,6,Madison County                ,122,122,16938234,0,0,0,0,0,0,1,36,350000,122,122,16938234,0,0,0,0,0,0,1,36,350000
201610,01,113,3,6,Russell County                ,10,10,1337293,0,0,0,0,0,0,0,0,0,10,10,1337293,0,0,0,0,0,0,0,0,0
201610,01,115,3,6,St. Clair County              ,15,15,2486995,0,0,0,0,0,0,0,0,0,12,12,1857946,0,0,0,0,0,0,0,0,0
201610,01,117,3,6,Shelby County                 ,82,82,17668026,0,0,0,0,0,0,1,11,187000,53,53,10031359,0,0,0,0,0,0,0,0,0
201610,01,127,3,6,Walker County                 ,0,0,0,0,0,0,0,0,0,0,0,0,0,0,0,0,0,0,0,0,0,0,0,0
201610,02,013,4,9,Aleutians East Borough        ,0,0,0,0,0,0,0,0,0,0,0,0,0,0,0,0,0,0,0,0,0,0,0,0
201610,02,016,4,9,Aleutians West Census Area    ,0,0,0,0,0,0,0,0,0,0,0,0,0,0,0,0,0,0,0,0,0,0,0,0
201610,02,020,4,9,Anchorage Borough             ,56,56,17525690,0,0,0,1,3,522682,2,16,2529529,0,0,0,0,0,0,0,0,0,0,0,0
201610,02,020,4,9,Anchorage Municipality        ,56,56,17525690,0,0,0,1,3,522682,2,16,2529529,0,0,0,0,0,0,0,0,0,0,0,0
201610,02,050,4,9,Bethel Census Area            ,0,0,0,0,0,0,0,0,0,0,0,0,0,0,0,0,0,0,0,0,0,0,0,0
201610,02,060,4,9,Bristol Bay Borough           ,0,0,0,0,0,0,0,0,0,0,0,0,0,0,0,0,0,0,0,0,0,0,0,0
201610,02,070,4,9,Dillingham Census Area        ,0,0,0,0,0,0,0,0,0,0,0,0,0,0,0,0,0,0,0,0,0,0,0,0
201610,02,090,4,9,Fairbanks North Star Borough  ,0,0,0,0,0,0,0,0,0,0,0,0,0,0,0,0,0,0,0,0,0,0,0,0
201610,02,100,4,9,Haines Borough                ,1,1,277264,0,0,0,0,0,0,0,0,0,0,0,0,0,0,0,0,0,0,0,0,0
201610,02,105,4,9,Hoonah-Angoon Census Area     ,0,0,0,0,0,0,0,0,0,0,0,0,0,0,0,0,0,0,0,0,0,0,0,0
201610,02,110,4,9,Juneau Borough                ,8,8,1859840,0,0,0,0,0,0,0,0,0,8,8,1859840,0,0,0,0,0,0,0,0,0
201610,02,110,4,9,Juneau City and Borough       ,8,8,1859840,0,0,0,0,0,0,0,0,0,8,8,1859840,0,0,0,0,0,0,0,0,0
201610,02,122,4,9,Kenai Peninsula Borough       ,9,9,1913552,0,0,0,0,0,0,0,0,0,0,0,0,0,0,0,0,0,0,0,0,0
201610,02,130,4,9,Ketchikan Gateway Borough     ,6,6,1726280,0,0,0,0,0,0,0,0,0,6,6,1726280,0,0,0,0,0,0,0,0,0
201610,02,150,4,9,Kodiak Island Borough         ,2,2,737907,0,0,0,0,0,0,0,0,0,2,2,737907,0,0,0,0,0,0,0,0,0
201610,02,158,4,9,Kusilvak Census Area          ,0,0,0,0,0,0,0,0,0,0,0,0,0,0,0,0,0,0,0,0,0,0,0,0
201610,02,170,4,9,Matanuska-Susitna Borough     ,4,4,1133331,0,0,0,0,0,0,0,0,0,4,4,1133331,0,0,0,0,0,0,0,0,0
201610,02,180,4,9,Nome Census Area              ,2,2,212215,1,2,172044,0,0,0,0,0,0,2,2,212215,1,2,172044,0,0,0,0,0,0
201610,02,185,4,9,North Slope Borough           ,0,0,0,0,0,0,0,0,0,0,0,0,0,0,0,0,0,0,0,0,0,0,0,0
201610,02,188,4,9,Northwest Arctic Borough      ,2,2,575427,0,0,0,0,0,0,0,0,0,2,2,575427,0,0,0,0,0,0,0,0,0
201610,02,195,4,9,Petersburg Borough            ,1,1,400000,0,0,0,0,0,0,0,0,0,1,1,400000,0,0,0,0,0,0,0,0,0
201610,02,195,4,9,Petersburg Census Area        ,1,1,400000,0,0,0,0,0,0,0,0,0,1,1,400000,0,0,0,0,0,0,0,0,0
201610,02,198,4,9,Prince of Wales-Hyder Census A,0,0,0,0,0,0,0,0,0,0,0,0,0,0,0,0,0,0,0,0,0,0,0,0
201610,02,220,4,9,Sitka Borough                 ,2,2,663123,1,2,574745,0,0,0,0,0,0,0,0,0,0,0,0,0,0,0,0,0,0
201610,02,220,4,9,Sitka City and Borough        ,2,2,663123,1,2,574745,0,0,0,0,0,0,0,0,0,0,0,0,0,0,0,0,0,0
201610,02,230,4,9,Skagway Municipality          ,0,0,0,0,0,0,0,0,0,0,0,0,0,0,0,0,0,0,0,0,0,0,0,0
201610,02,261,4,9,Valdez-Cordova Census Area    ,0,0,0,0,0,0,0,0,0,0,0,0,0,0,0,0,0,0,0,0,0,0,0,0
201610,02,275,4,9,Wrangell City and Borough     ,1,1,150000,0,0,0,0,0,0,0,0,0,1,1,150000,0,0,0,0,0,0,0,0,0
201610,02,282,4,9,Yakutat Borough               ,0,0,0,0,0,0,0,0,0,0,0,0,0,0,0,0,0,0,0,0,0,0,0,0
201610,02,282,4,9,Yakutat City and Borough      ,0,0,0,0,0,0,0,0,0,0,0,0,0,0,0,0,0,0,0,0,0,0,0,0
201610,02,290,4,9,Yukon-Koyukuk Census Area     ,0,0,0,0,0,0,0,0,0,0,0,0,0,0,0,0,0,0,0,0,0,0,0,0
201610,04,013,4,8,Maricopa County               ,1195,1195,332548362,2,4,794752,5,17,1613476,28,228,33166901,1195,1195,332548362,2,4,794752,5,17,1613476,28,228,33166901
201610,04,019,4,8,Pima County                   ,178,178,51300610,1,2,346330,0,0,0,1,20,3531369,133,133,37680639,0,0,0,0,0,0,0,0,0
201610,04,021,4,8,Pinal County                  ,206,206,41260884,1,2,132634,0,0,0,0,0,0,163,163,30059093,1,2,132634,0,0,0,0,0,0
201610,05,013,3,7,Calhoun County                ,0,0,0,0,0,0,0,0,0,0,0,0,0,0,0,0,0,0,0,0,0,0,0,0
201610,05,035,3,7,Crittenden County             ,4,4,827000,0,0,0,0,0,0,0,0,0,4,4,827000,0,0,0,0,0,0,0,0,0
201610,05,045,3,7,Faulkner County               ,29,29,5508772,0,0,0,0,0,0,0,0,0,27,27,5041430,0,0,0,0,0,0,0,0,0
201610,05,053,3,7,Grant County                  ,0,0,0,0,0,0,0,0,0,0,0,0,0,0,0,0,0,0,0,0,0,0,0,0
201610,05,085,3,7,Lonoke County                 ,20,20,1797629,0,0,0,0,0,0,0,0,0,2,2,285625,0,0,0,0,0,0,0,0,0
201610,05,087,3,7,Madison County                ,0,0,0,0,0,0,0,0,0,0,0,0,0,0,0,0,0,0,0,0,0,0,0,0
201610,05,091,3,7,Miller County                 ,3,3,432810,0,0,0,0,0,0,0,0,0,0,0,0,0,0,0,0,0,0,0,0,0
201610,05,105,3,7,Perry County                  ,0,0,0,0,0,0,0,0,0,0,0,0,0,0,0,0,0,0,0,0,0,0,0,0
201610,05,119,3,7,Pulaski County                ,48,48,11826854,5,10,1214500,0,0,0,1,8,557564,29,29,8387679,5,10,1214500,0,0,0,0,0,0
201610,05,129,3,7,Searcy County                 ,0,0,0,0,0,0,0,0,0,0,0,0,0,0,0,0,0,0,0,0,0,0,0,0
201610,05,143,3,7,Washington County             ,158,158,34327146,0,0,0,0,0,0,0,0,0,152,152,33690923,0,0,0,0,0,0,0,0,0
201610,06,001,4,9,Alameda County                ,181,181,65394564,1,2,478910,5,19,4414185,8,169,28523704,164,164,58128298,1,2,478910,4,16,3773442,3,28,6289967
201610,06,013,4,9,Contra Costa County           ,194,194,68144033,0,0,0,0,0,0,4,45,6150101,139,139,50840813,0,0,0,0,0,0,0,0,0
201610,06,017,4,9,El Dorado County              ,69,69,24652756,0,0,0,0,0,0,0,0,0,69,69,24652756,0,0,0,0,0,0,0,0,0
201610,06,019,4,9,Fresno County                 ,171,171,48353820,1,2,42000,2,8,798186,1,5,668266,89,89,27097138,1,2,42000,2,8,798186,0,0,0
201610,06,037,4,9,Los Angeles County            ,349,349,150061558,36,72,14219673,0,0,0,33,1281,263065195,295,295,126861319,36,72,14219673,0,0,0,25,1082,235182286
201610,06,041,4,9,Marin County                  ,12,12,7931105,0,0,0,0,0,0,0,0,0,10,10,5971850,0,0,0,0,0,0,0,0,0
201610,06,059,4,9,Orange County                 ,313,313,94442291,4,8,1988124,16,56,11760458,19,371,47324322,262,262,76301381,3,6,1321445,16,56,11760458,15,248,33636225
201610,06,061,4,9,Placer County                 ,159,159,61719879,1,2,368483,0,0,0,0,0,0,158,158,61392975,1,2,368483,0,0,0,0,0,0
201610,06,063,4,9,Plumas County                 ,5,5,1057615,0,0,0,0,0,0,0,0,0,5,5,1057615,0,0,0,0,0,0,0,0,0
201610,06,067,4,9,Sacramento County             ,262,262,71015184,9,18,2864234,0,0,0,0,0,0,260,260,70544484,9,18,2864234,0,0,0,0,0,0
201610,06,069,4,9,San Benito County             ,28,28,7680819,0,0,0,0,0,0,0,0,0,20,20,4992020,0,0,0,0,0,0,0,0,0
201610,06,071,4,9,San Bernardino County         ,207,207,50530855,0,0,0,2,7,803423,3,25,2929118,199,199,48504265,0,0,0,2,7,803423,3,25,2929118
201610,06,073,4,9,San Diego County              ,174,174,61738569,2,4,843641,6,20,3663960,22,691,98569556,157,157,55881320,2,4,843641,6,20,3663960,21,683,96969556
201610,06,075,4,9,San Francisco County          ,69,69,18873714,2,4,2318000,2,6,2474600,3,534,188800000,69,69,18873714,2,4,2318000,2,6,2474600,3,534,188800000
201610,06,081,4,9,San Mateo County              ,51,51,47010391,0,0,0,1,3,768000,8,110,33770529,23,23,32999200,0,0,0,1,3,768000,5,74,27767725
201610,06,085,4,9,Santa Clara County            ,93,93,34862610,1,2,416416,6,19,4339113,8,686,131724578,81,81,30260247,1,2,416416,6,19,4339113,7,664,128103695
201610,06,091,4,9,Sierra County                 ,0,0,0,0,0,0,0,0,0,0,0,0,0,0,0,0,0,0,0,0,0,0,0,0
201610,06,113,4,9,Yolo County                   ,33,33,8319476,0,0,0,0,0,0,0,0,0,32,32,7871057,0,0,0,0,0,0,0,0,0
201610,08,001,4,8,Adams County                  ,146,146,38881325,0,0,0,0,0,0,0,0,0,128,128,33782273,0,0,0,0,0,0,0,0,0
201610,08,005,4,8,Arapahoe County               ,140,140,36281805,3,6,922958,0,0,0,6,403,59594416,137,137,33041151,2,4,597720,0,0,0,5,398,58858339
201610,08,014,4,8,Broomfield County             ,35,35,12451474,3,6,1207842,0,0,0,0,0,0,35,35,12451474,3,6,1207842,0,0,0,0,0,0
201610,08,015,4,8,Chaffee County                ,11,11,2917027,0,0,0,0,0,0,0,0,0,0,0,0,0,0,0,0,0,0,0,0,0
201610,08,019,4,8,Clear Creek County            ,2,2,329532,0,0,0,0,0,0,0,0,0,1,1,273532,0,0,0,0,0,0,0,0,0
201610,08,031,4,8,Denver County                 ,252,252,68930088,0,0,0,0,0,0,10,1133,169568838,252,252,68930088,0,0,0,0,0,0,10,1133,169568838
201610,08,035,4,8,Douglas County                ,207,207,61028182,0,0,0,0,0,0,8,150,16814883,201,201,58606856,0,0,0,0,0,0,8,150,16814883
201610,08,039,4,8,Elbert County                 ,9,9,2694924,0,0,0,0,0,0,0,0,0,9,9,2694924,0,0,0,0,0,0,0,0,0
201610,08,041,4,8,El Paso County                ,229,229,96571289,0,0,0,0,0,0,14,467,62109722,229,229,96571289,0,0,0,0,0,0,14,467,62109722
201610,08,047,4,8,Gilpin County                 ,2,2,600000,0,0,0,0,0,0,0,0,0,2,2,600000,0,0,0,0,0,0,0,0,0
201610,08,069,4,8,Larimer County                ,101,101,26032581,0,0,0,0,0,0,15,170,17803261,100,100,25812335,0,0,0,0,0,0,15,170,17803261
201610,08,077,4,8,Mesa County                   ,52,52,11184705,0,0,0,0,0,0,0,0,0,52,52,11184705,0,0,0,0,0,0,0,0,0
201610,08,093,4,8,Park County                   ,17,17,2497013,0,0,0,0,0,0,0,0,0,17,17,2497013,0,0,0,0,0,0,0,0,0
201610,08,101,4,8,Pueblo County                 ,21,21,3358999,0,0,0,0,0,0,0,0,0,21,21,3358999,0,0,0,0,0,0,0,0,0
201610,08,119,4,8,Teller County                 ,9,9,3180492,0,0,0,0,0,0,0,0,0,9,9,3180492,0,0,0,0,0,0,0,0,0
201610,09,001,1,1,Fairfield County              ,69,69,44093147,2,4,648778,1,3,429336,1,15,3512500,35,35,17297175,2,4,648778,1,3,429336,1,15,3512500
201610,09,003,1,1,Hartford County               ,96,96,15213852,4,8,883000,3,12,1345299,6,61,6093431,89,89,14102176,4,8,883000,3,12,1345299,5,56,5850000
201610,09,007,1,1,Middlesex County              ,15,15,3701612,0,0,0,0,0,0,0,0,0,9,9,2423206,0,0,0,0,0,0,0,0,0
201610,09,013,1,1,Tolland County                ,10,10,2163924,0,0,0,0,0,0,1,5,613650,6,6,1321496,0,0,0,0,0,0,0,0,0
201610,10,001,3,5,Kent County                   ,81,81,13643419,0,0,0,0,0,0,3,60,8121291,79,79,13371720,0,0,0,0,0,0,3,60,8121291
201610,10,003,3,5,New Castle County             ,100,100,9317388,0,0,0,0,0,0,2,27,2024014,12,12,1634324,0,0,0,0,0,0,0,0,0
201610,10,005,3,5,Sussex County                 ,190,190,28174685,17,34,3304426,1,3,395996,1,5,664286,190,190,28174685,17,34,3304426,1,3,395996,1,5,664286
201610,11,001,3,5,Washington  DC                ,32,32,7291418,0,0,0,0,0,0,4,647,64928972,32,32,7291418,0,0,0,0,0,0,4,647,64928972
201610,12,003,3,5,Baker County                  ,3,3,496370,0,0,0,0,0,0,0,0,0,1,1,150000,0,0,0,0,0,0,0,0,0
201610,12,019,3,5,Clay County                   ,70,70,12196352,0,0,0,0,0,0,2,16,1600000,70,70,12196352,0,0,0,0,0,0,2,16,1600000
201610,12,031,3,5,Duval County                  ,196,196,46778590,5,10,1067751,0,0,0,22,744,74663300,176,176,40234939,5,10,1067751,0,0,0,22,744,74663300
201610,12,033,3,5,Escambia County               ,95,95,21646395,0,0,0,0,0,0,0,0,0,95,95,21646395,0,0,0,0,0,0,0,0,0
201610,12,053,3,5,Hernando County               ,40,40,7589753,0,0,0,0,0,0,0,0,0,39,39,7230445,0,0,0,0,0,0,0,0,0
201610,12,057,3,5,Hillsborough County           ,473,473,150050434,3,6,1090000,0,0,0,9,1019,80861726,473,473,150050434,3,6,1090000,0,0,0,9,1019,80861726
201610,12,067,3,5,Lafayette County              ,0,0,0,0,0,0,0,0,0,0,0,0,0,0,0,0,0,0,0,0,0,0,0,0
201610,12,071,3,5,Lee County                    ,298,298,88669888,1,2,197000,6,24,3289011,10,248,30958097,298,298,88669888,1,2,197000,6,24,3289011,10,248,30958097
201610,12,073,3,5,Leon County                   ,44,44,8576994,0,0,0,0,0,0,1,10,853244,0,0,0,0,0,0,0,0,0,0,0,0
201610,12,081,3,5,Manatee County                ,277,277,61927423,0,0,0,10,36,7172040,1,6,1234800,274,274,60753856,0,0,0,10,36,7172040,1,6,1234800
201610,12,086,3,5,Miami-Dade County             ,136,136,35668737,4,8,1689500,0,0,0,8,970,177277491,126,126,29377631,4,8,1689500,0,0,0,6,960,167847288
201610,12,089,3,5,Nassau County                 ,71,71,21589839,0,0,0,0,0,0,1,8,1752356,71,71,21589839,0,0,0,0,0,0,1,8,1752356
201610,12,091,3,5,Okaloosa County               ,64,64,20786222,0,0,0,0,0,0,0,0,0,61,61,20349653,0,0,0,0,0,0,0,0,0
201610,12,095,3,5,Orange County                 ,405,405,103518131,2,4,442014,4,12,1745205,2,42,4214864,405,405,103518131,2,4,442014,4,12,1745205,2,42,4214864
201610,12,097,3,5,Osceola County                ,302,302,87053212,0,0,0,0,0,0,1,88,9421848,239,239,69434624,0,0,0,0,0,0,1,88,9421848
201610,12,101,3,5,Pasco County                  ,201,201,45921222,1,2,128000,2,7,323855,1,6,172510,201,201,45921222,1,2,128000,2,7,323855,1,6,172510
201610,12,103,3,5,Pinellas County               ,133,133,37974573,0,0,0,0,0,0,2,20,1839445,60,60,19952462,0,0,0,0,0,0,0,0,0
201610,12,109,3,5,St. Johns County              ,244,244,56079194,0,0,0,1,4,857278,1,12,1750000,240,240,55042277,0,0,0,1,4,857278,1,12,1750000
201610,12,113,3,5,Santa Rosa County             ,102,102,14800862,0,0,0,0,0,0,0,0,0,102,102,14800862,0,0,0,0,0,0,0,0,0
201610,12,115,3,5,Sarasota County               ,240,240,69733319,0,0,0,1,4,572040,1,6,668000,240,240,69733319,0,0,0,1,4,572040,1,6,668000
201610,12,117,3,5,Seminole County               ,52,52,23964611,1,2,303732,0,0,0,0,0,0,52,52,23964611,1,2,303732,0,0,0,0,0,0
201610,12,129,3,5,Wakulla County                ,16,16,2574000,0,0,0,0,0,0,0,0,0,16,16,2574000,0,0,0,0,0,0,0,0,0
201610,12,131,3,5,Walton County                 ,143,143,47122160,0,0,0,0,0,0,0,0,0,143,143,47122160,0,0,0,0,0,0,0,0,0
201610,12,133,3,5,Washington County             ,2,2,326292,0,0,0,0,0,0,0,0,0,0,0,0,0,0,0,0,0,0,0,0,0
201610,13,007,3,5,Baker County                  ,0,0,0,0,0,0,0,0,0,0,0,0,0,0,0,0,0,0,0,0,0,0,0,0
201610,13,013,3,5,Barrow County                 ,26,26,4175654,0,0,0,0,0,0,1,5,492188,20,20,3530135,0,0,0,0,0,0,0,0,0
201610,13,015,3,5,Bartow County                 ,33,33,3752010,0,0,0,0,0,0,0,0,0,33,33,3752010,0,0,0,0,0,0,0,0,0
201610,13,021,3,5,Bibb County                   ,8,8,1885149,0,0,0,0,0,0,0,0,0,8,8,1885149,0,0,0,0,0,0,0,0,0
201610,13,029,3,5,Bryan County                  ,23,23,3800129,0,0,0,0,0,0,0,0,0,12,12,2161214,0,0,0,0,0,0,0,0,0
201610,13,033,3,5,Burke County                  ,4,4,695472,0,0,0,0,0,0,0,0,0,0,0,0,0,0,0,0,0,0,0,0,0
201610,13,035,3,5,Butts County                  ,5,5,652000,0,0,0,0,0,0,0,0,0,5,5,652000,0,0,0,0,0,0,0,0,0
201610,13,045,3,5,Carroll County                ,24,24,5651944,0,0,0,0,0,0,0,0,0,24,24,5651944,0,0,0,0,0,0,0,0,0
201610,13,051,3,5,Chatham County                ,41,41,9781401,0,0,0,0,0,0,0,0,0,40,40,9555733,0,0,0,0,0,0,0,0,0
201610,13,057,3,5,Cherokee County               ,161,161,44560734,0,0,0,0,0,0,0,0,0,161,161,44560734,0,0,0,0,0,0,0,0,0
201610,13,059,3,5,Clarke County                 ,19,19,3465643,0,0,0,0,0,0,0,0,0,19,19,3465643,0,0,0,0,0,0,0,0,0
201610,13,063,3,5,Clayton County                ,50,50,11392840,0,0,0,0,0,0,0,0,0,50,50,11392840,0,0,0,0,0,0,0,0,0
201610,13,067,3,5,Cobb County                   ,123,123,40109445,2,4,659171,2,7,1582994,3,126,18752180,119,119,39102942,2,4,659171,2,7,1582994,3,126,18752180
201610,13,073,3,5,Columbia County               ,91,91,19957521,2,4,440000,0,0,0,0,0,0,91,91,19957521,2,4,440000,0,0,0,0,0,0
201610,13,077,3,5,Coweta County                 ,70,70,23469473,0,0,0,0,0,0,1,17,1612167,40,40,14763444,0,0,0,0,0,0,0,0,0
201610,13,085,3,5,Dawson County                 ,19,19,4150061,0,0,0,0,0,0,0,0,0,19,19,4150061,0,0,0,0,0,0,0,0,0
201610,13,095,3,5,Dougherty County              ,1,1,188188,0,0,0,0,0,0,0,0,0,1,1,188188,0,0,0,0,0,0,0,0,0
201610,13,097,3,5,Douglas County                ,44,44,8152187,0,0,0,0,0,0,0,0,0,44,44,8152187,0,0,0,0,0,0,0,0,0
201610,13,111,3,5,Fannin County                 ,30,30,6125850,0,0,0,0,0,0,0,0,0,30,30,6125850,0,0,0,0,0,0,0,0,0
201610,13,113,3,5,Fayette County                ,32,32,8553588,0,0,0,0,0,0,0,0,0,27,27,6752346,0,0,0,0,0,0,0,0,0
201610,13,117,3,5,Forsyth County                ,203,203,28262064,0,0,0,0,0,0,0,0,0,203,203,28262064,0,0,0,0,0,0,0,0,0
201610,13,121,3,5,Fulton County                 ,250,250,66580101,0,0,0,0,0,0,4,1164,125659831,245,245,65936586,0,0,0,0,0,0,4,1164,125659831
201610,13,127,3,5,Glynn County                  ,39,39,10287253,0,0,0,0,0,0,0,0,0,0,0,0,0,0,0,0,0,0,0,0,0
201610,13,135,3,5,Gwinnett County               ,270,270,59939127,0,0,0,0,0,0,3,19,2141974,266,266,58781274,0,0,0,0,0,0,3,19,2141974
201610,13,143,3,5,Haralson County               ,3,3,683570,0,0,0,0,0,0,0,0,0,3,3,683570,0,0,0,0,0,0,0,0,0
201610,13,145,3,5,Harris County                 ,13,13,3223285,0,0,0,0,0,0,0,0,0,13,13,3223285,0,0,0,0,0,0,0,0,0
201610,13,149,3,5,Heard County                  ,2,2,455714,0,0,0,0,0,0,0,0,0,2,2,455714,0,0,0,0,0,0,0,0,0
201610,13,151,3,5,Henry County                  ,139,139,26495367,0,0,0,0,0,0,0,0,0,139,139,26495367,0,0,0,0,0,0,0,0,0
201610,13,159,3,5,Jasper County                 ,5,5,669870,0,0,0,0,0,0,0,0,0,0,0,0,0,0,0,0,0,0,0,0,0
201610,13,171,3,5,Lamar County                  ,2,2,269700,0,0,0,0,0,0,0,0,0,2,2,269700,0,0,0,0,0,0,0,0,0
201610,13,177,3,5,Lee County                    ,12,12,1243660,0,0,0,0,0,0,0,0,0,12,12,1243660,0,0,0,0,0,0,0,0,0
201610,13,179,3,5,Liberty County                ,15,15,3537206,0,0,0,0,0,0,0,0,0,15,15,3537206,0,0,0,0,0,0,0,0,0
201610,13,189,3,5,McDuffie County               ,2,2,353583,0,0,0,0,0,0,0,0,0,0,0,0,0,0,0,0,0,0,0,0,0
201610,13,199,3,5,Meriwether County             ,3,3,683570,0,0,0,0,0,0,0,0,0,3,3,683570,0,0,0,0,0,0,0,0,0
201610,13,201,3,5,Miller County                 ,0,0,0,0,0,0,0,0,0,0,0,0,0,0,0,0,0,0,0,0,0,0,0,0
201610,13,207,3,5,Monroe County                 ,12,12,3200000,0,0,0,0,0,0,0,0,0,12,12,3200000,0,0,0,0,0,0,0,0,0
201610,13,215,3,5,Muscogee County               ,24,24,4901470,0,0,0,0,0,0,1,20,1893215,0,0,0,0,0,0,0,0,0,0,0,0
201610,13,217,3,5,Newton County                 ,28,28,6377663,0,0,0,0,0,0,0,0,0,28,28,6377663,0,0,0,0,0,0,0,0,0
201610,13,227,3,5,Pickens County                ,9,9,2415000,0,0,0,0,0,0,0,0,0,8,8,2115000,0,0,0,0,0,0,0,0,0
201610,13,231,3,5,Pike County                   ,5,5,1003547,0,0,0,0,0,0,0,0,0,4,4,855000,0,0,0,0,0,0,0,0,0
201610,13,235,3,5,Pulaski County                ,1,1,78038,0,0,0,0,0,0,0,0,0,0,0,0,0,0,0,0,0,0,0,0,0
201610,13,245,3,5,Richmond County               ,39,39,7252431,0,0,0,0,0,0,1,22,642258,5,5,830000,0,0,0,0,0,0,0,0,0
201610,13,247,3,5,Rockdale County               ,13,13,2962138,0,0,0,0,0,0,0,0,0,13,13,2962138,0,0,0,0,0,0,0,0,0
201610,13,255,3,5,Spalding County               ,13,13,1413902,0,0,0,0,0,0,0,0,0,13,13,1413902,0,0,0,0,0,0,0,0,0
201610,13,275,3,5,Thomas County                 ,6,6,1785431,0,0,0,0,0,0,6,80,8978619,6,6,1785431,0,0,0,0,0,0,6,80,8978619
201610,13,291,3,5,Union County                  ,9,9,2214455,0,0,0,0,0,0,0,0,0,9,9,2214455,0,0,0,0,0,0,0,0,0
201610,15,001,4,9,Hawaii County                 ,67,67,21462974,0,0,0,0,0,0,0,0,0,67,67,21462974,0,0,0,0,0,0,0,0,0
201610,15,003,4,9,Honolulu County               ,72,72,28335130,0,0,0,0,0,0,0,0,0,72,72,28335130,0,0,0,0,0,0,0,0,0
201610,15,007,4,9,Kauai County                  ,21,21,13096939,0,0,0,0,0,0,0,0,0,0,0,0,0,0,0,0,0,0,0,0,0
201610,15,009,4,9,Maui County                   ,18,18,4923578,0,0,0,0,0,0,0,0,0,18,18,4923578,0,0,0,0,0,0,0,0,0
201610,16,001,4,8,Ada County                    ,313,313,73732647,0,0,0,4,16,1405174,10,56,7911739,313,313,73732647,0,0,0,4,16,1405174,10,56,7911739
201610,16,015,4,8,Boise County                  ,5,5,1471756,0,0,0,0,0,0,0,0,0,5,5,1471756,0,0,0,0,0,0,0,0,0
201610,16,027,4,8,Canyon County                 ,125,125,18821259,0,0,0,0,0,0,0,0,0,94,94,14194380,0,0,0,0,0,0,0,0,0
201610,16,045,4,8,Gem County                    ,5,5,822805,0,0,0,0,0,0,0,0,0,5,5,822805,0,0,0,0,0,0,0,0,0
201610,16,073,4,8,Owyhee County                 ,2,2,268300,0,0,0,0,0,0,0,0,0,2,2,268300,0,0,0,0,0,0,0,0,0
201610,17,005,2,3,Bond County                   ,1,1,176208,0,0,0,0,0,0,0,0,0,0,0,0,0,0,0,0,0,0,0,0,0
201610,17,013,2,3,Calhoun County                ,1,1,112490,0,0,0,0,0,0,0,0,0,0,0,0,0,0,0,0,0,0,0,0,0
201610,17,031,2,3,Cook County                   ,179,179,60935407,2,4,1125500,15,49,10813100,21,1878,154893093,156,156,52922494,2,4,1125500,15,49,10813100,19,1818,148314987
201610,17,037,2,3,DeKalb County                 ,7,7,1105000,0,0,0,0,0,0,0,0,0,7,7,1105000,0,0,0,0,0,0,0,0,0
201610,17,039,2,3,De Witt County                ,0,0,0,0,0,0,0,0,0,0,0,0,0,0,0,0,0,0,0,0,0,0,0,0
201610,17,043,2,3,DuPage County                 ,133,133,39015649,0,0,0,0,0,0,0,0,0,124,124,35414164,0,0,0,0,0,0,0,0,0
201610,17,063,2,3,Grundy County                 ,5,5,975549,0,0,0,0,0,0,2,16,820512,4,4,815000,0,0,0,0,0,0,0,0,0
201610,17,083,2,3,Jersey County                 ,5,5,780283,0,0,0,0,0,0,0,0,0,3,3,469065,0,0,0,0,0,0,0,0,0
201610,17,093,2,3,Kendall County                ,15,15,3364175,0,0,0,0,0,0,0,0,0,7,7,1948000,0,0,0,0,0,0,0,0,0
201610,17,097,2,3,Lake County                   ,67,67,17858930,0,0,0,0,0,0,3,108,32453186,53,53,14271210,0,0,0,0,0,0,3,108,32453186
201610,17,111,2,3,McHenry County                ,18,18,4981179,0,0,0,3,12,960000,1,5,400000,14,14,4612633,0,0,0,3,12,960000,1,5,400000
201610,17,119,2,3,Madison County                ,38,38,9455691,0,0,0,0,0,0,0,0,0,24,24,6068181,0,0,0,0,0,0,0,0,0
201610,17,133,2,3,Monroe County                 ,14,14,3493060,0,0,0,0,0,0,0,0,0,4,4,1085000,0,0,0,0,0,0,0,0,0
201610,17,197,2,3,Will County                   ,131,131,33532874,0,0,0,0,0,0,0,0,0,120,120,31479072,0,0,0,0,0,0,0,0,0
201610,18,003,2,3,Allen County                  ,71,71,19317480,0,0,0,0,0,0,1,10,490000,71,71,19317480,0,0,0,0,0,0,1,10,490000
201610,18,011,2,3,Boone County                  ,28,28,10299523,0,0,0,0,0,0,0,0,0,28,28,10299523,0,0,0,0,0,0,0,0,0
201610,18,013,2,3,Brown County                  ,6,6,1524812,0,0,0,0,0,0,0,0,0,6,6,1524812,0,0,0,0,0,0,0,0,0
201610,18,019,2,3,Clark County                  ,35,35,5732038,0,0,0,0,0,0,0,0,0,31,31,5174895,0,0,0,0,0,0,0,0,0
201610,18,047,2,3,Franklin County               ,2,2,760000,0,0,0,0,0,0,0,0,0,2,2,760000,0,0,0,0,0,0,0,0,0
201610,18,057,2,3,Hamilton County               ,177,177,56516491,0,0,0,2,7,1237200,0,0,0,176,176,56232420,0,0,0,2,7,1237200,0,0,0
201610,18,059,2,3,Hancock County                ,32,32,6056936,0,0,0,0,0,0,0,0,0,32,32,6056936,0,0,0,0,0,0,0,0,0
201610,18,061,2,3,Harrison County               ,13,13,2683055,0,0,0,0,0,0,0,0,0,13,13,2683055,0,0,0,0,0,0,0,0,0
201610,18,063,2,3,Hendricks County              ,62,62,16733908,3,6,210000,1,3,250000,11,309,25606804,59,59,16131081,3,6,210000,1,3,250000,11,309,25606804
201610,18,069,2,3,Huntington County             ,6,6,1165641,0,0,0,0,0,0,0,0,0,6,6,1165641,0,0,0,0,0,0,0,0,0
201610,18,073,2,3,Jasper County                 ,7,7,1713812,0,0,0,0,0,0,0,0,0,7,7,1713812,0,0,0,0,0,0,0,0,0
201610,18,081,2,3,Johnson County                ,50,50,8894729,0,0,0,0,0,0,0,0,0,46,46,8451355,0,0,0,0,0,0,0,0,0
201610,18,087,2,3,Lagrange County               ,10,10,1590000,0,0,0,0,0,0,0,0,0,10,10,1590000,0,0,0,0,0,0,0,0,0
201610,18,089,2,3,Lake County                   ,138,138,27600316,3,6,1177331,2,6,864143,0,0,0,132,132,25803516,3,6,1177331,2,6,864143,0,0,0
201610,18,097,2,3,Marion County                 ,66,66,16136759,0,0,0,0,0,0,2,126,17600000,66,66,16136759,0,0,0,0,0,0,2,126,17600000
201610,18,105,2,3,Monroe County                 ,24,24,5862294,0,0,0,0,0,0,1,16,1725216,0,0,0,0,0,0,0,0,0,0,0,0
201610,18,109,2,3,Morgan County                 ,9,9,2190000,0,0,0,0,0,0,0,0,0,9,9,2190000,0,0,0,0,0,0,0,0,0
201610,18,111,2,3,Newton County                 ,1,1,178929,0,0,0,0,0,0,0,0,0,0,0,0,0,0,0,0,0,0,0,0,0
201610,18,115,2,3,Ohio County                   ,0,0,0,0,0,0,0,0,0,0,0,0,0,0,0,0,0,0,0,0,0,0,0,0
201610,18,119,2,3,Owen County                   ,6,6,1018270,0,0,0,0,0,0,0,0,0,6,6,1018270,0,0,0,0,0,0,0,0,0
201610,18,127,2,3,Porter County                 ,46,46,12758867,1,2,255800,0,0,0,0,0,0,44,44,12475665,1,2,255800,0,0,0,0,0,0
201610,18,133,2,3,Putnam County                 ,4,4,1016542,0,0,0,0,0,0,0,0,0,4,4,1016542,0,0,0,0,0,0,0,0,0
201610,18,145,2,3,Shelby County                 ,7,7,954795,1,2,210000,0,0,0,0,0,0,7,7,954795,1,2,210000,0,0,0,0,0,0
201610,18,151,2,3,Steuben County                ,15,15,5324140,0,0,0,0,0,0,0,0,0,15,15,5324140,0,0,0,0,0,0,0,0,0
201610,18,157,2,3,Tippecanoe County             ,47,47,10837465,2,4,720000,0,0,0,0,0,0,41,41,10087739,0,0,0,0,0,0,0,0,0
201610,18,163,2,3,Vanderburgh County            ,33,33,4907000,0,0,0,0,0,0,0,0,0,33,33,4907000,0,0,0,0,0,0,0,0,0
201610,18,167,2,3,Vigo County                   ,3,3,715000,1,2,164143,1,4,212250,1,5,552500,1,1,400000,0,0,0,0,0,0,0,0,0
201610,18,175,2,3,Washington County             ,3,3,407803,0,0,0,0,0,0,0,0,0,0,0,0,0,0,0,0,0,0,0,0,0
201610,18,183,2,3,Whitley County                ,6,6,1185000,0,0,0,0,0,0,0,0,0,6,6,1185000,0,0,0,0,0,0,0,0,0
201610,19,049,2,4,Dallas County                 ,136,136,35387579,0,0,0,0,0,0,1,5,460526,135,135,35227579,0,0,0,0,0,0,0,0,0
201610,19,085,2,4,Harrison County               ,2,2,610000,0,0,0,0,0,0,0,0,0,2,2,610000,0,0,0,0,0,0,0,0,0
201610,19,129,2,4,Mills County                  ,0,0,0,0,0,0,0,0,0,0,0,0,0,0,0,0,0,0,0,0,0,0,0,0
201610,19,153,2,4,Polk County                   ,249,249,62816350,1,2,257992,0,0,0,8,79,9602703,244,244,61654807,1,2,257992,0,0,0,7,72,8723030
201610,19,181,2,4,Warren County                 ,16,16,4908789,1,2,262500,0,0,0,0,0,0,16,16,4908789,1,2,262500,0,0,0,0,0,0
201610,20,091,2,4,Johnson County                ,150,150,47383390,0,0,0,1,3,407667,1,22,2430170,76,76,22765665,0,0,0,0,0,0,0,0,0
201610,20,103,2,4,Leavenworth County            ,23,23,4895803,0,0,0,0,0,0,0,0,0,21,21,4653473,0,0,0,0,0,0,0,0,0
201610,20,107,2,4,Linn County                   ,2,2,200750,0,0,0,0,0,0,0,0,0,1,1,40000,0,0,0,0,0,0,0,0,0
201610,20,121,2,4,Miami County                  ,28,28,4654166,0,0,0,0,0,0,0,0,0,24,24,3465546,0,0,0,0,0,0,0,0,0
201610,20,209,2,4,Wyandotte County              ,14,14,2613119,0,0,0,0,0,0,0,0,0,14,14,2613119,0,0,0,0,0,0,0,0,0
201610,21,005,3,6,Anderson County               ,3,3,501527,0,0,0,0,0,0,0,0,0,3,3,501527,0,0,0,0,0,0,0,0,0
201610,21,015,3,6,Boone County                  ,29,29,4560011,0,0,0,0,0,0,4,72,3835000,29,29,4560011,0,0,0,0,0,0,4,72,3835000
201610,21,017,3,6,Bourbon County                ,5,5,1065000,1,2,300000,0,0,0,0,0,0,5,5,1065000,1,2,300000,0,0,0,0,0,0
201610,21,021,3,6,Boyle County                  ,4,4,545000,0,0,0,0,0,0,0,0,0,4,4,545000,0,0,0,0,0,0,0,0,0
201610,21,029,3,6,Bullitt County                ,28,28,5803321,0,0,0,0,0,0,0,0,0,0,0,0,0,0,0,0,0,0,0,0,0
201610,21,035,3,6,Calloway County               ,5,5,785800,1,2,129000,5,20,1149000,0,0,0,5,5,785800,1,2,129000,5,20,1149000,0,0,0
201610,21,037,3,6,Campbell County               ,14,14,3847125,0,0,0,0,0,0,2,13,1330435,11,11,2651167,0,0,0,0,0,0,1,8,877352
201610,21,045,3,6,Casey County                  ,0,0,0,0,0,0,0,0,0,0,0,0,0,0,0,0,0,0,0,0,0,0,0,0
201610,21,047,3,6,Christian County              ,4,4,403200,0,0,0,0,0,0,0,0,0,3,3,332000,0,0,0,0,0,0,0,0,0
201610,21,049,3,6,Clark County                  ,2,2,480000,0,0,0,0,0,0,8,64,4432000,2,2,480000,0,0,0,0,0,0,8,64,4432000
201610,21,067,3,6,Fayette County                ,53,53,8036898,1,2,204889,0,0,0,1,48,2748794,0,0,0,0,0,0,0,0,0,0,0,0
201610,21,069,3,6,Fleming County                ,0,0,0,0,0,0,0,0,0,0,0,0,0,0,0,0,0,0,0,0,0,0,0,0
201610,21,077,3,6,Gallatin County               ,3,3,249500,0,0,0,0,0,0,0,0,0,3,3,249500,0,0,0,0,0,0,0,0,0
201610,21,081,3,6,Grant County                  ,3,3,815000,0,0,0,0,0,0,0,0,0,3,3,815000,0,0,0,0,0,0,0,0,0
201610,21,091,3,6,Hancock County                ,1,1,204195,0,0,0,0,0,0,0,0,0,1,1,204195,0,0,0,0,0,0,0,0,0
201610,21,099,3,6,Hart County                   ,4,4,389000,0,0,0,0,0,0,1,5,567738,0,0,0,0,0,0,0,0,0,0,0,0
201610,21,101,3,6,Henderson County              ,4,4,794900,0,0,0,0,0,0,0,0,0,4,4,794900,0,0,0,0,0,0,0,0,0
201610,21,103,3,6,Henry County                  ,2,2,465000,0,0,0,0,0,0,0,0,0,2,2,465000,0,0,0,0,0,0,0,0,0
201610,21,111,3,6,Jefferson County              ,81,81,21378810,2,4,420910,1,3,300900,14,122,14213889,81,81,21378810,2,4,420910,1,3,300900,14,122,14213889
201610,21,113,3,6,Jessamine County              ,14,14,5447891,0,0,0,0,0,0,0,0,0,7,7,2505425,0,0,0,0,0,0,0,0,0
201610,21,115,3,6,Johnson County                ,0,0,0,0,0,0,0,0,0,0,0,0,0,0,0,0,0,0,0,0,0,0,0,0
201610,21,117,3,6,Kenton County                 ,26,26,5204737,0,0,0,0,0,0,0,0,0,26,26,5204737,0,0,0,0,0,0,0,0,0
201610,21,121,3,6,Knox County                   ,0,0,0,0,0,0,0,0,0,0,0,0,0,0,0,0,0,0,0,0,0,0,0,0
201610,21,123,3,6,Larue County                  ,0,0,0,0,0,0,0,0,0,0,0,0,0,0,0,0,0,0,0,0,0,0,0,0
201610,21,137,3,6,Lincoln County                ,2,2,408390,0,0,0,0,0,0,0,0,0,2,2,408390,0,0,0,0,0,0,0,0,0
201610,21,145,3,6,McCracken County              ,11,11,1936888,0,0,0,0,0,0,0,0,0,11,11,1936888,0,0,0,0,0,0,0,0,0
201610,21,151,3,6,Madison County                ,15,15,1392217,1,2,112996,1,4,180000,1,5,168572,4,4,440000,0,0,0,1,4,180000,0,0,0
201610,21,157,3,6,Marshall County               ,2,2,453534,0,0,0,0,0,0,0,0,0,0,0,0,0,0,0,0,0,0,0,0,0
201610,21,161,3,6,Mason County                  ,2,2,200000,0,0,0,0,0,0,0,0,0,2,2,200000,0,0,0,0,0,0,0,0,0
201610,21,163,3,6,Meade County                  ,7,7,1145000,0,0,0,0,0,0,0,0,0,7,7,1145000,0,0,0,0,0,0,0,0,0
201610,21,167,3,6,Mercer County                 ,2,2,440000,0,0,0,0,0,0,0,0,0,2,2,440000,0,0,0,0,0,0,0,0,0
201610,21,175,3,6,Morgan County                 ,2,2,150000,0,0,0,0,0,0,0,0,0,0,0,0,0,0,0,0,0,0,0,0,0
201610,21,179,3,6,Nelson County                 ,19,19,2299000,0,0,0,0,0,0,0,0,0,19,19,2299000,0,0,0,0,0,0,0,0,0
201610,21,185,3,6,Oldham County                 ,26,26,6944897,0,0,0,0,0,0,0,0,0,0,0,0,0,0,0,0,0,0,0,0,0
201610,21,191,3,6,Pendleton County              ,0,0,0,0,0,0,0,0,0,0,0,0,0,0,0,0,0,0,0,0,0,0,0,0
201610,21,209,3,6,Scott County                  ,25,25,4456790,0,0,0,0,0,0,0,0,0,25,25,4456790,0,0,0,0,0,0,0,0,0
201610,21,211,3,6,Shelby County                 ,18,18,5292527,0,0,0,0,0,0,0,0,0,18,18,5292527,0,0,0,0,0,0,0,0,0
201610,21,213,3,6,Simpson County                ,2,2,304807,1,2,142000,1,3,262500,0,0,0,0,0,0,0,0,0,0,0,0,0,0,0
201610,21,215,3,6,Spencer County                ,10,10,2278568,0,0,0,0,0,0,0,0,0,10,10,2278568,0,0,0,0,0,0,0,0,0
201610,21,221,3,6,Trigg County                  ,1,1,227857,0,0,0,0,0,0,0,0,0,1,1,227857,0,0,0,0,0,0,0,0,0
201610,21,225,3,6,Union County                  ,1,1,215501,0,0,0,0,0,0,0,0,0,0,0,0,0,0,0,0,0,0,0,0,0
201610,21,239,3,6,Woodford County               ,9,9,1779200,0,0,0,0,0,0,0,0,0,9,9,1779200,0,0,0,0,0,0,0,0,0
201610,22,005,3,7,Ascension Parish              ,74,74,12008221,0,0,0,0,0,0,0,0,0,68,68,11114257,0,0,0,0,0,0,0,0,0
201610,22,015,3,7,Bossier Parish                ,53,53,9801055,0,0,0,0,0,0,0,0,0,27,27,5162195,0,0,0,0,0,0,0,0,0
201610,22,017,3,7,Caddo Parish                  ,16,16,3442065,0,0,0,0,0,0,0,0,0,16,16,3442065,0,0,0,0,0,0,0,0,0
201610,22,031,3,7,De Soto Parish                ,10,10,2444998,0,0,0,0,0,0,0,0,0,10,10,2444998,0,0,0,0,0,0,0,0,0
201610,22,033,3,7,East Baton Rouge Parish       ,119,119,28465868,0,0,0,0,0,0,0,0,0,11,11,1931855,0,0,0,0,0,0,0,0,0
201610,22,037,3,7,East Feliciana Parish         ,4,4,816780,0,0,0,1,4,256550,0,0,0,4,4,816780,0,0,0,1,4,256550,0,0,0
201610,22,047,3,7,Iberville Parish              ,12,12,2326897,0,0,0,0,0,0,0,0,0,3,3,751000,0,0,0,0,0,0,0,0,0
201610,22,051,3,7,Jefferson Parish              ,38,38,7741520,0,0,0,0,0,0,0,0,0,8,8,1780000,0,0,0,0,0,0,0,0,0
201610,22,055,3,7,Lafayette Parish              ,106,106,20648863,0,0,0,0,0,0,5,100,10537610,63,63,14067865,0,0,0,0,0,0,5,100,10537610
201610,22,063,3,7,Livingston Parish             ,65,65,13688635,0,0,0,0,0,0,0,0,0,2,2,350000,0,0,0,0,0,0,0,0,0
201610,22,071,3,7,Orleans Parish                ,10,10,2162213,1,2,221364,0,0,0,1,24,2981301,0,0,0,0,0,0,0,0,0,0,0,0
201610,22,075,3,7,Plaquemines Parish            ,4,4,1169886,0,0,0,0,0,0,0,0,0,0,0,0,0,0,0,0,0,0,0,0,0
201610,22,077,3,7,Pointe Coupee Parish          ,3,3,435790,0,0,0,0,0,0,0,0,0,3,3,435790,0,0,0,0,0,0,0,0,0
201610,22,087,3,7,St. Bernard Parish            ,7,7,907000,0,0,0,0,0,0,0,0,0,7,7,907000,0,0,0,0,0,0,0,0,0
201610,22,089,3,7,St. Charles Parish            ,8,8,2398541,0,0,0,0,0,0,0,0,0,8,8,2398541,0,0,0,0,0,0,0,0,0
201610,22,091,3,7,St. Helena Parish             ,0,0,0,0,0,0,0,0,0,0,0,0,0,0,0,0,0,0,0,0,0,0,0,0
201610,22,095,3,7,St. John the Baptist Parish   ,2,2,318966,0,0,0,0,0,0,0,0,0,0,0,0,0,0,0,0,0,0,0,0,0
201610,22,099,3,7,St. Martin Parish             ,12,12,3412842,0,0,0,0,0,0,0,0,0,11,11,3227842,0,0,0,0,0,0,0,0,0
201610,22,103,3,7,St. Tammany Parish            ,97,97,26970663,0,0,0,0,0,0,0,0,0,94,94,25927858,0,0,0,0,0,0,0,0,0
201610,22,109,3,7,Terrebonne Parish             ,15,15,3427530,0,0,0,0,0,0,0,0,0,15,15,3427530,0,0,0,0,0,0,0,0,0
201610,22,121,3,7,West Baton Rouge Parish       ,13,13,2010040,0,0,0,0,0,0,0,0,0,6,6,891945,0,0,0,0,0,0,0,0,0
201610,22,125,3,7,West Feliciana Parish         ,4,4,1062011,0,0,0,0,0,0,0,0,0,0,0,0,0,0,0,0,0,0,0,0,0
201610,23,000,1,1,Maine Unorganized Territory   ,9,9,1195202,0,0,0,0,0,0,0,0,0,0,0,0,0,0,0,0,0,0,0,0,0
201610,24,003,3,5,Anne Arundel County           ,121,121,27402926,0,0,0,0,0,0,0,0,0,118,118,26887102,0,0,0,0,0,0,0,0,0
201610,24,005,3,5,Baltimore County              ,29,29,6607847,0,0,0,0,0,0,0,0,0,29,29,6607847,0,0,0,0,0,0,0,0,0
201610,24,009,3,5,Calvert County                ,28,28,6304908,0,0,0,0,0,0,1,5,150000,0,0,0,0,0,0,0,0,0,0,0,0
201610,24,013,3,5,Carroll County                ,21,21,4784993,0,0,0,0,0,0,0,0,0,21,21,4784993,0,0,0,0,0,0,0,0,0
201610,24,015,3,5,Cecil County                  ,1,1,443935,0,0,0,0,0,0,0,0,0,1,1,443935,0,0,0,0,0,0,0,0,0
201610,24,017,3,5,Charles County                ,67,67,13642432,0,0,0,0,0,0,0,0,0,60,60,12302000,0,0,0,0,0,0,0,0,0
201610,24,021,3,5,Frederick County              ,85,85,19618854,0,0,0,0,0,0,6,89,8928312,85,85,19618854,0,0,0,0,0,0,6,89,8928312
201610,24,023,3,5,Garrett County                ,4,4,2411183,0,0,0,0,0,0,0,0,0,4,4,2411183,0,0,0,0,0,0,0,0,0
201610,24,025,3,5,Harford County                ,39,39,8236819,0,0,0,0,0,0,0,0,0,34,34,6183566,0,0,0,0,0,0,0,0,0
201610,24,027,3,5,Howard County                 ,68,68,15494262,0,0,0,0,0,0,0,0,0,68,68,15494262,0,0,0,0,0,0,0,0,0
201610,24,031,3,5,Montgomery County             ,107,107,24426373,0,0,0,0,0,0,1,5,56417,107,107,24426373,0,0,0,0,0,0,1,5,56417
201610,24,033,3,5,Prince George County          ,96,96,21874252,0,0,0,0,0,0,0,0,0,96,96,21874252,0,0,0,0,0,0,0,0,0
201610,24,035,3,5,Queen Anne County             ,11,11,2965000,0,0,0,0,0,0,0,0,0,11,11,2965000,0,0,0,0,0,0,0,0,0
201610,24,037,3,5,St. Mary's County             ,51,51,9949404,0,0,0,0,0,0,0,0,0,51,51,9949404,0,0,0,0,0,0,0,0,0
201610,24,037,3,5,St. Marys County              ,51,51,9949404,0,0,0,0,0,0,0,0,0,51,51,9949404,0,0,0,0,0,0,0,0,0
201610,24,039,3,5,Somerset County               ,4,4,550707,0,0,0,0,0,0,0,0,0,2,2,130000,0,0,0,0,0,0,0,0,0
201610,24,045,3,5,Wicomico County               ,6,6,1157112,1,2,200281,0,0,0,0,0,0,4,4,907430,0,0,0,0,0,0,0,0,0
201610,24,510,3,5,Baltimore (Independent City)  ,19,19,2689975,0,0,0,0,0,0,1,80,13077209,0,0,0,0,0,0,0,0,0,0,0,0
201610,25,005,1,1,Bristol County                ,60,60,12555724,0,0,0,0,0,0,0,0,0,28,28,6393405,0,0,0,0,0,0,0,0,0
201610,25,009,1,1,Essex County                  ,70,70,22101394,5,10,1600889,3,11,1380000,2,15,1263164,43,43,13029250,2,4,550000,3,11,1380000,1,10,610000
201610,25,017,1,1,Middlesex County              ,165,165,49747176,3,6,1073228,1,3,584283,5,60,9872549,126,126,37885781,1,2,280000,0,0,0,1,24,4350000
201610,25,021,1,1,Norfolk County                ,49,49,20648542,1,2,445000,2,6,344000,4,47,3945393,20,20,6594075,1,2,445000,2,6,344000,2,34,2800000
201610,25,023,1,1,Plymouth County               ,90,90,21632231,0,0,0,1,4,393924,3,114,22141613,53,53,12578762,0,0,0,0,0,0,1,104,21000000
201610,25,025,1,1,Suffolk County                ,3,3,685221,12,24,4078764,1,3,387864,8,74,13326651,2,2,523511,11,22,3857760,1,3,387864,5,57,10553500
201610,26,000,2,3,Michigan Balance of State     ,6,6,1146890,0,0,0,0,0,0,0,0,0,0,0,0,0,0,0,0,0,0,0,0,0
201610,26,019,2,3,Benzie County                 ,11,11,3299223,0,0,0,0,0,0,0,0,0,11,11,3299223,0,0,0,0,0,0,0,0,0
201610,26,029,2,3,Charlevoix County             ,2,2,568927,1,2,659319,0,0,0,0,0,0,0,0,0,0,0,0,0,0,0,0,0,0
201610,26,089,2,3,Leelanau County               ,13,13,3060412,0,0,0,0,0,0,0,0,0,0,0,0,0,0,0,0,0,0,0,0,0
201610,26,093,2,3,Livingston County             ,54,54,14202641,0,0,0,0,0,0,0,0,0,51,51,13896426,0,0,0,0,0,0,0,0,0
201610,26,095,2,3,Luce County                   ,0,0,0,0,0,0,0,0,0,0,0,0,0,0,0,0,0,0,0,0,0,0,0,0
201610,26,099,2,3,Macomb County                 ,97,97,24711876,0,0,0,0,0,0,5,56,8107643,93,93,23994440,0,0,0,0,0,0,5,56,8107643
201610,26,103,2,3,Marquette County              ,15,15,3812031,0,0,0,0,0,0,0,0,0,15,15,3812031,0,0,0,0,0,0,0,0,0
201610,26,137,2,3,Otsego County                 ,2,2,162000,0,0,0,0,0,0,0,0,0,0,0,0,0,0,0,0,0,0,0,0,0
201610,26,147,2,3,St. Clair County              ,8,8,1495126,0,0,0,0,0,0,0,0,0,5,5,952000,0,0,0,0,0,0,0,0,0
201610,26,163,2,3,Wayne County                  ,80,80,20635800,1,2,96000,2,7,425000,2,12,1609248,72,72,19134992,1,2,96000,2,7,425000,2,12,1609248
201610,27,003,2,4,Anoka County                  ,69,69,17141400,0,0,0,0,0,0,0,0,0,55,55,13299632,0,0,0,0,0,0,0,0,0
201610,27,019,2,4,Carver County                 ,59,59,20881096,1,2,441000,0,0,0,3,15,1692235,59,59,20881096,1,2,441000,0,0,0,3,15,1692235
201610,27,025,2,4,Chisago County                ,24,24,5103435,0,0,0,0,0,0,0,0,0,24,24,5103435,0,0,0,0,0,0,0,0,0
201610,27,027,2,4,Clay County                   ,18,18,4347000,0,0,0,0,0,0,4,158,14230000,18,18,4347000,0,0,0,0,0,0,4,158,14230000
201610,27,037,2,4,Dakota County                 ,85,85,24187982,0,0,0,1,3,786000,0,0,0,74,74,20389325,0,0,0,1,3,786000,0,0,0
201610,27,053,2,4,Hennepin County               ,162,162,66261991,0,0,0,1,3,687198,6,501,77706326,147,147,58275238,0,0,0,0,0,0,5,452,68179393
201610,27,059,2,4,Isanti County                 ,22,22,3859766,0,0,0,0,0,0,0,0,0,21,21,3583766,0,0,0,0,0,0,0,0,0
201610,27,123,2,4,Ramsey County                 ,17,17,6214083,0,0,0,0,0,0,0,0,0,17,17,6214083,0,0,0,0,0,0,0,0,0
201610,27,139,2,4,Scott County                  ,41,41,12874904,0,0,0,0,0,0,1,54,7171000,32,32,9667832,0,0,0,0,0,0,1,54,7171000
201610,27,141,2,4,Sherburne County              ,29,29,6599430,0,0,0,0,0,0,0,0,0,29,29,6599430,0,0,0,0,0,0,0,0,0
201610,27,163,2,4,Washington County             ,58,58,23466026,0,0,0,1,4,0,2,257,28923770,49,49,19701271,0,0,0,0,0,0,2,257,28923770
201610,27,171,2,4,Wright County                 ,60,60,16755946,0,0,0,0,0,0,0,0,0,50,50,14641172,0,0,0,0,0,0,0,0,0
201610,28,033,3,6,DeSoto County                 ,102,102,15599902,0,0,0,0,0,0,0,0,0,78,78,10183865,0,0,0,0,0,0,0,0,0
201610,28,041,3,6,Greene County                 ,0,0,0,0,0,0,0,0,0,0,0,0,0,0,0,0,0,0,0,0,0,0,0,0
201610,28,045,3,6,Hancock County                ,31,31,5152857,0,0,0,1,3,301084,1,9,761964,4,4,1002331,0,0,0,0,0,0,0,0,0
201610,28,047,3,6,Harrison County               ,65,65,8974820,2,4,550000,0,0,0,0,0,0,56,56,7952411,2,4,550000,0,0,0,0,0,0
201610,28,067,3,6,Jones County                  ,0,0,0,0,0,0,0,0,0,0,0,0,0,0,0,0,0,0,0,0,0,0,0,0
201610,28,137,3,6,Tate County                   ,2,2,332000,0,0,0,0,0,0,0,0,0,2,2,332000,0,0,0,0,0,0,0,0,0
201610,28,143,3,6,Tunica County                 ,1,1,80320,0,0,0,0,0,0,0,0,0,0,0,0,0,0,0,0,0,0,0,0,0
201610,28,145,3,6,Union County                  ,0,0,0,0,0,0,0,0,0,0,0,0,0,0,0,0,0,0,0,0,0,0,0,0
201610,28,149,3,6,Warren County                 ,0,0,0,0,0,0,0,0,0,0,0,0,0,0,0,0,0,0,0,0,0,0,0,0
201610,29,013,2,4,Bates County                  ,0,0,0,0,0,0,0,0,0,0,0,0,0,0,0,0,0,0,0,0,0,0,0,0
201610,29,019,2,4,Boone County                  ,67,67,14586413,0,0,0,0,0,0,0,0,0,67,67,14586413,0,0,0,0,0,0,0,0,0
201610,29,049,2,4,Clinton County                ,8,8,1243700,0,0,0,0,0,0,0,0,0,7,7,1102300,0,0,0,0,0,0,0,0,0
201610,29,065,2,4,Dent County                   ,0,0,0,0,0,0,0,0,0,0,0,0,0,0,0,0,0,0,0,0,0,0,0,0
201610,29,071,2,4,Franklin County               ,17,17,3582649,1,2,187000,0,0,0,1,5,166667,4,4,608568,1,2,187000,0,0,0,0,0,0
201610,29,095,2,4,Jackson County                ,157,157,35163018,2,4,455000,10,40,5044726,3,83,10914012,156,156,35038351,2,4,455000,10,40,5044726,3,83,10914012
201610,29,099,2,4,Jefferson County              ,48,48,6064085,0,0,0,0,0,0,0,0,0,45,45,5756239,0,0,0,0,0,0,0,0,0
201610,29,105,2,4,Laclede County                ,3,3,466000,0,0,0,0,0,0,0,0,0,3,3,466000,0,0,0,0,0,0,0,0,0
201610,29,107,2,4,Lafayette County              ,2,2,459802,0,0,0,0,0,0,0,0,0,0,0,0,0,0,0,0,0,0,0,0,0
201610,29,113,2,4,Lincoln County                ,6,6,833306,0,0,0,0,0,0,0,0,0,5,5,589000,0,0,0,0,0,0,0,0,0
201610,29,165,2,4,Platte County                 ,25,25,6272790,0,0,0,0,0,0,1,15,986111,15,15,3556346,0,0,0,0,0,0,0,0,0
201610,29,185,2,4,St. Clair County              ,0,0,0,0,0,0,0,0,0,0,0,0,0,0,0,0,0,0,0,0,0,0,0,0
201610,29,189,2,4,St. Louis County              ,82,82,36987220,0,0,0,0,0,0,3,94,9895690,20,20,13486527,0,0,0,0,0,0,0,0,0
201610,29,219,2,4,Warren County                 ,19,19,4237228,0,0,0,0,0,0,0,0,0,19,19,4237228,0,0,0,0,0,0,0,0,0
201610,29,221,2,4,Washington County             ,0,0,0,0,0,0,0,0,0,0,0,0,0,0,0,0,0,0,0,0,0,0,0,0
201610,29,510,2,4,St. Louis (Independent City)  ,9,9,1915000,0,0,0,0,0,0,0,0,0,9,9,1915000,0,0,0,0,0,0,0,0,0
201610,30,033,4,8,Garfield County               ,0,0,0,0,0,0,0,0,0,0,0,0,0,0,0,0,0,0,0,0,0,0,0,0
201610,30,063,4,8,Missoula County               ,31,31,8879511,2,4,464036,0,0,0,4,61,4588707,31,31,8879511,2,4,464036,0,0,0,4,61,4588707
201610,30,093,4,8,Silver Bow County             ,2,2,216671,0,0,0,0,0,0,0,0,0,2,2,216671,0,0,0,0,0,0,0,0,0
201610,31,001,2,4,Adams County                  ,24,24,4517523,0,0,0,0,0,0,0,0,0,24,24,4517523,0,0,0,0,0,0,0,0,0
201610,31,025,2,4,Cass County                   ,9,9,1581562,0,0,0,0,0,0,0,0,0,9,9,1581562,0,0,0,0,0,0,0,0,0
201610,31,033,2,4,Cheyenne County               ,0,0,0,0,0,0,0,0,0,0,0,0,0,0,0,0,0,0,0,0,0,0,0,0
201610,31,055,2,4,Douglas County                ,117,117,21497832,0,0,0,0,0,0,8,168,10652332,107,107,19124441,0,0,0,0,0,0,8,168,10652332
201610,31,105,2,4,Kimball County                ,0,0,0,0,0,0,0,0,0,0,0,0,0,0,0,0,0,0,0,0,0,0,0,0
201610,31,153,2,4,Sarpy County                  ,52,52,14603791,0,0,0,0,0,0,0,0,0,52,52,14603791,0,0,0,0,0,0,0,0,0
201610,31,165,2,4,Sioux County                  ,1,1,500000,0,0,0,0,0,0,0,0,0,1,1,500000,0,0,0,0,0,0,0,0,0
201610,31,177,2,4,Washington County             ,5,5,1384937,0,0,0,0,0,0,0,0,0,5,5,1384937,0,0,0,0,0,0,0,0,0
201610,32,001,4,8,Churchill County              ,2,2,699419,0,0,0,0,0,0,0,0,0,2,2,699419,0,0,0,0,0,0,0,0,0
201610,32,003,4,8,Clark County                  ,653,653,123253036,0,0,0,0,0,0,10,80,6150000,653,653,123253036,0,0,0,0,0,0,10,80,6150000
201610,32,005,4,8,Douglas County                ,18,18,7027828,0,0,0,0,0,0,0,0,0,18,18,7027828,0,0,0,0,0,0,0,0,0
201610,32,007,4,8,Elko County                   ,13,13,1550626,0,0,0,0,0,0,0,0,0,12,12,1535626,0,0,0,0,0,0,0,0,0
201610,32,013,4,8,Humboldt County               ,1,1,146713,0,0,0,0,0,0,0,0,0,1,1,146713,0,0,0,0,0,0,0,0,0
201610,32,015,4,8,Lander County                 ,0,0,0,0,0,0,0,0,0,0,0,0,0,0,0,0,0,0,0,0,0,0,0,0
201610,32,017,4,8,Lincoln County                ,0,0,0,0,0,0,0,0,0,0,0,0,0,0,0,0,0,0,0,0,0,0,0,0
201610,32,019,4,8,Lyon County                   ,14,14,3285192,0,0,0,0,0,0,0,0,0,10,10,2291008,0,0,0,0,0,0,0,0,0
201610,32,021,4,8,Mineral County                ,0,0,0,0,0,0,0,0,0,0,0,0,0,0,0,0,0,0,0,0,0,0,0,0
201610,32,027,4,8,Pershing County               ,0,0,0,0,0,0,0,0,0,0,0,0,0,0,0,0,0,0,0,0,0,0,0,0
201610,32,029,4,8,Storey County                 ,0,0,0,0,0,0,0,0,0,0,0,0,0,0,0,0,0,0,0,0,0,0,0,0
201610,32,031,4,8,Washoe County                 ,171,171,43667956,0,0,0,0,0,0,5,84,9202834,22,22,7937963,0,0,0,0,0,0,0,0,0
201610,32,033,4,8,White Pine County             ,0,0,0,0,0,0,0,0,0,0,0,0,0,0,0,0,0,0,0,0,0,0,0,0
201610,32,510,4,8,Carson City (Independent City),8,8,2188796,0,0,0,0,0,0,0,0,0,8,8,2188796,0,0,0,0,0,0,0,0,0
201610,33,015,1,1,Rockingham County             ,67,67,15834391,2,4,560000,1,3,217200,1,18,2000000,36,36,10209334,1,2,160000,0,0,0,1,18,2000000
201610,33,017,1,1,Strafford County              ,26,26,5952673,0,0,0,0,0,0,2,41,2929500,24,24,5521520,0,0,0,0,0,0,2,41,2929500
201610,34,001,1,2,Atlantic County               ,30,30,7320597,0,0,0,2,8,515000,2,48,2610429,24,24,6752294,0,0,0,2,8,515000,1,38,1117000
201610,34,003,1,2,Bergen County                 ,111,111,30786242,8,16,2934189,0,0,0,3,29,1282252,83,83,23195862,7,14,2754000,0,0,0,1,16,208000
201610,34,005,1,2,Burlington County             ,64,64,7658252,0,0,0,0,0,0,1,5,524817,55,55,5691328,0,0,0,0,0,0,0,0,0
201610,34,007,1,2,Camden County                 ,18,18,2999759,0,0,0,0,0,0,3,17,860519,4,4,1198196,0,0,0,0,0,0,0,0,0
201610,34,009,1,2,Cape May County               ,49,49,18889667,8,16,2642300,0,0,0,0,0,0,46,46,17213579,8,16,2642300,0,0,0,0,0,0
201610,34,011,1,2,Cumberland County             ,14,14,1459315,0,0,0,0,0,0,1,5,666180,0,0,0,0,0,0,0,0,0,0,0,0
201610,34,013,1,2,Essex County                  ,54,54,11524411,2,4,282551,3,10,984776,8,121,7326048,22,22,8894225,1,2,197850,2,7,563000,3,72,3710002
201610,34,015,1,2,Gloucester County             ,30,30,4468277,1,2,3000,0,0,0,0,0,0,16,16,3037783,1,2,3000,0,0,0,0,0,0
201610,34,017,1,2,Hudson County                 ,15,15,2115100,3,6,484673,0,0,0,8,115,15853498,15,15,2115100,2,4,304000,0,0,0,7,104,15815036
201610,34,019,1,2,Hunterdon County              ,8,8,1409290,0,0,0,0,0,0,2,40,2464395,6,6,905160,0,0,0,0,0,0,1,35,2261000
201610,34,021,1,2,Mercer County                 ,8,8,2214293,0,0,0,0,0,0,1,5,335547,7,7,2041375,0,0,0,0,0,0,0,0,0
201610,34,023,1,2,Middlesex County              ,60,60,10166939,5,10,102600,0,0,0,8,99,2377443,42,42,7900903,5,10,102600,0,0,0,7,94,2219120
201610,34,025,1,2,Monmouth County               ,68,68,24293032,2,4,357271,0,0,0,0,0,0,55,55,21829826,0,0,0,0,0,0,0,0,0
201610,34,027,1,2,Morris County                 ,61,61,13058067,0,0,0,0,0,0,8,94,11236781,32,32,7995228,0,0,0,0,0,0,3,57,9516000
201610,34,029,1,2,Ocean County                  ,141,141,33476999,2,4,600201,0,0,0,3,40,2793878,140,140,33320662,1,2,407651,0,0,0,3,40,2793878
201610,34,031,1,2,Passaic County                ,13,13,3264073,0,0,0,0,0,0,0,0,0,5,5,1737300,0,0,0,0,0,0,0,0,0
201610,34,033,1,2,Salem County                  ,2,2,288421,0,0,0,0,0,0,0,0,0,1,1,194000,0,0,0,0,0,0,0,0,0
201610,34,035,1,2,Somerset County               ,34,34,7808867,0,0,0,0,0,0,5,31,2091366,17,17,5259756,0,0,0,0,0,0,1,5,401000
201610,34,037,1,2,Sussex County                 ,17,17,2363541,0,0,0,0,0,0,0,0,0,10,10,783206,0,0,0,0,0,0,0,0,0
201610,34,039,1,2,Union County                  ,28,28,10105179,3,6,448018,0,0,0,3,15,589538,22,22,9136145,0,0,0,0,0,0,0,0,0
201610,34,041,1,2,Warren County                 ,14,14,2217197,0,0,0,0,0,0,1,5,209532,10,10,1662226,0,0,0,0,0,0,0,0,0
201610,35,000,4,8,New Mexico Balance of State   ,30,30,8205289,0,0,0,0,0,0,0,0,0,0,0,0,0,0,0,0,0,0,0,0,0
201610,35,001,4,8,Bernalillo County             ,91,91,19692737,0,0,0,0,0,0,1,18,1655535,7,7,3236100,0,0,0,0,0,0,0,0,0
201610,35,005,4,8,Chaves County                 ,7,7,1171376,0,0,0,0,0,0,0,0,0,7,7,1171376,0,0,0,0,0,0,0,0,0
201610,35,007,4,8,Colfax County                 ,1,1,353995,0,0,0,0,0,0,0,0,0,0,0,0,0,0,0,0,0,0,0,0,0
201610,35,009,4,8,Curry County                  ,4,4,1095283,0,0,0,0,0,0,0,0,0,4,4,1095283,0,0,0,0,0,0,0,0,0
201610,35,013,4,8,Dona Ana County               ,66,66,13545746,0,0,0,0,0,0,0,0,0,17,17,4263948,0,0,0,0,0,0,0,0,0
201610,35,015,4,8,Eddy County                   ,8,8,1546000,0,0,0,0,0,0,0,0,0,8,8,1546000,0,0,0,0,0,0,0,0,0
201610,35,017,4,8,Grant County                  ,1,1,175947,0,0,0,0,0,0,0,0,0,0,0,0,0,0,0,0,0,0,0,0,0
201610,35,025,4,8,Lea County                    ,7,7,1484639,0,0,0,0,0,0,0,0,0,7,7,1484639,0,0,0,0,0,0,0,0,0
201610,35,027,4,8,Lincoln County                ,7,7,1760888,0,0,0,0,0,0,0,0,0,0,0,0,0,0,0,0,0,0,0,0,0
201610,35,028,4,8,Los Alamos County             ,0,0,0,0,0,0,0,0,0,0,0,0,0,0,0,0,0,0,0,0,0,0,0,0
201610,35,029,4,8,Luna County                   ,0,0,0,0,0,0,0,0,0,0,0,0,0,0,0,0,0,0,0,0,0,0,0,0
201610,35,031,4,8,McKinley County               ,0,0,0,0,0,0,0,0,0,0,0,0,0,0,0,0,0,0,0,0,0,0,0,0
201610,35,035,4,8,Otero County                  ,1,1,199558,0,0,0,0,0,0,0,0,0,1,1,199558,0,0,0,0,0,0,0,0,0
201610,35,041,4,8,Roosevelt County              ,3,3,389750,0,0,0,0,0,0,0,0,0,0,0,0,0,0,0,0,0,0,0,0,0
201610,35,043,4,8,Sandoval County               ,32,32,6823796,0,0,0,0,0,0,1,5,208333,25,25,5318892,0,0,0,0,0,0,0,0,0
201610,35,045,4,8,San Juan County               ,9,9,4135246,0,0,0,0,0,0,0,0,0,9,9,4135246,0,0,0,0,0,0,0,0,0
201610,35,047,4,8,San Miguel County             ,0,0,0,0,0,0,0,0,0,0,0,0,0,0,0,0,0,0,0,0,0,0,0,0
201610,35,049,4,8,Santa Fe County               ,10,10,2420643,0,0,0,0,0,0,0,0,0,0,0,0,0,0,0,0,0,0,0,0,0
201610,35,051,4,8,Sierra County                 ,0,0,0,0,0,0,0,0,0,0,0,0,0,0,0,0,0,0,0,0,0,0,0,0
201610,35,053,4,8,Socorro County                ,0,0,0,0,0,0,0,0,0,0,0,0,0,0,0,0,0,0,0,0,0,0,0,0
201610,35,055,4,8,Taos County                   ,7,7,767591,0,0,0,0,0,0,0,0,0,0,0,0,0,0,0,0,0,0,0,0,0
201610,35,061,4,8,Valencia County               ,7,7,758884,0,0,0,0,0,0,0,0,0,0,0,0,0,0,0,0,0,0,0,0,0
201610,36,001,1,2,Albany County                 ,51,51,10890605,0,0,0,1,4,396000,4,27,4103158,49,49,10528221,0,0,0,1,4,396000,2,14,1125268
201610,36,005,1,2,Bronx County                  ,0,0,0,0,0,0,0,0,0,3,78,10524306,0,0,0,0,0,0,0,0,0,3,78,10524306
201610,36,029,1,2,Erie County                   ,95,95,23223294,0,0,0,0,0,0,2,13,2936129,78,78,19440839,0,0,0,0,0,0,1,8,2200000
201610,36,047,1,2,Kings County                  ,1,1,261756,6,12,1594340,8,26,3361488,17,311,41962297,1,1,261756,6,12,1594340,8,26,3361488,17,311,41962297
201610,36,051,1,2,Livingston County             ,4,4,810202,1,2,113750,0,0,0,0,0,0,0,0,0,0,0,0,0,0,0,0,0,0
201610,36,055,1,2,Monroe County                 ,68,68,14330607,0,0,0,0,0,0,1,5,1040104,56,56,12374260,0,0,0,0,0,0,0,0,0
201610,36,059,1,2,Nassau County                 ,67,67,31466683,0,0,0,0,0,0,0,0,0,47,47,21418225,0,0,0,0,0,0,0,0,0
201610,36,061,1,2,New York County               ,0,0,0,0,0,0,0,0,0,2,370,49922990,0,0,0,0,0,0,0,0,0,2,370,49922990
201610,36,063,1,2,Niagara County                ,9,9,2561504,1,2,70000,0,0,0,1,60,11000000,8,8,2350266,0,0,0,0,0,0,1,60,11000000
201610,36,069,1,2,Ontario County                ,38,38,14022109,0,0,0,4,16,1696000,2,10,1060000,36,36,13756697,0,0,0,4,16,1696000,2,10,1060000
201610,36,073,1,2,Orleans County                ,1,1,201000,0,0,0,0,0,0,0,0,0,0,0,0,0,0,0,0,0,0,0,0,0
201610,36,079,1,2,Putnam County                 ,4,4,1090538,0,0,0,1,3,670449,0,0,0,1,1,350000,0,0,0,0,0,0,0,0,0
201610,36,081,1,2,Queens County                 ,21,21,5496866,17,34,4517298,5,15,1939320,8,112,15111824,21,21,5496866,17,34,4517298,5,15,1939320,8,112,15111824
201610,36,083,1,2,Rensselaer County             ,8,8,1829421,1,2,550000,0,0,0,3,20,1601595,3,3,640000,0,0,0,0,0,0,3,20,1601595
201610,36,085,1,2,Richmond County               ,11,11,2879310,9,18,2391511,0,0,0,3,18,2428686,11,11,2879310,9,18,2391511,0,0,0,3,18,2428686
201610,36,087,1,2,Rockland County               ,14,14,4199877,2,4,517203,2,7,874175,2,10,1202382,6,6,2035000,0,0,0,0,0,0,0,0,0
201610,36,091,1,2,Saratoga County               ,62,62,17221342,0,0,0,2,6,792864,7,73,5332117,43,43,12702810,0,0,0,1,3,387864,4,51,3199197
201610,36,093,1,2,Schenectady County            ,2,2,420299,0,0,0,0,0,0,1,113,7400000,0,0,0,0,0,0,0,0,0,1,113,7400000
201610,36,095,1,2,Schoharie County              ,1,1,200000,0,0,0,0,0,0,0,0,0,1,1,200000,0,0,0,0,0,0,0,0,0
201610,36,099,1,2,Seneca County                 ,52,52,8767000,1,2,150000,0,0,0,0,0,0,52,52,8767000,1,2,150000,0,0,0,0,0,0
201610,36,117,1,2,Wayne County                  ,7,7,1487765,0,0,0,0,0,0,0,0,0,7,7,1487765,0,0,0,0,0,0,0,0,0
201610,36,119,1,2,Westchester County            ,28,28,18698153,0,0,0,0,0,0,0,0,0,18,18,13859182,0,0,0,0,0,0,0,0,0
201610,37,007,3,5,Anson County                  ,3,3,449595,0,0,0,0,0,0,0,0,0,0,0,0,0,0,0,0,0,0,0,0,0
201610,37,011,3,5,Avery County                  ,8,8,3181688,0,0,0,0,0,0,0,0,0,8,8,3181688,0,0,0,0,0,0,0,0,0
201610,37,015,3,5,Bertie County                 ,2,2,90100,0,0,0,0,0,0,0,0,0,2,2,90100,0,0,0,0,0,0,0,0,0
201610,37,025,3,5,Cabarrus County               ,134,134,19880623,0,0,0,0,0,0,3,60,3900000,134,134,19880623,0,0,0,0,0,0,3,60,3900000
201610,37,033,3,5,Caswell County                ,1,1,40000,0,0,0,0,0,0,0,0,0,1,1,40000,0,0,0,0,0,0,0,0,0
201610,37,037,3,5,Chatham County                ,57,57,14444580,0,0,0,0,0,0,0,0,0,57,57,14444580,0,0,0,0,0,0,0,0,0
201610,37,051,3,5,Cumberland County             ,50,50,8692655,0,0,0,0,0,0,0,0,0,49,49,8380254,0,0,0,0,0,0,0,0,0
201610,37,053,3,5,Currituck County              ,26,26,8133483,0,0,0,0,0,0,0,0,0,26,26,8133483,0,0,0,0,0,0,0,0,0
201610,37,059,3,5,Davie County                  ,9,9,2126689,0,0,0,0,0,0,1,6,263782,0,0,0,0,0,0,0,0,0,0,0,0
201610,37,063,3,5,Durham County                 ,134,134,22209445,0,0,0,0,0,0,4,108,6852940,0,0,0,0,0,0,0,0,0,0,0,0
201610,37,069,3,5,Franklin County               ,59,59,8244155,0,0,0,0,0,0,0,0,0,59,59,8244155,0,0,0,0,0,0,0,0,0
201610,37,071,3,5,Gaston County                 ,92,92,24291988,0,0,0,0,0,0,0,0,0,92,92,24291988,0,0,0,0,0,0,0,0,0
201610,37,081,3,5,Guilford County               ,102,102,24278160,0,0,0,0,0,0,2,36,4471780,30,30,11027547,0,0,0,0,0,0,0,0,0
201610,37,089,3,5,Henderson County              ,38,38,9282936,0,0,0,0,0,0,0,0,0,38,38,9282936,0,0,0,0,0,0,0,0,0
201610,37,093,3,5,Hoke County                   ,9,9,2050711,1,2,213550,0,0,0,0,0,0,9,9,2050711,1,2,213550,0,0,0,0,0,0
201610,37,097,3,5,Iredell County                ,83,83,23263834,4,8,987444,0,0,0,0,0,0,83,83,23263834,4,8,987444,0,0,0,0,0,0
201610,37,101,3,5,Johnston County               ,180,180,29405948,0,0,0,0,0,0,0,0,0,177,177,28978675,0,0,0,0,0,0,0,0,0
201610,37,105,3,5,Lee County                    ,9,9,1847585,0,0,0,0,0,0,0,0,0,9,9,1847585,0,0,0,0,0,0,0,0,0
201610,37,119,3,5,Mecklenburg County            ,378,378,86129869,5,10,1507264,3,10,1865798,18,698,80484989,378,378,86129869,5,10,1507264,3,10,1865798,18,698,80484989
201610,37,133,3,5,Onslow County                 ,67,67,9221727,0,0,0,0,0,0,2,12,736531,67,67,9221727,0,0,0,0,0,0,2,12,736531
201610,37,135,3,5,Orange County                 ,26,26,8348630,1,2,250000,0,0,0,0,0,0,3,3,623300,1,2,250000,0,0,0,0,0,0
201610,37,145,3,5,Person County                 ,11,11,1464645,0,0,0,0,0,0,0,0,0,11,11,1464645,0,0,0,0,0,0,0,0,0
201610,37,151,3,5,Randolph County               ,26,26,6268084,0,0,0,0,0,0,0,0,0,26,26,6268084,0,0,0,0,0,0,0,0,0
201610,37,157,3,5,Rockingham County             ,14,14,3281936,0,0,0,0,0,0,1,5,511917,14,14,3281936,0,0,0,0,0,0,0,0,0
201610,37,179,3,5,Union County                  ,90,90,21390813,0,0,0,0,0,0,0,0,0,90,90,21390813,0,0,0,0,0,0,0,0,0
201610,37,181,3,5,Vance County                  ,7,7,659109,0,0,0,0,0,0,0,0,0,0,0,0,0,0,0,0,0,0,0,0,0
201610,37,183,3,5,Wake County                   ,560,560,135373657,0,0,0,0,0,0,4,217,20407298,490,490,120945801,0,0,0,0,0,0,3,212,20006014
201610,37,195,3,5,Wilson County                 ,6,6,1367140,0,0,0,0,0,0,0,0,0,6,6,1367140,0,0,0,0,0,0,0,0,0
201610,39,007,2,3,Ashtabula County              ,7,7,1281428,1,2,160300,0,0,0,0,0,0,0,0,0,0,0,0,0,0,0,0,0,0
201610,39,015,2,3,Brown County                  ,6,6,955978,0,0,0,0,0,0,0,0,0,0,0,0,0,0,0,0,0,0,0,0,0
201610,39,017,2,3,Butler County                 ,80,80,16359275,26,52,4885033,0,0,0,0,0,0,80,80,16359275,26,52,4885033,0,0,0,0,0,0
201610,39,025,2,3,Clermont County               ,19,19,5812278,0,0,0,0,0,0,0,0,0,19,19,5812278,0,0,0,0,0,0,0,0,0
201610,39,041,2,3,Delaware County               ,160,160,30866847,0,0,0,0,0,0,4,24,1080000,160,160,30866847,0,0,0,0,0,0,4,24,1080000
201610,39,049,2,3,Franklin County               ,91,91,28647291,1,2,231814,3,12,928800,19,322,31236748,91,91,28647291,1,2,231814,3,12,928800,19,322,31236748
201610,39,055,2,3,Geauga County                 ,14,14,4614000,0,0,0,0,0,0,0,0,0,14,14,4614000,0,0,0,0,0,0,0,0,0
201610,39,085,2,3,Lake County                   ,40,40,9268480,0,0,0,0,0,0,0,0,0,34,34,7888330,0,0,0,0,0,0,0,0,0
201610,39,089,2,3,Licking County                ,25,25,6325606,0,0,0,0,0,0,0,0,0,0,0,0,0,0,0,0,0,0,0,0,0
201610,39,093,2,3,Lorain County                 ,54,54,11145803,1,2,236100,1,4,360000,3,16,937003,12,12,3991789,0,0,0,1,4,360000,1,5,450000
201610,39,097,2,3,Madison County                ,1,1,254135,0,0,0,0,0,0,0,0,0,1,1,254135,0,0,0,0,0,0,0,0,0
201610,39,103,2,3,Medina County                 ,62,62,14770615,0,0,0,0,0,0,0,0,0,62,62,14770615,0,0,0,0,0,0,0,0,0
201610,39,117,2,3,Morrow County                 ,2,2,418852,0,0,0,0,0,0,0,0,0,0,0,0,0,0,0,0,0,0,0,0,0
201610,39,159,2,3,Union County                  ,23,23,5845114,0,0,0,0,0,0,0,0,0,23,23,5845114,0,0,0,0,0,0,0,0,0
201610,39,165,2,3,Warren County                 ,89,89,25540892,0,0,0,1,3,586933,2,12,2107041,89,89,25540892,0,0,0,1,3,586933,2,12,2107041
201610,40,001,3,7,Adair County                  ,1,1,192643,0,0,0,0,0,0,0,0,0,0,0,0,0,0,0,0,0,0,0,0,0
201610,40,017,3,7,Canadian County               ,20,20,6882184,1,2,220000,0,0,0,1,60,6300000,8,8,3387804,0,0,0,0,0,0,1,60,6300000
201610,40,021,3,7,Cherokee County               ,5,5,656191,0,0,0,0,0,0,0,0,0,0,0,0,0,0,0,0,0,0,0,0,0
201610,40,027,3,7,Cleveland County              ,50,50,11727572,8,16,2749350,2,8,1045060,0,0,0,50,50,11727572,7,14,2614350,2,8,1045060,0,0,0
201610,40,029,3,7,Coal County                   ,0,0,0,0,0,0,0,0,0,0,0,0,0,0,0,0,0,0,0,0,0,0,0,0
201610,40,037,3,7,Creek County                  ,5,5,823289,0,0,0,0,0,0,0,0,0,4,4,656000,0,0,0,0,0,0,0,0,0
201610,40,051,3,7,Grady County                  ,5,5,1191500,0,0,0,0,0,0,0,0,0,5,5,1191500,0,0,0,0,0,0,0,0,0
201610,40,055,3,7,Greer County                  ,0,0,0,0,0,0,0,0,0,0,0,0,0,0,0,0,0,0,0,0,0,0,0,0
201610,40,081,3,7,Lincoln County                ,1,1,227857,0,0,0,0,0,0,0,0,0,1,1,227857,0,0,0,0,0,0,0,0,0
201610,40,083,3,7,Logan County                  ,2,2,300000,0,0,0,0,0,0,0,0,0,2,2,300000,0,0,0,0,0,0,0,0,0
201610,40,087,3,7,McClain County                ,31,31,6991104,0,0,0,0,0,0,0,0,0,22,22,5481109,0,0,0,0,0,0,0,0,0
201610,40,109,3,7,Oklahoma County               ,291,291,62044718,7,14,1380000,0,0,0,0,0,0,280,280,60239969,7,14,1380000,0,0,0,0,0,0
201610,40,111,3,7,Okmulgee County               ,1,1,63000,0,0,0,0,0,0,0,0,0,1,1,63000,0,0,0,0,0,0,0,0,0
201610,40,113,3,7,Osage County                  ,15,15,3053292,0,0,0,0,0,0,0,0,0,15,15,3053292,0,0,0,0,0,0,0,0,0
201610,40,117,3,7,Pawnee County                 ,1,1,200000,0,0,0,0,0,0,0,0,0,1,1,200000,0,0,0,0,0,0,0,0,0
201610,40,131,3,7,Rogers County                 ,51,51,7263836,0,0,0,0,0,0,0,0,0,51,51,7263836,0,0,0,0,0,0,0,0,0
201610,40,143,3,7,Tulsa County                  ,167,167,38281893,0,0,0,0,0,0,0,0,0,166,166,38218893,0,0,0,0,0,0,0,0,0
201610,40,145,3,7,Wagoner County                ,32,32,5732936,0,0,0,0,0,0,0,0,0,32,32,5732936,0,0,0,0,0,0,0,0,0
201610,41,000,4,9,Oregon Balance of State       ,14,14,2050208,0,0,0,0,0,0,0,0,0,0,0,0,0,0,0,0,0,0,0,0,0
201610,41,005,4,9,Clackamas County              ,100,100,28331255,1,2,265200,0,0,0,5,198,7725148,84,84,22321938,1,2,265200,0,0,0,5,198,7725148
201610,41,019,4,9,Douglas County                ,21,21,4758907,0,0,0,0,0,0,0,0,0,21,21,4758907,0,0,0,0,0,0,0,0,0
201610,41,025,4,9,Harney County                 ,1,1,202093,0,0,0,0,0,0,0,0,0,0,0,0,0,0,0,0,0,0,0,0,0
201610,41,035,4,9,Klamath County                ,10,10,2389951,0,0,0,0,0,0,0,0,0,10,10,2389951,0,0,0,0,0,0,0,0,0
201610,41,051,4,9,Multnomah County              ,114,114,30776558,6,12,1934945,0,0,0,12,255,38002317,114,114,30776558,6,12,1934945,0,0,0,12,255,38002317
201610,41,067,4,9,Washington County             ,145,145,47533266,1,2,283258,0,0,0,3,56,6256455,143,143,46763537,0,0,0,0,0,0,2,48,5536000
201610,41,071,4,9,Yamhill County                ,26,26,6686629,0,0,0,0,0,0,0,0,0,26,26,6686629,0,0,0,0,0,0,0,0,0
201610,42,001,1,2,Adams County                  ,34,34,6425194,0,0,0,0,0,0,0,0,0,34,34,6425194,0,0,0,0,0,0,0,0,0
201610,42,017,1,2,Bucks County                  ,87,87,18421308,0,0,0,1,3,483000,0,0,0,49,49,9802570,0,0,0,0,0,0,0,0,0
201610,42,029,1,2,Chester County                ,71,71,13972560,0,0,0,1,4,446000,0,0,0,52,52,10423187,0,0,0,1,4,446000,0,0,0
201610,42,037,1,2,Columbia County               ,9,9,2132786,0,0,0,0,0,0,1,5,390000,4,4,1032064,0,0,0,0,0,0,1,5,390000
201610,42,041,1,2,Cumberland County             ,66,66,12486155,0,0,0,0,0,0,1,5,251062,63,63,11807350,0,0,0,0,0,0,0,0,0
201610,42,043,1,2,Dauphin County                ,27,27,5874550,0,0,0,0,0,0,1,20,860000,16,16,3624795,0,0,0,0,0,0,1,20,860000
201610,42,045,1,2,Delaware County               ,38,38,12242299,0,0,0,0,0,0,0,0,0,18,18,7821328,0,0,0,0,0,0,0,0,0
201610,42,055,1,2,Franklin County               ,20,20,4490141,0,0,0,0,0,0,0,0,0,18,18,4139274,0,0,0,0,0,0,0,0,0
201610,42,091,1,2,Montgomery County             ,83,83,18170631,0,0,0,0,0,0,8,343,17647595,61,61,13331894,0,0,0,0,0,0,6,333,16563613
201610,42,093,1,2,Montour County                ,7,7,1677657,0,0,0,0,0,0,0,0,0,3,3,1016116,0,0,0,0,0,0,0,0,0
201610,42,099,1,2,Perry County                  ,7,7,1627784,0,0,0,0,0,0,0,0,0,0,0,0,0,0,0,0,0,0,0,0,0
201610,42,101,1,2,Philadelphia County           ,44,44,11517242,8,16,12040000,2,7,760000,8,162,17262500,44,44,11517242,8,16,12040000,2,7,760000,8,162,17262500
201610,42,103,1,2,Pike County                   ,11,11,3485672,0,0,0,0,0,0,0,0,0,9,9,2977071,0,0,0,0,0,0,0,0,0
201610,44,001,1,1,Bristol County                ,5,5,842676,0,0,0,0,0,0,0,0,0,4,4,624000,0,0,0,0,0,0,0,0,0
201610,44,003,1,1,Kent County                   ,8,8,1341078,1,2,400000,0,0,0,0,0,0,1,1,140140,0,0,0,0,0,0,0,0,0
201610,44,005,1,1,Newport County                ,7,7,1487500,1,2,190000,0,0,0,0,0,0,7,7,1487500,1,2,190000,0,0,0,0,0,0
201610,44,007,1,1,Providence County             ,27,27,8071721,1,2,215630,0,0,0,0,0,0,17,17,6785577,0,0,0,0,0,0,0,0,0
201610,44,009,1,1,Washington County             ,23,23,6359741,0,0,0,6,23,1563000,0,0,0,10,10,2627210,0,0,0,5,20,1038000,0,0,0
201610,45,003,3,5,Aiken County                  ,68,68,14297968,0,0,0,0,0,0,0,0,0,58,58,12550937,0,0,0,0,0,0,0,0,0
201610,45,009,3,5,Bamberg County                ,0,0,0,0,0,0,0,0,0,0,0,0,0,0,0,0,0,0,0,0,0,0,0,0
201610,45,015,3,5,Berkeley County               ,116,116,32656083,0,0,0,0,0,0,1,41,967275,16,16,5413938,0,0,0,0,0,0,0,0,0
201610,45,017,3,5,Calhoun County                ,2,2,620000,0,0,0,0,0,0,0,0,0,2,2,620000,0,0,0,0,0,0,0,0,0
201610,45,019,3,5,Charleston County             ,155,155,42519106,2,4,748978,0,0,0,2,52,3263111,60,60,29130794,2,4,748978,0,0,0,0,0,0
201610,45,035,3,5,Dorchester County             ,50,50,13975500,0,0,0,0,0,0,0,0,0,50,50,13975500,0,0,0,0,0,0,0,0,0
201610,45,037,3,5,Edgefield County              ,7,7,1423426,0,0,0,0,0,0,0,0,0,7,7,1423426,0,0,0,0,0,0,0,0,0
201610,45,039,3,5,Fairfield County              ,2,2,426583,0,0,0,0,0,0,0,0,0,0,0,0,0,0,0,0,0,0,0,0,0
201610,45,045,3,5,Greenville County             ,211,211,48424254,0,0,0,0,0,0,0,0,0,211,211,48424254,0,0,0,0,0,0,0,0,0
201610,45,051,3,5,Horry County                  ,290,290,47732719,2,4,263008,0,0,0,1,5,312148,47,47,10388107,0,0,0,0,0,0,0,0,0
201610,45,055,3,5,Kershaw County                ,37,37,4854126,0,0,0,0,0,0,0,0,0,37,37,4854126,0,0,0,0,0,0,0,0,0
201610,45,059,3,5,Laurens County                ,7,7,1225327,0,0,0,0,0,0,0,0,0,7,7,1225327,0,0,0,0,0,0,0,0,0
201610,45,063,3,5,Lexington County              ,148,148,35693093,0,0,0,0,0,0,0,0,0,30,30,4245735,0,0,0,0,0,0,0,0,0
201610,45,077,3,5,Pickens County                ,59,59,19132305,0,0,0,0,0,0,1,14,1368426,49,49,17309802,0,0,0,0,0,0,0,0,0
201610,45,079,3,5,Richland County               ,144,144,20554195,0,0,0,0,0,0,2,35,1975497,25,25,5368944,0,0,0,0,0,0,0,0,0
201610,45,081,3,5,Saluda County                 ,5,5,854995,0,0,0,0,0,0,0,0,0,5,5,854995,0,0,0,0,0,0,0,0,0
201610,45,085,3,5,Sumter County                 ,21,21,2415794,0,0,0,0,0,0,0,0,0,21,21,2415794,0,0,0,0,0,0,0,0,0
201610,45,091,3,5,York County                   ,131,131,39521245,0,0,0,0,0,0,2,38,3595324,42,42,15151822,0,0,0,0,0,0,0,0,0
201610,46,007,2,4,Bennett County                ,0,0,0,0,0,0,0,0,0,0,0,0,0,0,0,0,0,0,0,0,0,0,0,0
201610,46,055,2,4,Haakon County                 ,0,0,0,0,0,0,0,0,0,0,0,0,0,0,0,0,0,0,0,0,0,0,0,0
201610,46,071,2,4,Jackson County                ,0,0,0,0,0,0,0,0,0,0,0,0,0,0,0,0,0,0,0,0,0,0,0,0
201610,46,111,2,4,Sanborn County                ,0,0,0,0,0,0,0,0,0,0,0,0,0,0,0,0,0,0,0,0,0,0,0,0
201610,47,001,3,6,Anderson County               ,6,6,1400275,0,0,0,0,0,0,0,0,0,1,1,275000,0,0,0,0,0,0,0,0,0
201610,47,015,3,6,Cannon County                 ,1,1,126190,0,0,0,0,0,0,0,0,0,0,0,0,0,0,0,0,0,0,0,0,0
201610,47,021,3,6,Cheatham County               ,19,19,4987141,0,0,0,0,0,0,0,0,0,19,19,4987141,0,0,0,0,0,0,0,0,0
201610,47,037,3,6,Davidson County               ,293,293,69558574,2,4,337950,0,0,0,2,14,1404955,293,293,69558574,2,4,337950,0,0,0,2,14,1404955
201610,47,043,3,6,Dickson County                ,21,21,4059271,0,0,0,0,0,0,0,0,0,21,21,4059271,0,0,0,0,0,0,0,0,0
201610,47,049,3,6,Fentress County               ,0,0,0,0,0,0,0,0,0,0,0,0,0,0,0,0,0,0,0,0,0,0,0,0
201610,47,081,3,6,Hickman County                ,4,4,712947,1,2,60000,0,0,0,0,0,0,0,0,0,1,2,60000,0,0,0,0,0,0
201610,47,093,3,6,Knox County                   ,157,157,30757826,0,0,0,0,0,0,1,138,23500000,61,61,13901758,0,0,0,0,0,0,1,138,23500000
201610,47,105,3,6,Loudon County                 ,29,29,6735368,0,0,0,0,0,0,0,0,0,23,23,5748285,0,0,0,0,0,0,0,0,0
201610,47,125,3,6,Montgomery County             ,115,115,15025620,17,34,2140000,2,8,650000,8,70,3143360,115,115,15025620,17,34,2140000,2,8,650000,8,70,3143360
201610,47,139,3,6,Polk County                   ,13,13,2341613,0,0,0,0,0,0,0,0,0,0,0,0,0,0,0,0,0,0,0,0,0
201610,47,149,3,6,Rutherford County             ,177,177,40763961,1,2,165624,0,0,0,1,23,1317524,152,152,37411584,0,0,0,0,0,0,0,0,0
201610,47,153,3,6,Sequatchie County             ,1,1,50000,0,0,0,0,0,0,0,0,0,1,1,50000,0,0,0,0,0,0,0,0,0
201610,47,157,3,6,Shelby County                 ,86,86,21943710,0,0,0,0,0,0,2,233,19577440,86,86,21943710,0,0,0,0,0,0,2,233,19577440
201610,47,159,3,6,Smith County                  ,7,7,1352000,0,0,0,0,0,0,0,0,0,7,7,1352000,0,0,0,0,0,0,0,0,0
201610,47,161,3,6,Stewart County                ,1,1,150000,0,0,0,0,0,0,1,5,550000,1,1,150000,0,0,0,0,0,0,1,5,550000
201610,47,165,3,6,Sumner County                 ,91,91,22018000,0,0,0,0,0,0,0,0,0,87,87,21306030,0,0,0,0,0,0,0,0,0
201610,47,167,3,6,Tipton County                 ,14,14,2362112,0,0,0,0,0,0,0,0,0,9,9,1688255,0,0,0,0,0,0,0,0,0
201610,47,169,3,6,Trousdale County              ,5,5,827000,0,0,0,0,0,0,0,0,0,5,5,827000,0,0,0,0,0,0,0,0,0
201610,47,173,3,6,Union County                  ,9,9,1265625,0,0,0,0,0,0,0,0,0,8,8,1200000,0,0,0,0,0,0,0,0,0
201610,47,175,3,6,Van Buren County              ,0,0,0,0,0,0,0,0,0,0,0,0,0,0,0,0,0,0,0,0,0,0,0,0
201610,47,189,3,6,Wilson County                 ,94,94,23150380,0,0,0,0,0,0,3,67,4251079,69,69,15874028,0,0,0,0,0,0,2,44,1525000
201610,48,013,3,7,Atascosa County               ,2,2,385413,0,0,0,0,0,0,0,0,0,0,0,0,0,0,0,0,0,0,0,0,0
201610,48,015,3,7,Austin County                 ,2,2,424272,1,2,180000,0,0,0,0,0,0,2,2,424272,1,2,180000,0,0,0,0,0,0
201610,48,019,3,7,Bandera County                ,0,0,0,0,0,0,0,0,0,0,0,0,0,0,0,0,0,0,0,0,0,0,0,0
201610,48,021,3,7,Bastrop County                ,13,13,1269633,0,0,0,0,0,0,0,0,0,13,13,1269633,0,0,0,0,0,0,0,0,0
201610,48,025,3,7,Bee County                    ,0,0,0,0,0,0,0,0,0,0,0,0,0,0,0,0,0,0,0,0,0,0,0,0
201610,48,027,3,7,Bell County                   ,130,130,23509513,5,10,890500,0,0,0,0,0,0,117,117,20416954,5,10,890500,0,0,0,0,0,0
201610,48,029,3,7,Bexar County                  ,237,237,59202558,0,0,0,0,0,0,11,56,6296290,201,201,54389597,0,0,0,0,0,0,10,50,5017695
201610,48,051,3,7,Burleson County               ,0,0,0,1,2,63667,0,0,0,0,0,0,0,0,0,0,0,0,0,0,0,0,0,0
201610,48,055,3,7,Caldwell County               ,24,24,4115360,0,0,0,0,0,0,0,0,0,2,2,300000,0,0,0,0,0,0,0,0,0
201610,48,085,3,7,Collin County                 ,655,655,205402269,0,0,0,0,0,0,1,301,18783878,627,627,198925988,0,0,0,0,0,0,1,301,18783878
201610,48,091,3,7,Comal County                  ,161,161,36571907,16,32,3416803,0,0,0,0,0,0,161,161,36571907,16,32,3416803,0,0,0,0,0,0
201610,48,099,3,7,Coryell County                ,12,12,1686483,1,2,133257,0,0,0,1,7,958419,2,2,265000,0,0,0,0,0,0,0,0,0
201610,48,107,3,7,Crosby County                 ,1,1,67000,0,0,0,0,0,0,0,0,0,0,0,0,0,0,0,0,0,0,0,0,0
201610,48,113,3,7,Dallas County                 ,411,411,113677956,3,6,1089268,3,12,1280576,11,1182,99106836,261,261,77374523,0,0,0,0,0,0,2,334,33621745
201610,48,119,3,7,Delta County                  ,0,0,0,0,0,0,0,0,0,0,0,0,0,0,0,0,0,0,0,0,0,0,0,0
201610,48,135,3,7,Ector County                  ,39,39,8319797,0,0,0,0,0,0,1,11,856167,0,0,0,0,0,0,0,0,0,0,0,0
201610,48,139,3,7,Ellis County                  ,100,100,17700781,0,0,0,0,0,0,0,0,0,73,73,11692153,0,0,0,0,0,0,0,0,0
201610,48,141,3,7,El Paso County                ,201,201,32945465,3,6,487013,1,3,299866,6,138,13993856,8,8,836668,0,0,0,0,0,0,0,0,0
201610,48,157,3,7,Fort Bend County              ,726,726,93707793,0,0,0,0,0,0,1,10,782585,94,94,35252838,0,0,0,0,0,0,0,0,0
201610,48,167,3,7,Galveston County              ,226,226,52265560,0,0,0,0,0,0,1,6,330317,91,91,24086639,0,0,0,0,0,0,0,0,0
201610,48,185,3,7,Grimes County                 ,1,1,95083,0,0,0,0,0,0,0,0,0,0,0,0,0,0,0,0,0,0,0,0,0
201610,48,187,3,7,Guadalupe County              ,58,58,13538992,0,0,0,0,0,0,0,0,0,58,58,13538992,0,0,0,0,0,0,0,0,0
201610,48,193,3,7,Hamilton County               ,2,2,116500,0,0,0,0,0,0,0,0,0,1,1,25000,0,0,0,0,0,0,0,0,0
201610,48,195,3,7,Hansford County               ,2,2,245500,0,0,0,0,0,0,0,0,0,1,1,120000,0,0,0,0,0,0,0,0,0
201610,48,201,3,7,Harris County                 ,1347,1347,259353205,1,2,175000,0,0,0,6,605,82980501,1319,1319,246316568,1,2,175000,0,0,0,6,605,82980501
201610,48,211,3,7,Hemphill County               ,0,0,0,0,0,0,0,0,0,0,0,0,0,0,0,0,0,0,0,0,0,0,0,0
201610,48,215,3,7,Hidalgo County                ,186,186,32769298,3,6,380142,1,4,102500,0,0,0,171,171,29604399,3,6,380142,1,4,102500,0,0,0
201610,48,233,3,7,Hutchinson County             ,0,0,0,0,0,0,0,0,0,0,0,0,0,0,0,0,0,0,0,0,0,0,0,0
201610,48,251,3,7,Johnson County                ,54,54,10565810,0,0,0,0,0,0,0,0,0,52,52,10223157,0,0,0,0,0,0,0,0,0
201610,48,257,3,7,Kaufman County                ,24,24,3902276,0,0,0,0,0,0,0,0,0,17,17,2767034,0,0,0,0,0,0,0,0,0
201610,48,259,3,7,Kendall County                ,0,0,0,0,0,0,0,0,0,0,0,0,0,0,0,0,0,0,0,0,0,0,0,0
201610,48,271,3,7,Kinney County                 ,0,0,0,0,0,0,0,0,0,0,0,0,0,0,0,0,0,0,0,0,0,0,0,0
201610,48,281,3,7,Lampasas County               ,2,2,197111,0,0,0,0,0,0,0,0,0,0,0,0,0,0,0,0,0,0,0,0,0
201610,48,291,3,7,Liberty County                ,43,43,4478148,0,0,0,0,0,0,0,0,0,42,42,4355648,0,0,0,0,0,0,0,0,0
201610,48,303,3,7,Lubbock County                ,83,83,21152228,3,6,583042,1,3,225000,4,61,4161128,3,3,657500,0,0,0,0,0,0,0,0,0
201610,48,323,3,7,Maverick County               ,10,10,1939937,0,0,0,0,0,0,0,0,0,10,10,1939937,0,0,0,0,0,0,0,0,0
201610,48,325,3,7,Medina County                 ,1,1,150000,0,0,0,0,0,0,0,0,0,1,1,150000,0,0,0,0,0,0,0,0,0
201610,48,329,3,7,Midland County                ,53,53,10373550,0,0,0,0,0,0,0,0,0,53,53,10373550,0,0,0,0,0,0,0,0,0
201610,48,339,3,7,Montgomery County             ,326,326,74360275,0,0,0,4,12,84000,14,176,15674568,321,321,72756990,0,0,0,4,12,84000,14,176,15674568
201610,48,367,3,7,Parker County                 ,30,30,6998358,0,0,0,0,0,0,0,0,0,27,27,6321353,0,0,0,0,0,0,0,0,0
201610,48,375,3,7,Potter County                 ,55,55,13074524,0,0,0,0,0,0,0,0,0,55,55,13074524,0,0,0,0,0,0,0,0,0
201610,48,383,3,7,Reagan County                 ,0,0,0,0,0,0,0,0,0,0,0,0,0,0,0,0,0,0,0,0,0,0,0,0
201610,48,385,3,7,Real County                   ,0,0,0,0,0,0,0,0,0,0,0,0,0,0,0,0,0,0,0,0,0,0,0,0
201610,48,395,3,7,Robertson County              ,6,6,1367141,0,0,0,0,0,0,0,0,0,6,6,1367141,0,0,0,0,0,0,0,0,0
201610,48,397,3,7,Rockwall County               ,68,68,21553939,0,0,0,0,0,0,0,0,0,38,38,13587555,0,0,0,0,0,0,0,0,0
201610,48,407,3,7,San Jacinto County            ,18,18,3675510,0,0,0,0,0,0,0,0,0,18,18,3675510,0,0,0,0,0,0,0,0,0
201610,48,411,3,7,San Saba County               ,0,0,0,0,0,0,0,0,0,0,0,0,0,0,0,0,0,0,0,0,0,0,0,0
201610,48,451,3,7,Tom Green County              ,13,13,3710456,0,0,0,0,0,0,0,0,0,13,13,3710456,0,0,0,0,0,0,0,0,0
201610,48,453,3,7,Travis County                 ,579,579,128259528,0,0,0,1,4,2000000,1,18,1331910,549,549,120543531,0,0,0,1,4,2000000,1,18,1331910
201610,48,473,3,7,Waller County                 ,10,10,1741294,0,0,0,0,0,0,1,6,133083,10,10,1741294,0,0,0,0,0,0,0,0,0
201610,48,491,3,7,Williamson County             ,328,328,91445353,0,0,0,0,0,0,0,0,0,317,317,89351807,0,0,0,0,0,0,0,0,0
201610,48,493,3,7,Wilson County                 ,3,3,585502,0,0,0,0,0,0,0,0,0,0,0,0,0,0,0,0,0,0,0,0,0
201610,48,497,3,7,Wise County                   ,5,5,761668,0,0,0,0,0,0,0,0,0,4,4,536000,0,0,0,0,0,0,0,0,0
201610,49,011,4,8,Davis County                  ,95,95,25648492,0,0,0,1,4,544894,2,33,3972312,73,73,18488801,0,0,0,1,4,544894,1,28,3200000
201610,49,023,4,8,Juab County                   ,3,3,684205,0,0,0,0,0,0,1,8,776416,3,3,684205,0,0,0,0,0,0,1,8,776416
201610,49,029,4,8,Morgan County                 ,8,8,2967530,0,0,0,0,0,0,0,0,0,0,0,0,0,0,0,0,0,0,0,0,0
201610,49,035,4,8,Salt Lake County              ,313,313,77379549,2,4,650000,1,3,444470,16,1029,122529784,186,186,43054302,2,4,650000,0,0,0,12,941,113828703
201610,49,039,4,8,Sanpete County                ,4,4,465013,0,0,0,0,0,0,0,0,0,4,4,465013,0,0,0,0,0,0,0,0,0
201610,49,043,4,8,Summit County                 ,18,18,9063548,0,0,0,0,0,0,1,6,1025141,2,2,604754,0,0,0,0,0,0,0,0,0
201610,49,057,4,8,Weber County                  ,66,66,17106857,0,0,0,4,14,1958888,3,29,3713171,54,54,13908165,0,0,0,2,8,1118184,2,24,2913568
201610,51,003,3,5,Albemarle County              ,37,37,11076607,0,0,0,0,0,0,1,5,400000,0,0,0,0,0,0,0,0,0,0,0,0
201610,51,007,3,5,Amelia County                 ,4,4,1344960,0,0,0,0,0,0,0,0,0,4,4,1344960,0,0,0,0,0,0,0,0,0
201610,51,009,3,5,Amherst County                ,4,4,629598,0,0,0,0,0,0,0,0,0,0,0,0,0,0,0,0,0,0,0,0,0
201610,51,013,3,5,Arlington County              ,21,21,9383466,0,0,0,0,0,0,1,30,2511671,0,0,0,0,0,0,0,0,0,0,0,0
201610,51,015,3,5,Augusta County                ,16,16,2435502,0,0,0,2,8,720000,0,0,0,16,16,2435502,0,0,0,2,8,720000,0,0,0
201610,51,019,3,5,Bedford County                ,31,31,7190000,0,0,0,0,0,0,0,0,0,31,31,7190000,0,0,0,0,0,0,0,0,0
201610,51,033,3,5,Caroline County               ,11,11,2278755,0,0,0,0,0,0,0,0,0,11,11,2278755,0,0,0,0,0,0,0,0,0
201610,51,036,3,5,Charles City County           ,4,4,784400,0,0,0,0,0,0,0,0,0,4,4,784400,0,0,0,0,0,0,0,0,0
201610,51,037,3,5,Charlotte County              ,1,1,193000,0,0,0,0,0,0,0,0,0,1,1,193000,0,0,0,0,0,0,0,0,0
201610,51,041,3,5,Chesterfield County           ,107,107,24380677,0,0,0,1,4,400000,1,5,529320,107,107,24380677,0,0,0,1,4,400000,1,5,529320
201610,51,043,3,5,Clarke County                 ,0,0,0,0,0,0,0,0,0,0,0,0,0,0,0,0,0,0,0,0,0,0,0,0
201610,51,049,3,5,Cumberland County             ,0,0,0,0,0,0,0,0,0,0,0,0,0,0,0,0,0,0,0,0,0,0,0,0
201610,51,051,3,5,Dickenson County              ,0,0,0,0,0,0,0,0,0,0,0,0,0,0,0,0,0,0,0,0,0,0,0,0
201610,51,053,3,5,Dinwiddie County              ,5,5,522863,0,0,0,0,0,0,0,0,0,0,0,0,0,0,0,0,0,0,0,0,0
201610,51,059,3,5,Fairfax County                ,62,62,14105865,0,0,0,0,0,0,0,0,0,62,62,14105865,0,0,0,0,0,0,0,0,0
201610,51,061,3,5,Fauquier County               ,18,18,7578600,0,0,0,0,0,0,0,0,0,18,18,7578600,0,0,0,0,0,0,0,0,0
201610,51,069,3,5,Frederick County              ,65,65,12061172,0,0,0,0,0,0,0,0,0,65,65,12061172,0,0,0,0,0,0,0,0,0
201610,51,073,3,5,Gloucester County             ,13,13,2356411,1,2,260000,0,0,0,0,0,0,13,13,2356411,1,2,260000,0,0,0,0,0,0
201610,51,075,3,5,Goochland County              ,11,11,3504630,0,0,0,0,0,0,0,0,0,0,0,0,0,0,0,0,0,0,0,0,0
201610,51,085,3,5,Hanover County                ,40,40,7555909,0,0,0,0,0,0,0,0,0,40,40,7555909,0,0,0,0,0,0,0,0,0
201610,51,087,3,5,Henrico County                ,74,74,15177097,0,0,0,0,0,0,0,0,0,74,74,15177097,0,0,0,0,0,0,0,0,0
201610,51,093,3,5,Isle of Wight County          ,10,10,2083072,0,0,0,0,0,0,1,16,641846,0,0,0,0,0,0,0,0,0,0,0,0
201610,51,095,3,5,James City County             ,32,32,8252556,0,0,0,0,0,0,1,5,550000,32,32,8252556,0,0,0,0,0,0,1,5,550000
201610,51,097,3,5,King and Queen County         ,4,4,670500,0,0,0,0,0,0,0,0,0,4,4,670500,0,0,0,0,0,0,0,0,0
201610,51,099,3,5,King George County            ,8,8,1822854,0,0,0,0,0,0,0,0,0,8,8,1822854,0,0,0,0,0,0,0,0,0
201610,51,107,3,5,Loudoun County                ,136,136,30988524,0,0,0,0,0,0,2,22,198000,136,136,30988524,0,0,0,0,0,0,2,22,198000
201610,51,109,3,5,Louisa County                 ,19,19,4058419,0,0,0,0,0,0,0,0,0,0,0,0,0,0,0,0,0,0,0,0,0
201610,51,115,3,5,Mathews County                ,2,2,348120,0,0,0,0,0,0,0,0,0,2,2,348120,0,0,0,0,0,0,0,0,0
201610,51,127,3,5,New Kent County               ,7,7,1594998,0,0,0,0,0,0,0,0,0,7,7,1594998,0,0,0,0,0,0,0,0,0
201610,51,139,3,5,Page County                   ,5,5,990000,1,2,140000,0,0,0,0,0,0,5,5,990000,1,2,140000,0,0,0,0,0,0
201610,51,145,3,5,Powhatan County               ,13,13,3374000,0,0,0,0,0,0,0,0,0,13,13,3374000,0,0,0,0,0,0,0,0,0
201610,51,149,3,5,Prince George County          ,6,6,858490,0,0,0,0,0,0,0,0,0,6,6,858490,0,0,0,0,0,0,0,0,0
201610,51,153,3,5,Prince William County         ,58,58,11730457,0,0,0,0,0,0,0,0,0,58,58,11730457,0,0,0,0,0,0,0,0,0
201610,51,165,3,5,Rockingham County             ,29,29,5929915,0,0,0,0,0,0,0,0,0,0,0,0,0,0,0,0,0,0,0,0,0
201610,51,175,3,5,Southampton County            ,3,3,445222,0,0,0,0,0,0,0,0,0,0,0,0,0,0,0,0,0,0,0,0,0
201610,51,177,3,5,Spotsylvania County           ,33,33,8661227,0,0,0,0,0,0,0,0,0,0,0,0,0,0,0,0,0,0,0,0,0
201610,51,179,3,5,Stafford County               ,61,61,12426825,0,0,0,0,0,0,0,0,0,61,61,12426825,0,0,0,0,0,0,0,0,0
201610,51,181,3,5,Surry County                  ,3,3,459369,0,0,0,0,0,0,0,0,0,0,0,0,0,0,0,0,0,0,0,0,0
201610,51,183,3,5,Sussex County                 ,1,1,390000,0,0,0,0,0,0,0,0,0,1,1,390000,0,0,0,0,0,0,0,0,0
201610,51,187,3,5,Warren County                 ,10,10,2650000,0,0,0,0,0,0,0,0,0,10,10,2650000,0,0,0,0,0,0,0,0,0
201610,51,199,3,5,York County                   ,11,11,2476717,0,0,0,0,0,0,1,6,800000,11,11,2476717,0,0,0,0,0,0,1,6,800000
201610,51,510,3,5,Alexandria (Independent City) ,2,2,455000,0,0,0,0,0,0,0,0,0,2,2,455000,0,0,0,0,0,0,0,0,0
201610,51,540,3,5,Charlottesville (Independent C,5,5,1090279,0,0,0,0,0,0,1,12,1773571,0,0,0,0,0,0,0,0,0,0,0,0
201610,51,550,3,5,Chesapeake(Independent City)  ,58,58,13215694,0,0,0,0,0,0,0,0,0,58,58,13215694,0,0,0,0,0,0,0,0,0
201610,51,570,3,5,Colonial Heights (Independent ,0,0,0,0,0,0,0,0,0,0,0,0,0,0,0,0,0,0,0,0,0,0,0,0
201610,51,580,3,5,Covington (Independent City)  ,0,0,0,0,0,0,0,0,0,0,0,0,0,0,0,0,0,0,0,0,0,0,0,0
201610,51,600,3,5,Fairfax (Independent City)    ,1,1,350000,0,0,0,0,0,0,2,16,434000,1,1,350000,0,0,0,0,0,0,2,16,434000
201610,51,610,3,5,Falls Church (Independent City,0,0,0,0,0,0,0,0,0,0,0,0,0,0,0,0,0,0,0,0,0,0,0,0
201610,51,630,3,5,Fredericksburg(Independent Cit,7,7,1776840,0,0,0,0,0,0,0,0,0,7,7,1776840,0,0,0,0,0,0,0,0,0
201610,51,650,3,5,Hampton (Independent City)    ,14,14,897343,0,0,0,0,0,0,0,0,0,0,0,0,0,0,0,0,0,0,0,0,0
201610,51,660,3,5,Harrisonburg (Independent City,5,5,796930,0,0,0,0,0,0,0,0,0,0,0,0,0,0,0,0,0,0,0,0,0
201610,51,670,3,5,Hopewell (Independent City)   ,4,4,340618,0,0,0,0,0,0,0,0,0,0,0,0,0,0,0,0,0,0,0,0,0
201610,51,680,3,5,Lynchburg (Independent City)  ,2,2,410000,0,0,0,0,0,0,0,0,0,2,2,410000,0,0,0,0,0,0,0,0,0
201610,51,683,3,5,Manassas (Independent City)   ,11,11,1550316,0,0,0,0,0,0,0,0,0,0,0,0,0,0,0,0,0,0,0,0,0
201610,51,685,3,5,Manassas Park (Independent Cit,0,0,0,0,0,0,0,0,0,0,0,0,0,0,0,0,0,0,0,0,0,0,0,0
201610,51,700,3,5,Newport News (Independent City,3,3,239828,0,0,0,0,0,0,0,0,0,3,3,239828,0,0,0,0,0,0,0,0,0
201610,51,710,3,5,Norfolk (Independent City)    ,29,29,6607847,0,0,0,0,0,0,0,0,0,29,29,6607847,0,0,0,0,0,0,0,0,0
201610,51,730,3,5,Petersburg (Independent City) ,0,0,0,0,0,0,0,0,0,0,0,0,0,0,0,0,0,0,0,0,0,0,0,0
201610,51,735,3,5,Poquoson (Independent City)   ,3,3,793070,0,0,0,0,0,0,0,0,0,3,3,793070,0,0,0,0,0,0,0,0,0
201610,51,740,3,5,Portsmouth (Independent City) ,8,8,820000,0,0,0,0,0,0,0,0,0,8,8,820000,0,0,0,0,0,0,0,0,0
201610,51,760,3,5,Richmond (Independent City)   ,14,14,3189995,0,0,0,0,0,0,0,0,0,14,14,3189995,0,0,0,0,0,0,0,0,0
201610,51,800,3,5,Suffolk (Independent City)    ,23,23,5240706,0,0,0,0,0,0,4,142,3150000,23,23,5240706,0,0,0,0,0,0,4,142,3150000
201610,51,810,3,5,Virginia Beach (Independent Ci,63,63,11811775,0,0,0,0,0,0,0,0,0,63,63,11811775,0,0,0,0,0,0,0,0,0
201610,51,830,3,5,Williamsburg (Independent City,2,2,330000,0,0,0,0,0,0,0,0,0,2,2,330000,0,0,0,0,0,0,0,0,0
201610,53,005,4,9,Benton County                 ,73,73,19744259,0,0,0,0,0,0,1,18,2063242,29,29,7212466,0,0,0,0,0,0,0,0,0
201610,53,011,4,9,Clark County                  ,184,184,49790445,0,0,0,1,3,210820,4,53,5585344,63,63,15147282,0,0,0,1,3,210820,0,0,0
201610,53,021,4,9,Franklin County               ,35,35,9312906,0,0,0,0,0,0,0,0,0,0,0,0,0,0,0,0,0,0,0,0,0
201610,53,031,4,9,Jefferson County              ,37,37,6539127,0,0,0,0,0,0,0,0,0,37,37,6539127,0,0,0,0,0,0,0,0,0
201610,53,033,4,9,King County                   ,286,286,108493557,15,30,10570182,7,22,4032413,30,1648,236307702,266,266,100484968,14,28,10247075,7,22,4032413,28,1580,226085669
201610,53,035,4,9,Kitsap County                 ,80,80,25979467,0,0,0,0,0,0,1,12,799250,80,80,25979467,0,0,0,0,0,0,1,12,799250
201610,53,053,4,9,Pierce County                 ,154,154,45492473,1,2,253171,0,0,0,12,136,16746992,152,152,44848033,1,2,253171,0,0,0,11,131,15851689
201610,53,055,4,9,San Juan County               ,10,10,2406083,0,0,0,0,0,0,0,0,0,0,0,0,0,0,0,0,0,0,0,0,0
201610,53,059,4,9,Skamania County               ,4,4,761572,0,0,0,0,0,0,0,0,0,4,4,761572,0,0,0,0,0,0,0,0,0
201610,53,061,4,9,Snohomish County              ,165,165,44787315,3,6,1260611,0,0,0,12,242,31028925,127,127,35130270,3,6,1260611,0,0,0,10,195,26236231
201610,54,011,3,5,Cabell County                 ,5,5,884136,0,0,0,1,4,85000,0,0,0,0,0,0,0,0,0,1,4,85000,0,0,0
201610,54,015,3,5,Clay County                   ,1,1,45455,0,0,0,0,0,0,0,0,0,0,0,0,0,0,0,0,0,0,0,0,0
201610,54,019,3,5,Fayette County                ,2,2,224401,0,0,0,0,0,0,0,0,0,0,0,0,0,0,0,0,0,0,0,0,0
201610,54,037,3,5,Jefferson County              ,17,17,4500169,0,0,0,0,0,0,0,0,0,17,17,4500169,0,0,0,0,0,0,0,0,0
201610,54,081,3,5,Raleigh County                ,4,4,532740,0,0,0,0,0,0,0,0,0,4,4,532740,0,0,0,0,0,0,0,0,0
201610,55,025,2,3,Dane County                   ,111,111,36407291,3,6,1028097,2,6,771750,6,256,33175070,62,62,21740509,1,2,300000,0,0,0,1,16,2500000
201610,55,031,2,3,Douglas County                ,10,10,1778574,0,0,0,0,0,0,1,24,1500000,10,10,1778574,0,0,0,0,0,0,1,24,1500000
201610,55,037,2,3,Florence County               ,2,2,267000,0,0,0,0,0,0,0,0,0,2,2,267000,0,0,0,0,0,0,0,0,0
201610,55,049,2,3,Iowa County                   ,1,1,170000,0,0,0,0,0,0,0,0,0,1,1,170000,0,0,0,0,0,0,0,0,0
201610,55,059,2,3,Kenosha County                ,13,13,3347301,0,0,0,0,0,0,0,0,0,11,11,2690000,0,0,0,0,0,0,0,0,0
201610,55,079,2,3,Milwaukee County              ,6,6,1945000,1,2,425000,0,0,0,14,180,26449793,6,6,1945000,1,2,425000,0,0,0,14,180,26449793
201610,55,089,2,3,Ozaukee County                ,19,19,7529158,0,0,0,0,0,0,0,0,0,11,11,3961949,0,0,0,0,0,0,0,0,0
201610,55,093,2,3,Pierce County                 ,17,17,4009473,0,0,0,0,0,0,0,0,0,17,17,4009473,0,0,0,0,0,0,0,0,0
201610,55,109,2,3,St. Croix County              ,39,39,9667891,2,4,608000,0,0,0,0,0,0,36,36,8879378,2,4,608000,0,0,0,0,0,0
201610,55,131,2,3,Washington County             ,25,25,8035003,1,2,250000,0,0,0,7,85,6963542,15,15,4899450,0,0,0,0,0,0,6,80,6500000
201610,56,029,4,8,Park County                   ,12,12,3101280,0,0,0,0,0,0,0,0,0,12,12,3101280,0,0,0,0,0,0,0,0,0
201610,56,039,4,8,Teton County                  ,17,17,30161736,0,0,0,1,3,116499,0,0,0,14,14,29077068,0,0,0,0,0,0,0,0,0
