Survey,FIPS,FIPS,Region,Division,County,,1-unit,,,2-units,,,3-4 units,,,5+ units,,,1-unit rep,,,2-units rep,,,3-4 units rep,,, 5+units rep
Date,State,County,Code,Code,Name,Bldgs,Units,Value,Bldgs,Units,Value,Bldgs,Units,Value,Bldgs,Units,Value,Bldgs,Units,Value,Bldgs,Units,Value,Bldgs,Units,Value,Bldgs,Units,Value
 
201608,01,001,3,6,Autauga County                ,13,13,3598473,0,0,0,0,0,0,0,0,0,13,13,3598473,0,0,0,0,0,0,0,0,0
201608,01,007,3,6,Bibb County                   ,0,0,0,0,0,0,0,0,0,0,0,0,0,0,0,0,0,0,0,0,0,0,0,0
201608,01,009,3,6,Blount County                 ,0,0,0,0,0,0,0,0,0,0,0,0,0,0,0,0,0,0,0,0,0,0,0,0
201608,01,021,3,6,Chilton County                ,1,1,85000,0,0,0,0,0,0,0,0,0,1,1,85000,0,0,0,0,0,0,0,0,0
201608,01,073,3,6,Jefferson County              ,122,122,29812285,0,0,0,0,0,0,1,56,5367590,80,80,20410273,0,0,0,0,0,0,0,0,0
201608,01,083,3,6,Limestone County              ,10,10,1665275,0,0,0,0,0,0,0,0,0,10,10,1665275,0,0,0,0,0,0,0,0,0
201608,01,089,3,6,Madison County                ,194,194,30449283,0,0,0,0,0,0,0,0,0,193,193,30322968,0,0,0,0,0,0,0,0,0
201608,01,113,3,6,Russell County                ,18,18,2803243,0,0,0,0,0,0,1,12,700000,18,18,2803243,0,0,0,0,0,0,1,12,700000
201608,01,115,3,6,St. Clair County              ,13,13,2195039,0,0,0,0,0,0,0,0,0,3,3,640957,0,0,0,0,0,0,0,0,0
201608,01,117,3,6,Shelby County                 ,90,90,19904070,0,0,0,0,0,0,1,11,187000,38,38,7272667,0,0,0,0,0,0,0,0,0
201608,01,127,3,6,Walker County                 ,1,1,210000,0,0,0,0,0,0,0,0,0,1,1,210000,0,0,0,0,0,0,0,0,0
201608,02,013,4,9,Aleutians East Borough        ,0,0,0,0,0,0,0,0,0,0,0,0,0,0,0,0,0,0,0,0,0,0,0,0
201608,02,016,4,9,Aleutians West Census Area    ,0,0,0,0,0,0,0,0,0,0,0,0,0,0,0,0,0,0,0,0,0,0,0,0
201608,02,020,4,9,Anchorage Borough             ,64,64,20029360,0,0,0,1,3,522682,1,12,1897147,0,0,0,0,0,0,0,0,0,0,0,0
201608,02,020,4,9,Anchorage Municipality        ,64,64,20029360,0,0,0,1,3,522682,1,12,1897147,0,0,0,0,0,0,0,0,0,0,0,0
201608,02,050,4,9,Bethel Census Area            ,0,0,0,1,2,450000,0,0,0,0,0,0,0,0,0,1,2,450000,0,0,0,0,0,0
201608,02,060,4,9,Bristol Bay Borough           ,0,0,0,0,0,0,0,0,0,0,0,0,0,0,0,0,0,0,0,0,0,0,0,0
201608,02,070,4,9,Dillingham Census Area        ,0,0,0,0,0,0,0,0,0,0,0,0,0,0,0,0,0,0,0,0,0,0,0,0
201608,02,090,4,9,Fairbanks North Star Borough  ,0,0,0,0,0,0,0,0,0,0,0,0,0,0,0,0,0,0,0,0,0,0,0,0
201608,02,100,4,9,Haines Borough                ,1,1,277264,0,0,0,0,0,0,0,0,0,0,0,0,0,0,0,0,0,0,0,0,0
201608,02,105,4,9,Hoonah-Angoon Census Area     ,0,0,0,0,0,0,0,0,0,0,0,0,0,0,0,0,0,0,0,0,0,0,0,0
201608,02,110,4,9,Juneau Borough                ,1,1,155912,0,0,0,0,0,0,0,0,0,1,1,155912,0,0,0,0,0,0,0,0,0
201608,02,110,4,9,Juneau City and Borough       ,1,1,155912,0,0,0,0,0,0,0,0,0,1,1,155912,0,0,0,0,0,0,0,0,0
201608,02,122,4,9,Kenai Peninsula Borough       ,10,10,2092514,1,2,238333,0,0,0,0,0,0,0,0,0,0,0,0,0,0,0,0,0,0
201608,02,130,4,9,Ketchikan Gateway Borough     ,4,4,1150854,0,0,0,0,0,0,0,0,0,4,4,1150854,0,0,0,0,0,0,0,0,0
201608,02,150,4,9,Kodiak Island Borough         ,1,1,365640,0,0,0,1,4,410728,0,0,0,1,1,365640,0,0,0,1,4,410728,0,0,0
201608,02,158,4,9,Kusilvak Census Area          ,0,0,0,0,0,0,0,0,0,0,0,0,0,0,0,0,0,0,0,0,0,0,0,0
201608,02,170,4,9,Matanuska-Susitna Borough     ,5,5,1169407,2,4,564320,1,4,479928,0,0,0,4,4,999796,2,4,564320,1,4,479928,0,0,0
201608,02,180,4,9,Nome Census Area              ,1,1,91520,0,0,0,0,0,0,0,0,0,1,1,91520,0,0,0,0,0,0,0,0,0
201608,02,185,4,9,North Slope Borough           ,0,0,0,0,0,0,0,0,0,0,0,0,0,0,0,0,0,0,0,0,0,0,0,0
201608,02,188,4,9,Northwest Arctic Borough      ,0,0,0,0,0,0,0,0,0,0,0,0,0,0,0,0,0,0,0,0,0,0,0,0
201608,02,195,4,9,Petersburg Borough            ,0,0,0,0,0,0,0,0,0,0,0,0,0,0,0,0,0,0,0,0,0,0,0,0
201608,02,195,4,9,Petersburg Census Area        ,0,0,0,0,0,0,0,0,0,0,0,0,0,0,0,0,0,0,0,0,0,0,0,0
201608,02,198,4,9,Prince of Wales-Hyder Census A,0,0,0,0,0,0,0,0,0,0,0,0,0,0,0,0,0,0,0,0,0,0,0,0
201608,02,220,4,9,Sitka Borough                 ,2,2,663123,0,0,0,0,0,0,0,0,0,0,0,0,0,0,0,0,0,0,0,0,0
201608,02,220,4,9,Sitka City and Borough        ,2,2,663123,0,0,0,0,0,0,0,0,0,0,0,0,0,0,0,0,0,0,0,0,0
201608,02,230,4,9,Skagway Municipality          ,0,0,0,0,0,0,0,0,0,0,0,0,0,0,0,0,0,0,0,0,0,0,0,0
201608,02,261,4,9,Valdez-Cordova Census Area    ,3,3,625064,0,0,0,0,0,0,0,0,0,3,3,625064,0,0,0,0,0,0,0,0,0
201608,02,275,4,9,Wrangell City and Borough     ,0,0,0,0,0,0,0,0,0,0,0,0,0,0,0,0,0,0,0,0,0,0,0,0
201608,02,282,4,9,Yakutat Borough               ,0,0,0,0,0,0,0,0,0,0,0,0,0,0,0,0,0,0,0,0,0,0,0,0
201608,02,282,4,9,Yakutat City and Borough      ,0,0,0,0,0,0,0,0,0,0,0,0,0,0,0,0,0,0,0,0,0,0,0,0
201608,02,290,4,9,Yukon-Koyukuk Census Area     ,0,0,0,0,0,0,0,0,0,0,0,0,0,0,0,0,0,0,0,0,0,0,0,0
201608,04,013,4,8,Maricopa County               ,1478,1478,401581389,9,18,2814427,6,22,3615812,15,328,61438917,1351,1351,359376759,9,18,2814427,5,18,2981284,14,278,57002987
201608,04,019,4,8,Pima County                   ,168,168,49101209,1,2,346330,0,0,0,1,15,2648527,115,115,33223315,0,0,0,0,0,0,0,0,0
201608,04,021,4,8,Pinal County                  ,159,159,32721744,6,12,929172,0,0,0,0,0,0,126,126,25474942,6,12,929172,0,0,0,0,0,0
201608,05,013,3,7,Calhoun County                ,0,0,0,0,0,0,0,0,0,0,0,0,0,0,0,0,0,0,0,0,0,0,0,0
201608,05,035,3,7,Crittenden County             ,8,8,1250887,0,0,0,0,0,0,0,0,0,7,7,1031000,0,0,0,0,0,0,0,0,0
201608,05,045,3,7,Faulkner County               ,22,22,6857675,0,0,0,0,0,0,0,0,0,21,21,6646000,0,0,0,0,0,0,0,0,0
201608,05,053,3,7,Grant County                  ,1,1,121659,0,0,0,0,0,0,0,0,0,0,0,0,0,0,0,0,0,0,0,0,0
201608,05,085,3,7,Lonoke County                 ,28,28,3040899,0,0,0,0,0,0,0,0,0,6,6,1190680,0,0,0,0,0,0,0,0,0
201608,05,087,3,7,Madison County                ,0,0,0,0,0,0,0,0,0,0,0,0,0,0,0,0,0,0,0,0,0,0,0,0
201608,05,091,3,7,Miller County                 ,4,4,577081,0,0,0,0,0,0,0,0,0,0,0,0,0,0,0,0,0,0,0,0,0
201608,05,105,3,7,Perry County                  ,0,0,0,0,0,0,0,0,0,0,0,0,0,0,0,0,0,0,0,0,0,0,0,0
201608,05,119,3,7,Pulaski County                ,70,70,17730057,0,0,0,0,0,0,15,239,24740000,51,51,14585500,0,0,0,0,0,0,15,239,24740000
201608,05,129,3,7,Searcy County                 ,0,0,0,0,0,0,0,0,0,0,0,0,0,0,0,0,0,0,0,0,0,0,0,0
201608,05,143,3,7,Washington County             ,124,124,31956289,0,0,0,0,0,0,0,0,0,110,110,29397696,0,0,0,0,0,0,0,0,0
201608,06,001,4,9,Alameda County                ,108,108,36930320,5,10,3202569,1,3,640743,16,197,51664257,56,56,19986680,5,10,3202569,0,0,0,13,163,45417071
201608,06,013,4,9,Contra Costa County           ,203,203,70288406,1,2,420324,1,3,700000,2,21,2795215,179,179,61635808,0,0,0,0,0,0,0,0,0
201608,06,017,4,9,El Dorado County              ,84,84,29541860,0,0,0,0,0,0,0,0,0,84,84,29541860,0,0,0,0,0,0,0,0,0
201608,06,019,4,9,Fresno County                 ,197,197,52505892,6,12,2111184,0,0,0,2,17,1340449,103,103,27032654,6,12,2111184,0,0,0,0,0,0
201608,06,037,4,9,Los Angeles County            ,342,342,154638253,28,56,10329100,3,11,1993633,46,2289,371340946,273,273,124927352,28,56,10329100,3,11,1993633,39,2137,349893144
201608,06,041,4,9,Marin County                  ,6,6,4059455,0,0,0,0,0,0,0,0,0,5,5,3318000,0,0,0,0,0,0,0,0,0
201608,06,059,4,9,Orange County                 ,445,445,139222153,6,12,3195693,15,52,10391032,14,199,26198344,351,351,106675650,4,8,1862336,15,52,10391032,8,69,9293133
201608,06,061,4,9,Placer County                 ,184,184,69606261,0,0,0,0,0,0,3,52,5279795,182,182,68952453,0,0,0,0,0,0,3,52,5279795
201608,06,063,4,9,Plumas County                 ,3,3,605232,0,0,0,0,0,0,0,0,0,3,3,605232,0,0,0,0,0,0,0,0,0
201608,06,067,4,9,Sacramento County             ,226,226,61483953,6,12,1487452,0,0,0,0,0,0,224,224,61013253,6,12,1487452,0,0,0,0,0,0
201608,06,069,4,9,San Benito County             ,23,23,6422144,0,0,0,0,0,0,0,0,0,15,15,3733345,0,0,0,0,0,0,0,0,0
201608,06,071,4,9,San Bernardino County         ,236,236,59064697,0,0,0,0,0,0,5,101,6567205,221,221,55273713,0,0,0,0,0,0,4,96,6355027
201608,06,073,4,9,San Diego County              ,197,197,76785939,2,4,474901,13,40,7081831,18,1044,215498495,188,188,74179214,2,4,474901,13,40,7081831,17,1039,214498495
201608,06,075,4,9,San Francisco County          ,3,3,820596,0,0,0,4,14,9636640,4,181,41005000,3,3,820596,0,0,0,4,14,9636640,4,181,41005000
201608,06,081,4,9,San Mateo County              ,71,71,37184963,0,0,0,0,0,0,3,39,5294671,43,43,24880812,0,0,0,0,0,0,0,0,0
201608,06,085,4,9,Santa Clara County            ,164,164,66819898,0,0,0,5,19,3608531,11,192,32851271,118,118,53466734,0,0,0,5,19,3608531,7,141,22669257
201608,06,091,4,9,Sierra County                 ,0,0,0,0,0,0,0,0,0,0,0,0,0,0,0,0,0,0,0,0,0,0,0,0
201608,06,113,4,9,Yolo County                   ,54,54,14105731,0,0,0,0,0,0,0,0,0,54,54,14105731,0,0,0,0,0,0,0,0,0
201608,08,001,4,8,Adams County                  ,181,181,47840542,1,2,280000,0,0,0,2,10,1512925,181,181,47840542,1,2,280000,0,0,0,2,10,1512925
201608,08,005,4,8,Arapahoe County               ,172,172,47166813,0,0,0,0,0,0,0,0,0,171,171,45483813,0,0,0,0,0,0,0,0,0
201608,08,014,4,8,Broomfield County             ,37,37,11771356,0,0,0,0,0,0,0,0,0,37,37,11771356,0,0,0,0,0,0,0,0,0
201608,08,015,4,8,Chaffee County                ,11,11,2917027,0,0,0,0,0,0,0,0,0,0,0,0,0,0,0,0,0,0,0,0,0
201608,08,019,4,8,Clear Creek County            ,3,3,565945,0,0,0,0,0,0,0,0,0,0,0,0,0,0,0,0,0,0,0,0,0
201608,08,031,4,8,Denver County                 ,174,174,47594584,0,0,0,0,0,0,4,340,43597763,174,174,47594584,0,0,0,0,0,0,4,340,43597763
201608,08,035,4,8,Douglas County                ,206,206,61923867,0,0,0,1,3,518902,1,10,850638,118,118,37498974,0,0,0,0,0,0,0,0,0
201608,08,039,4,8,Elbert County                 ,6,6,2019624,0,0,0,0,0,0,0,0,0,6,6,2019624,0,0,0,0,0,0,0,0,0
201608,08,041,4,8,El Paso County                ,340,340,137021072,0,0,0,0,0,0,1,11,1526967,340,340,137021072,0,0,0,0,0,0,1,11,1526967
201608,08,047,4,8,Gilpin County                 ,2,2,850000,0,0,0,0,0,0,0,0,0,2,2,850000,0,0,0,0,0,0,0,0,0
201608,08,069,4,8,Larimer County                ,174,174,44383571,2,4,664241,0,0,0,11,283,27324776,174,174,44383571,2,4,664241,0,0,0,11,283,27324776
201608,08,077,4,8,Mesa County                   ,37,37,9125078,0,0,0,0,0,0,0,0,0,37,37,9125078,0,0,0,0,0,0,0,0,0
201608,08,093,4,8,Park County                   ,14,14,1934440,0,0,0,0,0,0,0,0,0,14,14,1934440,0,0,0,0,0,0,0,0,0
201608,08,101,4,8,Pueblo County                 ,25,25,4319796,0,0,0,0,0,0,0,0,0,25,25,4319796,0,0,0,0,0,0,0,0,0
201608,08,119,4,8,Teller County                 ,16,16,4522757,0,0,0,0,0,0,0,0,0,16,16,4522757,0,0,0,0,0,0,0,0,0
201608,09,001,1,1,Fairfield County              ,55,55,39622227,2,4,340000,1,3,720279,0,0,0,37,37,20125846,2,4,340000,1,3,720279,0,0,0
201608,09,003,1,1,Hartford County               ,36,36,7701380,0,0,0,2,8,884623,4,36,3193607,33,33,7097825,0,0,0,2,8,884623,2,26,2675000
201608,09,007,1,1,Middlesex County              ,20,20,5607250,0,0,0,0,0,0,0,0,0,18,18,5003181,0,0,0,0,0,0,0,0,0
201608,09,013,1,1,Tolland County                ,10,10,1968645,0,0,0,0,0,0,2,17,1563650,5,5,853875,0,0,0,0,0,0,1,12,950000
201608,10,001,3,5,Kent County                   ,107,107,16056084,0,0,0,0,0,0,2,56,3438354,105,105,15784385,0,0,0,0,0,0,2,56,3438354
201608,10,003,3,5,New Castle County             ,118,118,11397680,0,0,0,0,0,0,2,28,2040014,13,13,2189082,0,0,0,0,0,0,0,0,0
201608,10,005,3,5,Sussex County                 ,216,216,31371553,8,16,1326393,4,14,1863291,1,5,1134856,216,216,31371553,8,16,1326393,4,14,1863291,1,5,1134856
201608,11,001,3,5,Washington  DC                ,29,29,6607847,1,2,213550,0,0,0,3,413,41446160,29,29,6607847,1,2,213550,0,0,0,3,413,41446160
201608,12,003,3,5,Baker County                  ,3,3,402507,0,0,0,0,0,0,0,0,0,3,3,402507,0,0,0,0,0,0,0,0,0
201608,12,019,3,5,Clay County                   ,108,108,19853937,0,0,0,0,0,0,0,0,0,107,107,19753937,0,0,0,0,0,0,0,0,0
201608,12,031,3,5,Duval County                  ,256,256,60673527,0,0,0,0,0,0,1,80,8028312,232,232,52784920,0,0,0,0,0,0,1,80,8028312
201608,12,033,3,5,Escambia County               ,94,94,21418539,0,0,0,0,0,0,0,0,0,94,94,21418539,0,0,0,0,0,0,0,0,0
201608,12,053,3,5,Hernando County               ,64,64,10674243,0,0,0,0,0,0,0,0,0,64,64,10674243,0,0,0,0,0,0,0,0,0
201608,12,057,3,5,Hillsborough County           ,636,636,316384222,2,4,335000,0,0,0,2,180,31888370,636,636,316384222,2,4,335000,0,0,0,2,180,31888370
201608,12,067,3,5,Lafayette County              ,1,1,189000,0,0,0,0,0,0,0,0,0,1,1,189000,0,0,0,0,0,0,0,0,0
201608,12,071,3,5,Lee County                    ,400,400,94866237,4,8,497470,4,16,3390855,1,40,6200000,400,400,94866237,4,8,497470,4,16,3390855,1,40,6200000
201608,12,073,3,5,Leon County                   ,53,53,10339580,0,0,0,0,0,0,1,11,938568,0,0,0,0,0,0,0,0,0,0,0,0
201608,12,081,3,5,Manatee County                ,245,245,55361397,1,2,226111,7,28,5383631,2,14,2943750,229,229,50887460,0,0,0,6,24,4811060,1,9,1600000
201608,12,086,3,5,Miami-Dade County             ,319,319,64430687,13,26,5794151,0,0,0,13,940,213855586,307,307,57182225,13,26,5794151,0,0,0,13,940,213855586
201608,12,089,3,5,Nassau County                 ,113,113,32798921,0,0,0,0,0,0,0,0,0,109,109,32064877,0,0,0,0,0,0,0,0,0
201608,12,091,3,5,Okaloosa County               ,52,52,14180387,0,0,0,0,0,0,0,0,0,48,48,13598295,0,0,0,0,0,0,0,0,0
201608,12,095,3,5,Orange County                 ,693,693,180907900,10,20,3729758,6,23,4087538,21,463,54502242,693,693,180907900,10,20,3729758,6,23,4087538,21,463,54502242
201608,12,097,3,5,Osceola County                ,313,313,89658122,0,0,0,0,0,0,0,0,0,239,239,68963273,0,0,0,0,0,0,0,0,0
201608,12,101,3,5,Pasco County                  ,257,257,52429648,1,2,280000,1,3,149175,0,0,0,256,256,52273920,0,0,0,1,3,149175,0,0,0
201608,12,103,3,5,Pinellas County               ,162,162,41270203,0,0,0,0,0,0,2,15,1353835,69,69,19029876,0,0,0,0,0,0,0,0,0
201608,12,109,3,5,St. Johns County              ,326,326,74438178,0,0,0,0,0,0,1,12,1750000,321,321,73142032,0,0,0,0,0,0,1,12,1750000
201608,12,113,3,5,Santa Rosa County             ,99,99,16465103,0,0,0,0,0,0,0,0,0,99,99,16465103,0,0,0,0,0,0,0,0,0
201608,12,115,3,5,Sarasota County               ,312,312,89798244,0,0,0,2,8,2087110,6,239,30474918,312,312,89798244,0,0,0,2,8,2087110,6,239,30474918
201608,12,117,3,5,Seminole County               ,131,131,43644852,0,0,0,0,0,0,0,0,0,131,131,43644852,0,0,0,0,0,0,0,0,0
201608,12,129,3,5,Wakulla County                ,9,9,1520000,0,0,0,0,0,0,0,0,0,9,9,1520000,0,0,0,0,0,0,0,0,0
201608,12,131,3,5,Walton County                 ,98,98,50217892,0,0,0,0,0,0,11,264,26342505,98,98,50217892,0,0,0,0,0,0,11,264,26342505
201608,12,133,3,5,Washington County             ,3,3,489438,0,0,0,0,0,0,0,0,0,0,0,0,0,0,0,0,0,0,0,0,0
201608,13,007,3,5,Baker County                  ,0,0,0,0,0,0,0,0,0,0,0,0,0,0,0,0,0,0,0,0,0,0,0,0
201608,13,013,3,5,Barrow County                 ,63,63,8661206,0,0,0,0,0,0,0,0,0,63,63,8661206,0,0,0,0,0,0,0,0,0
201608,13,015,3,5,Bartow County                 ,65,65,5915892,0,0,0,0,0,0,0,0,0,65,65,5915892,0,0,0,0,0,0,0,0,0
201608,13,021,3,5,Bibb County                   ,5,5,1149708,0,0,0,0,0,0,0,0,0,5,5,1149708,0,0,0,0,0,0,0,0,0
201608,13,029,3,5,Bryan County                  ,24,24,4616514,0,0,0,0,0,0,0,0,0,11,11,2679615,0,0,0,0,0,0,0,0,0
201608,13,033,3,5,Burke County                  ,5,5,869340,0,0,0,0,0,0,0,0,0,0,0,0,0,0,0,0,0,0,0,0,0
201608,13,035,3,5,Butts County                  ,4,4,853000,0,0,0,0,0,0,0,0,0,4,4,853000,0,0,0,0,0,0,0,0,0
201608,13,045,3,5,Carroll County                ,31,31,6043333,0,0,0,0,0,0,0,0,0,31,31,6043333,0,0,0,0,0,0,0,0,0
201608,13,051,3,5,Chatham County                ,61,61,12059276,0,0,0,0,0,0,0,0,0,61,61,12059276,0,0,0,0,0,0,0,0,0
201608,13,057,3,5,Cherokee County               ,237,237,64604959,4,8,870000,0,0,0,0,0,0,237,237,64604959,4,8,870000,0,0,0,0,0,0
201608,13,059,3,5,Clarke County                 ,10,10,1717626,0,0,0,0,0,0,0,0,0,10,10,1717626,0,0,0,0,0,0,0,0,0
201608,13,063,3,5,Clayton County                ,20,20,4557136,0,0,0,0,0,0,0,0,0,20,20,4557136,0,0,0,0,0,0,0,0,0
201608,13,067,3,5,Cobb County                   ,175,175,46374985,0,0,0,2,8,1722894,6,37,7369415,170,170,45116857,0,0,0,2,8,1722894,6,37,7369415
201608,13,073,3,5,Columbia County               ,110,110,21743033,0,0,0,3,12,660000,0,0,0,110,110,21743033,0,0,0,3,12,660000,0,0,0
201608,13,077,3,5,Coweta County                 ,73,73,24410075,0,0,0,0,0,0,0,0,0,70,70,23845377,0,0,0,0,0,0,0,0,0
201608,13,085,3,5,Dawson County                 ,31,31,4916015,0,0,0,0,0,0,0,0,0,31,31,4916015,0,0,0,0,0,0,0,0,0
201608,13,095,3,5,Dougherty County              ,1,1,106652,0,0,0,0,0,0,0,0,0,1,1,106652,0,0,0,0,0,0,0,0,0
201608,13,097,3,5,Douglas County                ,20,20,2644144,0,0,0,0,0,0,0,0,0,20,20,2644144,0,0,0,0,0,0,0,0,0
201608,13,111,3,5,Fannin County                 ,19,19,3879705,0,0,0,0,0,0,0,0,0,19,19,3879705,0,0,0,0,0,0,0,0,0
201608,13,113,3,5,Fayette County                ,29,29,8563068,0,0,0,0,0,0,0,0,0,29,29,8563068,0,0,0,0,0,0,0,0,0
201608,13,117,3,5,Forsyth County                ,255,255,36399520,0,0,0,0,0,0,0,0,0,255,255,36399520,0,0,0,0,0,0,0,0,0
201608,13,121,3,5,Fulton County                 ,294,294,78348899,0,0,0,0,0,0,2,330,50309275,279,279,74651859,0,0,0,0,0,0,1,325,50000000
201608,13,127,3,5,Glynn County                  ,46,46,12133683,0,0,0,0,0,0,0,0,0,0,0,0,0,0,0,0,0,0,0,0,0
201608,13,135,3,5,Gwinnett County               ,320,320,71859412,1,2,143035,0,0,0,0,0,0,298,298,67394197,1,2,143035,0,0,0,0,0,0
201608,13,143,3,5,Haralson County               ,3,3,677005,0,0,0,0,0,0,0,0,0,0,0,0,0,0,0,0,0,0,0,0,0
201608,13,145,3,5,Harris County                 ,11,11,2291770,0,0,0,0,0,0,0,0,0,11,11,2291770,0,0,0,0,0,0,0,0,0
201608,13,149,3,5,Heard County                  ,3,3,683570,0,0,0,0,0,0,0,0,0,3,3,683570,0,0,0,0,0,0,0,0,0
201608,13,151,3,5,Henry County                  ,123,123,23440785,0,0,0,0,0,0,0,0,0,123,123,23440785,0,0,0,0,0,0,0,0,0
201608,13,159,3,5,Jasper County                 ,6,6,803844,0,0,0,0,0,0,0,0,0,0,0,0,0,0,0,0,0,0,0,0,0
201608,13,171,3,5,Lamar County                  ,4,4,451340,0,0,0,0,0,0,0,0,0,3,3,301340,0,0,0,0,0,0,0,0,0
201608,13,177,3,5,Lee County                    ,13,13,1504335,0,0,0,0,0,0,0,0,0,13,13,1504335,0,0,0,0,0,0,0,0,0
201608,13,179,3,5,Liberty County                ,14,14,3285279,0,0,0,0,0,0,0,0,0,14,14,3285279,0,0,0,0,0,0,0,0,0
201608,13,189,3,5,McDuffie County               ,2,2,353583,0,0,0,0,0,0,0,0,0,0,0,0,0,0,0,0,0,0,0,0,0
201608,13,199,3,5,Meriwether County             ,3,3,671608,0,0,0,0,0,0,0,0,0,0,0,0,0,0,0,0,0,0,0,0,0
201608,13,201,3,5,Miller County                 ,0,0,0,0,0,0,0,0,0,0,0,0,0,0,0,0,0,0,0,0,0,0,0,0
201608,13,207,3,5,Monroe County                 ,0,0,0,0,0,0,0,0,0,0,0,0,0,0,0,0,0,0,0,0,0,0,0,0
201608,13,215,3,5,Muscogee County               ,29,29,5922610,0,0,0,0,0,0,1,25,2366518,0,0,0,0,0,0,0,0,0,0,0,0
201608,13,217,3,5,Newton County                 ,39,39,8800701,0,0,0,0,0,0,0,0,0,39,39,8800701,0,0,0,0,0,0,0,0,0
201608,13,227,3,5,Pickens County                ,6,6,1444112,0,0,0,0,0,0,0,0,0,0,0,0,0,0,0,0,0,0,0,0,0
201608,13,231,3,5,Pike County                   ,8,8,1286547,0,0,0,0,0,0,0,0,0,7,7,1138000,0,0,0,0,0,0,0,0,0
201608,13,235,3,5,Pulaski County                ,0,0,0,0,0,0,0,0,0,0,0,0,0,0,0,0,0,0,0,0,0,0,0,0
201608,13,245,3,5,Richmond County               ,40,40,7555801,1,2,180000,0,0,0,1,24,700645,0,0,0,0,0,0,0,0,0,0,0,0
201608,13,247,3,5,Rockdale County               ,15,15,3417852,0,0,0,0,0,0,0,0,0,15,15,3417852,0,0,0,0,0,0,0,0,0
201608,13,255,3,5,Spalding County               ,12,12,1672310,0,0,0,0,0,0,0,0,0,12,12,1672310,0,0,0,0,0,0,0,0,0
201608,13,275,3,5,Thomas County                 ,6,6,1379056,0,0,0,0,0,0,0,0,0,6,6,1379056,0,0,0,0,0,0,0,0,0
201608,13,291,3,5,Union County                  ,14,14,3317600,0,0,0,0,0,0,0,0,0,14,14,3317600,0,0,0,0,0,0,0,0,0
201608,15,001,4,9,Hawaii County                 ,75,75,50846159,5,10,13219000,0,0,0,0,0,0,75,75,50846159,5,10,13219000,0,0,0,0,0,0
201608,15,003,4,9,Honolulu County               ,98,98,36376506,0,0,0,0,0,0,0,0,0,98,98,36376506,0,0,0,0,0,0,0,0,0
201608,15,007,4,9,Kauai County                  ,22,22,13720602,0,0,0,0,0,0,0,0,0,0,0,0,0,0,0,0,0,0,0,0,0
201608,15,009,4,9,Maui County                   ,30,30,8631402,2,4,843375,0,0,0,0,0,0,30,30,8631402,2,4,843375,0,0,0,0,0,0
201608,16,001,4,8,Ada County                    ,389,389,96623544,3,6,946540,4,16,1610047,8,194,21136196,347,347,87529559,3,6,946540,4,16,1610047,8,194,21136196
201608,16,015,4,8,Boise County                  ,10,10,2268811,0,0,0,0,0,0,0,0,0,10,10,2268811,0,0,0,0,0,0,0,0,0
201608,16,027,4,8,Canyon County                 ,137,137,21878283,0,0,0,0,0,0,0,0,0,91,91,13975345,0,0,0,0,0,0,0,0,0
201608,16,045,4,8,Gem County                    ,9,9,1236434,0,0,0,0,0,0,0,0,0,8,8,1131100,0,0,0,0,0,0,0,0,0
201608,16,073,4,8,Owyhee County                 ,3,3,451443,0,0,0,0,0,0,0,0,0,3,3,451443,0,0,0,0,0,0,0,0,0
201608,17,005,2,3,Bond County                   ,2,2,237875,0,0,0,0,0,0,0,0,0,0,0,0,0,0,0,0,0,0,0,0,0
201608,17,013,2,3,Calhoun County                ,1,1,112490,0,0,0,0,0,0,0,0,0,0,0,0,0,0,0,0,0,0,0,0,0
201608,17,031,2,3,Cook County                   ,166,166,61449939,4,8,2580000,11,35,6935200,19,510,91981080,133,133,51302173,4,8,2580000,11,35,6935200,16,455,85668860
201608,17,037,2,3,DeKalb County                 ,3,3,713000,0,0,0,0,0,0,0,0,0,3,3,713000,0,0,0,0,0,0,0,0,0
201608,17,039,2,3,De Witt County                ,1,1,250000,0,0,0,0,0,0,0,0,0,1,1,250000,0,0,0,0,0,0,0,0,0
201608,17,043,2,3,DuPage County                 ,114,114,40591409,1,2,350000,0,0,0,3,18,2881294,98,98,35533117,1,2,350000,0,0,0,3,18,2881294
201608,17,063,2,3,Grundy County                 ,12,12,2566483,0,0,0,0,0,0,2,13,666666,10,10,2245385,0,0,0,0,0,0,0,0,0
201608,17,083,2,3,Jersey County                 ,4,4,577609,0,0,0,0,0,0,0,0,0,3,3,422000,0,0,0,0,0,0,0,0,0
201608,17,093,2,3,Kendall County                ,30,30,5371347,0,0,0,1,3,300000,0,0,0,30,30,5371347,0,0,0,0,0,0,0,0,0
201608,17,097,2,3,Lake County                   ,65,65,20479926,1,2,236880,0,0,0,0,0,0,43,43,10513701,0,0,0,0,0,0,0,0,0
201608,17,111,2,3,McHenry County                ,33,33,16806917,0,0,0,2,8,640000,5,84,12000000,28,28,16173539,0,0,0,2,8,640000,5,84,12000000
201608,17,119,2,3,Madison County                ,43,43,13407780,0,0,0,0,0,0,0,0,0,43,43,13407780,0,0,0,0,0,0,0,0,0
201608,17,133,2,3,Monroe County                 ,10,10,2033627,0,0,0,0,0,0,0,0,0,10,10,2033627,0,0,0,0,0,0,0,0,0
201608,17,197,2,3,Will County                   ,118,118,29080469,1,2,212000,0,0,0,0,0,0,106,106,26864918,1,2,212000,0,0,0,0,0,0
201608,18,003,2,3,Allen County                  ,138,138,33876659,5,10,739579,0,0,0,0,0,0,138,138,33876659,5,10,739579,0,0,0,0,0,0
201608,18,011,2,3,Boone County                  ,32,32,13327850,0,0,0,0,0,0,1,5,318452,30,30,13073994,0,0,0,0,0,0,0,0,0
201608,18,013,2,3,Brown County                  ,8,8,2033083,0,0,0,0,0,0,0,0,0,8,8,2033083,0,0,0,0,0,0,0,0,0
201608,18,019,2,3,Clark County                  ,52,52,8299858,0,0,0,0,0,0,0,0,0,48,48,7742715,0,0,0,0,0,0,0,0,0
201608,18,047,2,3,Franklin County               ,5,5,956884,0,0,0,0,0,0,0,0,0,0,0,0,0,0,0,0,0,0,0,0,0
201608,18,057,2,3,Hamilton County               ,173,173,54801301,4,8,1207596,4,14,1608100,0,0,0,171,171,54233158,4,8,1207596,4,14,1608100,0,0,0
201608,18,059,2,3,Hancock County                ,33,33,6909286,0,0,0,0,0,0,0,0,0,27,27,5933078,0,0,0,0,0,0,0,0,0
201608,18,061,2,3,Harrison County               ,16,16,3576000,0,0,0,0,0,0,0,0,0,16,16,3576000,0,0,0,0,0,0,0,0,0
201608,18,063,2,3,Hendricks County              ,102,102,24048009,0,0,0,0,0,0,0,0,0,76,76,19482653,0,0,0,0,0,0,0,0,0
201608,18,069,2,3,Huntington County             ,13,13,2373238,0,0,0,0,0,0,0,0,0,13,13,2373238,0,0,0,0,0,0,0,0,0
201608,18,073,2,3,Jasper County                 ,5,5,1176542,0,0,0,0,0,0,0,0,0,5,5,1176542,0,0,0,0,0,0,0,0,0
201608,18,081,2,3,Johnson County                ,75,75,16921871,1,2,300000,0,0,0,0,0,0,72,72,16575164,1,2,300000,0,0,0,0,0,0
201608,18,087,2,3,Lagrange County               ,19,19,2332149,0,0,0,0,0,0,0,0,0,0,0,0,0,0,0,0,0,0,0,0,0
201608,18,089,2,3,Lake County                   ,96,96,23413011,2,4,742107,2,7,819749,1,8,1174000,89,89,21174608,1,2,625000,0,0,0,1,8,1174000
201608,18,097,2,3,Marion County                 ,73,73,18135116,10,20,2610000,0,0,0,10,220,15477210,73,73,18135116,10,20,2610000,0,0,0,10,220,15477210
201608,18,105,2,3,Monroe County                 ,15,15,3812031,3,6,695441,0,0,0,0,0,0,15,15,3812031,3,6,695441,0,0,0,0,0,0
201608,18,109,2,3,Morgan County                 ,16,16,3522265,0,0,0,0,0,0,0,0,0,16,16,3522265,0,0,0,0,0,0,0,0,0
201608,18,111,2,3,Newton County                 ,1,1,233800,0,0,0,0,0,0,0,0,0,1,1,233800,0,0,0,0,0,0,0,0,0
201608,18,115,2,3,Ohio County                   ,3,3,470000,0,0,0,0,0,0,0,0,0,3,3,470000,0,0,0,0,0,0,0,0,0
201608,18,119,2,3,Owen County                   ,2,2,253942,0,0,0,0,0,0,0,0,0,0,0,0,0,0,0,0,0,0,0,0,0
201608,18,127,2,3,Porter County                 ,35,35,11495504,2,4,345000,0,0,0,0,0,0,15,15,5884084,2,4,345000,0,0,0,0,0,0
201608,18,133,2,3,Putnam County                 ,8,8,1967948,0,0,0,0,0,0,0,0,0,8,8,1967948,0,0,0,0,0,0,0,0,0
201608,18,145,2,3,Shelby County                 ,5,5,1301223,0,0,0,0,0,0,0,0,0,5,5,1301223,0,0,0,0,0,0,0,0,0
201608,18,151,2,3,Steuben County                ,12,12,3024611,1,2,150000,0,0,0,0,0,0,12,12,3024611,1,2,150000,0,0,0,0,0,0
201608,18,157,2,3,Tippecanoe County             ,40,40,8862138,2,4,720000,0,0,0,0,0,0,0,0,0,0,0,0,0,0,0,0,0,0
201608,18,163,2,3,Vanderburgh County            ,27,27,4207000,1,2,210000,0,0,0,1,6,240000,27,27,4207000,1,2,210000,0,0,0,1,6,240000
201608,18,167,2,3,Vigo County                   ,2,2,315000,1,2,164143,1,4,212250,1,5,552500,0,0,0,0,0,0,0,0,0,0,0,0
201608,18,175,2,3,Washington County             ,2,2,150000,0,0,0,0,0,0,0,0,0,2,2,150000,0,0,0,0,0,0,0,0,0
201608,18,183,2,3,Whitley County                ,14,14,3041000,0,0,0,0,0,0,0,0,0,14,14,3041000,0,0,0,0,0,0,0,0,0
201608,19,049,2,4,Dallas County                 ,57,57,16533248,0,0,0,0,0,0,1,6,292750,56,56,16263320,0,0,0,0,0,0,1,6,292750
201608,19,085,2,4,Harrison County               ,2,2,508271,0,0,0,1,3,500000,0,0,0,2,2,508271,0,0,0,0,0,0,0,0,0
201608,19,129,2,4,Mills County                  ,1,1,400000,0,0,0,0,0,0,0,0,0,1,1,400000,0,0,0,0,0,0,0,0,0
201608,19,153,2,4,Polk County                   ,229,229,57490059,0,0,0,0,0,0,10,630,86716771,227,227,57050661,0,0,0,0,0,0,10,630,86716771
201608,19,181,2,4,Warren County                 ,27,27,6322147,0,0,0,0,0,0,0,0,0,25,25,5814966,0,0,0,0,0,0,0,0,0
201608,20,091,2,4,Johnson County                ,147,147,50250573,0,0,0,2,6,884431,4,332,39236420,70,70,22879982,0,0,0,0,0,0,3,315,37358561
201608,20,103,2,4,Leavenworth County            ,13,13,3104192,0,0,0,0,0,0,0,0,0,13,13,3104192,0,0,0,0,0,0,0,0,0
201608,20,107,2,4,Linn County                   ,4,4,474375,0,0,0,0,0,0,0,0,0,2,2,200000,0,0,0,0,0,0,0,0,0
201608,20,121,2,4,Miami County                  ,17,17,3198355,0,0,0,0,0,0,0,0,0,13,13,2009735,0,0,0,0,0,0,0,0,0
201608,20,209,2,4,Wyandotte County              ,17,17,3435923,0,0,0,0,0,0,0,0,0,17,17,3435923,0,0,0,0,0,0,0,0,0
201608,21,005,3,6,Anderson County               ,11,11,2474627,0,0,0,0,0,0,0,0,0,11,11,2474627,0,0,0,0,0,0,0,0,0
201608,21,015,3,6,Boone County                  ,28,28,4489137,0,0,0,0,0,0,0,0,0,28,28,4489137,0,0,0,0,0,0,0,0,0
201608,21,017,3,6,Bourbon County                ,3,3,1012000,0,0,0,0,0,0,0,0,0,3,3,1012000,0,0,0,0,0,0,0,0,0
201608,21,021,3,6,Boyle County                  ,2,2,1235000,0,0,0,0,0,0,0,0,0,2,2,1235000,0,0,0,0,0,0,0,0,0
201608,21,029,3,6,Bullitt County                ,33,33,6839628,0,0,0,0,0,0,0,0,0,0,0,0,0,0,0,0,0,0,0,0,0
201608,21,035,3,6,Calloway County               ,3,3,809910,0,0,0,3,10,434000,0,0,0,3,3,809910,0,0,0,3,10,434000,0,0,0
201608,21,037,3,6,Campbell County               ,7,7,1741752,0,0,0,1,4,360000,3,38,2988605,7,7,1741752,0,0,0,1,4,360000,3,38,2988605
201608,21,045,3,6,Casey County                  ,0,0,0,0,0,0,0,0,0,0,0,0,0,0,0,0,0,0,0,0,0,0,0,0
201608,21,047,3,6,Christian County              ,6,6,717400,0,0,0,0,0,0,0,0,0,4,4,575000,0,0,0,0,0,0,0,0,0
201608,21,049,3,6,Clark County                  ,3,3,534559,1,2,400000,0,0,0,0,0,0,0,0,0,0,0,0,0,0,0,0,0,0
201608,21,067,3,6,Fayette County                ,63,63,9553293,0,0,0,0,0,0,2,51,2920593,0,0,0,0,0,0,0,0,0,0,0,0
201608,21,069,3,6,Fleming County                ,0,0,0,0,0,0,0,0,0,0,0,0,0,0,0,0,0,0,0,0,0,0,0,0
201608,21,077,3,6,Gallatin County               ,1,1,202000,0,0,0,0,0,0,0,0,0,1,1,202000,0,0,0,0,0,0,0,0,0
201608,21,081,3,6,Grant County                  ,3,3,666445,0,0,0,0,0,0,0,0,0,0,0,0,0,0,0,0,0,0,0,0,0
201608,21,091,3,6,Hancock County                ,0,0,0,0,0,0,0,0,0,0,0,0,0,0,0,0,0,0,0,0,0,0,0,0
201608,21,099,3,6,Hart County                   ,5,5,486250,0,0,0,0,0,0,1,5,567738,0,0,0,0,0,0,0,0,0,0,0,0
201608,21,101,3,6,Henderson County              ,6,6,1138350,0,0,0,0,0,0,0,0,0,6,6,1138350,0,0,0,0,0,0,0,0,0
201608,21,103,3,6,Henry County                  ,4,4,579000,0,0,0,0,0,0,0,0,0,4,4,579000,0,0,0,0,0,0,0,0,0
201608,21,111,3,6,Jefferson County              ,97,97,20371476,1,2,209173,4,16,772725,4,79,6444990,4,4,635000,0,0,0,2,8,550000,0,0,0
201608,21,113,3,6,Jessamine County              ,18,18,3316600,0,0,0,0,0,0,0,0,0,18,18,3316600,0,0,0,0,0,0,0,0,0
201608,21,115,3,6,Johnson County                ,0,0,0,0,0,0,0,0,0,0,0,0,0,0,0,0,0,0,0,0,0,0,0,0
201608,21,117,3,6,Kenton County                 ,14,14,3104897,0,0,0,0,0,0,0,0,0,14,14,3104897,0,0,0,0,0,0,0,0,0
201608,21,121,3,6,Knox County                   ,0,0,0,0,0,0,0,0,0,0,0,0,0,0,0,0,0,0,0,0,0,0,0,0
201608,21,123,3,6,Larue County                  ,1,1,227857,0,0,0,0,0,0,0,0,0,1,1,227857,0,0,0,0,0,0,0,0,0
201608,21,137,3,6,Lincoln County                ,4,4,816780,0,0,0,0,0,0,0,0,0,4,4,816780,0,0,0,0,0,0,0,0,0
201608,21,145,3,6,McCracken County              ,32,32,4470788,0,0,0,0,0,0,0,0,0,32,32,4470788,0,0,0,0,0,0,0,0,0
201608,21,151,3,6,Madison County                ,20,20,2240782,1,2,112996,1,3,225000,4,37,1378572,8,8,1202000,0,0,0,1,3,225000,3,32,1210000
201608,21,157,3,6,Marshall County               ,11,11,2260000,0,0,0,4,12,960000,0,0,0,11,11,2260000,0,0,0,4,12,960000,0,0,0
201608,21,161,3,6,Mason County                  ,4,4,751000,0,0,0,0,0,0,0,0,0,4,4,751000,0,0,0,0,0,0,0,0,0
201608,21,163,3,6,Meade County                  ,7,7,910000,0,0,0,0,0,0,0,0,0,7,7,910000,0,0,0,0,0,0,0,0,0
201608,21,167,3,6,Mercer County                 ,5,5,700874,1,2,137500,0,0,0,0,0,0,0,0,0,0,0,0,0,0,0,0,0,0
201608,21,175,3,6,Morgan County                 ,2,2,150000,0,0,0,0,0,0,0,0,0,0,0,0,0,0,0,0,0,0,0,0,0
201608,21,179,3,6,Nelson County                 ,17,17,2555000,0,0,0,0,0,0,0,0,0,17,17,2555000,0,0,0,0,0,0,0,0,0
201608,21,185,3,6,Oldham County                 ,30,30,8013343,0,0,0,0,0,0,0,0,0,0,0,0,0,0,0,0,0,0,0,0,0
201608,21,191,3,6,Pendleton County              ,0,0,0,0,0,0,0,0,0,0,0,0,0,0,0,0,0,0,0,0,0,0,0,0
201608,21,209,3,6,Scott County                  ,62,62,7620908,0,0,0,0,0,0,4,120,7000000,62,62,7620908,0,0,0,0,0,0,4,120,7000000
201608,21,211,3,6,Shelby County                 ,13,13,3400830,0,0,0,0,0,0,0,0,0,13,13,3400830,0,0,0,0,0,0,0,0,0
201608,21,213,3,6,Simpson County                ,3,3,457210,2,4,284000,0,0,0,0,0,0,0,0,0,0,0,0,0,0,0,0,0,0
201608,21,215,3,6,Spencer County                ,18,18,4101422,0,0,0,0,0,0,0,0,0,18,18,4101422,0,0,0,0,0,0,0,0,0
201608,21,221,3,6,Trigg County                  ,2,2,455714,0,0,0,0,0,0,0,0,0,2,2,455714,0,0,0,0,0,0,0,0,0
201608,21,225,3,6,Union County                  ,0,0,0,0,0,0,0,0,0,0,0,0,0,0,0,0,0,0,0,0,0,0,0,0
201608,21,239,3,6,Woodford County               ,6,6,2070000,0,0,0,0,0,0,0,0,0,6,6,2070000,0,0,0,0,0,0,0,0,0
201608,22,005,3,7,Ascension Parish              ,85,85,13658315,0,0,0,0,0,0,0,0,0,0,0,0,0,0,0,0,0,0,0,0,0
201608,22,015,3,7,Bossier Parish                ,65,65,10727419,0,0,0,0,0,0,0,0,0,35,35,5374888,0,0,0,0,0,0,0,0,0
201608,22,017,3,7,Caddo Parish                  ,29,29,6374533,0,0,0,0,0,0,1,7,534625,25,25,5567600,0,0,0,0,0,0,0,0,0
201608,22,031,3,7,De Soto Parish                ,8,8,1936624,0,0,0,0,0,0,0,0,0,2,2,600000,0,0,0,0,0,0,0,0,0
201608,22,033,3,7,East Baton Rouge Parish       ,144,144,34558624,0,0,0,0,0,0,0,0,0,14,14,2605055,0,0,0,0,0,0,0,0,0
201608,22,037,3,7,East Feliciana Parish         ,3,3,612585,0,0,0,0,0,0,0,0,0,3,3,612585,0,0,0,0,0,0,0,0,0
201608,22,047,3,7,Iberville Parish              ,8,8,2502000,0,0,0,0,0,0,0,0,0,8,8,2502000,0,0,0,0,0,0,0,0,0
201608,22,051,3,7,Jefferson Parish              ,42,42,9020929,1,2,152981,0,0,0,7,128,12875494,37,37,7707587,0,0,0,0,0,0,7,128,12875494
201608,22,055,3,7,Lafayette Parish              ,158,158,33627751,0,0,0,0,0,0,1,31,2264070,18,18,4761158,0,0,0,0,0,0,0,0,0
201608,22,063,3,7,Livingston Parish             ,74,74,15763415,0,0,0,0,0,0,0,0,0,0,0,0,0,0,0,0,0,0,0,0,0
201608,22,071,3,7,Orleans Parish                ,25,25,5778714,2,4,310680,3,9,1177198,1,89,39065158,25,25,5778714,2,4,310680,3,9,1177198,1,89,39065158
201608,22,075,3,7,Plaquemines Parish            ,5,5,1462357,0,0,0,0,0,0,0,0,0,0,0,0,0,0,0,0,0,0,0,0,0
201608,22,077,3,7,Pointe Coupee Parish          ,1,1,273388,0,0,0,0,0,0,0,0,0,1,1,273388,0,0,0,0,0,0,0,0,0
201608,22,087,3,7,St. Bernard Parish            ,7,7,1107000,0,0,0,0,0,0,0,0,0,7,7,1107000,0,0,0,0,0,0,0,0,0
201608,22,089,3,7,St. Charles Parish            ,4,4,911594,0,0,0,0,0,0,0,0,0,4,4,911594,0,0,0,0,0,0,0,0,0
201608,22,091,3,7,St. Helena Parish             ,0,0,0,0,0,0,0,0,0,0,0,0,0,0,0,0,0,0,0,0,0,0,0,0
201608,22,095,3,7,St. John the Baptist Parish   ,3,3,478449,0,0,0,0,0,0,0,0,0,0,0,0,0,0,0,0,0,0,0,0,0
201608,22,099,3,7,St. Martin Parish             ,20,20,3572384,0,0,0,0,0,0,0,0,0,19,19,3387384,0,0,0,0,0,0,0,0,0
201608,22,103,3,7,St. Tammany Parish            ,143,143,29946185,0,0,0,0,0,0,0,0,0,140,140,28763728,0,0,0,0,0,0,0,0,0
201608,22,109,3,7,Terrebonne Parish             ,10,10,1908970,0,0,0,0,0,0,0,0,0,10,10,1908970,0,0,0,0,0,0,0,0,0
201608,22,121,3,7,West Baton Rouge Parish       ,15,15,2578653,0,0,0,0,0,0,0,0,0,7,7,1289385,0,0,0,0,0,0,0,0,0
201608,22,125,3,7,West Feliciana Parish         ,6,6,1593016,0,0,0,0,0,0,0,0,0,0,0,0,0,0,0,0,0,0,0,0,0
201608,23,000,1,1,Maine Unorganized Territory   ,7,7,929602,0,0,0,0,0,0,0,0,0,0,0,0,0,0,0,0,0,0,0,0,0
201608,24,003,3,5,Anne Arundel County           ,142,142,32076087,0,0,0,0,0,0,0,0,0,137,137,31216381,0,0,0,0,0,0,0,0,0
201608,24,005,3,5,Baltimore County              ,67,67,15266405,0,0,0,0,0,0,0,0,0,67,67,15266405,0,0,0,0,0,0,0,0,0
201608,24,009,3,5,Calvert County                ,28,28,6379990,0,0,0,0,0,0,0,0,0,28,28,6379990,0,0,0,0,0,0,0,0,0
201608,24,013,3,5,Carroll County                ,24,24,5468563,0,0,0,0,0,0,0,0,0,24,24,5468563,0,0,0,0,0,0,0,0,0
201608,24,015,3,5,Cecil County                  ,9,9,1584500,0,0,0,0,0,0,0,0,0,9,9,1584500,0,0,0,0,0,0,0,0,0
201608,24,017,3,5,Charles County                ,63,63,14585000,0,0,0,0,0,0,0,0,0,63,63,14585000,0,0,0,0,0,0,0,0,0
201608,24,021,3,5,Frederick County              ,113,113,27608592,0,0,0,0,0,0,2,58,6868617,113,113,27608592,0,0,0,0,0,0,2,58,6868617
201608,24,023,3,5,Garrett County                ,6,6,1334000,0,0,0,0,0,0,0,0,0,6,6,1334000,0,0,0,0,0,0,0,0,0
201608,24,025,3,5,Harford County                ,54,54,11651856,0,0,0,0,0,0,0,0,0,53,53,11536856,0,0,0,0,0,0,0,0,0
201608,24,027,3,5,Howard County                 ,77,77,17544973,0,0,0,0,0,0,0,0,0,77,77,17544973,0,0,0,0,0,0,0,0,0
201608,24,031,3,5,Montgomery County             ,103,103,23639393,3,6,717000,0,0,0,0,0,0,103,103,23639393,3,6,717000,0,0,0,0,0,0
201608,24,033,3,5,Prince George County          ,138,138,31444238,0,0,0,0,0,0,0,0,0,138,138,31444238,0,0,0,0,0,0,0,0,0
201608,24,035,3,5,Queen Anne County             ,14,14,3228500,1,2,165000,0,0,0,0,0,0,13,13,3028500,0,0,0,0,0,0,0,0,0
201608,24,037,3,5,St. Mary's County             ,63,63,13834000,0,0,0,0,0,0,0,0,0,63,63,13834000,0,0,0,0,0,0,0,0,0
201608,24,037,3,5,St. Marys County              ,63,63,13834000,0,0,0,0,0,0,0,0,0,63,63,13834000,0,0,0,0,0,0,0,0,0
201608,24,039,3,5,Somerset County               ,3,3,631061,0,0,0,0,0,0,1,11,1358867,0,0,0,0,0,0,0,0,0,0,0,0
201608,24,045,3,5,Wicomico County               ,9,9,1613435,2,4,663480,1,3,552720,0,0,0,8,8,1491420,2,4,663480,1,3,552720,0,0,0
201608,24,510,3,5,Baltimore (Independent City)  ,21,21,2973130,0,0,0,0,0,0,1,82,13404139,0,0,0,0,0,0,0,0,0,0,0,0
201608,25,005,1,1,Bristol County                ,83,83,16931989,0,0,0,0,0,0,0,0,0,67,67,13970562,0,0,0,0,0,0,0,0,0
201608,25,009,1,1,Essex County                  ,68,68,21629899,5,10,1458289,0,0,0,1,7,914429,31,31,9612361,2,4,525000,0,0,0,0,0,0
201608,25,017,1,1,Middlesex County              ,145,145,46497829,10,20,3578627,0,0,0,5,61,11203321,85,85,27499593,6,12,2321930,0,0,0,1,7,1256800
201608,25,021,1,1,Norfolk County                ,61,61,25497675,0,0,0,0,0,0,2,19,1667352,49,49,22591209,0,0,0,0,0,0,0,0,0
201608,25,023,1,1,Plymouth County               ,99,99,23419135,1,2,190000,1,4,393924,2,11,1240094,72,72,16781063,1,2,190000,0,0,0,0,0,0
201608,25,025,1,1,Suffolk County                ,2,2,523511,8,16,2874500,1,3,400000,6,90,30827726,2,2,523511,8,16,2874500,1,3,400000,4,75,28479000
201608,26,000,2,3,Michigan Balance of State     ,9,9,1720335,0,0,0,0,0,0,0,0,0,0,0,0,0,0,0,0,0,0,0,0,0
201608,26,019,2,3,Benzie County                 ,7,7,1751733,0,0,0,0,0,0,0,0,0,7,7,1751733,0,0,0,0,0,0,0,0,0
201608,26,029,2,3,Charlevoix County             ,3,3,853390,1,2,659319,0,0,0,0,0,0,0,0,0,0,0,0,0,0,0,0,0,0
201608,26,089,2,3,Leelanau County               ,17,17,4002077,0,0,0,0,0,0,0,0,0,0,0,0,0,0,0,0,0,0,0,0,0
201608,26,093,2,3,Livingston County             ,69,69,19882102,0,0,0,0,0,0,0,0,0,67,67,19677959,0,0,0,0,0,0,0,0,0
201608,26,095,2,3,Luce County                   ,0,0,0,0,0,0,0,0,0,0,0,0,0,0,0,0,0,0,0,0,0,0,0,0
201608,26,099,2,3,Macomb County                 ,136,136,33102902,4,8,1969280,2,8,520000,0,0,0,134,134,32569302,4,8,1969280,2,8,520000,0,0,0
201608,26,103,2,3,Marquette County              ,21,21,4059600,0,0,0,0,0,0,0,0,0,21,21,4059600,0,0,0,0,0,0,0,0,0
201608,26,137,2,3,Otsego County                 ,2,2,162000,0,0,0,0,0,0,0,0,0,0,0,0,0,0,0,0,0,0,0,0,0
201608,26,147,2,3,St. Clair County              ,20,20,3844212,0,0,0,0,0,0,0,0,0,17,17,3216778,0,0,0,0,0,0,0,0,0
201608,26,163,2,3,Wayne County                  ,125,125,36495951,0,0,0,1,4,540416,5,46,4871208,118,118,34975900,0,0,0,1,4,540416,5,46,4871208
201608,27,003,2,4,Anoka County                  ,96,96,25658647,0,0,0,0,0,0,0,0,0,83,83,21995730,0,0,0,0,0,0,0,0,0
201608,27,019,2,4,Carver County                 ,65,65,19883174,0,0,0,0,0,0,0,0,0,54,54,15987084,0,0,0,0,0,0,0,0,0
201608,27,025,2,4,Chisago County                ,13,13,2131474,0,0,0,0,0,0,0,0,0,10,10,1731451,0,0,0,0,0,0,0,0,0
201608,27,027,2,4,Clay County                   ,29,29,6002100,0,0,0,0,0,0,1,48,4050000,29,29,6002100,0,0,0,0,0,0,1,48,4050000
201608,27,037,2,4,Dakota County                 ,94,94,28234539,0,0,0,0,0,0,1,70,9255983,87,87,25818111,0,0,0,0,0,0,1,70,9255983
201608,27,053,2,4,Hennepin County               ,158,158,65135536,0,0,0,1,3,460849,3,153,23604370,127,127,52792411,0,0,0,1,3,460849,2,110,15244000
201608,27,059,2,4,Isanti County                 ,16,16,2444216,1,2,279007,0,0,0,0,0,0,16,16,2444216,1,2,279007,0,0,0,0,0,0
201608,27,123,2,4,Ramsey County                 ,30,30,8461666,1,2,300000,0,0,0,7,503,57403126,30,30,8461666,1,2,300000,0,0,0,7,503,57403126
201608,27,139,2,4,Scott County                  ,59,59,18441513,0,0,0,0,0,0,0,0,0,49,49,14981219,0,0,0,0,0,0,0,0,0
201608,27,141,2,4,Sherburne County              ,35,35,7764125,0,0,0,0,0,0,0,0,0,35,35,7764125,0,0,0,0,0,0,0,0,0
201608,27,163,2,4,Washington County             ,76,76,28008687,0,0,0,2,7,1197000,0,0,0,65,65,23095713,0,0,0,2,7,1197000,0,0,0
201608,27,171,2,4,Wright County                 ,69,69,17230926,0,0,0,0,0,0,0,0,0,64,64,16204892,0,0,0,0,0,0,0,0,0
201608,28,033,3,6,DeSoto County                 ,117,117,17153048,0,0,0,0,0,0,0,0,0,88,88,10608670,0,0,0,0,0,0,0,0,0
201608,28,041,3,6,Greene County                 ,0,0,0,0,0,0,0,0,0,0,0,0,0,0,0,0,0,0,0,0,0,0,0,0
201608,28,045,3,6,Hancock County                ,15,15,2941222,0,0,0,0,0,0,0,0,0,15,15,2941222,0,0,0,0,0,0,0,0,0
201608,28,047,3,6,Harrison County               ,66,66,11020572,0,0,0,0,0,0,0,0,0,55,55,9770961,0,0,0,0,0,0,0,0,0
201608,28,067,3,6,Jones County                  ,3,3,429571,0,0,0,0,0,0,0,0,0,0,0,0,0,0,0,0,0,0,0,0,0
201608,28,137,3,6,Tate County                   ,7,7,1170000,0,0,0,0,0,0,1,8,801000,7,7,1170000,0,0,0,0,0,0,1,8,801000
201608,28,143,3,6,Tunica County                 ,2,2,160640,0,0,0,0,0,0,0,0,0,0,0,0,0,0,0,0,0,0,0,0,0
201608,28,145,3,6,Union County                  ,2,2,160000,0,0,0,0,0,0,0,0,0,2,2,160000,0,0,0,0,0,0,0,0,0
201608,28,149,3,6,Warren County                 ,0,0,0,0,0,0,0,0,0,0,0,0,0,0,0,0,0,0,0,0,0,0,0,0
201608,29,013,2,4,Bates County                  ,0,0,0,0,0,0,0,0,0,0,0,0,0,0,0,0,0,0,0,0,0,0,0,0
201608,29,019,2,4,Boone County                  ,66,66,15044817,0,0,0,0,0,0,3,52,7696412,66,66,15044817,0,0,0,0,0,0,3,52,7696412
201608,29,049,2,4,Clinton County                ,2,2,540210,0,0,0,0,0,0,0,0,0,0,0,0,0,0,0,0,0,0,0,0,0
201608,29,065,2,4,Dent County                   ,0,0,0,0,0,0,0,0,0,0,0,0,0,0,0,0,0,0,0,0,0,0,0,0
201608,29,071,2,4,Franklin County               ,31,31,6882641,0,0,0,1,4,397000,0,0,0,31,31,6882641,0,0,0,1,4,397000,0,0,0
201608,29,095,2,4,Jackson County                ,171,171,36366412,6,12,1115000,7,27,2705747,1,5,792644,171,171,36366412,6,12,1115000,7,27,2705747,1,5,792644
201608,29,099,2,4,Jefferson County              ,59,59,9236683,0,0,0,0,0,0,0,0,0,52,52,8099783,0,0,0,0,0,0,0,0,0
201608,29,105,2,4,Laclede County                ,3,3,496117,0,0,0,0,0,0,0,0,0,0,0,0,0,0,0,0,0,0,0,0,0
201608,29,107,2,4,Lafayette County              ,3,3,1259802,0,0,0,0,0,0,0,0,0,1,1,800000,0,0,0,0,0,0,0,0,0
201608,29,113,2,4,Lincoln County                ,9,9,1332552,0,0,0,0,0,0,0,0,0,7,7,843940,0,0,0,0,0,0,0,0,0
201608,29,165,2,4,Platte County                 ,23,23,6266257,0,0,0,0,0,0,1,12,788889,23,23,6266257,0,0,0,0,0,0,0,0,0
201608,29,185,2,4,St. Clair County              ,0,0,0,0,0,0,0,0,0,0,0,0,0,0,0,0,0,0,0,0,0,0,0,0
201608,29,189,2,4,St. Louis County              ,95,95,39692854,0,0,0,0,0,0,4,89,9715269,20,20,5967185,0,0,0,0,0,0,0,0,0
201608,29,219,2,4,Warren County                 ,18,18,4431899,0,0,0,0,0,0,0,0,0,18,18,4431899,0,0,0,0,0,0,0,0,0
201608,29,221,2,4,Washington County             ,0,0,0,0,0,0,0,0,0,0,0,0,0,0,0,0,0,0,0,0,0,0,0,0
201608,29,510,2,4,St. Louis (Independent City)  ,15,15,2749800,0,0,0,0,0,0,1,157,22000000,15,15,2749800,0,0,0,0,0,0,1,157,22000000
201608,30,033,4,8,Garfield County               ,0,0,0,0,0,0,0,0,0,0,0,0,0,0,0,0,0,0,0,0,0,0,0,0
201608,30,063,4,8,Missoula County               ,48,48,8117548,1,2,137576,0,0,0,3,95,5660651,48,48,8117548,1,2,137576,0,0,0,3,95,5660651
201608,30,093,4,8,Silver Bow County             ,3,3,255587,0,0,0,0,0,0,0,0,0,3,3,255587,0,0,0,0,0,0,0,0,0
201608,31,001,2,4,Adams County                  ,9,9,2185847,0,0,0,0,0,0,0,0,0,9,9,2185847,0,0,0,0,0,0,0,0,0
201608,31,025,2,4,Cass County                   ,7,7,1335044,0,0,0,0,0,0,0,0,0,7,7,1335044,0,0,0,0,0,0,0,0,0
201608,31,033,2,4,Cheyenne County               ,0,0,0,0,0,0,0,0,0,0,0,0,0,0,0,0,0,0,0,0,0,0,0,0
201608,31,055,2,4,Douglas County                ,171,171,27512612,18,36,3320640,0,0,0,0,0,0,160,160,24901882,18,36,3320640,0,0,0,0,0,0
201608,31,105,2,4,Kimball County                ,0,0,0,0,0,0,0,0,0,0,0,0,0,0,0,0,0,0,0,0,0,0,0,0
201608,31,153,2,4,Sarpy County                  ,76,76,20145380,0,0,0,0,0,0,0,0,0,76,76,20145380,0,0,0,0,0,0,0,0,0
201608,31,165,2,4,Sioux County                  ,0,0,0,0,0,0,0,0,0,0,0,0,0,0,0,0,0,0,0,0,0,0,0,0
201608,31,177,2,4,Washington County             ,5,5,1358156,0,0,0,0,0,0,0,0,0,5,5,1358156,0,0,0,0,0,0,0,0,0
201608,32,001,4,8,Churchill County              ,3,3,478482,0,0,0,0,0,0,0,0,0,3,3,478482,0,0,0,0,0,0,0,0,0
201608,32,003,4,8,Clark County                  ,705,705,137358482,0,0,0,0,0,0,0,0,0,705,705,137358482,0,0,0,0,0,0,0,0,0
201608,32,005,4,8,Douglas County                ,16,16,5918843,0,0,0,0,0,0,0,0,0,16,16,5918843,0,0,0,0,0,0,0,0,0
201608,32,007,4,8,Elko County                   ,19,19,2540912,0,0,0,0,0,0,0,0,0,19,19,2540912,0,0,0,0,0,0,0,0,0
201608,32,013,4,8,Humboldt County               ,1,1,155377,0,0,0,0,0,0,0,0,0,1,1,155377,0,0,0,0,0,0,0,0,0
201608,32,015,4,8,Lander County                 ,0,0,0,0,0,0,0,0,0,0,0,0,0,0,0,0,0,0,0,0,0,0,0,0
201608,32,017,4,8,Lincoln County                ,1,1,263414,0,0,0,0,0,0,0,0,0,0,0,0,0,0,0,0,0,0,0,0,0
201608,32,019,4,8,Lyon County                   ,11,11,2511949,0,0,0,0,0,0,0,0,0,11,11,2511949,0,0,0,0,0,0,0,0,0
201608,32,021,4,8,Mineral County                ,0,0,0,0,0,0,0,0,0,0,0,0,0,0,0,0,0,0,0,0,0,0,0,0
201608,32,027,4,8,Pershing County               ,0,0,0,0,0,0,0,0,0,0,0,0,0,0,0,0,0,0,0,0,0,0,0,0
201608,32,029,4,8,Storey County                 ,2,2,120000,0,0,0,0,0,0,0,0,0,2,2,120000,0,0,0,0,0,0,0,0,0
201608,32,031,4,8,Washoe County                 ,134,134,35682408,11,22,3254474,0,0,0,25,208,20737695,134,134,35682408,11,22,3254474,0,0,0,25,208,20737695
201608,32,033,4,8,White Pine County             ,0,0,0,0,0,0,0,0,0,0,0,0,0,0,0,0,0,0,0,0,0,0,0,0
201608,32,510,4,8,Carson City (Independent City),1,1,340060,0,0,0,0,0,0,8,64,6908745,1,1,340060,0,0,0,0,0,0,8,64,6908745
201608,33,015,1,1,Rockingham County             ,79,79,18112048,5,10,1015000,1,3,409000,1,5,530044,51,51,12465886,5,10,1015000,1,3,409000,0,0,0
201608,33,017,1,1,Strafford County              ,31,31,7393197,0,0,0,3,11,467420,0,0,0,29,29,6962044,0,0,0,2,8,144000,0,0,0
201608,34,001,1,2,Atlantic County               ,26,26,3856154,0,0,0,0,0,0,1,13,1941458,19,19,3280655,0,0,0,0,0,0,0,0,0
201608,34,003,1,2,Bergen County                 ,108,108,42038929,9,18,4212077,0,0,0,10,369,47476164,74,74,32865986,2,4,1600000,0,0,0,3,316,43843156
201608,34,005,1,2,Burlington County             ,45,45,7417768,3,6,587826,0,0,0,0,0,0,19,19,2954604,2,4,431000,0,0,0,0,0,0
201608,34,007,1,2,Camden County                 ,15,15,3781302,2,4,3300,0,0,0,8,46,1077842,4,4,2212931,2,4,3300,0,0,0,6,30,209642
201608,34,009,1,2,Cape May County               ,32,32,13468061,3,6,1522400,3,12,75000,0,0,0,25,25,11587575,3,6,1522400,3,12,75000,0,0,0
201608,34,011,1,2,Cumberland County             ,13,13,1392885,0,0,0,0,0,0,0,0,0,0,0,0,0,0,0,0,0,0,0,0,0
201608,34,013,1,2,Essex County                  ,37,37,7919912,2,4,266000,4,12,983226,3,85,6721389,10,10,6048697,2,4,266000,3,9,561450,1,30,2800000
201608,34,015,1,2,Gloucester County             ,39,39,4974413,0,0,0,0,0,0,1,12,633438,18,18,2673593,0,0,0,0,0,0,0,0,0
201608,34,017,1,2,Hudson County                 ,5,5,711500,8,16,1177200,2,7,1977700,6,687,123432685,5,5,711500,8,16,1177200,2,7,1977700,4,664,121209000
201608,34,019,1,2,Hunterdon County              ,6,6,1226786,0,0,0,0,0,130000,1,8,325432,5,5,1154000,0,0,0,0,0,130000,0,0,0
201608,34,021,1,2,Mercer County                 ,21,21,4930271,0,0,0,0,0,0,1,5,380858,6,6,1715256,0,0,0,0,0,0,0,0,0
201608,34,023,1,2,Middlesex County              ,37,37,6886274,1,2,16523,1,3,847553,9,190,16563331,21,21,4886264,1,2,16523,0,0,0,5,120,7345000
201608,34,025,1,2,Monmouth County               ,90,90,24928106,3,6,382726,0,0,0,2,52,562800,60,60,16607617,0,0,0,0,0,0,1,47,400000
201608,34,027,1,2,Morris County                 ,47,47,12016769,0,0,0,0,0,0,5,48,2103190,23,23,7461421,0,0,0,0,0,0,0,0,0
201608,34,029,1,2,Ocean County                  ,114,114,24125410,0,0,0,0,0,0,1,100,4000000,90,90,18971946,0,0,0,0,0,0,1,100,4000000
201608,34,031,1,2,Passaic County                ,9,9,1569451,1,2,174100,1,3,64500,1,5,268749,4,4,570000,1,2,174100,0,0,0,0,0,0
201608,34,033,1,2,Salem County                  ,7,7,1152461,0,0,0,0,0,0,0,0,0,4,4,810800,0,0,0,0,0,0,0,0,0
201608,34,035,1,2,Somerset County               ,36,36,10052303,0,0,0,0,0,0,4,36,2295042,25,25,8695055,0,0,0,0,0,0,0,0,0
201608,34,037,1,2,Sussex County                 ,9,9,2008844,0,0,0,0,0,0,0,0,0,3,3,832363,0,0,0,0,0,0,0,0,0
201608,34,039,1,2,Union County                  ,27,27,6662514,3,6,488375,0,0,0,5,48,2952661,10,10,2423950,2,4,285500,0,0,0,2,12,350000
201608,34,041,1,2,Warren County                 ,5,5,567428,0,0,0,0,0,0,0,0,0,2,2,151200,0,0,0,0,0,0,0,0,0
201608,35,000,4,8,New Mexico Balance of State   ,33,33,9025818,0,0,0,0,0,0,0,0,0,0,0,0,0,0,0,0,0,0,0,0,0
201608,35,001,4,8,Bernalillo County             ,102,102,23421359,0,0,0,0,0,0,0,0,0,102,102,23421359,0,0,0,0,0,0,0,0,0
201608,35,005,4,8,Chaves County                 ,9,9,1168038,0,0,0,0,0,0,0,0,0,9,9,1168038,0,0,0,0,0,0,0,0,0
201608,35,007,4,8,Colfax County                 ,1,1,353995,0,0,0,0,0,0,0,0,0,0,0,0,0,0,0,0,0,0,0,0,0
201608,35,009,4,8,Curry County                  ,4,4,1145553,0,0,0,0,0,0,0,0,0,4,4,1145553,0,0,0,0,0,0,0,0,0
201608,35,013,4,8,Dona Ana County               ,79,79,16146235,0,0,0,0,0,0,0,0,0,79,79,16146235,0,0,0,0,0,0,0,0,0
201608,35,015,4,8,Eddy County                   ,7,7,1300500,0,0,0,0,0,0,0,0,0,7,7,1300500,0,0,0,0,0,0,0,0,0
201608,35,017,4,8,Grant County                  ,0,0,0,0,0,0,0,0,0,0,0,0,0,0,0,0,0,0,0,0,0,0,0,0
201608,35,025,4,8,Lea County                    ,19,19,4008486,0,0,0,0,0,0,1,21,443146,0,0,0,0,0,0,0,0,0,0,0,0
201608,35,027,4,8,Lincoln County                ,7,7,1760888,0,0,0,0,0,0,0,0,0,0,0,0,0,0,0,0,0,0,0,0,0
201608,35,028,4,8,Los Alamos County             ,1,1,300000,0,0,0,0,0,0,0,0,0,1,1,300000,0,0,0,0,0,0,0,0,0
201608,35,029,4,8,Luna County                   ,0,0,0,0,0,0,0,0,0,0,0,0,0,0,0,0,0,0,0,0,0,0,0,0
201608,35,031,4,8,McKinley County               ,3,3,585000,0,0,0,0,0,0,0,0,0,3,3,585000,0,0,0,0,0,0,0,0,0
201608,35,035,4,8,Otero County                  ,2,2,575427,0,0,0,0,0,0,0,0,0,2,2,575427,0,0,0,0,0,0,0,0,0
201608,35,041,4,8,Roosevelt County              ,0,0,0,0,0,0,0,0,0,0,0,0,0,0,0,0,0,0,0,0,0,0,0,0
201608,35,043,4,8,Sandoval County               ,79,79,15394109,0,0,0,1,4,335413,1,5,208333,0,0,0,0,0,0,0,0,0,0,0,0
201608,35,045,4,8,San Juan County               ,9,9,2082053,0,0,0,0,0,0,0,0,0,9,9,2082053,0,0,0,0,0,0,0,0,0
201608,35,047,4,8,San Miguel County             ,0,0,0,0,0,0,0,0,0,0,0,0,0,0,0,0,0,0,0,0,0,0,0,0
201608,35,049,4,8,Santa Fe County               ,11,11,2662707,0,0,0,0,0,0,0,0,0,0,0,0,0,0,0,0,0,0,0,0,0
201608,35,051,4,8,Sierra County                 ,1,1,347000,0,0,0,0,0,0,0,0,0,1,1,347000,0,0,0,0,0,0,0,0,0
201608,35,053,4,8,Socorro County                ,1,1,164000,0,0,0,0,0,0,0,0,0,1,1,164000,0,0,0,0,0,0,0,0,0
201608,35,055,4,8,Taos County                   ,7,7,767591,0,0,0,0,0,0,0,0,0,0,0,0,0,0,0,0,0,0,0,0,0
201608,35,061,4,8,Valencia County               ,9,9,975708,0,0,0,0,0,0,0,0,0,0,0,0,0,0,0,0,0,0,0,0,0
201608,36,001,1,2,Albany County                 ,47,47,10742633,0,0,0,0,0,0,2,116,12640506,44,44,10247704,0,0,0,0,0,0,1,106,11000000
201608,36,005,1,2,Bronx County                  ,0,0,0,3,6,797170,1,3,387864,4,123,16596021,0,0,0,3,6,797170,1,3,387864,4,123,16596021
201608,36,029,1,2,Erie County                   ,75,75,19931867,0,0,0,0,0,0,5,94,10907725,61,61,16936785,0,0,0,0,0,0,4,89,10171596
201608,36,047,1,2,Kings County                  ,9,9,2355800,21,42,5580192,9,30,3878640,21,666,89861382,9,9,2355800,21,42,5580192,9,30,3878640,21,666,89861382
201608,36,051,1,2,Livingston County             ,6,6,1238752,0,0,0,0,0,0,0,0,0,2,2,495500,0,0,0,0,0,0,0,0,0
201608,36,055,1,2,Monroe County                 ,77,77,16467096,1,2,365000,0,0,0,2,87,8657658,73,73,15378370,0,0,0,0,0,0,2,87,8657658
201608,36,059,1,2,Nassau County                 ,56,56,25497074,0,0,0,0,0,0,1,7,1103030,18,18,11715911,0,0,0,0,0,0,0,0,0
201608,36,061,1,2,New York County               ,0,0,0,0,0,0,0,0,0,7,498,67193646,0,0,0,0,0,0,0,0,0,7,498,67193646
201608,36,063,1,2,Niagara County                ,17,17,3963345,0,0,0,0,0,0,0,0,0,17,17,3963345,0,0,0,0,0,0,0,0,0
201608,36,069,1,2,Ontario County                ,34,34,8164257,1,2,180000,0,0,0,1,5,582645,12,12,3083379,1,2,180000,0,0,0,0,0,0
201608,36,073,1,2,Orleans County                ,2,2,405822,0,0,0,0,0,0,0,0,0,1,1,150000,0,0,0,0,0,0,0,0,0
201608,36,079,1,2,Putnam County                 ,3,3,831935,0,0,0,0,0,0,0,0,0,1,1,330000,0,0,0,0,0,0,0,0,0
201608,36,081,1,2,Queens County                 ,15,15,3926332,19,38,5048745,6,18,2327184,5,62,8365474,15,15,3926332,19,38,5048745,6,18,2327184,5,62,8365474
201608,36,083,1,2,Rensselaer County             ,10,10,2040632,0,0,0,2,8,719420,2,14,1182530,6,6,1139840,0,0,0,2,8,719420,2,14,1182530
201608,36,085,1,2,Richmond County               ,40,40,10470220,13,26,3454404,0,0,0,0,0,0,40,40,10470220,13,26,3454404,0,0,0,0,0,0
201608,36,087,1,2,Rockland County               ,13,13,4469189,3,6,833870,2,7,874175,3,16,1926315,8,8,3101825,0,0,0,0,0,0,0,0,0
201608,36,091,1,2,Saratoga County               ,63,63,16581379,4,8,1062894,1,3,387864,3,20,1972221,42,42,11588866,4,8,1062894,1,3,387864,0,0,0
201608,36,093,1,2,Schenectady County            ,6,6,894714,0,0,0,6,24,2340000,0,0,0,5,5,692492,0,0,0,6,24,2340000,0,0,0
201608,36,095,1,2,Schoharie County              ,3,3,747201,0,0,0,0,0,0,0,0,0,2,2,490000,0,0,0,0,0,0,0,0,0
201608,36,099,1,2,Seneca County                 ,1,1,450000,0,0,0,0,0,0,0,0,0,1,1,450000,0,0,0,0,0,0,0,0,0
201608,36,117,1,2,Wayne County                  ,5,5,1067628,0,0,0,0,0,0,0,0,0,3,3,647000,0,0,0,0,0,0,0,0,0
201608,36,119,1,2,Westchester County            ,39,39,21850808,2,4,450000,1,3,1250000,7,173,24605000,33,33,19758880,1,2,250000,1,3,1250000,7,173,24605000
201608,37,007,3,5,Anson County                  ,4,4,599460,0,0,0,0,0,0,0,0,0,0,0,0,0,0,0,0,0,0,0,0,0
201608,37,011,3,5,Avery County                  ,5,5,2352280,0,0,0,0,0,0,0,0,0,0,0,0,0,0,0,0,0,0,0,0,0
201608,37,015,3,5,Bertie County                 ,2,2,676000,0,0,0,0,0,0,0,0,0,2,2,676000,0,0,0,0,0,0,0,0,0
201608,37,025,3,5,Cabarrus County               ,125,125,20028607,0,0,0,0,0,0,0,0,0,125,125,20028607,0,0,0,0,0,0,0,0,0
201608,37,033,3,5,Caswell County                ,4,4,905997,0,0,0,0,0,0,0,0,0,4,4,905997,0,0,0,0,0,0,0,0,0
201608,37,037,3,5,Chatham County                ,68,68,17766052,0,0,0,0,0,0,0,0,0,68,68,17766052,0,0,0,0,0,0,0,0,0
201608,37,051,3,5,Cumberland County             ,49,49,9150520,0,0,0,0,0,0,0,0,0,49,49,9150520,0,0,0,0,0,0,0,0,0
201608,37,053,3,5,Currituck County              ,24,24,8009320,0,0,0,0,0,0,0,0,0,24,24,8009320,0,0,0,0,0,0,0,0,0
201608,37,059,3,5,Davie County                  ,9,9,1408617,0,0,0,0,0,0,0,0,0,9,9,1408617,0,0,0,0,0,0,0,0,0
201608,37,063,3,5,Durham County                 ,182,182,34925420,0,0,0,0,0,0,0,0,0,182,182,34925420,0,0,0,0,0,0,0,0,0
201608,37,069,3,5,Franklin County               ,80,80,11226125,0,0,0,0,0,0,0,0,0,80,80,11226125,0,0,0,0,0,0,0,0,0
201608,37,071,3,5,Gaston County                 ,112,112,29197042,0,0,0,0,0,0,0,0,0,112,112,29197042,0,0,0,0,0,0,0,0,0
201608,37,081,3,5,Guilford County               ,113,113,31900406,0,0,0,0,0,0,7,65,8074540,86,86,25543663,0,0,0,0,0,0,6,52,6717296
201608,37,089,3,5,Henderson County              ,33,33,6520786,0,0,0,0,0,0,0,0,0,33,33,6520786,0,0,0,0,0,0,0,0,0
201608,37,093,3,5,Hoke County                   ,21,21,4784993,0,0,0,0,0,0,0,0,0,21,21,4784993,0,0,0,0,0,0,0,0,0
201608,37,097,3,5,Iredell County                ,102,102,29100399,0,0,0,0,0,0,0,0,0,102,102,29100399,0,0,0,0,0,0,0,0,0
201608,37,101,3,5,Johnston County               ,208,208,31999844,0,0,0,1,4,220000,0,0,0,205,205,31572571,0,0,0,1,4,220000,0,0,0
201608,37,105,3,5,Lee County                    ,9,9,1884305,0,0,0,0,0,0,0,0,0,9,9,1884305,0,0,0,0,0,0,0,0,0
201608,37,119,3,5,Mecklenburg County            ,510,510,116206966,1,2,248700,1,3,395000,11,705,67220227,510,510,116206966,1,2,248700,1,3,395000,11,705,67220227
201608,37,133,3,5,Onslow County                 ,74,74,12036496,0,0,0,0,0,0,0,0,0,74,74,12036496,0,0,0,0,0,0,0,0,0
201608,37,135,3,5,Orange County                 ,40,40,11542479,0,0,0,0,0,0,0,0,0,40,40,11542479,0,0,0,0,0,0,0,0,0
201608,37,145,3,5,Person County                 ,7,7,1592000,0,0,0,0,0,0,0,0,0,7,7,1592000,0,0,0,0,0,0,0,0,0
201608,37,151,3,5,Randolph County               ,15,15,3058752,0,0,0,0,0,0,0,0,0,15,15,3058752,0,0,0,0,0,0,0,0,0
201608,37,157,3,5,Rockingham County             ,17,17,3538675,0,0,0,0,0,0,1,5,511917,17,17,3538675,0,0,0,0,0,0,0,0,0
201608,37,179,3,5,Union County                  ,151,151,32366314,0,0,0,0,0,0,0,0,0,151,151,32366314,0,0,0,0,0,0,0,0,0
201608,37,181,3,5,Vance County                  ,3,3,612000,0,0,0,0,0,0,0,0,0,3,3,612000,0,0,0,0,0,0,0,0,0
201608,37,183,3,5,Wake County                   ,544,544,128234981,0,0,0,0,0,0,12,397,38847519,478,478,114945691,0,0,0,0,0,0,12,397,38847519
201608,37,195,3,5,Wilson County                 ,8,8,1707751,0,0,0,0,0,0,0,0,0,8,8,1707751,0,0,0,0,0,0,0,0,0
201608,39,007,2,3,Ashtabula County              ,10,10,1830611,1,2,160300,0,0,0,0,0,0,0,0,0,0,0,0,0,0,0,0,0,0
201608,39,015,2,3,Brown County                  ,6,6,955978,0,0,0,0,0,0,0,0,0,0,0,0,0,0,0,0,0,0,0,0,0
201608,39,017,2,3,Butler County                 ,61,61,13346760,2,4,360000,0,0,0,14,312,34350150,61,61,13346760,2,4,360000,0,0,0,14,312,34350150
201608,39,025,2,3,Clermont County               ,28,28,6383244,0,0,0,0,0,0,10,59,2478000,28,28,6383244,0,0,0,0,0,0,10,59,2478000
201608,39,041,2,3,Delaware County               ,177,177,33270302,0,0,0,0,0,0,1,30,2290600,177,177,33270302,0,0,0,0,0,0,1,30,2290600
201608,39,049,2,3,Franklin County               ,142,142,39281246,2,4,531814,25,84,10209996,15,390,45703929,126,126,35469749,1,2,231814,24,81,9982853,14,360,43535880
201608,39,055,2,3,Geauga County                 ,9,9,3348000,0,0,0,0,0,0,1,6,500000,9,9,3348000,0,0,0,0,0,0,1,6,500000
201608,39,085,2,3,Lake County                   ,35,35,8207005,0,0,0,0,0,0,0,0,0,31,31,7521190,0,0,0,0,0,0,0,0,0
201608,39,089,2,3,Licking County                ,28,28,7084679,0,0,0,0,0,0,0,0,0,0,0,0,0,0,0,0,0,0,0,0,0
201608,39,093,2,3,Lorain County                 ,82,82,18366093,0,0,0,2,8,583333,3,15,1119545,33,33,9711415,0,0,0,1,4,360000,2,10,900000
201608,39,097,2,3,Madison County                ,1,1,170000,0,0,0,0,0,0,0,0,0,0,0,0,0,0,0,0,0,0,0,0,0
201608,39,103,2,3,Medina County                 ,61,61,12125484,0,0,0,0,0,0,0,0,0,61,61,12125484,0,0,0,0,0,0,0,0,0
201608,39,117,2,3,Morrow County                 ,3,3,515852,0,0,0,0,0,0,0,0,0,1,1,97000,0,0,0,0,0,0,0,0,0
201608,39,159,2,3,Union County                  ,33,33,8386468,0,0,0,0,0,0,0,0,0,33,33,8386468,0,0,0,0,0,0,0,0,0
201608,39,165,2,3,Warren County                 ,86,86,22255866,0,0,0,1,3,457222,0,0,0,86,86,22255866,0,0,0,1,3,457222,0,0,0
201608,40,001,3,7,Adair County                  ,2,2,385287,0,0,0,0,0,0,0,0,0,0,0,0,0,0,0,0,0,0,0,0,0
201608,40,017,3,7,Canadian County               ,16,16,4210569,2,4,440000,0,0,0,0,0,0,3,3,406000,0,0,0,0,0,0,0,0,0
201608,40,021,3,7,Cherokee County               ,5,5,656191,0,0,0,0,0,0,1,5,244048,0,0,0,0,0,0,0,0,0,0,0,0
201608,40,027,3,7,Cleveland County              ,70,70,15871762,4,8,1179920,0,0,0,1,303,24382522,70,70,15871762,4,8,1179920,0,0,0,1,303,24382522
201608,40,029,3,7,Coal County                   ,0,0,0,0,0,0,0,0,0,0,0,0,0,0,0,0,0,0,0,0,0,0,0,0
201608,40,037,3,7,Creek County                  ,9,9,1443300,0,0,0,0,0,0,0,0,0,9,9,1443300,0,0,0,0,0,0,0,0,0
201608,40,051,3,7,Grady County                  ,8,8,1664894,0,0,0,0,0,0,0,0,0,0,0,0,0,0,0,0,0,0,0,0,0
201608,40,055,3,7,Greer County                  ,0,0,0,0,0,0,0,0,0,0,0,0,0,0,0,0,0,0,0,0,0,0,0,0
201608,40,081,3,7,Lincoln County                ,1,1,151375,0,0,0,0,0,0,0,0,0,1,1,151375,0,0,0,0,0,0,0,0,0
201608,40,083,3,7,Logan County                  ,2,2,250000,0,0,0,0,0,0,0,0,0,2,2,250000,0,0,0,0,0,0,0,0,0
201608,40,087,3,7,McClain County                ,27,27,4947962,0,0,0,0,0,0,0,0,0,14,14,2595357,0,0,0,0,0,0,0,0,0
201608,40,109,3,7,Oklahoma County               ,311,311,67793001,9,18,1625496,0,0,0,5,52,3811616,294,294,64813694,9,18,1625496,0,0,0,5,52,3811616
201608,40,111,3,7,Okmulgee County               ,1,1,1250000,0,0,0,0,0,0,0,0,0,1,1,1250000,0,0,0,0,0,0,0,0,0
201608,40,113,3,7,Osage County                  ,5,5,1159780,0,0,0,0,0,0,0,0,0,5,5,1159780,0,0,0,0,0,0,0,0,0
201608,40,117,3,7,Pawnee County                 ,0,0,0,0,0,0,0,0,0,0,0,0,0,0,0,0,0,0,0,0,0,0,0,0
201608,40,131,3,7,Rogers County                 ,35,35,6709265,4,8,512500,0,0,0,0,0,0,34,34,6605932,4,8,512500,0,0,0,0,0,0
201608,40,143,3,7,Tulsa County                  ,191,191,43741581,14,28,1988000,0,0,0,14,324,14141732,190,190,43678581,14,28,1988000,0,0,0,14,324,14141732
201608,40,145,3,7,Wagoner County                ,43,43,6405385,0,0,0,0,0,0,0,0,0,43,43,6405385,0,0,0,0,0,0,0,0,0
201608,41,000,4,9,Oregon Balance of State       ,16,16,2343095,0,0,0,0,0,0,0,0,0,0,0,0,0,0,0,0,0,0,0,0,0
201608,41,005,4,9,Clackamas County              ,120,120,34722162,0,0,0,0,0,0,5,84,8805206,110,110,29926135,0,0,0,0,0,0,5,84,8805206
201608,41,019,4,9,Douglas County                ,18,18,4786188,1,2,303362,0,0,0,0,0,0,18,18,4786188,1,2,303362,0,0,0,0,0,0
201608,41,025,4,9,Harney County                 ,1,1,202093,0,0,0,0,0,0,0,0,0,0,0,0,0,0,0,0,0,0,0,0,0
201608,41,035,4,9,Klamath County                ,13,13,3323579,0,0,0,0,0,0,0,0,0,13,13,3323579,0,0,0,0,0,0,0,0,0
201608,41,051,4,9,Multnomah County              ,130,130,35511531,15,30,5888355,1,4,695419,4,196,23262155,130,130,35511531,15,30,5888355,1,4,695419,4,196,23262155
201608,41,067,4,9,Washington County             ,176,176,53870605,2,4,662209,3,9,1597698,10,339,36808388,174,174,53298592,2,4,662209,3,9,1597698,9,334,36011043
201608,41,071,4,9,Yamhill County                ,31,31,8858289,0,0,0,0,0,0,0,0,0,31,31,8858289,0,0,0,0,0,0,0,0,0
201608,42,001,1,2,Adams County                  ,31,31,2633895,0,0,0,0,0,0,0,0,0,31,31,2633895,0,0,0,0,0,0,0,0,0
201608,42,017,1,2,Bucks County                  ,85,85,19136523,0,0,0,1,4,644000,0,0,0,64,64,14756610,0,0,0,0,0,0,0,0,0
201608,42,029,1,2,Chester County                ,84,84,20004474,1,2,595580,1,4,404372,1,63,10070967,66,66,16185846,1,2,595580,1,4,404372,1,63,10070967
201608,42,037,1,2,Columbia County               ,6,6,1355847,0,0,0,0,0,0,0,0,0,2,2,575000,0,0,0,0,0,0,0,0,0
201608,42,041,1,2,Cumberland County             ,64,64,11224318,0,0,0,0,0,0,1,5,251062,58,58,9929615,0,0,0,0,0,0,0,0,0
201608,42,043,1,2,Dauphin County                ,42,42,9212925,0,0,0,0,0,0,1,20,935000,13,13,2331029,0,0,0,0,0,0,1,20,935000
201608,42,045,1,2,Delaware County               ,45,45,11552416,0,0,0,0,0,0,0,0,0,26,26,6715766,0,0,0,0,0,0,0,0,0
201608,42,055,1,2,Franklin County               ,20,20,3986247,0,0,0,0,0,0,0,0,0,13,13,2772481,0,0,0,0,0,0,0,0,0
201608,42,091,1,2,Montgomery County             ,110,110,28442354,0,0,0,0,0,0,5,38,5781089,89,89,23969697,0,0,0,0,0,0,1,16,3300000
201608,42,093,1,2,Montour County                ,3,3,481444,0,0,0,0,0,0,0,0,0,0,0,0,0,0,0,0,0,0,0,0,0
201608,42,099,1,2,Perry County                  ,7,7,1627784,0,0,0,0,0,0,0,0,0,0,0,0,0,0,0,0,0,0,0,0,0
201608,42,101,1,2,Philadelphia County           ,64,64,16752352,6,12,1351000,13,41,4179500,6,126,15366700,64,64,16752352,6,12,1351000,13,41,4179500,6,126,15366700
201608,42,103,1,2,Pike County                   ,10,10,2105000,0,0,0,0,0,0,0,0,0,9,9,1930000,0,0,0,0,0,0,0,0,0
201608,44,001,1,1,Bristol County                ,3,3,634424,0,0,0,0,0,0,0,0,0,0,0,0,0,0,0,0,0,0,0,0,0
201608,44,003,1,1,Kent County                   ,21,21,2729751,0,0,0,0,0,0,0,0,0,17,17,1965500,0,0,0,0,0,0,0,0,0
201608,44,005,1,1,Newport County                ,7,7,1816634,0,0,0,1,4,600000,0,0,0,5,5,1315000,0,0,0,1,4,600000,0,0,0
201608,44,007,1,1,Providence County             ,27,27,5520145,2,4,431261,1,3,603480,1,5,459206,15,15,4133451,0,0,0,0,0,0,0,0,0
201608,44,009,1,1,Washington County             ,25,25,7229641,1,2,316800,3,11,1236500,0,0,0,18,18,5219775,1,2,316800,3,11,1236500,0,0,0
201608,45,003,3,5,Aiken County                  ,69,69,13426899,0,0,0,0,0,0,1,16,800000,69,69,13426899,0,0,0,0,0,0,1,16,800000
201608,45,009,3,5,Bamberg County                ,1,1,65000,0,0,0,0,0,0,0,0,0,1,1,65000,0,0,0,0,0,0,0,0,0
201608,45,015,3,5,Berkeley County               ,145,145,42763838,0,0,0,0,0,0,1,41,967275,45,45,13847271,0,0,0,0,0,0,0,0,0
201608,45,017,3,5,Calhoun County                ,9,9,1015000,0,0,0,0,0,0,0,0,0,9,9,1015000,0,0,0,0,0,0,0,0,0
201608,45,019,3,5,Charleston County             ,213,213,56658349,0,0,0,2,6,717000,2,52,3293007,99,99,40584080,0,0,0,2,6,717000,0,0,0
201608,45,035,3,5,Dorchester County             ,48,48,14193000,0,0,0,0,0,0,0,0,0,48,48,14193000,0,0,0,0,0,0,0,0,0
201608,45,037,3,5,Edgefield County              ,7,7,1343933,0,0,0,0,0,0,0,0,0,7,7,1343933,0,0,0,0,0,0,0,0,0
201608,45,039,3,5,Fairfield County              ,3,3,639875,0,0,0,0,0,0,0,0,0,0,0,0,0,0,0,0,0,0,0,0,0
201608,45,045,3,5,Greenville County             ,294,294,68928937,0,0,0,0,0,0,0,0,0,291,291,68565883,0,0,0,0,0,0,0,0,0
201608,45,051,3,5,Horry County                  ,329,329,54551086,2,4,197150,0,0,0,1,5,596071,300,300,47591799,2,4,197150,0,0,0,0,0,0
201608,45,055,3,5,Kershaw County                ,35,35,4104226,0,0,0,0,0,0,0,0,0,35,35,4104226,0,0,0,0,0,0,0,0,0
201608,45,059,3,5,Laurens County                ,12,12,2808575,0,0,0,0,0,0,0,0,0,12,12,2808575,0,0,0,0,0,0,0,0,0
201608,45,063,3,5,Lexington County              ,172,172,42224491,0,0,0,0,0,0,0,0,0,31,31,4784635,0,0,0,0,0,0,0,0,0
201608,45,077,3,5,Pickens County                ,37,37,10729948,0,0,0,0,0,0,1,14,1368426,26,26,8725195,0,0,0,0,0,0,0,0,0
201608,45,079,3,5,Richland County               ,163,163,23550249,0,0,0,0,0,0,1,30,1693283,21,21,5174143,0,0,0,0,0,0,0,0,0
201608,45,081,3,5,Saluda County                 ,2,2,344265,0,0,0,0,0,0,0,0,0,2,2,344265,0,0,0,0,0,0,0,0,0
201608,45,085,3,5,Sumter County                 ,22,22,2792565,0,0,0,0,0,0,0,0,0,0,0,0,0,0,0,0,0,0,0,0,0
201608,45,091,3,5,York County                   ,223,223,67162401,0,0,0,0,0,0,10,227,25741291,117,117,38098678,0,0,0,0,0,0,8,190,22240581
201608,46,007,2,4,Bennett County                ,0,0,0,0,0,0,0,0,0,0,0,0,0,0,0,0,0,0,0,0,0,0,0,0
201608,46,055,2,4,Haakon County                 ,0,0,0,0,0,0,0,0,0,0,0,0,0,0,0,0,0,0,0,0,0,0,0,0
201608,46,071,2,4,Jackson County                ,0,0,0,0,0,0,0,0,0,0,0,0,0,0,0,0,0,0,0,0,0,0,0,0
201608,46,111,2,4,Sanborn County                ,0,0,0,0,0,0,0,0,0,0,0,0,0,0,0,0,0,0,0,0,0,0,0,0
201608,47,001,3,6,Anderson County               ,15,15,3432922,0,0,0,0,0,0,0,0,0,9,9,2082592,0,0,0,0,0,0,0,0,0
201608,47,015,3,6,Cannon County                 ,1,1,126190,0,0,0,0,0,0,0,0,0,0,0,0,0,0,0,0,0,0,0,0,0
201608,47,021,3,6,Cheatham County               ,19,19,3101000,0,0,0,0,0,0,0,0,0,19,19,3101000,0,0,0,0,0,0,0,0,0
201608,47,037,3,6,Davidson County               ,343,343,80150253,2,4,495660,0,0,0,3,115,989219,341,341,78216712,2,4,495660,0,0,0,3,115,989219
201608,47,043,3,6,Dickson County                ,20,20,4320091,0,0,0,0,0,0,0,0,0,20,20,4320091,0,0,0,0,0,0,0,0,0
201608,47,049,3,6,Fentress County               ,0,0,0,0,0,0,0,0,0,0,0,0,0,0,0,0,0,0,0,0,0,0,0,0
201608,47,081,3,6,Hickman County                ,7,7,1021184,0,0,0,0,0,0,0,0,0,2,2,130000,0,0,0,0,0,0,0,0,0
201608,47,093,3,6,Knox County                   ,129,129,27014194,0,0,0,0,0,0,0,0,0,129,129,27014194,0,0,0,0,0,0,0,0,0
201608,47,105,3,6,Loudon County                 ,23,23,5406248,0,0,0,0,0,0,0,0,0,21,21,5111165,0,0,0,0,0,0,0,0,0
201608,47,125,3,6,Montgomery County             ,107,107,16731530,2,4,360000,0,0,0,0,0,0,107,107,16731530,2,4,360000,0,0,0,0,0,0
201608,47,139,3,6,Polk County                   ,16,16,2881985,0,0,0,0,0,0,0,0,0,0,0,0,0,0,0,0,0,0,0,0,0
201608,47,149,3,6,Rutherford County             ,192,192,47645021,1,2,165624,2,8,854719,8,64,6013709,162,162,43622168,0,0,0,2,8,854719,7,40,4638902
201608,47,153,3,6,Sequatchie County             ,0,0,0,0,0,0,0,0,0,0,0,0,0,0,0,0,0,0,0,0,0,0,0,0
201608,47,157,3,6,Shelby County                 ,99,99,25686061,0,0,0,0,0,0,3,348,34923157,99,99,25686061,0,0,0,0,0,0,3,348,34923157
201608,47,159,3,6,Smith County                  ,6,6,842500,0,0,0,0,0,0,0,0,0,6,6,842500,0,0,0,0,0,0,0,0,0
201608,47,161,3,6,Stewart County                ,0,0,0,0,0,0,0,0,0,0,0,0,0,0,0,0,0,0,0,0,0,0,0,0
201608,47,165,3,6,Sumner County                 ,129,129,29333299,0,0,0,0,0,0,0,0,0,125,125,28621329,0,0,0,0,0,0,0,0,0
201608,47,167,3,6,Tipton County                 ,18,18,3049610,0,0,0,0,0,0,0,0,0,18,18,3049610,0,0,0,0,0,0,0,0,0
201608,47,169,3,6,Trousdale County              ,11,11,1628000,0,0,0,0,0,0,0,0,0,11,11,1628000,0,0,0,0,0,0,0,0,0
201608,47,173,3,6,Union County                  ,9,9,1195000,0,0,0,0,0,0,0,0,0,9,9,1195000,0,0,0,0,0,0,0,0,0
201608,47,175,3,6,Van Buren County              ,0,0,0,0,0,0,0,0,0,0,0,0,0,0,0,0,0,0,0,0,0,0,0,0
201608,47,189,3,6,Wilson County                 ,104,104,26569149,0,0,0,0,0,0,1,24,2844604,73,73,17756060,0,0,0,0,0,0,0,0,0
201608,48,013,3,7,Atascosa County               ,4,4,661427,0,0,0,0,0,0,0,0,0,3,3,466260,0,0,0,0,0,0,0,0,0
201608,48,015,3,7,Austin County                 ,2,2,344690,0,0,0,0,0,0,0,0,0,0,0,0,0,0,0,0,0,0,0,0,0
201608,48,019,3,7,Bandera County                ,0,0,0,0,0,0,0,0,0,0,0,0,0,0,0,0,0,0,0,0,0,0,0,0
201608,48,021,3,7,Bastrop County                ,11,11,1660500,0,0,0,0,0,0,0,0,0,11,11,1660500,0,0,0,0,0,0,0,0,0
201608,48,025,3,7,Bee County                    ,0,0,0,0,0,0,0,0,0,0,0,0,0,0,0,0,0,0,0,0,0,0,0,0
201608,48,027,3,7,Bell County                   ,96,96,17674765,14,28,2364050,0,0,0,0,0,0,88,88,15505304,14,28,2364050,0,0,0,0,0,0
201608,48,029,3,7,Bexar County                  ,257,257,58977810,1,2,165620,3,12,1215480,2,10,1567265,215,215,53447796,1,2,165620,3,12,1215480,1,5,501769
201608,48,051,3,7,Burleson County               ,0,0,0,0,0,0,0,0,0,0,0,0,0,0,0,0,0,0,0,0,0,0,0,0
201608,48,055,3,7,Caldwell County               ,27,27,4523317,0,0,0,0,0,0,0,0,0,0,0,0,0,0,0,0,0,0,0,0,0
201608,48,085,3,7,Collin County                 ,803,803,241581153,1,2,243790,0,0,0,9,614,62218452,762,762,234181596,0,0,0,0,0,0,9,614,62218452
201608,48,091,3,7,Comal County                  ,169,169,38280621,4,8,880615,0,0,0,0,0,0,76,76,17522403,0,0,0,0,0,0,0,0,0
201608,48,099,3,7,Coryell County                ,13,13,1755779,1,2,133257,0,0,0,1,6,821502,1,1,50000,0,0,0,0,0,0,0,0,0
201608,48,107,3,7,Crosby County                 ,0,0,0,0,0,0,0,0,0,0,0,0,0,0,0,0,0,0,0,0,0,0,0,0
201608,48,113,3,7,Dallas County                 ,499,499,130976216,4,8,854201,10,33,1200000,10,674,69671641,472,472,124969539,4,8,854201,10,33,1200000,10,674,69671641
201608,48,119,3,7,Delta County                  ,0,0,0,0,0,0,0,0,0,0,0,0,0,0,0,0,0,0,0,0,0,0,0,0
201608,48,135,3,7,Ector County                  ,26,26,5105615,0,0,0,0,0,0,0,0,0,26,26,5105615,0,0,0,0,0,0,0,0,0
201608,48,139,3,7,Ellis County                  ,118,118,23877403,0,0,0,0,0,0,0,0,0,84,84,16550533,0,0,0,0,0,0,0,0,0
201608,48,141,3,7,El Paso County                ,252,252,40577078,4,8,649350,1,3,299866,8,140,14196665,24,24,2477569,0,0,0,0,0,0,0,0,0
201608,48,157,3,7,Fort Bend County              ,910,910,116082179,0,0,0,0,0,0,1,9,704326,120,120,38531680,0,0,0,0,0,0,0,0,0
201608,48,167,3,7,Galveston County              ,231,231,49708302,0,0,0,0,0,0,1,6,330317,71,71,18413148,0,0,0,0,0,0,0,0,0
201608,48,185,3,7,Grimes County                 ,2,2,190166,0,0,0,0,0,0,0,0,0,0,0,0,0,0,0,0,0,0,0,0,0
201608,48,187,3,7,Guadalupe County              ,72,72,17053285,0,0,0,0,0,0,0,0,0,72,72,17053285,0,0,0,0,0,0,0,0,0
201608,48,193,3,7,Hamilton County               ,0,0,0,0,0,0,0,0,0,0,0,0,0,0,0,0,0,0,0,0,0,0,0,0
201608,48,195,3,7,Hansford County               ,1,1,125500,0,0,0,0,0,0,0,0,0,0,0,0,0,0,0,0,0,0,0,0,0
201608,48,201,3,7,Harris County                 ,1376,1376,257652537,2,4,428888,1,4,360000,21,485,35028957,1350,1350,243557960,2,4,428888,1,4,360000,21,485,35028957
201608,48,211,3,7,Hemphill County               ,0,0,0,0,0,0,0,0,0,0,0,0,0,0,0,0,0,0,0,0,0,0,0,0
201608,48,215,3,7,Hidalgo County                ,287,287,52452323,1,2,185000,19,76,6698210,1,9,768177,272,272,49634353,1,2,185000,19,76,6698210,1,9,768177
201608,48,233,3,7,Hutchinson County             ,0,0,0,0,0,0,0,0,0,0,0,0,0,0,0,0,0,0,0,0,0,0,0,0
201608,48,251,3,7,Johnson County                ,68,68,12770430,0,0,0,0,0,0,0,0,0,67,67,12544762,0,0,0,0,0,0,0,0,0
201608,48,257,3,7,Kaufman County                ,47,47,10555411,0,0,0,0,0,0,0,0,0,39,39,9476428,0,0,0,0,0,0,0,0,0
201608,48,259,3,7,Kendall County                ,21,21,5701380,0,0,0,0,0,0,13,288,21310001,21,21,5701380,0,0,0,0,0,0,13,288,21310001
201608,48,271,3,7,Kinney County                 ,0,0,0,0,0,0,0,0,0,0,0,0,0,0,0,0,0,0,0,0,0,0,0,0
201608,48,281,3,7,Lampasas County               ,8,8,1040000,0,0,0,0,0,0,0,0,0,8,8,1040000,0,0,0,0,0,0,0,0,0
201608,48,291,3,7,Liberty County                ,45,45,4771335,0,0,0,0,0,0,0,0,0,45,45,4771335,0,0,0,0,0,0,0,0,0
201608,48,303,3,7,Lubbock County                ,98,98,24841423,4,8,749625,0,0,0,4,62,4229344,3,3,490500,0,0,0,0,0,0,0,0,0
201608,48,323,3,7,Maverick County               ,9,9,973362,0,0,0,0,0,0,0,0,0,0,0,0,0,0,0,0,0,0,0,0,0
201608,48,325,3,7,Medina County                 ,6,6,1294192,0,0,0,0,0,0,0,0,0,5,5,1074626,0,0,0,0,0,0,0,0,0
201608,48,329,3,7,Midland County                ,85,85,14288670,0,0,0,0,0,0,0,0,0,85,85,14288670,0,0,0,0,0,0,0,0,0
201608,48,339,3,7,Montgomery County             ,363,363,81720279,0,0,0,0,0,0,0,0,0,352,352,78714264,0,0,0,0,0,0,0,0,0
201608,48,367,3,7,Parker County                 ,35,35,8126369,0,0,0,0,0,0,0,0,0,34,34,8070914,0,0,0,0,0,0,0,0,0
201608,48,375,3,7,Potter County                 ,40,40,9016837,1,2,256842,0,0,0,0,0,0,40,40,9016837,1,2,256842,0,0,0,0,0,0
201608,48,383,3,7,Reagan County                 ,0,0,0,0,0,0,0,0,0,0,0,0,0,0,0,0,0,0,0,0,0,0,0,0
201608,48,385,3,7,Real County                   ,0,0,0,0,0,0,0,0,0,0,0,0,0,0,0,0,0,0,0,0,0,0,0,0
201608,48,395,3,7,Robertson County              ,5,5,1139284,0,0,0,0,0,0,0,0,0,5,5,1139284,0,0,0,0,0,0,0,0,0
201608,48,397,3,7,Rockwall County               ,129,129,37106531,0,0,0,0,0,0,0,0,0,107,107,32879762,0,0,0,0,0,0,0,0,0
201608,48,407,3,7,San Jacinto County            ,20,20,3890839,0,0,0,0,0,0,0,0,0,0,0,0,0,0,0,0,0,0,0,0,0
201608,48,411,3,7,San Saba County               ,0,0,0,0,0,0,0,0,0,0,0,0,0,0,0,0,0,0,0,0,0,0,0,0
201608,48,451,3,7,Tom Green County              ,18,18,3752000,0,0,0,0,0,0,0,0,0,18,18,3752000,0,0,0,0,0,0,0,0,0
201608,48,453,3,7,Travis County                 ,640,640,138996045,0,0,0,0,0,0,9,486,39575022,610,610,130749728,0,0,0,0,0,0,8,481,38908355
201608,48,473,3,7,Waller County                 ,0,0,0,0,0,0,0,0,0,1,6,133083,0,0,0,0,0,0,0,0,0,0,0,0
201608,48,491,3,7,Williamson County             ,290,290,77360792,0,0,0,3,12,1310784,0,0,0,277,277,74927699,0,0,0,3,12,1310784,0,0,0
201608,48,493,3,7,Wilson County                 ,5,5,984497,0,0,0,0,0,0,1,5,468750,1,1,204195,0,0,0,0,0,0,0,0,0
201608,48,497,3,7,Wise County                   ,5,5,1261201,0,0,0,0,0,0,0,0,0,2,2,478000,0,0,0,0,0,0,0,0,0
201608,49,011,4,8,Davis County                  ,119,119,30121815,0,0,0,0,0,0,1,123,9000000,81,81,19101537,0,0,0,0,0,0,1,123,9000000
201608,49,023,4,8,Juab County                   ,12,12,2798654,0,0,0,0,0,0,0,0,0,11,11,2610964,0,0,0,0,0,0,0,0,0
201608,49,029,4,8,Morgan County                 ,9,9,3360664,0,0,0,0,0,0,0,0,0,0,0,0,0,0,0,0,0,0,0,0,0
201608,49,035,4,8,Salt Lake County              ,345,345,86727514,1,2,284637,2,7,958627,4,163,17558545,271,271,64793351,0,0,0,0,0,0,0,0,0
201608,49,039,4,8,Sanpete County                ,7,7,896264,0,0,0,0,0,0,0,0,0,7,7,896264,0,0,0,0,0,0,0,0,0
201608,49,043,4,8,Summit County                 ,18,18,9653213,0,0,0,1,3,1006544,1,5,854284,3,3,766540,0,0,0,0,0,0,0,0,0
201608,49,057,4,8,Weber County                  ,70,70,15098744,0,0,0,1,3,352960,3,47,3236919,53,53,10840725,0,0,0,0,0,0,3,47,3236919
201608,51,003,3,5,Albemarle County              ,43,43,12872813,0,0,0,0,0,0,1,5,400000,0,0,0,0,0,0,0,0,0,0,0,0
201608,51,007,3,5,Amelia County                 ,4,4,691290,0,0,0,0,0,0,0,0,0,4,4,691290,0,0,0,0,0,0,0,0,0
201608,51,009,3,5,Amherst County                ,5,5,786998,0,0,0,0,0,0,0,0,0,0,0,0,0,0,0,0,0,0,0,0,0
201608,51,013,3,5,Arlington County              ,13,13,5302000,0,0,0,0,0,0,0,0,0,13,13,5302000,0,0,0,0,0,0,0,0,0
201608,51,015,3,5,Augusta County                ,22,22,3769544,0,0,0,0,0,0,0,0,0,22,22,3769544,0,0,0,0,0,0,0,0,0
201608,51,019,3,5,Bedford County                ,24,24,6313900,0,0,0,0,0,0,0,0,0,24,24,6313900,0,0,0,0,0,0,0,0,0
201608,51,033,3,5,Caroline County               ,12,12,2468400,0,0,0,0,0,0,0,0,0,12,12,2468400,0,0,0,0,0,0,0,0,0
201608,51,036,3,5,Charles City County           ,2,2,367000,0,0,0,0,0,0,0,0,0,2,2,367000,0,0,0,0,0,0,0,0,0
201608,51,037,3,5,Charlotte County              ,0,0,0,0,0,0,0,0,0,0,0,0,0,0,0,0,0,0,0,0,0,0,0,0
201608,51,041,3,5,Chesterfield County           ,139,139,31672095,0,0,0,2,8,1168380,3,166,10071501,139,139,31672095,0,0,0,2,8,1168380,3,166,10071501
201608,51,043,3,5,Clarke County                 ,5,5,1861011,0,0,0,0,0,0,0,0,0,5,5,1861011,0,0,0,0,0,0,0,0,0
201608,51,049,3,5,Cumberland County             ,3,3,325000,0,0,0,0,0,0,0,0,0,3,3,325000,0,0,0,0,0,0,0,0,0
201608,51,051,3,5,Dickenson County              ,0,0,0,0,0,0,0,0,0,0,0,0,0,0,0,0,0,0,0,0,0,0,0,0
201608,51,053,3,5,Dinwiddie County              ,6,6,627436,0,0,0,0,0,0,0,0,0,0,0,0,0,0,0,0,0,0,0,0,0
201608,51,059,3,5,Fairfax County                ,68,68,15500405,0,0,0,0,0,0,0,0,0,68,68,15500405,0,0,0,0,0,0,0,0,0
201608,51,061,3,5,Fauquier County               ,24,24,8295512,0,0,0,0,0,0,0,0,0,24,24,8295512,0,0,0,0,0,0,0,0,0
201608,51,069,3,5,Frederick County              ,50,50,11646236,0,0,0,0,0,0,0,0,0,50,50,11646236,0,0,0,0,0,0,0,0,0
201608,51,073,3,5,Gloucester County             ,16,16,3999508,0,0,0,1,3,50000,0,0,0,16,16,3999508,0,0,0,1,3,50000,0,0,0
201608,51,075,3,5,Goochland County              ,11,11,2148989,0,0,0,0,0,0,0,0,0,11,11,2148989,0,0,0,0,0,0,0,0,0
201608,51,085,3,5,Hanover County                ,49,49,8897436,0,0,0,0,0,0,0,0,0,49,49,8897436,0,0,0,0,0,0,0,0,0
201608,51,087,3,5,Henrico County                ,53,53,9113491,0,0,0,0,0,0,0,0,0,53,53,9113491,0,0,0,0,0,0,0,0,0
201608,51,093,3,5,Isle of Wight County          ,12,12,2499686,0,0,0,0,0,0,1,16,641846,0,0,0,0,0,0,0,0,0,0,0,0
201608,51,095,3,5,James City County             ,36,36,10199938,0,0,0,2,8,900145,1,5,373925,36,36,10199938,0,0,0,2,8,900145,1,5,373925
201608,51,097,3,5,King and Queen County         ,1,1,182189,0,0,0,0,0,0,0,0,0,1,1,182189,0,0,0,0,0,0,0,0,0
201608,51,099,3,5,King George County            ,12,12,2734282,0,0,0,0,0,0,0,0,0,12,12,2734282,0,0,0,0,0,0,0,0,0
201608,51,107,3,5,Loudoun County                ,376,376,85674156,1,2,180000,0,0,0,5,86,957895,376,376,85674156,1,2,180000,0,0,0,5,86,957895
201608,51,109,3,5,Louisa County                 ,25,25,4100000,0,0,0,0,0,0,0,0,0,25,25,4100000,0,0,0,0,0,0,0,0,0
201608,51,115,3,5,Mathews County                ,5,5,1002270,0,0,0,0,0,0,0,0,0,5,5,1002270,0,0,0,0,0,0,0,0,0
201608,51,127,3,5,New Kent County               ,26,26,5924277,0,0,0,0,0,0,0,0,0,26,26,5924277,0,0,0,0,0,0,0,0,0
201608,51,139,3,5,Page County                   ,10,10,1766612,0,0,0,0,0,0,0,0,0,10,10,1766612,0,0,0,0,0,0,0,0,0
201608,51,145,3,5,Powhatan County               ,14,14,3004559,0,0,0,0,0,0,0,0,0,14,14,3004559,0,0,0,0,0,0,0,0,0
201608,51,149,3,5,Prince George County          ,3,3,415000,0,0,0,0,0,0,0,0,0,3,3,415000,0,0,0,0,0,0,0,0,0
201608,51,153,3,5,Prince William County         ,90,90,16901808,0,0,0,0,0,0,7,448,44937862,90,90,16901808,0,0,0,0,0,0,7,448,44937862
201608,51,165,3,5,Rockingham County             ,28,28,6472840,0,0,0,0,0,0,0,0,0,28,28,6472840,0,0,0,0,0,0,0,0,0
201608,51,175,3,5,Southampton County            ,3,3,445222,0,0,0,0,0,0,0,0,0,0,0,0,0,0,0,0,0,0,0,0,0
201608,51,177,3,5,Spotsylvania County           ,39,39,10235996,0,0,0,0,0,0,0,0,0,0,0,0,0,0,0,0,0,0,0,0,0
201608,51,179,3,5,Stafford County               ,141,141,26904125,0,0,0,0,0,0,0,0,0,141,141,26904125,0,0,0,0,0,0,0,0,0
201608,51,181,3,5,Surry County                  ,2,2,306246,0,0,0,0,0,0,0,0,0,0,0,0,0,0,0,0,0,0,0,0,0
201608,51,183,3,5,Sussex County                 ,6,6,1190000,0,0,0,0,0,0,0,0,0,6,6,1190000,0,0,0,0,0,0,0,0,0
201608,51,187,3,5,Warren County                 ,14,14,3164000,0,0,0,0,0,0,0,0,0,14,14,3164000,0,0,0,0,0,0,0,0,0
201608,51,199,3,5,York County                   ,6,6,1638600,0,0,0,1,3,533466,0,0,0,6,6,1638600,0,0,0,1,3,533466,0,0,0
201608,51,510,3,5,Alexandria (Independent City) ,38,38,8017668,0,0,0,0,0,0,0,0,0,38,38,8017668,0,0,0,0,0,0,0,0,0
201608,51,540,3,5,Charlottesville (Independent C,7,7,1526391,1,2,190750,0,0,0,1,9,1330178,0,0,0,0,0,0,0,0,0,0,0,0
201608,51,550,3,5,Chesapeake(Independent City)  ,98,98,22329966,0,0,0,0,0,0,0,0,0,98,98,22329966,0,0,0,0,0,0,0,0,0
201608,51,570,3,5,Colonial Heights (Independent ,1,1,162000,0,0,0,0,0,0,0,0,0,1,1,162000,0,0,0,0,0,0,0,0,0
201608,51,580,3,5,Covington (Independent City)  ,0,0,0,0,0,0,0,0,0,0,0,0,0,0,0,0,0,0,0,0,0,0,0,0
201608,51,600,3,5,Fairfax (Independent City)    ,1,1,438291,0,0,0,0,0,0,0,0,0,1,1,438291,0,0,0,0,0,0,0,0,0
201608,51,610,3,5,Falls Church (Independent City,1,1,450000,0,0,0,0,0,0,0,0,0,1,1,450000,0,0,0,0,0,0,0,0,0
201608,51,630,3,5,Fredericksburg(Independent Cit,5,5,1396498,0,0,0,0,0,0,0,0,0,0,0,0,0,0,0,0,0,0,0,0,0
201608,51,650,3,5,Hampton (Independent City)    ,16,16,1025535,0,0,0,0,0,0,0,0,0,0,0,0,0,0,0,0,0,0,0,0,0
201608,51,660,3,5,Harrisonburg (Independent City,6,6,956315,0,0,0,1,3,71260,0,0,0,0,0,0,0,0,0,0,0,0,0,0,0
201608,51,670,3,5,Hopewell (Independent City)   ,4,4,357900,0,0,0,0,0,0,0,0,0,4,4,357900,0,0,0,0,0,0,0,0,0
201608,51,680,3,5,Lynchburg (Independent City)  ,2,2,231312,0,0,0,0,0,0,0,0,0,2,2,231312,0,0,0,0,0,0,0,0,0
201608,51,683,3,5,Manassas (Independent City)   ,14,14,1973129,0,0,0,0,0,0,0,0,0,0,0,0,0,0,0,0,0,0,0,0,0
201608,51,685,3,5,Manassas Park (Independent Cit,0,0,0,0,0,0,0,0,0,0,0,0,0,0,0,0,0,0,0,0,0,0,0,0
201608,51,700,3,5,Newport News (Independent City,13,13,1104285,0,0,0,0,0,0,0,0,0,13,13,1104285,0,0,0,0,0,0,0,0,0
201608,51,710,3,5,Norfolk (Independent City)    ,35,35,4328100,0,0,0,0,0,0,3,139,13119598,35,35,4328100,0,0,0,0,0,0,3,139,13119598
201608,51,730,3,5,Petersburg (Independent City) ,1,1,100000,0,0,0,0,0,0,0,0,0,1,1,100000,0,0,0,0,0,0,0,0,0
201608,51,735,3,5,Poquoson (Independent City)   ,6,6,1905043,0,0,0,0,0,0,0,0,0,6,6,1905043,0,0,0,0,0,0,0,0,0
201608,51,740,3,5,Portsmouth (Independent City) ,13,13,1439972,0,0,0,0,0,0,0,0,0,13,13,1439972,0,0,0,0,0,0,0,0,0
201608,51,760,3,5,Richmond (Independent City)   ,31,31,6330045,0,0,0,0,0,0,0,0,0,31,31,6330045,0,0,0,0,0,0,0,0,0
201608,51,800,3,5,Suffolk (Independent City)    ,42,42,9569985,0,0,0,0,0,0,0,0,0,42,42,9569985,0,0,0,0,0,0,0,0,0
201608,51,810,3,5,Virginia Beach (Independent Ci,54,54,11171536,0,0,0,0,0,0,0,0,0,54,54,11171536,0,0,0,0,0,0,0,0,0
201608,51,830,3,5,Williamsburg (Independent City,7,7,1820898,0,0,0,0,0,0,0,0,0,7,7,1820898,0,0,0,0,0,0,0,0,0
201608,53,005,4,9,Benton County                 ,75,75,21833155,0,0,0,0,0,0,1,14,1604744,6,6,1238923,0,0,0,0,0,0,0,0,0
201608,53,011,4,9,Clark County                  ,212,212,57704167,0,0,0,0,0,0,3,43,4515027,81,81,19903533,0,0,0,0,0,0,0,0,0
201608,53,021,4,9,Franklin County               ,41,41,10597439,0,0,0,0,0,0,0,0,0,3,3,563181,0,0,0,0,0,0,0,0,0
201608,53,031,4,9,Jefferson County              ,14,14,2448858,0,0,0,0,0,0,0,0,0,14,14,2448858,0,0,0,0,0,0,0,0,0
201608,53,033,4,9,King County                   ,336,336,135201727,11,22,4988918,8,26,4199944,21,543,67502588,272,272,101014484,11,22,4988918,8,26,4199944,18,485,58697624
201608,53,035,4,9,Kitsap County                 ,82,82,28617991,1,2,364528,0,0,0,0,0,0,82,82,28617991,1,2,364528,0,0,0,0,0,0
201608,53,053,4,9,Pierce County                 ,251,251,82509686,0,0,0,1,3,555943,7,71,8833194,248,248,81601585,0,0,0,1,3,555943,6,66,7937891
201608,53,055,4,9,San Juan County               ,22,22,4356691,3,6,450000,0,0,0,0,0,0,11,11,1710000,3,6,450000,0,0,0,0,0,0
201608,53,059,4,9,Skamania County               ,3,3,892806,0,0,0,0,0,0,0,0,0,3,3,892806,0,0,0,0,0,0,0,0,0
201608,53,061,4,9,Snohomish County              ,207,207,59229700,2,4,1027519,0,0,0,5,53,6191971,180,180,51741194,1,2,645186,0,0,0,4,28,3050660
201608,54,011,3,5,Cabell County                 ,4,4,892292,0,0,0,0,0,0,0,0,0,4,4,892292,0,0,0,0,0,0,0,0,0
201608,54,015,3,5,Clay County                   ,0,0,0,0,0,0,0,0,0,0,0,0,0,0,0,0,0,0,0,0,0,0,0,0
201608,54,019,3,5,Fayette County                ,1,1,50000,0,0,0,0,0,0,0,0,0,1,1,50000,0,0,0,0,0,0,0,0,0
201608,54,037,3,5,Jefferson County              ,11,11,3664733,0,0,0,0,0,0,0,0,0,11,11,3664733,0,0,0,0,0,0,0,0,0
201608,54,081,3,5,Raleigh County                ,5,5,609789,0,0,0,0,0,0,0,0,0,5,5,609789,0,0,0,0,0,0,0,0,0
201608,55,025,2,3,Dane County                   ,101,101,31896905,4,8,1116923,4,13,1636104,5,271,34774714,56,56,18676100,2,4,600000,1,4,497000,2,88,11300000
201608,55,031,2,3,Douglas County                ,10,10,1667782,0,0,0,0,0,0,0,0,0,10,10,1667782,0,0,0,0,0,0,0,0,0
201608,55,037,2,3,Florence County               ,5,5,721328,0,0,0,0,0,0,0,0,0,5,5,721328,0,0,0,0,0,0,0,0,0
201608,55,049,2,3,Iowa County                   ,5,5,773000,0,0,0,0,0,0,0,0,0,5,5,773000,0,0,0,0,0,0,0,0,0
201608,55,059,2,3,Kenosha County                ,16,16,5077490,0,0,0,0,0,0,0,0,0,11,11,3318950,0,0,0,0,0,0,0,0,0
201608,55,079,2,3,Milwaukee County              ,15,15,5232205,0,0,0,0,0,0,1,322,38940426,15,15,5232205,0,0,0,0,0,0,1,322,38940426
201608,55,089,2,3,Ozaukee County                ,20,20,8231650,0,0,0,0,0,0,0,0,0,13,13,4929094,0,0,0,0,0,0,0,0,0
201608,55,093,2,3,Pierce County                 ,18,18,3892800,1,2,296000,0,0,0,0,0,0,17,17,3742800,1,2,296000,0,0,0,0,0,0
201608,55,109,2,3,St. Croix County              ,38,38,9676918,0,0,0,0,0,0,0,0,0,35,35,8888405,0,0,0,0,0,0,0,0,0
201608,55,131,2,3,Washington County             ,33,33,8841552,0,0,0,0,0,0,1,16,1200000,25,25,6224050,0,0,0,0,0,0,1,16,1200000
201608,56,029,4,8,Park County                   ,10,10,2661316,0,0,0,0,0,0,0,0,0,6,6,1726280,0,0,0,0,0,0,0,0,0
201608,56,039,4,8,Teton County                  ,11,11,10249468,2,4,4117754,1,3,116499,0,0,0,8,8,9164800,1,2,3500000,0,0,0,0,0,0
