fips
001001
001003
001005
001007
001009
001011
001013
001015
001017
001019
001021
001023
001025
001027
001029
001031
001033
001035
001037
001039
001041
001043
001045
001047
001049
001051
001053
001055
001057
001059
001061
001063
001065
001067
001069
001071
001073
001075
001077
001079
001081
001083
001085
001087
001089
001091
001093
001095
001097
001099
001101
001103
001105
001107
001109
001111
001113
001115
001117
001119
001121
001123
001125
001127
001129
001131
001133
002013
002016
002020
002050
002060
002068
002070
002090
002100
002105
002110
002122
002130
002150
002164
002170
002180
002185
002188
002198
002220
002230
002240
002261
002275
002282
002290
004001
004003
004005
004007
004009
004011
004012
004013
004015
004017
004019
004021
004023
004025
004027
005001
005003
005005
005007
005009
005011
005013
005015
005017
005019
005021
005023
005025
005027
005029
005031
005033
005035
005037
005039
005041
005043
005045
005047
005049
005051
005053
005055
005057
005059
005061
005063
005065
005067
005069
005071
005073
005075
005077
005079
005081
005083
005085
005087
005089
005091
005093
005095
005097
005099
005101
005103
005105
005107
005109
005111
005113
005115
005117
005119
005121
005123
005125
005127
005129
005131
005133
005135
005137
005139
005141
005143
005145
005147
005149
006001
006003
006005
006007
006009
006011
006013
006015
006017
006019
006021
006023
006025
006027
006029
006031
006033
006035
006037
006039
006041
006043
006045
006047
006049
006051
006053
006055
006057
006059
006061
006063
006065
006067
006069
006071
006073
006075
006077
006079
006081
006083
006085
006087
006089
006091
006093
006095
006097
006099
006101
006103
006105
006107
006109
006111
006113
006115
008001
008003
008005
008007
008009
008011
008013
008014
008015
008017
008019
008021
008023
008025
008027
008029
008031
008033
008035
008037
008039
008041
008043
008045
008047
008049
008051
008053
008055
008057
008059
008061
008063
008065
008067
008069
008071
008073
008075
008077
008079
008081
008083
008085
008087
008089
008091
008093
008095
008097
008099
008101
008103
008105
008107
008109
008111
008113
008115
008117
008119
008121
008123
008125
009001
009003
009005
009007
009009
009011
009013
009015
010001
010003
010005
011001
012001
012003
012005
012007
012009
012011
012013
012015
012017
012019
012021
012023
012027
012029
012031
012033
012035
012037
012039
012041
012043
012045
012047
012049
012051
012053
012055
012057
012059
012061
012063
012065
012067
012069
012071
012073
012075
012077
012079
012081
012083
012085
012086
012087
012089
012091
012093
012095
012097
012099
012101
012103
012105
012107
012109
012111
012113
012115
012117
012119
012121
012123
012125
012127
012129
012131
012133
013001
013003
013005
013007
013009
013011
013013
013015
013017
013019
013021
013023
013025
013027
013029
013031
013033
013035
013037
013039
013043
013045
013047
013049
013051
013053
013055
013057
013059
013061
013063
013065
013067
013069
013071
013073
013075
013077
013079
013081
013083
013085
013087
013089
013091
013093
013095
013097
013099
013101
013103
013105
013107
013109
013111
013113
013115
013117
013119
013121
013123
013125
013127
013129
013131
013133
013135
013137
013139
013141
013143
013145
013147
013149
013151
013153
013155
013157
013159
013161
013163
013165
013167
013169
013171
013173
013175
013177
013179
013181
013183
013185
013187
013189
013191
013193
013195
013197
013199
013201
013205
013207
013209
013211
013213
013215
013217
013219
013221
013223
013225
013227
013229
013231
013233
013235
013237
013239
013241
013243
013245
013247
013249
013251
013253
013255
013257
013259
013261
013263
013265
013267
013269
013271
013273
013275
013277
013279
013281
013283
013285
013287
013289
013291
013293
013295
013297
013299
013301
013303
013305
013307
013309
013311
013313
013315
013317
013319
013321
015001
015003
015005
015007
015009
016001
016003
016005
016007
016009
016011
016013
016015
016017
016019
016021
016023
016025
016027
016029
016031
016033
016035
016037
016039
016041
016043
016045
016047
016049
016051
016053
016055
016057
016059
016061
016063
016065
016067
016069
016071
016073
016075
016077
016079
016081
016083
016085
016087
017001
017003
017005
017007
017009
017011
017013
017015
017017
017019
017021
017023
017025
017027
017029
017031
017033
017035
017037
017039
017041
017043
017045
017047
017049
017051
017053
017055
017057
017059
017061
017063
017065
017067
017069
017071
017073
017075
017077
017079
017081
017083
017085
017087
017089
017091
017093
017095
017097
017099
017101
017103
017105
017107
017109
017111
017113
017115
017117
017119
017121
017123
017125
017127
017129
017131
017133
017135
017137
017139
017141
017143
017145
017147
017149
017151
017153
017155
017157
017159
017161
017163
017165
017167
017169
017171
017173
017175
017177
017179
017181
017183
017185
017187
017189
017191
017193
017195
017197
017199
017201
017203
018001
018003
018005
018007
018009
018011
018013
018015
018017
018019
018021
018023
018025
018027
018029
018031
018033
018035
018037
018039
018041
018043
018045
018047
018049
018051
018053
018055
018057
018059
018061
018063
018065
018067
018069
018071
018073
018075
018077
018079
018081
018083
018085
018087
018089
018091
018093
018095
018097
018099
018101
018103
018105
018107
018109
018111
018113
018115
018117
018119
018121
018123
018125
018127
018129
018131
018133
018135
018137
018139
018141
018143
018145
018147
018149
018151
018153
018155
018157
018159
018161
018163
018165
018167
018169
018171
018173
018175
018177
018179
018181
018183
019001
019003
019005
019007
019009
019011
019013
019015
019017
019019
019021
019023
019025
019027
019029
019031
019033
019035
019037
019039
019041
019043
019045
019047
019049
019051
019053
019055
019057
019059
019061
019063
019065
019067
019069
019071
019073
019075
019077
019079
019081
019083
019085
019087
019089
019091
019093
019095
019097
019099
019101
019103
019105
019107
019109
019111
019113
019115
019117
019119
019121
019123
019125
019127
019129
019131
019133
019135
019137
019139
019143
019145
019147
019149
019151
019153
019155
019157
019159
019161
019163
019165
019167
019169
019171
019173
019175
019177
019179
019181
019183
019185
019187
019189
019191
019193
019195
019197
020001
020003
020005
020007
020009
020011
020013
020015
020017
020019
020021
020023
020025
020027
020029
020031
020033
020035
020037
020039
020041
020043
020045
020047
020049
020051
020053
020055
020057
020059
020061
020063
020065
020067
020069
020071
020073
020075
020077
020079
020081
020083
020085
020087
020089
020091
020093
020095
020097
020099
020101
020103
020105
020107
020109
020111
020113
020115
020117
020119
020121
020123
020125
020127
020129
020131
020133
020135
020137
020139
020141
020143
020145
020147
020149
020151
020153
020155
020157
020159
020161
020163
020165
020167
020169
020171
020173
020175
020177
020179
020181
020183
020185
020187
020189
020191
020193
020195
020197
020199
020201
020203
020205
020207
020209
021001
021003
021005
021007
021009
021011
021013
021015
021017
021019
021021
021023
021025
021027
021029
021031
021033
021035
021037
021039
021041
021043
021045
021047
021049
021051
021053
021055
021057
021059
021061
021063
021065
021067
021069
021071
021073
021075
021077
021079
021081
021083
021085
021087
021089
021091
021093
021095
021097
021099
021101
021103
021105
021107
021109
021111
021113
021115
021117
021119
021121
021123
021125
021127
021129
021131
021133
021135
021137
021139
021141
021143
021145
021147
021149
021151
021153
021155
021157
021159
021161
021163
021165
021167
021169
021171
021173
021175
021177
021179
021181
021183
021185
021187
021189
021191
021193
021195
021197
021199
021201
021203
021205
021207
021209
021211
021213
021215
021217
021219
021221
021223
021225
021227
021229
021231
021233
021235
021237
021239
022001
022003
022005
022007
022009
022011
022013
022015
022017
022019
022021
022023
022025
022027
022029
022031
022033
022035
022037
022039
022041
022043
022045
022047
022049
022051
022053
022055
022057
022061
022063
022065
022067
022069
022071
022073
022075
022077
022079
022081
022083
022085
022087
022089
022091
022093
022095
022097
022099
022101
022103
022105
022107
022109
022111
022113
022115
022117
022119
022121
022123
022125
022127
023001
023003
023005
023007
023009
023011
023013
023015
023017
023019
023021
023023
023025
023027
023029
023031
024001
024003
024005
024009
024011
024013
024015
024017
024019
024021
024023
024025
024027
024029
024031
024039
024041
024043
024045
024047
024510
025001
025003
025005
025007
025009
025011
025013
025015
025017
025019
025021
025023
025025
025027
026001
026003
026005
026007
026009
026011
026013
026015
026017
026019
026021
026023
026025
026027
026029
026031
026033
026035
026037
026039
026041
026043
026045
026047
026049
026051
026053
026055
026057
026059
026061
026063
026065
026067
026069
026071
026073
026075
026077
026079
026081
026083
026085
026087
026089
026091
026093
026095
026097
026099
026101
026103
026105
026107
026109
026111
026113
026115
026117
026119
026121
026123
026125
026127
026129
026131
026133
026135
026137
026139
026141
026143
026145
026147
026149
026151
026153
026155
026157
026159
026161
026163
026165
027001
027003
027005
027007
027009
027011
027013
027015
027017
027019
027021
027023
027025
027027
027029
027031
027033
027035
027037
027039
027041
027043
027045
027047
027049
027051
027053
027055
027057
027059
027061
027063
027065
027067
027069
027071
027073
027075
027077
027079
027081
027083
027085
027087
027089
027091
027093
027095
027097
027099
027101
027103
027105
027107
027109
027111
027113
027115
027117
027119
027121
027123
027125
027127
027129
027131
027133
027135
027137
027139
027141
027143
027145
027147
027149
027151
027153
027155
027157
027159
027161
027163
027165
027167
027169
027171
027173
028001
028003
028005
028007
028009
028011
028013
028015
028017
028019
028021
028023
028025
028027
028029
028031
028033
028035
028037
028039
028041
028043
028045
028047
028049
028051
028053
028055
028057
028059
028061
028063
028065
028067
028069
028071
028073
028075
028077
028079
028081
028083
028085
028087
028089
028091
028093
028095
028097
028099
028101
028103
028105
028107
028109
028111
028113
028115
028117
028119
028121
028123
028125
028127
028129
028131
028133
028135
028137
028139
028141
028143
028145
028147
028149
028151
028153
028155
028157
028159
028161
028163
029001
029003
029005
029007
029009
029011
029013
029015
029017
029019
029021
029023
029025
029027
029029
029031
029033
029035
029037
029039
029041
029043
029045
029047
029049
029051
029053
029055
029057
029059
029061
029063
029065
029067
029069
029071
029073
029075
029077
029079
029081
029083
029085
029087
029089
029091
029093
029095
029097
029099
029101
029103
029105
029107
029109
029111
029113
029115
029117
029119
029121
029123
029125
029127
029129
029131
029133
029135
029137
029139
029141
029143
029145
029147
029149
029151
029153
029155
029157
029159
029161
029163
029165
029167
029169
029171
029173
029175
029177
029179
029181
029183
029185
029186
029187
029189
029195
029197
029199
029201
029203
029205
029207
029209
029211
029213
029215
029217
029219
029221
029223
029225
029227
029229
029510
030001
030003
030005
030007
030009
030011
030013
030015
030017
030019
030021
030023
030025
030027
030029
030031
030033
030035
030037
030039
030041
030043
030045
030047
030049
030051
030053
030055
030057
030059
030061
030063
030065
030067
030069
030071
030073
030075
030077
030079
030081
030083
030085
030087
030089
030091
030093
030095
030097
030099
030101
030103
030105
030107
030109
030111
031001
031003
031005
031007
031009
031011
031013
031015
031017
031019
031021
031023
031025
031027
031029
031031
031033
031035
031037
031039
031041
031043
031045
031047
031049
031051
031053
031055
031057
031059
031061
031063
031065
031067
031069
031071
031073
031075
031077
031079
031081
031083
031085
031087
031089
031091
031093
031095
031097
031099
031101
031103
031105
031107
031109
031111
031113
031115
031117
031119
031121
031123
031125
031127
031129
031131
031133
031135
031137
031139
031141
031143
031145
031147
031149
031151
031153
031155
031157
031159
031161
031163
031165
031167
031169
031171
031173
031175
031177
031179
031181
031183
031185
032001
032003
032005
032007
032009
032011
032013
032015
032017
032019
032021
032023
032027
032029
032031
032033
032510
033001
033003
033005
033007
033009
033011
033013
033015
033017
033019
034001
034003
034005
034007
034009
034011
034013
034015
034017
034019
034021
034023
034025
034027
034029
034031
034033
034035
034037
034039
034041
035001
035003
035005
035006
035007
035009
035011
035015
035017
035019
035021
035023
035025
035027
035028
035029
035031
035033
035035
035037
035039
035041
035043
035045
035047
035049
035051
035053
035055
035057
035059
035061
036001
036003
036005
036007
036009
036011
036013
036015
036017
036019
036021
036023
036025
036027
036029
036031
036033
036035
036037
036039
036041
036043
036045
036047
036049
036051
036053
036055
036057
036059
036061
036063
036065
036067
036069
036071
036073
036075
036077
036079
036081
036083
036085
036087
036089
036091
036093
036095
036097
036099
036101
036103
036105
036107
036109
036111
036113
036115
036117
036119
036121
036123
037001
037003
037005
037007
037009
037011
037013
037015
037017
037019
037021
037023
037025
037027
037029
037031
037033
037035
037037
037039
037041
037043
037045
037047
037049
037051
037053
037055
037057
037059
037061
037063
037065
037067
037069
037071
037073
037075
037077
037079
037081
037083
037085
037087
037089
037091
037093
037095
037097
037099
037101
037103
037105
037107
037109
037111
037113
037115
037117
037119
037121
037123
037125
037127
037129
037131
037133
037135
037137
037139
037141
037143
037145
037147
037149
037151
037153
037155
037157
037159
037161
037163
037165
037167
037169
037171
037173
037175
037177
037179
037181
037183
037185
037187
037189
037191
037193
037195
037197
037199
038001
038003
038005
038007
038009
038011
038013
038015
038017
038019
038021
038023
038025
038027
038029
038031
038033
038035
038037
038039
038041
038043
038045
038047
038049
038051
038053
038055
038057
038059
038061
038063
038065
038067
038069
038071
038073
038075
038077
038079
038081
038083
038085
038087
038089
038091
038093
038095
038097
038099
038101
038103
038105
039001
039003
039005
039007
039009
039011
039013
039015
039017
039019
039021
039023
039025
039027
039029
039031
039033
039035
039037
039039
039041
039043
039045
039047
039049
039051
039053
039055
039057
039059
039061
039063
039065
039067
039069
039071
039073
039075
039077
039079
039081
039083
039085
039087
039089
039091
039093
039095
039097
039099
039101
039103
039105
039107
039109
039111
039113
039115
039117
039119
039121
039123
039125
039127
039129
039131
039133
039135
039137
039139
039141
039143
039145
039147
039149
039151
039153
039155
039157
039159
039161
039163
039165
039167
039169
039171
039173
039175
040001
040003
040005
040007
040009
040011
040013
040015
040017
040019
040021
040023
040025
040027
040029
040031
040033
040035
040037
040039
040041
040043
040045
040047
040049
040051
040053
040055
040057
040059
040061
040063
040065
040067
040069
040071
040073
040075
040077
040079
040081
040083
040085
040087
040089
040091
040093
040095
040097
040099
040101
040103
040105
040107
040109
040111
040113
040115
040117
040119
040121
040123
040125
040127
040129
040131
040133
040135
040137
040139
040141
040143
040145
040147
040149
040151
040153
041001
041003
041005
041007
041009
041011
041013
041015
041017
041019
041021
041023
041025
041027
041029
041031
041033
041035
041037
041039
041041
041043
041045
041047
041049
041051
041053
041055
041057
041059
041061
041063
041065
041067
041069
041071
042001
042003
042005
042007
042009
042011
042013
042015
042017
042019
042021
042023
042025
042027
042029
042031
042033
042035
042037
042039
042041
042043
042045
042047
042049
042051
042053
042055
042057
042059
042061
042063
042065
042067
042069
042071
042073
042075
042077
042079
042081
042083
042085
042087
042089
042091
042093
042095
042097
042099
042101
042103
042105
042107
042109
042111
042113
042115
042117
042119
042121
042123
042125
042127
042129
042131
042133
044001
044003
044005
044007
044009
045001
045003
045005
045007
045009
045011
045013
045015
045017
045019
045021
045023
045025
045027
045029
045031
045033
045035
045037
045039
045041
045043
045045
045047
045049
045051
045053
045055
045057
045059
045061
045063
045065
045067
045069
045071
045073
045075
045077
045079
045081
045083
045085
045087
045089
045091
046003
046005
046007
046009
046011
046013
046015
046017
046019
046021
046023
046025
046027
046029
046031
046033
046035
046037
046039
046041
046043
046045
046047
046049
046051
046053
046055
046057
046059
046061
046063
046065
046067
046069
046071
046073
046075
046077
046079
046081
046083
046085
046087
046089
046091
046093
046095
046097
046099
046101
046103
046105
046107
046109
046111
046115
046117
046119
046121
046123
046125
046127
046129
046135
046137
047001
047003
047005
047007
047009
047011
047013
047015
047017
047019
047021
047023
047025
047027
047029
047031
047033
047035
047037
047039
047041
047043
047045
047047
047049
047051
047053
047055
047057
047059
047061
047063
047065
047067
047069
047071
047073
047075
047077
047079
047081
047083
047085
047087
047089
047091
047093
047095
047097
047099
047101
047103
047105
047107
047109
047111
047113
047115
047117
047119
047121
047123
047125
047127
047129
047131
047133
047135
047137
047139
047141
047143
047145
047147
047149
047151
047153
047155
047157
047159
047161
047163
047165
047167
047169
047171
047173
047175
047177
047179
047181
047183
047185
047187
047189
048001
048003
048005
048007
048009
048011
048013
048015
048017
048019
048021
048023
048025
048027
048029
048031
048033
048035
048037
048039
048041
048043
048045
048047
048049
048051
048053
048055
048057
048059
048061
048063
048065
048067
048069
048071
048073
048075
048077
048079
048081
048083
048085
048087
048089
048091
048093
048095
048097
048099
048101
048103
048105
048107
048109
048111
048113
048115
048117
048119
048121
048123
048125
048127
048129
048131
048133
048135
048137
048139
048141
048143
048145
048147
048149
048151
048153
048155
048157
048159
048161
048163
048165
048167
048169
048171
048173
048175
048177
048179
048181
048183
048185
048187
048189
048191
048193
048195
048197
048199
048201
048203
048205
048207
048209
048211
048213
048215
048217
048219
048221
048223
048225
048227
048229
048231
048233
048235
048237
048239
048241
048243
048245
048247
048249
048251
048253
048255
048257
048259
048261
048263
048265
048267
048269
048271
048273
048275
048277
048279
048281
048283
048285
048287
048289
048291
048293
048295
048297
048299
048303
048305
048307
048309
048311
048313
048315
048317
048319
048321
048323
048325
048327
048329
048331
048333
048335
048337
048339
048341
048343
048345
048347
048349
048351
048353
048355
048357
048359
048361
048363
048365
048367
048369
048371
048373
048375
048377
048379
048381
048383
048385
048387
048389
048391
048393
048395
048397
048399
048401
048403
048405
048407
048409
048411
048413
048415
048417
048419
048421
048423
048425
048427
048429
048431
048433
048435
048437
048439
048441
048443
048445
048447
048449
048451
048453
048455
048457
048459
048461
048463
048465
048467
048469
048471
048473
048475
048477
048479
048481
048483
048485
048487
048489
048491
048493
048495
048497
048499
048501
048503
048505
048507
049001
049003
049005
049007
049009
049011
049013
049015
049017
049019
049021
049023
049025
049027
049029
049031
049033
049035
049037
049039
049041
049043
049045
049047
049049
049051
049053
049055
049057
050001
050003
050005
050007
050009
050011
050013
050015
050017
050019
050021
050023
050025
050027
051001
051003
051005
051007
051009
051011
051013
051015
051017
051019
051021
051023
051025
051027
051029
051031
051033
051035
051036
051037
051041
051043
051045
051047
051049
051051
051053
051057
051059
051061
051063
051065
051067
051069
051071
051073
051075
051077
051079
051081
051083
051085
051087
051089
051091
051093
051095
051097
051099
051101
051103
051105
051107
051109
051111
051113
051115
051117
051119
051121
051125
051127
051131
051133
051135
051137
051139
051141
051143
051145
051147
051149
051153
051155
051157
051159
051161
051163
051165
051167
051169
051171
051173
051175
051177
051179
051181
051183
051185
051187
051191
051193
051195
051197
051199
051510
051520
051530
051540
051550
051570
051580
051590
051595
051600
051610
051620
051630
051640
051650
051660
051670
051678
051680
051683
051685
051690
051700
051710
051720
051730
051735
051740
051750
051760
051770
051775
051790
051800
051810
051820
051830
051840
053001
053003
053005
053007
053009
053011
053013
053015
053017
053019
053021
053023
053025
053027
053029
053031
053033
053035
053037
053039
053041
053043
053045
053047
053049
053051
053053
053055
053057
053059
053061
053063
053065
053067
053069
053071
053073
053075
053077
054001
054003
054005
054007
054009
054011
054013
054015
054017
054019
054021
054023
054025
054027
054029
054031
054033
054035
054037
054039
054041
054043
054045
054047
054049
054051
054053
054055
054057
054059
054061
054063
054065
054067
054069
054071
054073
054075
054077
054079
054081
054083
054085
054087
054089
054091
054093
054095
054097
054099
054101
054103
054105
054107
054109
055001
055003
055005
055007
055009
055011
055013
055015
055017
055019
055021
055023
055025
055027
055029
055031
055033
055035
055037
055039
055041
055043
055045
055047
055049
055051
055053
055055
055057
055059
055061
055063
055065
055067
055069
055071
055073
055075
055077
055078
055079
055081
055083
055085
055087
055089
055091
055093
055095
055097
055099
055101
055103
055105
055107
055109
055111
055113
055115
055117
055119
055121
055123
055125
055127
055129
055131
055133
055135
055137
055139
055141
056001
056003
056005
056007
056009
056011
056013
056015
056017
056019
056021
056023
056025
056027
056029
056031
056033
056035
056037
056039
056041
056043
056045